6 164 0.1697
6 165 0.4051
6 166 0.2382
6 167 0.1697
6 168 0.2382
6 170 0.3103
6 171 0.2924
6 172 0.5720
6 173 0.2382
6 174 0.2382
6 175 0.3182
6 176 0.2382
6 177 0.1697
6 178 0.1697
6 179 0.3103
6 180 0.1697
6 181 0.1984
6 182 0.2908
6 183 0.2753
6 184 0.2382
6 185 0.1697
6 186 0.2382
6 187 0.2382
6 188 0.4546
6 189 0.1977
6 191 0.2382
6 192 0.2382
6 193 0.3799
6 194 0.3182
6 195 0.2382
6 196 0.3407
6 197 0.4207
6 198 0.2382
6 199 0.3182
6 200 0.2382
6 201 0.2115
6 202 0.2382
6 204 0.4356
6 206 0.4927
6 208 0.3182
6 209 0.5329
6 210 0.1984
6 211 0.3883
6 212 0.1697
6 214 0.2647
6 215 0.3707
6 216 0.2619
6 217 0.2924
6 218 0.5159
6 219 0.2382
6 221 0.3103
6 223 0.2382
6 224 0.2908
6 225 0.2382
6 227 0.1697
6 228 0.2382
6 229 0.1984
6 230 0.4823
6 231 0.2382
6 233 0.3103
6 234 0.2908
6 235 0.4823
6 236 0.3182
6 237 0.1697
6 238 0.4295
6 239 0.2382
6 240 0.2908
6 241 0.1697
6 242 0.2382
6 243 0.3103
6 245 0.1697
6 246 0.1697
6 247 0.1697
6 248 0.2382
6 249 0.2382
6 250 0.2382
6 251 0.1977
6 252 0.1697
6 253 0.2382
6 254 0.3182
6 255 0.1697
6 256 0.2382
6 257 0.1697
6 258 0.3707
6 259 0.1697
6 260 0.1697
6 262 0.5103
6 263 0.1697
6 264 0.4300
6 265 0.1697
6 266 0.2382
6 267 0.1697
6 268 0.2382
6 270 0.2382
6 271 0.2382
6 272 0.1697
6 274 0.2382
6 275 0.3112
6 276 0.4112
6 277 0.2382
6 278 0.1697
6 279 0.3707
6 281 0.2382
6 282 0.1977
6 283 0.1977
6 284 0.2658
6 285 0.2753
6 286 0.3104
6 287 0.4094
6 289 0.1697
6 290 0.4633
6 291 0.4125
6 292 0.2382
6 293 0.2382
6 294 0.3103
6 295 0.2115
6 297 0.3112
6 298 0.1697
6 300 0.2382
6 301 0.3103
6 303 0.1697
6 304 0.5274
6 306 0.1697
6 307 0.1697
6 308 0.1697
6 309 0.3182
6 311 0.1697
6 313 0.2382
6 314 0.2908
6 315 0.2382
6 316 0.2382
6 317 0.1697
6 318 0.1977
6 319 0.3103
6 320 0.2382
6 321 0.2382
6 324 0.1697
6 326 0.1697
6 327 0.5172
6 328 0.6009
6 329 0.1697
6 330 0.2382
6 331 0.1697
6 332 0.3103
6 333 0.2382
6 334 0.2753
6 335 0.1697
6 336 0.1697
6 337 0.2382
6 338 0.2753
6 339 0.1697
6 340 0.3103
6 341 0.3117
6 342 0.3103
6 343 0.1697
6 344 0.2382
6 346 0.2382
6 347 0.2908
6 348 0.2382
6 349 0.1697
6 350 0.1697
6 353 0.2382
6 354 0.2382
6 355 0.1697
6 356 0.1977
6 357 0.1697
6 358 0.2382
6 359 0.1697
6 361 0.3707
6 362 0.3707
6 363 0.2382
6 364 0.3103
6 366 0.1697
6 367 0.2382
6 368 0.2382
6 369 0.1697
6 370 0.2382
6 371 0.2344
6 372 0.2382
6 374 0.1697
6 375 0.4094
6 376 0.1767
6 377 0.3182
6 379 0.3883
6 380 0.2382
6 381 0.2382
6 382 0.1697
6 383 0.3103
6 384 0.4823
6 385 0.1697
6 386 0.2753
6 387 0.2382
6 388 0.2382
6 389 0.1697
6 390 0.1697
6 391 0.2382
6 392 0.2382
6 393 0.2382
6 394 0.2382
6 395 0.1697
6 396 0.2658
6 397 0.1697
6 398 0.2382
6 399 0.2753
6 400 0.2382
6 402 0.2382
6 403 0.3103
6 404 0.1697
6 405 0.2382
6 407 0.2382
6 408 0.2382
6 409 0.2382
6 411 0.3103
6 412 0.2115
6 413 0.2382
6 414 0.2382
6 415 0.2382
6 418 0.2382
6 419 0.1697
6 420 0.2382
6 423 0.1697
6 424 0.1697
6 425 0.2375
6 427 0.2382
6 428 0.3103
6 430 0.1977
6 433 0.1697
6 434 0.5925
6 435 0.2382
6 436 0.1697
6 438 0.4410
6 439 0.2382
6 440 0.1697
6 441 0.2908
6 442 0.4219
6 443 0.1697
6 445 0.1697
6 447 0.3103
6 449 0.4408
6 450 0.1977
6 451 0.3182
6 452 0.2115
6 453 0.2382
6 454 0.6463
6 455 0.1697
6 456 0.2382
6 459 0.1697
6 460 0.2382
6 462 0.1977
6 463 0.2382
6 464 0.2382
6 465 0.2115
6 466 0.6160
6 467 0.2382
6 468 0.2382
6 470 0.5367
6 471 0.2908
6 472 0.2382
6 475 0.2382
6 476 0.3103
6 478 0.1697
6 479 0.1697
6 480 0.1697
6 481 0.2382
6 482 0.2382
6 484 0.2382
6 485 0.2382
6 486 0.1697
6 487 0.1697
6 488 0.2619
6 489 0.1697
6 490 0.2382
6 491 0.3103
6 492 0.1697
6 493 0.1697
6 494 0.2382
6 495 0.4219
6 496 0.1697
6 497 0.1697
6 498 0.3103
6 499 0.1697
6 500 0.2382
6 501 0.2382
6 503 0.2382
6 505 0.2382
6 506 0.1697
6 507 0.2382
6 508 0.1697
6 509 0.1697
6 511 0.6722
6 513 0.1697
6 514 0.2382
6 515 0.2382
6 516 0.1697
6 517 0.2382
6 518 0.2382
6 519 0.2382
6 520 0.1697
6 521 0.1697
6 522 0.1697
6 523 0.3103
6 525 0.1697
6 526 0.1697
6 527 0.2382
6 528 0.2382
6 529 0.1697
6 530 0.1697
6 531 0.2382
6 532 0.1697
6 533 0.2382
6 534 0.1697
6 535 0.2382
6 536 0.3674
6 537 0.2382
6 539 0.1697
6 540 0.2908
6 541 0.2382
6 544 0.3103
6 545 0.1977
6 548 0.1697
6 549 0.2382
6 552 0.2382
6 555 0.2382
6 556 0.2382
6 558 0.2382
6 559 0.2382
6 560 0.3947
6 561 0.2382
6 562 0.2382
6 563 0.5570
6 564 0.1887
6 565 0.1697
6 567 0.1697
6 568 0.7319
6 569 0.3103
6 570 0.2382
6 571 0.1697
6 572 0.3182
6 573 0.2382
6 574 0.2503
6 575 0.1977
6 576 0.2382
6 577 0.2382
6 578 0.1697
6 579 0.1977
6 581 0.2382
6 582 0.2382
6 583 0.1697
6 584 0.3103
6 585 0.3707
6 586 0.2382
6 587 0.4622
6 589 0.1697
6 590 0.6534
6 591 0.1697
6 593 0.1697
6 598 0.1697
6 599 0.2382
6 600 0.3103
6 601 0.2382
6 602 0.1697
6 605 0.1697
6 607 0.1697
6 610 0.2382
6 612 0.1697
6 613 0.3103
6 614 0.2115
6 618 0.1697
6 619 0.3103
6 621 0.1697
6 622 0.1697
6 625 0.2382
6 626 0.5622
6 627 0.4219
6 628 0.3182
6 629 0.1697
6 631 0.2382
6 632 0.2908
6 633 0.3795
6 634 0.1697
6 637 0.4094
6 638 0.1984
6 639 0.6843
6 640 0.1697
6 641 0.2382
6 642 0.2382
6 643 0.1697
6 645 0.1697
6 646 0.2382
6 648 0.1984
6 649 0.1697
6 650 0.3707
6 651 0.2908
6 652 0.2382
6 653 0.3182
6 654 0.1697
6 656 0.1697
6 657 0.1697
6 658 0.1697
6 659 0.2382
6 661 0.2382
6 662 0.2382
6 664 0.2382
6 666 0.2382
6 667 0.1697
6 671 0.2382
6 673 0.1697
6 674 0.2382
6 675 0.1697
6 676 0.2908
6 677 0.1697
6 679 0.1697
6 680 0.2382
6 681 0.1697
6 684 0.1697
6 685 0.2382
6 686 0.2382
6 687 0.2382
6 688 0.2382
6 689 0.4823
6 690 0.1697
6 691 0.2382
6 692 0.3103
6 694 0.2382
6 695 0.1977
6 696 0.2382
6 697 0.1697
6 698 0.4636
6 699 0.2382
6 700 0.2382
6 702 0.2503
6 703 0.1984
6 704 0.1697
6 705 0.1697
6 706 0.4261
6 707 0.1984
6 708 0.1697
6 709 0.1697
6 710 0.2382
6 711 0.5704
6 712 0.1984
6 713 0.1697
6 714 0.4094
6 716 0.1697
6 717 0.1977
6 718 0.2382
6 721 0.2382
6 722 0.4326
6 723 0.1984
6 726 0.2382
6 727 0.1697
6 728 0.2382
6 729 0.2382
6 731 0.1697
6 732 0.3103
6 733 0.1977
6 734 0.2382
6 735 0.2382
6 736 0.4074
6 737 0.2382
6 738 0.1697
6 740 0.2382
6 741 0.3103
6 742 0.2115
6 743 0.1697
6 744 0.3063
6 745 0.1887
6 747 0.1697
6 748 0.5838
6 750 0.3182
6 751 0.1697
6 752 0.5584
6 753 0.2382
6 754 0.1697
6 755 0.3182
6 758 0.2382
6 759 0.1697
6 760 0.1697
6 762 0.2382
6 763 0.4094
6 764 0.1697
6 766 0.1697
6 767 0.2382
6 768 0.6792
6 769 0.2382
6 770 0.4302
6 771 0.2382
6 772 0.1697
6 775 0.2503
6 776 0.2753
6 777 0.2382
6 778 0.3103
6 780 0.1697
6 781 0.1697
6 783 0.2382
6 785 0.2382
6 786 0.3681
6 787 0.1977
6 789 0.3103
6 793 0.3883
6 794 0.3182
6 797 0.1697
6 798 0.2382
6 799 0.1697
6 801 0.2382
6 803 0.3182
6 804 0.3583
6 805 0.2382
6 806 0.2382
6 808 0.2908
6 809 0.1697
6 810 0.3103
6 811 0.6621
6 815 0.1697
6 816 0.1697
6 817 0.1697
6 818 0.1697
6 819 0.2382
6 821 0.1697
6 822 0.1697
6 823 0.4633
6 825 0.1697
6 827 0.3103
6 829 0.2382
6 830 0.1697
6 831 0.1697
6 832 0.3182
6 833 0.1697
6 834 0.1697
6 835 0.1697
6 836 0.2908
6 837 0.1697
6 838 0.3103
6 839 0.2382
6 840 0.1697
6 841 0.2382
6 842 0.1977
6 843 0.1697
6 845 0.3103
6 846 0.2382
6 849 0.2382
6 851 0.5269
6 855 0.1697
6 856 0.3103
6 858 0.2382
6 860 0.1977
6 861 0.2382
6 862 0.2382
6 864 0.2382
6 865 0.2382
6 866 0.1697
6 867 0.3103
6 868 0.2382
6 869 0.2753
6 870 0.2382
6 871 0.2908
6 872 0.5769
6 875 0.1697
6 876 0.2382
6 878 0.1697
6 880 0.3707
6 881 0.2382
6 882 0.2382
6 883 0.2382
6 884 0.2382
6 886 0.1697
6 887 0.3513
6 889 0.2753
6 890 0.1697
6 891 0.4094
6 893 0.2382
6 895 0.2382
6 896 0.1697
6 898 0.4633
6 900 0.1977
6 901 0.4094
6 903 0.5797
6 905 0.1697
6 907 0.1697
6 908 0.2382
6 909 0.2382
6 910 0.1697
6 914 0.3103
6 915 0.6010
6 918 0.1697
6 919 0.1697
6 921 0.2382
6 922 0.3103
6 924 0.2382
6 928 0.2382
6 929 0.2382
6 930 0.2382
6 934 0.1697
6 935 0.3840
6 936 0.1984
6 938 0.2382
6 940 0.2382
6 942 0.3086
6 943 0.2382
6 946 0.3182
6 947 0.2924
6 948 0.1697
6 950 0.2382
6 952 0.1984
6 953 0.4326
6 954 0.1697
6 955 0.2382
6 956 0.1697
6 958 0.1697
6 959 0.1697
6 960 0.6190
6 964 0.1697
6 965 0.2382
6 966 0.1697
6 967 0.2382
6 968 0.3103
6 971 0.2382
6 972 0.1697
6 973 0.1697
6 974 0.7256
6 976 0.2382
6 977 0.1977
6 978 0.2382
6 979 0.4654
6 980 0.2382
6 983 0.2382
6 984 0.1984
6 987 0.2382
6 989 0.2382
6 990 0.1697
6 993 0.5308
6 994 0.5525
6 995 0.2382
6 996 0.1697
6 1000 0.1697
6 1001 0.2382
6 1002 0.4687
6 1003 0.3182
6 1004 0.5503
6 1006 0.1697
6 1007 0.5838
6 1008 0.2382
6 1014 0.3182
6 1015 0.2908
6 1018 0.1697
6 1019 0.2382
6 1020 0.2382
6 1022 0.3103
6 1023 0.1697
6 1024 0.2382
6 1027 0.3103
6 1029 0.3707
6 1030 0.3182
6 1032 0.1697
6 1033 0.2382
6 1036 0.2382
6 1037 0.2382
6 1039 0.1977
6 1042 0.2382
6 1043 0.1697
6 1046 0.1697
6 1047 0.1697
6 1048 0.1697
6 1049 0.1697
6 1050 0.2382
6 1051 0.1697
6 1053 0.1697
6 1056 0.2382
6 1057 0.2382
6 1058 0.1697
6 1059 0.1697
6 1060 0.3346
6 1061 0.2382
6 1063 0.4094
6 1064 0.1697
6 1065 0.2382
6 1066 0.3103
6 1067 0.1697
6 1068 0.5721
6 1069 0.1977
6 1070 0.1697
6 1072 0.1697
6 1075 0.2382
6 1076 0.1697
6 1078 0.1697
6 1079 0.2908
6 1080 0.1697
6 1081 0.1697
6 1082 0.1697
6 1083 0.3182
6 1084 0.1697
6 1085 0.1697
6 1087 0.1697
6 1089 0.2382
6 1090 0.1697
6 1093 0.1697
6 1094 0.1697
6 1099 0.3182
6 1102 0.1697
6 1103 0.2382
6 1104 0.2382
6 1105 0.3103
6 1106 0.1984
6 1107 0.1697
6 1108 0.2382
6 1111 0.2382
6 1113 0.1697
6 1115 0.1697
6 1116 0.1697
6 1117 0.2382
6 1118 0.2382
6 1119 0.1697
6 1120 0.2382
6 1122 0.1697
6 1123 0.1697
6 1124 0.1697
6 1125 0.2382
6 1126 0.2382
6 1127 0.1697
6 1128 0.2382
6 1129 0.2382
6 1130 0.3103
6 1132 0.1697
6 1133 0.2382
6 1134 0.1697
6 1135 0.3103
6 1138 0.2115
6 1139 0.1697
6 1141 0.1697
6 1143 0.1977
6 1147 0.2382
6 1149 0.1697
6 1150 0.2382
6 1152 0.4633
6 1153 0.1697
6 1154 0.6218
6 1155 0.1697
6 1156 0.1697
6 1157 0.1697
6 1158 0.1697
6 1159 0.1697
6 1160 0.1697
6 1161 0.1697
6 1162 0.1697
6 1163 0.5925
6 1165 0.2382
6 1166 0.1697
6 1167 0.2311
6 1169 0.2329
6 1172 0.1697
6 1174 0.1697
6 1176 0.1697
6 1177 0.1977
6 1180 0.3343
6 1182 0.1697
6 1185 0.1697
6 1186 0.2382
6 1187 0.2382
6 1189 0.2382
6 1191 0.1697
6 1192 0.2382
6 1193 0.3661
6 1194 0.1887
6 1199 0.2382
6 1200 0.2382
6 1201 0.1697
6 1202 0.1697
6 1203 0.2382
6 1204 0.2382
6 1206 0.1697
6 1207 0.1697
6 1208 0.2382
6 1209 0.1697
6 1210 0.2908
6 1211 0.4219
6 1212 0.2382
6 1213 0.1697
6 1216 0.1697
6 1217 0.3103
6 1218 0.2382
6 1219 0.1697
6 1221 0.3103
6 1223 0.2908
6 1225 0.6229
6 1226 0.3103
6 1227 0.1697
6 1228 0.1697
6 1229 0.2382
6 1230 0.1697
6 1231 0.1697
6 1233 0.1697
6 1236 0.1977
6 1237 0.1977
6 1240 0.1977
6 1241 0.1697
6 1242 0.3883
6 1244 0.1697
6 1246 0.1697
6 1247 0.3103
6 1248 0.1697
6 1249 0.1697
6 1250 0.2382
6 1251 0.1697
6 1252 0.2382
6 1256 0.2382
6 1257 0.1697
6 1259 0.2382
6 1260 0.3182
6 1262 0.2382
6 1263 0.1697
6 1265 0.2382
6 1267 0.1697
6 1268 0.2382
6 1270 0.2382
6 1271 0.3707
6 1272 0.1697
6 1273 0.1977
6 1274 0.1697
6 1275 0.4633
6 1276 0.2382
6 1279 0.3182
6 1280 0.1977
6 1282 0.2382
6 1283 0.2908
6 1284 0.1697
6 1287 0.2382
6 1288 0.1697
6 1289 0.1697
6 1291 0.1697
6 1292 0.6576
6 1293 0.1697
6 1296 0.1697
6 1298 0.3121
6 1299 0.1697
6 1300 0.1697
6 1301 0.2382
6 1303 0.3583
6 1304 0.1697
6 1306 0.1697
6 1307 0.1977
6 1308 0.1697
6 1310 0.2382
6 1316 0.6726
6 1319 0.1697
6 1320 0.1697
6 1323 0.1697
6 1326 0.1697
6 1327 0.1977
6 1330 0.2382
6 1331 0.1697
6 1333 0.1697
6 1334 0.1697
6 1335 0.1697
6 1337 0.1697
6 1338 0.1697
6 1342 0.4823
6 1343 0.2382
6 1344 0.2382
6 1346 0.1977
6 1348 0.2382
6 1349 0.1697
6 1350 0.1697
6 1353 0.1697
6 1358 0.1697
6 1360 0.1697
6 1362 0.1697
6 1363 0.2382
6 1367 0.2658
6 1368 0.1977
6 1369 0.3103
6 1370 0.4219
6 1372 0.2382
6 1374 0.1977
6 1375 0.1697
6 1376 0.1697
6 1379 0.1697
6 1380 0.1697
6 1381 0.1697
6 1383 0.1697
6 1386 0.2382
6 1387 0.2382
6 1388 0.2382
6 1390 0.2382
6 1394 0.2382
6 1395 0.1697
6 1396 0.1977
6 1397 0.3103
6 1398 0.1697
6 1401 0.1977
6 1402 0.1697
6 1405 0.1697
6 1406 0.1697
6 1407 0.2382
6 1408 0.2382
6 1411 0.1697
6 1412 0.1697
6 1413 0.1697
6 1415 0.1697
6 1416 0.2382
6 1419 0.2382
6 1421 0.1697
6 1424 0.1697
6 1425 0.1697
6 1426 0.2382
6 1427 0.1697
6 1428 0.1697
6 1433 0.1697
6 1434 0.6660
6 1435 0.6067
6 1436 0.1697
6 1437 0.2382
6 1438 0.2382
6 1439 0.1977
6 1440 0.2908
6 1441 0.1697
6 1449 0.1697
6 1451 0.1697
6 1452 0.2382
6 1453 0.1697
6 1454 0.1697
6 1456 0.2382
6 1457 0.1697
6 1458 0.1697
6 1462 0.1697
6 1464 0.1697
6 1468 0.1697
6 1472 0.1697
6 1473 0.1697
6 1474 0.1697
6 1479 0.3182
6 1480 0.1977
6 1481 0.1697
6 1485 0.2382
6 1487 0.1977
6 1491 0.2382
6 1493 0.2382
6 1494 0.1697
6 1497 0.1697
6 1498 0.1977
6 1499 0.1697
6 1500 0.2382
6 1503 0.3103
6 1504 0.2382
6 1507 0.1697
6 1511 0.1697
6 1512 0.3103
6 1515 0.1697
6 1516 0.2382
6 1517 0.2382
6 1518 0.1697
6 1519 0.4774
6 1520 0.4823
6 1522 0.3103
6 1526 0.3112
6 1527 0.1887
6 1529 0.2382
6 1530 0.3182
6 1532 0.3103
6 1535 0.2382
6 1536 0.2382
6 1538 0.3407
6 1541 0.2382
6 1542 0.1697
6 1544 0.1697
6 1547 0.2382
6 1548 0.2382
6 1549 0.1697
6 1550 0.1697
6 1551 0.2753
6 1554 0.1697
6 1557 0.1697
6 1565 0.1697
6 1567 0.2382
6 1568 0.1697
6 1570 0.1697
6 1571 0.1977
6 1574 0.1697
6 1577 0.1697
6 1578 0.1697
6 1580 0.2382
6 1581 0.1697
6 1582 0.2382
6 1583 0.2382
6 1585 0.2382
6 1587 0.1697
6 1588 0.2382
6 1591 0.2382
6 1592 0.1697
6 1593 0.2382
6 1594 0.1697
6 1595 0.1697
6 1598 0.1697
6 1599 0.1697
6 1603 0.2382
6 1605 0.1697
6 1606 0.2382
6 1608 0.2382
6 1612 0.1697
6 1613 0.4219
6 1615 0.1697
6 1616 0.1697
6 1618 0.2382
6 1619 0.2382
6 1621 0.3883
6 1622 0.5354
6 1624 0.3103
6 1626 0.1697
6 1628 0.2382
6 1630 0.2382
6 1631 0.1697
6 1633 0.2382
6 1634 0.2382
6 1637 0.1697
6 1641 0.1697
6 1645 0.1697
6 1646 0.1697
6 1647 0.1697
6 1649 0.1697
6 1650 0.2382
6 1651 0.1697
6 1653 0.2382
6 1655 0.1697
6 1660 0.1697
6 1661 0.2382
6 1662 0.1697
6 1663 0.1697
6 1664 0.1697
6 1665 0.1697
6 1668 0.3707
6 1669 0.2382
6 1670 0.1697
6 1673 0.1697
6 1674 0.3103
6 1675 0.1697
6 1676 0.1697
6 1678 0.2382
6 1679 0.1697
6 1683 0.2382
6 1685 0.1697
6 1686 0.1697
6 1689 0.6741
6 1691 0.2382
6 1692 0.2382
6 1694 0.2382
6 1697 0.1977
6 1699 0.1697
6 1701 0.1697
6 1702 0.1984
6 1706 0.2382
6 1707 0.4094
6 1708 0.1697
6 1709 0.1697
6 1711 0.1977
6 1712 0.6168
6 1713 0.2908
6 1714 0.3623
6 1717 0.7044
6 1718 0.1977
6 1719 0.1697
6 1720 0.1697
6 1723 0.2382
6 1725 0.2382
6 1726 0.1697
6 1729 0.1697
7 8 0.1445
7 9 0.3713
7 10 0.2912
7 11 0.5856
7 12 0.5171
7 13 0.3657
7 14 0.3713
7 15 0.3281
7 16 0.3663
7 17 0.5538
7 18 0.3822
7 19 0.5544
7 20 0.1945
7 21 0.2912
7 22 0.2936
7 23 0.3713
7 24 0.3550
7 26 0.6263
7 27 0.3550
7 28 0.3822
7 29 0.2832
7 30 0.4411
7 31 0.1945
7 32 0.1775
7 33 0.1945
7 34 0.6060
7 35 0.4483
7 36 0.3713
7 37 0.3713
7 38 0.2832
7 39 0.3713
7 40 0.3845
7 41 0.3822
7 42 0.3215
7 43 0.3713
7 44 0.1945
7 45 0.1445
7 46 0.4979
7 47 0.2588
7 48 0.2307
7 49 0.3685
7 50 0.2588
7 51 0.2912
7 52 0.5171
7 53 0.1977
7 54 0.3713
7 55 0.2912
7 56 0.1945
7 57 0.4483
7 58 0.2832
7 59 0.3550
7 60 0.3358
7 61 0.2588
7 62 0.2832
7 63 0.1945
7 64 0.1775
7 65 0.3358
7 66 0.4851
7 67 0.2427
7 68 0.1945
7 69 0.2832
7 70 0.1977
7 71 0.3551
7 72 0.1945
7 73 0.3713
7 74 0.2819
7 75 0.3113
7 76 0.1775
7 77 0.1977
7 78 0.3713
7 79 0.2832
7 80 0.3815
7 81 0.1945
7 82 0.4851
7 83 0.2912
7 84 0.2912
7 85 0.2761
7 86 0.2588
7 87 0.4198
7 88 0.4979
7 89 0.1977
7 90 0.3713
7 91 0.3822
7 92 0.3822
7 93 0.4658
7 94 0.3713
7 95 0.4483
7 96 0.2832
7 97 0.3938
7 98 0.4658
7 99 0.3869
7 100 0.3047
7 101 0.1945
7 102 0.5731
7 103 0.2912
7 104 0.2427
7 105 0.2912
7 106 0.6558
7 107 0.1945
7 108 0.2832
7 109 0.1977
7 110 0.2832
7 111 0.3822
7 112 0.2832
7 113 0.2588
7 114 0.1945
7 115 0.3713
7 116 0.4950
7 117 0.4658
7 118 0.1977
7 119 0.3875
7 120 0.2912
7 121 0.2832
7 122 0.1977
7 123 0.3822
7 124 0.1945
7 125 0.1945
7 128 0.1977
7 129 0.1977
7 130 0.5533
7 131 0.4179
7 133 0.1977
7 134 0.5966
7 135 0.1977
7 136 0.1945
7 137 0.2588
7 138 0.1977
7 139 0.1977
7 140 0.2912
7 142 0.1445
7 143 0.4005
7 144 0.1945
7 145 0.3358
7 146 0.2832
7 147 0.5352
7 148 0.2832
7 149 0.2427
7 150 0.2832
7 151 0.3713
7 152 0.2912
7 153 0.3713
7 154 0.4851
7 156 0.1977
7 157 0.3713
7 158 0.2832
7 159 0.4861
7 160 0.3358
7 161 0.2912
7 162 0.5662
7 163 0.1977
7 164 0.1977
7 165 0.4160
7 166 0.1945
7 167 0.1977
7 168 0.1945
7 170 0.2912
7 171 0.2761
7 172 0.3550
7 173 0.1945
7 174 0.1945
7 175 0.3713
7 176 0.2832
7 177 0.1977
7 178 0.1977
7 179 0.2912
7 180 0.1977
7 181 0.1775
7 182 0.3358
7 183 0.2588
7 184 0.1945
7 185 0.1977
7 186 0.2832
7 187 0.2832
7 188 0.5120
7 189 0.1445
7 191 0.2832
7 192 0.1945
7 193 0.4103
7 194 0.3713
7 195 0.2832
7 196 0.3281
7 197 0.4831
7 198 0.1945
7 199 0.3713
7 200 0.1945
7 201 0.2427
7 202 0.1945
7 204 0.4411
7 206 0.4979
7 208 0.3713
7 209 0.5153
7 210 0.1775
7 211 0.4483
7 212 0.1977
7 214 0.2533
7 215 0.3550
7 216 0.2986
7 217 0.2761
7 218 0.5341
7 219 0.1945
7 221 0.2912
7 223 0.1945
7 224 0.3358
7 225 0.1945
7 227 0.1977
7 228 0.1945
7 229 0.1775
7 230 0.5410
7 231 0.1945
7 233 0.2912
7 234 0.3358
7 235 0.5410
7 236 0.3713
7 237 0.1977
7 238 0.4722
7 239 0.2832
7 240 0.3358
7 241 0.1977
7 242 0.1945
7 243 0.2912
7 245 0.1977
7 246 0.1977
7 247 0.1977
7 248 0.2832
7 249 0.1945
7 250 0.1945
7 251 0.1445
7 252 0.1977
7 253 0.1945
7 254 0.3713
7 255 0.1977
7 256 0.2832
7 257 0.1977
7 258 0.3550
7 259 0.1977
7 260 0.1977
7 262 0.4964
7 263 0.1977
7 264 0.4881
7 265 0.1977
7 266 0.1945
7 267 0.1977
7 268 0.1945
7 270 0.2832
7 271 0.2832
7 272 0.1977
7 274 0.2832
7 275 0.3036
7 276 0.4548
7 277 0.1945
7 278 0.1977
7 279 0.3550
7 281 0.1945
7 282 0.1445
7 283 0.1445
7 284 0.3052
7 285 0.2588
7 286 0.3055
7 287 0.3822
7 289 0.1977
7 290 0.4658
7 291 0.4549
7 292 0.2832
7 293 0.1945
7 294 0.2912
7 295 0.2427
7 297 0.3036
7 298 0.1977
7 300 0.1945
7 301 0.2912
7 303 0.1977
7 304 0.5849
7 306 0.1977
7 307 0.1977
7 308 0.1977
7 309 0.3713
7 311 0.1977
7 313 0.2832
7 314 0.3358
7 315 0.1945
7 316 0.1945
7 317 0.1977
7 318 0.1445
7 319 0.2912
7 320 0.1945
7 321 0.1945
7 324 0.1977
7 326 0.1977
7 327 0.2912
7 328 0.6437
7 329 0.1977
7 330 0.2832
7 331 0.1977
7 332 0.2912
7 333 0.1945
7 334 0.2588
7 335 0.1977
7 336 0.1977
7 337 0.1945
7 338 0.2588
7 339 0.1977
7 340 0.2912
7 341 0.3592
7 342 0.2912
7 343 0.1977
7 344 0.2832
7 346 0.2832
7 347 0.3358
7 348 0.1945
7 349 0.1977
7 350 0.1977
7 353 0.1945
7 354 0.1945
7 355 0.1977
7 356 0.1445
7 357 0.1977
7 358 0.1945
7 359 0.1977
7 361 0.3550
7 362 0.3550
7 363 0.1945
7 364 0.2912
7 366 0.1977
7 367 0.2832
7 368 0.1945
7 369 0.1977
7 370 0.2832
7 371 0.2585
7 372 0.2832
7 374 0.1977
7 375 0.3822
7 376 0.2088
7 377 0.3713
7 379 0.4483
7 380 0.2832
7 381 0.1945
7 382 0.1977
7 383 0.2912
7 384 0.5410
7 385 0.1977
7 386 0.2588
7 387 0.1945
7 388 0.1945
7 389 0.1977
7 390 0.1977
7 391 0.2832
7 392 0.2832
7 393 0.1945
7 394 0.1945
7 395 0.1977
7 396 0.3052
7 397 0.1977
7 398 0.2832
7 399 0.2588
7 400 0.2832
7 402 0.2832
7 403 0.2912
7 404 0.1977
7 405 0.1945
7 407 0.1945
7 408 0.1945
7 409 0.2832
7 411 0.2912
7 412 0.2427
7 413 0.2832
7 414 0.2832
7 415 0.1945
7 418 0.1945
7 419 0.1977
7 420 0.1945
7 423 0.1977
7 424 0.1977
7 425 0.2589
7 427 0.1945
7 428 0.2912
7 430 0.1445
7 433 0.1977
7 434 0.6478
7 435 0.2832
7 436 0.1977
7 438 0.4312
7 439 0.1945
7 440 0.1977
7 441 0.3358
7 442 0.4851
7 443 0.1977
7 445 0.1977
7 447 0.2912
7 449 0.4500
7 450 0.1445
7 451 0.3713
7 452 0.2427
7 453 0.2832
7 454 0.6959
7 455 0.1977
7 456 0.1945
7 459 0.1977
7 460 0.1945
7 462 0.1445
7 463 0.1945
7 464 0.1945
7 465 0.2427
7 466 0.6480
7 467 0.1945
7 468 0.1945
7 470 0.5171
7 471 0.3358
7 472 0.1945
7 475 0.2832
7 476 0.2912
7 478 0.1977
7 479 0.1977
7 480 0.1977
7 481 0.2832
7 482 0.2832
7 484 0.2832
7 485 0.1945
7 486 0.1977
7 487 0.1977
7 488 0.2986
7 489 0.1977
7 490 0.1945
7 491 0.2912
7 492 0.1977
7 493 0.1977
7 494 0.2832
7 495 0.4851
7 496 0.1977
7 497 0.1977
7 498 0.2912
7 499 0.1977
7 500 0.1945
7 501 0.1945
7 503 0.1945
7 505 0.2832
7 506 0.1977
7 507 0.1945
7 508 0.1977
7 509 0.1977
7 511 0.2761
7 513 0.1977
7 514 0.2832
7 515 0.1945
7 516 0.1977
7 517 0.1945
7 518 0.1945
7 519 0.2832
7 520 0.1977
7 521 0.1977
7 522 0.1977
7 523 0.2912
7 525 0.1977
7 526 0.1977
7 527 0.1945
7 528 0.1945
7 529 0.1977
7 530 0.1977
7 531 0.2832
7 532 0.1977
7 533 0.1945
7 534 0.1977
7 535 0.1945
7 536 0.3986
7 537 0.1945
7 539 0.1977
7 540 0.3358
7 541 0.1945
7 544 0.2912
7 545 0.1445
7 548 0.1977
7 549 0.1945
7 552 0.1945
7 555 0.2832
7 556 0.1945
7 558 0.1945
7 559 0.2832
7 560 0.4033
7 561 0.1945
7 562 0.2832
7 563 0.5844
7 564 0.2240
7 565 0.1977
7 567 0.1977
7 568 0.7545
7 569 0.2912
7 570 0.2832
7 571 0.1977
7 572 0.3713
7 573 0.2832
7 574 0.2366
7 575 0.1445
7 576 0.2832
7 577 0.1945
7 578 0.1977
7 579 0.1445
7 581 0.1945
7 582 0.1945
7 583 0.1977
7 584 0.2912
7 585 0.3550
7 586 0.1945
7 587 0.5132
7 589 0.1977
7 590 0.6557
7 591 0.1977
7 593 0.1977
7 598 0.1977
7 599 0.1945
7 600 0.2912
7 601 0.1945
7 602 0.1977
7 605 0.1977
7 607 0.1977
7 610 0.1945
7 612 0.1977
7 613 0.2912
7 614 0.2427
7 618 0.1977
7 619 0.2912
7 621 0.1977
7 622 0.1977
7 625 0.1945
7 626 0.6069
7 627 0.4851
7 628 0.3713
7 629 0.1977
7 631 0.1945
7 632 0.3358
7 633 0.4393
7 634 0.1977
7 637 0.3822
7 638 0.1775
7 639 0.7148
7 640 0.1977
7 641 0.1945
7 642 0.2832
7 643 0.1977
7 645 0.1977
7 646 0.2832
7 648 0.1775
7 649 0.1977
7 650 0.3550
7 651 0.3358
7 652 0.1945
7 653 0.3713
7 654 0.1977
7 656 0.1977
7 657 0.1977
7 658 0.1977
7 659 0.1945
7 661 0.2832
7 662 0.1945
7 664 0.2832
7 666 0.2832
7 667 0.1977
7 671 0.2832
7 673 0.1977
7 674 0.1945
7 675 0.1977
7 676 0.3358
7 677 0.1977
7 679 0.1977
7 680 0.1945
7 681 0.1977
7 684 0.1977
7 685 0.1945
7 686 0.1945
7 687 0.1945
7 688 0.2832
7 689 0.5410
7 690 0.1977
7 691 0.1945
7 692 0.2912
7 694 0.1945
7 695 0.1445
7 696 0.1945
7 697 0.1977
7 698 0.5267
7 699 0.1945
7 700 0.1945
7 702 0.2366
7 703 0.1775
7 704 0.1977
7 705 0.1977
7 706 0.4599
7 707 0.1775
7 708 0.1977
7 709 0.1977
7 710 0.2832
7 711 0.6267
7 712 0.1775
7 713 0.1977
7 714 0.3822
7 716 0.1977
7 717 0.1445
7 718 0.2832
7 721 0.1945
7 722 0.4411
7 723 0.1775
7 726 0.2832
7 727 0.1977
7 728 0.2832
7 729 0.1945
7 731 0.1977
7 732 0.2912
7 733 0.1445
7 734 0.1945
7 735 0.2832
7 736 0.4562
7 737 0.2832
7 738 0.1977
7 740 0.2832
7 741 0.2912
7 742 0.2427
7 743 0.1977
7 744 0.3055
7 745 0.2240
7 747 0.1977
7 748 0.5603
7 750 0.3713
7 751 0.1977
7 752 0.6101
7 753 0.2832
7 754 0.1977
7 755 0.3713
7 758 0.1945
7 759 0.1977
7 760 0.1977
7 762 0.1945
7 763 0.3822
7 764 0.1977
7 766 0.1977
7 767 0.1945
7 768 0.7033
7 769 0.1945
7 770 0.1945
7 771 0.2832
7 772 0.1977
7 775 0.2366
7 776 0.2588
7 777 0.1945
7 778 0.2912
7 780 0.1977
7 781 0.1977
7 783 0.1945
7 785 0.2832
7 786 0.3677
7 787 0.1445
7 789 0.2912
7 793 0.4483
7 794 0.3713
7 797 0.1977
7 798 0.1945
7 799 0.1977
7 801 0.1945
7 803 0.3713
7 804 0.4119
7 805 0.2832
7 806 0.1945
7 808 0.3358
7 809 0.1977
7 810 0.2912
7 811 0.7030
7 815 0.1977
7 816 0.1977
7 817 0.1977
7 818 0.1977
7 819 0.2832
7 821 0.1977
7 822 0.1977
7 823 0.4658
7 825 0.1977
7 827 0.2912
7 829 0.1945
7 830 0.1977
7 831 0.1977
7 832 0.3713
7 833 0.1977
7 834 0.1977
7 835 0.1977
7 836 0.3358
7 837 0.1977
7 838 0.2912
7 839 0.1945
7 840 0.1977
7 841 0.1945
7 842 0.1445
7 843 0.1977
7 845 0.2912
7 846 0.2832
7 849 0.1945
7 851 0.5783
7 855 0.1977
7 856 0.2912
7 858 0.1945
7 860 0.1445
7 861 0.1945
7 862 0.2832
7 864 0.2832
7 865 0.2832
7 866 0.1977
7 867 0.2912
7 868 0.1945
7 869 0.2588
7 870 0.1945
7 871 0.3358
7 872 0.6246
7 875 0.1977
7 876 0.1945
7 878 0.1977
7 880 0.3550
7 881 0.1945
7 882 0.1945
7 883 0.1945
7 884 0.1945
7 886 0.1977
7 887 0.3674
7 889 0.2588
7 890 0.1977
7 891 0.3822
7 893 0.2832
7 895 0.1945
7 896 0.1977
7 898 0.4658
7 900 0.1445
7 901 0.3822
7 903 0.6200
7 905 0.1977
7 907 0.1977
7 908 0.1945
7 909 0.2832
7 910 0.1977
7 914 0.2912
7 915 0.6379
7 918 0.1977
7 919 0.1977
7 921 0.1945
7 922 0.2912
7 924 0.1945
7 928 0.1945
7 929 0.2832
7 930 0.2832
7 934 0.1977
7 935 0.3851
7 936 0.1775
7 938 0.1945
7 940 0.1945
7 942 0.3494
7 943 0.1945
7 946 0.3713
7 947 0.2761
7 948 0.1977
7 950 0.1945
7 952 0.1775
7 953 0.4411
7 954 0.1977
7 955 0.1945
7 956 0.1977
7 958 0.1977
7 959 0.1977
7 960 0.6538
7 964 0.1977
7 965 0.1945
7 966 0.1977
7 967 0.2832
7 968 0.2912
7 971 0.1945
7 972 0.1977
7 973 0.1977
7 974 0.7492
7 976 0.2832
7 977 0.1445
7 978 0.1945
7 979 0.5259
7 980 0.2832
7 983 0.1945
7 984 0.1775
7 987 0.2832
7 989 0.1945
7 990 0.1977
7 993 0.5781
7 994 0.5706
7 995 0.2832
7 996 0.1977
7 1000 0.1977
7 1001 0.2832
7 1002 0.5111
7 1003 0.3713
7 1004 0.5957
7 1006 0.1977
7 1007 0.5603
7 1008 0.1945
7 1014 0.3713
7 1015 0.3358
7 1018 0.1977
7 1019 0.1945
7 1020 0.1945
7 1022 0.2912
7 1023 0.1977
7 1024 0.1945
7 1027 0.2912
7 1029 0.3550
7 1030 0.3713
7 1032 0.1977
7 1033 0.1945
7 1036 0.2832
7 1037 0.1945
7 1039 0.1445
7 1042 0.1945
7 1043 0.1977
7 1046 0.1977
7 1047 0.1977
7 1048 0.1977
7 1049 0.1977
7 1050 0.1945
7 1051 0.1977
7 1053 0.1977
7 1056 0.2832
7 1057 0.1945
7 1058 0.1977
7 1059 0.1977
7 1060 0.3215
7 1061 0.1945
7 1063 0.3822
7 1064 0.1977
7 1065 0.2832
7 1066 0.2912
7 1067 0.1977
7 1068 0.6204
7 1069 0.1445
7 1070 0.1977
7 1072 0.1977
7 1075 0.1945
7 1076 0.1977
7 1078 0.1977
7 1079 0.3358
7 1080 0.1977
7 1081 0.1977
7 1082 0.1977
7 1083 0.3713
7 1084 0.1977
7 1085 0.1977
7 1087 0.1977
7 1089 0.1945
7 1090 0.1977
7 1093 0.1977
7 1094 0.1977
7 1099 0.3713
7 1102 0.1977
7 1103 0.1945
7 1104 0.1945
7 1105 0.2912
7 1106 0.1775
7 1107 0.1977
7 1108 0.1945
7 1111 0.1945
7 1113 0.1977
7 1115 0.1977
7 1116 0.1977
7 1117 0.1945
7 1118 0.1945
7 1119 0.1977
7 1120 0.1945
7 1122 0.1977
7 1123 0.1977
7 1124 0.1977
7 1125 0.1945
7 1126 0.2832
7 1127 0.1977
7 1128 0.1945
7 1129 0.1945
7 1130 0.2912
7 1132 0.1977
7 1133 0.1945
7 1134 0.1977
7 1135 0.2912
7 1138 0.2427
7 1139 0.1977
7 1141 0.1977
7 1143 0.1445
7 1147 0.2832
7 1149 0.1977
7 1150 0.1945
7 1152 0.4658
7 1153 0.1977
7 1154 0.6656
7 1155 0.1977
7 1156 0.1977
7 1157 0.1977
7 1158 0.1977
7 1159 0.1977
7 1160 0.1977
7 1161 0.1977
7 1162 0.1977
7 1163 0.6478
7 1165 0.1945
7 1166 0.1977
7 1167 0.1977
7 1169 0.2221
7 1172 0.1977
7 1174 0.1977
7 1176 0.1977
7 1177 0.1445
7 1180 0.3513
7 1182 0.1977
7 1185 0.1977
7 1186 0.1945
7 1187 0.2832
7 1189 0.1945
7 1191 0.1977
7 1192 0.1945
7 1193 0.4033
7 1194 0.2240
7 1199 0.2832
7 1200 0.1945
7 1201 0.1977
7 1202 0.1977
7 1203 0.2832
7 1204 0.1945
7 1206 0.1977
7 1207 0.1977
7 1208 0.1945
7 1209 0.1977
7 1210 0.3358
7 1211 0.4851
7 1212 0.1945
7 1213 0.1977
7 1216 0.1977
7 1217 0.2912
7 1218 0.1945
7 1219 0.1977
7 1221 0.2912
7 1223 0.3358
7 1225 0.6725
7 1226 0.2912
7 1227 0.1977
7 1228 0.1977
7 1229 0.2832
7 1230 0.1977
7 1231 0.1977
7 1233 0.1977
7 1236 0.1445
7 1237 0.1445
7 1240 0.1445
7 1241 0.1977
7 1242 0.4483
7 1244 0.1977
7 1246 0.1977
7 1247 0.2912
7 1248 0.1977
7 1249 0.1977
7 1250 0.1945
7 1251 0.1977
7 1252 0.2832
7 1256 0.2832
7 1257 0.1977
7 1259 0.1945
7 1260 0.3713
7 1262 0.1945
7 1263 0.1977
7 1265 0.1945
7 1267 0.1977
7 1268 0.1945
7 1270 0.1945
7 1271 0.3550
7 1272 0.1977
7 1273 0.1445
7 1274 0.1977
7 1275 0.4658
7 1276 0.1945
7 1279 0.3713
7 1280 0.1445
7 1282 0.1945
7 1283 0.3358
7 1284 0.1977
7 1287 0.2832
7 1288 0.1977
7 1289 0.1977
7 1291 0.1977
7 1292 0.6977
7 1293 0.1977
7 1296 0.1977
7 1298 0.2972
7 1299 0.1977
7 1300 0.1977
7 1301 0.1945
7 1303 0.4119
7 1304 0.1977
7 1306 0.1977
7 1307 0.1445
7 1308 0.1977
7 1310 0.1945
7 1316 0.6953
7 1319 0.1977
7 1320 0.1977
7 1323 0.1977
7 1326 0.1977
7 1327 0.1445
7 1330 0.2832
7 1331 0.1977
7 1333 0.1977
7 1334 0.1977
7 1335 0.1977
7 1337 0.1977
7 1338 0.1977
7 1342 0.5410
7 1343 0.1945
7 1344 0.2832
7 1346 0.1445
7 1348 0.1945
7 1349 0.1977
7 1350 0.1977
7 1353 0.1977
7 1358 0.1977
7 1360 0.1977
7 1362 0.1977
7 1363 0.1945
7 1367 0.3052
7 1368 0.1445
7 1369 0.2912
7 1370 0.4851
7 1372 0.1945
7 1374 0.1445
7 1375 0.1977
7 1376 0.1977
7 1379 0.1977
7 1380 0.1977
7 1381 0.1977
7 1383 0.1977
7 1386 0.1945
7 1387 0.1945
7 1388 0.2832
7 1390 0.1945
7 1394 0.1945
7 1395 0.1977
7 1396 0.1445
7 1397 0.2912
7 1398 0.1977
7 1401 0.1445
7 1402 0.1977
7 1405 0.1977
7 1406 0.1977
7 1407 0.1945
7 1408 0.1945
7 1411 0.1977
7 1412 0.1977
7 1413 0.1977
7 1415 0.1977
7 1416 0.1945
7 1419 0.2832
7 1421 0.1977
7 1424 0.1977
7 1425 0.1977
7 1426 0.1945
7 1427 0.1977
7 1428 0.1977
7 1433 0.1977
7 1434 0.7067
7 1435 0.6491
7 1436 0.1977
7 1437 0.2832
7 1438 0.1945
7 1439 0.1445
7 1440 0.3358
7 1441 0.1977
7 1449 0.1977
7 1451 0.1977
7 1452 0.2832
7 1453 0.1977
7 1454 0.1977
7 1456 0.1945
7 1457 0.1977
7 1458 0.1977
7 1462 0.1977
7 1464 0.1977
7 1468 0.1977
7 1472 0.1977
7 1473 0.1977
7 1474 0.1977
7 1479 0.3713
7 1480 0.1445
7 1481 0.1977
7 1485 0.1945
7 1487 0.1445
7 1491 0.2832
7 1493 0.1945
7 1494 0.1977
7 1497 0.1977
7 1498 0.1445
7 1499 0.1977
7 1500 0.1945
7 1503 0.2912
7 1504 0.2832
7 1507 0.1977
7 1511 0.1977
7 1512 0.2912
7 1515 0.1977
7 1516 0.1945
7 1517 0.1945
7 1518 0.1977
7 1519 0.5407
7 1520 0.5410
7 1522 0.2912
7 1526 0.3036
7 1527 0.2240
7 1529 0.2832
7 1530 0.3713
7 1532 0.2912
7 1535 0.2832
7 1536 0.1945
7 1538 0.3281
7 1541 0.1945
7 1542 0.1977
7 1544 0.1977
7 1547 0.1945
7 1548 0.1945
7 1549 0.1977
7 1550 0.1977
7 1551 0.2588
7 1554 0.1977
7 1557 0.1977
7 1565 0.1977
7 1567 0.1945
7 1568 0.1977
7 1570 0.1977
7 1571 0.1445
7 1574 0.1977
7 1577 0.1977
7 1578 0.1977
7 1580 0.1945
7 1581 0.1977
7 1582 0.2832
7 1583 0.1945
7 1585 0.2832
7 1587 0.1977
7 1588 0.1945
7 1591 0.2832
7 1592 0.1977
7 1593 0.2832
7 1594 0.1977
7 1595 0.1977
7 1598 0.1977
7 1599 0.1977
7 1603 0.1945
7 1605 0.1977
7 1606 0.2832
7 1608 0.1945
7 1612 0.1977
7 1613 0.4851
7 1615 0.1977
7 1616 0.1977
7 1618 0.2832
7 1619 0.1945
7 1621 0.4483
7 1622 0.5843
7 1624 0.2912
7 1626 0.1977
7 1628 0.1945
7 1630 0.1945
7 1631 0.1977
7 1633 0.1945
7 1634 0.1945
7 1637 0.1977
7 1641 0.1977
7 1645 0.1977
7 1646 0.1977
7 1647 0.1977
7 1649 0.1977
7 1650 0.1945
7 1651 0.1977
7 1653 0.2832
7 1655 0.1977
7 1660 0.1977
7 1661 0.1945
7 1662 0.1977
7 1663 0.1977
7 1664 0.1977
7 1665 0.1977
7 1668 0.3550
7 1669 0.2832
7 1670 0.1977
7 1673 0.1977
7 1674 0.2912
7 1675 0.1977
7 1676 0.1977
7 1678 0.1945
7 1679 0.1977
7 1683 0.2832
7 1685 0.1977
7 1686 0.1977
7 1689 0.7134
7 1691 0.2832
7 1692 0.2832
7 1694 0.1945
7 1697 0.1445
7 1699 0.1977
7 1701 0.1977
7 1702 0.1775
7 1706 0.1945
7 1707 0.3822
7 1708 0.1977
7 1709 0.1977
7 1711 0.1445
7 1712 0.6558
7 1713 0.3358
7 1714 0.4179
7 1717 0.7369
7 1718 0.1445
7 1719 0.1977
7 1720 0.1977
7 1723 0.1945
7 1725 0.1945
7 1726 0.1977
7 1729 0.1977
8 9 0.3713
8 10 0.2912
8 11 0.5856
8 12 0.5171
8 13 0.3657
8 14 0.3713
8 15 0.3281
8 16 0.3663
8 17 0.5538
8 18 0.3822
8 19 0.5544
8 20 0.1945
8 21 0.2912
8 22 0.2936
8 23 0.3713
8 24 0.3550
8 26 0.6263
8 27 0.3550
8 28 0.3822
8 29 0.2832
8 30 0.4411
8 31 0.1945
8 32 0.1775
8 33 0.1945
8 34 0.6060
8 35 0.4483
8 36 0.3713
8 37 0.3713
8 38 0.2832
8 39 0.3713
8 40 0.3845
8 41 0.3822
8 42 0.3215
8 43 0.3713
8 44 0.1945
8 45 0.1445
8 46 0.4979
8 47 0.2588
8 48 0.2307
8 49 0.3685
8 50 0.2588
8 51 0.2912
8 52 0.5171
8 53 0.1977
8 54 0.3713
8 55 0.2912
8 56 0.1945
8 57 0.4483
8 58 0.2832
8 59 0.3550
8 60 0.3358
8 61 0.2588
8 62 0.2832
8 63 0.1945
8 64 0.1775
8 65 0.3358
8 66 0.4851
8 67 0.2427
8 68 0.1945
8 69 0.2832
8 70 0.1977
8 71 0.3551
8 72 0.1945
8 73 0.3713
8 74 0.2819
8 75 0.3113
8 76 0.1775
8 77 0.1977
8 78 0.3713
8 79 0.2832
8 80 0.3815
8 81 0.1945
8 82 0.4851
8 83 0.2912
8 84 0.2912
8 85 0.2761
8 86 0.2588
8 87 0.4198
8 88 0.4979
8 89 0.1977
8 90 0.3713
8 91 0.3822
8 92 0.3822
8 93 0.4658
8 94 0.3713
8 95 0.4483
8 96 0.2832
8 97 0.3938
8 98 0.4658
8 99 0.3869
8 100 0.3047
8 101 0.1945
8 102 0.5731
8 103 0.2912
8 104 0.2427
8 105 0.2912
8 106 0.6558
8 107 0.1945
8 108 0.2832
8 109 0.1977
8 110 0.2832
8 111 0.3822
8 112 0.2832
8 113 0.2588
8 114 0.1945
8 115 0.3713
8 116 0.4950
8 117 0.4658
8 118 0.1977
8 119 0.3875
8 120 0.2912
8 121 0.2832
8 122 0.1977
8 123 0.3822
8 124 0.1945
8 125 0.1945
8 128 0.1977
8 129 0.1977
8 130 0.5533
8 131 0.4179
8 133 0.1977
8 134 0.5966
8 135 0.1977
8 136 0.1945
8 137 0.2588
8 138 0.1977
8 139 0.1977
8 140 0.2912
8 142 0.1445
8 143 0.4005
8 144 0.1945
8 145 0.3358
8 146 0.2832
8 147 0.5352
8 148 0.2832
8 149 0.2427
8 150 0.2832
8 151 0.3713
8 152 0.2912
8 153 0.3713
8 154 0.4851
8 156 0.1977
8 157 0.3713
8 158 0.2832
8 159 0.4861
8 160 0.3358
8 161 0.2912
8 162 0.5662
8 163 0.1977
8 164 0.1977
8 165 0.4160
8 166 0.1945
8 167 0.1977
8 168 0.1945
8 170 0.2912
8 171 0.2761
8 172 0.3550
8 173 0.1945
8 174 0.1945
8 175 0.3713
8 176 0.2832
8 177 0.1977
8 178 0.1977
8 179 0.2912
8 180 0.1977
8 181 0.1775
8 182 0.3358
8 183 0.2588
8 184 0.1945
8 185 0.1977
8 186 0.2832
8 187 0.2832
8 188 0.5120
8 189 0.1445
8 191 0.2832
8 192 0.1945
8 193 0.4103
8 194 0.3713
8 195 0.2832
8 196 0.3281
8 197 0.4831
8 198 0.1945
8 199 0.3713
8 200 0.1945
8 201 0.2427
8 202 0.1945
8 204 0.4411
8 206 0.4979
8 208 0.3713
8 209 0.5153
8 210 0.1775
8 211 0.4483
8 212 0.1977
8 214 0.2533
8 215 0.3550
8 216 0.2986
8 217 0.2761
8 218 0.5341
8 219 0.1945
8 221 0.2912
8 223 0.1945
8 224 0.3358
8 225 0.1945
8 227 0.1977
8 228 0.1945
8 229 0.1775
8 230 0.5410
8 231 0.1945
8 233 0.2912
8 234 0.3358
8 235 0.5410
8 236 0.3713
8 237 0.1977
8 238 0.4722
8 239 0.2832
8 240 0.3358
8 241 0.1977
8 242 0.1945
8 243 0.2912
8 245 0.1977
8 246 0.1977
8 247 0.1977
8 248 0.2832
8 249 0.1945
8 250 0.1945
8 251 0.1445
8 252 0.1977
8 253 0.1945
8 254 0.3713
8 255 0.1977
8 256 0.2832
8 257 0.1977
8 258 0.3550
8 259 0.1977
8 260 0.1977
8 262 0.4964
8 263 0.1977
8 264 0.4881
8 265 0.1977
8 266 0.1945
8 267 0.1977
8 268 0.1945
8 270 0.2832
8 271 0.2832
8 272 0.1977
8 274 0.2832
8 275 0.3036
8 276 0.4548
8 277 0.1945
8 278 0.1977
8 279 0.3550
8 281 0.1945
8 282 0.1445
8 283 0.1445
8 284 0.3052
8 285 0.2588
8 286 0.3055
8 287 0.3822
8 289 0.1977
8 290 0.4658
8 291 0.4549
8 292 0.2832
8 293 0.1945
8 294 0.2912
8 295 0.2427
8 297 0.3036
8 298 0.1977
8 300 0.1945
8 301 0.2912
8 303 0.1977
8 304 0.5849
8 306 0.1977
8 307 0.1977
8 308 0.1977
8 309 0.3713
8 311 0.1977
8 313 0.2832
8 314 0.3358
8 315 0.1945
8 316 0.1945
8 317 0.1977
8 318 0.1445
8 319 0.2912
8 320 0.1945
8 321 0.1945
8 324 0.1977
8 326 0.1977
8 327 0.2912
8 328 0.6437
8 329 0.1977
8 330 0.2832
8 331 0.1977
8 332 0.2912
8 333 0.1945
8 334 0.2588
8 335 0.1977
8 336 0.1977
8 337 0.1945
8 338 0.2588
8 339 0.1977
8 340 0.2912
8 341 0.3592
8 342 0.2912
8 343 0.1977
8 344 0.2832
8 346 0.2832
8 347 0.3358
8 348 0.1945
8 349 0.1977
8 350 0.1977
8 353 0.1945
8 354 0.1945
8 355 0.1977
8 356 0.1445
8 357 0.1977
8 358 0.1945
8 359 0.1977
8 361 0.3550
8 362 0.3550
8 363 0.1945
8 364 0.2912
8 366 0.1977
8 367 0.2832
8 368 0.1945
8 369 0.1977
8 370 0.2832
8 371 0.2585
8 372 0.2832
8 374 0.1977
8 375 0.3822
8 376 0.2088
8 377 0.3713
8 379 0.4483
8 380 0.2832
8 381 0.1945
8 382 0.1977
8 383 0.2912
8 384 0.5410
8 385 0.1977
8 386 0.2588
8 387 0.1945
8 388 0.1945
8 389 0.1977
8 390 0.1977
8 391 0.2832
8 392 0.2832
8 393 0.1945
8 394 0.1945
8 395 0.1977
8 396 0.3052
8 397 0.1977
8 398 0.2832
8 399 0.2588
8 400 0.2832
8 402 0.2832
8 403 0.2912
8 404 0.1977
8 405 0.1945
8 407 0.1945
8 408 0.1945
8 409 0.2832
8 411 0.2912
8 412 0.2427
8 413 0.2832
8 414 0.2832
8 415 0.1945
8 418 0.1945
8 419 0.1977
8 420 0.1945
8 423 0.1977
8 424 0.1977
8 425 0.2589
8 427 0.1945
8 428 0.2912
8 430 0.1445
8 433 0.1977
8 434 0.6478
8 435 0.2832
8 436 0.1977
8 438 0.4312
8 439 0.1945
8 440 0.1977
8 441 0.3358
8 442 0.4851
8 443 0.1977
8 445 0.1977
8 447 0.2912
8 449 0.4500
8 450 0.1445
8 451 0.3713
8 452 0.2427
8 453 0.2832
8 454 0.6959
8 455 0.1977
8 456 0.1945
8 459 0.1977
8 460 0.1945
8 462 0.1445
8 463 0.1945
8 464 0.1945
8 465 0.2427
8 466 0.6480
8 467 0.1945
8 468 0.1945
8 470 0.5171
8 471 0.3358
8 472 0.1945
8 475 0.2832
8 476 0.2912
8 478 0.1977
8 479 0.1977
8 480 0.1977
8 481 0.2832
8 482 0.2832
8 484 0.2832
8 485 0.1945
8 486 0.1977
8 487 0.1977
8 488 0.2986
8 489 0.1977
8 490 0.1945
8 491 0.2912
8 492 0.1977
8 493 0.1977
8 494 0.2832
8 495 0.4851
8 496 0.1977
8 497 0.1977
8 498 0.2912
8 499 0.1977
8 500 0.1945
8 501 0.1945
8 503 0.1945
8 505 0.2832
8 506 0.1977
8 507 0.1945
8 508 0.1977
8 509 0.1977
8 511 0.2761
8 513 0.1977
8 514 0.2832
8 515 0.1945
8 516 0.1977
8 517 0.1945
8 518 0.1945
8 519 0.2832
8 520 0.1977
8 521 0.1977
8 522 0.1977
8 523 0.2912
8 525 0.1977
8 526 0.1977
8 527 0.1945
8 528 0.1945
8 529 0.1977
8 530 0.1977
8 531 0.2832
8 532 0.1977
8 533 0.1945
8 534 0.1977
8 535 0.1945
8 536 0.3986
8 537 0.1945
8 539 0.1977
8 540 0.3358
8 541 0.1945
8 544 0.2912
8 545 0.1445
8 548 0.1977
8 549 0.1945
8 552 0.1945
8 555 0.2832
8 556 0.1945
8 558 0.1945
8 559 0.2832
8 560 0.4033
8 561 0.1945
8 562 0.2832
8 563 0.5844
8 564 0.2240
8 565 0.1977
8 567 0.1977
8 568 0.7545
8 569 0.2912
8 570 0.2832
8 571 0.1977
8 572 0.3713
8 573 0.2832
8 574 0.2366
8 575 0.1445
8 576 0.2832
8 577 0.1945
8 578 0.1977
8 579 0.1445
8 581 0.1945
8 582 0.1945
8 583 0.1977
8 584 0.2912
8 585 0.3550
8 586 0.1945
8 587 0.5132
8 589 0.1977
8 590 0.6557
8 591 0.1977
8 593 0.1977
8 598 0.1977
8 599 0.1945
8 600 0.2912
8 601 0.1945
8 602 0.1977
8 605 0.1977
8 607 0.1977
8 610 0.1945
8 612 0.1977
8 613 0.2912
8 614 0.2427
8 618 0.1977
8 619 0.2912
8 621 0.1977
8 622 0.1977
8 625 0.1945
8 626 0.6069
8 627 0.4851
8 628 0.3713
8 629 0.1977
8 631 0.1945
8 632 0.3358
8 633 0.4393
8 634 0.1977
8 637 0.3822
8 638 0.1775
8 639 0.7148
8 640 0.1977
8 641 0.1945
8 642 0.2832
8 643 0.1977
8 645 0.1977
8 646 0.2832
8 648 0.1775
8 649 0.1977
8 650 0.3550
8 651 0.3358
8 652 0.1945
8 653 0.3713
8 654 0.1977
8 656 0.1977
8 657 0.1977
8 658 0.1977
8 659 0.1945
8 661 0.2832
8 662 0.1945
8 664 0.2832
8 666 0.2832
8 667 0.1977
8 671 0.2832
8 673 0.1977
8 674 0.1945
8 675 0.1977
8 676 0.3358
8 677 0.1977
8 679 0.1977
8 680 0.1945
8 681 0.1977
8 684 0.1977
8 685 0.1945
8 686 0.1945
8 687 0.1945
8 688 0.2832
8 689 0.5410
8 690 0.1977
8 691 0.1945
8 692 0.2912
8 694 0.1945
8 695 0.1445
8 696 0.1945
8 697 0.1977
8 698 0.5267
8 699 0.1945
8 700 0.1945
8 702 0.2366
8 703 0.1775
8 704 0.1977
8 705 0.1977
8 706 0.4599
8 707 0.1775
8 708 0.1977
8 709 0.1977
8 710 0.2832
8 711 0.6267
8 712 0.1775
8 713 0.1977
8 714 0.3822
8 716 0.1977
8 717 0.1445
8 718 0.2832
8 721 0.1945
8 722 0.4411
8 723 0.1775
8 726 0.2832
8 727 0.1977
8 728 0.2832
8 729 0.1945
8 731 0.1977
8 732 0.2912
8 733 0.1445
8 734 0.1945
8 735 0.2832
8 736 0.4562
8 737 0.2832
8 738 0.1977
8 740 0.2832
8 741 0.2912
8 742 0.2427
8 743 0.1977
8 744 0.3055
8 745 0.2240
8 747 0.1977
8 748 0.5603
8 750 0.3713
8 751 0.1977
8 752 0.6101
8 753 0.2832
8 754 0.1977
8 755 0.3713
8 758 0.1945
8 759 0.1977
8 760 0.1977
8 762 0.1945
8 763 0.3822
8 764 0.1977
8 766 0.1977
8 767 0.1945
8 768 0.7033
8 769 0.1945
8 770 0.1945
8 771 0.2832
8 772 0.1977
8 775 0.2366
8 776 0.2588
8 777 0.1945
8 778 0.2912
8 780 0.1977
8 781 0.1977
8 783 0.1945
8 785 0.2832
8 786 0.3677
8 787 0.1445
8 789 0.2912
8 793 0.4483
8 794 0.3713
8 797 0.1977
8 798 0.1945
8 799 0.1977
8 801 0.1945
8 803 0.3713
8 804 0.4119
8 805 0.2832
8 806 0.1945
8 808 0.3358
8 809 0.1977
8 810 0.2912
8 811 0.7030
8 815 0.1977
8 816 0.1977
8 817 0.1977
8 818 0.1977
8 819 0.2832
8 821 0.1977
8 822 0.1977
8 823 0.4658
8 825 0.1977
8 827 0.2912
8 829 0.1945
8 830 0.1977
8 831 0.1977
8 832 0.3713
8 833 0.1977
8 834 0.1977
8 835 0.1977
8 836 0.3358
8 837 0.1977
8 838 0.2912
8 839 0.1945
8 840 0.1977
8 841 0.1945
8 842 0.1445
8 843 0.1977
8 845 0.2912
8 846 0.2832
8 849 0.1945
8 851 0.5783
8 855 0.1977
8 856 0.2912
8 858 0.1945
8 860 0.1445
8 861 0.1945
8 862 0.2832
8 864 0.2832
8 865 0.2832
8 866 0.1977
8 867 0.2912
8 868 0.1945
8 869 0.2588
8 870 0.1945
8 871 0.3358
8 872 0.6246
8 875 0.1977
8 876 0.1945
8 878 0.1977
8 880 0.3550
8 881 0.1945
8 882 0.1945
8 883 0.1945
8 884 0.1945
8 886 0.1977
8 887 0.3674
8 889 0.2588
8 890 0.1977
8 891 0.3822
8 893 0.2832
8 895 0.1945
8 896 0.1977
8 898 0.4658
8 900 0.1445
8 901 0.3822
8 903 0.6200
8 905 0.1977
8 907 0.1977
8 908 0.1945
8 909 0.2832
8 910 0.1977
8 914 0.2912
8 915 0.6379
8 918 0.1977
8 919 0.1977
8 921 0.1945
8 922 0.2912
8 924 0.1945
8 928 0.1945
8 929 0.2832
8 930 0.2832
8 934 0.1977
8 935 0.3851
8 936 0.1775
8 938 0.1945
8 940 0.1945
8 942 0.3494
8 943 0.1945
8 946 0.3713
8 947 0.2761
8 948 0.1977
8 950 0.1945
8 952 0.1775
8 953 0.4411
8 954 0.1977
8 955 0.1945
8 956 0.1977
8 958 0.1977
8 959 0.1977
8 960 0.6538
8 964 0.1977
8 965 0.1945
8 966 0.1977
8 967 0.2832
8 968 0.2912
8 971 0.1945
8 972 0.1977
8 973 0.1977
8 974 0.7492
8 976 0.2832
8 977 0.1445
8 978 0.1945
8 979 0.5259
8 980 0.2832
8 983 0.1945
8 984 0.1775
8 987 0.2832
8 989 0.1945
8 990 0.1977
8 993 0.5781
8 994 0.5706
8 995 0.2832
8 996 0.1977
8 1000 0.1977
8 1001 0.2832
8 1002 0.5111
8 1003 0.3713
8 1004 0.5957
8 1006 0.1977
8 1007 0.5603
8 1008 0.1945
8 1014 0.3713
8 1015 0.3358
8 1018 0.1977
8 1019 0.1945
8 1020 0.1945
8 1022 0.2912
8 1023 0.1977
8 1024 0.1945
8 1027 0.2912
8 1029 0.3550
8 1030 0.3713
8 1032 0.1977
8 1033 0.1945
8 1036 0.2832
8 1037 0.1945
8 1039 0.1445
8 1042 0.1945
8 1043 0.1977
8 1046 0.1977
8 1047 0.1977
8 1048 0.1977
8 1049 0.1977
8 1050 0.1945
8 1051 0.1977
8 1053 0.1977
8 1056 0.2832
8 1057 0.1945
8 1058 0.1977
8 1059 0.1977
8 1060 0.3215
8 1061 0.1945
8 1063 0.3822
8 1064 0.1977
8 1065 0.2832
8 1066 0.2912
8 1067 0.1977
8 1068 0.6204
8 1069 0.1445
8 1070 0.1977
8 1072 0.1977
8 1075 0.1945
8 1076 0.1977
8 1078 0.1977
8 1079 0.3358
8 1080 0.1977
8 1081 0.1977
8 1082 0.1977
8 1083 0.3713
8 1084 0.1977
8 1085 0.1977
8 1087 0.1977
8 1089 0.1945
8 1090 0.1977
8 1093 0.1977
8 1094 0.1977
8 1099 0.3713
8 1102 0.1977
8 1103 0.1945
8 1104 0.1945
8 1105 0.2912
8 1106 0.1775
8 1107 0.1977
8 1108 0.1945
8 1111 0.1945
8 1113 0.1977
8 1115 0.1977
8 1116 0.1977
8 1117 0.1945
8 1118 0.1945
8 1119 0.1977
8 1120 0.1945
8 1122 0.1977
8 1123 0.1977
8 1124 0.1977
8 1125 0.1945
8 1126 0.2832
8 1127 0.1977
8 1128 0.1945
8 1129 0.1945
8 1130 0.2912
8 1132 0.1977
8 1133 0.1945
8 1134 0.1977
8 1135 0.2912
8 1138 0.2427
8 1139 0.1977
8 1141 0.1977
8 1143 0.1445
8 1147 0.2832
8 1149 0.1977
8 1150 0.1945
8 1152 0.4658
8 1153 0.1977
8 1154 0.6656
8 1155 0.1977
8 1156 0.1977
8 1157 0.1977
8 1158 0.1977
8 1159 0.1977
8 1160 0.1977
8 1161 0.1977
8 1162 0.1977
8 1163 0.6478
8 1165 0.1945
8 1166 0.1977
8 1167 0.1977
8 1169 0.2221
8 1172 0.1977
8 1174 0.1977
8 1176 0.1977
8 1177 0.1445
8 1180 0.3513
8 1182 0.1977
8 1185 0.1977
8 1186 0.1945
8 1187 0.2832
8 1189 0.1945
8 1191 0.1977
8 1192 0.1945
8 1193 0.4033
8 1194 0.2240
8 1199 0.2832
8 1200 0.1945
8 1201 0.1977
8 1202 0.1977
8 1203 0.2832
8 1204 0.1945
8 1206 0.1977
8 1207 0.1977
8 1208 0.1945
8 1209 0.1977
8 1210 0.3358
8 1211 0.4851
8 1212 0.1945
8 1213 0.1977
8 1216 0.1977
8 1217 0.2912
8 1218 0.1945
8 1219 0.1977
8 1221 0.2912
8 1223 0.3358
8 1225 0.6725
8 1226 0.2912
8 1227 0.1977
8 1228 0.1977
8 1229 0.2832
8 1230 0.1977
8 1231 0.1977
8 1233 0.1977
8 1236 0.1445
8 1237 0.1445
8 1240 0.1445
8 1241 0.1977
8 1242 0.4483
8 1244 0.1977
8 1246 0.1977
8 1247 0.2912
8 1248 0.1977
8 1249 0.1977
8 1250 0.1945
8 1251 0.1977
8 1252 0.2832
8 1256 0.2832
8 1257 0.1977
8 1259 0.1945
8 1260 0.3713
8 1262 0.1945
8 1263 0.1977
8 1265 0.1945
8 1267 0.1977
8 1268 0.1945
8 1270 0.1945
8 1271 0.3550
8 1272 0.1977
8 1273 0.1445
8 1274 0.1977
8 1275 0.4658
8 1276 0.1945
8 1279 0.3713
8 1280 0.1445
8 1282 0.1945
8 1283 0.3358
8 1284 0.1977
8 1287 0.2832
8 1288 0.1977
8 1289 0.1977
8 1291 0.1977
8 1292 0.6977
8 1293 0.1977
8 1296 0.1977
8 1298 0.2972
8 1299 0.1977
8 1300 0.1977
8 1301 0.1945
8 1303 0.4119
8 1304 0.1977
8 1306 0.1977
8 1307 0.1445
8 1308 0.1977
8 1310 0.1945
8 1316 0.6953
8 1319 0.1977
8 1320 0.1977
8 1323 0.1977
8 1326 0.1977
8 1327 0.1445
8 1330 0.2832
8 1331 0.1977
8 1333 0.1977
8 1334 0.1977
8 1335 0.1977
8 1337 0.1977
8 1338 0.1977
8 1342 0.5410
8 1343 0.1945
8 1344 0.2832
8 1346 0.1445
8 1348 0.1945
8 1349 0.1977
8 1350 0.1977
8 1353 0.1977
8 1358 0.1977
8 1360 0.1977
8 1362 0.1977
8 1363 0.1945
8 1367 0.3052
8 1368 0.1445
8 1369 0.2912
8 1370 0.4851
8 1372 0.1945
8 1374 0.1445
8 1375 0.1977
8 1376 0.1977
8 1379 0.1977
8 1380 0.1977
8 1381 0.1977
8 1383 0.1977
8 1386 0.1945
8 1387 0.1945
8 1388 0.2832
8 1390 0.1945
8 1394 0.1945
8 1395 0.1977
8 1396 0.1445
8 1397 0.2912
8 1398 0.1977
8 1401 0.1445
8 1402 0.1977
8 1405 0.1977
8 1406 0.1977
8 1407 0.1945
8 1408 0.1945
8 1411 0.1977
8 1412 0.1977
8 1413 0.1977
8 1415 0.1977
8 1416 0.1945
8 1419 0.2832
8 1421 0.1977
8 1424 0.1977
8 1425 0.1977
8 1426 0.1945
8 1427 0.1977
8 1428 0.1977
8 1433 0.1977
8 1434 0.7067
8 1435 0.6491
8 1436 0.1977
8 1437 0.2832
8 1438 0.1945
8 1439 0.1445
8 1440 0.3358
8 1441 0.1977
8 1449 0.1977
8 1451 0.1977
8 1452 0.2832
8 1453 0.1977
8 1454 0.1977
8 1456 0.1945
8 1457 0.1977
8 1458 0.1977
8 1462 0.1977
8 1464 0.1977
8 1468 0.1977
8 1472 0.1977
8 1473 0.1977
8 1474 0.1977
8 1479 0.3713
8 1480 0.1445
8 1481 0.1977
8 1485 0.1945
8 1487 0.1445
8 1491 0.2832
8 1493 0.1945
8 1494 0.1977
8 1497 0.1977
8 1498 0.1445
8 1499 0.1977
8 1500 0.1945
8 1503 0.2912
8 1504 0.2832
8 1507 0.1977
8 1511 0.1977
8 1512 0.2912
8 1515 0.1977
8 1516 0.1945
8 1517 0.1945
8 1518 0.1977
8 1519 0.5407
8 1520 0.5410
8 1522 0.2912
8 1526 0.3036
8 1527 0.2240
8 1529 0.2832
8 1530 0.3713
8 1532 0.2912
8 1535 0.2832
8 1536 0.1945
8 1538 0.3281
8 1541 0.1945
8 1542 0.1977
8 1544 0.1977
8 1547 0.1945
8 1548 0.1945
8 1549 0.1977
8 1550 0.1977
8 1551 0.2588
8 1554 0.1977
8 1557 0.1977
8 1565 0.1977
8 1567 0.1945
8 1568 0.1977
8 1570 0.1977
8 1571 0.1445
8 1574 0.1977
8 1577 0.1977
8 1578 0.1977
8 1580 0.1945
8 1581 0.1977
8 1582 0.2832
8 1583 0.1945
8 1585 0.2832
8 1587 0.1977
8 1588 0.1945
8 1591 0.2832
8 1592 0.1977
8 1593 0.2832
8 1594 0.1977
8 1595 0.1977
8 1598 0.1977
8 1599 0.1977
8 1603 0.1945
8 1605 0.1977
8 1606 0.2832
8 1608 0.1945
8 1612 0.1977
8 1613 0.4851
8 1615 0.1977
8 1616 0.1977
8 1618 0.2832
8 1619 0.1945
8 1621 0.4483
8 1622 0.5843
8 1624 0.2912
8 1626 0.1977
8 1628 0.1945
8 1630 0.1945
8 1631 0.1977
8 1633 0.1945
8 1634 0.1945
8 1637 0.1977
8 1641 0.1977
8 1645 0.1977
8 1646 0.1977
8 1647 0.1977
8 1649 0.1977
8 1650 0.1945
8 1651 0.1977
8 1653 0.2832
8 1655 0.1977
8 1660 0.1977
8 1661 0.1945
8 1662 0.1977
8 1663 0.1977
8 1664 0.1977
8 1665 0.1977
8 1668 0.3550
8 1669 0.2832
8 1670 0.1977
8 1673 0.1977
8 1674 0.2912
8 1675 0.1977
8 1676 0.1977
8 1678 0.1945
8 1679 0.1977
8 1683 0.2832
8 1685 0.1977
8 1686 0.1977
8 1689 0.7134
8 1691 0.2832
8 1692 0.2832
8 1694 0.1945
8 1697 0.1445
8 1699 0.1977
8 1701 0.1977
8 1702 0.1775
8 1706 0.1945
8 1707 0.3822
8 1708 0.1977
8 1709 0.1977
8 1711 0.1445
8 1712 0.6558
8 1713 0.3358
8 1714 0.4179
8 1717 0.7369
8 1718 0.1445
8 1719 0.1977
8 1720 0.1977
8 1723 0.1945
8 1725 0.1945
8 1726 0.1977
8 1729 0.1977
9 10 0.4973
9 11 0.9006
9 12 0.6580
9 13 0.5734
9 14 0.5042
9 15 0.5612
9 16 0.5102
9 17 0.9593
9 18 0.6130
9 19 0.9727
9 20 0.4200
9 21 0.4973
9 22 0.4987
9 23 0.5042
9 24 0.5852
9 26 0.6808
9 27 0.5852
9 28 0.6130
9 29 0.4259
9 30 0.6284
9 31 0.4200
9 32 0.3731
9 33 0.4200
9 34 0.9680
9 35 0.8896
9 36 0.5042
9 37 0.5042
9 38 0.4259
9 39 0.6336
9 40 0.8611
9 41 0.6130
9 42 0.5604
9 43 0.5042
9 44 0.4200
9 45 0.3713
9 46 0.6755
9 47 0.4661
9 48 0.3680
9 49 0.5785
9 50 0.4661
9 51 0.4973
9 52 0.6580
9 53 0.3182
9 54 0.5042
9 55 0.7660
9 56 0.4200
9 57 0.5941
9 58 0.4259
9 59 0.5852
9 60 0.4847
9 61 0.4661
9 62 0.4259
9 63 0.4200
9 64 0.3731
9 65 0.4847
9 66 0.6212
9 67 0.3935
9 68 0.4200
9 69 0.4259
9 70 0.3182
9 71 0.5299
9 72 0.4200
9 73 0.5042
9 74 0.4285
9 75 0.8998
9 76 0.3731
9 77 0.3182
9 78 0.5042
9 79 0.4259
9 80 0.5921
9 81 0.4200
9 82 0.6212
9 83 0.4973
9 84 0.4973
9 85 0.5210
9 86 0.4661
9 87 0.5755
9 88 0.6755
9 89 0.3182
9 90 0.5042
9 91 0.6130
9 92 0.6130
9 93 0.6550
9 94 0.5042
9 95 0.5941
9 96 0.4259
9 97 0.8403
9 98 0.6550
9 99 0.5546
9 100 0.4828
9 101 0.4200
9 102 0.9242
9 103 0.4973
9 104 0.3935
9 105 0.8492
9 106 0.9567
9 107 0.4200
9 108 0.4259
9 109 0.3182
9 110 0.6591
9 111 0.6130
9 112 0.4259
9 113 0.7391
9 114 0.4200
9 115 0.5042
9 116 0.6389
9 117 0.6550
9 118 0.3182
9 119 0.5897
9 120 0.4973
9 121 0.5199
9 122 0.3182
9 123 0.6130
9 124 0.4200
9 125 0.4200
9 128 0.3182
9 129 0.3182
9 130 0.6252
9 131 0.8999
9 133 0.3182
9 134 0.6553
9 135 0.3182
9 136 0.4200
9 137 0.4661
9 138 0.3182
9 139 0.3182
9 140 0.4973
9 142 0.3713
9 143 0.5967
9 144 0.4200
9 145 0.4847
9 146 0.4259
9 147 0.6737
9 148 0.4259
9 149 0.3935
9 150 0.4259
9 151 0.5042
9 152 0.4973
9 153 0.5042
9 154 0.6212
9 156 0.3182
9 157 0.5042
9 158 0.4259
9 159 0.9777
9 160 0.4847
9 161 0.7998
9 162 0.6832
9 163 0.3182
9 164 0.3182
9 165 0.6122
9 166 0.4200
9 167 0.3182
9 168 0.4200
9 170 0.4973
9 171 0.5210
9 172 0.5852
9 173 0.4200
9 174 0.4200
9 175 0.5042
9 176 0.4259
9 177 0.3182
9 178 0.3182
9 179 0.4973
9 180 0.3182
9 181 0.6850
9 182 0.4847
9 183 0.7391
9 184 0.4200
9 185 0.3182
9 186 0.4259
9 187 0.4259
9 188 0.9167
9 189 0.3713
9 191 0.6591
9 192 0.4200
9 193 0.5365
9 194 0.5042
9 195 0.4259
9 196 0.5612
9 197 0.5697
9 198 0.4200
9 199 0.5042
9 200 0.4200
9 201 0.3935
9 202 0.4200
9 204 0.6284
9 206 0.6755
9 208 0.5042
9 209 0.6531
9 210 0.3731
9 211 0.8218
9 212 0.3182
9 214 0.4917
9 215 0.5852
9 216 0.4583
9 217 0.5210
9 218 0.9335
9 219 0.7095
9 221 0.4973
9 223 0.4200
9 224 0.7731
9 225 0.4200
9 227 0.3182
9 228 0.4200
9 229 0.3731
9 230 0.6631
9 231 0.4200
9 233 0.4973
9 234 0.4847
9 235 0.6631
9 236 0.5042
9 237 0.3182
9 238 0.5792
9 239 0.4259
9 240 0.4847
9 241 0.3182
9 242 0.4200
9 243 0.4973
9 245 0.3182
9 246 0.3182
9 247 0.3182
9 248 0.6591
9 249 0.4200
9 250 0.6056
9 251 0.3713
9 252 0.3182
9 253 0.4200
9 254 0.6336
9 255 0.3182
9 256 0.4259
9 257 0.3182
9 258 0.5852
9 259 0.3182
9 260 0.3182
9 262 0.8917
9 263 0.3182
9 264 0.6250
9 265 0.3182
9 266 0.6589
9 267 0.3182
