490 1581 0.2318
490 1582 0.3135
490 1583 0.2901
490 1585 0.3404
490 1587 0.2318
490 1588 0.2894
490 1591 0.2939
490 1592 0.2310
490 1593 0.2709
490 1594 0.2220
490 1595 0.2484
490 1598 0.2223
490 1599 0.2310
490 1603 0.2573
490 1605 0.2145
490 1606 0.3352
490 1608 0.2573
490 1612 0.2310
490 1613 0.2846
490 1615 0.2223
490 1616 0.2145
490 1618 0.3277
490 1619 0.2894
490 1621 0.2241
490 1622 0.2481
490 1624 0.3566
490 1626 0.2558
490 1628 0.2798
490 1630 0.2554
490 1631 0.2501
490 1633 0.2685
490 1634 0.2938
490 1637 0.2223
490 1641 0.2318
490 1645 0.2225
490 1646 0.2145
490 1647 0.2436
490 1649 0.2223
490 1650 0.2554
490 1651 0.2318
490 1653 0.3497
490 1655 0.2318
490 1660 0.2225
490 1661 0.2554
490 1662 0.2318
490 1663 0.2501
490 1664 0.2145
490 1665 0.2530
490 1668 0.2678
490 1669 0.2866
490 1670 0.2318
490 1673 0.2223
490 1674 0.3020
490 1675 0.2145
490 1676 0.2318
490 1678 0.2573
490 1679 0.2530
490 1683 0.5710
490 1685 0.2223
490 1686 0.2318
490 1689 0.2648
490 1691 0.2843
490 1692 0.3135
490 1694 0.2952
490 1697 0.2339
490 1699 0.2558
490 1701 0.2421
490 1702 0.1760
490 1706 0.1748
490 1707 0.1939
490 1708 0.2582
490 1709 0.2310
490 1711 0.2339
490 1712 0.2097
490 1713 0.1796
490 1714 0.1974
490 1717 0.2188
490 1718 0.2339
490 1719 0.2145
490 1720 0.2318
490 1723 0.2685
490 1725 0.2972
490 1726 0.2318
490 1729 0.2145
491 492 0.2418
491 493 0.2242
491 494 0.2795
491 495 0.2492
491 496 0.2402
491 497 0.2409
491 498 0.6824
491 499 0.2133
491 500 0.2885
491 501 0.7044
491 503 0.2959
491 505 0.3149
491 506 0.2586
491 507 0.6649
491 508 0.2559
491 509 0.2225
491 511 0.2971
491 513 0.1924
491 514 0.3318
491 515 0.2845
491 516 0.2353
491 517 0.2754
491 518 0.2805
491 519 0.5326
491 520 0.4267
491 521 0.2559
491 522 0.2133
491 523 0.7811
491 525 0.2559
491 526 0.2266
491 527 0.2758
491 528 0.2098
491 529 0.2250
491 530 0.2649
491 531 0.2717
491 532 0.2250
491 533 0.4971
491 534 0.2409
491 535 0.2754
491 536 0.8546
491 537 0.2762
491 539 0.2133
491 540 0.3106
491 541 0.2754
491 544 0.2842
491 545 0.2242
491 548 0.2547
491 549 0.2718
491 552 0.2812
491 555 0.2913
491 556 0.6174
491 558 0.2767
491 559 0.7073
491 560 0.9181
491 561 0.2812
491 562 0.5619
491 563 0.1790
491 564 0.6697
491 565 0.3808
491 567 0.2973
491 568 0.8828
491 569 0.8229
491 570 0.2944
491 571 0.2133
491 572 0.2878
491 573 0.3149
491 574 0.1965
491 575 0.2242
491 576 0.2650
491 577 0.2540
491 578 0.4794
491 579 0.2242
491 581 0.2525
491 582 0.6926
491 583 0.6635
491 584 0.1809
491 585 0.2004
491 586 0.2921
491 587 0.3476
491 589 0.2402
491 590 0.2379
491 591 0.2402
491 593 0.2250
491 598 0.2133
491 599 0.5535
491 600 0.2459
491 601 0.2805
491 602 0.2402
491 605 0.2172
491 607 0.2133
491 610 0.2583
491 612 0.2402
491 613 0.5618
491 614 0.2870
491 618 0.4746
491 619 0.3057
491 621 0.2271
491 622 0.2353
491 625 0.2700
491 626 0.9118
491 627 0.2594
491 628 0.8307
491 629 0.2133
491 631 0.2486
491 632 0.1800
491 633 0.1774
491 634 0.2133
491 637 0.2342
491 638 0.2602
491 639 0.9435
491 640 0.2402
491 641 0.2920
491 642 0.2949
491 643 0.2402
491 645 0.2559
491 646 0.2452
491 648 0.4994
491 649 0.5032
491 650 0.1999
491 651 0.2136
491 652 0.3052
491 653 0.2869
491 654 0.2133
491 656 0.2364
491 657 0.3657
491 658 0.2333
491 659 0.4044
491 661 0.2694
491 662 0.2805
491 664 0.2648
491 666 0.7041
491 667 0.4746
491 671 0.1855
491 673 0.4980
491 674 0.2582
491 675 0.2133
491 676 0.3145
491 677 0.2172
491 679 0.1924
491 680 0.7091
491 681 0.2547
491 684 0.2172
491 685 0.5113
491 686 0.2444
491 687 0.2758
491 688 0.3184
491 689 0.2298
491 690 0.2427
491 691 0.2513
491 692 0.7682
491 694 0.4484
491 695 0.2242
491 696 0.3795
491 697 0.2172
491 698 0.1869
491 699 0.2583
491 700 0.2591
491 702 0.2012
491 703 0.2212
491 704 0.1924
491 705 0.2172
491 706 0.8838
491 707 0.6516
491 708 0.2505
491 709 0.2250
491 710 0.6166
491 711 0.2074
491 712 0.4524
491 713 0.2271
491 714 0.4025
491 716 0.2266
491 717 0.2242
491 718 0.3023
491 721 0.2973
491 722 0.8310
491 723 0.2284
491 726 0.3428
491 727 0.2172
491 728 0.2341
491 729 0.2675
491 731 0.2559
491 732 0.2902
491 733 0.2242
491 734 0.2959
491 735 0.3141
491 736 0.2016
491 737 0.2428
491 738 0.2547
491 740 0.2626
491 741 0.2621
491 742 0.1802
491 743 0.2463
491 744 0.1665
491 745 0.1692
491 747 0.4658
491 748 0.2037
491 750 0.1933
491 751 0.2547
491 752 0.1861
491 753 0.2881
491 754 0.2172
491 755 0.2301
491 758 0.2812
491 759 0.2133
491 760 0.7297
491 762 0.2941
491 763 0.3508
491 764 0.4944
491 766 0.2172
491 767 0.2885
491 768 0.2070
491 769 0.2788
491 770 0.2868
491 771 0.6390
491 772 0.2559
491 775 0.1960
491 776 0.1697
491 777 0.2740
491 778 0.3087
491 780 0.2353
491 781 0.2133
491 783 0.2805
491 785 0.2824
491 786 0.1866
491 787 0.2242
491 789 0.3764
491 793 0.2018
491 794 0.2042
491 797 0.2133
491 798 0.6688
491 799 0.2227
491 801 0.5850
491 803 0.7457
491 804 0.2090
491 805 0.2535
491 806 0.2643
491 808 0.3813
491 809 0.2271
491 810 0.5879
491 811 0.9329
491 815 0.2559
491 816 0.2402
491 817 0.3593
491 818 0.4456
491 819 0.5314
491 821 0.2353
491 822 0.5792
491 823 0.2068
491 825 0.2133
491 827 0.1743
491 829 0.2661
491 830 0.2547
491 831 0.2559
491 832 0.3874
491 833 0.2559
491 834 0.2172
491 835 0.2172
491 836 0.1788
491 837 0.2409
491 838 0.3260
491 839 0.2513
491 840 0.2402
491 841 0.2661
491 842 0.2242
491 843 0.2402
491 845 0.3237
491 846 0.2690
491 849 0.2841
491 851 0.1960
491 855 0.2172
491 856 0.3461
491 858 0.2661
491 860 0.2242
491 861 0.2711
491 862 0.7490
491 864 0.1729
491 865 0.5119
491 866 0.2133
491 867 0.2061
491 868 0.2812
491 869 0.6538
491 870 0.2304
491 871 0.7565
491 872 0.2119
491 875 0.2172
491 876 0.2742
491 878 0.2172
491 880 0.3051
491 881 0.4251
491 882 0.2514
491 883 0.2812
491 884 0.2758
491 886 0.2402
491 887 0.1882
491 889 0.2652
491 890 0.2133
491 891 0.4060
491 893 0.2644
491 895 0.2785
491 896 0.2172
491 898 0.7777
491 900 0.2242
491 901 0.2050
491 903 0.9188
491 905 0.2547
491 907 0.2133
491 908 0.2973
491 909 0.1909
491 910 0.2559
491 914 0.3294
491 915 0.1884
491 918 0.2559
491 919 0.2559
491 921 0.1760
491 922 0.3288
491 924 0.2754
491 928 0.2812
491 929 0.2841
491 930 0.1747
491 934 0.3989
491 935 0.1693
491 936 0.2482
491 938 0.2706
491 940 0.2754
491 942 0.1651
491 943 0.2964
491 946 0.2587
491 947 0.1767
491 948 0.2183
491 950 0.1655
491 952 0.1729
491 953 0.2094
491 954 0.2133
491 955 0.4421
491 956 0.2357
491 958 0.2172
491 959 0.2133
491 960 0.2302
491 964 0.2250
491 965 0.2475
491 966 0.2333
491 967 0.4714
491 968 0.2420
491 971 0.2973
491 972 0.2333
491 973 0.2564
491 974 0.2279
491 976 0.6722
491 977 0.2242
491 978 0.2661
491 979 0.1801
491 980 0.3027
491 983 0.5008
491 984 0.1729
491 987 0.3111
491 989 0.2587
491 990 0.2559
491 993 0.1988
491 994 0.2279
491 995 0.3014
491 996 0.2133
491 1000 0.2223
491 1001 0.6079
491 1002 0.9055
491 1003 0.2956
491 1004 0.8698
491 1006 0.2402
491 1007 0.8312
491 1008 0.5031
491 1014 0.3155
491 1015 0.2748
491 1018 0.4267
491 1019 0.2885
491 1020 0.2698
491 1022 0.3552
491 1023 0.2333
491 1024 0.2107
491 1027 0.3430
491 1029 0.1836
491 1030 0.3653
491 1032 0.2402
491 1033 0.2812
491 1036 0.6783
491 1037 0.2661
491 1039 0.2242
491 1042 0.2648
491 1043 0.2271
491 1046 0.2271
491 1047 0.2402
491 1048 0.2172
491 1049 0.2183
491 1050 0.2241
491 1051 0.4707
491 1053 0.4756
491 1056 0.2570
491 1057 0.3021
491 1058 0.3571
491 1059 0.2172
491 1060 0.9082
491 1061 0.2805
491 1063 0.3132
491 1064 0.2172
491 1065 0.1727
491 1066 0.3432
491 1067 0.2133
491 1068 0.1908
491 1069 0.2242
491 1070 0.2172
491 1072 0.4028
491 1075 0.2973
491 1076 0.2547
491 1078 0.2225
491 1079 0.2862
491 1080 0.2222
491 1081 0.3969
491 1082 0.2172
491 1083 0.3655
491 1084 0.2402
491 1085 0.2133
491 1087 0.2133
491 1089 0.2973
491 1090 0.2114
491 1093 0.2133
491 1094 0.2333
491 1099 0.4009
491 1102 0.2172
491 1103 0.2560
491 1104 0.2614
491 1105 0.3262
491 1106 0.2268
491 1107 0.2559
491 1108 0.2491
491 1111 0.4313
491 1113 0.5070
491 1115 0.4626
491 1116 0.2264
491 1117 0.2973
491 1118 0.2973
491 1119 0.2547
491 1120 0.4939
491 1122 0.2402
491 1123 0.2172
491 1124 0.2133
491 1125 0.1756
491 1126 0.2197
491 1127 0.2172
491 1128 0.2423
491 1129 0.2305
491 1130 0.3348
491 1132 0.2547
491 1133 0.6549
491 1134 0.2402
491 1135 0.3357
491 1138 0.2564
491 1139 0.2172
491 1141 0.2548
491 1143 0.2242
491 1147 0.1725
491 1149 0.2133
491 1150 0.3021
491 1152 0.2947
491 1153 0.2133
491 1154 0.2028
491 1155 0.2172
491 1156 0.2172
491 1157 0.2402
491 1158 0.2402
491 1159 0.2705
491 1160 0.4142
491 1161 0.2227
491 1162 0.2172
491 1163 0.8008
491 1165 0.5115
491 1166 0.2402
491 1167 0.2402
491 1169 0.1670
491 1172 0.2133
491 1174 0.2172
491 1176 0.2402
491 1177 0.2242
491 1180 0.1737
491 1182 0.2172
491 1185 0.2250
491 1186 0.2740
491 1187 0.2667
491 1189 0.2560
491 1191 0.2103
491 1192 0.2995
491 1193 0.1753
491 1194 0.1695
491 1199 0.3216
491 1200 0.2845
491 1201 0.2133
491 1202 0.2705
491 1203 0.2769
491 1204 0.2745
491 1206 0.2172
491 1207 0.2133
491 1208 0.2847
491 1209 0.2308
491 1210 0.1981
491 1211 0.3791
491 1212 0.2805
491 1213 0.2283
491 1216 0.2172
491 1217 0.3491
491 1218 0.2403
491 1219 0.2559
491 1221 0.3396
491 1223 0.1894
491 1225 0.1841
491 1226 0.3693
491 1227 0.2172
491 1228 0.2172
491 1229 0.2021
491 1230 0.2172
491 1231 0.2588
491 1233 0.2402
491 1236 0.2242
491 1237 0.2242
491 1240 0.2242
491 1241 0.2333
491 1242 0.2384
491 1244 0.2133
491 1246 0.2402
491 1247 0.2884
491 1248 0.3399
491 1249 0.4106
491 1250 0.2758
491 1251 0.2172
491 1252 0.3476
491 1256 0.3410
491 1257 0.2172
491 1259 0.3083
491 1260 0.1867
491 1262 0.2745
491 1263 0.2510
491 1265 0.3021
491 1267 0.2559
491 1268 0.2552
491 1270 0.2488
491 1271 0.2110
491 1272 0.2547
491 1273 0.2547
491 1274 0.2133
491 1275 0.2151
491 1276 0.2801
491 1279 0.2461
491 1280 0.2242
491 1282 0.4644
491 1283 0.8558
491 1284 0.4030
491 1287 0.5651
491 1288 0.3593
491 1289 0.4030
491 1291 0.4422
491 1292 0.9294
491 1293 0.6635
491 1296 0.3533
491 1298 0.7752
491 1299 0.4422
491 1300 0.3647
491 1301 0.5082
491 1303 0.8302
491 1304 0.4267
491 1306 0.2133
491 1307 0.2242
491 1308 0.2133
491 1310 0.7233
491 1316 0.8542
491 1319 0.4529
491 1320 0.4534
491 1323 0.2172
491 1326 0.2172
491 1327 0.2242
491 1330 0.3448
491 1331 0.2223
491 1333 0.2547
491 1334 0.2133
491 1335 0.2133
491 1337 0.2172
491 1338 0.2463
491 1342 0.2330
491 1343 0.2885
491 1344 0.3476
491 1346 0.2242
491 1348 0.3128
491 1349 0.2547
491 1350 0.2172
491 1353 0.2402
491 1358 0.2559
491 1360 0.2402
491 1362 0.2172
491 1363 0.3021
491 1367 0.2272
491 1368 0.2242
491 1369 0.3519
491 1370 0.2334
491 1372 0.2916
491 1374 0.2242
491 1375 0.2559
491 1376 0.2133
491 1379 0.2172
491 1380 0.2133
491 1381 0.2172
491 1383 0.2402
491 1386 0.2560
491 1387 0.3021
491 1388 0.3163
491 1390 0.2885
491 1394 0.2815
491 1395 0.2559
491 1396 0.2242
491 1397 0.2455
491 1398 0.2172
491 1401 0.2242
491 1402 0.2547
491 1405 0.2348
491 1406 0.2133
491 1407 0.2742
491 1408 0.2479
491 1411 0.2172
491 1412 0.2402
491 1413 0.2547
491 1415 0.2754
491 1416 0.2740
491 1419 0.3246
491 1421 0.1844
491 1424 0.2172
491 1425 0.2402
491 1426 0.2801
491 1427 0.2402
491 1428 0.2133
491 1433 0.2402
491 1434 0.2527
491 1435 0.1968
491 1436 0.2402
491 1437 0.1712
491 1438 0.2471
491 1439 0.2242
491 1440 0.1660
491 1441 0.2458
491 1449 0.2402
491 1451 0.2172
491 1452 0.3149
491 1453 0.2133
491 1454 0.2133
491 1456 0.2805
491 1457 0.2172
491 1458 0.2250
491 1462 0.2133
491 1464 0.2172
491 1468 0.2133
491 1472 0.2172
491 1473 0.2353
491 1474 0.2172
491 1479 0.3959
491 1480 0.2242
491 1481 0.2402
491 1485 0.2730
491 1487 0.2242
491 1491 0.2721
491 1493 0.2885
491 1494 0.2547
491 1497 0.2133
491 1498 0.2242
491 1499 0.5419
491 1500 0.2754
491 1503 0.3397
491 1504 0.3151
491 1507 0.3808
491 1511 0.2133
491 1512 0.3878
491 1515 0.2172
491 1516 0.2661
491 1517 0.2770
491 1518 0.2172
491 1519 0.9206
491 1520 0.8580
491 1522 0.6983
491 1526 0.8749
491 1527 0.6290
491 1529 0.3410
491 1530 0.8315
491 1532 0.7429
491 1535 0.4928
491 1536 0.4111
491 1538 0.7790
491 1541 0.2661
491 1542 0.4151
491 1544 0.3633
491 1547 0.4681
491 1548 0.6959
491 1549 0.3263
491 1550 0.3385
491 1551 0.5983
491 1554 0.4529
491 1557 0.2402
491 1565 0.2172
491 1567 0.5103
491 1568 0.2250
491 1570 0.2463
491 1571 0.2242
491 1574 0.2172
491 1577 0.2559
491 1578 0.2172
491 1580 0.2562
491 1581 0.2402
491 1582 0.3185
491 1583 0.2921
491 1585 0.3357
491 1587 0.2402
491 1588 0.2812
491 1591 0.2860
491 1592 0.2559
491 1593 0.2740
491 1594 0.4034
491 1595 0.2250
491 1598 0.2172
491 1599 0.2559
491 1603 0.2661
491 1605 0.2133
491 1606 0.3476
491 1608 0.2661
491 1612 0.2559
491 1613 0.2465
491 1615 0.2172
491 1616 0.2133
491 1618 0.3216
491 1619 0.2812
491 1621 0.2140
491 1622 0.2231
491 1624 0.3439
491 1626 0.2547
491 1628 0.2764
491 1630 0.2805
491 1631 0.2353
491 1633 0.2560
491 1634 0.2790
491 1637 0.2172
491 1641 0.2402
491 1645 0.2103
491 1646 0.2133
491 1647 0.2405
491 1649 0.2172
491 1650 0.2805
491 1651 0.2402
491 1653 0.3428
491 1655 0.2402
491 1660 0.2103
491 1661 0.2805
491 1662 0.2402
491 1663 0.2353
491 1664 0.2133
491 1665 0.2333
491 1668 0.2488
491 1669 0.2717
491 1670 0.2402
491 1673 0.2172
491 1674 0.2736
491 1675 0.2133
491 1676 0.2402
491 1678 0.2661
491 1679 0.2333
491 1683 0.3116
491 1685 0.2172
491 1686 0.2402
491 1689 0.2355
491 1691 0.2887
491 1692 0.3185
491 1694 0.2868
491 1697 0.2242
491 1699 0.2547
491 1701 0.2373
491 1702 0.1673
491 1706 0.1651
491 1707 0.1818
491 1708 0.2475
491 1709 0.2559
491 1711 0.2242
491 1712 0.1929
491 1713 0.1715
491 1714 0.1795
491 1717 0.2043
491 1718 0.2242
491 1719 0.2133
491 1720 0.2402
491 1723 0.2700
491 1725 0.2885
491 1726 0.2402
491 1729 0.2133
492 493 0.2135
492 494 0.2652
492 495 0.2323
492 496 0.2279
492 497 0.2379
492 498 0.1872
492 499 0.2103
492 500 0.2806
492 501 0.2829
492 503 0.2549
492 505 0.2916
492 506 0.4082
492 507 0.1568
492 508 0.2368
492 509 0.2140
492 511 0.2663
492 513 0.3858
492 514 0.3085
492 515 0.2670
492 516 0.2313
492 517 0.2638
492 518 0.2590
492 519 0.3167
492 520 0.2265
492 521 0.2368
492 522 0.2103
492 523 0.1608
492 525 0.2368
492 526 0.2418
492 527 0.2515
492 528 0.5866
492 529 0.2500
492 530 0.2262
492 531 0.2610
492 532 0.2500
492 533 0.2705
492 534 0.4630
492 535 0.2638
492 536 0.2019
492 537 0.2615
492 539 0.2103
492 540 0.6407
492 541 0.2638
492 544 0.2773
492 545 0.2135
492 548 0.2485
492 549 0.2436
492 552 0.2742
492 555 0.2771
492 556 0.1993
492 558 0.2588
492 559 0.1606
492 560 0.1651
492 561 0.2742
492 562 0.1737
492 563 0.9330
492 564 0.1996
492 565 0.2541
492 567 0.4782
492 568 0.1812
492 569 0.1738
492 570 0.2834
492 571 0.2103
492 572 0.2701
492 573 0.2916
492 574 0.6756
492 575 0.2135
492 576 0.4381
492 577 0.2447
492 578 0.2409
492 579 0.2135
492 581 0.2469
492 582 0.1562
492 583 0.2377
492 584 0.7286
492 585 0.7036
492 586 0.2629
492 587 0.2927
492 589 0.2541
492 590 0.2666
492 591 0.2541
492 593 0.2500
492 598 0.2103
492 599 0.2626
492 600 0.4166
492 601 0.2590
492 602 0.2541
492 605 0.2124
492 607 0.2103
492 610 0.2654
492 612 0.2279
492 613 0.2068
492 614 0.2768
492 618 0.2485
492 619 0.5563
492 621 0.2336
492 622 0.2313
492 625 0.2621
492 626 0.2368
492 627 0.2576
492 628 0.1620
492 629 0.2103
492 631 0.4885
492 632 0.8405
492 633 0.8283
492 634 0.2103
492 637 0.2413
492 638 0.2440
492 639 0.1883
492 640 0.2541
492 641 0.3970
492 642 0.2705
492 643 0.2541
492 645 0.2368
492 646 0.5168
492 648 0.1913
492 649 0.2293
492 650 0.1882
492 651 0.7031
492 652 0.5199
492 653 0.2940
492 654 0.2103
492 656 0.2120
492 657 0.2541
492 658 0.2383
492 659 0.2642
492 661 0.4018
492 662 0.2590
492 664 0.2667
492 666 0.3295
492 667 0.2485
492 671 0.7548
492 673 0.2204
492 674 0.2369
492 675 0.2103
492 676 0.3223
492 677 0.2124
492 679 0.3858
492 680 0.2809
492 681 0.2485
492 684 0.2124
492 685 0.2471
492 686 0.3982
492 687 0.4313
492 688 0.3136
492 689 0.2264
492 690 0.4556
492 691 0.2427
492 692 0.2142
492 694 0.2319
492 695 0.2135
492 696 0.2659
492 697 0.2124
492 698 0.6769
492 699 0.2654
492 700 0.2437
492 702 0.7517
492 703 0.6443
492 704 0.3858
492 705 0.2124
492 706 0.1695
492 707 0.2044
492 708 0.2305
492 709 0.3945
492 710 0.2548
492 711 0.8102
492 712 0.1558
492 713 0.2336
492 714 0.3845
492 716 0.4332
492 717 0.2135
492 718 0.2875
492 721 0.2705
492 722 0.2057
492 723 0.2118
492 726 0.4258
492 727 0.2124
492 728 0.6796
492 729 0.4469
492 731 0.2368
492 732 0.2904
492 733 0.2135
492 734 0.2549
492 735 0.2913
492 736 0.5198
492 737 0.4202
492 738 0.2485
492 740 0.2568
492 741 0.2442
492 742 0.1667
492 743 0.3832
492 744 0.8352
492 745 0.7249
492 747 0.2379
492 748 0.2073
492 750 0.1814
492 751 0.2485
492 752 0.9463
492 753 0.6118
492 754 0.2124
492 755 0.6434
492 758 0.2742
492 759 0.2103
492 760 0.2297
492 762 0.2563
492 763 0.5489
492 764 0.2368
492 766 0.2124
492 767 0.2806
492 768 0.7124
492 769 0.2429
492 770 0.2805
492 771 0.2185
492 772 0.2368
492 775 0.6534
492 776 0.7895
492 777 0.2630
492 778 0.2969
492 780 0.2313
492 781 0.2103
492 783 0.2590
492 785 0.7022
492 786 0.7401
492 787 0.2135
492 789 0.7601
492 793 0.1980
492 794 0.5414
492 797 0.2103
492 798 0.2837
492 799 0.7093
492 801 0.2715
492 803 0.1778
492 804 0.2126
492 805 0.6760
492 806 0.2653
492 808 0.3638
492 809 0.2336
492 810 0.2161
492 811 0.2014
492 815 0.2368
492 816 0.2541
492 817 0.2150
492 818 0.2162
492 819 0.3194
492 821 0.2313
492 822 0.2418
492 823 0.6578
492 825 0.2103
492 827 0.7715
492 829 0.2832
492 830 0.2485
492 831 0.3408
492 832 0.6815
492 833 0.2368
492 834 0.2124
492 835 0.2124
492 836 0.5731
492 837 0.2379
492 838 0.5694
492 839 0.2561
492 840 0.2541
492 841 0.2832
492 842 0.2135
492 843 0.2541
492 845 0.3182
492 846 0.4105
492 849 0.4396
492 851 0.9475
492 855 0.2124
492 856 0.3173
492 858 0.2832
492 860 0.2135
492 861 0.2617
492 862 0.2595
492 864 0.7046
492 865 0.3184
492 866 0.2103
492 867 0.5551
492 868 0.2742
492 869 0.1638
492 870 0.5891
492 871 0.1623
492 872 0.7323
492 875 0.2124
492 876 0.2598
492 878 0.2124
492 880 0.2546
492 881 0.2160
492 882 0.2564
492 883 0.4090
492 884 0.2515
492 886 0.2541
492 887 0.7923
492 889 0.2873
492 890 0.2103
492 891 0.3790
492 893 0.6652
492 895 0.7048
492 896 0.2124
492 898 0.1655
492 900 0.2135
492 901 0.2102
492 903 0.1941
492 905 0.2485
492 907 0.2103
492 908 0.2705
492 909 0.5609
492 910 0.2368
492 914 0.3022
492 915 0.7984
492 918 0.4207
492 919 0.2368
492 921 0.5740
492 922 0.2840
492 924 0.2638
492 928 0.2742
492 929 0.2660
492 930 0.6382
492 934 0.2124
492 935 0.7437
492 936 0.2376
492 938 0.2452
492 940 0.2638
492 942 0.7284
492 943 0.2549
492 946 0.2716
492 947 0.7332
492 948 0.4424
492 950 0.5360
492 952 0.5176
492 953 0.2025
492 954 0.2103
492 955 0.2048
492 956 0.4937
492 958 0.2124
492 959 0.2103
492 960 0.2394
492 964 0.2500
492 965 0.2576
492 966 0.2315
492 967 0.2521
492 968 0.2260
492 971 0.2705
492 972 0.2383
492 973 0.2434
492 974 0.2668
492 976 0.1647
492 977 0.2135
492 978 0.2832
492 979 0.8869
492 980 0.2805
492 983 0.2106
492 984 0.5176
492 987 0.2835
492 989 0.7843
492 990 0.2368
492 993 0.9466
492 994 0.8906
492 995 0.4721
492 996 0.2103
492 1000 0.3486
492 1001 0.2150
492 1002 0.1685
492 1003 0.2964
492 1004 0.1626
492 1006 0.2541
492 1007 0.2287
492 1008 0.2515
492 1014 0.3099
492 1015 0.2703
492 1018 0.2265
492 1019 0.2806
492 1020 0.4107
492 1022 0.5117
492 1023 0.2315
492 1024 0.2015
492 1027 0.3247
492 1029 0.7737
492 1030 0.3060
492 1032 0.2541
492 1033 0.2742
492 1036 0.1745
492 1037 0.2832
492 1039 0.2135
492 1042 0.2753
492 1043 0.2336
492 1046 0.2336
492 1047 0.4280
492 1048 0.2124
492 1049 0.3137
492 1050 0.3510
492 1051 0.2255
492 1053 0.2339
492 1056 0.2595
492 1057 0.2612
492 1058 0.2500
492 1059 0.2124
492 1060 0.1716
492 1061 0.2590
492 1063 0.2760
492 1064 0.2124
492 1065 0.6717
492 1066 0.3454
492 1067 0.2103
492 1068 0.8356
492 1069 0.2135
492 1070 0.2124
492 1072 0.2359
492 1075 0.2705
492 1076 0.2485
492 1078 0.2140
492 1079 0.2831
492 1080 0.2114
492 1081 0.2305
492 1082 0.2124
492 1083 0.3112
492 1084 0.2541
492 1085 0.2103
492 1087 0.2103
492 1089 0.2705
492 1090 0.3313
492 1093 0.2103
492 1094 0.2383
492 1099 0.3934
492 1102 0.2124
492 1103 0.2508
492 1104 0.2478
492 1105 0.4499
492 1106 0.2098
492 1107 0.2368
492 1108 0.5370
492 1111 0.2806
492 1113 0.2305
492 1115 0.2104
492 1116 0.2229
492 1117 0.2705
492 1118 0.4930
492 1119 0.2485
492 1120 0.2532
492 1122 0.2541
492 1123 0.2124
492 1124 0.2103
492 1125 0.5831
492 1126 0.6276
492 1127 0.2124
492 1128 0.3324
492 1129 0.2116
492 1130 0.3199
492 1132 0.2485
492 1133 0.2445
492 1134 0.2541
492 1135 0.3063
492 1138 0.4810
492 1139 0.2124
492 1141 0.3995
492 1143 0.2135
492 1147 0.4865
492 1149 0.2103
492 1150 0.4333
492 1152 0.2861
492 1153 0.2103
492 1154 0.9320
492 1155 0.2124
492 1156 0.3491
492 1157 0.2541
492 1158 0.2541
492 1159 0.2350
492 1160 0.2147
492 1161 0.7093
492 1162 0.2124
492 1163 0.2137
492 1165 0.2705
492 1166 0.2541
492 1167 0.2541
492 1169 0.7305
492 1172 0.2103
492 1174 0.2124
492 1176 0.2541
492 1177 0.2135
492 1180 0.6491
492 1182 0.2124
492 1185 0.4007
492 1186 0.2595
492 1187 0.5879
492 1189 0.2508
492 1191 0.3575
492 1192 0.2900
492 1193 0.7306
492 1194 0.7209
492 1199 0.2943
492 1200 0.2670
492 1201 0.2103
492 1202 0.2350
492 1203 0.6130
492 1204 0.2459
492 1206 0.3248
492 1207 0.2103
492 1208 0.4578
492 1209 0.3148
492 1210 0.7198
492 1211 0.3417
492 1212 0.2590
492 1213 0.4697
492 1216 0.2124
492 1217 0.3390
492 1218 0.2285
492 1219 0.2368
492 1221 0.3286
492 1223 0.5291
492 1225 0.7929
492 1226 0.3341
492 1227 0.2124
492 1228 0.2124
492 1229 0.3798
492 1230 0.2124
492 1231 0.4722
492 1233 0.2541
492 1236 0.2135
492 1237 0.2135
492 1240 0.2135
492 1241 0.2383
492 1242 0.2242
492 1244 0.2103
492 1246 0.2541
492 1247 0.2979
492 1248 0.2541
492 1249 0.2368
492 1250 0.2515
492 1251 0.2124
492 1252 0.3185
492 1256 0.3124
492 1257 0.2124
492 1259 0.2904
492 1260 0.1687
492 1262 0.2459
492 1263 0.2228
492 1265 0.2612
492 1267 0.2368
492 1268 0.2603
492 1270 0.2544
492 1271 0.1736
492 1272 0.2485
492 1273 0.2485
492 1274 0.2103
492 1275 0.2231
492 1276 0.2420
492 1279 0.2341
492 1280 0.2135
492 1282 0.2485
492 1283 0.1646
492 1284 0.2103
492 1287 0.1811
492 1288 0.2150
492 1289 0.2103
492 1291 0.2253
492 1292 0.2122
492 1293 0.2377
492 1296 0.2124
492 1298 0.1585
492 1299 0.2253
492 1300 0.2541
492 1301 0.2521
492 1303 0.1834
492 1304 0.2265
492 1306 0.2103
492 1307 0.2135
492 1308 0.2103
492 1310 0.2259
492 1316 0.2235
492 1319 0.2163
492 1320 0.2485
492 1323 0.2124
492 1326 0.2124
492 1327 0.2135
492 1330 0.3020
492 1331 0.3486
492 1333 0.2485
492 1334 0.2103
492 1335 0.2103
492 1337 0.2124
492 1338 0.3832
492 1342 0.7756
492 1343 0.2806
492 1344 0.3185
492 1346 0.2135
492 1348 0.2831
492 1349 0.4271
492 1350 0.2124
492 1353 0.3498
492 1358 0.2368
492 1360 0.2541
492 1362 0.2124
492 1363 0.4764
492 1367 0.2287
492 1368 0.2135
492 1369 0.3407
492 1370 0.2327
492 1372 0.2700
492 1374 0.2135
492 1375 0.2368
492 1376 0.2103
492 1379 0.2124
492 1380 0.2103
492 1381 0.2124
492 1383 0.2541
492 1386 0.2529
492 1387 0.2612
492 1388 0.3040
492 1390 0.2806
492 1394 0.4623
492 1395 0.4225
492 1396 0.2135
492 1397 0.2479
492 1398 0.2124
492 1401 0.2135
492 1402 0.2485
492 1405 0.2284
492 1406 0.2103
492 1407 0.4221
492 1408 0.2367
492 1411 0.2124
492 1412 0.2541
492 1413 0.2485
492 1415 0.2638
492 1416 0.2630
492 1419 0.2843
492 1421 0.5202
492 1424 0.2124
492 1425 0.2541
492 1426 0.2420
492 1427 0.3690
492 1428 0.2103
492 1433 0.3911
492 1434 0.9602
492 1435 0.9171
492 1436 0.2541
492 1437 0.8376
492 1438 0.6136
492 1439 0.2135
492 1440 0.6925
492 1441 0.3672
492 1449 0.2541
492 1451 0.2124
492 1452 0.2916
492 1453 0.2103
492 1454 0.2103
492 1456 0.2655
492 1457 0.2124
492 1458 0.2500
492 1462 0.2103
492 1464 0.2124
492 1468 0.2103
492 1472 0.2124
492 1473 0.2313
492 1474 0.2124
492 1479 0.3705
492 1480 0.2135
492 1481 0.2541
492 1485 0.2450
492 1487 0.2135
492 1491 0.2869
492 1493 0.2806
492 1494 0.2485
492 1497 0.2103
492 1498 0.2135
492 1499 0.2353
492 1500 0.2638
492 1503 0.3239
492 1504 0.3128
492 1507 0.2541
492 1511 0.2103
492 1512 0.3666
492 1515 0.2124
492 1516 0.2832
492 1517 0.2573
492 1518 0.2124
492 1519 0.2277
492 1520 0.1725
492 1522 0.2785
492 1526 0.1939
492 1527 0.1595
492 1529 0.3124
492 1530 0.1702
492 1532 0.2067
492 1535 0.3048
492 1536 0.2590
492 1538 0.1614
492 1541 0.2832
492 1542 0.2370
492 1544 0.2541
492 1547 0.2586
492 1548 0.2026
492 1549 0.2104
492 1550 0.2124
492 1551 0.1661
492 1554 0.2163
492 1557 0.2541
492 1565 0.2124
492 1567 0.2427
492 1568 0.2500
492 1570 0.3832
492 1571 0.2135
492 1574 0.2124
492 1577 0.4207
492 1578 0.2124
492 1580 0.2333
492 1581 0.2541
492 1582 0.2790
492 1583 0.2629
492 1585 0.3065
492 1587 0.4280
492 1588 0.4334
492 1591 0.4236
492 1592 0.2368
492 1593 0.4890
492 1594 0.2305
492 1595 0.2500
492 1598 0.2124
492 1599 0.2368
492 1603 0.2832
492 1605 0.2103
492 1606 0.3185
492 1608 0.2832
492 1612 0.2368
492 1613 0.2571
492 1615 0.2124
492 1616 0.2103
492 1618 0.4641
492 1619 0.2742
492 1621 0.3223
492 1622 0.7353
492 1624 0.3390
492 1626 0.2485
492 1628 0.2748
492 1630 0.2590
492 1631 0.2313
492 1633 0.2508
492 1634 0.2553
492 1637 0.2124
492 1641 0.2541
492 1645 0.2329
492 1646 0.2103
492 1647 0.2086
492 1649 0.2124
492 1650 0.2590
492 1651 0.2541
492 1653 0.3369
492 1655 0.2541
492 1660 0.2329
492 1661 0.2590
492 1662 0.2541
492 1663 0.2313
492 1664 0.2103
492 1665 0.2383
492 1668 0.2374
492 1669 0.2516
492 1670 0.2541
492 1673 0.2124
492 1674 0.2728
492 1675 0.2103
492 1676 0.2541
492 1678 0.2832
492 1679 0.2383
492 1683 0.3086
492 1685 0.2124
492 1686 0.2541
492 1689 0.2426
492 1691 0.2798
492 1692 0.2790
492 1694 0.2805
492 1697 0.2135
492 1699 0.4271
492 1701 0.3794
492 1702 0.6820
492 1706 0.5035
492 1707 0.7412
492 1708 0.4652
492 1709 0.4198
492 1711 0.2135
492 1712 0.9204
492 1713 0.8861
492 1714 0.6818
492 1717 0.9628
492 1718 0.2135
492 1719 0.2103
492 1720 0.3694
492 1723 0.4558
492 1725 0.4222
492 1726 0.2541
492 1729 0.2103
493 494 0.3442
493 495 0.3764
493 496 0.2927
493 497 0.2185
493 498 0.2999
493 499 0.1977
493 500 0.2630
493 501 0.3482
493 503 0.2715
493 505 0.3184
493 506 0.2770
493 507 0.2609
493 508 0.2016
493 509 0.2235
493 511 0.3951
493 513 0.3188
493 514 0.2577
493 515 0.2609
493 516 0.2294
493 517 0.2625
493 518 0.2317
493 519 0.3159
493 520 0.2897
493 521 0.2016
493 522 0.1977
493 523 0.2613
493 525 0.2016
493 526 0.2242
493 527 0.2487
493 528 0.3106
493 529 0.2104
493 530 0.3059
493 531 0.3884
493 532 0.2104
493 533 0.2533
493 534 0.2185
493 535 0.2625
493 536 0.2864
493 537 0.3266
493 539 0.1977
493 540 0.4335
493 541 0.2625
493 544 0.3632
493 545 0.1445
493 548 0.2173
493 549 0.2561
493 552 0.2503
493 555 0.3598
493 556 0.3507
493 558 0.3286
493 559 0.2622
493 560 0.2718
493 561 0.2503
493 562 0.3112
493 563 0.2848
493 564 0.3158
493 565 0.2031
493 567 0.2533
493 568 0.2895
493 569 0.3323
493 570 0.3586
493 571 0.1977
493 572 0.3977
493 573 0.3184
493 574 0.2574
493 575 0.1445
493 576 0.3161
493 577 0.3069
493 578 0.2420
493 579 0.1445
493 581 0.3078
493 582 0.2650
493 583 0.3010
493 584 0.2699
493 585 0.3088
493 586 0.2423
493 587 0.4734
493 589 0.2031
493 590 0.3804
493 591 0.2031
493 593 0.2104
493 598 0.1977
493 599 0.3631
493 600 0.3854
493 601 0.2317
493 602 0.2031
493 605 0.1768
493 607 0.1977
493 610 0.2575
493 612 0.2927
493 613 0.3333
493 614 0.3406
493 618 0.2173
493 619 0.4023
493 621 0.2272
493 622 0.2294
493 625 0.2828
493 626 0.3394
493 627 0.4395
493 628 0.2643
493 629 0.1977
493 631 0.3016
493 632 0.2869
493 633 0.2715
493 634 0.1977
493 637 0.4431
493 638 0.2392
493 639 0.3243
493 640 0.2031
493 641 0.3202
493 642 0.3761
493 643 0.2031
493 645 0.2016
493 646 0.3670
493 648 0.3009
493 649 0.2903
493 650 0.3608
493 651 0.3261
493 652 0.3367
493 653 0.4259
493 654 0.1977
493 656 0.3111
493 657 0.2031
493 658 0.2125
493 659 0.3208
493 661 0.3655
493 662 0.2317
493 664 0.3730
493 666 0.4104
493 667 0.2173
493 671 0.3326
493 673 0.2374
493 674 0.3178
493 675 0.1977
493 676 0.3950
493 677 0.1768
493 679 0.3188
493 680 0.3727
493 681 0.2173
493 684 0.1768
493 685 0.3362
493 686 0.1962
493 687 0.2487
493 688 0.3329
493 689 0.4136
493 690 0.2857
493 691 0.3106
493 692 0.3409
493 694 0.2916
493 695 0.1445
493 696 0.2913
493 697 0.1768
493 698 0.2960
493 699 0.2575
493 700 0.3569
493 702 0.2646
493 703 0.3098
493 704 0.3188
493 705 0.1768
493 706 0.2873
493 707 0.3113
493 708 0.1894
493 709 0.2104
493 710 0.3722
493 711 0.3312
493 712 0.2914
493 713 0.2272
493 714 0.4920
493 716 0.2242
493 717 0.1445
493 718 0.3787
493 721 0.2533
493 722 0.3146
493 723 0.3238
493 726 0.2781
493 727 0.1768
493 728 0.3355
493 729 0.2832
493 731 0.2016
493 732 0.3864
493 733 0.1445
493 734 0.2715
493 735 0.3203
493 736 0.3384
493 737 0.3113
493 738 0.2173
493 740 0.3255
493 741 0.3812
493 742 0.3273
493 743 0.2729
493 744 0.2530
493 745 0.2562
493 747 0.2185
493 748 0.3388
493 750 0.3481
493 751 0.2173
493 752 0.3076
493 753 0.3784
493 754 0.1768
493 755 0.3435
493 758 0.2503
493 759 0.1977
493 760 0.3190
493 762 0.2537
493 763 0.4776
493 764 0.2016
493 766 0.1768
493 767 0.2630
493 768 0.3522
493 769 0.2405
493 770 0.2758
493 771 0.3503
493 772 0.2016
493 775 0.2566
493 776 0.2601
493 777 0.2646
493 778 0.4500
493 780 0.2294
493 781 0.1977
493 783 0.2317
493 785 0.3572
493 786 0.3018
493 787 0.1445
493 789 0.4333
493 793 0.3463
493 794 0.3335
493 797 0.1977
493 798 0.3259
493 799 0.3134
493 801 0.3366
493 803 0.3408
493 804 0.3499
493 805 0.3483
493 806 0.2568
493 808 0.4634
493 809 0.2272
493 810 0.3852
493 811 0.3419
493 815 0.2016
493 816 0.2031
493 817 0.2678
493 818 0.2681
493 819 0.3201
493 821 0.2294
493 822 0.2242
493 823 0.3321
493 825 0.1977
493 827 0.2885
493 829 0.2387
493 830 0.2173
493 831 0.2016
493 832 0.4493
493 833 0.2016
493 834 0.1768
493 835 0.1768
493 836 0.3054
493 837 0.2185
493 838 0.3511
493 839 0.2556
493 840 0.2031
493 841 0.2387
493 842 0.1445
493 843 0.2031
493 845 0.4395
493 846 0.3226
493 849 0.3275
493 851 0.3139
493 855 0.1768
493 856 0.3967
493 858 0.2387
493 860 0.1445
493 861 0.2785
493 862 0.3578
493 864 0.2923
493 865 0.3724
493 866 0.1977
493 867 0.3515
493 868 0.2503
493 869 0.3194
493 870 0.3479
493 871 0.2940
493 872 0.3442
493 875 0.1768
493 876 0.2649
493 878 0.1768
493 880 0.4160
493 881 0.3166
493 882 0.2764
493 883 0.2503
493 884 0.2487
493 886 0.2031
493 887 0.2661
493 889 0.4199
493 890 0.1977
493 891 0.4798
493 893 0.3613
493 895 0.3634
493 896 0.1768
493 898 0.2644
493 900 0.1445
493 901 0.3682
493 903 0.3273
493 905 0.2173
493 907 0.1977
493 908 0.2533
493 909 0.3165
493 910 0.2016
493 914 0.4443
493 915 0.3073
493 918 0.2016
493 919 0.2016
493 921 0.2993
493 922 0.4146
493 924 0.2625
493 928 0.2503
493 929 0.2808
493 930 0.2629
493 934 0.1768
493 935 0.2561
493 936 0.2648
493 938 0.3451
493 940 0.2625
493 942 0.2498
493 943 0.2692
493 946 0.3965
493 947 0.2808
493 948 0.1850
493 950 0.2499
493 952 0.2978
493 953 0.3326
493 954 0.1977
493 955 0.3141
493 956 0.2666
493 958 0.1768
493 959 0.1977
493 960 0.3732
493 964 0.2104
493 965 0.3274
493 966 0.2328
493 967 0.3409
493 968 0.3543
493 971 0.2533
493 972 0.2125
493 973 0.3104
493 974 0.3834
493 976 0.2845
493 977 0.1445
493 978 0.2387
493 979 0.2962
493 980 0.3868
493 983 0.3302
493 984 0.2978
493 987 0.3617
493 989 0.3111
493 990 0.2016
493 993 0.3156
493 994 0.3539
493 995 0.3521
493 996 0.1977
493 1000 0.2005
493 1001 0.3329
493 1002 0.2802
493 1003 0.4327
493 1004 0.2650
493 1006 0.2031
493 1007 0.3452
493 1008 0.2487
493 1014 0.4388
493 1015 0.4205
493 1018 0.2897
493 1019 0.2630
493 1020 0.2890
493 1022 0.4170
493 1023 0.2328
493 1024 0.3180
493 1027 0.4379
493 1029 0.2881
493 1030 0.4668
493 1032 0.2031
493 1033 0.2503
493 1036 0.3242
493 1037 0.2387
493 1039 0.1445
493 1042 0.2716
493 1043 0.2272
493 1046 0.2272
493 1047 0.2031
493 1048 0.1768
493 1049 0.1850
493 1050 0.3064
493 1051 0.2799
493 1053 0.2936
493 1056 0.3543
493 1057 0.2501
493 1058 0.2104
493 1059 0.1768
493 1060 0.2795
493 1061 0.2317
493 1063 0.4487
493 1064 0.1768
493 1065 0.3144
493 1066 0.4216
493 1067 0.1977
493 1068 0.3221
493 1069 0.1445
493 1070 0.1768
493 1072 0.2043
493 1075 0.2533
493 1076 0.2173
493 1078 0.2235
493 1079 0.4246
493 1080 0.2203
493 1081 0.1894
493 1082 0.1768
493 1083 0.4336
493 1084 0.2031
493 1085 0.1977
493 1087 0.1977
493 1089 0.2533
493 1090 0.1923
493 1093 0.1977
493 1094 0.2125
493 1099 0.4552
493 1102 0.1768
493 1103 0.1945
493 1104 0.3148
493 1105 0.4056
493 1106 0.3312
493 1107 0.2016
493 1108 0.3432
493 1111 0.2630
493 1113 0.1894
493 1115 0.2005
493 1116 0.2384
493 1117 0.2533
493 1118 0.2533
493 1119 0.2173
493 1120 0.2874
493 1122 0.2031
493 1123 0.1768
493 1124 0.1977
493 1125 0.3211
493 1126 0.3284
493 1127 0.1768
493 1128 0.2934
493 1129 0.3186
493 1130 0.4081
493 1132 0.2173
493 1133 0.3154
493 1134 0.2031
493 1135 0.3566
493 1138 0.3344
493 1139 0.1768
493 1141 0.2443
493 1143 0.1445
493 1147 0.3150
493 1149 0.1977
493 1150 0.2501
493 1152 0.4508
493 1153 0.1977
493 1154 0.3094
493 1155 0.1768
493 1156 0.1768
493 1157 0.2031
493 1158 0.2031
493 1159 0.2966
493 1160 0.2307
493 1161 0.3134
493 1162 0.1768
493 1163 0.3334
493 1165 0.2533
493 1166 0.2031
493 1167 0.2031
493 1169 0.2530
493 1172 0.1977
493 1174 0.1768
493 1176 0.2031
493 1177 0.1445
493 1180 0.2661
493 1182 0.1768
493 1185 0.2104
493 1186 0.2810
493 1187 0.3394
493 1189 0.1945
493 1191 0.1918
493 1192 0.2944
493 1193 0.2643
493 1194 0.2511
493 1199 0.2659
493 1200 0.2609
493 1201 0.1977
493 1202 0.2966
493 1203 0.3560
493 1204 0.2776
493 1206 0.1768
493 1207 0.1977
493 1208 0.2684
493 1209 0.2256
493 1210 0.3477
493 1211 0.5155
493 1212 0.2317
493 1213 0.2420
493 1216 0.1768
493 1217 0.4282
493 1218 0.3488
493 1219 0.2016
493 1221 0.4442
493 1223 0.2645
493 1225 0.3030
493 1226 0.3990
493 1227 0.1768
493 1228 0.1768
493 1229 0.3546
493 1230 0.1768
493 1231 0.2884
493 1233 0.2031
493 1236 0.1445
493 1237 0.1445
493 1240 0.1445
493 1241 0.2125
493 1242 0.4234
493 1244 0.1977
493 1246 0.2031
493 1247 0.3680
493 1248 0.2031
493 1249 0.2016
493 1250 0.2487
493 1251 0.1768
493 1252 0.2758
493 1256 0.2812
493 1257 0.1768
493 1259 0.3620
493 1260 0.3271
493 1262 0.2776
493 1263 0.2414
493 1265 0.2501
493 1267 0.2016
493 1268 0.3309
493 1270 0.3298
493 1271 0.3090
493 1272 0.2173
493 1273 0.2173
493 1274 0.1977
493 1275 0.3613
493 1276 0.3396
493 1279 0.4085
493 1280 0.1445
493 1282 0.2173
493 1283 0.2629
493 1284 0.2168
493 1287 0.3171
493 1288 0.2678
493 1289 0.2168
493 1291 0.3061
493 1292 0.3490
493 1293 0.3010
493 1296 0.1768
493 1298 0.2567
493 1299 0.3061
493 1300 0.2031
493 1301 0.3050
493 1303 0.3040
493 1304 0.2897
493 1306 0.1977
493 1307 0.1445
493 1308 0.1977
493 1310 0.3063
493 1316 0.3599
493 1319 0.2325
493 1320 0.2173
493 1323 0.1768
493 1326 0.1768
493 1327 0.1445
493 1330 0.3392
493 1331 0.2005
493 1333 0.2173
493 1334 0.1977
493 1335 0.1977
493 1337 0.1768
493 1338 0.2729
493 1342 0.3454
493 1343 0.2630
493 1344 0.2758
493 1346 0.1445
493 1348 0.3460
493 1349 0.2173
493 1350 0.1768
493 1353 0.2031
493 1358 0.2016
493 1360 0.2031
493 1362 0.1768
493 1363 0.2501
493 1367 0.3863
493 1368 0.1445
493 1369 0.4508
493 1370 0.3797
493 1372 0.3439
493 1374 0.1445
493 1375 0.2016
493 1376 0.1977
493 1379 0.1768
493 1380 0.1977
493 1381 0.1768
493 1383 0.2031
493 1386 0.3781
493 1387 0.2501
493 1388 0.3546
493 1390 0.2630
493 1394 0.2876
493 1395 0.2016
493 1396 0.1445
493 1397 0.3731
493 1398 0.1768
493 1401 0.1445
493 1402 0.2173
493 1405 0.2567
493 1406 0.1977
493 1407 0.2649
493 1408 0.3526
493 1411 0.1768
493 1412 0.2031
493 1413 0.2173
493 1415 0.2625
493 1416 0.2646
493 1419 0.3975
493 1421 0.3067
493 1424 0.1768
493 1425 0.2031
493 1426 0.3396
493 1427 0.2031
493 1428 0.1977
493 1433 0.2031
493 1434 0.3980
493 1435 0.3635
493 1436 0.2031
493 1437 0.2955
493 1438 0.2696
493 1439 0.1445
493 1440 0.2641
493 1441 0.2293
493 1449 0.2031
493 1451 0.1768
493 1452 0.3184
493 1453 0.1977
493 1454 0.1977
493 1456 0.2573
493 1457 0.1768
493 1458 0.2104
493 1462 0.1977
493 1464 0.1768
493 1468 0.1977
493 1472 0.1768
493 1473 0.2294
493 1474 0.1768
493 1479 0.4692
493 1480 0.1445
493 1481 0.2031
493 1485 0.3430
493 1487 0.1445
493 1491 0.3596
493 1493 0.2630
493 1494 0.2173
493 1497 0.1977
493 1498 0.1445
493 1499 0.3444
493 1500 0.2625
493 1503 0.4057
493 1504 0.3694
493 1507 0.2031
493 1511 0.1977
493 1512 0.3582
493 1515 0.1768
493 1516 0.2387
493 1517 0.2324
493 1518 0.1768
493 1519 0.3535
493 1520 0.2883
493 1522 0.3764
493 1526 0.2723
493 1527 0.2704
493 1529 0.2812
493 1530 0.2667
493 1532 0.3863
493 1535 0.3713
493 1536 0.2317
493 1538 0.2657
493 1541 0.2387
493 1542 0.2014
493 1544 0.2031
493 1547 0.2672
493 1548 0.3195
493 1549 0.2005
493 1550 0.1768
493 1551 0.2747
493 1554 0.2325
493 1557 0.2031
493 1565 0.1768
493 1567 0.2339
493 1568 0.2104
493 1570 0.2729
493 1571 0.1445
493 1574 0.1768
493 1577 0.2016
493 1578 0.1768
493 1580 0.3383
493 1581 0.2031
493 1582 0.3337
493 1583 0.2423
493 1585 0.3062
493 1587 0.2031
493 1588 0.2503
493 1591 0.3597
493 1592 0.2016
493 1593 0.3554
493 1594 0.1894
493 1595 0.2104
493 1598 0.1768
493 1599 0.2016
493 1603 0.2387
493 1605 0.1977
493 1606 0.2758
493 1608 0.2387
493 1612 0.2016
493 1613 0.4090
493 1615 0.1768
493 1616 0.1977
493 1618 0.2659
493 1619 0.2503
493 1621 0.3920
493 1622 0.3344
493 1624 0.4574
493 1626 0.2173
493 1628 0.2421
493 1630 0.2317
493 1631 0.2294
493 1633 0.1945
493 1634 0.2464
493 1637 0.1768
493 1641 0.2031
493 1645 0.1918
493 1646 0.1977
493 1647 0.2165
493 1649 0.1768
493 1650 0.2317
493 1651 0.2031
493 1653 0.2781
493 1655 0.2031
493 1660 0.1918
493 1661 0.2317
493 1662 0.2031
493 1663 0.2294
493 1664 0.1977
493 1665 0.2125
493 1668 0.3757
493 1669 0.3622
493 1670 0.2031
493 1673 0.1768
493 1674 0.3703
493 1675 0.1977
493 1676 0.2031
493 1678 0.2387
493 1679 0.2125
493 1683 0.3124
493 1685 0.1768
493 1686 0.2031
493 1689 0.3748
493 1691 0.3617
493 1692 0.3337
493 1694 0.2758
493 1697 0.1445
493 1699 0.2173
493 1701 0.2130
493 1702 0.2540
493 1706 0.2531
493 1707 0.2774
493 1708 0.2924
493 1709 0.2016
493 1711 0.1445
493 1712 0.3250
493 1713 0.2550
493 1714 0.2857
493 1717 0.3399
493 1718 0.1445
493 1719 0.1977
493 1720 0.2031
493 1723 0.2828
493 1725 0.2630
493 1726 0.2031
493 1729 0.1977
494 495 0.8324
494 496 0.2716
494 497 0.6384
494 498 0.2064
494 499 0.2843
494 500 0.3113
494 501 0.2769
494 503 0.6836
494 505 0.3312
494 506 0.2768
494 507 0.1605
494 508 0.2902
494 509 0.5804
494 511 0.3044
494 513 0.1654
494 514 0.3827
494 515 0.3087
494 516 0.2660
494 517 0.6648
494 518 0.3182
494 519 0.3654
494 520 0.2675
494 521 0.2902
494 522 0.2843
494 523 0.1632
494 525 0.2902
494 526 0.2795
494 527 0.2935
494 528 0.1724
494 529 0.2894
494 530 0.2171
494 531 0.2243
494 532 0.2894
494 533 0.3138
494 534 0.2762
494 535 0.6379
494 536 0.1799
494 537 0.6855
494 539 0.2843
494 540 0.7832
494 541 0.3045
494 544 0.2707
494 545 0.3442
494 548 0.2777
494 549 0.2831
494 552 0.3074
494 555 0.3089
494 556 0.1679
494 558 0.5844
494 559 0.1625
494 560 0.1652
494 561 0.3074
494 562 0.1660
494 563 0.1689
494 564 0.1801
494 565 0.2841
494 567 0.3138
494 568 0.1772
494 569 0.1687
494 570 0.2808
494 571 0.2843
494 572 0.2323
494 573 0.3312
494 574 0.1962
494 575 0.3442
494 576 0.3036
494 577 0.2720
494 578 0.2625
494 579 0.3442
494 581 0.2851
494 582 0.1611
494 583 0.2489
494 584 0.2014
494 585 0.1978
494 586 0.3110
494 587 0.8317
494 589 0.2841
494 590 0.2592
494 591 0.2841
494 593 0.2894
494 598 0.2843
494 599 0.2415
494 600 0.2425
494 601 0.3182
494 602 0.2841
494 605 0.3003
494 607 0.2843
494 610 0.2990
494 612 0.2716
494 613 0.1897
494 614 0.2533
494 618 0.2777
494 619 0.3042
494 621 0.2636
494 622 0.6499
494 625 0.2922
494 626 0.1827
494 627 0.2635
494 628 0.1640
494 629 0.2843
494 631 0.2607
494 632 0.1891
494 633 0.1826
494 634 0.2843
494 637 0.2440
494 638 0.2821
494 639 0.1793
494 640 0.2841
494 641 0.3012
494 642 0.2881
494 643 0.2841
494 645 0.2902
494 646 0.2393
494 648 0.1665
494 649 0.2830
494 650 0.1873
494 651 0.2284
494 652 0.2803
494 653 0.2386
494 654 0.2843
494 656 0.2099
494 657 0.2841
494 658 0.2811
494 659 0.2534
494 661 0.5392
494 662 0.3182
494 664 0.9077
494 666 0.3002
494 667 0.2777
494 671 0.1666
494 673 0.2753
494 674 0.6473
494 675 0.2843
494 676 0.3170
494 677 0.3003
494 679 0.1654
494 680 0.2636
494 681 0.5927
494 684 0.3003
494 685 0.2048
494 686 0.2541
494 687 0.2935
494 688 0.5796
494 689 0.8979
494 690 0.2809
494 691 0.2800
494 692 0.1808
494 694 0.2474
494 695 0.3442
494 696 0.5506
494 697 0.3003
494 698 0.1774
494 699 0.5978
494 700 0.2357
494 702 0.1979
494 703 0.2128
494 704 0.1654
494 705 0.3003
494 706 0.1667
494 707 0.1735
494 708 0.2880
494 709 0.2894
494 710 0.2076
494 711 0.2162
494 712 0.1589
494 713 0.5420
494 714 0.3869
494 716 0.2795
494 717 0.3442
494 718 0.6366
494 721 0.3138
494 722 0.1811
494 723 0.2163
494 726 0.3716
494 727 0.3003
494 728 0.2669
494 729 0.2726
494 731 0.2902
494 732 0.2948
494 733 0.3442
494 734 0.2999
494 735 0.3321
494 736 0.2027
494 737 0.2334
494 738 0.2777
494 740 0.2673
494 741 0.7883
494 742 0.1672
494 743 0.2677
494 744 0.1631
494 745 0.1624
494 747 0.2762
494 748 0.9773
494 750 0.1732
494 751 0.2777
494 752 0.1711
494 753 0.2891
494 754 0.3003
494 755 0.2038
494 758 0.7699
494 759 0.2843
494 760 0.1980
494 762 0.2977
494 763 0.7286
494 764 0.2902
494 766 0.3003
494 767 0.3113
494 768 0.2069
494 769 0.6324
494 770 0.3116
494 771 0.2111
494 772 0.2902
494 775 0.1946
494 776 0.1651
494 777 0.3103
494 778 0.2980
494 780 0.2660
494 781 0.2843
494 783 0.3182
494 785 0.4583
494 786 0.1974
494 787 0.3442
494 789 0.3973
494 793 0.2108
494 794 0.5594
494 797 0.2843
494 798 0.2773
494 799 0.2029
494 801 0.2534
494 803 0.1716
494 804 0.9616
494 805 0.2167
494 806 0.6952
494 808 0.7086
494 809 0.2636
494 810 0.2158
494 811 0.2020
494 815 0.2902
494 816 0.2841
494 817 0.2313
494 818 0.2328
494 819 0.3419
494 821 0.2660
494 822 0.2795
494 823 0.2172
494 825 0.2843
494 827 0.1668
494 829 0.3188
494 830 0.6385
494 831 0.2902
494 832 0.4157
494 833 0.7758
494 834 0.3003
494 835 0.3003
494 836 0.1680
494 837 0.6864
494 838 0.3444
494 839 0.6322
494 840 0.2841
494 841 0.3188
494 842 0.3442
494 843 0.2841
494 845 0.3183
494 846 0.2733
494 849 0.2434
494 851 0.2016
494 855 0.3003
494 856 0.5841
494 858 0.3188
494 860 0.3442
494 861 0.3079
494 862 0.2538
494 864 0.1626
494 865 0.4486
494 866 0.2843
494 867 0.1953
494 868 0.3074
494 869 0.1655
494 870 0.2367
494 871 0.1654
494 872 0.2223
494 875 0.4262
494 876 0.5486
494 878 0.3003
494 880 0.8519
494 881 0.1789
494 882 0.2824
494 883 0.3074
494 884 0.2935
494 886 0.2841
494 887 0.1687
494 889 0.2440
494 890 0.2843
494 891 0.8332
494 893 0.2904
494 895 0.2094
494 896 0.3003
494 898 0.1674
494 900 0.3442
494 901 0.3466
494 903 0.2024
494 905 0.2777
494 907 0.2843
494 908 0.3138
494 909 0.2011
494 910 0.2902
494 914 0.9019
494 915 0.1917
494 918 0.2902
494 919 0.2902
494 921 0.1616
494 922 0.2611
494 924 0.3045
494 928 0.3074
494 929 0.3254
494 930 0.1656
494 934 0.3003
494 935 0.1614
494 936 0.6339
494 938 0.7382
494 940 0.3045
494 942 0.1589
494 943 0.2949
494 946 0.2436
494 947 0.1859
494 948 0.2625
494 950 0.1607
494 952 0.1626
494 953 0.2170
494 954 0.2843
494 955 0.2143
494 956 0.2150
494 958 0.5890
494 959 0.2843
494 960 0.2312
494 964 0.2894
494 965 0.2656
494 966 0.5202
494 967 0.2334
494 968 0.2502
494 971 0.3138
494 972 0.2811
494 973 0.2420
494 974 0.2236
494 976 0.1655
494 977 0.3442
494 978 0.6659
494 979 0.1688
494 980 0.2791
494 983 0.1992
494 984 0.1626
494 987 0.3188
494 989 0.2331
494 990 0.2902
494 993 0.1867
494 994 0.1905
494 995 0.3071
494 996 0.2843
494 1000 0.2591
494 1001 0.2128
494 1002 0.1657
494 1003 0.8725
494 1004 0.1673
494 1006 0.2841
494 1007 0.2074
494 1008 0.5526
494 1014 0.3147
494 1015 0.8383
494 1018 0.2675
494 1019 0.3113
494 1020 0.2926
494 1022 0.2834
494 1023 0.6432
494 1024 0.1696
494 1027 0.3527
494 1029 0.1838
494 1030 0.5841
494 1032 0.7536
494 1033 0.3074
494 1036 0.1660
494 1037 0.3188
494 1039 0.3442
494 1042 0.2999
494 1043 0.5420
494 1046 0.6992
494 1047 0.2841
494 1048 0.3003
494 1049 0.2625
494 1050 0.1775
494 1051 0.2164
494 1053 0.2133
494 1056 0.2718
494 1057 0.5646
494 1058 0.2894
494 1059 0.3003
494 1060 0.1703
494 1061 0.3182
494 1063 0.8243
494 1064 0.3003
494 1065 0.1741
494 1066 0.3321
494 1067 0.2843
494 1068 0.1912
494 1069 0.3442
494 1070 0.3003
494 1072 0.2596
494 1075 0.3138
494 1076 0.6058
494 1078 0.5804
494 1079 0.2261
494 1080 0.2698
494 1081 0.2880
494 1082 0.3003
494 1083 0.8003
494 1084 0.2841
494 1085 0.2843
494 1087 0.2843
494 1089 0.3138
494 1090 0.2597
494 1093 0.2843
494 1094 0.2811
494 1099 0.7343
494 1102 0.3003
494 1103 0.3683
494 1104 0.2832
494 1105 0.2997
494 1106 0.2196
494 1107 0.2902
494 1108 0.2310
494 1111 0.3113
494 1113 0.2880
494 1115 0.2591
494 1116 0.5531
494 1117 0.3138
494 1118 0.3138
494 1119 0.2777
494 1120 0.5907
494 1122 0.2841
494 1123 0.3003
494 1124 0.2843
494 1125 0.1821
494 1126 0.1786
494 1127 0.3003
494 1128 0.2690
494 1129 0.2379
494 1130 0.6379
494 1132 0.2777
494 1133 0.2154
494 1134 0.2841
494 1135 0.3425
494 1138 0.2259
494 1139 0.3003
494 1141 0.2736
494 1143 0.3442
494 1147 0.1833
494 1149 0.2843
494 1150 0.3052
494 1152 0.8917
494 1153 0.2843
494 1154 0.1873
494 1155 0.3003
494 1156 0.3003
494 1157 0.5684
494 1158 0.2841
494 1159 0.2473
494 1160 0.2357
494 1161 0.2029
494 1162 0.3003
494 1163 0.1899
494 1165 0.3138
494 1166 0.5684
494 1167 0.2841
494 1169 0.1632
494 1172 0.2843
494 1174 0.3003
494 1176 0.2841
494 1177 0.3442
494 1180 0.1799
494 1182 0.3003
494 1185 0.2894
494 1186 0.6812
494 1187 0.2279
494 1189 0.3683
494 1191 0.2812
494 1192 0.3143
494 1193 0.1725
494 1194 0.1642
494 1199 0.3454
494 1200 0.3087
494 1201 0.2843
494 1202 0.2473
494 1203 0.2794
494 1204 0.6190
494 1206 0.3003
494 1207 0.2843
494 1208 0.2935
494 1209 0.2720
494 1210 0.2057
494 1211 0.3611
494 1212 0.3182
494 1213 0.2625
494 1216 0.3003
494 1217 0.3744
494 1218 0.2300
494 1219 0.2902
494 1221 0.3547
494 1223 0.2009
494 1225 0.1697
494 1226 0.3167
494 1227 0.3003
494 1228 0.3003
494 1229 0.1918
494 1230 0.3003
494 1231 0.2130
494 1233 0.2841
494 1236 0.3442
494 1237 0.3442
494 1240 0.3442
494 1241 0.2811
494 1242 0.2286
494 1244 0.2843
494 1246 0.2841
494 1247 0.2772
494 1248 0.2841
494 1249 0.2902
494 1250 0.2935
494 1251 0.3003
494 1252 0.3695
494 1256 0.3622
494 1257 0.3003
494 1259 0.2919
494 1260 0.1869
494 1262 0.2841
494 1263 0.2725
494 1265 0.3052
494 1267 0.2902
494 1268 0.2669
494 1270 0.2627
494 1271 0.2085
494 1272 0.2777
494 1273 0.2777
494 1274 0.2843
494 1275 0.2374
494 1276 0.2757
494 1279 0.2232
494 1280 0.3442
494 1282 0.2777
494 1283 0.1638
494 1284 0.2623
494 1287 0.1660
494 1288 0.2313
494 1289 0.2623
494 1291 0.2021
494 1292 0.2132
494 1293 0.2489
494 1296 0.3003
494 1298 0.1611
494 1299 0.2021
494 1300 0.2841
494 1301 0.2342
494 1303 0.1926
494 1304 0.2675
494 1306 0.2843
494 1307 0.3442
494 1308 0.2843
494 1310 0.2223
494 1316 0.2227
494 1319 0.2721
494 1320 0.2777
494 1323 0.3003
494 1326 0.3003
494 1327 0.3442
494 1330 0.3485
494 1331 0.2591
494 1333 0.6385
494 1334 0.2843
494 1335 0.2843
494 1337 0.3003
494 1338 0.2677
494 1342 0.2264
494 1343 0.3113
494 1344 0.3695
494 1346 0.3442
494 1348 0.2781
494 1349 0.2777
494 1350 0.3003
494 1353 0.2841
494 1358 0.2902
494 1360 0.2841
494 1362 0.3003
494 1363 0.3052
494 1367 0.2072
494 1368 0.3442
494 1369 0.3813
494 1370 0.2394
494 1372 0.3058
494 1374 0.3442
494 1375 0.2902
494 1376 0.2843
494 1379 0.3003
494 1380 0.2843
494 1381 0.3003
494 1383 0.2841
494 1386 0.2449
494 1387 0.3052
494 1388 0.3535
494 1390 0.3113
494 1394 0.2892
494 1395 0.2902
494 1396 0.3442
494 1397 0.2204
494 1398 0.3003
494 1401 0.3442
494 1402 0.2777
494 1405 0.2366
494 1406 0.2843
494 1407 0.5450
494 1408 0.2442
494 1411 0.3003
494 1412 0.2841
494 1413 0.2777
494 1415 0.3045
494 1416 0.3103
494 1419 0.3428
494 1421 0.1647
494 1424 0.3003
494 1425 0.2841
494 1426 0.2757
494 1427 0.2841
494 1428 0.2843
494 1433 0.2841
494 1434 0.2256
494 1435 0.2072
494 1436 0.2841
494 1437 0.1615
494 1438 0.2870
494 1439 0.3442
494 1440 0.1632
494 1441 0.2704
494 1449 0.6666
494 1451 0.3003
494 1452 0.3312
494 1453 0.2843
494 1454 0.2843
494 1456 0.8113
494 1457 0.3003
494 1458 0.5504
494 1462 0.2843
494 1464 0.3003
494 1468 0.2843
494 1472 0.3003
494 1473 0.6499
494 1474 0.4638
494 1479 0.8352
494 1480 0.3442
494 1481 0.6221
494 1485 0.7190
494 1487 0.3442
494 1491 0.7283
494 1493 0.3113
494 1494 0.6058
494 1497 0.2843
494 1498 0.3442
494 1499 0.3537
494 1500 0.7288
494 1503 0.5642
494 1504 0.6607
494 1507 0.2841
494 1511 0.2843
494 1512 0.7295
494 1515 0.3003
494 1516 0.3188
494 1517 0.3270
494 1518 0.3003
494 1519 0.2003
494 1520 0.1712
494 1522 0.2854
494 1526 0.1656
494 1527 0.1616
494 1529 0.3622
494 1530 0.1649
494 1532 0.2013
494 1535 0.3194
494 1536 0.3182
494 1538 0.1676
494 1541 0.3188
494 1542 0.2676
494 1544 0.2841
494 1547 0.3086
494 1548 0.1838
494 1549 0.2591
494 1550 0.3003
494 1551 0.1971
494 1554 0.2721
494 1557 0.2841
494 1565 0.3003
494 1567 0.2914
494 1568 0.2894
494 1570 0.2677
494 1571 0.3442
494 1574 0.3003
494 1577 0.2902
494 1578 0.3003
494 1580 0.2595
494 1581 0.2841
494 1582 0.3201
494 1583 0.3110
494 1585 0.3504
494 1587 0.2841
494 1588 0.3074
494 1591 0.2619
494 1592 0.2902
494 1593 0.2646
494 1594 0.2880
494 1595 0.2894
494 1598 0.3003
494 1599 0.2902
494 1603 0.3188
494 1605 0.2843
494 1606 0.3695
494 1608 0.3188
494 1612 0.2902
494 1613 0.2240
494 1615 0.3003
494 1616 0.2843
494 1618 0.3454
494 1619 0.3074
494 1621 0.2068
494 1622 0.2034
494 1624 0.3591
494 1626 0.2777
494 1628 0.3164
494 1630 0.3182
494 1631 0.6499
494 1633 0.3683
494 1634 0.2877
494 1637 0.3003
494 1641 0.2841
494 1645 0.2812
494 1646 0.2843
494 1647 0.2675
494 1649 0.3003
494 1650 0.3182
494 1651 0.2841
494 1653 0.3716
494 1655 0.2841
494 1660 0.2812
494 1661 0.3182
494 1662 0.2841
494 1663 0.2660
494 1664 0.2843
494 1665 0.2811
494 1668 0.2164
494 1669 0.2169
494 1670 0.2841
494 1673 0.3003
494 1674 0.2824
494 1675 0.2843
494 1676 0.2841
494 1678 0.3188
494 1679 0.2811
494 1683 0.3567
494 1685 0.3003
494 1686 0.2841
494 1689 0.2373
494 1691 0.2663
494 1692 0.3201
494 1694 0.3116
494 1697 0.3442
494 1699 0.2777
494 1701 0.2652
494 1702 0.1610
494 1706 0.1613
494 1707 0.1852
494 1708 0.2679
494 1709 0.2902
494 1711 0.3442
494 1712 0.1839
494 1713 0.1635
494 1714 0.1872
494 1717 0.1869
494 1718 0.3442
494 1719 0.2843
494 1720 0.2841
494 1723 0.2922
494 1725 0.3113
494 1726 0.2841
494 1729 0.2843
495 496 0.2073
495 497 0.6276
495 498 0.2195
495 499 0.3275
495 500 0.3147
495 501 0.2286
495 503 0.7903
495 505 0.3378
495 506 0.2219
495 507 0.1730
495 508 0.2957
495 509 0.8977
495 511 0.2177
495 513 0.1820
495 514 0.3995
495 515 0.3057
495 516 0.2516
495 517 0.7396
495 518 0.3353
495 519 0.8066
495 520 0.2009
495 521 0.2957
495 522 0.3275
495 523 0.1754
495 525 0.2957
495 526 0.2492
495 527 0.2925
495 528 0.1748
495 529 0.2733
495 530 0.1926
495 531 0.2093
495 532 0.7889
495 533 0.8886
495 534 0.2568
495 535 0.8289
495 536 0.1892
495 537 0.9237
495 539 0.3275
495 540 0.9538
495 541 0.2932
495 544 0.1999
495 545 0.3764
495 548 0.2754
495 549 0.2698
495 552 0.3246
495 555 0.2237
495 556 0.1843
495 558 0.7956
495 559 0.1751
495 560 0.1755
495 561 0.3246
495 562 0.1805
495 563 0.1775
495 564 0.1767
495 565 0.3358
495 567 0.3026
495 568 0.1806
495 569 0.1785
495 570 0.2102
495 571 0.3275
495 572 0.2166
495 573 0.3378
495 574 0.2185
495 575 0.3764
495 576 0.2483
495 577 0.2161
495 578 0.2328
495 579 0.3764
495 581 0.2047
495 582 0.1741
495 583 0.1985
495 584 0.2203
495 585 0.1718
495 586 0.3131
495 587 0.9112
495 589 0.3358
495 590 0.2857
495 591 0.3358
495 593 0.2733
495 598 0.3275
495 599 0.2496
495 600 0.2062
495 601 0.3353
495 602 0.3358
495 605 0.5657
495 607 0.3275
495 610 0.2374
495 612 0.2073
495 613 0.1790
495 614 0.2084
495 618 0.2754
495 619 0.2254
495 621 0.2304
495 622 0.7644
495 625 0.2378
495 626 0.2337
495 627 0.2613
495 628 0.1747
495 629 0.3275
495 631 0.2035
495 632 0.1912
495 633 0.1889
495 634 0.3275
495 637 0.5500
495 638 0.8471
495 639 0.1877
495 640 0.3358
495 641 0.2594
495 642 0.2305
495 643 0.3358
495 645 0.2957
495 646 0.7953
495 648 0.1786
495 649 0.2214
495 650 0.1971
495 651 0.2395
495 652 0.2540
495 653 0.2160
495 654 0.3275
495 656 0.1886
495 657 0.3358
495 658 0.2579
495 659 0.5203
495 661 0.8613
495 662 0.3353
495 664 0.9252
495 666 0.2655
495 667 0.2754
495 671 0.1834
495 673 0.2336
495 674 0.8932
495 675 0.3275
495 676 0.2368
495 677 0.6028
495 679 0.1820
495 680 0.2512
495 681 0.8717
495 684 0.8714
495 685 0.1849
495 686 0.2509
495 687 0.2925
495 688 0.9037
495 689 0.9572
495 690 0.2170
495 691 0.2149
495 692 0.1778
495 694 0.2029
495 695 0.3764
495 696 0.8954
495 697 0.3411
495 698 0.7490
495 699 0.7996
495 700 0.4289
495 702 0.2201
495 703 0.1737
495 704 0.1820
495 705 0.3411
495 706 0.1766
495 707 0.1769
495 708 0.2898
495 709 0.2733
495 710 0.3774
495 711 0.2154
495 712 0.1749
495 713 0.8650
495 714 0.8909
495 716 0.2492
495 717 0.3764
495 718 0.7628
495 721 0.7311
495 722 0.2096
495 723 0.1812
495 726 0.3715
495 727 0.5197
495 728 0.3918
495 729 0.2172
495 731 0.2957
495 732 0.2308
495 733 0.3764
495 734 0.2655
495 735 0.7157
495 736 0.2051
495 737 0.1794
495 738 0.2754
495 740 0.2120
495 741 0.9465
495 742 0.1792
495 743 0.1987
495 744 0.1735
495 745 0.1748
495 747 0.2568
495 748 0.9596
495 750 0.1879
495 751 0.2754
495 752 0.1835
495 753 0.2176
495 754 0.3411
495 755 0.2016
495 758 0.8229
495 759 0.3275
495 760 0.1891
495 762 0.3019
495 763 0.9427
495 764 0.2957
495 766 0.3411
495 767 0.7802
495 768 0.7680
495 769 0.8457
495 770 0.2903
495 771 0.2244
495 772 0.2957
495 775 0.7853
495 776 0.1853
495 777 0.2498
495 778 0.4107
495 780 0.2516
495 781 0.3275
495 783 0.3353
495 785 0.8705
495 786 0.3714
495 787 0.3764
495 789 0.3183
495 793 0.2144
495 794 0.5880
495 797 0.3275
495 798 0.2514
495 799 0.1829
495 801 0.1981
495 803 0.1820
495 804 0.9671
495 805 0.2380
495 806 0.8003
495 808 0.8837
495 809 0.2304
495 810 0.2754
495 811 0.2094
495 815 0.2957
495 816 0.3358
495 817 0.1976
495 818 0.1982
495 819 0.4718
495 821 0.2516
495 822 0.2492
495 823 0.1668
495 825 0.3275
495 827 0.1856
495 829 0.3715
495 830 0.7342
495 831 0.2957
495 832 0.3373
495 833 0.8047
495 834 0.3411
495 835 0.3411
495 836 0.1792
495 837 0.7653
495 838 0.3037
495 839 0.8354
495 840 0.3358
495 841 0.3715
495 842 0.3764
495 843 0.6424
495 845 0.2539
495 846 0.2341
495 849 0.2021
495 851 0.6853
495 855 0.3411
495 856 0.8666
495 858 0.3715
495 860 0.3764
495 861 0.2515
495 862 0.2049
495 864 0.1765
495 865 0.6642
495 866 0.3275
495 867 0.2044
495 868 0.3246
495 869 0.1753
495 870 0.1967
495 871 0.1781
495 872 0.6946
495 875 0.6699
495 876 0.8780
495 878 0.8169
495 880 0.9388
495 881 0.1770
495 882 0.3388
495 883 0.3246
495 884 0.2925
495 886 0.3358
495 887 0.2018
495 889 0.2091
495 890 0.3275
495 891 0.9419
495 893 0.2397
495 895 0.2165
495 896 0.3411
495 898 0.1802
495 900 0.3764
495 901 0.6374
495 903 0.1891
495 905 0.7672
495 907 0.3275
495 908 0.3026
495 909 0.2176
495 910 0.2957
495 914 0.8467
495 915 0.3207
495 918 0.2957
495 919 0.2957
495 921 0.1741
495 922 0.6790
495 924 0.2932
495 928 0.8760
495 929 0.2679
495 930 0.1781
495 934 0.3411
495 935 0.1743
495 936 0.8815
495 938 0.9544
495 940 0.2932
495 942 0.1730
495 943 0.7768
495 946 0.2099
495 947 0.2044
495 948 0.2802
495 950 0.1746
495 952 0.1753
495 953 0.2147
495 954 0.3275
495 955 0.1760
495 956 0.1808
495 958 0.7365
495 959 0.3275
495 960 0.2266
495 964 0.2733
495 965 0.1948
495 966 0.8879
495 967 0.1922
495 968 0.2000
495 971 0.3026
495 972 0.2579
495 973 0.1950
495 974 0.2490
495 976 0.1760
495 977 0.3764
495 978 0.5293
495 979 0.1555
495 980 0.5279
495 983 0.1770
495 984 0.1753
495 987 0.2739
495 989 0.1825
495 990 0.2957
495 993 0.8238
495 994 0.2424
495 995 0.2588
495 996 0.3275
495 1000 0.2543
495 1001 0.3177
495 1002 0.1743
495 1003 0.9661
495 1004 0.1747
495 1006 0.3358
495 1007 0.2118
495 1008 0.7554
495 1014 0.2542
495 1015 0.9462
495 1018 0.2009
495 1019 0.3147
495 1020 0.2379
495 1022 0.2302
495 1023 0.8993
495 1024 0.1772
495 1027 0.2961
495 1029 0.1876
495 1030 0.6699
495 1032 0.6396
495 1033 0.3246
495 1036 0.1792
495 1037 0.3715
495 1039 0.3764
495 1042 0.2590
495 1043 0.8650
495 1046 0.8129
495 1047 0.3358
495 1048 0.3411
495 1049 0.2802
495 1050 0.1777
495 1051 0.1893
495 1053 0.1932
495 1056 0.2453
495 1057 0.8100
495 1058 0.2733
495 1059 0.3411
495 1060 0.2032
495 1061 0.3353
495 1063 0.9128
495 1064 0.3411
495 1065 0.1930
495 1066 0.2670
495 1067 0.3275
495 1068 0.7341
495 1069 0.3764
495 1070 0.3411
495 1072 0.2582
495 1075 0.7992
495 1076 0.8156
495 1078 0.8977
495 1079 0.2627
495 1080 0.2279
495 1081 0.2898
495 1082 0.3411
495 1083 0.9139
495 1084 0.3358
495 1085 0.3275
495 1087 0.3275
495 1089 0.3026
495 1090 0.2649
495 1093 0.3275
495 1094 0.2579
495 1099 0.8851
495 1102 0.3411
495 1103 0.4085
495 1104 0.2180
495 1105 0.2542
495 1106 0.1812
495 1107 0.2957
495 1108 0.1959
495 1111 0.3147
495 1113 0.2898
495 1115 0.2543
495 1116 0.9184
495 1117 0.7908
495 1118 0.3026
495 1119 0.2754
495 1120 0.8212
495 1122 0.5028
495 1123 0.3411
495 1124 0.3275
495 1125 0.1950
495 1126 0.4033
495 1127 0.3411
495 1128 0.1951
495 1129 0.1841
495 1130 0.9133
495 1132 0.2754
495 1133 0.1789
495 1134 0.3358
495 1135 0.8516
495 1138 0.2197
495 1139 0.3411
495 1141 0.2259
495 1143 0.3764
495 1147 0.2639
495 1149 0.3275
495 1150 0.3129
495 1152 0.9558
495 1153 0.3275
495 1154 0.1926
495 1155 0.3411
495 1156 0.3411
495 1157 0.7933
495 1158 0.3358
495 1159 0.2022
495 1160 0.2096
495 1161 0.1829
495 1162 0.3411
495 1163 0.1949
495 1165 0.3026
495 1166 0.7933
495 1167 0.3358
495 1169 0.1763
495 1172 0.3275
495 1174 0.3411
495 1176 0.5352
495 1177 0.3764
495 1180 0.7347
495 1182 0.3411
495 1185 0.2733
495 1186 0.8707
495 1187 0.1923
495 1189 0.4085
495 1191 0.3090
495 1192 0.2753
495 1193 0.1809
495 1194 0.1757
495 1199 0.3368
495 1200 0.3057
