170 1126 0.1818
170 1127 0.3508
170 1128 0.2276
170 1129 0.7780
170 1130 0.2512
170 1132 0.2712
170 1133 0.1897
170 1134 0.3312
170 1135 0.3410
170 1138 0.2118
170 1139 0.3508
170 1141 0.2780
170 1143 0.3995
170 1147 0.1810
170 1149 0.3356
170 1150 0.3217
170 1152 0.2770
170 1153 0.3356
170 1154 0.1850
170 1155 0.3508
170 1156 0.3508
170 1157 0.3312
170 1158 0.3312
170 1159 0.2075
170 1160 0.2603
170 1161 0.1695
170 1162 0.3508
170 1163 0.2043
170 1165 0.3258
170 1166 0.3312
170 1167 0.3312
170 1169 0.1684
170 1172 0.3356
170 1174 0.5999
170 1176 0.3312
170 1177 0.3995
170 1180 0.1737
170 1182 0.3508
170 1185 0.2754
170 1186 0.2768
170 1187 0.2150
170 1189 0.4233
170 1191 0.3015
170 1192 0.7577
170 1193 0.1754
170 1194 0.1663
170 1199 0.6318
170 1200 0.3158
170 1201 0.3356
170 1202 0.2075
170 1203 0.2164
170 1204 0.2945
170 1206 0.3508
170 1207 0.3356
170 1208 0.2783
170 1209 0.2606
170 1210 0.2128
170 1211 0.2657
170 1212 0.3646
170 1213 0.2781
170 1216 0.3508
170 1217 0.3526
170 1218 0.1795
170 1219 0.3154
170 1221 0.3349
170 1223 0.1962
170 1225 0.1709
170 1226 0.7410
170 1227 0.3508
170 1228 0.3508
170 1229 0.1891
170 1230 0.3508
170 1231 0.2083
170 1233 0.3312
170 1236 0.3995
170 1237 0.3995
170 1240 0.3995
170 1241 0.2718
170 1242 0.2190
170 1244 0.3356
170 1246 0.3312
170 1247 0.2303
170 1248 0.3312
170 1249 0.3154
170 1250 0.3038
170 1251 0.3508
170 1252 0.3598
170 1256 0.6725
170 1257 0.3508
170 1259 0.7684
170 1260 0.8501
170 1262 0.7492
170 1263 0.8183
170 1265 0.7399
170 1267 0.6374
170 1268 0.7621
170 1270 0.7453
170 1271 0.9371
170 1272 0.6515
170 1273 0.7453
170 1274 0.3356
170 1275 0.9082
170 1276 0.8423
170 1279 0.9649
170 1280 0.3995
170 1282 0.2689
170 1283 0.1675
170 1284 0.2637
170 1287 0.1676
170 1288 0.2410
170 1289 0.2637
170 1291 0.1698
170 1292 0.2111
170 1293 0.2437
170 1296 0.3508
170 1298 0.1660
170 1299 0.1698
170 1300 0.3312
170 1301 0.2218
170 1303 0.1946
170 1304 0.2301
170 1306 0.3356
170 1307 0.3995
170 1308 0.3356
170 1310 0.1817
170 1316 0.2325
170 1319 0.2769
170 1320 0.2712
170 1323 0.3508
170 1326 0.3508
170 1327 0.3995
170 1330 0.3575
170 1331 0.2646
170 1333 0.2712
170 1334 0.3356
170 1335 0.3356
170 1337 0.3508
170 1338 0.2430
170 1342 0.1977
170 1343 0.3258
170 1344 0.3598
170 1346 0.3995
170 1348 0.2473
170 1349 0.2712
170 1350 0.3508
170 1353 0.3312
170 1358 0.3154
170 1360 0.3312
170 1362 0.3508
170 1363 0.3217
170 1367 0.2146
170 1368 0.3995
170 1369 0.7121
170 1370 0.2934
170 1372 0.2684
170 1374 0.3995
170 1375 0.7563
170 1376 0.3356
170 1379 0.3508
170 1380 0.3356
170 1381 0.3508
170 1383 0.3312
170 1386 0.8487
170 1387 0.7867
170 1388 0.7831
170 1390 0.3258
170 1394 0.7542
170 1395 0.3154
170 1396 0.3995
170 1397 0.9403
170 1398 0.3508
170 1401 0.3995
170 1402 0.7844
170 1405 0.7290
170 1406 0.3356
170 1407 0.2910
170 1408 0.9330
170 1411 0.3508
170 1412 0.6875
170 1413 0.6281
170 1415 0.7645
170 1416 0.7470
170 1419 0.7967
170 1421 0.1687
170 1424 0.6161
170 1425 0.3312
170 1426 0.2676
170 1427 0.3312
170 1428 0.3356
170 1433 0.3312
170 1434 0.2222
170 1435 0.2167
170 1436 0.3312
170 1437 0.1671
170 1438 0.2556
170 1439 0.3995
170 1440 0.1698
170 1441 0.2664
170 1449 0.3312
170 1451 0.3508
170 1452 0.3239
170 1453 0.3356
170 1454 0.3356
170 1456 0.3099
170 1457 0.3508
170 1458 0.2754
170 1462 0.3356
170 1464 0.3508
170 1468 0.3356
170 1472 0.3508
170 1473 0.2637
170 1474 0.3508
170 1479 0.2951
170 1480 0.3995
170 1481 0.3312
170 1485 0.2777
170 1487 0.3995
170 1491 0.2171
170 1493 0.3258
170 1494 0.2712
170 1497 0.3356
170 1498 0.3995
170 1499 0.1949
170 1500 0.2911
170 1503 0.2488
170 1504 0.2646
170 1507 0.3312
170 1511 0.3356
170 1512 0.3677
170 1515 0.3508
170 1516 0.3665
170 1517 0.3655
170 1518 0.3508
170 1519 0.2140
170 1520 0.1750
170 1522 0.2236
170 1526 0.1722
170 1527 0.1667
170 1529 0.3769
170 1530 0.1976
170 1532 0.1893
170 1535 0.2931
170 1536 0.3646
170 1538 0.1706
170 1541 0.3665
170 1542 0.2657
170 1544 0.3312
170 1547 0.3036
170 1548 0.1685
170 1549 0.2646
170 1550 0.3508
170 1551 0.2092
170 1554 0.2769
170 1557 0.3312
170 1565 0.3508
170 1567 0.2722
170 1568 0.2754
170 1570 0.2430
170 1571 0.3995
170 1574 0.3508
170 1577 0.3154
170 1578 0.3508
170 1580 0.2283
170 1581 0.3312
170 1582 0.3231
170 1583 0.3261
170 1585 0.3495
170 1587 0.3312
170 1588 0.3205
170 1591 0.2275
170 1592 0.3154
170 1593 0.2400
170 1594 0.3095
170 1595 0.2754
170 1598 0.3508
170 1599 0.3154
170 1603 0.3665
170 1605 0.3356
170 1606 0.3598
170 1608 0.3665
170 1612 0.3154
170 1613 0.2265
170 1615 0.3508
170 1616 0.3356
170 1618 0.3355
170 1619 0.3205
170 1621 0.2032
170 1622 0.2001
170 1624 0.3571
170 1626 0.2712
170 1628 0.3099
170 1630 0.3646
170 1631 0.2637
170 1633 0.4233
170 1634 0.3055
170 1637 0.3508
170 1641 0.3312
170 1645 0.3015
170 1646 0.3356
170 1647 0.2563
170 1649 0.3508
170 1650 0.3646
170 1651 0.3312
170 1653 0.3646
170 1655 0.3312
170 1660 0.3015
170 1661 0.6487
170 1662 0.6381
170 1663 0.7995
170 1664 0.3356
170 1665 0.6376
170 1668 0.8353
170 1669 0.8132
170 1670 0.3312
170 1673 0.3508
170 1674 0.9094
170 1675 0.3356
170 1676 0.7735
170 1678 0.3665
170 1679 0.6833
170 1683 0.7912
170 1685 0.3508
170 1686 0.3312
170 1689 0.9634
170 1691 0.8368
170 1692 0.7628
170 1694 0.7879
170 1697 0.3995
170 1699 0.2712
170 1701 0.2519
170 1702 0.1669
170 1706 0.1649
170 1707 0.7387
170 1708 0.2306
170 1709 0.3154
170 1711 0.3995
170 1712 0.1825
170 1713 0.1677
170 1714 0.1927
170 1717 0.1803
170 1718 0.3995
170 1719 0.3356
170 1720 0.3312
170 1723 0.2880
170 1725 0.7765
170 1726 0.3312
170 1729 0.3356
171 172 0.2185
171 173 0.2185
171 174 0.2348
171 175 0.2434
171 176 0.2378
171 177 0.2540
171 178 0.2175
171 179 0.3752
171 180 0.2366
171 181 0.1598
171 182 0.3938
171 183 0.1926
171 184 0.2588
171 185 0.2148
171 186 0.1844
171 187 0.3214
171 188 0.1996
171 189 0.2185
171 191 0.1769
171 192 0.2377
171 193 0.9031
171 194 0.3965
171 195 0.3150
171 196 0.2309
171 197 0.8982
171 198 0.2587
171 199 0.5036
171 200 0.2662
171 201 0.2629
171 202 0.2468
171 204 0.2687
171 206 0.2578
171 208 0.8557
171 209 0.8459
171 210 0.2729
171 211 0.3070
171 212 0.2175
171 214 0.7173
171 215 0.2947
171 216 0.7335
171 217 0.8159
171 218 0.1901
171 219 0.1653
171 221 0.3273
171 223 0.2662
171 224 0.1654
171 225 0.5133
171 227 0.2175
171 228 0.2774
171 229 0.2161
171 230 0.2307
171 231 0.2413
171 233 0.2025
171 234 0.1672
171 235 0.1694
171 236 0.4013
171 237 0.6444
171 238 0.8721
171 239 0.3112
171 240 0.2511
171 241 0.2348
171 242 0.2498
171 243 0.2433
171 245 0.2437
171 246 0.2291
171 247 0.2291
171 248 0.2981
171 249 0.2524
171 250 0.2591
171 251 0.2185
171 252 0.2175
171 253 0.2588
171 254 0.2028
171 255 0.2606
171 256 0.3303
171 257 0.2209
171 258 0.3629
171 259 0.2437
171 260 0.2222
171 262 0.1667
171 263 0.2540
171 264 0.2014
171 265 0.2380
171 266 0.1607
171 267 0.2540
171 268 0.2641
171 270 0.2992
171 271 0.1775
171 272 0.2606
171 274 0.2924
171 275 0.2086
171 276 0.7008
171 277 0.2547
171 278 0.2148
171 279 0.1660
171 281 0.2804
171 282 0.2185
171 283 0.2185
171 284 0.1584
171 285 0.2018
171 286 0.1967
171 287 0.1959
171 289 0.2564
171 290 0.2673
171 291 0.8306
171 292 0.4921
171 293 0.2663
171 294 0.5215
171 295 0.2053
171 297 0.6073
171 298 0.2540
171 300 0.2813
171 301 0.1840
171 303 0.2222
171 304 0.1992
171 306 0.2148
171 307 0.2437
171 308 0.2136
171 309 0.3526
171 311 0.2437
171 313 0.3362
171 314 0.1688
171 315 0.2376
171 316 0.1902
171 317 0.2429
171 318 0.2185
171 319 0.5430
171 320 0.1621
171 321 0.2842
171 324 0.2148
171 326 0.2175
171 327 0.3556
171 328 0.1790
171 329 0.2540
171 330 0.3024
171 331 0.2429
171 332 0.2311
171 333 0.2148
171 334 0.1603
171 335 0.2274
171 336 0.2606
171 337 0.2588
171 338 0.2513
171 339 0.1908
171 340 0.1730
171 341 0.1680
171 342 0.2304
171 343 0.2606
171 344 0.1780
171 346 0.2651
171 347 0.1812
171 348 0.2574
171 349 0.2437
171 350 0.2148
171 353 0.2606
171 354 0.2734
171 355 0.2148
171 356 0.2185
171 357 0.2222
171 358 0.2504
171 359 0.2429
171 361 0.1811
171 362 0.1871
171 363 0.1863
171 364 0.3426
171 366 0.3202
171 367 0.7593
171 368 0.2538
171 369 0.2175
171 370 0.3122
171 371 0.7579
171 372 0.3250
171 374 0.2425
171 375 0.2716
171 376 0.3831
171 377 0.3537
171 379 0.2247
171 380 0.3118
171 381 0.2617
171 382 0.2209
171 383 0.2498
171 384 0.2469
171 385 0.2606
171 386 0.3118
171 387 0.2872
171 388 0.2641
171 389 0.2606
171 390 0.2540
171 391 0.6629
171 392 0.1770
171 393 0.2583
171 394 0.2701
171 395 0.2441
171 396 0.7677
171 397 0.2606
171 398 0.1615
171 399 0.1908
171 400 0.3118
171 402 0.3235
171 403 0.7156
171 404 0.2542
171 405 0.2653
171 407 0.2774
171 408 0.2532
171 409 0.5800
171 411 0.3058
171 412 0.2649
171 413 0.1840
171 414 0.3214
171 415 0.2909
171 418 0.4508
171 419 0.2429
171 420 0.2662
171 423 0.2346
171 424 0.3995
171 425 0.7920
171 427 0.4136
171 428 0.2157
171 430 0.2185
171 433 0.2184
171 434 0.2962
171 435 0.4789
171 436 0.2175
171 438 0.2059
171 439 0.2700
171 440 0.2606
171 441 0.2308
171 442 0.1801
171 443 0.2439
171 445 0.2274
171 447 0.1899
171 449 0.1920
171 450 0.2185
171 451 0.2536
171 452 0.1666
171 453 0.1611
171 454 0.2261
171 455 0.2148
171 456 0.2410
171 459 0.2185
171 460 0.2804
171 462 0.2185
171 463 0.2570
171 464 0.2653
171 465 0.2914
171 466 0.5313
171 467 0.2047
171 468 0.2323
171 470 0.7969
171 471 0.2443
171 472 0.2768
171 475 0.3197
171 476 0.4843
171 478 0.2185
171 479 0.2606
171 480 0.2222
171 481 0.2742
171 482 0.2895
171 484 0.5055
171 485 0.1688
171 486 0.2175
171 487 0.2126
171 488 0.7806
171 489 0.2606
171 490 0.2484
171 491 0.3816
171 492 0.4770
171 493 0.2437
171 494 0.2388
171 495 0.1940
171 496 0.2313
171 497 0.2437
171 498 0.1791
171 499 0.2148
171 500 0.2872
171 501 0.2863
171 503 0.2589
171 505 0.2969
171 506 0.2247
171 507 0.1587
171 508 0.2429
171 509 0.2170
171 511 0.3001
171 513 0.6444
171 514 0.3173
171 515 0.2746
171 516 0.2348
171 517 0.2676
171 518 0.2662
171 519 0.3204
171 520 0.2295
171 521 0.2429
171 522 0.2148
171 523 0.1656
171 525 0.2429
171 526 0.2209
171 527 0.2577
171 528 0.5466
171 529 0.2542
171 530 0.2531
171 531 0.2666
171 532 0.2542
171 533 0.2774
171 534 0.2437
171 535 0.2684
171 536 0.1986
171 537 0.2660
171 539 0.2148
171 540 0.2947
171 541 0.2684
171 544 0.2762
171 545 0.2185
171 548 0.2540
171 549 0.2477
171 552 0.2804
171 555 0.2801
171 556 0.1870
171 558 0.2612
171 559 0.1632
171 560 0.1663
171 561 0.2662
171 562 0.1783
171 563 0.9302
171 564 0.2046
171 565 0.2606
171 567 0.5174
171 568 0.4953
171 569 0.1743
171 570 0.2858
171 571 0.2148
171 572 0.2731
171 573 0.2969
171 574 0.6103
171 575 0.2185
171 576 0.3892
171 577 0.2376
171 578 0.2274
171 579 0.2185
171 581 0.2395
171 582 0.1587
171 583 0.2413
171 584 0.7489
171 585 0.4862
171 586 0.2804
171 587 0.3065
171 589 0.2606
171 590 0.2538
171 591 0.2606
171 593 0.2542
171 598 0.2148
171 599 0.2664
171 600 0.2552
171 601 0.2662
171 602 0.2606
171 605 0.2175
171 607 0.2148
171 610 0.2728
171 612 0.2313
171 613 0.2105
171 614 0.2805
171 618 0.2540
171 619 0.2810
171 621 0.2222
171 622 0.2348
171 625 0.2653
171 626 0.2359
171 627 0.2556
171 628 0.1629
171 629 0.2148
171 631 0.2379
171 632 0.8117
171 633 0.7918
171 634 0.2148
171 637 0.2605
171 638 0.2570
171 639 0.1853
171 640 0.2606
171 641 0.4991
171 642 0.2813
171 643 0.2606
171 645 0.2429
171 646 0.2670
171 648 0.1939
171 649 0.2274
171 650 0.1904
171 651 0.7977
171 652 0.4502
171 653 0.2953
171 654 0.2148
171 656 0.2346
171 657 0.2606
171 658 0.2439
171 659 0.2690
171 661 0.2476
171 662 0.2662
171 664 0.2695
171 666 0.3374
171 667 0.2540
171 671 0.3333
171 673 0.2234
171 674 0.2556
171 675 0.2148
171 676 0.3176
171 677 0.2175
171 679 0.6444
171 680 0.2834
171 681 0.2540
171 684 0.2175
171 685 0.2297
171 686 0.5554
171 687 0.4935
171 688 0.3146
171 689 0.2280
171 690 0.2285
171 691 0.2470
171 692 0.2181
171 694 0.2271
171 695 0.2185
171 696 0.2760
171 697 0.2175
171 698 0.1781
171 699 0.2728
171 700 0.2464
171 702 0.7097
171 703 0.4665
171 704 0.6444
171 705 0.2175
171 706 0.1699
171 707 0.2076
171 708 0.2606
171 709 0.2542
171 710 0.2549
171 711 0.1710
171 712 0.1586
171 713 0.2222
171 714 0.3954
171 716 0.4390
171 717 0.2185
171 718 0.2892
171 721 0.2774
171 722 0.2314
171 723 0.2136
171 726 0.4371
171 727 0.2148
171 728 0.6446
171 729 0.6776
171 731 0.2429
171 732 0.2885
171 733 0.2185
171 734 0.2589
171 735 0.2946
171 736 0.2011
171 737 0.2174
171 738 0.2540
171 740 0.2600
171 741 0.2622
171 742 0.1668
171 743 0.2214
171 744 0.8495
171 745 0.7839
171 747 0.2437
171 748 0.2019
171 750 0.1835
171 751 0.2540
171 752 0.9336
171 753 0.2852
171 754 0.2175
171 755 0.6331
171 758 0.2804
171 759 0.2148
171 760 0.2347
171 762 0.2628
171 763 0.5256
171 764 0.2429
171 766 0.2175
171 767 0.2872
171 768 0.2145
171 769 0.2488
171 770 0.2701
171 771 0.2135
171 772 0.2429
171 775 0.6095
171 776 0.7322
171 777 0.2676
171 778 0.3017
171 780 0.2348
171 781 0.2148
171 783 0.2662
171 785 0.4439
171 786 0.6506
171 787 0.2185
171 789 0.6000
171 793 0.2087
171 794 0.1943
171 797 0.2148
171 798 0.2899
171 799 0.5943
171 801 0.2748
171 803 0.1781
171 804 0.2233
171 805 0.6291
171 806 0.2576
171 808 0.3668
171 809 0.2222
171 810 0.2372
171 811 0.1897
171 815 0.2429
171 816 0.2606
171 817 0.2420
171 818 0.2440
171 819 0.3235
171 821 0.2348
171 822 0.2209
171 823 0.2074
171 825 0.2148
171 827 0.6999
171 829 0.2909
171 830 0.2437
171 831 0.3465
171 832 0.7147
171 833 0.2429
171 834 0.2175
171 835 0.2175
171 836 0.1700
171 837 0.2437
171 838 0.6108
171 839 0.2589
171 840 0.2606
171 841 0.2909
171 842 0.2185
171 843 0.2606
171 845 0.3118
171 846 0.4071
171 849 0.5510
171 851 0.9439
171 855 0.2175
171 856 0.3239
171 858 0.2909
171 860 0.2185
171 861 0.2732
171 862 0.2611
171 864 0.6877
171 865 0.3176
171 866 0.2148
171 867 0.2112
171 868 0.2804
171 869 0.1658
171 870 0.4996
171 871 0.1638
171 872 0.6029
171 875 0.2175
171 876 0.2647
171 878 0.2175
171 880 0.2568
171 881 0.2201
171 882 0.2574
171 883 0.3741
171 884 0.2577
171 886 0.2606
171 887 0.8233
171 889 0.2894
171 890 0.2148
171 891 0.3982
171 893 0.4584
171 895 0.5967
171 896 0.2175
171 898 0.1684
171 900 0.2185
171 901 0.1945
171 903 0.1976
171 905 0.2540
171 907 0.2148
171 908 0.2774
171 909 0.4888
171 910 0.2429
171 914 0.3083
171 915 0.8128
171 918 0.2429
171 919 0.2429
171 921 0.4247
171 922 0.2994
171 924 0.2684
171 928 0.2804
171 929 0.2801
171 930 0.7817
171 934 0.2175
171 935 0.8400
171 936 0.2404
171 938 0.2505
171 940 0.2684
171 942 0.8208
171 943 0.2589
171 946 0.4079
171 947 0.7801
171 948 0.4449
171 950 0.7248
171 952 0.7688
171 953 0.2202
171 954 0.2148
171 955 0.2097
171 956 0.4272
171 958 0.2175
171 959 0.2148
171 960 0.2402
171 964 0.2542
171 965 0.2500
171 966 0.2352
171 967 0.2522
171 968 0.2230
171 971 0.2774
171 972 0.2439
171 973 0.2478
171 974 0.2257
171 976 0.1651
171 977 0.2185
171 978 0.2909
171 979 0.9174
171 980 0.2683
171 983 0.2122
171 984 0.7688
171 987 0.2817
171 989 0.4068
171 990 0.2429
171 993 0.9028
171 994 0.4213
171 995 0.4338
171 996 0.2148
171 1000 0.2152
171 1001 0.2186
171 1002 0.1663
171 1003 0.3100
171 1004 0.1651
171 1006 0.2606
171 1007 0.2052
171 1008 0.2577
171 1014 0.5520
171 1015 0.2728
171 1018 0.2295
171 1019 0.2872
171 1020 0.3655
171 1022 0.4944
171 1023 0.2352
171 1024 0.2016
171 1027 0.3314
171 1029 0.7274
171 1030 0.3075
171 1032 0.2606
171 1033 0.2804
171 1036 0.1802
171 1037 0.2909
171 1039 0.2185
171 1042 0.2639
171 1043 0.2222
171 1046 0.2222
171 1047 0.2606
171 1048 0.2175
171 1049 0.3313
171 1050 0.4294
171 1051 0.2536
171 1053 0.2613
171 1056 0.2629
171 1057 0.2675
171 1058 0.2542
171 1059 0.2175
171 1060 0.2006
171 1061 0.2662
171 1063 0.3092
171 1064 0.2175
171 1065 0.5588
171 1066 0.3542
171 1067 0.2148
171 1068 0.7993
171 1069 0.2185
171 1070 0.2175
171 1072 0.2179
171 1075 0.2774
171 1076 0.2540
171 1078 0.2170
171 1079 0.2802
171 1080 0.2147
171 1081 0.2366
171 1082 0.2175
171 1083 0.3205
171 1084 0.3997
171 1085 0.2148
171 1087 0.2148
171 1089 0.2774
171 1090 0.3045
171 1093 0.2148
171 1094 0.2439
171 1099 0.3945
171 1102 0.2175
171 1103 0.2570
171 1104 0.2486
171 1105 0.5711
171 1106 0.2122
171 1107 0.2429
171 1108 0.4750
171 1111 0.2872
171 1113 0.2366
171 1115 0.2152
171 1116 0.2260
171 1117 0.2774
171 1118 0.5146
171 1119 0.2540
171 1120 0.2599
171 1122 0.2606
171 1123 0.2175
171 1124 0.2148
171 1125 0.6929
171 1126 0.3040
171 1127 0.2175
171 1128 0.3477
171 1129 0.2145
171 1130 0.3180
171 1132 0.2540
171 1133 0.2362
171 1134 0.2606
171 1135 0.3168
171 1138 0.4140
171 1139 0.2175
171 1141 0.3263
171 1143 0.2185
171 1147 0.7105
171 1149 0.2148
171 1150 0.4949
171 1152 0.3038
171 1153 0.2148
171 1154 0.9223
171 1155 0.2175
171 1156 0.2175
171 1157 0.2606
171 1158 0.2606
171 1159 0.2382
171 1160 0.2438
171 1161 0.5943
171 1162 0.2175
171 1163 0.2082
171 1165 0.2872
171 1166 0.2606
171 1167 0.2606
171 1169 0.7810
171 1172 0.2148
171 1174 0.2175
171 1176 0.2606
171 1177 0.2185
171 1180 0.8442
171 1182 0.2175
171 1185 0.3725
171 1186 0.2682
171 1187 0.4626
171 1189 0.2570
171 1191 0.3603
171 1192 0.2942
171 1193 0.7125
171 1194 0.7748
171 1199 0.3018
171 1200 0.2746
171 1201 0.2148
171 1202 0.2382
171 1203 0.3454
171 1204 0.2538
171 1206 0.3380
171 1207 0.2148
171 1208 0.4676
171 1209 0.3646
171 1210 0.4386
171 1211 0.3314
171 1212 0.2662
171 1213 0.2274
171 1216 0.2175
171 1217 0.3434
171 1218 0.2275
171 1219 0.2429
171 1221 0.3419
171 1223 0.1703
171 1225 0.1745
171 1226 0.3382
171 1227 0.2175
171 1228 0.3435
171 1229 0.3830
171 1230 0.2175
171 1231 0.2593
171 1233 0.2606
171 1236 0.2185
171 1237 0.2185
171 1240 0.2185
171 1241 0.2439
171 1242 0.2321
171 1244 0.2148
171 1246 0.2606
171 1247 0.2987
171 1248 0.2606
171 1249 0.2429
171 1250 0.2577
171 1251 0.2175
171 1252 0.3266
171 1256 0.3206
171 1257 0.2175
171 1259 0.2944
171 1260 0.1704
171 1262 0.2538
171 1263 0.2252
171 1265 0.2675
171 1267 0.2429
171 1268 0.2619
171 1270 0.2495
171 1271 0.3203
171 1272 0.2540
171 1273 0.2540
171 1274 0.2148
171 1275 0.2270
171 1276 0.2441
171 1279 0.2351
171 1280 0.2185
171 1282 0.3737
171 1283 0.1674
171 1284 0.2146
171 1287 0.1844
171 1288 0.2420
171 1289 0.2146
171 1291 0.2290
171 1292 0.2048
171 1293 0.2413
171 1296 0.2175
171 1298 0.1600
171 1299 0.2290
171 1300 0.2606
171 1301 0.2546
171 1303 0.1848
171 1304 0.2295
171 1306 0.2148
171 1307 0.2185
171 1308 0.2148
171 1310 0.2301
171 1316 0.2244
171 1319 0.2198
171 1320 0.2540
171 1323 0.2175
171 1326 0.2175
171 1327 0.2185
171 1330 0.3055
171 1331 0.2152
171 1333 0.2540
171 1334 0.2148
171 1335 0.2148
171 1337 0.2175
171 1338 0.2214
171 1342 0.6974
171 1343 0.2872
171 1344 0.3266
171 1346 0.2185
171 1348 0.2891
171 1349 0.4518
171 1350 0.2175
171 1353 0.3984
171 1358 0.2429
171 1360 0.2606
171 1362 0.2175
171 1363 0.5053
171 1367 0.2305
171 1368 0.2185
171 1369 0.3359
171 1370 0.2310
171 1372 0.2742
171 1374 0.2185
171 1375 0.2429
171 1376 0.2148
171 1379 0.2175
171 1380 0.2148
171 1381 0.2175
171 1383 0.2606
171 1386 0.2556
171 1387 0.2675
171 1388 0.3155
171 1390 0.2872
171 1394 0.4305
171 1395 0.4666
171 1396 0.2185
171 1397 0.2483
171 1398 0.2175
171 1401 0.2185
171 1402 0.2540
171 1405 0.2344
171 1406 0.2148
171 1407 0.4204
171 1408 0.2408
171 1411 0.2175
171 1412 0.2606
171 1413 0.2540
171 1415 0.2684
171 1416 0.2676
171 1419 0.2874
171 1421 0.6371
171 1424 0.2175
171 1425 0.2606
171 1426 0.2441
171 1427 0.3991
171 1428 0.2148
171 1433 0.4170
171 1434 0.9619
171 1435 0.9192
171 1436 0.2606
171 1437 0.6871
171 1438 0.4136
171 1439 0.2185
171 1440 0.6583
171 1441 0.3702
171 1449 0.2606
171 1451 0.2175
171 1452 0.2969
171 1453 0.2148
171 1454 0.2148
171 1456 0.2705
171 1457 0.2175
171 1458 0.2542
171 1462 0.2148
171 1464 0.2175
171 1468 0.2148
171 1472 0.2175
171 1473 0.2348
171 1474 0.2175
171 1479 0.3731
171 1480 0.2185
171 1481 0.2606
171 1485 0.2631
171 1487 0.2185
171 1491 0.2828
171 1493 0.2872
171 1494 0.2540
171 1497 0.2148
171 1498 0.2185
171 1499 0.2586
171 1500 0.2684
171 1503 0.3124
171 1504 0.3174
171 1507 0.2606
171 1511 0.2148
171 1512 0.3728
171 1515 0.2175
171 1516 0.2909
171 1517 0.2641
171 1518 0.2175
171 1519 0.2088
171 1520 0.1754
171 1522 0.2804
171 1526 0.1957
171 1527 0.1610
171 1529 0.3206
171 1530 0.1709
171 1532 0.2307
171 1535 0.3128
171 1536 0.2662
171 1538 0.1662
171 1541 0.2909
171 1542 0.2461
171 1544 0.2606
171 1547 0.2619
171 1548 0.2044
171 1549 0.2152
171 1550 0.2175
171 1551 0.1692
171 1554 0.2198
171 1557 0.2606
171 1565 0.2175
171 1567 0.2484
171 1568 0.2542
171 1570 0.2214
171 1571 0.2185
171 1574 0.2175
171 1577 0.2429
171 1578 0.2175
171 1580 0.2556
171 1581 0.2606
171 1582 0.2843
171 1583 0.2690
171 1585 0.3118
171 1587 0.4348
171 1588 0.2804
171 1591 0.2921
171 1592 0.2429
171 1593 0.2777
171 1594 0.2366
171 1595 0.2542
171 1598 0.2175
171 1599 0.2429
171 1603 0.2909
171 1605 0.2148
171 1606 0.3266
171 1608 0.2909
171 1612 0.2429
171 1613 0.2429
171 1615 0.2175
171 1616 0.2148
171 1618 0.4911
171 1619 0.2804
171 1621 0.3088
171 1622 0.5583
171 1624 0.3425
171 1626 0.2540
171 1628 0.2807
171 1630 0.2662
171 1631 0.2348
171 1633 0.2570
171 1634 0.2597
171 1637 0.2175
171 1641 0.2606
171 1645 0.2396
171 1646 0.2148
171 1647 0.2103
171 1649 0.2175
171 1650 0.2662
171 1651 0.2606
171 1653 0.3442
171 1655 0.2606
171 1660 0.2396
171 1661 0.2662
171 1662 0.2606
171 1663 0.2348
171 1664 0.2148
171 1665 0.2439
171 1668 0.2444
171 1669 0.2545
171 1670 0.2606
171 1673 0.2175
171 1674 0.2814
171 1675 0.2148
171 1676 0.2606
171 1678 0.2909
171 1679 0.2439
171 1683 0.3122
171 1685 0.2175
171 1686 0.2606
171 1689 0.2384
171 1691 0.2832
171 1692 0.2843
171 1694 0.2849
171 1697 0.2185
171 1699 0.4518
171 1701 0.4998
171 1702 0.7298
171 1706 0.6359
171 1707 0.8689
171 1708 0.3689
171 1709 0.4666
171 1711 0.2185
171 1712 0.9261
171 1713 0.8723
171 1714 0.7782
171 1717 0.9651
171 1718 0.2185
171 1719 0.2148
171 1720 0.3895
171 1723 0.4857
171 1725 0.4694
171 1726 0.2606
171 1729 0.2148
172 173 0.1445
172 174 0.2294
172 175 0.4333
172 176 0.3541
172 177 0.2173
172 178 0.1768
172 179 0.4372
172 180 0.1894
172 181 0.2699
172 182 0.4595
172 183 0.3430
172 184 0.2783
172 185 0.1977
172 186 0.3194
172 187 0.2896
172 188 0.2805
172 189 0.1445
172 191 0.3290
172 192 0.2982
172 193 0.2730
172 194 0.4605
172 195 0.3413
172 196 0.3983
172 197 0.2754
172 198 0.2648
172 199 0.3733
172 200 0.2317
172 201 0.3165
172 202 0.2760
172 204 0.4123
172 206 0.4340
172 208 0.2816
172 209 0.3100
172 210 0.2365
172 211 0.3169
172 212 0.1768
172 214 0.2479
172 215 0.4506
172 216 0.2454
172 217 0.2820
172 218 0.3119
172 219 0.2850
172 221 0.4263
172 223 0.2317
172 224 0.2703
172 225 0.2692
172 227 0.1768
172 228 0.2533
172 229 0.3147
172 230 0.3683
172 231 0.2595
172 233 0.3485
172 234 0.2812
172 235 0.3228
172 236 0.3835
172 237 0.3188
172 238 0.2664
172 239 0.2811
172 240 0.3861
172 241 0.2294
172 242 0.3053
172 243 0.3666
172 245 0.2185
172 246 0.2453
172 247 0.2453
172 248 0.4292
172 249 0.2531
172 250 0.3350
172 251 0.1445
172 252 0.1768
172 253 0.2783
172 254 0.3565
172 255 0.2031
172 256 0.3611
172 257 0.2242
172 258 0.4865
172 259 0.2185
172 260 0.2272
172 262 0.2685
172 263 0.2173
172 264 0.3261
172 265 0.3646
172 266 0.2953
172 267 0.2173
172 268 0.2324
172 270 0.3658
172 271 0.3272
172 272 0.2031
172 274 0.3578
172 275 0.3409
172 276 0.3279
172 277 0.3137
172 278 0.1977
172 279 0.2555
172 281 0.2503
172 282 0.1445
172 283 0.1445
172 284 0.2503
172 285 0.3496
172 286 0.3154
172 287 0.3507
172 289 0.2851
172 290 0.4161
172 291 0.2524
172 292 0.3481
172 293 0.2367
172 294 0.2566
172 295 0.3114
172 297 0.3541
172 298 0.2173
172 300 0.3242
172 301 0.2966
172 303 0.2272
172 304 0.3108
172 306 0.1977
172 307 0.2185
172 308 0.2180
172 309 0.4621
172 311 0.2185
172 313 0.3659
172 314 0.2671
172 315 0.3112
172 316 0.2922
172 317 0.2016
172 318 0.1445
172 319 0.4520
172 320 0.2910
172 321 0.3483
172 324 0.1977
172 326 0.1768
172 327 0.4263
172 328 0.2866
172 329 0.2173
172 330 0.2625
172 331 0.2016
172 332 0.3792
172 333 0.1977
172 334 0.2790
172 335 0.2903
172 336 0.2031
172 337 0.2783
172 338 0.3779
172 339 0.3226
172 340 0.3142
172 341 0.2705
172 342 0.3748
172 343 0.2031
172 344 0.2930
172 346 0.3768
172 347 0.3487
172 348 0.2764
172 349 0.2185
172 350 0.1977
172 353 0.2031
172 354 0.3387
172 355 0.1977
172 356 0.1445
172 357 0.2272
172 358 0.3339
172 359 0.2016
172 361 0.2967
172 362 0.3014
172 363 0.2864
172 364 0.3806
172 366 0.1850
172 367 0.3820
172 368 0.2776
172 369 0.1768
172 370 0.3124
172 371 0.2516
172 372 0.3601
172 374 0.3229
172 375 0.4123
172 376 0.2930
172 377 0.4422
172 379 0.4147
172 380 0.3062
172 381 0.2346
172 382 0.2242
172 383 0.3577
172 384 0.3655
172 385 0.2031
172 386 0.3062
172 387 0.2630
172 388 0.2324
172 389 0.2031
172 390 0.2173
172 391 0.3341
172 392 0.2934
172 393 0.3290
172 394 0.3371
172 395 0.2335
172 396 0.2559
172 397 0.2031
172 398 0.3069
172 399 0.3234
172 400 0.3062
172 402 0.3189
172 403 0.2680
172 404 0.2104
172 405 0.2828
172 407 0.2533
172 408 0.3183
172 409 0.2585
172 411 0.4089
172 412 0.3341
172 413 0.3496
172 414 0.2896
172 415 0.2387
172 418 0.2761
172 419 0.2016
172 420 0.2317
172 423 0.3111
172 424 0.2031
172 425 0.2556
172 427 0.2152
172 428 0.3468
172 430 0.1445
172 433 0.2296
172 434 0.4766
172 435 0.3730
172 436 0.1768
172 438 0.2953
172 439 0.3431
172 440 0.2031
172 441 0.3531
172 442 0.3046
172 443 0.2125
172 445 0.2420
172 447 0.3305
172 449 0.2870
172 450 0.1445
172 451 0.3977
172 452 0.3187
172 453 0.2571
172 454 0.3640
172 455 0.1977
172 456 0.3455
172 459 0.1445
172 460 0.2503
172 462 0.1445
172 463 0.1945
172 464 0.2828
172 465 0.2908
172 466 0.3290
172 467 0.3180
172 468 0.2443
172 470 0.2774
172 471 0.3754
172 472 0.3461
172 475 0.3471
172 476 0.3452
172 478 0.1445
172 479 0.2031
172 480 0.2272
172 481 0.3449
172 482 0.3669
172 484 0.3724
172 485 0.3219
172 486 0.1768
172 487 0.2127
172 488 0.2475
172 489 0.2031
172 490 0.2339
172 491 0.3520
172 492 0.2135
172 493 0.2185
172 494 0.3629
172 495 0.3609
172 496 0.2927
172 497 0.2185
172 498 0.2999
172 499 0.1977
172 500 0.2630
172 501 0.3482
172 503 0.2715
172 505 0.3184
172 506 0.2770
172 507 0.2609
172 508 0.2016
172 509 0.2235
172 511 0.4039
172 513 0.3188
172 514 0.2577
172 515 0.2609
172 516 0.2294
172 517 0.2646
172 518 0.2317
172 519 0.3159
172 520 0.2897
172 521 0.2016
172 522 0.1977
172 523 0.2619
172 525 0.2016
172 526 0.2242
172 527 0.2487
172 528 0.3098
172 529 0.2104
172 530 0.3059
172 531 0.3884
172 532 0.2104
172 533 0.2533
172 534 0.2185
172 535 0.2625
172 536 0.2864
172 537 0.3266
172 539 0.1977
172 540 0.4335
172 541 0.2625
172 544 0.3632
172 545 0.1445
172 548 0.2173
172 549 0.2561
172 552 0.2503
172 555 0.3598
172 556 0.3507
172 558 0.3286
172 559 0.2622
172 560 0.2718
172 561 0.2317
172 562 0.3112
172 563 0.2868
172 564 0.3158
172 565 0.2031
172 567 0.2533
172 568 0.3093
172 569 0.3323
172 570 0.3586
172 571 0.1977
172 572 0.3977
172 573 0.3184
172 574 0.2574
172 575 0.1445
172 576 0.3161
172 577 0.3069
172 578 0.2420
172 579 0.1445
172 581 0.3078
172 582 0.2650
172 583 0.3010
172 584 0.2700
172 585 0.3088
172 586 0.2503
172 587 0.4734
172 589 0.2031
172 590 0.3804
172 591 0.2031
172 593 0.2104
172 598 0.1977
172 599 0.3631
172 600 0.3854
172 601 0.2317
172 602 0.2031
172 605 0.1768
172 607 0.1977
172 610 0.2575
172 612 0.2927
172 613 0.3333
172 614 0.3406
172 618 0.2173
172 619 0.4023
172 621 0.2272
172 622 0.2294
172 625 0.2828
172 626 0.3394
172 627 0.4395
172 628 0.2643
172 629 0.1977
172 631 0.3016
172 632 0.2795
172 633 0.2715
172 634 0.1977
172 637 0.4431
172 638 0.2392
172 639 0.3243
172 640 0.2031
172 641 0.3202
172 642 0.3761
172 643 0.2031
172 645 0.2016
172 646 0.3670
172 648 0.3009
172 649 0.2903
172 650 0.3608
172 651 0.3263
172 652 0.3367
172 653 0.4259
172 654 0.1977
172 656 0.3111
172 657 0.2031
172 658 0.2125
172 659 0.3208
172 661 0.3655
172 662 0.2317
172 664 0.3730
172 666 0.4104
172 667 0.2173
172 671 0.3326
172 673 0.2374
172 674 0.3178
172 675 0.1977
172 676 0.3259
172 677 0.1768
172 679 0.3188
172 680 0.3727
172 681 0.2173
172 684 0.1768
172 685 0.3362
172 686 0.2674
172 687 0.2487
172 688 0.3329
172 689 0.4136
172 690 0.2857
172 691 0.3106
172 692 0.3409
172 694 0.2916
172 695 0.1445
172 696 0.2913
172 697 0.1768
172 698 0.2960
172 699 0.2575
172 700 0.3569
172 702 0.2646
172 703 0.3098
172 704 0.3188
172 705 0.1768
172 706 0.2873
172 707 0.3113
172 708 0.2031
172 709 0.2104
172 710 0.3722
172 711 0.3312
172 712 0.2914
172 713 0.2272
172 714 0.4920
172 716 0.2242
172 717 0.1445
172 718 0.3787
172 721 0.2533
172 722 0.3146
172 723 0.3238
172 726 0.2781
172 727 0.1977
172 728 0.3355
172 729 0.2832
172 731 0.2016
172 732 0.3864
172 733 0.1445
172 734 0.2715
172 735 0.3203
172 736 0.3384
172 737 0.3113
172 738 0.2173
172 740 0.3255
172 741 0.3812
172 742 0.3273
172 743 0.2729
172 744 0.2535
172 745 0.2565
172 747 0.2185
172 748 0.3349
172 750 0.3481
172 751 0.2173
172 752 0.3095
172 753 0.3784
172 754 0.1768
172 755 0.3435
172 758 0.2503
172 759 0.1977
172 760 0.3190
172 762 0.2537
172 763 0.4776
172 764 0.2016
172 766 0.1768
172 767 0.2630
172 768 0.3522
172 769 0.2405
172 770 0.2577
172 771 0.3503
172 772 0.2016
172 775 0.2569
172 776 0.2605
172 777 0.2646
172 778 0.4500
172 780 0.2294
172 781 0.1977
172 783 0.2317
172 785 0.3572
172 786 0.3018
172 787 0.1445
172 789 0.4333
172 793 0.3463
172 794 0.3335
172 797 0.1977
172 798 0.3259
172 799 0.3101
172 801 0.3366
172 803 0.3408
172 804 0.3494
172 805 0.3483
172 806 0.2568
172 808 0.4634
172 809 0.2272
172 810 0.3852
172 811 0.3407
172 815 0.2016
172 816 0.2031
172 817 0.2678
172 818 0.2681
172 819 0.3201
172 821 0.2294
172 822 0.2242
172 823 0.3321
172 825 0.1977
172 827 0.2885
172 829 0.2387
172 830 0.2185
172 831 0.2016
172 832 0.4493
172 833 0.2016
172 834 0.1768
172 835 0.1768
172 836 0.3054
172 837 0.2185
172 838 0.3511
172 839 0.2556
172 840 0.2031
172 841 0.2387
172 842 0.1445
172 843 0.2031
172 845 0.4395
172 846 0.3226
172 849 0.3275
172 851 0.3149
172 855 0.1768
172 856 0.3967
172 858 0.2387
172 860 0.1445
172 861 0.2785
172 862 0.3578
172 864 0.2947
172 865 0.3724
172 866 0.1977
172 867 0.3515
172 868 0.2503
172 869 0.2915
172 870 0.3479
172 871 0.2940
172 872 0.3442
172 875 0.1768
172 876 0.2649
172 878 0.1768
172 880 0.4160
172 881 0.3166
172 882 0.2764
172 883 0.2503
172 884 0.2487
172 886 0.2031
172 887 0.2661
172 889 0.4199
172 890 0.1977
172 891 0.5424
172 893 0.3613
172 895 0.3602
172 896 0.1768
172 898 0.2644
172 900 0.1445
172 901 0.3682
172 903 0.3284
172 905 0.2173
172 907 0.1977
172 908 0.2533
172 909 0.3165
172 910 0.2016
172 914 0.4443
172 915 0.3073
172 918 0.2016
172 919 0.2016
172 921 0.2993
172 922 0.4146
172 924 0.2625
172 928 0.2503
172 929 0.2808
172 930 0.2629
172 934 0.1768
172 935 0.2560
172 936 0.2648
172 938 0.3451
172 940 0.2625
172 942 0.2494
172 943 0.2692
172 946 0.3965
172 947 0.2810
172 948 0.1850
172 950 0.2499
172 952 0.2978
172 953 0.3326
172 954 0.1977
172 955 0.3141
172 956 0.2666
172 958 0.1768
172 959 0.1977
172 960 0.3732
172 964 0.2104
172 965 0.3274
172 966 0.2328
172 967 0.3409
172 968 0.3543
172 971 0.2533
172 972 0.2125
172 973 0.3104
172 974 0.3806
172 976 0.2845
172 977 0.1445
172 978 0.2387
172 979 0.2964
172 980 0.3868
172 983 0.3302
172 984 0.2978
172 987 0.3617
172 989 0.3111
172 990 0.2016
172 993 0.3161
172 994 0.3539
172 995 0.3521
172 996 0.1977
172 1000 0.2005
172 1001 0.3329
172 1002 0.2802
172 1003 0.4327
172 1004 0.2650
172 1006 0.2031
172 1007 0.3452
172 1008 0.2487
172 1014 0.4388
172 1015 0.4205
172 1018 0.2897
172 1019 0.2630
172 1020 0.2890
172 1022 0.4170
172 1023 0.2328
172 1024 0.3180
172 1027 0.4379
172 1029 0.2881
172 1030 0.4668
172 1032 0.2031
172 1033 0.2503
172 1036 0.3242
172 1037 0.2387
172 1039 0.1445
172 1042 0.2716
172 1043 0.2272
172 1046 0.2272
172 1047 0.2031
172 1048 0.1768
172 1049 0.1850
172 1050 0.3163
172 1051 0.2799
172 1053 0.2936
172 1056 0.3543
172 1057 0.2501
172 1058 0.2104
172 1059 0.1768
172 1060 0.2795
172 1061 0.2317
172 1063 0.4655
172 1064 0.1768
172 1065 0.3144
172 1066 0.4216
172 1067 0.1977
172 1068 0.3223
172 1069 0.1445
172 1070 0.1768
172 1072 0.2043
172 1075 0.2533
172 1076 0.2173
172 1078 0.2235
172 1079 0.4246
172 1080 0.2203
172 1081 0.1894
172 1082 0.1768
172 1083 0.4196
172 1084 0.2031
172 1085 0.1977
172 1087 0.1977
172 1089 0.2533
172 1090 0.1923
172 1093 0.1977
172 1094 0.2125
172 1099 0.4552
172 1102 0.1768
172 1103 0.1945
172 1104 0.3148
172 1105 0.4056
172 1106 0.3312
172 1107 0.2016
172 1108 0.3432
172 1111 0.2630
172 1113 0.1894
172 1115 0.2005
172 1116 0.2384
172 1117 0.2533
172 1118 0.2533
172 1119 0.2173
172 1120 0.2874
172 1122 0.2031
172 1123 0.1768
172 1124 0.1977
172 1125 0.3290
172 1126 0.3284
172 1127 0.1768
172 1128 0.2934
172 1129 0.3186
172 1130 0.4081
172 1132 0.2173
172 1133 0.3154
172 1134 0.2031
172 1135 0.3566
172 1138 0.3344
172 1139 0.1768
172 1141 0.2443
172 1143 0.1445
172 1147 0.3150
172 1149 0.1977
172 1150 0.2501
172 1152 0.4508
172 1153 0.1977
172 1154 0.3096
172 1155 0.1768
172 1156 0.1768
172 1157 0.2031
172 1158 0.2031
172 1159 0.2966
172 1160 0.2307
172 1161 0.3101
172 1162 0.1768
172 1163 0.3394
172 1165 0.2630
172 1166 0.2031
172 1167 0.2031
172 1169 0.2526
172 1172 0.1977
172 1174 0.1768
172 1176 0.2031
172 1177 0.1445
172 1180 0.2664
172 1182 0.1768
172 1185 0.2104
172 1186 0.2810
172 1187 0.2967
172 1189 0.1945
172 1191 0.1918
172 1192 0.2944
172 1193 0.2643
172 1194 0.2512
172 1199 0.2659
172 1200 0.2609
172 1201 0.1977
172 1202 0.2966
172 1203 0.3560
172 1204 0.2776
172 1206 0.1768
172 1207 0.1977
172 1208 0.2684
172 1209 0.2256
172 1210 0.3477
172 1211 0.5155
172 1212 0.2317
172 1213 0.2420
172 1216 0.1768
172 1217 0.4282
172 1218 0.3488
172 1219 0.2016
172 1221 0.4442
172 1223 0.2645
172 1225 0.3030
172 1226 0.3990
172 1227 0.1768
172 1228 0.1768
172 1229 0.3546
172 1230 0.1768
172 1231 0.2884
172 1233 0.2031
172 1236 0.1445
172 1237 0.1445
172 1240 0.1445
172 1241 0.2125
172 1242 0.4234
172 1244 0.1977
172 1246 0.2031
172 1247 0.3680
172 1248 0.2031
172 1249 0.2016
172 1250 0.2487
172 1251 0.1768
172 1252 0.2758
172 1256 0.2812
172 1257 0.1768
172 1259 0.3620
172 1260 0.3271
172 1262 0.2776
172 1263 0.2414
172 1265 0.2501
172 1267 0.2016
172 1268 0.3309
172 1270 0.3298
172 1271 0.3090
172 1272 0.2173
172 1273 0.2173
172 1274 0.1977
172 1275 0.3613
172 1276 0.3396
172 1279 0.4085
172 1280 0.1445
172 1282 0.2684
172 1283 0.2657
172 1284 0.2168
172 1287 0.3171
172 1288 0.2678
172 1289 0.2168
172 1291 0.3061
172 1292 0.3490
172 1293 0.3010
172 1296 0.1768
172 1298 0.2561
172 1299 0.3061
172 1300 0.2031
172 1301 0.3050
172 1303 0.3040
172 1304 0.2897
172 1306 0.1977
172 1307 0.1445
172 1308 0.1977
172 1310 0.3063
172 1316 0.3622
172 1319 0.2325
172 1320 0.2173
172 1323 0.1768
172 1326 0.1768
172 1327 0.1445
172 1330 0.3392
172 1331 0.2005
172 1333 0.2173
172 1334 0.1977
172 1335 0.1977
172 1337 0.1768
172 1338 0.2729
172 1342 0.3454
172 1343 0.2630
172 1344 0.2758
172 1346 0.1445
172 1348 0.3460
172 1349 0.2173
172 1350 0.1768
172 1353 0.2031
172 1358 0.2016
172 1360 0.2031
172 1362 0.1768
172 1363 0.2501
172 1367 0.3863
172 1368 0.1445
172 1369 0.4508
172 1370 0.3797
172 1372 0.3439
172 1374 0.1445
172 1375 0.2016
172 1376 0.1977
172 1379 0.1768
172 1380 0.1977
172 1381 0.1768
172 1383 0.2031
172 1386 0.3781
172 1387 0.2501
172 1388 0.3546
172 1390 0.2630
172 1394 0.2876
172 1395 0.2016
172 1396 0.1445
172 1397 0.3731
172 1398 0.1768
172 1401 0.1445
172 1402 0.2173
172 1405 0.2567
172 1406 0.1977
172 1407 0.2649
172 1408 0.3526
172 1411 0.1768
172 1412 0.2031
172 1413 0.2173
172 1415 0.2625
172 1416 0.2646
172 1419 0.3975
172 1421 0.3193
172 1424 0.1768
172 1425 0.2031
172 1426 0.3396
172 1427 0.2031
172 1428 0.1977
172 1433 0.2031
172 1434 0.4035
172 1435 0.3719
172 1436 0.2031
172 1437 0.3048
172 1438 0.2696
172 1439 0.1445
172 1440 0.2755
172 1441 0.2293
172 1449 0.2031
172 1451 0.1768
172 1452 0.3184
172 1453 0.1977
172 1454 0.1977
172 1456 0.2573
172 1457 0.1768
172 1458 0.2104
172 1462 0.1977
172 1464 0.1768
172 1468 0.1977
172 1472 0.1768
172 1473 0.2294
172 1474 0.1768
172 1479 0.4692
172 1480 0.1445
172 1481 0.2031
172 1485 0.3430
172 1487 0.1445
172 1491 0.3596
172 1493 0.2630
172 1494 0.2173
172 1497 0.1977
172 1498 0.1445
172 1499 0.3444
172 1500 0.2625
172 1503 0.4057
172 1504 0.3694
172 1507 0.2031
172 1511 0.1977
172 1512 0.3582
172 1515 0.1768
172 1516 0.2387
172 1517 0.2324
172 1518 0.1768
172 1519 0.3535
172 1520 0.2883
172 1522 0.3764
172 1526 0.2723
172 1527 0.2704
172 1529 0.2812
172 1530 0.2667
172 1532 0.3480
172 1535 0.3713
172 1536 0.2317
172 1538 0.2657
172 1541 0.2387
172 1542 0.2014
172 1544 0.2031
172 1547 0.2672
172 1548 0.3195
172 1549 0.2005
172 1550 0.1768
172 1551 0.2747
172 1554 0.2325
172 1557 0.2031
172 1565 0.1768
172 1567 0.2339
172 1568 0.2104
172 1570 0.2729
172 1571 0.1445
172 1574 0.1768
172 1577 0.2016
172 1578 0.1768
172 1580 0.3383
172 1581 0.2031
172 1582 0.3337
172 1583 0.2423
172 1585 0.3062
172 1587 0.2031
172 1588 0.2503
172 1591 0.3597
172 1592 0.2016
172 1593 0.3554
172 1594 0.1894
172 1595 0.2104
172 1598 0.1768
172 1599 0.2016
172 1603 0.2387
172 1605 0.1977
172 1606 0.2758
172 1608 0.2387
172 1612 0.2016
172 1613 0.4090
172 1615 0.1768
172 1616 0.1977
172 1618 0.2659
172 1619 0.2503
172 1621 0.3920
172 1622 0.3344
172 1624 0.4574
172 1626 0.2173
172 1628 0.2421
172 1630 0.2317
172 1631 0.2294
172 1633 0.1945
172 1634 0.2464
172 1637 0.1768
172 1641 0.2031
172 1645 0.1918
172 1646 0.1977
172 1647 0.2165
172 1649 0.1768
172 1650 0.2317
172 1651 0.2031
172 1653 0.2781
172 1655 0.2031
172 1660 0.1918
172 1661 0.2317
172 1662 0.2031
172 1663 0.2294
172 1664 0.1977
172 1665 0.2125
172 1668 0.3757
172 1669 0.3622
172 1670 0.2031
172 1673 0.1768
172 1674 0.3703
172 1675 0.1977
172 1676 0.2031
172 1678 0.2387
172 1679 0.2125
172 1683 0.3124
172 1685 0.1768
172 1686 0.2031
172 1689 0.3748
172 1691 0.3617
172 1692 0.3337
172 1694 0.2758
172 1697 0.1445
172 1699 0.2173
172 1701 0.2130
172 1702 0.2544
172 1706 0.2533
172 1707 0.2772
172 1708 0.2924
172 1709 0.2016
172 1711 0.1445
172 1712 0.3217
172 1713 0.2551
172 1714 0.2853
172 1717 0.3399
172 1718 0.1445
172 1719 0.1977
172 1720 0.2031
172 1723 0.2828
172 1725 0.2630
172 1726 0.2031
172 1729 0.1977
173 174 0.2294
173 175 0.4333
173 176 0.3541
173 177 0.2173
173 178 0.1768
173 179 0.4372
173 180 0.1894
173 181 0.2699
173 182 0.4595
173 183 0.3430
173 184 0.2783
173 185 0.1977
173 186 0.3194
173 187 0.2896
173 188 0.2805
173 189 0.1445
173 191 0.3290
173 192 0.2982
173 193 0.2730
173 194 0.4605
173 195 0.3413
173 196 0.3983
173 197 0.2754
173 198 0.2648
173 199 0.3733
173 200 0.2317
173 201 0.3165
173 202 0.2760
173 204 0.4123
173 206 0.4340
173 208 0.2816
173 209 0.3100
173 210 0.2365
173 211 0.3169
173 212 0.1768
173 214 0.2479
173 215 0.4506
173 216 0.2454
173 217 0.2820
173 218 0.3119
173 219 0.2850
173 221 0.4263
173 223 0.2317
173 224 0.2703
173 225 0.2692
173 227 0.1768
173 228 0.2533
173 229 0.3147
173 230 0.3683
173 231 0.2595
173 233 0.3485
173 234 0.2812
173 235 0.3228
173 236 0.3835
173 237 0.3188
173 238 0.2664
173 239 0.2811
173 240 0.3861
173 241 0.2294
173 242 0.3053
173 243 0.3666
173 245 0.2185
173 246 0.2453
173 247 0.2453
173 248 0.4292
173 249 0.2531
173 250 0.3350
173 251 0.1445
173 252 0.1768
173 253 0.2783
173 254 0.3565
173 255 0.2031
173 256 0.3611
173 257 0.2242
173 258 0.4865
173 259 0.2185
173 260 0.2272
173 262 0.2685
173 263 0.2173
173 264 0.3261
173 265 0.3646
173 266 0.2953
173 267 0.2173
173 268 0.2324
173 270 0.3658
173 271 0.3272
173 272 0.2031
173 274 0.3578
173 275 0.3409
173 276 0.3279
173 277 0.3137
173 278 0.1977
173 279 0.2555
173 281 0.2503
173 282 0.1445
173 283 0.1445
173 284 0.2503
173 285 0.3496
173 286 0.3154
173 287 0.3507
173 289 0.2851
173 290 0.4161
173 291 0.2524
173 292 0.3481
173 293 0.2367
173 294 0.2566
173 295 0.3114
173 297 0.3541
173 298 0.2173
173 300 0.3242
173 301 0.2966
173 303 0.2272
173 304 0.3108
173 306 0.1977
173 307 0.2185
173 308 0.2180
173 309 0.4621
173 311 0.2185
173 313 0.3659
173 314 0.2671
173 315 0.3112
173 316 0.2922
173 317 0.2016
173 318 0.1445
173 319 0.4520
173 320 0.2910
173 321 0.3483
173 324 0.1977
173 326 0.1768
173 327 0.4263
173 328 0.2866
173 329 0.2173
173 330 0.2625
173 331 0.2016
173 332 0.3792
173 333 0.1977
173 334 0.2790
173 335 0.2903
173 336 0.2031
173 337 0.2783
173 338 0.3779
173 339 0.3226
173 340 0.3142
173 341 0.2705
173 342 0.3748
173 343 0.2031
173 344 0.2930
173 346 0.3768
173 347 0.3487
173 348 0.2764
173 349 0.2185
173 350 0.1977
173 353 0.2031
173 354 0.3387
173 355 0.1977
173 356 0.1445
173 357 0.2272
173 358 0.3339
173 359 0.2016
173 361 0.2967
173 362 0.3014
173 363 0.2864
173 364 0.3806
173 366 0.1850
173 367 0.3820
173 368 0.2776
173 369 0.1768
173 370 0.3124
173 371 0.2516
173 372 0.3601
173 374 0.3229
173 375 0.4123
173 376 0.2930
173 377 0.4422
173 379 0.4147
173 380 0.3062
173 381 0.2346
173 382 0.2242
173 383 0.3577
173 384 0.3655
173 385 0.2031
173 386 0.3062
173 387 0.2630
173 388 0.2324
173 389 0.2031
173 390 0.2173
173 391 0.3341
173 392 0.2934
173 393 0.3290
173 394 0.3371
173 395 0.2335
173 396 0.2559
173 397 0.2031
173 398 0.3069
173 399 0.3234
173 400 0.3062
173 402 0.3189
173 403 0.2680
173 404 0.2104
173 405 0.2828
173 407 0.2533
173 408 0.3183
173 409 0.2585
173 411 0.4089
173 412 0.3341
173 413 0.3496
173 414 0.2896
173 415 0.2387
173 418 0.2761
173 419 0.2016
173 420 0.2317
173 423 0.3111
173 424 0.2031
173 425 0.2556
173 427 0.2152
173 428 0.3468
173 430 0.1445
173 433 0.2296
173 434 0.4766
173 435 0.3730
173 436 0.1768
173 438 0.2953
173 439 0.3431
173 440 0.2031
173 441 0.3531
173 442 0.3046
173 443 0.2125
173 445 0.2420
173 447 0.3305
173 449 0.2870
173 450 0.1445
173 451 0.3977
173 452 0.3187
173 453 0.2571
173 454 0.3640
173 455 0.1977
173 456 0.3455
173 459 0.1445
173 460 0.2503
173 462 0.1445
173 463 0.1945
173 464 0.2828
173 465 0.2908
173 466 0.3290
173 467 0.3180
173 468 0.2443
173 470 0.2774
173 471 0.3754
173 472 0.3461
173 475 0.3471
173 476 0.3452
173 478 0.1445
173 479 0.2031
173 480 0.2272
173 481 0.3449
173 482 0.3669
173 484 0.3724
173 485 0.3219
173 486 0.1768
173 487 0.2127
173 488 0.2475
173 489 0.2031
173 490 0.2339
173 491 0.3520
173 492 0.2135
173 493 0.2185
173 494 0.3629
173 495 0.3609
173 496 0.2927
173 497 0.2185
173 498 0.2999
173 499 0.1977
173 500 0.2630
173 501 0.3482
173 503 0.2715
173 505 0.3184
173 506 0.2770
173 507 0.2609
173 508 0.2016
173 509 0.2235
173 511 0.4039
173 513 0.3188
173 514 0.2577
173 515 0.2609
173 516 0.2294
173 517 0.2646
173 518 0.2317
173 519 0.3159
173 520 0.2897
173 521 0.2016
173 522 0.1977
173 523 0.2619
173 525 0.2016
173 526 0.2242
173 527 0.2487
173 528 0.3098
173 529 0.2104
173 530 0.3059
173 531 0.3884
173 532 0.2104
173 533 0.2533
173 534 0.2185
173 535 0.2625
173 536 0.2864
173 537 0.3266
173 539 0.1977
173 540 0.4335
173 541 0.2625
173 544 0.3632
173 545 0.1445
173 548 0.2173
173 549 0.2561
173 552 0.2503
173 555 0.3598
173 556 0.3507
173 558 0.3286
173 559 0.2622
173 560 0.2718
173 561 0.2317
173 562 0.3112
173 563 0.2868
173 564 0.3158
173 565 0.2031
173 567 0.2533
173 568 0.3093
173 569 0.3323
173 570 0.3586
173 571 0.1977
173 572 0.3977
173 573 0.3184
173 574 0.2574
173 575 0.1445
173 576 0.3161
173 577 0.3069
173 578 0.2420
173 579 0.1445
173 581 0.3078
173 582 0.2650
173 583 0.3010
173 584 0.2700
173 585 0.3088
173 586 0.2503
173 587 0.4734
173 589 0.2031
173 590 0.3804
173 591 0.2031
173 593 0.2104
173 598 0.1977
173 599 0.3631
173 600 0.3854
173 601 0.2317
173 602 0.2031
173 605 0.1768
173 607 0.1977
173 610 0.2575
173 612 0.2927
173 613 0.3333
173 614 0.3406
173 618 0.2173
173 619 0.4023
173 621 0.2272
173 622 0.2294
173 625 0.2828
173 626 0.3394
173 627 0.4395
173 628 0.2643
173 629 0.1977
173 631 0.3016
173 632 0.2795
173 633 0.2715
173 634 0.1977
173 637 0.4431
173 638 0.2392
173 639 0.3243
173 640 0.2031
173 641 0.3202
173 642 0.3761
173 643 0.2031
173 645 0.2016
173 646 0.3670
173 648 0.3009
173 649 0.2903
173 650 0.3608
173 651 0.3263
173 652 0.3367
173 653 0.4259
173 654 0.1977
173 656 0.3111
173 657 0.2031
173 658 0.2125
173 659 0.3208
173 661 0.3655
173 662 0.2317
173 664 0.3730
173 666 0.4104
173 667 0.2173
173 671 0.3326
173 673 0.2374
173 674 0.3178
173 675 0.1977
173 676 0.3259
173 677 0.1768
173 679 0.3188
173 680 0.3727
173 681 0.2173
173 684 0.1768
173 685 0.3362
173 686 0.2674
173 687 0.2487
173 688 0.3329
173 689 0.4136
173 690 0.2857
173 691 0.3106
173 692 0.3409
173 694 0.2916
173 695 0.1445
173 696 0.2913
173 697 0.1768
173 698 0.2960
173 699 0.2575
173 700 0.3569
173 702 0.2646
173 703 0.3098
173 704 0.3188
173 705 0.1768
173 706 0.2873
173 707 0.3113
173 708 0.2031
173 709 0.2104
173 710 0.3722
173 711 0.3312
173 712 0.2914
173 713 0.2272
173 714 0.4920
173 716 0.2242
173 717 0.1445
173 718 0.3787
173 721 0.2533
173 722 0.3146
173 723 0.3238
173 726 0.2781
173 727 0.1977
173 728 0.3355
173 729 0.2832
173 731 0.2016
173 732 0.3864
173 733 0.1445
173 734 0.2715
173 735 0.3203
173 736 0.3384
173 737 0.3113
173 738 0.2173
173 740 0.3255
173 741 0.3812
173 742 0.3273
173 743 0.2729
173 744 0.2535
173 745 0.2565
173 747 0.2185
173 748 0.3349
173 750 0.3481
173 751 0.2173
173 752 0.3095
173 753 0.3784
173 754 0.1768
173 755 0.3435
173 758 0.2503
173 759 0.1977
173 760 0.3190
173 762 0.2537
173 763 0.4776
173 764 0.2016
173 766 0.1768
173 767 0.2630
173 768 0.3522
173 769 0.2405
173 770 0.2577
173 771 0.3503
173 772 0.2016
173 775 0.2569
173 776 0.2605
173 777 0.2646
173 778 0.4500
173 780 0.2294
173 781 0.1977
173 783 0.2317
173 785 0.3572
173 786 0.3018
173 787 0.1445
173 789 0.4333
173 793 0.3463
173 794 0.3335
173 797 0.1977
173 798 0.3259
173 799 0.3101
173 801 0.3366
173 803 0.3408
173 804 0.3494
173 805 0.3483
173 806 0.2568
173 808 0.4634
173 809 0.2272
173 810 0.3852
173 811 0.3407
173 815 0.2016
173 816 0.2031
173 817 0.2678
173 818 0.2681
173 819 0.3201
173 821 0.2294
173 822 0.2242
173 823 0.3321
173 825 0.1977
173 827 0.2885
173 829 0.2387
173 830 0.2185
173 831 0.2016
173 832 0.4493
173 833 0.2016
173 834 0.1768
173 835 0.1768
173 836 0.3054
173 837 0.2185
173 838 0.3511
173 839 0.2556
173 840 0.2031
173 841 0.2387
173 842 0.1445
173 843 0.2031
173 845 0.4395
173 846 0.3226
173 849 0.3275
173 851 0.3149
173 855 0.1768
173 856 0.3967
173 858 0.2387
173 860 0.1445
173 861 0.2785
173 862 0.3578
173 864 0.2947
173 865 0.3724
173 866 0.1977
173 867 0.3515
173 868 0.2503
173 869 0.2915
173 870 0.3479
173 871 0.2940
173 872 0.3442
173 875 0.1768
173 876 0.2649
173 878 0.1768
173 880 0.4160
173 881 0.3166
173 882 0.2764
173 883 0.2503
173 884 0.2487
173 886 0.2031
173 887 0.2661
173 889 0.4199
173 890 0.1977
173 891 0.5424
173 893 0.3613
173 895 0.3602
173 896 0.1768
173 898 0.2644
173 900 0.1445
173 901 0.3682
173 903 0.3284
173 905 0.2173
173 907 0.1977
173 908 0.2533
173 909 0.3165
173 910 0.2016
173 914 0.4443
173 915 0.3073
173 918 0.2016
173 919 0.2016
173 921 0.2993
173 922 0.4146
173 924 0.2625
173 928 0.2503
173 929 0.2808
173 930 0.2629
173 934 0.1768
173 935 0.2560
173 936 0.2648
173 938 0.3451
173 940 0.2625
173 942 0.2494
173 943 0.2692
173 946 0.3965
173 947 0.2810
173 948 0.1850
173 950 0.2499
173 952 0.2978
173 953 0.3326
173 954 0.1977
173 955 0.3141
173 956 0.2666
173 958 0.1768
173 959 0.1977
173 960 0.3732
173 964 0.2104
173 965 0.3274
173 966 0.2328
173 967 0.3409
173 968 0.3543
173 971 0.2533
173 972 0.2125
173 973 0.3104
173 974 0.3806
173 976 0.2845
173 977 0.1445
173 978 0.2387
173 979 0.2964
173 980 0.3868
173 983 0.3302
173 984 0.2978
173 987 0.3617
173 989 0.3111
173 990 0.2016
173 993 0.3161
173 994 0.3539
173 995 0.3521
173 996 0.1977
173 1000 0.2005
173 1001 0.3329
173 1002 0.2802
173 1003 0.4327
173 1004 0.2650
173 1006 0.2031
173 1007 0.3452
173 1008 0.2487
173 1014 0.4388
173 1015 0.4205
173 1018 0.2897
173 1019 0.2630
173 1020 0.2890
173 1022 0.4170
173 1023 0.2328
173 1024 0.3180
173 1027 0.4379
173 1029 0.2881
173 1030 0.4668
173 1032 0.2031
173 1033 0.2503
173 1036 0.3242
173 1037 0.2387
173 1039 0.1445
173 1042 0.2716
173 1043 0.2272
173 1046 0.2272
173 1047 0.2031
173 1048 0.1768
173 1049 0.1850
173 1050 0.3163
173 1051 0.2799
173 1053 0.2936
173 1056 0.3543
173 1057 0.2501
173 1058 0.2104
173 1059 0.1768
173 1060 0.2795
173 1061 0.2317
173 1063 0.4655
173 1064 0.1768
173 1065 0.3144
173 1066 0.4216
173 1067 0.1977
173 1068 0.3223
173 1069 0.1445
173 1070 0.1768
173 1072 0.2043
173 1075 0.2533
173 1076 0.2173
173 1078 0.2235
173 1079 0.4246
173 1080 0.2203
173 1081 0.1894
173 1082 0.1768
173 1083 0.4196
173 1084 0.2031
173 1085 0.1977
173 1087 0.1977
173 1089 0.2533
173 1090 0.1923
173 1093 0.1977
173 1094 0.2125
173 1099 0.4552
173 1102 0.1768
173 1103 0.1945
173 1104 0.3148
173 1105 0.4056
173 1106 0.3312
173 1107 0.2016
173 1108 0.3432
173 1111 0.2630
173 1113 0.1894
173 1115 0.2005
173 1116 0.2384
173 1117 0.2533
173 1118 0.2533
173 1119 0.2173
173 1120 0.2874
173 1122 0.2031
173 1123 0.1768
173 1124 0.1977
173 1125 0.3290
173 1126 0.3284
173 1127 0.1768
173 1128 0.2934
173 1129 0.3186
173 1130 0.4081
173 1132 0.2173
173 1133 0.3154
173 1134 0.2031
173 1135 0.3566
173 1138 0.3344
173 1139 0.1768
173 1141 0.2443
173 1143 0.1445
173 1147 0.3150
173 1149 0.1977
173 1150 0.2501
173 1152 0.4508
173 1153 0.1977
173 1154 0.3096
173 1155 0.1768
173 1156 0.1768
173 1157 0.2031
173 1158 0.2031
173 1159 0.2966
173 1160 0.2307
173 1161 0.3101
173 1162 0.1768
173 1163 0.3394
173 1165 0.2630
173 1166 0.2031
173 1167 0.2031
173 1169 0.2526
173 1172 0.1977
173 1174 0.1768
173 1176 0.2031
173 1177 0.1445
173 1180 0.2664
173 1182 0.1768
173 1185 0.2104
173 1186 0.2810
173 1187 0.2967
173 1189 0.1945
173 1191 0.1918
173 1192 0.2944
173 1193 0.2643
173 1194 0.2512
173 1199 0.2659
173 1200 0.2609
173 1201 0.1977
173 1202 0.2966
173 1203 0.3560
173 1204 0.2776
173 1206 0.1768
173 1207 0.1977
173 1208 0.2684
173 1209 0.2256
173 1210 0.3477
173 1211 0.5155
173 1212 0.2317
173 1213 0.2420
173 1216 0.1768
173 1217 0.4282
173 1218 0.3488
173 1219 0.2016
173 1221 0.4442
173 1223 0.2645
173 1225 0.3030
173 1226 0.3990
173 1227 0.1768
173 1228 0.1768
173 1229 0.3546
173 1230 0.1768
173 1231 0.2884
173 1233 0.2031
173 1236 0.1445
173 1237 0.1445
173 1240 0.1445
173 1241 0.2125
173 1242 0.4234
173 1244 0.1977
173 1246 0.2031
173 1247 0.3680
173 1248 0.2031
173 1249 0.2016
173 1250 0.2487
173 1251 0.1768
173 1252 0.2758
173 1256 0.2812
173 1257 0.1768
173 1259 0.3620
173 1260 0.3271
173 1262 0.2776
173 1263 0.2414
173 1265 0.2501
173 1267 0.2016
173 1268 0.3309
173 1270 0.3298
173 1271 0.3090
173 1272 0.2173
173 1273 0.2173
173 1274 0.1977
173 1275 0.3613
173 1276 0.3396
173 1279 0.4085
173 1280 0.1445
173 1282 0.2684
173 1283 0.2657
173 1284 0.2168
173 1287 0.3171
173 1288 0.2678
173 1289 0.2168
173 1291 0.3061
173 1292 0.3490
173 1293 0.3010
173 1296 0.1768
173 1298 0.2561
173 1299 0.3061
173 1300 0.2031
173 1301 0.3050
173 1303 0.3040
173 1304 0.2897
173 1306 0.1977
173 1307 0.1445
173 1308 0.1977
173 1310 0.3063
173 1316 0.3622
173 1319 0.2325
173 1320 0.2173
173 1323 0.1768
173 1326 0.1768
173 1327 0.1445
173 1330 0.3392
173 1331 0.2005
173 1333 0.2173
173 1334 0.1977
173 1335 0.1977
173 1337 0.1768
173 1338 0.2729
173 1342 0.3454
173 1343 0.2630
173 1344 0.2758
173 1346 0.1445
173 1348 0.3460
173 1349 0.2173
173 1350 0.1768
173 1353 0.2031
173 1358 0.2016
173 1360 0.2031
173 1362 0.1768
173 1363 0.2501
173 1367 0.3863
173 1368 0.1445
173 1369 0.4508
173 1370 0.3797
173 1372 0.3439
173 1374 0.1445
173 1375 0.2016
173 1376 0.1977
173 1379 0.1768
173 1380 0.1977
173 1381 0.1768
173 1383 0.2031
173 1386 0.3781
173 1387 0.2501
173 1388 0.3546
173 1390 0.2630
173 1394 0.2876
173 1395 0.2016
173 1396 0.1445
173 1397 0.3731
173 1398 0.1768
173 1401 0.1445
173 1402 0.2173
173 1405 0.2567
173 1406 0.1977
173 1407 0.2649
173 1408 0.3526
173 1411 0.1768
173 1412 0.2031
173 1413 0.2173
173 1415 0.2625
173 1416 0.2646
173 1419 0.3975
173 1421 0.3193
173 1424 0.1768
173 1425 0.2031
173 1426 0.3396
173 1427 0.2031
173 1428 0.1977
173 1433 0.2031
173 1434 0.4035
173 1435 0.3719
173 1436 0.2031
173 1437 0.3048
173 1438 0.2696
173 1439 0.1445
173 1440 0.2755
173 1441 0.2293
173 1449 0.2031
173 1451 0.1768
173 1452 0.3184
173 1453 0.1977
173 1454 0.1977
173 1456 0.2573
173 1457 0.1768
173 1458 0.2104
173 1462 0.1977
173 1464 0.1768
173 1468 0.1977
173 1472 0.1768
173 1473 0.2294
173 1474 0.1768
173 1479 0.4692
173 1480 0.1445
173 1481 0.2031
173 1485 0.3430
173 1487 0.1445
173 1491 0.3596
173 1493 0.2630
173 1494 0.2173
173 1497 0.1977
173 1498 0.1445
173 1499 0.3444
173 1500 0.2625
173 1503 0.4057
173 1504 0.3694
173 1507 0.2031
173 1511 0.1977
173 1512 0.3582
173 1515 0.1768
173 1516 0.2387
173 1517 0.2324
173 1518 0.1768
173 1519 0.3535
173 1520 0.2883
173 1522 0.3764
173 1526 0.2723
173 1527 0.2704
173 1529 0.2812
173 1530 0.2667
173 1532 0.3480
173 1535 0.3713
173 1536 0.2317
173 1538 0.2657
173 1541 0.2387
173 1542 0.2014
173 1544 0.2031
173 1547 0.2672
173 1548 0.3195
173 1549 0.2005
173 1550 0.1768
173 1551 0.2747
173 1554 0.2325
173 1557 0.2031
173 1565 0.1768
173 1567 0.2339
173 1568 0.2104
173 1570 0.2729
173 1571 0.1445
173 1574 0.1768
173 1577 0.2016
173 1578 0.1768
173 1580 0.3383
173 1581 0.2031
173 1582 0.3337
173 1583 0.2423
173 1585 0.3062
173 1587 0.2031
173 1588 0.2503
173 1591 0.3597
173 1592 0.2016
173 1593 0.3554
173 1594 0.1894
173 1595 0.2104
173 1598 0.1768
173 1599 0.2016
173 1603 0.2387
173 1605 0.1977
173 1606 0.2758
173 1608 0.2387
173 1612 0.2016
173 1613 0.4090
173 1615 0.1768
173 1616 0.1977
173 1618 0.2659
173 1619 0.2503
173 1621 0.3920
173 1622 0.3344
173 1624 0.4574
173 1626 0.2173
173 1628 0.2421
173 1630 0.2317
173 1631 0.2294
173 1633 0.1945
173 1634 0.2464
173 1637 0.1768
173 1641 0.2031
173 1645 0.1918
173 1646 0.1977
173 1647 0.2165
173 1649 0.1768
173 1650 0.2317
173 1651 0.2031
173 1653 0.2781
173 1655 0.2031
173 1660 0.1918
173 1661 0.2317
173 1662 0.2031
173 1663 0.2294
173 1664 0.1977
173 1665 0.2125
173 1668 0.3757
173 1669 0.3622
173 1670 0.2031
173 1673 0.1768
173 1674 0.3703
173 1675 0.1977
173 1676 0.2031
173 1678 0.2387
173 1679 0.2125
173 1683 0.3124
173 1685 0.1768
173 1686 0.2031
173 1689 0.3748
173 1691 0.3617
173 1692 0.3337
173 1694 0.2758
173 1697 0.1445
173 1699 0.2173
173 1701 0.2130
173 1702 0.2544
173 1706 0.2533
173 1707 0.2772
173 1708 0.2924
173 1709 0.2016
173 1711 0.1445
173 1712 0.3217
173 1713 0.2551
173 1714 0.2853
173 1717 0.3399
173 1718 0.1445
173 1719 0.1977
173 1720 0.2031
173 1723 0.2828
173 1725 0.2630
173 1726 0.2031
173 1729 0.1977
174 175 0.2763
174 176 0.2457
174 177 0.2435
174 178 0.2228
174 179 0.3911
174 180 0.2369
174 181 0.1714
174 182 0.3681
174 183 0.1963
174 184 0.5503
174 185 0.2197
174 186 0.1929
174 187 0.3531
174 188 0.1933
174 189 0.2294
174 191 0.2010
174 192 0.2570
174 193 0.1770
174 194 0.6757
174 195 0.2945
174 196 0.2281
174 197 0.1778
174 198 0.2736
174 199 0.2123
174 200 0.2903
174 201 0.2742
174 202 0.2472
174 204 0.2891
174 206 0.9311
174 208 0.1771
174 209 0.1949
174 210 0.2571
174 211 0.1939
174 212 0.2228
174 214 0.1675
174 215 0.2733
174 216 0.1687
174 217 0.1815
174 218 0.1936
174 219 0.1768
174 221 0.6657
174 223 0.2903
174 224 0.1778
174 225 0.5477
174 227 0.2228
174 228 0.3092
174 229 0.2321
174 230 0.2273
174 231 0.5485
174 233 0.2022
174 234 0.1790
174 235 0.2019
174 236 0.3033
174 237 0.1977
174 238 0.1746
174 239 0.2673
174 240 0.8779
174 241 0.4731
174 242 0.2600
174 243 0.2623
174 245 0.2481
174 246 0.6136
174 247 0.6136
174 248 0.3080
174 249 0.5246
174 250 0.2578
174 251 0.2294
174 252 0.2228
174 253 0.5548
174 254 0.2042
174 255 0.4489
174 256 0.3086
174 257 0.2353
174 258 0.3975
174 259 0.2481
174 260 0.5537
174 262 0.1784
174 263 0.4325
174 264 0.9581
174 265 0.2444
174 266 0.1806
174 267 0.5134
174 268 0.2859
174 270 0.8254
174 271 0.1957
174 272 0.2453
174 274 0.4226
174 275 0.1888
174 276 0.2010
174 277 0.2629
174 278 0.2197
174 279 0.1754
174 281 0.3008
174 282 0.2294
174 283 0.2294
174 284 0.1690
174 285 0.7593
174 286 0.1939
174 287 0.9266
174 289 0.2546
174 290 0.8254
174 291 0.1825
174 292 0.3095
174 293 0.2635
174 294 0.1732
174 295 0.2196
174 297 0.2270
174 298 0.2435
174 300 0.3034
174 301 0.1870
174 303 0.5027
174 304 0.1948
174 306 0.2197
174 307 0.5137
174 308 0.5337
174 309 0.7217
174 311 0.4893
174 313 0.3113
174 314 0.1917
174 315 0.2652
174 316 0.2007
174 317 0.2649
174 318 0.2294
174 319 0.3602
174 320 0.1748
174 321 0.3010
174 324 0.2197
174 326 0.2228
174 327 0.3767
174 328 0.1894
174 329 0.4727
174 330 0.3335
174 331 0.2649
174 332 0.2195
174 333 0.2197
174 334 0.1711
174 335 0.5731
174 336 0.2453
174 337 0.5686
174 338 0.2536
174 339 0.1992
174 340 0.1897
174 341 0.1844
174 342 0.2292
174 343 0.4489
174 344 0.1903
174 346 0.6173
174 347 0.2005
174 348 0.2599
174 349 0.4946
174 350 0.2197
174 353 0.2453
174 354 0.7222
174 355 0.2197
174 356 0.2294
174 357 0.2340
174 358 0.4314
174 359 0.2649
174 361 0.1996
174 362 0.1862
174 363 0.1848
174 364 0.3746
174 366 0.2233
174 367 0.5788
174 368 0.2660
174 369 0.2228
174 370 0.5789
174 371 0.1708
174 372 0.2549
174 374 0.2445
174 375 0.2890
174 376 0.1789
174 377 0.3503
174 379 0.2334
174 380 0.5435
174 381 0.2517
174 382 0.2353
174 383 0.2634
174 384 0.2017
174 385 0.3543
174 386 0.3562
174 387 0.5173
174 388 0.2859
174 389 0.4489
174 390 0.2435
174 391 0.2090
174 392 0.2016
174 393 0.7845
174 394 0.5413
174 395 0.2372
174 396 0.1757
174 397 0.2453
174 398 0.1727
174 399 0.2306
174 400 0.3562
174 402 0.3421
174 403 0.1777
174 404 0.2276
174 405 0.2772
174 407 0.3092
174 408 0.2600
174 409 0.1691
174 411 0.5343
174 412 0.2691
174 413 0.2044
174 414 0.5874
174 415 0.2720
174 418 0.2563
174 419 0.2649
174 420 0.2903
174 423 0.2388
174 424 0.3809
174 425 0.1843
174 427 0.2736
174 428 0.8095
