1206 1228 0.2002
1206 1229 0.2248
1206 1230 0.3336
1206 1231 0.3175
1206 1233 0.1053
1206 1235 0.2145
1206 1236 0.2380
1206 1237 0.2021
1206 1238 0.2293
1206 1240 0.2504
1206 1241 0.2300
1206 1242 0.3054
1206 1243 0.1978
1206 1244 0.1873
1206 1245 0.2294
1206 1246 0.2249
1206 1247 0.2713
1206 1249 0.1513
1206 1250 0.2002
1206 1251 0.2377
1206 1252 0.4812
1206 1253 0.2187
1206 1254 0.1487
1206 1255 0.2713
1206 1256 0.2552
1206 1257 0.1837
1206 1258 0.3921
1206 1259 0.2261
1206 1260 0.2855
1206 1262 0.2748
1206 1263 0.1993
1206 1265 0.1284
1206 1267 0.1377
1206 1268 0.1747
1206 1269 0.2433
1206 1270 0.2587
1206 1271 0.1993
1206 1272 0.1747
1206 1274 0.2475
1206 1275 0.3037
1206 1276 0.2491
1206 1278 0.1845
1206 1279 0.1751
1206 1280 0.1482
1206 1281 0.2404
1206 1282 0.1683
1206 1283 0.3052
1206 1284 0.1775
1206 1286 0.2871
1206 1287 0.1954
1206 1288 0.2506
1206 1289 0.2174
1206 1290 0.1147
1206 1291 0.2475
1206 1292 0.6725
1206 1293 0.1819
1206 1295 0.1301
1206 1296 0.1147
1206 1297 0.2183
1206 1298 0.2019
1206 1299 0.1205
1206 1300 0.2235
1206 1301 0.2475
1206 1303 0.2375
1206 1304 0.1735
1206 1305 0.2417
1206 1306 0.1072
1206 1307 0.1193
1206 1311 0.3575
1206 1315 0.1747
1206 1316 0.8326
1206 1319 0.2153
1206 1320 0.1919
1206 1322 0.2175
1206 1323 0.2475
1206 1324 0.2284
1206 1325 0.2727
1206 1326 0.2002
1206 1327 0.2475
1206 1329 0.2475
1206 1330 0.3575
1206 1331 0.2474
1206 1333 0.2284
1206 1334 0.2184
1206 1335 0.1747
1206 1336 0.2249
1206 1338 0.2226
1206 1339 0.2294
1206 1340 0.2475
1206 1341 0.2294
1206 1342 0.2806
1206 1343 0.2002
1206 1344 0.2402
1206 1345 0.2475
1206 1346 0.2294
1206 1347 0.1881
1206 1348 0.2219
1206 1349 0.2475
1206 1350 0.2443
1206 1351 0.2210
1206 1352 0.1747
1206 1353 0.2284
1206 1354 0.2452
1206 1355 0.3575
1206 1356 0.2867
1206 1358 0.2041
1206 1360 0.2132
1206 1361 0.1507
1206 1362 0.2179
1206 1363 0.2156
1206 1367 0.1624
1206 1368 0.2709
1206 1369 0.2334
1206 1370 0.1415
1206 1372 0.3474
1206 1374 0.2226
1206 1375 0.1513
1206 1377 0.1747
1206 1379 0.2294
1206 1380 0.2713
1206 1381 0.3286
1206 1383 0.1889
1206 1384 0.1993
1206 1385 0.1747
1206 1386 0.2613
1206 1387 0.2593
1206 1388 0.1747
1206 1389 0.2002
1206 1393 0.1663
1206 1394 0.2518
1206 1395 0.2571
1206 1396 0.1825
1206 1397 0.1539
1206 1398 0.2414
1206 1399 0.3575
1206 1402 0.2254
1206 1405 0.1489
1206 1407 0.2294
1206 1408 0.2261
1206 1410 0.1837
1206 1411 0.2269
1206 1412 0.1384
1206 1414 0.1747
1206 1415 0.1377
1206 1416 0.2056
1206 1418 0.1911
1206 1419 0.1663
1206 1420 0.1919
1206 1421 0.2367
1206 1423 0.1040
1206 1424 0.2002
1206 1425 0.1040
1206 1426 0.5758
1206 1427 0.1218
1206 1428 0.2002
1206 1433 0.1652
1206 1434 0.7294
1206 1435 0.4137
1206 1436 0.3682
1206 1437 0.2611
1206 1438 0.1646
1206 1439 0.1311
1206 1440 0.1033
1206 1441 0.2475
1206 1443 0.1919
1206 1446 0.1580
1206 1448 0.2294
1206 1449 0.1747
1206 1452 0.3768
1206 1454 0.2713
1206 1456 0.4343
1206 1458 0.3473
1206 1459 0.1911
1206 1460 0.5929
1206 1461 0.2284
1206 1462 0.2551
1206 1463 0.2284
1206 1464 0.4760
1206 1466 0.2551
1206 1468 0.2369
1206 1470 0.3575
1206 1472 0.4171
1206 1473 0.2657
1206 1474 0.5819
1206 1475 0.2693
1206 1476 0.2914
1206 1477 0.3328
1206 1478 0.2862
1206 1479 0.2959
1206 1480 0.2002
1206 1481 0.2098
1206 1484 0.2731
1206 1485 0.5895
1206 1487 0.2600
1206 1488 0.2475
1206 1491 0.2900
1206 1493 0.3144
1206 1495 0.2234
1206 1496 0.3605
1206 1498 0.3575
1206 1499 0.2511
1206 1500 0.5144
1206 1503 0.3234
1206 1504 0.7108
1206 1505 0.2725
1206 1506 0.2405
1206 1507 0.2536
1206 1508 0.1747
1206 1510 0.1867
1206 1511 0.2713
1206 1512 0.2170
1206 1513 0.3473
1206 1515 0.2475
1206 1516 0.3618
1206 1517 0.2443
1206 1518 0.5247
1206 1519 0.1742
1206 1520 0.3982
1206 1522 0.2475
1206 1523 0.1193
1206 1525 0.2740
1206 1526 0.3757
1206 1527 0.2694
1206 1528 0.2096
1206 1529 0.4841
1206 1530 0.1598
1206 1532 0.1984
1206 1535 0.2713
1206 1536 0.1947
1206 1537 0.1147
1206 1538 0.2647
1206 1541 0.2282
1206 1542 0.0849
1206 1545 0.1747
1206 1546 0.2369
1206 1547 0.1193
1206 1548 0.1404
1206 1550 0.1747
1206 1551 0.2805
1206 1552 0.1747
1206 1553 0.1747
1206 1554 0.1026
1206 1560 0.2192
1206 1565 0.1027
1206 1567 0.2146
1206 1568 0.2495
1206 1569 0.1911
1206 1571 0.1747
1206 1572 0.2170
1206 1573 0.1852
1206 1574 0.2713
1206 1576 0.3575
1206 1577 0.2610
1206 1578 0.2671
1206 1579 0.2294
1206 1580 0.3286
1206 1581 0.2024
1206 1582 0.2070
1206 1583 0.2294
1206 1585 0.3924
1206 1586 0.1919
1206 1587 0.1993
1206 1588 0.2367
1206 1589 0.1513
1206 1590 0.2338
1206 1591 0.1844
1206 1592 0.1911
1206 1593 0.0765
1206 1594 0.2331
1206 1595 0.2101
1206 1596 0.3575
1206 1598 0.2713
1206 1599 0.1494
1206 1600 0.2475
1206 1601 0.2156
1206 1603 0.2296
1206 1605 0.1843
1206 1606 0.2256
1206 1607 0.1911
1206 1608 0.1896
1206 1609 0.2369
1206 1610 0.2475
1206 1612 0.2558
1206 1613 0.3387
1206 1614 0.2414
1206 1615 0.2372
1206 1616 0.1747
1206 1617 0.2475
1206 1618 0.4381
1206 1619 0.2475
1206 1620 0.1974
1206 1621 0.3568
1206 1622 0.6874
1206 1623 0.2607
1206 1624 0.1734
1206 1625 0.1919
1206 1626 0.1513
1206 1628 0.2294
1206 1629 0.2463
1206 1630 0.3575
1206 1631 0.2055
1206 1632 0.2426
1206 1633 0.2713
1206 1634 0.1863
1206 1635 0.2475
1206 1636 0.2475
1206 1637 0.2402
1206 1638 0.2314
1206 1639 0.2156
1206 1640 0.2111
1206 1641 0.2178
1206 1644 0.2125
1206 1645 0.2470
1206 1646 0.2333
1206 1647 0.2358
1206 1648 0.2413
1206 1649 0.2294
1206 1650 0.1747
1206 1651 0.1899
1206 1653 0.3138
1206 1655 0.3093
1206 1659 0.2404
1206 1660 0.2198
1206 1661 0.1954
1206 1662 0.1479
1206 1663 0.3575
1206 1664 0.1377
1206 1666 0.2294
1206 1667 0.1455
1206 1668 0.2072
1206 1672 0.2475
1206 1673 0.2259
1206 1674 0.2082
1206 1676 0.1585
1206 1677 0.2410
1206 1678 0.2413
1206 1679 0.1262
1206 1682 0.1837
1206 1683 0.2444
1206 1684 0.1747
1206 1685 0.2261
1206 1686 0.2002
1206 1687 0.3575
1206 1688 0.3575
1206 1689 0.6803
1206 1690 0.2674
1206 1691 0.2336
1206 1692 0.1875
1206 1693 0.3575
1206 1694 0.2664
1206 1697 0.1525
1206 1698 0.2213
1206 1699 0.2002
1206 1700 0.1371
1206 1701 0.1040
1206 1702 0.2041
1206 1704 0.1040
1206 1705 0.1973
1206 1707 0.2467
1206 1708 0.1208
1206 1709 0.1747
1206 1710 0.2294
1206 1711 0.1040
1206 1712 0.7998
1206 1713 0.2253
1206 1714 0.1467
1206 1715 0.3575
1206 1717 0.8387
1206 1718 0.1747
1206 1720 0.1911
1206 1721 0.2475
1206 1723 0.1103
1206 1725 0.2294
1206 1726 0.2294
1206 1728 0.2179
1208 1209 0.2084
1208 1210 0.3435
1208 1211 0.7882
1208 1212 0.2650
1208 1213 0.4105
1208 1214 0.2759
1208 1215 0.1783
1208 1216 0.2337
1208 1219 0.3830
1208 1221 0.2493
1208 1223 0.4843
1208 1224 0.3963
1208 1225 0.7679
1208 1226 0.2121
1208 1227 0.1311
1208 1228 0.2611
1208 1229 0.3557
1208 1230 0.3998
1208 1231 0.4034
1208 1233 0.4078
1208 1235 0.4511
1208 1236 0.4001
1208 1237 0.2271
1208 1238 0.3646
1208 1240 0.3842
1208 1241 0.3493
1208 1242 0.5174
1208 1243 0.4696
1208 1244 0.2126
1208 1245 0.2629
1208 1246 0.3056
1208 1247 0.1880
1208 1249 0.3361
1208 1250 0.2090
1208 1251 0.2684
1208 1252 0.1346
1208 1253 0.2488
1208 1254 0.1391
1208 1255 0.1880
1208 1256 0.2991
1208 1257 0.1638
1208 1258 0.5569
1208 1259 0.1797
1208 1260 0.1988
1208 1262 0.2846
1208 1263 0.2031
1208 1265 0.1412
1208 1267 0.1413
1208 1268 0.2487
1208 1269 0.4305
1208 1270 0.2613
1208 1271 0.2031
1208 1272 0.2307
1208 1274 0.2337
1208 1275 0.5909
1208 1276 0.2430
1208 1278 0.1150
1208 1279 0.1651
1208 1280 0.1378
1208 1281 0.4170
1208 1282 0.3124
1208 1283 0.4389
1208 1284 0.1109
1208 1286 0.3395
1208 1287 0.1884
1208 1288 0.3587
1208 1289 0.2855
1208 1290 0.1741
1208 1291 0.2440
1208 1292 0.6935
1208 1293 0.2562
1208 1295 0.1483
1208 1296 0.1741
1208 1297 0.2792
1208 1298 0.1751
1208 1299 0.1514
1208 1300 0.1627
1208 1301 0.2337
1208 1303 0.3632
1208 1304 0.1269
1208 1305 0.3088
1208 1306 0.1511
1208 1307 0.1519
1208 1311 0.1783
1208 1315 0.2307
1208 1316 0.8950
1208 1319 0.1726
1208 1320 0.2297
1208 1322 0.2286
1208 1323 0.2872
1208 1324 0.2200
1208 1325 0.2424
1208 1326 0.2090
1208 1327 0.2834
1208 1329 0.2337
1208 1330 0.1783
1208 1331 0.2872
1208 1333 0.2200
1208 1334 0.3271
1208 1335 0.2307
1208 1336 0.2204
1208 1338 0.3076
1208 1339 0.2493
1208 1340 0.2687
1208 1341 0.2285
1208 1342 0.3101
1208 1343 0.2498
1208 1344 0.2682
1208 1345 0.2337
1208 1346 0.2285
1208 1347 0.2926
1208 1348 0.3633
1208 1349 0.2337
1208 1350 0.2823
1208 1351 0.3903
1208 1352 0.2307
1208 1353 0.2200
1208 1354 0.2337
1208 1355 0.1783
1208 1356 0.3632
1208 1358 0.2406
1208 1360 0.3028
1208 1361 0.5798
1208 1362 0.3349
1208 1363 0.2253
1208 1367 0.6648
1208 1368 0.4017
1208 1369 0.5848
1208 1370 0.5585
1208 1372 0.3242
1208 1374 0.3076
1208 1375 0.3361
1208 1377 0.2307
1208 1379 0.2285
1208 1380 0.1880
1208 1381 0.3554
1208 1383 0.4999
1208 1384 0.2696
1208 1385 0.2891
1208 1386 0.2273
1208 1387 0.2312
1208 1388 0.2307
1208 1389 0.2090
1208 1393 0.1302
1208 1394 0.2184
1208 1395 0.2023
1208 1396 0.1366
1208 1397 0.1495
1208 1398 0.2447
1208 1399 0.1783
1208 1402 0.2125
1208 1405 0.1519
1208 1407 0.2598
1208 1408 0.1797
1208 1410 0.1638
1208 1411 0.2511
1208 1412 0.1269
1208 1414 0.2307
1208 1415 0.1413
1208 1416 0.2916
1208 1418 0.2224
1208 1419 0.1719
1208 1420 0.2297
1208 1421 0.3242
1208 1423 0.1271
1208 1424 0.2090
1208 1425 0.1271
1208 1426 0.1785
1208 1427 0.1433
1208 1428 0.2090
1208 1433 0.1571
1208 1434 0.8404
1208 1435 0.5689
1208 1436 0.0993
1208 1437 0.3225
1208 1438 0.1069
1208 1439 0.1683
1208 1440 0.1910
1208 1441 0.2337
1208 1443 0.2706
1208 1446 0.1350
1208 1448 0.2285
1208 1449 0.2307
1208 1452 0.2362
1208 1454 0.1880
1208 1456 0.2413
1208 1458 0.3086
1208 1459 0.3090
1208 1460 0.1561
1208 1461 0.2729
1208 1462 0.2440
1208 1463 0.2200
1208 1464 0.2687
1208 1466 0.3299
1208 1468 0.2051
1208 1470 0.1783
1208 1472 0.3412
1208 1473 0.3685
1208 1474 0.3724
1208 1475 0.4513
1208 1476 0.1932
1208 1477 0.2906
1208 1478 0.1820
1208 1479 0.5204
1208 1480 0.2090
1208 1481 0.3489
1208 1484 0.3943
1208 1485 0.2254
1208 1487 0.2252
1208 1488 0.2337
1208 1491 0.3432
1208 1493 0.2285
1208 1495 0.1777
1208 1496 0.1008
1208 1498 0.1783
1208 1499 0.2403
1208 1500 0.3821
1208 1503 0.2384
1208 1504 0.1825
1208 1505 0.2070
1208 1506 0.3463
1208 1507 0.1967
1208 1508 0.2307
1208 1510 0.2333
1208 1511 0.1880
1208 1512 0.2990
1208 1513 0.3086
1208 1515 0.2337
1208 1516 0.5607
1208 1517 0.2823
1208 1518 0.2174
1208 1519 0.2306
1208 1520 0.6605
1208 1522 0.2337
1208 1523 0.1519
1208 1525 0.2624
1208 1526 0.4203
1208 1527 0.2331
1208 1528 0.2548
1208 1529 0.5025
1208 1530 0.1159
1208 1532 0.2033
1208 1535 0.1880
1208 1536 0.2697
1208 1537 0.1741
1208 1538 0.2983
1208 1541 0.2188
1208 1542 0.1563
1208 1545 0.2307
1208 1546 0.2051
1208 1547 0.1519
1208 1548 0.1604
1208 1550 0.2307
1208 1551 0.2880
1208 1552 0.2307
1208 1553 0.2307
1208 1554 0.1240
1208 1560 0.1770
1208 1565 0.1425
1208 1567 0.2481
1208 1568 0.3343
1208 1569 0.2897
1208 1571 0.2307
1208 1572 0.3295
1208 1573 0.2970
1208 1574 0.1880
1208 1576 0.1783
1208 1577 0.2429
1208 1578 0.2814
1208 1579 0.2419
1208 1580 0.3554
1208 1581 0.4107
1208 1582 0.4571
1208 1583 0.2285
1208 1585 0.5247
1208 1586 0.2297
1208 1587 0.2031
1208 1588 0.3249
1208 1589 0.3361
1208 1590 0.3244
1208 1591 0.2247
1208 1592 0.3090
1208 1593 0.1977
1208 1594 0.3209
1208 1595 0.2768
1208 1596 0.1783
1208 1598 0.1880
1208 1599 0.4104
1208 1600 0.2337
1208 1601 0.2253
1208 1603 0.3376
1208 1605 0.3874
1208 1606 0.5878
1208 1607 0.2224
1208 1608 0.5505
1208 1609 0.2051
1208 1610 0.2337
1208 1612 0.3553
1208 1613 0.6217
1208 1614 0.4085
1208 1615 0.3857
1208 1616 0.2691
1208 1617 0.2337
1208 1618 0.5878
1208 1619 0.2337
1208 1620 0.1970
1208 1621 0.6582
1208 1622 0.8171
1208 1623 0.4167
1208 1624 0.5046
1208 1625 0.2560
1208 1626 0.3361
1208 1628 0.2493
1208 1629 0.4376
1208 1630 0.1783
1208 1631 0.3141
1208 1632 0.2407
1208 1633 0.1880
1208 1634 0.3963
1208 1635 0.2337
1208 1636 0.2337
1208 1637 0.4490
1208 1638 0.4695
1208 1639 0.2253
1208 1640 0.2964
1208 1641 0.4283
1208 1644 0.3652
1208 1645 0.3161
1208 1646 0.2353
1208 1647 0.1714
1208 1648 0.2740
1208 1649 0.2285
1208 1650 0.2307
1208 1651 0.2364
1208 1653 0.4028
1208 1655 0.4004
1208 1659 0.2056
1208 1660 0.2340
1208 1661 0.1667
1208 1662 0.1741
1208 1663 0.1783
1208 1664 0.1413
1208 1666 0.2285
1208 1667 0.1484
1208 1668 0.2534
1208 1672 0.2360
1208 1673 0.2084
1208 1674 0.2184
1208 1676 0.1459
1208 1677 0.2060
1208 1678 0.2740
1208 1679 0.1192
1208 1682 0.1638
1208 1683 0.1582
1208 1684 0.2307
1208 1685 0.1797
1208 1686 0.2090
1208 1687 0.1783
1208 1688 0.1783
1208 1689 0.7235
1208 1690 0.2285
1208 1691 0.2372
1208 1692 0.2339
1208 1693 0.1783
1208 1694 0.2766
1208 1697 0.1277
1208 1698 0.1911
1208 1699 0.2090
1208 1700 0.1615
1208 1701 0.1271
1208 1702 0.3024
1208 1704 0.1271
1208 1705 0.1628
1208 1707 0.2033
1208 1708 0.1037
1208 1709 0.2307
1208 1710 0.2285
1208 1711 0.1271
1208 1712 0.8911
1208 1713 0.1637
1208 1714 0.1675
1208 1715 0.1783
1208 1717 0.8718
1208 1718 0.2307
1208 1720 0.2224
1208 1721 0.2360
1208 1723 0.1423
1208 1725 0.2285
1208 1726 0.2285
1208 1728 0.2703
1209 1210 0.3179
1209 1211 0.2698
1209 1212 0.1467
1209 1213 0.1392
1209 1214 0.1793
1209 1215 0.1519
1209 1216 0.2007
1209 1219 0.1257
1209 1221 0.1784
1209 1223 0.1365
1209 1224 0.1517
1209 1225 0.6444
1209 1226 0.1505
1209 1227 0.0735
1209 1228 0.1661
1209 1229 0.2572
1209 1230 0.2506
1209 1231 0.0832
1209 1233 0.1337
1209 1235 0.1561
1209 1236 0.1752
1209 1237 0.1457
1209 1238 0.1286
1209 1240 0.1859
1209 1241 0.1450
1209 1242 0.4708
1209 1243 0.1492
1209 1244 0.1235
1209 1245 0.1784
1209 1246 0.1738
1209 1247 0.1570
1209 1249 0.0963
1209 1250 0.1467
1209 1251 0.1755
1209 1252 0.0932
1209 1253 0.1809
1209 1254 0.1243
1209 1255 0.1570
1209 1256 0.2252
1209 1257 0.1352
1209 1258 0.2609
1209 1259 0.2282
1209 1260 0.2511
1209 1262 0.2501
1209 1263 0.1402
1209 1265 0.0929
1209 1267 0.0950
1209 1268 0.2175
1209 1269 0.3759
1209 1270 0.3650
1209 1271 0.1402
1209 1272 0.2175
1209 1274 0.2007
1209 1275 0.1958
1209 1276 0.1783
1209 1278 0.0956
1209 1279 0.1159
1209 1280 0.1033
1209 1281 0.1778
1209 1282 0.1316
1209 1283 0.3441
1209 1284 0.1011
1209 1286 0.1728
1209 1287 0.1428
1209 1288 0.2437
1209 1289 0.1289
1209 1290 0.1180
1209 1291 0.2007
1209 1292 0.4626
1209 1293 0.1617
1209 1295 0.1228
1209 1296 0.1180
1209 1297 0.1688
1209 1298 0.1496
1209 1299 0.1170
1209 1300 0.1398
1209 1301 0.2007
1209 1303 0.2159
1209 1304 0.1183
1209 1305 0.1993
1209 1306 0.0907
1209 1307 0.1120
1209 1311 0.1519
1209 1315 0.2175
1209 1316 0.7695
1209 1319 0.1313
1209 1320 0.1585
1209 1322 0.1959
1209 1323 0.2007
1209 1324 0.1646
1209 1325 0.1505
1209 1326 0.1467
1209 1327 0.2007
1209 1329 0.2007
1209 1330 0.1519
1209 1331 0.2086
1209 1333 0.1646
1209 1334 0.1964
1209 1335 0.2175
1209 1336 0.1528
1209 1338 0.2026
1209 1339 0.1784
1209 1340 0.2007
1209 1341 0.1784
1209 1342 0.2497
1209 1343 0.1661
1209 1344 0.2445
1209 1345 0.2007
1209 1346 0.1784
1209 1347 0.1637
1209 1348 0.1409
1209 1349 0.2007
1209 1350 0.2106
1209 1351 0.2358
1209 1352 0.2175
1209 1353 0.1731
1209 1354 0.2007
1209 1355 0.1519
1209 1356 0.2179
1209 1358 0.2135
1209 1360 0.1407
1209 1361 0.1344
1209 1362 0.2223
1209 1363 0.1305
1209 1367 0.1329
1209 1368 0.2668
1209 1369 0.3194
1209 1370 0.1311
1209 1372 0.1417
1209 1374 0.2026
1209 1375 0.0963
1209 1377 0.2175
1209 1379 0.1784
1209 1380 0.1570
1209 1381 0.2156
1209 1383 0.1468
1209 1384 0.1402
1209 1385 0.2175
1209 1386 0.2071
1209 1387 0.2512
1209 1388 0.2175
1209 1389 0.1467
1209 1393 0.0983
1209 1394 0.2450
1209 1395 0.1844
1209 1396 0.1943
1209 1397 0.1450
1209 1398 0.1915
1209 1399 0.1519
1209 1402 0.1592
1209 1405 0.1161
1209 1407 0.1784
1209 1408 0.2282
1209 1410 0.1352
1209 1411 0.1635
1209 1412 0.1209
1209 1414 0.2175
1209 1415 0.0950
1209 1416 0.1689
1209 1418 0.2132
1209 1419 0.1991
1209 1420 0.1585
1209 1421 0.4013
1209 1423 0.3242
1209 1424 0.1640
1209 1425 0.3242
1209 1426 0.4930
1209 1427 0.4214
1209 1428 0.1640
1209 1433 0.4019
1209 1434 0.9415
1209 1435 0.7201
1209 1436 0.3141
1209 1437 0.3702
1209 1438 0.2801
1209 1439 0.3981
1209 1440 0.4506
1209 1441 0.2007
1209 1443 0.1738
1209 1446 0.3842
1209 1448 0.1784
1209 1449 0.2175
1209 1452 0.2055
1209 1454 0.1570
1209 1456 0.2099
1209 1458 0.2081
1209 1459 0.1540
1209 1460 0.1513
1209 1461 0.1464
1209 1462 0.1454
1209 1463 0.1464
1209 1464 0.2004
1209 1466 0.1512
1209 1468 0.1768
1209 1470 0.1519
1209 1472 0.1651
1209 1473 0.1909
1209 1474 0.1568
1209 1475 0.2654
1209 1476 0.1492
1209 1477 0.2788
1209 1478 0.1584
1209 1479 0.1482
1209 1480 0.1467
1209 1481 0.2917
1209 1484 0.3654
1209 1485 0.1633
1209 1487 0.1512
1209 1488 0.2007
1209 1491 0.1456
1209 1493 0.1784
1209 1495 0.1546
1209 1496 0.2883
1209 1498 0.1519
1209 1499 0.1784
1209 1500 0.2491
1209 1503 0.1461
1209 1504 0.1331
1209 1505 0.3621
1209 1506 0.1806
1209 1507 0.1385
1209 1508 0.2475
1209 1510 0.2130
1209 1511 0.1570
1209 1512 0.1880
1209 1513 0.2081
1209 1515 0.2007
1209 1516 0.5091
1209 1517 0.2106
1209 1518 0.1731
1209 1519 0.1857
1209 1520 0.4705
1209 1522 0.2007
1209 1523 0.1120
1209 1525 0.1506
1209 1526 0.3942
1209 1527 0.2088
1209 1528 0.1648
1209 1529 0.1967
1209 1530 0.1196
1209 1532 0.1454
1209 1535 0.1570
1209 1536 0.1446
1209 1537 0.1180
1209 1538 0.2277
1209 1541 0.1678
1209 1542 0.1116
1209 1545 0.2175
1209 1546 0.1768
1209 1547 0.1120
1209 1548 0.1187
1209 1550 0.2175
1209 1551 0.2101
1209 1552 0.2175
1209 1553 0.2175
1209 1554 0.1105
1209 1560 0.1337
1209 1565 0.1159
1209 1567 0.1764
1209 1568 0.1534
1209 1569 0.1745
1209 1571 0.2175
1209 1572 0.1828
1209 1573 0.1512
1209 1574 0.1570
1209 1576 0.1519
1209 1577 0.2319
1209 1578 0.4443
1209 1579 0.2091
1209 1580 0.2156
1209 1581 0.1832
1209 1582 0.1664
1209 1583 0.1790
1209 1585 0.2475
1209 1586 0.1585
1209 1587 0.1402
1209 1588 0.1466
1209 1589 0.0963
1209 1590 0.1795
1209 1591 0.2561
1209 1592 0.1540
1209 1593 0.0577
1209 1594 0.1231
1209 1595 0.2097
1209 1596 0.1519
1209 1598 0.1570
1209 1599 0.1365
1209 1600 0.2007
1209 1601 0.1305
1209 1603 0.1707
1209 1605 0.1347
1209 1606 0.1453
1209 1607 0.2132
1209 1608 0.5563
1209 1609 0.1768
1209 1610 0.2007
1209 1612 0.1913
1209 1613 0.4108
1209 1614 0.2068
1209 1615 0.2004
1209 1616 0.2175
1209 1617 0.2007
1209 1618 0.3778
1209 1619 0.2007
1209 1620 0.1589
1209 1621 0.2038
1209 1622 0.7318
1209 1623 0.1863
1209 1624 0.1103
1209 1625 0.1585
1209 1626 0.0963
1209 1628 0.1784
1209 1629 0.1909
1209 1630 0.1519
1209 1631 0.1547
1209 1632 0.1874
1209 1633 0.1570
1209 1634 0.1517
1209 1635 0.2007
1209 1636 0.2007
1209 1637 0.1458
1209 1638 0.2112
1209 1639 0.1305
1209 1640 0.1738
1209 1641 0.1370
1209 1644 0.1870
1209 1645 0.2045
1209 1646 0.1771
1209 1647 0.2568
1209 1648 0.2240
1209 1649 0.1784
1209 1650 0.2175
1209 1651 0.1644
1209 1653 0.2364
1209 1655 0.2736
1209 1659 0.1778
1209 1660 0.1740
1209 1661 0.1194
1209 1662 0.2591
1209 1663 0.1519
1209 1664 0.0950
1209 1666 0.1784
1209 1667 0.0981
1209 1668 0.1974
1209 1672 0.2007
1209 1673 0.1441
1209 1674 0.2021
1209 1676 0.1867
1209 1677 0.2289
1209 1678 0.2240
1209 1679 0.0862
1209 1682 0.1352
1209 1683 0.2873
1209 1684 0.2175
1209 1685 0.2282
1209 1686 0.1632
1209 1687 0.1519
1209 1688 0.1519
1209 1689 0.6043
1209 1690 0.1803
1209 1691 0.4693
1209 1692 0.1630
1209 1693 0.1519
1209 1694 0.2825
1209 1697 0.2267
1209 1698 0.1998
1209 1699 0.2406
1209 1700 0.2839
1209 1701 0.3242
1209 1702 0.4026
1209 1704 0.3242
1209 1705 0.3328
1209 1707 0.2750
1209 1708 0.1931
1209 1709 0.2475
1209 1710 0.1784
1209 1711 0.3242
1209 1712 0.9046
1209 1713 0.6731
1209 1714 0.4267
1209 1715 0.1519
1209 1717 0.9693
1209 1718 0.2175
1209 1720 0.1540
1209 1721 0.2007
1209 1723 0.5389
1209 1725 0.1784
1209 1726 0.1784
1209 1728 0.2362
1210 1211 0.6320
1210 1212 0.3896
1210 1213 0.3519
1210 1214 0.3168
1210 1215 0.2443
1210 1216 0.2114
1210 1219 0.5076
1210 1221 0.2690
1210 1223 0.3810
1210 1224 0.2597
1210 1225 0.7946
1210 1226 0.2531
1210 1227 0.5005
1210 1228 0.2636
1210 1229 0.2579
1210 1230 0.3784
1210 1231 0.4408
1210 1233 0.3987
1210 1235 0.4934
1210 1236 0.5677
1210 1237 0.6938
1210 1238 0.2638
1210 1240 0.2855
1210 1241 0.6506
1210 1242 0.7823
1210 1243 0.3256
1210 1244 0.2622
1210 1245 0.2011
1210 1246 0.2495
1210 1247 0.3895
1210 1249 0.3429
1210 1250 0.2801
1210 1251 0.3635
1210 1252 0.5253
1210 1253 0.2773
1210 1254 0.3573
1210 1255 0.3895
1210 1256 0.5068
1210 1257 0.3856
1210 1258 0.5233
1210 1259 0.2040
1210 1260 0.2407
1210 1262 0.3473
1210 1263 0.1764
1210 1265 0.3225
1210 1267 0.3169
1210 1268 0.3598
1210 1269 0.3966
1210 1270 0.5228
1210 1271 0.2004
1210 1272 0.3311
1210 1274 0.2114
1210 1275 0.4495
1210 1276 0.2371
1210 1278 0.1918
1210 1279 0.3553
1210 1280 0.4817
1210 1281 0.5224
1210 1282 0.2854
1210 1283 0.1600
1210 1284 0.1739
1210 1286 0.2506
1210 1287 0.2090
1210 1288 0.1810
1210 1289 0.1690
1210 1290 0.1124
1210 1291 0.2114
1210 1292 0.3780
1210 1293 0.3216
1210 1295 0.1201
1210 1296 0.1124
1210 1297 0.2433
1210 1298 0.1501
1210 1299 0.1704
1210 1300 0.1329
1210 1301 0.2114
1210 1303 0.4524
1210 1304 0.1856
1210 1305 0.5120
1210 1306 0.0957
1210 1307 0.0613
1210 1311 0.2443
1210 1315 0.2726
1210 1316 0.8821
1210 1319 0.2113
1210 1320 0.1840
1210 1322 0.1601
1210 1323 0.3011
1210 1324 0.2179
1210 1325 0.3564
1210 1326 0.2583
1210 1327 0.2673
1210 1329 0.2114
1210 1330 0.2443
1210 1331 0.2769
1210 1333 0.2179
1210 1334 0.1972
1210 1335 0.2726
1210 1336 0.2177
1210 1338 0.3463
1210 1339 0.2690
1210 1340 0.2781
1210 1341 0.2011
1210 1342 0.6491
1210 1343 0.3401
1210 1344 0.2575
1210 1345 0.2114
1210 1346 0.2011
1210 1347 0.2903
1210 1348 0.6200
1210 1349 0.2781
1210 1350 0.2754
1210 1351 0.1953
1210 1352 0.3108
1210 1353 0.2834
1210 1354 0.2114
1210 1355 0.2443
1210 1356 0.3373
1210 1358 0.2785
1210 1360 0.3595
1210 1361 0.5577
1210 1362 0.2121
1210 1363 0.4010
1210 1367 0.7619
1210 1368 0.3417
1210 1369 0.6235
1210 1370 0.6806
1210 1372 0.2835
1210 1374 0.3463
1210 1375 0.3429
1210 1377 0.2726
1210 1379 0.2011
1210 1380 0.3895
1210 1381 0.4355
1210 1383 0.3030
1210 1384 0.2671
1210 1385 0.3768
1210 1386 0.4903
1210 1387 0.5223
1210 1388 0.3311
1210 1389 0.3383
1210 1393 0.0972
1210 1394 0.2501
1210 1395 0.3659
1210 1396 0.5794
1210 1397 0.3097
1210 1398 0.3727
1210 1399 0.2443
1210 1402 0.2394
1210 1405 0.5239
1210 1407 0.2011
1210 1408 0.2040
1210 1410 0.3856
1210 1411 0.2131
1210 1412 0.4929
1210 1414 0.3311
1210 1415 0.3169
1210 1416 0.2580
1210 1418 0.2091
1210 1419 0.3978
1210 1420 0.1840
1210 1421 0.4023
1210 1423 0.0857
1210 1424 0.2355
1210 1425 0.0857
1210 1426 0.3772
1210 1427 0.1056
1210 1428 0.2355
1210 1433 0.1313
1210 1434 0.5270
1210 1435 0.1601
1210 1436 0.1060
1210 1437 0.7346
1210 1438 0.2331
1210 1439 0.1064
1210 1440 0.1835
1210 1441 0.2649
1210 1443 0.1840
1210 1446 0.1692
1210 1448 0.2569
1210 1449 0.2726
1210 1452 0.2065
1210 1454 0.3895
1210 1456 0.2612
1210 1458 0.1655
1210 1459 0.2494
1210 1460 0.1124
1210 1461 0.1791
1210 1462 0.3968
1210 1463 0.1791
1210 1464 0.2523
1210 1466 0.1684
1210 1468 0.1647
1210 1470 0.2443
1210 1472 0.2157
1210 1473 0.2861
1210 1474 0.2837
1210 1475 0.3266
1210 1476 0.1683
1210 1477 0.1910
1210 1478 0.1582
1210 1479 0.1466
1210 1480 0.1819
1210 1481 0.4846
1210 1484 0.5121
1210 1485 0.2043
1210 1487 0.1684
1210 1488 0.2114
1210 1491 0.2130
1210 1493 0.2011
1210 1495 0.1559
1210 1496 0.4017
1210 1498 0.2443
1210 1499 0.2747
1210 1500 0.1787
1210 1503 0.1418
1210 1504 0.2809
1210 1505 0.2629
1210 1506 0.2027
1210 1507 0.2393
1210 1508 0.2610
1210 1510 0.2654
1210 1511 0.3895
1210 1512 0.2345
1210 1513 0.1655
1210 1515 0.2114
1210 1516 0.5543
1210 1517 0.2754
1210 1518 0.1874
1210 1519 0.2023
1210 1520 0.6154
1210 1522 0.2114
1210 1523 0.0613
1210 1525 0.5065
1210 1526 0.1873
1210 1527 0.2063
1210 1528 0.1995
1210 1529 0.3218
1210 1530 0.1113
1210 1532 0.1835
1210 1535 0.3895
1210 1536 0.3406
1210 1537 0.1124
1210 1538 0.3400
1210 1541 0.1640
1210 1542 0.1517
1210 1545 0.2726
1210 1546 0.1647
1210 1547 0.0613
1210 1548 0.1292
1210 1550 0.2726
1210 1551 0.3123
1210 1552 0.2726
1210 1553 0.2726
1210 1554 0.1110
1210 1560 0.1694
1210 1565 0.1154
1210 1567 0.2734
1210 1568 0.3593
1210 1569 0.2501
1210 1571 0.3359
1210 1572 0.3413
1210 1573 0.3526
1210 1574 0.3895
1210 1576 0.2443
1210 1577 0.3579
1210 1578 0.7153
1210 1579 0.2507
1210 1580 0.4355
1210 1581 0.4620
1210 1582 0.6101
1210 1583 0.3184
1210 1585 0.5720
1210 1586 0.2144
1210 1587 0.2526
1210 1588 0.5837
1210 1589 0.3429
1210 1590 0.4242
1210 1591 0.2432
1210 1592 0.2494
1210 1593 0.2531
1210 1594 0.4848
1210 1595 0.6463
1210 1596 0.2443
1210 1598 0.3895
1210 1599 0.4621
1210 1600 0.2114
1210 1601 0.4010
1210 1603 0.4421
1210 1605 0.3286
1210 1606 0.4375
1210 1607 0.2091
1210 1608 0.5092
1210 1609 0.1647
1210 1610 0.2781
1210 1612 0.2489
1210 1613 0.5068
1210 1614 0.4476
1210 1615 0.3580
1210 1616 0.3175
1210 1617 0.2114
1210 1618 0.3677
1210 1619 0.2114
1210 1620 0.2180
1210 1621 0.7382
1210 1622 0.8859
1210 1623 0.2397
1210 1624 0.4915
1210 1625 0.2041
1210 1626 0.3429
1210 1628 0.2690
1210 1629 0.1941
1210 1630 0.2443
1210 1631 0.4615
1210 1632 0.2745
1210 1633 0.3895
1210 1634 0.2597
1210 1635 0.2114
1210 1636 0.2114
1210 1637 0.4945
1210 1638 0.2880
1210 1639 0.4010
1210 1640 0.2032
1210 1641 0.3983
1210 1644 0.2574
1210 1645 0.3759
1210 1646 0.1801
1210 1647 0.5113
1210 1648 0.2615
1210 1649 0.2011
1210 1650 0.2726
1210 1651 0.1783
1210 1653 0.5080
1210 1655 0.3706
1210 1659 0.2108
1210 1660 0.1885
1210 1661 0.4792
1210 1662 0.2479
1210 1663 0.2443
1210 1664 0.3169
1210 1666 0.2011
1210 1667 0.4985
1210 1668 0.5086
1210 1672 0.2859
1210 1673 0.2049
1210 1674 0.4044
1210 1676 0.3038
1210 1677 0.2097
1210 1678 0.2615
1210 1679 0.4432
1210 1682 0.3856
1210 1683 0.4336
1210 1684 0.2726
1210 1685 0.2040
1210 1686 0.3112
1210 1687 0.2443
1210 1688 0.2443
1210 1689 0.9481
1210 1690 0.2193
1210 1691 0.5277
1210 1692 0.1936
1210 1693 0.2443
1210 1694 0.4948
1210 1697 0.1930
1210 1698 0.4115
1210 1699 0.2743
1210 1700 0.1598
1210 1701 0.0857
1210 1702 0.4387
1210 1704 0.0857
1210 1705 0.2614
1210 1707 0.2745
1210 1708 0.1453
1210 1709 0.2726
1210 1710 0.2011
1210 1711 0.0857
1210 1712 0.8691
1210 1713 0.2354
1210 1714 0.3147
1210 1715 0.2443
1210 1717 0.8563
1210 1718 0.2726
1210 1720 0.1804
1210 1721 0.2859
1210 1723 0.3622
1210 1725 0.2011
1210 1726 0.2011
1210 1728 0.1851
1211 1212 0.4212
1211 1213 0.8657
1211 1214 0.7527
1211 1215 0.2295
1211 1216 0.3140
1211 1219 0.6830
1211 1221 0.7866
1211 1223 0.6763
1211 1224 0.7927
1211 1225 0.8504
1211 1226 0.5285
1211 1227 0.8070
1211 1228 0.5402
1211 1229 0.2348
1211 1230 0.7605
1211 1231 0.8549
1211 1233 0.8741
1211 1235 0.7394
1211 1236 0.8151
1211 1237 0.4779
1211 1238 0.8641
1211 1240 0.5120
1211 1241 0.6489
1211 1242 0.8292
1211 1243 0.7083
1211 1244 0.6105
1211 1245 0.3974
1211 1246 0.7555
1211 1247 0.4553
1211 1249 0.8674
1211 1250 0.4225
1211 1251 0.4878
1211 1252 0.8115
1211 1253 0.3796
1211 1254 0.2199
1211 1255 0.4553
1211 1256 0.4912
1211 1257 0.4532
1211 1258 0.8787
1211 1259 0.3233
1211 1260 0.6794
1211 1262 0.4482
1211 1263 0.3970
1211 1265 0.1956
1211 1267 0.2410
1211 1268 0.8456
1211 1269 0.6080
1211 1270 0.2738
1211 1271 0.2836
1211 1272 0.3052
1211 1274 0.3140
1211 1275 0.7344
1211 1276 0.2350
1211 1278 0.6849
1211 1279 0.2584
1211 1280 0.5289
1211 1281 0.6620
1211 1282 0.3905
1211 1283 0.1180
1211 1284 0.2844
1211 1286 0.4075
1211 1287 0.1858
1211 1288 0.6721
1211 1289 0.1051
1211 1290 0.2748
1211 1291 0.4910
1211 1292 0.5739
1211 1293 0.1663
1211 1295 0.1595
1211 1296 0.2748
1211 1297 0.5034
1211 1298 0.1797
1211 1299 0.2776
1211 1300 0.3674
1211 1301 0.3140
1211 1303 0.4313
1211 1304 0.3991
1211 1305 0.1050
1211 1306 0.2861
1211 1307 0.2034
1211 1311 0.2295
1211 1315 0.5422
1211 1316 0.9185
1211 1319 0.1576
1211 1320 0.4412
1211 1322 0.3494
1211 1323 0.4618
1211 1324 0.3345
1211 1325 0.8192
1211 1326 0.4070
1211 1327 0.5009
1211 1329 0.4557
1211 1330 0.2295
1211 1331 0.7428
1211 1333 0.3345
1211 1334 0.7734
1211 1335 0.3196
1211 1336 0.2064
1211 1338 0.1995
1211 1339 0.7866
1211 1340 0.3835
1211 1341 0.2450
1211 1342 0.8927
1211 1343 0.5479
1211 1344 0.3653
1211 1345 0.3140
1211 1346 0.3974
1211 1347 0.6671
1211 1348 0.5175
1211 1349 0.3543
1211 1350 0.3539
1211 1351 0.6043
1211 1352 0.4551
1211 1353 0.3964
1211 1354 0.3140
1211 1355 0.2295
1211 1356 0.3044
1211 1358 0.8813
1211 1360 0.8485
1211 1361 0.8707
1211 1362 0.7053
1211 1363 0.3925
1211 1367 0.8261
1211 1368 0.7635
1211 1369 0.6667
1211 1370 0.9187
1211 1372 0.8701
1211 1374 0.1995
1211 1375 0.8674
1211 1377 0.4089
1211 1379 0.3974
1211 1380 0.4553
1211 1381 0.8327
1211 1383 0.8349
1211 1384 0.4339
1211 1385 0.6425
1211 1386 0.2669
1211 1387 0.2540
1211 1388 0.3052
1211 1389 0.4062
1211 1393 0.6041
1211 1394 0.3764
1211 1395 0.3326
1211 1396 0.5449
1211 1397 0.2271
1211 1398 0.3446
1211 1399 0.2295
1211 1402 0.4669
1211 1405 0.5626
1211 1407 0.4152
1211 1408 0.3233
1211 1410 0.4532
1211 1411 0.7132
1211 1412 0.4692
1211 1414 0.3196
1211 1415 0.2410
1211 1416 0.4789
1211 1418 0.4229
1211 1419 0.6294
1211 1420 0.2385
1211 1421 0.7277
1211 1423 0.2940
1211 1424 0.5359
1211 1425 0.2940
1211 1426 0.5008
1211 1427 0.3459
1211 1428 0.2551
1211 1433 0.3860
1211 1434 0.7756
1211 1435 0.2390
1211 1436 0.2570
1211 1437 0.6004
1211 1438 0.5970
1211 1439 0.2721
1211 1440 0.3356
1211 1441 0.2769
1211 1443 0.6430
1211 1446 0.5058
1211 1448 0.2450
1211 1449 0.3196
1211 1452 0.3508
1211 1454 0.4553
1211 1456 0.5533
1211 1458 0.6837
1211 1459 0.8366
1211 1460 0.3192
1211 1461 0.2889
1211 1462 0.2768
1211 1463 0.2033
1211 1464 0.5975
1211 1466 0.6632
1211 1468 0.2309
1211 1470 0.2295
1211 1472 0.3369
1211 1473 0.6561
1211 1474 0.2914
1211 1475 0.6738
1211 1476 0.1914
1211 1477 0.4038
1211 1478 0.2865
1211 1479 0.7772
1211 1480 0.2739
1211 1481 0.8252
1211 1484 0.5544
1211 1485 0.4914
1211 1487 0.3072
1211 1488 0.3140
1211 1491 0.2630
1211 1493 0.2450
1211 1495 0.2815
1211 1496 0.3823
1211 1498 0.2295
1211 1499 0.6180
1211 1500 0.7652
1211 1503 0.6326
1211 1504 0.3493
1211 1505 0.2873
1211 1506 0.3842
1211 1507 0.3351
1211 1508 0.3196
1211 1510 0.2674
1211 1511 0.4553
1211 1512 0.4647
1211 1513 0.6837
1211 1515 0.4576
1211 1516 0.8340
1211 1517 0.5482
1211 1518 0.4762
1211 1519 0.4525
1211 1520 0.5262
1211 1522 0.3140
1211 1523 0.2034
1211 1525 0.8294
1211 1526 0.1314
1211 1527 0.2701
1211 1528 0.2374
1211 1529 0.7220
1211 1530 0.1872
1211 1532 0.4435
1211 1535 0.4553
1211 1536 0.1658
1211 1537 0.2748
1211 1538 0.2890
1211 1541 0.1926
1211 1542 0.1993
1211 1545 0.3196
1211 1546 0.2309
1211 1547 0.2034
1211 1548 0.3125
1211 1550 0.3196
1211 1551 0.2560
1211 1552 0.3196
1211 1553 0.3196
1211 1554 0.1808
1211 1560 0.1893
1211 1565 0.1892
1211 1567 0.3963
1211 1568 0.7439
1211 1569 0.2322
1211 1571 0.6294
1211 1572 0.7902
1211 1573 0.7182
1211 1574 0.4553
1211 1576 0.2295
1211 1577 0.4131
1211 1578 0.8833
1211 1579 0.7755
1211 1580 0.8327
1211 1581 0.7267
1211 1582 0.5724
1211 1583 0.4240
1211 1585 0.8335
1211 1586 0.4412
1211 1587 0.7606
1211 1588 0.7131
1211 1589 0.8674
1211 1590 0.8787
1211 1591 0.3392
1211 1592 0.8366
1211 1593 0.7302
1211 1594 0.7897
1211 1595 0.5710
1211 1596 0.2295
1211 1598 0.4553
1211 1599 0.7118
1211 1600 0.4102
1211 1601 0.3925
1211 1603 0.7587
1211 1605 0.8691
1211 1606 0.6566
1211 1607 0.4229
1211 1608 0.7513
1211 1609 0.2309
1211 1610 0.3543
1211 1612 0.7412
1211 1613 0.8855
1211 1614 0.6126
1211 1615 0.2395
1211 1616 0.5379
1211 1617 0.3140
1211 1618 0.5740
1211 1619 0.3140
1211 1620 0.3864
1211 1621 0.6144
1211 1622 0.9498
1211 1623 0.7949
1211 1624 0.5875
1211 1625 0.6833
1211 1626 0.8674
1211 1628 0.7866
1211 1629 0.6114
1211 1630 0.2295
1211 1631 0.8096
1211 1632 0.5022
1211 1633 0.4553
1211 1634 0.7927
1211 1635 0.4557
1211 1636 0.3140
1211 1637 0.8764
1211 1638 0.6541
1211 1639 0.3925
1211 1640 0.3801
1211 1641 0.8154
1211 1644 0.3084
1211 1645 0.4686
1211 1646 0.3901
1211 1647 0.2246
1211 1648 0.2900
1211 1649 0.2450
1211 1650 0.3196
1211 1651 0.3422
1211 1653 0.3721
1211 1655 0.5806
1211 1659 0.4392
1211 1660 0.1995
1211 1661 0.3469
1211 1662 0.5766
1211 1663 0.2295
1211 1664 0.2410
1211 1666 0.2450
1211 1667 0.5118
1211 1668 0.5654
1211 1672 0.8235
1211 1673 0.2133
1211 1674 0.2181
1211 1676 0.2170
1211 1677 0.2403
1211 1678 0.3428
1211 1679 0.4408
1211 1682 0.4532
1211 1683 0.3460
1211 1684 0.3196
1211 1685 0.3233
1211 1686 0.5038
1211 1687 0.2295
1211 1688 0.2295
1211 1689 0.9358
1211 1690 0.2450
1211 1691 0.4038
1211 1692 0.3269
1211 1693 0.2295
1211 1694 0.2761
1211 1697 0.5502
1211 1698 0.2037
1211 1699 0.3548
1211 1700 0.5729
1211 1701 0.2940
1211 1702 0.6323
1211 1704 0.2940
1211 1705 0.2008
1211 1707 0.2998
1211 1708 0.5014
1211 1709 0.3196
1211 1710 0.2450
1211 1711 0.2940
1211 1712 0.7981
1211 1713 0.6362
1211 1714 0.4377
1211 1715 0.2295
1211 1717 0.9676
1211 1718 0.3196
1211 1720 0.2168
1211 1721 0.8235
1211 1723 0.4490
1211 1725 0.4015
1211 1726 0.2450
1211 1728 0.2178
1212 1213 0.1713
1212 1214 0.5103
1212 1215 0.3400
1212 1216 0.1474
1212 1219 0.2965
1212 1221 0.1928
1212 1223 0.2069
1212 1224 0.1816
1212 1225 0.6407
1212 1226 0.2301
1212 1227 0.2487
1212 1228 0.1626
1212 1229 0.1725
1212 1230 0.2345
1212 1231 0.1666
1212 1233 0.2847
1212 1235 0.3719
1212 1236 0.2091
1212 1237 0.4274
1212 1238 0.1931
1212 1240 0.3291
1212 1241 0.4501
1212 1242 0.5738
1212 1243 0.2057
1212 1244 0.2225
1212 1245 0.1928
1212 1246 0.2451
1212 1247 0.2193
1212 1249 0.1837
1212 1250 0.1847
1212 1251 0.1892
1212 1252 0.3056
1212 1253 0.1822
1212 1254 0.1059
1212 1255 0.2193
1212 1256 0.2435
1212 1257 0.1393
1212 1258 0.3566
1212 1259 0.1574
1212 1260 0.1841
1212 1262 0.2064
1212 1263 0.1619
1212 1265 0.0719
1212 1267 0.1145
1212 1268 0.2019
1212 1269 0.1956
1212 1270 0.1697
1212 1271 0.1619
1212 1272 0.1877
1212 1274 0.1474
1212 1275 0.2515
1212 1276 0.1780
1212 1278 0.1724
1212 1279 0.1229
1212 1280 0.1337
1212 1281 0.2125
1212 1282 0.2270
1212 1283 0.4737
1212 1284 0.1174
1212 1286 0.2729
1212 1287 0.1361
1212 1288 0.2022
1212 1289 0.1762
1212 1290 0.0885
1212 1291 0.1856
1212 1292 0.6590
1212 1293 0.1666
1212 1295 0.1083
1212 1296 0.0885
1212 1297 0.1760
1212 1298 0.1632
1212 1299 0.1699
1212 1300 0.1213
1212 1301 0.1474
1212 1303 0.2770
1212 1304 0.2049
1212 1305 0.1633
1212 1306 0.1303
1212 1307 0.0920
1212 1311 0.3400
1212 1315 0.1877
1212 1316 0.8893
1212 1319 0.1716
1212 1320 0.1812
1212 1322 0.1828
1212 1323 0.1474
1212 1324 0.1487
1212 1325 0.2348
1212 1326 0.1847
1212 1327 0.2310
1212 1329 0.1474
1212 1330 0.3400
1212 1331 0.2076
1212 1333 0.1487
1212 1334 0.1808
1212 1335 0.1877
1212 1336 0.1605
1212 1338 0.2171
1212 1339 0.1928
1212 1340 0.1856
1212 1341 0.1928
1212 1342 0.2389
1212 1343 0.1847
1212 1344 0.1803
1212 1345 0.1474
1212 1346 0.1744
1212 1347 0.1785
1212 1348 0.4924
1212 1349 0.1474
1212 1350 0.1884
1212 1351 0.1711
1212 1352 0.1877
1212 1353 0.1487
1212 1354 0.1474
1212 1355 0.3400
1212 1356 0.1937
1212 1358 0.2542
1212 1360 0.2071
1212 1361 0.2125
1212 1362 0.1778
1212 1363 0.2106
1212 1367 0.4080
1212 1368 0.2373
1212 1369 0.2601
1212 1370 0.4282
1212 1372 0.1749
1212 1374 0.2171
1212 1375 0.1837
1212 1377 0.1877
1212 1379 0.1744
1212 1380 0.2193
1212 1381 0.2062
1212 1383 0.1995
1212 1384 0.1891
1212 1385 0.2019
1212 1386 0.2411
1212 1387 0.2357
1212 1388 0.1877
1212 1389 0.1626
1212 1393 0.1227
1212 1394 0.1758
1212 1395 0.2038
1212 1396 0.1341
1212 1397 0.1157
1212 1398 0.1975
1212 1399 0.3400
1212 1402 0.1771
1212 1405 0.1670
1212 1407 0.1744
1212 1408 0.1574
1212 1410 0.1393
1212 1411 0.1846
1212 1412 0.1032
1212 1414 0.1877
1212 1415 0.1145
1212 1416 0.2201
1212 1418 0.1617
1212 1419 0.1228
1212 1420 0.1632
1212 1421 0.2748
1212 1423 0.0989
1212 1424 0.1626
1212 1425 0.0989
1212 1426 0.1194
1212 1427 0.0948
1212 1428 0.1626
1212 1433 0.1311
1212 1434 0.7294
1212 1435 0.3342
1212 1436 0.3441
1212 1437 0.4063
1212 1438 0.1347
1212 1439 0.1036
1212 1440 0.0784
1212 1441 0.1474
1212 1443 0.1632
1212 1446 0.1164
1212 1448 0.1928
1212 1449 0.1877
1212 1452 0.1895
1212 1454 0.2193
1212 1456 0.2151
1212 1458 0.1414
1212 1459 0.1778
1212 1460 0.1097
1212 1461 0.1901
1212 1462 0.1410
1212 1463 0.1487
1212 1464 0.2448
1212 1466 0.1552
1212 1468 0.1745
1212 1470 0.3400
1212 1472 0.1633
1212 1473 0.2515
1212 1474 0.2831
1212 1475 0.1711
1212 1476 0.1430
1212 1477 0.1987
1212 1478 0.1595
1212 1479 0.1701
1212 1480 0.1626
1212 1481 0.2413
1212 1484 0.2353
1212 1485 0.2175
1212 1487 0.1552
1212 1488 0.1474
1212 1491 0.1599
1212 1493 0.1744
1212 1495 0.1557
1212 1496 0.1975
1212 1498 0.3400
1212 1499 0.1928
1212 1500 0.1979
1212 1503 0.1306
1212 1504 0.2172
1212 1505 0.1493
1212 1506 0.2220
1212 1507 0.1750
1212 1508 0.1877
1212 1510 0.1594
1212 1511 0.2193
1212 1512 0.1917
1212 1513 0.1414
1212 1515 0.1474
1212 1516 0.3900
1212 1517 0.1884
1212 1518 0.1635
1212 1519 0.2397
1212 1520 0.6254
1212 1522 0.1474
1212 1523 0.0920
1212 1525 0.2611
1212 1526 0.3496
1212 1527 0.2317
1212 1528 0.1774
1212 1529 0.2378
1212 1530 0.0716
1212 1532 0.1587
1212 1535 0.2193
1212 1536 0.3033
1212 1537 0.0885
1212 1538 0.2013
1212 1541 0.2050
1212 1542 0.0989
1212 1545 0.1877
1212 1546 0.1745
1212 1547 0.0920
1212 1548 0.0861
1212 1550 0.1877
1212 1551 0.2171
1212 1552 0.1877
1212 1553 0.1877
1212 1554 0.0903
1212 1560 0.1748
1212 1565 0.0906
1212 1567 0.1502
1212 1568 0.2060
1212 1569 0.1617
1212 1571 0.1877
1212 1572 0.2978
1212 1573 0.1765
1212 1574 0.2193
1212 1576 0.3400
1212 1577 0.2492
1212 1578 0.4450
1212 1579 0.2121
1212 1580 0.2062
1212 1581 0.1978
1212 1582 0.2223
1212 1583 0.1928
1212 1585 0.2430
1212 1586 0.1632
1212 1587 0.1619
1212 1588 0.3868
1212 1589 0.1837
1212 1590 0.4003
1212 1591 0.1512
1212 1592 0.1778
1212 1593 0.1754
1212 1594 0.2558
1212 1595 0.4910
1212 1596 0.3400
1212 1598 0.2193
1212 1599 0.3466
1212 1600 0.1474
1212 1601 0.2106
1212 1603 0.2667
1212 1605 0.2649
1212 1606 0.2593
1212 1607 0.1617
1212 1608 0.3642
1212 1609 0.1745
1212 1610 0.1474
1212 1612 0.1919
1212 1613 0.4100
1212 1614 0.2268
1212 1615 0.1782
1212 1616 0.2526
1212 1617 0.1856
1212 1618 0.3443
1212 1619 0.1474
1212 1620 0.1627
1212 1621 0.3120
1212 1622 0.8428
1212 1623 0.2611
1212 1624 0.4216
1212 1625 0.1812
1212 1626 0.1837
1212 1628 0.1928
1212 1629 0.2295
1212 1630 0.3400
1212 1631 0.3509
1212 1632 0.1815
1212 1633 0.2193
1212 1634 0.1816
1212 1635 0.1474
1212 1636 0.1474
1212 1637 0.2956
1212 1638 0.3605
1212 1639 0.2106
1212 1640 0.1820
1212 1641 0.4401
1212 1644 0.1794
1212 1645 0.1889
1212 1646 0.1635
1212 1647 0.1991
1212 1648 0.1822
1212 1649 0.1744
1212 1650 0.1877
1212 1651 0.1616
1212 1653 0.2277
1212 1655 0.3187
1212 1659 0.1771
1212 1660 0.1933
1212 1661 0.1494
1212 1662 0.1113
1212 1663 0.3400
1212 1664 0.1145
1212 1666 0.1744
1212 1667 0.1192
1212 1668 0.2495
1212 1672 0.1856
1212 1673 0.1467
1212 1674 0.2395
1212 1676 0.1463
1212 1677 0.2036
1212 1678 0.1822
1212 1679 0.0969
1212 1682 0.1393
1212 1683 0.1560
1212 1684 0.1877
1212 1685 0.1574
1212 1686 0.1626
1212 1687 0.3400
1212 1688 0.3400
1212 1689 0.7160
1212 1690 0.1744
1212 1691 0.1526
1212 1692 0.1599
1212 1693 0.3400
1212 1694 0.2119
1212 1697 0.1261
1212 1698 0.1894
1212 1699 0.1626
1212 1700 0.1260
1212 1701 0.0989
1212 1702 0.2025
1212 1704 0.0989
1212 1705 0.1350
1212 1707 0.1721
1212 1708 0.0878
1212 1709 0.1877
1212 1710 0.1744
1212 1711 0.0989
1212 1712 0.8411
1212 1713 0.1565
1212 1714 0.1029
1212 1715 0.3400
1212 1717 0.7156
1212 1718 0.1877
1212 1720 0.1617
1212 1721 0.1856
1212 1723 0.0975
1212 1725 0.1744
1212 1726 0.1744
1212 1728 0.1830
1213 1214 0.8063
1213 1215 0.1283
1213 1216 0.1801
1213 1219 0.6134
1213 1221 0.4228
1213 1223 0.4046
1213 1224 0.4554
1213 1225 0.9307
1213 1226 0.1753
1213 1227 0.7167
1213 1228 0.1538
1213 1229 0.2131
1213 1230 0.3439
1213 1231 0.5932
1213 1233 0.5383
1213 1235 0.7281
1213 1236 0.1992
1213 1237 0.3165
1213 1238 0.4905
1213 1240 0.2338
1213 1241 0.2902
1213 1242 0.8414
1213 1243 0.6044
1213 1244 0.2146
1213 1245 0.1626
1213 1246 0.4584
1213 1247 0.1680
1213 1249 0.4913
1213 1250 0.1039
1213 1251 0.2425
1213 1252 0.7414
1213 1253 0.2480
1213 1254 0.0805
1213 1255 0.1680
1213 1256 0.3398
1213 1257 0.0976
1213 1258 0.6139
1213 1259 0.1413
1213 1260 0.1970
1213 1262 0.1940
1213 1263 0.1607
1213 1265 0.0655
1213 1267 0.0727
1213 1268 0.3769
1213 1269 0.1489
1213 1270 0.1660
1213 1271 0.1497
1213 1272 0.1422
1213 1274 0.1547
1213 1275 0.1595
1213 1276 0.2089
1213 1278 0.0805
1213 1279 0.1166
1213 1280 0.0957
1213 1281 0.1948
1213 1282 0.0547
1213 1283 0.0503
1213 1284 0.0439
1213 1286 0.1120
1213 1287 0.1709
1213 1288 0.1938
1213 1289 0.0513
1213 1290 0.0403
1213 1291 0.1801
1213 1292 0.7509
1213 1293 0.0420
1213 1295 0.0583
1213 1296 0.0403
1213 1297 0.5074
1213 1298 0.1473
1213 1299 0.0551
1213 1300 0.0395
1213 1301 0.1547
1213 1303 0.1116
1213 1304 0.0600
1213 1305 0.0682
1213 1306 0.0709
1213 1307 0.2542
1213 1311 0.1283
1213 1315 0.1422
1213 1316 0.9547
1213 1319 0.2531
1213 1320 0.1405
1213 1322 0.1837
1213 1323 0.1561
1213 1324 0.1660
1213 1325 0.5176
1213 1326 0.1580
1213 1327 0.1478
1213 1329 0.1178
1213 1330 0.1283
1213 1331 0.4801
1213 1333 0.1660
1213 1334 0.4437
1213 1335 0.1422
1213 1336 0.1539
1213 1338 0.1672
1213 1339 0.4228
1213 1340 0.1375
1213 1341 0.1577
1213 1342 0.8760
1213 1343 0.1642
1213 1344 0.1746
1213 1345 0.1547
1213 1346 0.1450
1213 1347 0.4227
1213 1348 0.2193
1213 1349 0.1637
1213 1350 0.2225
1213 1351 0.3350
1213 1352 0.1704
1213 1353 0.1408
1213 1354 0.1547
1213 1355 0.1283
1213 1356 0.2015
1213 1358 0.5817
1213 1360 0.6910
1213 1361 0.9164
1213 1362 0.1899
1213 1363 0.3008
1213 1367 0.7477
1213 1368 0.5139
1213 1369 0.3022
1213 1370 0.8829
1213 1372 0.6256
1213 1374 0.1672
1213 1375 0.4913
1213 1377 0.1705
1213 1379 0.1450
1213 1380 0.1680
1213 1381 0.6578
1213 1383 0.5163
1213 1384 0.1895
1213 1385 0.1579
1213 1386 0.2339
1213 1387 0.2161
1213 1388 0.1422
1213 1389 0.1486
1213 1393 0.0617
1213 1394 0.3306
1213 1395 0.1930
1213 1396 0.0822
1213 1397 0.0837
1213 1398 0.2008
1213 1399 0.1283
1213 1402 0.1565
1213 1405 0.1339
1213 1407 0.1464
1213 1408 0.1413
1213 1410 0.0976
1213 1411 0.1767
1213 1412 0.1046
1213 1414 0.1422
1213 1415 0.0727
1213 1416 0.1704
1213 1418 0.1555
1213 1419 0.0796
1213 1420 0.1374
1213 1421 0.1800
1213 1423 0.0899
1213 1424 0.1520
1213 1425 0.0899
1213 1426 0.1307
1213 1427 0.0855
1213 1428 0.1635
1213 1433 0.0833
1213 1434 0.6654
1213 1435 0.3863
1213 1436 0.0670
1213 1437 0.2327
1213 1438 0.0765
1213 1439 0.0813
1213 1440 0.0840
1213 1441 0.1777
1213 1443 0.1519
1213 1446 0.0578
1213 1448 0.1450
1213 1449 0.1422
1213 1452 0.2268
1213 1454 0.1680
1213 1456 0.2811
1213 1458 0.0992
1213 1459 0.4329
1213 1460 0.0714
1213 1461 0.1614
1213 1462 0.1682
1213 1463 0.1660
1213 1464 0.1955
1213 1466 0.1694
1213 1468 0.1255
1213 1470 0.1283
1213 1472 0.2726
1213 1473 0.1994
1213 1474 0.1256
1213 1475 0.7703
1213 1476 0.1655
1213 1477 0.2059
1213 1478 0.1798
1213 1479 0.1812
1213 1480 0.1486
1213 1481 0.5863
1213 1484 0.2728
1213 1485 0.3850
1213 1487 0.2030
1213 1488 0.1547
1213 1491 0.1553
1213 1493 0.1450
1213 1495 0.1531
1213 1496 0.0893
1213 1498 0.1283
1213 1499 0.1546
1213 1500 0.1698
1213 1503 0.0814
1213 1504 0.1615
1213 1505 0.2451
1213 1506 0.1979
1213 1507 0.1765
1213 1508 0.1422
1213 1510 0.1303
1213 1511 0.1680
1213 1512 0.2097
1213 1513 0.0992
1213 1515 0.1547
1213 1516 0.8298
1213 1517 0.1438
1213 1518 0.1098
1213 1519 0.1137
1213 1520 0.2059
1213 1522 0.1547
1213 1523 0.2542
1213 1525 0.4483
1213 1526 0.0632
1213 1527 0.2360
1213 1528 0.1444
1213 1529 0.1732
1213 1530 0.1039
1213 1532 0.1222
1213 1535 0.1680
1213 1536 0.0394
1213 1537 0.0403
1213 1538 0.2185
1213 1541 0.1412
1213 1542 0.0580
1213 1545 0.1545
1213 1546 0.1255
1213 1547 0.2542
1213 1548 0.0386
1213 1550 0.1422
1213 1551 0.2302
1213 1552 0.1422
1213 1553 0.1422
1213 1554 0.0526
1213 1560 0.2540
1213 1565 0.0528
1213 1567 0.1741
1213 1568 0.5214
1213 1569 0.1461
1213 1571 0.1422
1213 1572 0.4064
1213 1573 0.4158
1213 1574 0.1680
1213 1576 0.1283
1213 1577 0.1653
1213 1578 0.8122
1213 1579 0.4524
1213 1580 0.6578
1213 1581 0.7899
1213 1582 0.2213
1213 1583 0.1339
1213 1585 0.7257
1213 1586 0.1405
1213 1587 0.2068
1213 1588 0.6517
1213 1589 0.4913
1213 1590 0.5908
1213 1591 0.1366
1213 1592 0.4329
1213 1593 0.5277
1213 1594 0.2502
1213 1595 0.3051
1213 1596 0.1283
1213 1598 0.1680
1213 1599 0.2934
1213 1600 0.1300
1213 1601 0.3008
1213 1603 0.4534
1213 1605 0.4946
1213 1606 0.5231
1213 1607 0.1555
1213 1608 0.4909
1213 1609 0.1255
1213 1610 0.1637
1213 1612 0.6120
1213 1613 0.8572
1213 1614 0.2280
1213 1615 0.2231
1213 1616 0.1574
1213 1617 0.1547
1213 1618 0.2353
1213 1619 0.1820
1213 1620 0.1330
1213 1621 0.3850
1213 1622 0.9309
1213 1623 0.5173
1213 1624 0.2506
1213 1625 0.1420
1213 1626 0.4913
1213 1628 0.4228
1213 1629 0.1794
1213 1630 0.1283
1213 1631 0.5771
1213 1632 0.1742
1213 1633 0.1680
1213 1634 0.4554
1213 1635 0.1300
1213 1636 0.1547
1213 1637 0.4948
1213 1638 0.1872
1213 1639 0.3008
1213 1640 0.1876
1213 1641 0.6176
1213 1644 0.1631
1213 1645 0.2098
1213 1646 0.2851
1213 1647 0.2880
1213 1648 0.1713
1213 1649 0.1450
1213 1650 0.1422
1213 1651 0.1385
1213 1653 0.2818
1213 1655 0.2538
1213 1659 0.1143
1213 1660 0.2487
1213 1661 0.1358
1213 1662 0.1346
1213 1663 0.1283
1213 1664 0.0727
1213 1666 0.1450
1213 1667 0.0958
1213 1668 0.2251
1213 1672 0.4191
1213 1673 0.1696
1213 1674 0.3830
1213 1676 0.0703
1213 1677 0.1336
1213 1678 0.1713
1213 1679 0.0968
1213 1682 0.0976
1213 1683 0.0947
1213 1684 0.1422
1213 1685 0.1413
1213 1686 0.1486
1213 1687 0.1283
1213 1688 0.1283
1213 1689 0.6354
1213 1690 0.1450
1213 1691 0.2077
1213 1692 0.1345
1213 1693 0.1283
1213 1694 0.2342
1213 1697 0.1145
1213 1698 0.1440
1213 1699 0.1039
1213 1700 0.0666
1213 1701 0.0899
1213 1702 0.0737
1213 1704 0.0899
1213 1705 0.1235
1213 1707 0.1979
1213 1708 0.0562
1213 1709 0.1422
1213 1710 0.1450
1213 1711 0.0899
1213 1712 0.9156
1213 1713 0.0973
1213 1714 0.1150
1213 1715 0.1283
1213 1717 0.9283
1213 1718 0.1422
1213 1720 0.1555
1213 1721 0.4191
1213 1723 0.1139
1213 1725 0.1113
1213 1726 0.1450
1213 1728 0.1605
1214 1215 0.1634
1214 1216 0.1924
1214 1219 0.4425
1214 1221 0.3932
1214 1223 0.3261
1214 1224 0.4743
1214 1225 0.9116
1214 1226 0.3121
1214 1227 0.7787
1214 1228 0.1802
1214 1229 0.1410
1214 1230 0.5125
1214 1231 0.7441
1214 1233 0.4049
1214 1235 0.6423
1214 1236 0.2023
1214 1237 0.4720
1214 1238 0.7313
1214 1240 0.4488
1214 1241 0.5607
1214 1242 0.7660
1214 1243 0.2495
1214 1244 0.3087
1214 1245 0.2047
1214 1246 0.5212
1214 1247 0.2235
1214 1249 0.6998
1214 1250 0.1670
1214 1251 0.1776
1214 1252 0.8169
1214 1253 0.2630
1214 1254 0.3648
1214 1255 0.2235
1214 1256 0.5347
1214 1257 0.2458
1214 1258 0.6759
1214 1259 0.1771
1214 1260 0.1947
1214 1262 0.2510
1214 1263 0.1602
1214 1265 0.3634
1214 1267 0.3498
1214 1268 0.4089
1214 1269 0.1840
1214 1270 0.2525
1214 1271 0.4147
1214 1272 0.2151
1214 1274 0.1924
1214 1275 0.6881
1214 1276 0.2063
1214 1278 0.2301
1214 1279 0.2678
1214 1280 0.4151
1214 1281 0.2362
1214 1282 0.2697
1214 1283 0.0893
1214 1284 0.0776
1214 1286 0.5422
1214 1287 0.1314
1214 1288 0.1846
1214 1289 0.0968
1214 1290 0.0823
1214 1291 0.2413
1214 1292 0.4297
1214 1293 0.1388
1214 1295 0.1483
1214 1296 0.0823
1214 1297 0.1253
1214 1298 0.1199
1214 1299 0.0899
1214 1300 0.1020
1214 1301 0.1924
1214 1303 0.1078
1214 1304 0.1247
1214 1305 0.0964
1214 1306 0.1099
1214 1307 0.1063
1214 1311 0.1634
1214 1315 0.1731
1214 1316 0.9229
1214 1319 0.1341
1214 1320 0.2664
1214 1322 0.1597
1214 1323 0.2293
1214 1324 0.1472
1214 1325 0.4080
1214 1326 0.2258
1214 1327 0.3115
1214 1329 0.2293
1214 1330 0.1634
1214 1331 0.4400
1214 1333 0.1472
1214 1334 0.3660
1214 1335 0.1731
1214 1336 0.1763
1214 1338 0.1610
1214 1339 0.3932
1214 1340 0.2533
1214 1341 0.2058
1214 1342 0.7108
1214 1343 0.2160
1214 1344 0.1810
1214 1345 0.1924
1214 1346 0.1621
1214 1347 0.3726
1214 1348 0.5045
1214 1349 0.1924
1214 1350 0.2097
1214 1351 0.4012
1214 1352 0.2037
1214 1353 0.1468
1214 1354 0.1924
1214 1355 0.1634
1214 1356 0.2027
1214 1358 0.4752
1214 1360 0.6119
1214 1361 0.4591
1214 1362 0.1747
1214 1363 0.4295
1214 1367 0.7334
1214 1368 0.6699
1214 1369 0.2319
1214 1370 0.8999
1214 1372 0.6726
1214 1374 0.1610
1214 1375 0.6998
1214 1377 0.2420
1214 1379 0.1621
1214 1380 0.2235
1214 1381 0.5361
1214 1383 0.7313
1214 1384 0.3568
1214 1385 0.2261
1214 1386 0.1514
1214 1387 0.4399
1214 1388 0.2151
1214 1389 0.2884
1214 1393 0.1458
1214 1394 0.2212
1214 1395 0.4422
1214 1396 0.3968
1214 1397 0.4010
1214 1398 0.3442
1214 1399 0.1634
1214 1402 0.2011
1214 1405 0.6628
1214 1407 0.1621
1214 1408 0.1771
1214 1410 0.2458
1214 1411 0.1630
1214 1412 0.4331
1214 1414 0.2052
1214 1415 0.3498
1214 1416 0.3480
1214 1418 0.1567
1214 1419 0.4951
1214 1420 0.1522
1214 1421 0.4237
1214 1423 0.0819
1214 1424 0.1791
1214 1425 0.0819
1214 1426 0.2815
1214 1427 0.0937
1214 1428 0.1633
1214 1433 0.1075
1214 1434 0.6515
1214 1435 0.3581
1214 1436 0.0830
1214 1437 0.3229
1214 1438 0.2558
1214 1439 0.0935
1214 1440 0.1187
1214 1441 0.1924
1214 1443 0.1647
1214 1446 0.2791
1214 1448 0.1621
1214 1449 0.1731
1214 1452 0.1900
1214 1454 0.2235
1214 1456 0.1440
1214 1458 0.1440
1214 1459 0.4019
1214 1460 0.2400
1214 1461 0.1554
1214 1462 0.1478
1214 1463 0.1472
1214 1464 0.3717
1214 1466 0.1803
1214 1468 0.1411
1214 1470 0.1634
1214 1472 0.2415
1214 1473 0.2025
1214 1474 0.2633
1214 1475 0.3972
1214 1476 0.1324
1214 1477 0.4634
1214 1478 0.1628
1214 1479 0.2005
1214 1480 0.1633
1214 1481 0.4208
1214 1484 0.2961
1214 1485 0.1548
1214 1487 0.1695
1214 1488 0.1924
1214 1491 0.2446
1214 1493 0.1621
1214 1495 0.1320
1214 1496 0.3940
1214 1498 0.1634
1214 1499 0.2273
1214 1500 0.2107
1214 1503 0.1313
1214 1504 0.2824
1214 1505 0.1363
1214 1506 0.1911
1214 1507 0.1274
1214 1508 0.1731
1214 1510 0.1351
1214 1511 0.2235
1214 1512 0.1996
1214 1513 0.1440
1214 1515 0.1924
1214 1516 0.6212
1214 1517 0.2765
1214 1518 0.1768
1214 1519 0.2593
1214 1520 0.6934
1214 1522 0.1924
1214 1523 0.1063
1214 1525 0.5070
1214 1526 0.0897
1214 1527 0.3011
1214 1528 0.1754
1214 1529 0.5576
1214 1530 0.1591
1214 1532 0.1637
1214 1535 0.2235
1214 1536 0.1385
1214 1537 0.0823
1214 1538 0.3020
1214 1541 0.1290
1214 1542 0.2664
1214 1545 0.1731
1214 1546 0.1411
1214 1547 0.1063
1214 1548 0.0907
1214 1550 0.1941
1214 1551 0.1917
1214 1552 0.1731
1214 1553 0.1731
1214 1554 0.1872
1214 1560 0.1414
1214 1565 0.1815
1214 1567 0.1896
1214 1568 0.4996
1214 1569 0.1503
1214 1571 0.1731
1214 1572 0.5605
1214 1573 0.2938
1214 1574 0.2235
1214 1576 0.1634
1214 1577 0.2127
1214 1578 0.5458
1214 1579 0.3869
1214 1580 0.5361
1214 1581 0.4849
1214 1582 0.2470
1214 1583 0.3451
1214 1585 0.5863
1214 1586 0.1471
1214 1587 0.1823
1214 1588 0.6813
1214 1589 0.6998
1214 1590 0.7548
1214 1591 0.1547
1214 1592 0.4019
1214 1593 0.7624
1214 1594 0.4157
1214 1595 0.5376
1214 1596 0.1634
1214 1598 0.2235
1214 1599 0.3303
1214 1600 0.2293
1214 1601 0.4295
1214 1603 0.4574
1214 1605 0.7683
1214 1606 0.3096
1214 1607 0.1567
1214 1608 0.5683
1214 1609 0.1411
1214 1610 0.1924
1214 1612 0.4141
1214 1613 0.8266
1214 1614 0.2100
1214 1615 0.1814
1214 1616 0.3509
1214 1617 0.2543
1214 1618 0.5326
1214 1619 0.2528
1214 1620 0.3673
1214 1621 0.4101
1214 1622 0.9603
1214 1623 0.6416
1214 1624 0.5395
1214 1625 0.1738
1214 1626 0.6998
1214 1628 0.3932
1214 1629 0.2310
1214 1630 0.1634
1214 1631 0.6348
1214 1632 0.2012
1214 1633 0.2235
1214 1634 0.4743
1214 1635 0.2224
1214 1636 0.2012
1214 1637 0.7278
1214 1638 0.3097
1214 1639 0.4295
1214 1640 0.1673
1214 1641 0.6279
1214 1644 0.1809
1214 1645 0.2390
1214 1646 0.1432
1214 1647 0.3635
1214 1648 0.1840
1214 1649 0.3973
1214 1650 0.1731
1214 1651 0.1390
1214 1653 0.3315
1214 1655 0.4930
1214 1659 0.2002
1214 1660 0.1309
1214 1661 0.2358
1214 1662 0.3807
1214 1663 0.1634
1214 1664 0.3498
1214 1666 0.1621
1214 1667 0.3583
1214 1668 0.6536
1214 1672 0.3709
1214 1673 0.1221
1214 1674 0.4114
1214 1676 0.3692
1214 1677 0.2511
1214 1678 0.1840
1214 1679 0.4264
1214 1682 0.2458
1214 1683 0.4355
1214 1684 0.1731
1214 1685 0.1771
1214 1686 0.1802
1214 1687 0.1634
1214 1688 0.1634
1214 1689 0.9714
1214 1690 0.1621
1214 1691 0.5569
1214 1692 0.1611
1214 1693 0.1634
1214 1694 0.4640
1214 1697 0.1663
1214 1698 0.2929
1214 1699 0.1827
1214 1700 0.3295
1214 1701 0.0819
1214 1702 0.3363
1214 1704 0.0819
1214 1705 0.1068
1214 1707 0.1562
1214 1708 0.1861
1214 1709 0.1731
1214 1710 0.1621
1214 1711 0.0819
1214 1712 0.8932
1214 1713 0.1571
1214 1714 0.1702
1214 1715 0.1634
1214 1717 0.9661
1214 1718 0.1731
1214 1720 0.1739
1214 1721 0.3709
1214 1723 0.3622
1214 1725 0.1981
1214 1726 0.1621
1214 1728 0.3628
1215 1216 0.1534
1215 1219 0.4137
1215 1221 0.1472
1215 1223 0.2988
1215 1224 0.2430
1215 1225 0.6151
1215 1226 0.2163
1215 1227 0.2233
1215 1228 0.3400
1215 1229 0.4083
1215 1230 0.1722
1215 1231 0.3672
1215 1233 0.1667
1215 1235 0.1289
1215 1236 0.2147
1215 1237 0.2013
1215 1238 0.1770
1215 1240 0.4502
1215 1241 0.4226
1215 1242 0.2128
1215 1243 0.1873
1215 1244 0.1587
1215 1245 0.1472
1215 1246 0.3181
1215 1247 0.0959
1215 1249 0.1231
1215 1250 0.3400
1215 1251 0.1379
1215 1252 0.4124
1215 1253 0.2528
1215 1254 0.1627
1215 1255 0.0959
1215 1256 0.1554
1215 1257 0.1812
1215 1258 0.2663
1215 1259 0.1597
1215 1260 0.2607
1215 1262 0.1570
1215 1263 0.3400
1215 1265 0.2484
1215 1267 0.2925
1215 1268 0.1049
1215 1269 0.2306
1215 1270 0.2584
1215 1271 0.3400
1215 1272 0.1049
1215 1274 0.1534
1215 1275 0.2561
1215 1276 0.2987
1215 1278 0.1410
1215 1279 0.5297
1215 1280 0.2693
1215 1281 0.1395
1215 1282 0.0994
1215 1283 0.3541
1215 1284 0.1323
1215 1286 0.2727
1215 1287 0.1208
1215 1288 0.2791
1215 1289 0.1601
1215 1290 0.0807
1215 1291 0.1534
1215 1292 0.5907
1215 1293 0.1295
1215 1295 0.1722
1215 1296 0.0807
1215 1297 0.4416
1215 1298 0.1806
1215 1299 0.2188
1215 1300 0.1324
1215 1301 0.1534
1215 1303 0.1676
1215 1304 0.1945
1215 1305 0.1750
1215 1306 0.1210
1215 1307 0.0940
1215 1311 0.0618
1215 1315 0.1049
1215 1316 0.6352
1215 1319 0.1679
1215 1320 0.3209
1215 1322 0.2347
1215 1323 0.1534
1215 1324 0.1536
1215 1325 0.2074
1215 1326 0.3400
1215 1327 0.1534
1215 1329 0.1534
1215 1330 0.0618
1215 1331 0.2762
1215 1333 0.1536
1215 1334 0.2356
1215 1335 0.1049
1215 1336 0.3181
1215 1338 0.2395
1215 1339 0.1472
1215 1340 0.1534
1215 1341 0.1472
1215 1342 0.1873
1215 1343 0.3400
1215 1344 0.3413
1215 1345 0.1534
1215 1346 0.1472
1215 1347 0.1214
1215 1348 0.3766
1215 1349 0.1534
1215 1350 0.3575
1215 1351 0.2380
1215 1352 0.1049
1215 1353 0.1536
1215 1354 0.1534
1215 1355 0.0618
1215 1356 0.2361
1215 1358 0.4214
1215 1360 0.1304
1215 1361 0.1624
1215 1362 0.1701
1215 1363 0.1824
1215 1367 0.1536
1215 1368 0.1664
1215 1369 0.3912
1215 1370 0.3985
1215 1372 0.4004
1215 1374 0.2395
1215 1375 0.1231
1215 1377 0.1049
1215 1379 0.1472
1215 1380 0.0959
1215 1381 0.1403
1215 1383 0.1813
1215 1384 0.3400
1215 1385 0.1049
1215 1386 0.1462
1215 1387 0.4706
1215 1388 0.1049
1215 1389 0.3400
1215 1393 0.1234
1215 1394 0.1908
1215 1395 0.1942
1215 1396 0.2196
1215 1397 0.1764
1215 1398 0.1440
1215 1399 0.0618
1215 1402 0.1468
1215 1405 0.2380
1215 1407 0.1472
1215 1408 0.1597
1215 1410 0.1812
1215 1411 0.1749
1215 1412 0.2513
1215 1414 0.1049
1215 1415 0.2925
1215 1416 0.4281
1215 1418 0.3197
1215 1419 0.1886
1215 1420 0.3209
1215 1421 0.2570
1215 1423 0.0881
1215 1424 0.3400
1215 1425 0.0881
1215 1426 0.3530
1215 1427 0.0958
1215 1428 0.3400
1215 1433 0.1423
1215 1434 0.7294
1215 1435 0.5346
1215 1436 0.1560
1215 1437 0.2407
1215 1438 0.1787
1215 1439 0.0912
1215 1440 0.1813
1215 1441 0.1534
1215 1443 0.3209
1215 1446 0.0941
1215 1448 0.1472
1215 1449 0.1049
1215 1452 0.1513
1215 1454 0.0959
1215 1456 0.2348
1215 1458 0.2132
1215 1459 0.3197
1215 1460 0.1156
1215 1461 0.1536
1215 1462 0.3247
1215 1463 0.1536
1215 1464 0.1498
1215 1466 0.2460
1215 1468 0.1375
1215 1470 0.0618
1215 1472 0.3149
1215 1473 0.2836
1215 1474 0.1910
1215 1475 0.1970
1215 1476 0.2138
1215 1477 0.1580
1215 1478 0.1617
1215 1479 0.4179
1215 1480 0.3400
1215 1481 0.2150
1215 1484 0.2859
1215 1485 0.2485
1215 1487 0.2460
1215 1488 0.1534
1215 1491 0.1719
1215 1493 0.1472
1215 1495 0.1580
1215 1496 0.1653
1215 1498 0.0618
1215 1499 0.1472
1215 1500 0.1989
1215 1503 0.2287
1215 1504 0.1451
1215 1505 0.2200
1215 1506 0.3079
1215 1507 0.3713
1215 1508 0.1049
1215 1510 0.1206
1215 1511 0.0959
1215 1512 0.1577
1215 1513 0.2132
1215 1515 0.1534
1215 1516 0.3303
1215 1517 0.3575
1215 1518 0.2877
1215 1519 0.5119
1215 1520 0.5258
1215 1522 0.1534
1215 1523 0.0940
1215 1525 0.2082
1215 1526 0.1573
1215 1527 0.1532
1215 1528 0.1409
1215 1529 0.1902
1215 1530 0.1639
1215 1532 0.3914
1215 1535 0.0959
1215 1536 0.1561
1215 1537 0.0807
1215 1538 0.3267
1215 1541 0.1255
1215 1542 0.2389
1215 1545 0.1049
1215 1546 0.1375
1215 1547 0.0940
1215 1548 0.1367
1215 1550 0.1049
1215 1551 0.3042
1215 1552 0.1049
1215 1553 0.1049
1215 1554 0.1182
1215 1560 0.1710
1215 1565 0.1605
1215 1567 0.1556
1215 1568 0.1402
1215 1569 0.3197
1215 1571 0.1049
1215 1572 0.1577
1215 1573 0.2420
1215 1574 0.0959
1215 1576 0.0618
1215 1577 0.0997
1215 1578 0.2331
1215 1579 0.2513
1215 1580 0.1403
1215 1581 0.3358
1215 1582 0.4272
1215 1583 0.1472
1215 1585 0.3749
1215 1586 0.3209
1215 1587 0.3400
1215 1588 0.1418
1215 1589 0.1231
1215 1590 0.2390
1215 1591 0.2412
1215 1592 0.3197
1215 1593 0.3807
1215 1594 0.2033
1215 1595 0.1963
1215 1596 0.0618
1215 1598 0.0959
1215 1599 0.2992
1215 1600 0.1534
1215 1601 0.1824
1215 1603 0.1554
1215 1605 0.1923
1215 1606 0.2148
1215 1607 0.3197
1215 1608 0.1310
1215 1609 0.1375
1215 1610 0.1534
1215 1612 0.1933
1215 1613 0.3418
1215 1614 0.2772
1215 1615 0.2141
1215 1616 0.1049
1215 1617 0.1534
1215 1618 0.3066
1215 1619 0.1534
1215 1620 0.3391
1215 1621 0.2657
1215 1622 0.7627
1215 1623 0.1438
1215 1624 0.1268
1215 1625 0.3209
1215 1626 0.1231
1215 1628 0.1472
1215 1629 0.2836
1215 1630 0.0618
1215 1631 0.1939
1215 1632 0.3580
1215 1633 0.0959
1215 1634 0.2430
1215 1635 0.1534
1215 1636 0.1534
1215 1637 0.1948
1215 1638 0.1633
1215 1639 0.1824
1215 1640 0.1426
1215 1641 0.1354
1215 1644 0.3609
1215 1645 0.3348
1215 1646 0.2309
1215 1647 0.1509
1215 1648 0.3426
1215 1649 0.1472
1215 1650 0.1049
1215 1651 0.1223
1215 1653 0.2790
1215 1655 0.2060
1215 1659 0.1395
1215 1660 0.2191
1215 1661 0.1448
1215 1662 0.1162
1215 1663 0.0618
1215 1664 0.2925
1215 1666 0.1472
1215 1667 0.2650
1215 1668 0.2205
1215 1672 0.1534
1215 1673 0.1519
1215 1674 0.4280
1215 1676 0.1766
1215 1677 0.1399
1215 1678 0.3426
1215 1679 0.0994
1215 1682 0.1812
1215 1683 0.1566
1215 1684 0.1049
1215 1685 0.1597
1215 1686 0.3400
1215 1687 0.0618
1215 1688 0.0618
1215 1689 0.6803
1215 1690 0.1472
1215 1691 0.4089
1215 1692 0.1210
1215 1693 0.0618
1215 1694 0.2853
1215 1697 0.1922
1215 1698 0.2118
1215 1699 0.3400
1215 1700 0.2227
1215 1701 0.0881
1215 1702 0.2107
1215 1704 0.0881
1215 1705 0.2036
1215 1707 0.1805
1215 1708 0.2267
1215 1709 0.1049
1215 1710 0.1472
1215 1711 0.0881
1215 1712 0.7351
1215 1713 0.1474
1215 1714 0.1628
1215 1715 0.0618
1215 1717 0.8387
1215 1718 0.1049
1215 1720 0.3197
1215 1721 0.1534
1215 1723 0.2252
1215 1725 0.1472
1215 1726 0.1472
1215 1728 0.2351
1216 1219 0.1876
1216 1221 0.1788
1216 1223 0.2071
1216 1224 0.1384
1216 1225 0.4256
1216 1226 0.1834
1216 1227 0.0925
1216 1228 0.1474
1216 1229 0.2541
1216 1230 0.2726
1216 1231 0.1217
1216 1233 0.0962
1216 1235 0.1883
1216 1236 0.2054
1216 1237 0.2018
1216 1238 0.1481
1216 1240 0.2424
1216 1241 0.1707
1216 1242 0.2308
1216 1243 0.1708
1216 1244 0.1566
1216 1245 0.1788
1216 1246 0.2331
1216 1247 0.1268
1216 1249 0.1218
1216 1250 0.1474
1216 1251 0.1663
1216 1252 0.1066
1216 1253 0.1787
1216 1254 0.1234
1216 1255 0.1268
1216 1256 0.2260
1216 1257 0.1312
1216 1258 0.2538
1216 1259 0.2304
1216 1260 0.1146
1216 1262 0.1938
1216 1263 0.1474
1216 1265 0.1242
1216 1267 0.1238
1216 1268 0.1954
1216 1269 0.1682
1216 1270 0.1893
1216 1271 0.1474
1216 1272 0.1954
1216 1274 0.1746
1216 1275 0.1967
1216 1276 0.1776
1216 1278 0.1380
1216 1279 0.2063
1216 1280 0.1046
1216 1281 0.1682
1216 1282 0.1221
1216 1283 0.2030
1216 1284 0.1325
1216 1286 0.1848
1216 1287 0.1681
1216 1288 0.2043
1216 1289 0.1386
1216 1290 0.1017
1216 1291 0.1746
1216 1292 0.5907
1216 1293 0.1545
1216 1295 0.1259
1216 1296 0.1017
1216 1297 0.1655
1216 1298 0.1566
1216 1299 0.0891
1216 1300 0.1016
1216 1301 0.1746
1216 1303 0.2015
1216 1304 0.1495
1216 1305 0.1534
1216 1306 0.1495
1216 1307 0.1338
1216 1311 0.1534
1216 1315 0.1954
1216 1316 0.6352
1216 1319 0.1591
1216 1320 0.2155
1216 1322 0.1771
1216 1323 0.1746
1216 1324 0.2036
1216 1325 0.1955
1216 1326 0.1474
1216 1327 0.1746
1216 1329 0.1746
1216 1330 0.1534
1216 1331 0.2013
1216 1333 0.2036
1216 1334 0.1779
1216 1335 0.1954
1216 1336 0.2121
1216 1338 0.1815
1216 1339 0.1788
1216 1340 0.1746
1216 1341 0.1788
1216 1342 0.6251
1216 1343 0.1856
1216 1344 0.2231
1216 1345 0.1746
1216 1346 0.1788
1216 1347 0.1552
1216 1348 0.2232
1216 1349 0.1746
1216 1350 0.1188
1216 1351 0.1801
1216 1352 0.1962
1216 1353 0.2036
1216 1354 0.1746
1216 1355 0.1534
1216 1356 0.2339
1216 1358 0.1555
1216 1360 0.2593
1216 1361 0.0927
1216 1362 0.1986
1216 1363 0.1331
1216 1367 0.1209
1216 1368 0.2060
1216 1369 0.1970
1216 1370 0.1017
1216 1372 0.2097
1216 1374 0.1815
1216 1375 0.1218
1216 1377 0.1954
1216 1379 0.1788
1216 1380 0.1268
1216 1381 0.2429
1216 1383 0.1527
1216 1384 0.1474
1216 1385 0.1954
1216 1386 0.2060
1216 1387 0.1969
1216 1388 0.1954
1216 1389 0.1474
1216 1393 0.1453
1216 1394 0.2596
1216 1395 0.1845
1216 1396 0.1332
1216 1397 0.1356
1216 1398 0.2100
1216 1399 0.1534
1216 1402 0.1778
1216 1405 0.1246
1216 1407 0.1788
1216 1408 0.2304
1216 1410 0.1312
1216 1411 0.1949
1216 1412 0.0983
1216 1414 0.1954
1216 1415 0.1238
1216 1416 0.1560
1216 1418 0.2143
1216 1419 0.1444
1216 1420 0.2155
1216 1421 0.1703
1216 1423 0.0910
1216 1424 0.1474
1216 1425 0.0910
1216 1426 0.2010
1216 1427 0.0890
1216 1428 0.1474
1216 1433 0.1095
1216 1434 0.7294
1216 1435 0.5346
1216 1436 0.2277
1216 1437 0.2411
1216 1438 0.1508
1216 1439 0.1152
1216 1440 0.1574
1216 1441 0.1746
1216 1443 0.2155
1216 1446 0.1186
1216 1448 0.1788
1216 1449 0.1954
1216 1452 0.1727
1216 1454 0.1268
1216 1456 0.2001
1216 1458 0.1539
1216 1459 0.2143
1216 1460 0.1666
1216 1461 0.2036
1216 1462 0.1635
1216 1463 0.2036
1216 1464 0.2099
1216 1466 0.1403
1216 1468 0.1658
1216 1470 0.1534
1216 1472 0.1918
1216 1473 0.2119
1216 1474 0.1599
1216 1475 0.1445
1216 1476 0.2039
1216 1477 0.1920
1216 1478 0.2335
1216 1479 0.1852
1216 1480 0.1474
1216 1481 0.1824
1216 1484 0.2239
1216 1485 0.2129
1216 1487 0.1403
1216 1488 0.1746
1216 1491 0.1488
1216 1493 0.1788
1216 1495 0.2277
1216 1496 0.1271
1216 1498 0.1534
1216 1499 0.1788
1216 1500 0.2404
1216 1503 0.1474
1216 1504 0.1786
1216 1505 0.2135
1216 1506 0.2003
1216 1507 0.2187
1216 1508 0.1954
1216 1510 0.1540
1216 1511 0.1268
1216 1512 0.2036
1216 1513 0.1539
1216 1515 0.1746
1216 1516 0.2498
1216 1517 0.1744
1216 1518 0.1828
1216 1519 0.2135
1216 1520 0.5258
1216 1522 0.1746
1216 1523 0.1338
1216 1525 0.1964
1216 1526 0.2321
1216 1527 0.1899
1216 1528 0.1740
1216 1529 0.3129
1216 1530 0.1620
1216 1532 0.2032
1216 1535 0.1268
1216 1536 0.1459
1216 1537 0.1017
1216 1538 0.2107
1216 1541 0.1789
1216 1542 0.1120
1216 1545 0.1954
1216 1546 0.1658
1216 1547 0.1338
1216 1548 0.0926
1216 1550 0.1954
1216 1551 0.2301
1216 1552 0.1954
1216 1553 0.1954
1216 1554 0.1404
1216 1560 0.1619
1216 1565 0.1673
1216 1567 0.2013
1216 1568 0.1963
1216 1569 0.2143
1216 1571 0.1954
1216 1572 0.2036
1216 1573 0.1376
1216 1574 0.1268
1216 1576 0.1534
1216 1577 0.2228
1216 1578 0.2459
1216 1579 0.1862
1216 1580 0.2429
1216 1581 0.2263
1216 1582 0.1576
1216 1583 0.1788
1216 1585 0.2462
1216 1586 0.2155
1216 1587 0.1658
1216 1588 0.2058
1216 1589 0.1218
1216 1590 0.2037
1216 1591 0.1371
1216 1592 0.2143
1216 1593 0.0695
1216 1594 0.1371
1216 1595 0.1655
1216 1596 0.1534
1216 1598 0.1268
1216 1599 0.1502
1216 1600 0.1746
1216 1601 0.1331
1216 1603 0.1918
1216 1605 0.1745
1216 1606 0.2027
1216 1607 0.2143
1216 1608 0.1660
1216 1609 0.1658
1216 1610 0.1746
1216 1612 0.2624
1216 1613 0.3345
1216 1614 0.1982
1216 1615 0.2034
1216 1616 0.1954
1216 1617 0.1746
1216 1618 0.2701
1216 1619 0.1746
1216 1620 0.1462
1216 1621 0.2724
1216 1622 0.5445
1216 1623 0.2044
1216 1624 0.1931
1216 1625 0.2155
1216 1626 0.1218
1216 1628 0.1788
1216 1629 0.2119
1216 1630 0.1534
1216 1631 0.1775
1216 1632 0.1744
1216 1633 0.1268
1216 1634 0.1384
1216 1635 0.1746
1216 1636 0.1746
1216 1637 0.1427
1216 1638 0.2359
1216 1639 0.1331
1216 1640 0.1757
1216 1641 0.1852
1216 1644 0.2262
1216 1645 0.2207
1216 1646 0.1742
1216 1647 0.1555
1216 1648 0.2293
1216 1649 0.1788
1216 1650 0.1954
1216 1651 0.1566
1216 1653 0.2948
1216 1655 0.2503
1216 1659 0.1682
1216 1660 0.1889
1216 1661 0.1559
1216 1662 0.1710
1216 1663 0.1534
1216 1664 0.1238
1216 1666 0.1788
1216 1667 0.1028
1216 1668 0.1759
1216 1672 0.1746
1216 1673 0.2007
1216 1674 0.1584
1216 1676 0.1459
1216 1677 0.1687
1216 1678 0.2293
1216 1679 0.1422
1216 1682 0.1312
1216 1683 0.1549
1216 1684 0.1954
1216 1685 0.2304
1216 1686 0.1474
1216 1687 0.1534
1216 1688 0.1534
1216 1689 0.6803
1216 1690 0.1788
1216 1691 0.1598
1216 1692 0.1546
1216 1693 0.1534
1216 1694 0.2164
1216 1697 0.1080
1216 1698 0.2019
1216 1699 0.1474
1216 1700 0.1165
1216 1701 0.0910
1216 1702 0.1523
1216 1704 0.0910
1216 1705 0.1472
1216 1707 0.2512
1216 1708 0.1259
1216 1709 0.1954
1216 1710 0.1788
1216 1711 0.0910
1216 1712 0.7351
1216 1713 0.1795
1216 1714 0.1463
1216 1715 0.1534
1216 1717 0.8387
1216 1718 0.1954
1216 1720 0.2143
1216 1721 0.1746
1216 1723 0.1260
1216 1725 0.1788
1216 1726 0.1788
1216 1728 0.1774
1219 1221 0.2428
1219 1223 0.2984
1219 1224 0.2523
1219 1225 0.8105
1219 1226 0.2021
1219 1227 0.7106
1219 1228 0.2328
1219 1229 0.1717
1219 1230 0.1940
1219 1231 0.6959
1219 1233 0.3922
1219 1235 0.4029
1219 1236 0.3206
1219 1237 0.4645
1219 1238 0.7191
1219 1240 0.1742
1219 1241 0.4288
1219 1242 0.6298
1219 1243 0.3483
1219 1244 0.1936
1219 1245 0.2323
1219 1246 0.3039
1219 1247 0.2473
1219 1249 0.5480
1219 1250 0.2009
1219 1251 0.1752
1219 1252 0.7369
1219 1253 0.1475
1219 1254 0.0783
1219 1255 0.2473
1219 1256 0.1601
1219 1257 0.1058
1219 1258 0.4996
1219 1259 0.1355
1219 1260 0.0947
1219 1262 0.2089
1219 1263 0.1696
1219 1265 0.0662
1219 1267 0.0749
1219 1268 0.3280
1219 1269 0.1662
1219 1270 0.1537
1219 1271 0.1696
1219 1272 0.1973
1219 1274 0.1474
1219 1275 0.1757
1219 1276 0.1594
1219 1278 0.0994
1219 1279 0.1406
1219 1280 0.0858
1219 1281 0.2259
1219 1282 0.1384
1219 1283 0.0768
1219 1284 0.0524
1219 1286 0.1267
1219 1287 0.1193
1219 1288 0.1618
1219 1289 0.0527
1219 1290 0.0589
1219 1291 0.2030
1219 1292 0.6976
1219 1293 0.0818
1219 1295 0.0953
1219 1296 0.0589
1219 1297 0.1344
1219 1298 0.1218
1219 1299 0.0583
1219 1300 0.0631
1219 1301 0.1474
1219 1303 0.1244
1219 1304 0.0654
1219 1305 0.0928
1219 1306 0.1071
1219 1307 0.0730
1219 1311 0.4137
1219 1315 0.1973
1219 1316 0.7996
1219 1319 0.1168
1219 1320 0.1457
1219 1322 0.1245
1219 1323 0.1892
1219 1324 0.1427
1219 1325 0.2543
1219 1326 0.2079
1219 1327 0.2374
1219 1329 0.1856
1219 1330 0.4137
1219 1331 0.2230
1219 1333 0.1427
1219 1334 0.1964
1219 1335 0.1973
1219 1336 0.1327
1219 1338 0.2109
1219 1339 0.2428
1219 1340 0.1876
1219 1341 0.2434
1219 1342 0.6406
1219 1343 0.2092
1219 1344 0.1690
1219 1345 0.1474
1219 1346 0.1859
1219 1347 0.2313
1219 1348 0.2495
1219 1349 0.1474
1219 1350 0.2395
1219 1351 0.1754
1219 1352 0.3099
1219 1353 0.1917
1219 1354 0.1474
1219 1355 0.4137
1219 1356 0.2054
1219 1358 0.3336
1219 1360 0.4880
1219 1361 0.5520
1219 1362 0.1657
1219 1363 0.1546
1219 1367 0.7417
1219 1368 0.3082
1219 1369 0.3564
1219 1370 0.7227
1219 1372 0.7534
1219 1374 0.2109
1219 1375 0.5480
1219 1377 0.1973
1219 1379 0.1859
1219 1380 0.2473
1219 1381 0.4313
1219 1383 0.6340
1219 1384 0.2688
1219 1385 0.2381
1219 1386 0.1506
1219 1387 0.1328
1219 1388 0.1973
1219 1389 0.1572
1219 1393 0.0973
1219 1394 0.1462
1219 1395 0.1732
1219 1396 0.1180
1219 1397 0.1059
1219 1398 0.1508
1219 1399 0.4137
1219 1402 0.1786
1219 1405 0.1153
1219 1407 0.1859
1219 1408 0.1355
1219 1410 0.1058
1219 1411 0.1541
1219 1412 0.0700
1219 1414 0.1973
1219 1415 0.0749
1219 1416 0.2222
1219 1418 0.1619
1219 1419 0.1219
1219 1420 0.1457
1219 1421 0.1897
1219 1423 0.0764
1219 1424 0.1572
1219 1425 0.0764
1219 1426 0.1782
1219 1427 0.1128
1219 1428 0.2045
1219 1433 0.0817
1219 1434 0.7914
1219 1435 0.1701
1219 1436 0.0691
1219 1437 0.3909
1219 1438 0.0855
1219 1439 0.0912
1219 1440 0.0585
1219 1441 0.2335
1219 1443 0.1457
1219 1446 0.0779
1219 1448 0.1859
1219 1449 0.1973
1219 1452 0.1526
1219 1454 0.2473
1219 1456 0.1511
1219 1458 0.1585
1219 1459 0.3130
1219 1460 0.0961
1219 1461 0.1872
1219 1462 0.1209
1219 1463 0.1427
1219 1464 0.2038
1219 1466 0.1848
1219 1468 0.1147
1219 1470 0.4137
1219 1472 0.1548
1219 1473 0.2256
1219 1474 0.1320
1219 1475 0.2880
1219 1476 0.1201
1219 1477 0.1478
1219 1478 0.1598
1219 1479 0.1878
1219 1480 0.1572
1219 1481 0.3046
1219 1484 0.2000
1219 1485 0.1648
1219 1487 0.1306
1219 1488 0.1474
1219 1491 0.1199
1219 1493 0.1859
1219 1495 0.1551
1219 1496 0.1066
1219 1498 0.4137
1219 1499 0.2296
1219 1500 0.1686
1219 1503 0.1466
1219 1504 0.1468
1219 1505 0.1431
1219 1506 0.2184
1219 1507 0.1189
1219 1508 0.1973
1219 1510 0.1345
1219 1511 0.2473
1219 1512 0.2297
1219 1513 0.1585
1219 1515 0.1474
1219 1516 0.5110
1219 1517 0.2190
1219 1518 0.1249
1219 1519 0.1097
1219 1520 0.3773
1219 1522 0.1474
1219 1523 0.0730
1219 1525 0.3440
1219 1526 0.0714
1219 1527 0.1510
1219 1528 0.1490
1219 1529 0.2614
1219 1530 0.1023
1219 1532 0.1468
1219 1535 0.2473
1219 1536 0.0853
1219 1537 0.0589
1219 1538 0.1825
1219 1541 0.1331
1219 1542 0.0957
1219 1545 0.1973
1219 1546 0.1147
1219 1547 0.0730
1219 1548 0.0648
1219 1550 0.1973
1219 1551 0.1783
1219 1552 0.1973
1219 1553 0.1973
1219 1554 0.0975
1219 1560 0.1213
1219 1565 0.1003
1219 1567 0.1464
1219 1568 0.3847
1219 1569 0.2194
1219 1571 0.2423
1219 1572 0.3582
1219 1573 0.2192
1219 1574 0.2473
1219 1576 0.4137
1219 1577 0.2713
1219 1578 0.6657
1219 1579 0.2512
1219 1580 0.4313
1219 1581 0.2784
1219 1582 0.3884
1219 1583 0.2450
1219 1585 0.4961
1219 1586 0.1457
1219 1587 0.2236
1219 1588 0.3601
1219 1589 0.5480
1219 1590 0.3709
1219 1591 0.1251
1219 1592 0.3130
1219 1593 0.5965
1219 1594 0.2933
1219 1595 0.3263
1219 1596 0.4137
1219 1598 0.2473
1219 1599 0.2772
1219 1600 0.1856
1219 1601 0.1546
1219 1603 0.3149
1219 1605 0.6168
1219 1606 0.4317
1219 1607 0.1619
1219 1608 0.4127
1219 1609 0.1147
1219 1610 0.1474
1219 1612 0.3052
1219 1613 0.7446
1219 1614 0.5349
1219 1615 0.2604
1219 1616 0.3022
1219 1617 0.1474
1219 1618 0.2844
1219 1619 0.1474
1219 1620 0.1431
1219 1621 0.6607
1219 1622 0.9051
1219 1623 0.2501
1219 1624 0.4093
1219 1625 0.1457
1219 1626 0.5480
1219 1628 0.2428
1219 1629 0.2268
1219 1630 0.4137
1219 1631 0.3457
1219 1632 0.1640
1219 1633 0.2473
1219 1634 0.2523
1219 1635 0.1856
1219 1636 0.1474
1219 1637 0.6935
1219 1638 0.1935
1219 1639 0.1546
1219 1640 0.1644
1219 1641 0.3380
1219 1644 0.2121
1219 1645 0.4114
1219 1646 0.1502
1219 1647 0.1065
1219 1648 0.1752
1219 1649 0.1859
1219 1650 0.1973
1219 1651 0.1382
1219 1653 0.2789
1219 1655 0.2284
1219 1659 0.1750
1219 1660 0.1472
1219 1661 0.1036
1219 1662 0.1029
1219 1663 0.4137
1219 1664 0.0749
1219 1666 0.1859
1219 1667 0.0723
1219 1668 0.2362
1219 1672 0.2639
1219 1673 0.1257
1219 1674 0.1640
1219 1676 0.0787
1219 1677 0.1198
1219 1678 0.1752
1219 1679 0.0666
1219 1682 0.1058
1219 1683 0.1008
1219 1684 0.1973
1219 1685 0.1355
1219 1686 0.2134
1219 1687 0.4137
1219 1688 0.4137
1219 1689 0.6532
1219 1690 0.2437
1219 1691 0.1412
1219 1692 0.1347
1219 1693 0.4137
1219 1694 0.1877
1219 1697 0.1130
1219 1698 0.1171
1219 1699 0.2009
1219 1700 0.0858
1219 1701 0.0764
1219 1702 0.1340
1219 1704 0.0764
1219 1705 0.1077
1219 1707 0.1739
1219 1708 0.0761
1219 1709 0.1973
1219 1710 0.1859
1219 1711 0.0764
1219 1712 0.9485
1219 1713 0.1218
1219 1714 0.1276
1219 1715 0.4137
1219 1717 0.8462
1219 1718 0.1973
1219 1720 0.1619
1219 1721 0.2639
1219 1723 0.2008
1219 1725 0.2276
1219 1726 0.1859
1219 1728 0.1596
1221 1223 0.2230
1221 1224 0.2041
1221 1225 0.5678
1221 1226 0.2360
1221 1227 0.5189
1221 1228 0.1744
1221 1229 0.1803
1221 1230 0.2573
1221 1231 0.4945
1221 1233 0.2371
1221 1235 0.2900
1221 1236 0.1869
1221 1237 0.2070
1221 1238 0.4554
1221 1240 0.4423
1221 1241 0.2599
1221 1242 0.5672
1221 1243 0.2326
1221 1244 0.1535
1221 1245 0.1469
1221 1246 0.2919
1221 1247 0.2450
1221 1249 0.3901
1221 1250 0.1928
1221 1251 0.1780
1221 1252 0.4701
1221 1253 0.1653
1221 1254 0.1111
1221 1255 0.2450
1221 1256 0.1804
1221 1257 0.1512
1221 1258 0.3801
1221 1259 0.1912
1221 1260 0.1503
1221 1262 0.2324
1221 1263 0.1734
1221 1265 0.1035
1221 1267 0.1296
1221 1268 0.2660
1221 1269 0.2124
1221 1270 0.1828
1221 1271 0.1734
1221 1272 0.1978
1221 1274 0.1788
1221 1275 0.4348
1221 1276 0.1963
1221 1278 0.1476
1221 1279 0.1373
1221 1280 0.1297
1221 1281 0.2278
1221 1282 0.1495
1221 1283 0.2238
1221 1284 0.1478
1221 1286 0.2351
1221 1287 0.1582
1221 1288 0.1898
1221 1289 0.1837
1221 1290 0.0863
1221 1291 0.1788
1221 1292 0.4776
1221 1293 0.1445
1221 1295 0.1151
1221 1296 0.0863
1221 1297 0.2084
1221 1298 0.1424
1221 1299 0.1057
1221 1300 0.0890
1221 1301 0.1788
1221 1303 0.1888
1221 1304 0.1208
1221 1305 0.1682
1221 1306 0.1254
1221 1307 0.1064
1221 1311 0.1472
1221 1315 0.1978
1221 1316 0.6564
1221 1319 0.2021
1221 1320 0.1697
1221 1322 0.1648
1221 1323 0.1868
1221 1324 0.1664
1221 1325 0.2750
1221 1326 0.1744
1221 1327 0.1868
1221 1329 0.1868
1221 1330 0.1472
1221 1331 0.2723
1221 1333 0.1664
1221 1334 0.2375
1221 1335 0.1978
1221 1336 0.1674
1221 1338 0.1689
1221 1339 0.1184
1221 1340 0.1788
1221 1341 0.1469
1221 1342 0.6299
1221 1343 0.1928
1221 1344 0.1804
1221 1345 0.1788
1221 1346 0.1469
1221 1347 0.2033
1221 1348 0.2482
1221 1349 0.1788
1221 1350 0.2284
1221 1351 0.2039
1221 1352 0.2050
1221 1353 0.1664
1221 1354 0.1788
1221 1355 0.1472
1221 1356 0.2066
1221 1358 0.2227
1221 1360 0.3402
1221 1361 0.3672
1221 1362 0.1910
1221 1363 0.1517
1221 1367 0.2478
1221 1368 0.3012
1221 1369 0.2645
1221 1370 0.3813
1221 1372 0.5943
1221 1374 0.1689
1221 1375 0.3901
1221 1377 0.1978
1221 1379 0.1469
1221 1380 0.2450
1221 1381 0.3617
1221 1383 0.3980
1221 1384 0.1948
1221 1385 0.1978
1221 1386 0.1889
1221 1387 0.1782
1221 1388 0.1978
1221 1389 0.1744
1221 1393 0.1084
1221 1394 0.2164
1221 1395 0.2370
1221 1396 0.1504
1221 1397 0.1228
1221 1398 0.1685
1221 1399 0.1472
1221 1402 0.1460
1221 1405 0.1502
1221 1407 0.1469
1221 1408 0.1912
1221 1410 0.1512
1221 1411 0.1840
1221 1412 0.1217
1221 1414 0.1978
1221 1415 0.1296
1221 1416 0.2533
1221 1418 0.1689
1221 1419 0.1327
1221 1420 0.1697
1221 1421 0.1811
1221 1423 0.0844
1221 1424 0.1744
1221 1425 0.0844
1221 1426 0.1615
1221 1427 0.1069
1221 1428 0.1744
1221 1433 0.0940
1221 1434 0.6179
1221 1435 0.4125
1221 1436 0.2625
1221 1437 0.2131
1221 1438 0.1214
1221 1439 0.0977
1221 1440 0.2127
1221 1441 0.1788
1221 1443 0.1697
1221 1446 0.1263
1221 1448 0.1469
1221 1449 0.1978
1221 1452 0.1815
1221 1454 0.2450
1221 1456 0.1658
1221 1458 0.2342
1221 1459 0.2944
1221 1460 0.1283
1221 1461 0.1664
1221 1462 0.1452
1221 1463 0.1664
1221 1464 0.2072
1221 1466 0.1579
1221 1468 0.1853
1221 1470 0.1472
1221 1472 0.1957
1221 1473 0.1916
1221 1474 0.1451
1221 1475 0.2989
1221 1476 0.1639
1221 1477 0.2141
1221 1478 0.1939
1221 1479 0.1390
1221 1480 0.1744
1221 1481 0.3236
1221 1484 0.2069
1221 1485 0.1730
1221 1487 0.1579
1221 1488 0.1788
1221 1491 0.1352
1221 1493 0.1469
1221 1495 0.1890
1221 1496 0.1175
1221 1498 0.1472
1221 1499 0.1469
1221 1500 0.3395
1221 1503 0.1531
1221 1504 0.1968
1221 1505 0.1710
1221 1506 0.1810
1221 1507 0.1829
1221 1508 0.1978
1221 1510 0.1406
1221 1511 0.2450
1221 1512 0.1854
1221 1513 0.2342
1221 1515 0.1788
1221 1516 0.4372
1221 1517 0.2111
1221 1518 0.1784
1221 1519 0.1824
1221 1520 0.5258
1221 1522 0.1788
1221 1523 0.1064
1221 1525 0.3412
1221 1526 0.2668
1221 1527 0.2117
1221 1528 0.1677
1221 1529 0.3929
1221 1530 0.1357
1221 1532 0.1941
1221 1535 0.2450
1221 1536 0.1663
1221 1537 0.0863
1221 1538 0.2109
1221 1541 0.1638
1221 1542 0.0958
1221 1545 0.1978
1221 1546 0.1853
1221 1547 0.1064
1221 1548 0.0936
1221 1550 0.1978
1221 1551 0.2088
1221 1552 0.1978
1221 1553 0.1978
1221 1554 0.1330
1221 1560 0.2059
1221 1565 0.1410
1221 1567 0.1641
1221 1568 0.3384
1221 1569 0.1689
1221 1571 0.1978
1221 1572 0.2725
1221 1573 0.1702
1221 1574 0.2450
1221 1576 0.1472
1221 1577 0.2328
1221 1578 0.5239
1221 1579 0.2987
1221 1580 0.3617
1221 1581 0.2812
1221 1582 0.2904
1221 1583 0.1596
1221 1585 0.3253
1221 1586 0.1697
1221 1587 0.1956
1221 1588 0.4622
1221 1589 0.3901
1221 1590 0.2965
1221 1591 0.1543
1221 1592 0.2944
1221 1593 0.3511
1221 1594 0.1515
1221 1595 0.2402
1221 1596 0.1472
1221 1598 0.2450
1221 1599 0.1380
1221 1600 0.1868
1221 1601 0.1517
1221 1603 0.2182
1221 1605 0.3823
1221 1606 0.2513
1221 1607 0.1689
1221 1608 0.1719
1221 1609 0.1853
1221 1610 0.1788
1221 1612 0.3484
1221 1613 0.7006
1221 1614 0.2117
1221 1615 0.1863
1221 1616 0.2050
1221 1617 0.1788
1221 1618 0.2346
1221 1619 0.1788
1221 1620 0.1717
1221 1621 0.3872
1221 1622 0.7985
1221 1623 0.2792
1221 1624 0.1787
1221 1625 0.1697
1221 1626 0.3901
1221 1628 0.2267
1221 1629 0.2060
1221 1630 0.1472
1221 1631 0.2556
1221 1632 0.2123
1221 1633 0.2450
1221 1634 0.2041
1221 1635 0.2391
1221 1636 0.1788
1221 1637 0.4287
1221 1638 0.2610
1221 1639 0.1517
1221 1640 0.1688
1221 1641 0.4076
1221 1644 0.1990
1221 1645 0.2148
1221 1646 0.1689
1221 1647 0.1683
1221 1648 0.1814
1221 1649 0.1469
1221 1650 0.1978
1221 1651 0.1430
1221 1653 0.2369
1221 1655 0.2499
1221 1659 0.2169
1221 1660 0.1587
1221 1661 0.1685
1221 1662 0.1135
1221 1663 0.1472
1221 1664 0.1296
1221 1666 0.1469
1221 1667 0.1273
1221 1668 0.2361
1221 1672 0.2386
1221 1673 0.1784
1221 1674 0.1992
1221 1676 0.1309
1221 1677 0.1887
1221 1678 0.1814
1221 1679 0.1124
1221 1682 0.1512
1221 1683 0.1797
1221 1684 0.1978
1221 1685 0.1912
1221 1686 0.1744
1221 1687 0.1472
1221 1688 0.1472
1221 1689 0.6032
1221 1690 0.1469
1221 1691 0.1890
1221 1692 0.1412
1221 1693 0.1472
1221 1694 0.1924
1221 1697 0.1128
1221 1698 0.1623
1221 1699 0.1928
1221 1700 0.1017
1221 1701 0.0844
1221 1702 0.2245
1221 1704 0.0844
1221 1705 0.1448
1221 1707 0.2098
1221 1708 0.1025
1221 1709 0.1978
1221 1710 0.1469
1221 1711 0.0844
1221 1712 0.8717
1221 1713 0.1635
1221 1714 0.0942
1221 1715 0.1472
1221 1717 0.7465
1221 1718 0.1978
1221 1720 0.1689
1221 1721 0.2386
1221 1723 0.0978
1221 1725 0.1596
1221 1726 0.1469
1221 1728 0.1651
1223 1224 0.3353
1223 1225 0.8366
1223 1226 0.1281
1223 1227 0.4593
1223 1228 0.2096
1223 1229 0.1113
1223 1230 0.4131
1223 1231 0.3409
1223 1233 0.5128
1223 1235 0.2899
1223 1236 0.2766
1223 1237 0.3636
1223 1238 0.3981
1223 1240 0.5154
1223 1241 0.4207
1223 1242 0.6555
1223 1243 0.2900
1223 1244 0.3662
1223 1245 0.2114
1223 1246 0.1902
1223 1247 0.2527
1223 1249 0.4758
1223 1250 0.1490
1223 1251 0.5068
1223 1252 0.5426
1223 1253 0.1424
1223 1254 0.0847
1223 1255 0.2527
1223 1256 0.1346
1223 1257 0.1260
1223 1258 0.5407
1223 1259 0.1079
1223 1260 0.0954
1223 1262 0.2933
1223 1263 0.1445
1223 1265 0.0858
1223 1267 0.0899
1223 1268 0.2186
1223 1269 0.3847
1223 1270 0.1317
1223 1271 0.1445
1223 1272 0.1554
1223 1274 0.1655
1223 1275 0.1625
1223 1276 0.1501
1223 1278 0.0899
1223 1279 0.1185
1223 1280 0.1448
1223 1281 0.2960
1223 1282 0.1104
1223 1283 0.0738
1223 1284 0.0464
1223 1286 0.1431
1223 1287 0.1247
1223 1288 0.1573
1223 1289 0.0504
1223 1290 0.0594
1223 1291 0.2071
1223 1292 0.7255
1223 1293 0.0689
1223 1295 0.0962
1223 1296 0.0594
1223 1297 0.1397
1223 1298 0.0655
1223 1299 0.0612
1223 1300 0.0643
1223 1301 0.1655
1223 1303 0.1078
1223 1304 0.0669
1223 1305 0.0616
1223 1306 0.1070
1223 1307 0.0841
1223 1311 0.2988
1223 1315 0.1554
1223 1316 0.8029
1223 1319 0.1194
1223 1320 0.1412
1223 1322 0.1221
1223 1323 0.2355
1223 1324 0.1414
1223 1325 0.3122
1223 1326 0.2160
1223 1327 0.2033
1223 1329 0.1655
1223 1330 0.2988
1223 1331 0.1994
1223 1333 0.1414
1223 1334 0.3336
1223 1335 0.1952
1223 1336 0.1275
1223 1338 0.1644
1223 1339 0.2230
1223 1340 0.2438
1223 1341 0.2114
1223 1342 0.5722
1223 1343 0.2354
1223 1344 0.1707
1223 1345 0.1655
1223 1346 0.1501
1223 1347 0.1990
1223 1348 0.3421
1223 1349 0.2033
1223 1350 0.2697
1223 1351 0.2699
1223 1352 0.1952
1223 1353 0.1414
1223 1354 0.1655
1223 1355 0.2988
1223 1356 0.2330
1223 1358 0.3362
1223 1360 0.3021
1223 1361 0.3289
1223 1362 0.1760
1223 1363 0.2957
1223 1367 0.6425
1223 1368 0.3028
1223 1369 0.3581
1223 1370 0.4898
1223 1372 0.3491
1223 1374 0.1644
1223 1375 0.4758
1223 1377 0.2214
1223 1379 0.1501
1223 1380 0.2527
1223 1381 0.3709
1223 1383 0.4864
1223 1384 0.2089
1223 1385 0.2091
1223 1386 0.1510
1223 1387 0.1442
1223 1388 0.1554
1223 1389 0.1490
1223 1393 0.1024
1223 1394 0.1388
1223 1395 0.1390
1223 1396 0.1391
1223 1397 0.1009
1223 1398 0.1305
1223 1399 0.2988
1223 1402 0.1456
1223 1405 0.1286
1223 1407 0.1501
1223 1408 0.1079
1223 1410 0.1260
1223 1411 0.1581
1223 1412 0.1075
1223 1414 0.1554
1223 1415 0.0899
1223 1416 0.2574
1223 1418 0.1300
1223 1419 0.1156
1223 1420 0.1991
1223 1421 0.1112
1223 1423 0.0808
1223 1424 0.2108
1223 1425 0.0808
1223 1426 0.1315
1223 1427 0.0936
1223 1428 0.1490
1223 1433 0.0910
1223 1434 0.5172
1223 1435 0.1277
1223 1436 0.0684
1223 1437 0.4601
1223 1438 0.1049
1223 1439 0.0883
1223 1440 0.1661
1223 1441 0.1655
1223 1443 0.1412
1223 1446 0.1275
1223 1448 0.1501
1223 1449 0.1554
1223 1452 0.1566
1223 1454 0.2527
1223 1456 0.1350
1223 1458 0.1289
1223 1459 0.3024
1223 1460 0.1189
1223 1461 0.2159
1223 1462 0.1054
1223 1463 0.1414
1223 1464 0.2303
1223 1466 0.1871
1223 1468 0.1303
1223 1470 0.2988
1223 1472 0.1538
1223 1473 0.2195
1223 1474 0.1110
1223 1475 0.1694
1223 1476 0.1398
1223 1477 0.1522
1223 1478 0.1073
1223 1479 0.1284
1223 1480 0.1490
1223 1481 0.1848
1223 1484 0.2052
1223 1485 0.1500
1223 1487 0.1469
1223 1488 0.1655
1223 1491 0.0909
1223 1493 0.1501
1223 1495 0.1125
1223 1496 0.0920
1223 1498 0.2988
1223 1499 0.2470
1223 1500 0.1464
1223 1503 0.1341
1223 1504 0.1961
1223 1505 0.1884
1223 1506 0.2576
1223 1507 0.1111
1223 1508 0.1554
1223 1510 0.1260
1223 1511 0.2527
1223 1512 0.3067
1223 1513 0.1289
1223 1515 0.1655
1223 1516 0.2333
1223 1517 0.1873
1223 1518 0.1219
1223 1519 0.1420
1223 1520 0.3773
1223 1522 0.1655
1223 1523 0.0841
1223 1525 0.3574
1223 1526 0.0690
1223 1527 0.1662
1223 1528 0.1573
1223 1529 0.3476
1223 1530 0.0991
1223 1532 0.1209
1223 1535 0.2527
1223 1536 0.0757
1223 1537 0.0594
1223 1538 0.2161
1223 1541 0.1213
1223 1542 0.1207
1223 1545 0.1554
1223 1546 0.1303
1223 1547 0.0841
1223 1548 0.0581
1223 1550 0.1554
1223 1551 0.1892
1223 1552 0.1554
1223 1553 0.1554
1223 1554 0.1161
1223 1560 0.1215
1223 1565 0.1056
1223 1567 0.1665
1223 1568 0.3056
1223 1569 0.1998
1223 1571 0.2194
1223 1572 0.2458
1223 1573 0.2897
1223 1574 0.2527
1223 1576 0.2988
1223 1577 0.2263
1223 1578 0.5743
1223 1579 0.4176
1223 1580 0.3709
1223 1581 0.3706
1223 1582 0.4033
1223 1583 0.2502
1223 1585 0.4442
1223 1586 0.1412
1223 1587 0.3274
1223 1588 0.3158
1223 1589 0.4758
1223 1590 0.4358
1223 1591 0.1701
1223 1592 0.3024
1223 1593 0.4328
1223 1594 0.3633
1223 1595 0.3653
1223 1596 0.2988
1223 1598 0.2527
1223 1599 0.4336
1223 1600 0.2071
1223 1601 0.2957
1223 1603 0.2184
1223 1605 0.4797
1223 1606 0.2646
1223 1607 0.1300
1223 1608 0.6272
1223 1609 0.1303
1223 1610 0.2033
1223 1612 0.3207
1223 1613 0.6663
1223 1614 0.2349
1223 1615 0.3243
1223 1616 0.2996
1223 1617 0.1655
1223 1618 0.5993
1223 1619 0.1655
1223 1620 0.1897
1223 1621 0.5363
1223 1622 0.8819
1223 1623 0.4314
1223 1624 0.4629
1223 1625 0.2355
1223 1626 0.4758
1223 1628 0.2230
1223 1629 0.2571
1223 1630 0.2988
1223 1631 0.2610
1223 1632 0.1793
1223 1633 0.2527
1223 1634 0.3353
1223 1635 0.2071
1223 1636 0.1655
1223 1637 0.6148
1223 1638 0.3294
1223 1639 0.2957
1223 1640 0.2233
1223 1641 0.3867
1223 1644 0.1648
1223 1645 0.2440
1223 1646 0.1288
1223 1647 0.1040
1223 1648 0.1761
1223 1649 0.1501
1223 1650 0.1554
1223 1651 0.1375
1223 1653 0.2936
1223 1655 0.3774
1223 1659 0.1355
1223 1660 0.1318
1223 1661 0.1064
1223 1662 0.1152
1223 1663 0.2988
1223 1664 0.0899
1223 1666 0.1501
1223 1667 0.1321
1223 1668 0.1811
1223 1672 0.2338
1223 1673 0.1365
1223 1674 0.1593
1223 1676 0.0898
1223 1677 0.1363
1223 1678 0.1761
1223 1679 0.0995
1223 1682 0.1260
1223 1683 0.0911
1223 1684 0.1554
1223 1685 0.1079
1223 1686 0.1490
1223 1687 0.2988
1223 1688 0.2988
1223 1689 0.6643
1223 1690 0.1501
1223 1691 0.2500
1223 1692 0.1272
1223 1693 0.2988
1223 1694 0.1852
1223 1697 0.1000
1223 1698 0.1369
1223 1699 0.1490
1223 1700 0.0883
1223 1701 0.0808
1223 1702 0.0983
1223 1704 0.0808
1223 1705 0.1143
1223 1707 0.1226
1223 1708 0.0997
1223 1709 0.1554
1223 1710 0.1501
1223 1711 0.0808
1223 1712 0.7936
1223 1713 0.1312
1223 1714 0.1824
1223 1715 0.2988
1223 1717 0.7831
1223 1718 0.1554
1223 1720 0.1300
1223 1721 0.2338
1223 1723 0.1150
1223 1725 0.1501
1223 1726 0.1501
1223 1728 0.1228
1224 1225 0.7913
1224 1226 0.1761
1224 1227 0.6508
1224 1228 0.1827
1224 1229 0.1851
1224 1230 0.2408
1224 1231 0.6031
1224 1233 0.4369
1224 1235 0.3413
1224 1236 0.2374
1224 1237 0.1997
1224 1238 0.5727
1224 1240 0.2353
1224 1241 0.2215
1224 1242 0.6091
1224 1243 0.3364
1224 1244 0.2386
1224 1245 0.1918
1224 1246 0.2324
1224 1247 0.1814
1224 1249 0.4159
1224 1250 0.1566
1224 1251 0.2898
1224 1252 0.6648
1224 1253 0.1968
1224 1254 0.0986
1224 1255 0.1814
1224 1256 0.2641
1224 1257 0.1152
1224 1258 0.5389
1224 1259 0.1786
1224 1260 0.1654
1224 1262 0.2013
1224 1263 0.1503
1224 1265 0.1043
1224 1267 0.1120
1224 1268 0.2505
1224 1269 0.3005
1224 1270 0.2155
1224 1271 0.1503
1224 1272 0.1591
1224 1274 0.1384
1224 1275 0.3749
1224 1276 0.1916
1224 1278 0.0941
1224 1279 0.2664
1224 1280 0.1038
1224 1281 0.2381
1224 1282 0.1900
1224 1283 0.3896
1224 1284 0.0866
1224 1286 0.1827
1224 1287 0.1218
1224 1288 0.1979
1224 1289 0.2114
1224 1290 0.1336
1224 1291 0.1384
1224 1292 0.4770
1224 1293 0.0707
1224 1295 0.1166
1224 1296 0.1336
1224 1297 0.1485
1224 1298 0.1376
1224 1299 0.1065
1224 1300 0.1278
1224 1301 0.1384
1224 1303 0.2864
1224 1304 0.0954
1224 1305 0.1947
1224 1306 0.1245
1224 1307 0.1074
1224 1311 0.2430
1224 1315 0.1591
1224 1316 0.7984
1224 1319 0.1417
1224 1320 0.1678
1224 1322 0.1609
1224 1323 0.2036
1224 1324 0.1548
1224 1325 0.3748
1224 1326 0.1528
1224 1327 0.1594
1224 1329 0.1594
1224 1330 0.2430
1224 1331 0.3569
1224 1333 0.1548
1224 1334 0.3796
1224 1335 0.1591
1224 1336 0.1634
1224 1338 0.2069
1224 1339 0.2041
1224 1340 0.1908
1224 1341 0.1558
1224 1342 0.6944
1224 1343 0.1832
1224 1344 0.1738
1224 1345 0.1384
1224 1346 0.1558
1224 1347 0.2604
1224 1348 0.2148
1224 1349 0.1384
1224 1350 0.1624
1224 1351 0.3101
1224 1352 0.1710
1224 1353 0.1548
1224 1354 0.1384
1224 1355 0.2430
1224 1356 0.2129
1224 1358 0.3077
1224 1360 0.3572
1224 1361 0.6392
1224 1362 0.1991
1224 1363 0.1810
1224 1367 0.4647
1224 1368 0.3306
1224 1369 0.2740
1224 1370 0.6207
1224 1372 0.7324
1224 1374 0.2069
