517 1655 0.3288
517 1659 0.1913
517 1660 0.2354
517 1661 0.1614
517 1662 0.1469
517 1663 0.2519
517 1664 0.1453
517 1666 0.2443
517 1667 0.1349
517 1668 0.3549
517 1672 0.2852
517 1673 0.2107
517 1674 0.2429
517 1676 0.2891
517 1677 0.1932
517 1678 0.2975
517 1679 0.1305
517 1682 0.1942
517 1683 0.1946
517 1684 0.3187
517 1685 0.1916
517 1686 0.3227
517 1687 0.2519
517 1688 0.2519
517 1689 0.6106
517 1690 0.3227
517 1691 0.1861
517 1692 0.1882
517 1693 0.2519
517 1694 0.2721
517 1697 0.2322
517 1698 0.2028
517 1699 0.3227
517 1700 0.1095
517 1701 0.1197
517 1702 0.1759
517 1704 0.1197
517 1705 0.1733
517 1707 0.2076
517 1708 0.3199
517 1709 0.2975
517 1710 0.2443
517 1711 0.1197
517 1712 0.7482
517 1713 0.2007
517 1714 0.1125
517 1715 0.2519
517 1717 0.7678
517 1718 0.3187
517 1720 0.2564
517 1721 0.2852
517 1723 0.1116
517 1725 0.2443
517 1726 0.2443
517 1728 0.2059
518 519 0.1281
518 520 0.1868
518 521 0.1487
518 522 0.1671
518 523 0.2233
518 526 0.1872
518 527 0.2641
518 528 0.1062
518 530 0.0950
518 531 0.1778
518 533 0.1653
518 534 0.4225
518 535 0.1148
518 536 0.1215
518 538 0.1241
518 539 0.1614
518 540 0.1445
518 541 0.1458
518 542 0.1500
518 543 0.1864
518 544 0.3858
518 545 0.1640
518 546 0.2228
518 547 0.2084
518 548 0.3618
518 550 0.1327
518 551 0.1861
518 552 0.1671
518 553 0.3325
518 554 0.1597
518 555 0.5225
518 556 0.1720
518 557 0.3894
518 558 0.3327
518 559 0.1167
518 560 0.4308
518 561 0.2648
518 562 0.0930
518 563 0.2111
518 564 0.1075
518 565 0.2097
518 566 0.1487
518 567 0.1487
518 568 0.5735
518 569 0.1326
518 570 0.1209
518 571 0.3805
518 572 0.2255
518 573 0.2512
518 574 0.1539
518 575 0.1861
518 576 0.2953
518 577 0.2550
518 578 0.1228
518 579 0.2510
518 580 0.1975
518 581 0.1911
518 582 0.1668
518 583 0.4186
518 584 0.1379
518 585 0.5135
518 586 0.1403
518 587 0.4394
518 589 0.1252
518 590 0.6091
518 591 0.1773
518 592 0.1672
518 593 0.1638
518 594 0.1497
518 595 0.1428
518 598 0.1319
518 599 0.1189
518 600 0.1867
518 601 0.1108
518 602 0.1225
518 604 0.1158
518 605 0.2166
518 606 0.1493
518 607 0.1595
518 608 0.1634
518 609 0.2221
518 610 0.3205
518 611 0.2084
518 612 0.1393
518 613 0.1555
518 614 0.5252
518 617 0.1571
518 618 0.6250
518 619 0.2074
518 620 0.1236
518 621 0.1285
518 622 0.3700
518 623 0.1634
518 624 0.1522
518 625 0.6511
518 626 0.1142
518 627 0.1961
518 628 0.1658
518 629 0.2207
518 631 0.1289
518 632 0.1092
518 633 0.1209
518 634 0.5113
518 635 0.2503
518 636 0.1201
518 637 0.5779
518 638 0.2802
518 639 0.4576
518 641 0.1196
518 643 0.5268
518 644 0.1663
518 645 0.1734
518 646 0.3832
518 648 0.1082
518 650 0.2351
518 651 0.4482
518 652 0.1479
518 653 0.4553
518 654 0.1794
518 655 0.2052
518 657 0.1158
518 658 0.1683
518 659 0.1840
518 661 0.1640
518 662 0.1619
518 663 0.1426
518 664 0.5183
518 665 0.1390
518 667 0.2268
518 668 0.2138
518 669 0.1861
518 671 0.5309
518 672 0.2122
518 673 0.1189
518 674 0.1535
518 676 0.4988
518 677 0.1836
518 678 0.0865
518 679 0.4341
518 680 0.0972
518 681 0.1287
518 682 0.1168
518 683 0.2074
518 684 0.3282
518 685 0.4135
518 686 0.1751
518 687 0.1699
518 688 0.1367
518 689 0.4809
518 690 0.1837
518 691 0.2887
518 692 0.1487
518 693 0.1379
518 694 0.1257
518 695 0.4048
518 696 0.1292
518 697 0.2092
518 698 0.1412
518 699 0.2747
518 700 0.3401
518 701 0.1601
518 702 0.1218
518 703 0.1264
518 705 0.2431
518 706 0.3052
518 707 0.1443
518 708 0.1911
518 710 0.1289
518 711 0.4352
518 712 0.1404
518 713 0.2084
518 714 0.2411
518 715 0.2251
518 716 0.1861
518 717 0.1549
518 718 0.2417
518 720 0.1327
518 721 0.1975
518 722 0.4954
518 724 0.2887
518 725 0.1671
518 726 0.1695
518 727 0.1868
518 728 0.2163
518 729 0.2340
518 731 0.1854
518 732 0.1578
518 733 0.1421
518 734 0.1246
518 735 0.1061
518 736 0.5899
518 737 0.6725
518 738 0.1640
518 740 0.1735
518 741 0.2343
518 742 0.0815
518 743 0.1835
518 744 0.4175
518 745 0.1377
518 746 0.1911
518 747 0.1551
518 748 0.3849
518 750 0.4328
518 751 0.2084
518 752 0.6683
518 753 0.1411
518 755 0.2171
518 756 0.1911
518 757 0.1874
518 758 0.2149
518 759 0.1530
518 760 0.3025
518 761 0.2268
518 762 0.2097
518 763 0.2615
518 764 0.1911
518 766 0.1211
518 767 0.1861
518 768 0.5479
518 770 0.2084
518 771 0.1548
518 772 0.2431
518 773 0.1763
518 775 0.1509
518 776 0.5341
518 777 0.2389
518 778 0.4454
518 779 0.1954
518 780 0.1216
518 781 0.2097
518 782 0.1162
518 783 0.4461
518 785 0.1007
518 786 0.1477
518 787 0.4215
518 789 0.1296
518 793 0.2826
518 794 0.3687
518 795 0.1837
518 796 0.1577
518 797 0.1871
518 798 0.2166
518 799 0.2038
518 800 0.1975
518 801 0.1741
518 802 0.1312
518 803 0.4294
518 804 0.5249
518 805 0.1572
518 806 0.1911
518 807 0.1837
518 808 0.4016
518 810 0.1195
518 811 0.6264
518 812 0.1614
518 813 0.2502
518 814 0.1805
518 815 0.1837
518 816 0.2036
518 817 0.4130
518 818 0.1487
518 819 0.2084
518 821 0.4413
518 822 0.2084
518 823 0.1536
518 824 0.1911
518 825 0.4050
518 827 0.2632
518 828 0.2277
518 829 0.3262
518 830 0.2650
518 831 0.2916
518 832 0.1757
518 834 0.4385
518 836 0.1904
518 837 0.1487
518 838 0.2750
518 839 0.1829
518 840 0.1487
518 841 0.1851
518 842 0.1812
518 843 0.3166
518 844 0.3306
518 845 0.1530
518 846 0.1277
518 847 0.1487
518 848 0.4133
518 849 0.4296
518 850 0.1379
518 851 0.5126
518 852 0.1487
518 853 0.2097
518 854 0.2170
518 855 0.3212
518 856 0.1612
518 858 0.2792
518 860 0.1446
518 861 0.1911
518 862 0.1328
518 864 0.1049
518 865 0.2132
518 866 0.3151
518 867 0.0999
518 868 0.1773
518 869 0.1263
518 870 0.1166
518 871 0.1812
518 872 0.7409
518 873 0.2084
518 875 0.1911
518 876 0.2084
518 877 0.2084
518 878 0.2143
518 880 0.2279
518 882 0.1487
518 883 0.1146
518 884 0.2365
518 885 0.1850
518 886 0.2166
518 887 0.5036
518 888 0.1927
518 889 0.1269
518 890 0.2130
518 891 0.2672
518 892 0.1487
518 893 0.2750
518 894 0.2229
518 895 0.1643
518 896 0.2152
518 898 0.1349
518 900 0.0980
518 901 0.4441
518 903 0.1646
518 905 0.1210
518 906 0.1654
518 908 0.3101
518 909 0.4042
518 910 0.3521
518 911 0.3379
518 912 0.1144
518 913 0.1748
518 914 0.1067
518 915 0.5527
518 917 0.3447
518 919 0.1209
518 920 0.4776
518 921 0.0889
518 922 0.2451
518 924 0.3886
518 928 0.2502
518 929 0.4119
518 930 0.1661
518 932 0.1861
518 933 0.2268
518 934 0.2084
518 935 0.1321
518 936 0.2132
518 937 0.1714
518 938 0.2518
518 940 0.2297
518 941 0.1640
518 942 0.1128
518 943 0.2621
518 944 0.1666
518 946 0.3270
518 947 0.0967
518 948 0.2084
518 949 0.1675
518 952 0.1162
518 953 0.0935
518 954 0.2084
518 955 0.1436
518 956 0.1127
518 957 0.1030
518 958 0.1840
518 959 0.1783
518 960 0.2826
518 961 0.1286
518 963 0.1911
518 965 0.1954
518 966 0.1562
518 967 0.3307
518 968 0.3971
518 969 0.2276
518 971 0.2112
518 972 0.0762
518 973 0.2252
518 974 0.7502
518 975 0.3966
518 976 0.1400
518 978 0.2713
518 979 0.5205
518 980 0.1426
518 982 0.1861
518 983 0.1158
518 984 0.2431
518 985 0.1067
518 987 0.1723
518 989 0.1475
518 990 0.5624
518 991 0.1911
518 993 0.6409
518 994 0.4322
518 995 0.1501
518 996 0.1861
518 999 0.1848
518 1000 0.1628
518 1001 0.1487
518 1002 0.4078
518 1003 0.1173
518 1004 0.4962
518 1005 0.1581
518 1006 0.1325
518 1007 0.2244
518 1008 0.1659
518 1010 0.1840
518 1013 0.2161
518 1014 0.3065
518 1015 0.0745
518 1016 0.4341
518 1017 0.1264
518 1019 0.1861
518 1020 0.1593
518 1022 0.1998
518 1023 0.1660
518 1024 0.1070
518 1025 0.1861
518 1026 0.1594
518 1027 0.8213
518 1028 0.2411
518 1029 0.1159
518 1030 0.2569
518 1032 0.2084
518 1033 0.2103
518 1034 0.1158
518 1036 0.0972
518 1037 0.3045
518 1039 0.5259
518 1041 0.1681
518 1042 0.1530
518 1043 0.1861
518 1044 0.1679
518 1045 0.2084
518 1046 0.1861
518 1047 0.1077
518 1048 0.2097
518 1049 0.1056
518 1050 0.2137
518 1053 0.1068
518 1054 0.3490
518 1055 0.1865
518 1056 0.1487
518 1057 0.0788
518 1058 0.1398
518 1060 0.1446
518 1061 0.1070
518 1062 0.1379
518 1063 0.1244
518 1064 0.2231
518 1065 0.1342
518 1066 0.1352
518 1067 0.2970
518 1068 0.2863
518 1070 0.0963
518 1072 0.1841
518 1075 0.1434
518 1077 0.2032
518 1078 0.1975
518 1079 0.1956
518 1080 0.1614
518 1081 0.1221
518 1083 0.2622
518 1084 0.1633
518 1085 0.2431
518 1089 0.1350
518 1093 0.1911
518 1094 0.4895
518 1095 0.2998
518 1099 0.6348
518 1102 0.2084
518 1103 0.3377
518 1104 0.3564
518 1105 0.4685
518 1106 0.5257
518 1107 0.2984
518 1109 0.2166
518 1110 0.1634
518 1114 0.2084
518 1115 0.1487
518 1116 0.2559
518 1118 0.1699
518 1120 0.1911
518 1123 0.2013
518 1124 0.2123
518 1125 0.4521
518 1127 0.1974
518 1128 0.6511
518 1129 0.3926
518 1130 0.1226
518 1131 0.2058
518 1133 0.2916
518 1134 0.1861
518 1135 0.4543
518 1136 0.1497
518 1138 0.1628
518 1139 0.1861
518 1141 0.1077
518 1142 0.1337
518 1143 0.2045
518 1144 0.1911
518 1145 0.1861
518 1146 0.1886
518 1147 0.4523
518 1148 0.2562
518 1149 0.2097
518 1150 0.2998
518 1151 0.1697
518 1152 0.3101
518 1153 0.1487
518 1154 0.6409
518 1156 0.2166
518 1157 0.1861
518 1158 0.2595
518 1159 0.1675
518 1160 0.1760
518 1161 0.1833
518 1162 0.1482
518 1163 0.1672
518 1166 0.1660
518 1167 0.3281
518 1169 0.1873
518 1170 0.1202
518 1172 0.1861
518 1174 0.1602
518 1176 0.1666
518 1177 0.1798
518 1178 0.2162
518 1180 0.1454
518 1181 0.1759
518 1182 0.1487
518 1183 0.2494
518 1185 0.1838
518 1186 0.2034
518 1187 0.1956
518 1188 0.1861
518 1189 0.1861
518 1191 0.3853
518 1192 0.2074
518 1193 0.1204
518 1194 0.1325
518 1195 0.1148
518 1196 0.1521
518 1197 0.2220
518 1198 0.3327
518 1199 0.7610
518 1200 0.1742
518 1201 0.2791
518 1202 0.3681
518 1203 0.1614
518 1204 0.2069
518 1205 0.1763
518 1206 0.2959
518 1208 0.2087
518 1209 0.1602
518 1210 0.1553
518 1211 0.3848
518 1212 0.2431
518 1213 0.2458
518 1214 0.1458
518 1215 0.1487
518 1216 0.2084
518 1219 0.1816
518 1221 0.2353
518 1223 0.1074
518 1224 0.1841
518 1225 0.6062
518 1226 0.2560
518 1227 0.4432
518 1228 0.2431
518 1229 0.1752
518 1230 0.2238
518 1231 0.4704
518 1233 0.1193
518 1235 0.1751
518 1236 0.2506
518 1237 0.1548
518 1238 0.6714
518 1240 0.2794
518 1241 0.1674
518 1242 0.2388
518 1243 0.1491
518 1244 0.1202
518 1245 0.1911
518 1246 0.2058
518 1247 0.2097
518 1249 0.1837
518 1250 0.2463
518 1251 0.1674
518 1252 0.4270
518 1253 0.3575
518 1254 0.0937
518 1255 0.2097
518 1256 0.4329
518 1257 0.1838
518 1258 0.3759
518 1259 0.1954
518 1260 0.3935
518 1262 0.1849
518 1263 0.2583
518 1265 0.0793
518 1267 0.1070
518 1268 0.1861
518 1269 0.1803
518 1270 0.1868
518 1271 0.2228
518 1272 0.1861
518 1274 0.2084
518 1275 0.4223
518 1276 0.1999
518 1278 0.1868
518 1279 0.1152
518 1280 0.1126
518 1281 0.1675
518 1282 0.1772
518 1283 0.4521
518 1284 0.1152
518 1286 0.1618
518 1287 0.1629
518 1288 0.2164
518 1289 0.3634
518 1290 0.1158
518 1291 0.2084
518 1292 0.5939
518 1293 0.2415
518 1295 0.1211
518 1296 0.1158
518 1297 0.1648
518 1298 0.1493
518 1299 0.1417
518 1300 0.1145
518 1301 0.2084
518 1303 0.3357
518 1304 0.1193
518 1305 0.3249
518 1306 0.1406
518 1307 0.1047
518 1311 0.1487
518 1315 0.1861
518 1316 0.7160
518 1319 0.1415
518 1320 0.2530
518 1322 0.1586
518 1323 0.2084
518 1324 0.3205
518 1325 0.1529
518 1326 0.2431
518 1327 0.2084
518 1329 0.2084
518 1330 0.1487
518 1331 0.1747
518 1333 0.3205
518 1334 0.1581
518 1335 0.1861
518 1336 0.2058
518 1338 0.1640
518 1339 0.1911
518 1340 0.2084
518 1341 0.1911
518 1342 0.2083
518 1343 0.2431
518 1344 0.2477
518 1345 0.2391
518 1346 0.1911
518 1347 0.1521
518 1348 0.1555
518 1349 0.2084
518 1350 0.2750
518 1351 0.1628
518 1352 0.1861
518 1353 0.1634
518 1354 0.2084
518 1355 0.1487
518 1356 0.2792
518 1358 0.1950
518 1360 0.1572
518 1361 0.1131
518 1362 0.2243
518 1363 0.1287
518 1367 0.1751
518 1368 0.2829
518 1369 0.1756
518 1370 0.1381
518 1372 0.5163
518 1374 0.1640
518 1375 0.1837
518 1377 0.1861
518 1379 0.1911
518 1380 0.2097
518 1381 0.1545
518 1383 0.2501
518 1384 0.2228
518 1385 0.1861
518 1386 0.3367
518 1387 0.2844
518 1388 0.1861
518 1389 0.2431
518 1393 0.1851
518 1394 0.2479
518 1395 0.1522
518 1396 0.1647
518 1397 0.1399
518 1398 0.2412
518 1399 0.1487
518 1402 0.2046
518 1405 0.1238
518 1407 0.1911
518 1408 0.1954
518 1410 0.1838
518 1411 0.2302
518 1412 0.1117
518 1414 0.1861
518 1415 0.1070
518 1416 0.1691
518 1418 0.1975
518 1419 0.1507
518 1420 0.2166
518 1421 0.2600
518 1423 0.1077
518 1424 0.2431
518 1425 0.1077
518 1426 0.1477
518 1427 0.1146
518 1428 0.2431
518 1433 0.1193
518 1434 0.4402
518 1435 0.5463
518 1436 0.4341
518 1437 0.1751
518 1438 0.0946
518 1439 0.1338
518 1440 0.4161
518 1441 0.2084
518 1443 0.2166
518 1446 0.0982
518 1448 0.1911
518 1449 0.1861
518 1452 0.2367
518 1454 0.2097
518 1456 0.1899
518 1458 0.1393
518 1459 0.2200
518 1460 0.1298
518 1461 0.1634
518 1462 0.1497
518 1463 0.4133
518 1464 0.1535
518 1466 0.1845
518 1468 0.1668
518 1470 0.1868
518 1472 0.2426
518 1473 0.2369
518 1474 0.1467
518 1475 0.2127
518 1476 0.2161
518 1477 0.2804
518 1478 0.1397
518 1479 0.1469
518 1480 0.3488
518 1481 0.1594
518 1484 0.3079
518 1485 0.1746
518 1487 0.1845
518 1488 0.2084
518 1491 0.1451
518 1493 0.1911
518 1495 0.1476
518 1496 0.1019
518 1498 0.1487
518 1499 0.1911
518 1500 0.1766
518 1503 0.1230
518 1504 0.1474
518 1505 0.1620
518 1506 0.1829
518 1507 0.1529
518 1508 0.1861
518 1510 0.1490
518 1511 0.2097
518 1512 0.2094
518 1513 0.1393
518 1515 0.2084
518 1516 0.2149
518 1517 0.2750
518 1518 0.2015
518 1519 0.4799
518 1520 0.3653
518 1522 0.2084
518 1523 0.1047
518 1525 0.1534
518 1526 0.4632
518 1527 0.1901
518 1528 0.2090
518 1529 0.2397
518 1530 0.1142
518 1532 0.2037
518 1535 0.2097
518 1536 0.1997
518 1537 0.1158
518 1538 0.2397
518 1541 0.2887
518 1542 0.1113
518 1545 0.1861
518 1546 0.1668
518 1547 0.1047
518 1548 0.1198
518 1550 0.1861
518 1551 0.2017
518 1552 0.1861
518 1553 0.1861
518 1554 0.1180
518 1560 0.1444
518 1565 0.1154
518 1567 0.2036
518 1568 0.1594
518 1569 0.1975
518 1571 0.1861
518 1572 0.2094
518 1573 0.1833
518 1574 0.2097
518 1576 0.1487
518 1577 0.2103
518 1578 0.1770
518 1579 0.1671
518 1580 0.1545
518 1581 0.1501
518 1582 0.1608
518 1583 0.1911
518 1585 0.1759
518 1586 0.2530
518 1587 0.2228
518 1588 0.1608
518 1589 0.1837
518 1590 0.1755
518 1591 0.1869
518 1592 0.2200
518 1593 0.3807
518 1594 0.1228
518 1595 0.1469
518 1596 0.1487
518 1598 0.2097
518 1599 0.1155
518 1600 0.2084
518 1601 0.1287
518 1603 0.2140
518 1605 0.2196
518 1606 0.1600
518 1607 0.1975
518 1608 0.1999
518 1609 0.1668
518 1610 0.2084
518 1612 0.1847
518 1613 0.2023
518 1614 0.1775
518 1615 0.2220
518 1616 0.1861
518 1617 0.2084
518 1618 0.2327
518 1619 0.2084
518 1620 0.2297
518 1621 0.2887
518 1622 0.8169
518 1623 0.1714
518 1624 0.1389
518 1625 0.2166
518 1626 0.1837
518 1628 0.1911
518 1629 0.1760
518 1630 0.1487
518 1631 0.1559
518 1632 0.2681
518 1633 0.2097
518 1634 0.1841
518 1635 0.2084
518 1636 0.2084
518 1637 0.3054
518 1638 0.1411
518 1639 0.1287
518 1640 0.4173
518 1641 0.1599
518 1644 0.5298
518 1645 0.2417
518 1646 0.5007
518 1647 0.4167
518 1648 0.3640
518 1649 0.1911
518 1650 0.1861
518 1651 0.4405
518 1653 0.3885
518 1655 0.2880
518 1659 0.3321
518 1660 0.4579
518 1661 0.2304
518 1662 0.3060
518 1663 0.1487
518 1664 0.1070
518 1666 0.1911
518 1667 0.1282
518 1668 0.3820
518 1672 0.2084
518 1673 0.1602
518 1674 0.1573
518 1676 0.1136
518 1677 0.1677
518 1678 0.2503
518 1679 0.1030
518 1682 0.1838
518 1683 0.1563
518 1684 0.1861
518 1685 0.1954
518 1686 0.2431
518 1687 0.1487
518 1688 0.1487
518 1689 0.7555
518 1690 0.2431
518 1691 0.1557
518 1692 0.1902
518 1693 0.1487
518 1694 0.2021
518 1697 0.3062
518 1698 0.2053
518 1699 0.2431
518 1700 0.1156
518 1701 0.1077
518 1702 0.1379
518 1704 0.1077
518 1705 0.1325
518 1707 0.1520
518 1708 0.0910
518 1709 0.2503
518 1710 0.1911
518 1711 0.1077
518 1712 0.8486
518 1713 0.1532
518 1714 0.1965
518 1715 0.1487
518 1717 0.6440
518 1718 0.1861
518 1720 0.1975
518 1721 0.2084
518 1723 0.1024
518 1725 0.1911
518 1726 0.1911
518 1728 0.1578
519 520 0.2232
519 521 0.1643
519 522 0.1507
519 523 0.4818
519 526 0.0842
519 527 0.0815
519 528 0.0948
519 530 0.0541
519 531 0.1550
519 533 0.1698
519 534 0.1241
519 535 0.0650
519 536 0.6531
519 538 0.1092
519 539 0.1425
519 540 0.1027
519 541 0.0821
519 542 0.1526
519 543 0.1777
519 544 0.0617
519 545 0.1349
519 546 0.1735
519 547 0.1554
519 548 0.0676
519 550 0.4526
519 551 0.1547
519 552 0.1507
519 553 0.6795
519 554 0.4393
519 555 0.1110
519 556 0.2596
519 557 0.3365
519 558 0.3329
519 559 0.6426
519 560 0.8458
519 561 0.1730
519 562 0.4449
519 563 0.2315
519 564 0.4914
519 565 0.1478
519 566 0.1643
519 567 0.1643
519 568 0.9875
519 569 0.4628
519 570 0.0635
519 571 0.4101
519 572 0.1167
519 573 0.1877
519 574 0.1298
519 575 0.1777
519 576 0.2240
519 577 0.0665
519 578 0.6830
519 579 0.3074
519 580 0.1436
519 581 0.1974
519 582 0.3364
519 583 0.7109
519 584 0.1228
519 585 0.2848
519 586 0.0831
519 587 0.2059
519 589 0.5450
519 590 0.5038
519 591 0.1338
519 592 0.1710
519 593 0.1331
519 594 0.1466
519 595 0.1216
519 598 0.2922
519 599 0.5515
519 600 0.1490
519 601 0.1115
519 602 0.0844
519 604 0.4874
519 605 0.1369
519 606 0.7000
519 607 0.1430
519 608 0.1435
519 609 0.0972
519 610 0.1525
519 611 0.1554
519 612 0.1600
519 613 0.7171
519 614 0.1330
519 617 0.3454
519 618 0.4516
519 619 0.2152
519 620 0.2574
519 621 0.1385
519 622 0.1241
519 623 0.1525
519 624 0.1031
519 625 0.1720
519 626 0.4910
519 627 0.0693
519 628 0.5092
519 629 0.1640
519 631 0.1161
519 632 0.1231
519 633 0.0934
519 634 0.0771
519 635 0.2349
519 636 0.3031
519 637 0.1164
519 638 0.1037
519 639 0.9622
519 641 0.0961
519 643 0.1909
519 644 0.1495
519 645 0.1040
519 646 0.1152
519 648 0.6030
519 650 0.0857
519 651 0.4549
519 652 0.1103
519 653 0.0621
519 654 0.1178
519 655 0.1836
519 657 0.4874
519 658 0.1449
519 659 0.2982
519 661 0.1349
519 662 0.3229
519 663 0.1147
519 664 0.2608
519 665 0.2592
519 667 0.2835
519 668 0.1828
519 669 0.1777
519 671 0.2377
519 672 0.2794
519 673 0.5515
519 674 0.1367
519 676 0.1410
519 677 0.5248
519 678 0.0952
519 679 0.3925
519 680 0.3575
519 681 0.0800
519 682 0.4127
519 683 0.1281
519 684 0.1492
519 685 0.7023
519 686 0.3412
519 687 0.1078
519 688 0.1367
519 689 0.2361
519 690 0.0766
519 691 0.1302
519 692 0.1643
519 693 0.1043
519 694 0.3917
519 695 0.1448
519 696 0.0910
519 697 0.0626
519 698 0.2074
519 699 0.1161
519 700 0.1413
519 701 0.2810
519 702 0.0854
519 703 0.1000
519 705 0.1674
519 706 0.7601
519 707 0.8735
519 708 0.1974
519 710 0.3972
519 711 0.1012
519 712 0.3863
519 713 0.1608
519 714 0.1322
519 715 0.1781
519 716 0.1777
519 717 0.3753
519 718 0.1709
519 720 0.4526
519 721 0.1436
519 722 0.7035
519 724 0.1302
519 725 0.1507
519 726 0.1639
519 727 0.1380
519 728 0.1377
519 729 0.1746
519 731 0.1791
519 732 0.1486
519 733 0.1592
519 734 0.0857
519 735 0.5330
519 736 0.2006
519 737 0.7290
519 738 0.1567
519 740 0.1111
519 741 0.2285
519 742 0.1132
519 743 0.1612
519 744 0.1770
519 745 0.1196
519 746 0.1974
519 747 0.3331
519 748 0.7469
519 750 0.1732
519 751 0.1554
519 752 0.3226
519 753 0.1224
519 755 0.1856
519 756 0.1974
519 757 0.2402
519 758 0.1644
519 759 0.1504
519 760 0.2733
519 761 0.2644
519 762 0.1478
519 763 0.3213
519 764 0.1974
519 766 0.2988
519 767 0.1777
519 768 0.1641
519 770 0.1608
519 771 0.5118
519 772 0.1674
519 773 0.2026
519 775 0.1113
519 776 0.1398
519 777 0.4497
519 778 0.0473
519 779 0.1175
519 780 0.1622
519 781 0.1478
519 782 0.1664
519 783 0.1812
519 785 0.0836
519 786 0.1134
519 787 0.0724
519 789 0.1066
519 793 0.1846
519 794 0.0783
519 795 0.0766
519 796 0.1398
519 797 0.2229
519 798 0.3238
519 799 0.1837
519 800 0.1436
519 801 0.3167
519 802 0.2953
519 803 0.8151
519 804 0.6799
519 805 0.1383
519 806 0.1974
519 807 0.0766
519 808 0.1959
519 810 0.7188
519 811 0.7493
519 812 0.1425
519 813 0.4394
519 814 0.1307
519 815 0.0766
519 816 0.1295
519 817 0.7260
519 818 0.1643
519 819 0.2047
519 821 0.1863
519 822 0.1608
519 823 0.1682
519 824 0.1974
519 825 0.3856
519 827 0.1589
519 828 0.2209
519 829 0.1768
519 830 0.1550
519 831 0.1710
519 832 0.1430
519 834 0.0453
519 836 0.1906
519 837 0.1643
519 838 0.1963
519 839 0.1806
519 840 0.1643
519 841 0.0914
519 842 0.2826
519 843 0.1639
519 844 0.1243
519 845 0.1490
519 846 0.1093
519 847 0.1643
519 848 0.1525
519 849 0.4430
519 850 0.1043
519 851 0.5457
519 852 0.1643
519 853 0.1478
519 854 0.1554
519 855 0.1812
519 856 0.1935
519 858 0.1929
519 860 0.1769
519 861 0.2039
519 862 0.6573
519 864 0.0995
519 865 0.1319
519 866 0.1674
519 867 0.0633
519 868 0.1352
519 869 0.5934
519 870 0.0917
519 871 0.3915
519 872 0.8308
519 873 0.1554
519 875 0.1974
519 876 0.1554
519 877 0.1554
519 878 0.2431
519 880 0.6304
519 882 0.1643
519 883 0.0952
519 884 0.1436
519 885 0.1572
519 886 0.1624
519 887 0.2670
519 888 0.1589
519 889 0.0821
519 890 0.1974
519 891 0.3277
519 892 0.1643
519 893 0.1963
519 894 0.1725
519 895 0.1383
519 896 0.1769
519 898 0.6927
519 900 0.3750
519 901 0.1939
519 903 0.5647
519 905 0.0719
519 906 0.1475
519 908 0.2086
519 909 0.4054
519 910 0.1004
519 911 0.2379
519 912 0.5074
519 913 0.1374
519 914 0.0827
519 915 0.6365
519 917 0.2644
519 919 0.0802
519 920 0.1806
519 921 0.0848
519 922 0.1924
519 924 0.1759
519 928 0.3489
519 929 0.1919
519 930 0.0882
519 932 0.1723
519 933 0.2644
519 934 0.1554
519 935 0.1232
519 936 0.1319
519 937 0.1479
519 938 0.1326
519 940 0.1786
519 941 0.1349
519 942 0.0941
519 943 0.1963
519 944 0.1329
519 946 0.1046
519 947 0.0867
519 948 0.1554
519 949 0.2581
519 952 0.1190
519 953 0.1380
519 954 0.1554
519 955 0.2815
519 956 0.0785
519 957 0.0651
519 958 0.1451
519 959 0.1404
519 960 0.2186
519 961 0.1277
519 963 0.1974
519 965 0.1175
519 966 0.1673
519 967 0.2896
519 968 0.1102
519 969 0.1647
519 971 0.1712
519 972 0.0859
519 973 0.0811
519 974 0.3747
519 975 0.1503
519 976 0.6923
519 978 0.1705
519 979 0.5277
519 980 0.1174
519 982 0.1777
519 983 0.4874
519 984 0.1674
519 985 0.0827
519 987 0.0719
519 989 0.1165
519 990 0.1690
519 991 0.1974
519 993 0.6682
519 994 0.1556
519 995 0.1272
519 996 0.1777
519 999 0.2117
519 1000 0.1599
519 1001 0.1643
519 1002 0.8309
519 1003 0.2386
519 1004 0.8370
519 1005 0.1286
519 1006 0.0912
519 1007 0.8385
519 1008 0.1740
519 1010 0.1738
519 1013 0.1500
519 1014 0.1541
519 1015 0.0748
519 1016 0.3925
519 1017 0.0856
519 1019 0.1777
519 1020 0.1311
519 1022 0.1849
519 1023 0.2278
519 1024 0.0828
519 1025 0.1777
519 1026 0.0535
519 1027 0.1182
519 1028 0.1428
519 1029 0.1085
519 1030 0.1879
519 1032 0.2427
519 1033 0.2021
519 1034 0.4874
519 1036 0.3360
519 1037 0.3118
519 1039 0.1738
519 1041 0.1457
519 1042 0.1490
519 1043 0.1777
519 1044 0.1504
519 1045 0.1554
519 1046 0.1276
519 1047 0.1202
519 1048 0.1478
519 1049 0.1113
519 1050 0.1974
519 1053 0.6361
519 1054 0.2101
519 1055 0.1874
519 1056 0.1643
519 1057 0.0606
519 1058 0.4366
519 1060 0.2905
519 1061 0.0828
519 1062 0.1043
519 1063 0.2540
519 1064 0.2213
519 1065 0.1222
519 1066 0.1441
519 1067 0.3763
519 1068 0.2323
519 1070 0.1085
519 1072 0.1651
519 1075 0.0960
519 1077 0.1782
519 1078 0.1485
519 1079 0.1575
519 1080 0.1503
519 1081 0.3011
519 1083 0.2386
519 1084 0.1376
519 1085 0.1728
519 1089 0.1107
519 1093 0.1974
519 1094 0.2973
519 1095 0.2896
519 1099 0.8609
519 1102 0.1608
519 1103 0.2192
519 1104 0.1603
519 1105 0.3903
519 1106 0.0707
519 1107 0.1795
519 1109 0.1624
519 1110 0.1818
519 1114 0.1554
519 1115 0.1643
519 1116 0.1350
519 1118 0.1500
519 1120 0.2087
519 1123 0.1686
519 1124 0.1420
519 1125 0.3888
519 1127 0.1429
519 1128 0.6940
519 1129 0.0760
519 1130 0.4272
519 1131 0.1717
519 1133 0.2325
519 1134 0.1777
519 1135 0.5937
519 1136 0.1466
519 1138 0.1359
519 1139 0.1777
519 1141 0.1202
519 1142 0.4092
519 1143 0.4832
519 1144 0.1974
519 1145 0.1777
519 1146 0.1518
519 1147 0.3988
519 1148 0.1621
519 1149 0.1478
519 1150 0.3509
519 1151 0.1437
519 1152 0.3293
519 1153 0.1643
519 1154 0.5267
519 1156 0.1624
519 1157 0.1529
519 1158 0.1902
519 1159 0.1197
519 1160 0.3511
519 1161 0.1358
519 1162 0.1132
519 1163 0.4300
519 1166 0.1168
519 1167 0.1505
519 1169 0.2284
519 1170 0.1172
519 1172 0.1777
519 1174 0.1270
519 1176 0.1633
519 1177 0.1619
519 1178 0.2468
519 1180 0.1456
519 1181 0.2309
519 1182 0.1643
519 1183 0.1554
519 1185 0.1502
519 1186 0.2203
519 1187 0.1880
519 1188 0.1777
519 1189 0.1777
519 1191 0.3836
519 1192 0.1281
519 1193 0.1084
519 1194 0.0991
519 1195 0.0617
519 1196 0.1195
519 1197 0.2291
519 1198 0.2297
519 1199 0.1625
519 1200 0.2019
519 1201 0.1208
519 1202 0.0712
519 1203 0.1503
519 1204 0.1314
519 1205 0.1201
519 1206 0.2380
519 1208 0.2142
519 1209 0.1270
519 1210 0.1243
519 1211 0.2401
519 1212 0.1674
519 1213 0.1248
519 1214 0.1437
519 1215 0.1643
519 1216 0.1554
519 1219 0.1334
519 1221 0.1778
519 1223 0.0889
519 1224 0.1354
519 1225 0.2214
519 1226 0.1465
519 1227 0.0493
519 1228 0.1674
519 1229 0.1371
519 1230 0.1583
519 1231 0.0502
519 1233 0.0684
519 1235 0.1507
519 1236 0.1688
519 1237 0.1161
519 1238 0.0912
519 1240 0.1717
519 1241 0.1283
519 1242 0.1442
519 1243 0.1235
519 1244 0.1172
519 1245 0.1974
519 1246 0.1555
519 1247 0.1478
519 1249 0.0766
519 1250 0.1674
519 1251 0.1530
519 1252 0.0475
519 1253 0.1369
519 1254 0.1004
519 1255 0.1478
519 1256 0.1621
519 1257 0.1153
519 1258 0.2865
519 1259 0.1175
519 1260 0.0812
519 1262 0.2026
519 1263 0.1735
519 1265 0.0989
519 1267 0.0828
519 1268 0.1777
519 1269 0.3998
519 1270 0.1426
519 1271 0.1735
519 1272 0.1777
519 1274 0.1554
519 1275 0.1543
519 1276 0.1373
519 1278 0.0954
519 1279 0.1397
519 1280 0.0669
519 1281 0.1197
519 1282 0.6449
519 1283 0.6528
519 1284 0.6487
519 1286 0.6227
519 1287 0.5166
519 1288 0.1530
519 1289 0.4756
519 1290 0.4874
519 1291 0.1554
519 1292 0.9120
519 1293 0.6928
519 1295 0.2988
519 1296 0.4874
519 1297 0.2032
519 1298 0.4826
519 1299 0.7500
519 1300 0.5118
519 1301 0.1554
519 1303 0.4674
519 1304 0.6188
519 1305 0.6078
519 1306 0.3482
519 1307 0.2825
519 1311 0.1643
519 1315 0.1777
519 1316 0.9953
519 1319 0.3220
519 1320 0.1865
519 1322 0.2912
519 1323 0.1608
519 1324 0.1525
519 1325 0.1359
519 1326 0.1674
519 1327 0.1554
519 1329 0.1554
519 1330 0.1643
519 1331 0.1392
519 1333 0.1525
519 1334 0.1286
519 1335 0.1777
519 1336 0.1555
519 1338 0.1349
519 1339 0.1974
519 1340 0.1608
519 1341 0.2065
519 1342 0.1438
519 1343 0.1674
519 1344 0.2277
519 1345 0.1554
519 1346 0.1974
519 1347 0.1374
519 1348 0.1314
519 1349 0.1554
519 1350 0.1963
519 1351 0.1682
519 1352 0.1777
519 1353 0.1525
519 1354 0.1554
519 1355 0.1643
519 1356 0.2321
519 1358 0.1414
519 1360 0.0975
519 1361 0.1196
519 1362 0.1789
519 1363 0.0800
519 1367 0.1867
519 1368 0.1901
519 1369 0.1436
519 1370 0.1564
519 1372 0.1154
519 1374 0.1349
519 1375 0.0766
519 1377 0.1777
519 1379 0.1974
519 1380 0.1478
519 1381 0.1792
519 1383 0.0924
519 1384 0.1735
519 1385 0.1777
519 1386 0.1466
519 1387 0.1348
519 1388 0.1777
519 1389 0.1674
519 1393 0.0914
519 1394 0.1309
519 1395 0.1306
519 1396 0.0701
519 1397 0.0913
519 1398 0.1442
519 1399 0.1643
519 1402 0.1909
519 1405 0.0664
519 1407 0.1447
519 1408 0.1175
519 1410 0.1153
519 1411 0.3604
519 1412 0.0550
519 1414 0.1777
519 1415 0.0828
519 1416 0.1333
519 1418 0.1436
519 1419 0.1043
519 1420 0.1369
519 1421 0.1177
519 1423 0.1202
519 1424 0.1674
519 1425 0.1202
519 1426 0.1511
519 1427 0.1012
519 1428 0.1674
519 1433 0.1025
519 1434 0.6616
519 1435 0.4445
519 1436 0.3925
519 1437 0.1423
519 1438 0.0910
519 1439 0.1012
519 1440 0.4412
519 1441 0.1554
519 1443 0.1369
519 1446 0.0722
519 1448 0.1974
519 1449 0.1863
519 1452 0.1912
519 1454 0.1478
519 1456 0.1914
519 1458 0.1600
519 1459 0.1436
519 1460 0.0947
519 1461 0.1340
519 1462 0.1648
519 1463 0.1525
519 1464 0.1843
519 1466 0.1652
519 1468 0.3364
519 1470 0.1380
519 1472 0.2673
519 1473 0.1682
519 1474 0.1114
519 1475 0.1211
519 1476 0.1500
519 1477 0.1326
519 1478 0.1499
519 1479 0.3962
519 1480 0.1674
519 1481 0.1730
519 1484 0.2425
519 1485 0.2296
519 1487 0.1630
519 1488 0.1554
519 1491 0.1112
519 1493 0.1974
519 1495 0.1631
519 1496 0.1507
519 1498 0.1643
519 1499 0.1974
519 1500 0.2752
519 1503 0.3375
519 1504 0.2982
519 1505 0.1304
519 1506 0.1665
519 1507 0.1373
519 1508 0.1777
519 1510 0.1339
519 1511 0.1478
519 1512 0.1968
519 1513 0.1600
519 1515 0.1554
519 1516 0.2778
519 1517 0.1963
519 1518 0.1197
519 1519 0.9054
519 1520 0.9375
519 1522 0.1554
519 1523 0.2825
519 1525 0.1580
519 1526 0.5647
519 1527 0.4659
519 1528 0.2497
519 1529 0.2090
519 1530 0.4724
519 1532 0.2773
519 1535 0.1478
519 1536 0.7125
519 1537 0.4874
519 1538 0.2096
519 1541 0.1302
519 1542 0.4420
519 1545 0.1777
519 1546 0.3364
519 1547 0.2825
519 1548 0.5457
519 1550 0.1581
519 1551 0.3199
519 1552 0.1510
519 1553 0.1777
519 1554 0.3424
519 1560 0.2116
519 1565 0.3515
519 1567 0.3442
519 1568 0.1225
519 1569 0.1436
519 1571 0.1777
519 1572 0.1755
519 1573 0.1358
519 1574 0.1478
519 1576 0.1643
519 1577 0.2021
519 1578 0.1908
519 1579 0.1574
519 1580 0.1792
519 1581 0.1241
519 1582 0.1406
519 1583 0.1974
519 1585 0.2053
519 1586 0.1369
519 1587 0.1735
519 1588 0.1288
519 1589 0.0766
519 1590 0.1507
519 1591 0.1349
519 1592 0.1436
519 1593 0.0676
519 1594 0.0965
519 1595 0.1871
519 1596 0.1643
519 1598 0.1478
519 1599 0.1201
519 1600 0.1554
519 1601 0.0800
519 1603 0.1510
519 1605 0.0923
519 1606 0.1286
519 1607 0.1436
519 1608 0.1126
519 1609 0.3364
519 1610 0.1554
519 1612 0.3767
519 1613 0.1207
519 1614 0.1328
519 1615 0.1662
519 1616 0.1777
519 1617 0.1675
519 1618 0.3771
519 1619 0.1608
519 1620 0.1786
519 1621 0.1777
519 1622 0.3934
519 1623 0.1539
519 1624 0.1321
519 1625 0.1369
519 1626 0.0766
519 1628 0.1974
519 1629 0.1628
519 1630 0.1643
519 1631 0.1227
519 1632 0.1904
519 1633 0.1478
519 1634 0.1354
519 1635 0.1554
519 1636 0.1554
519 1637 0.0909
519 1638 0.1224
519 1639 0.0800
519 1640 0.1769
519 1641 0.1234
519 1644 0.1883
519 1645 0.1709
519 1646 0.1391
519 1647 0.1207
519 1648 0.1906
519 1649 0.1974
519 1650 0.1777
519 1651 0.1490
519 1653 0.2678
519 1655 0.3625
519 1659 0.1268
519 1660 0.1486
519 1661 0.1176
519 1662 0.0869
519 1663 0.1643
519 1664 0.0828
519 1666 0.1974
519 1667 0.0612
519 1668 0.1199
519 1672 0.1554
519 1673 0.1270
519 1674 0.1390
519 1676 0.0939
519 1677 0.1211
519 1678 0.1332
519 1679 0.0651
519 1682 0.1153
519 1683 0.1147
519 1684 0.1777
519 1685 0.1175
519 1686 0.1674
519 1687 0.1643
519 1688 0.1643
519 1689 0.7365
519 1690 0.1674
519 1691 0.1007
519 1692 0.1458
519 1693 0.1643
519 1694 0.1737
519 1697 0.0771
519 1698 0.1092
519 1699 0.1674
519 1700 0.0928
519 1701 0.1202
519 1702 0.1043
519 1704 0.1202
519 1705 0.0991
519 1707 0.1310
519 1708 0.0840
519 1709 0.1906
519 1710 0.1974
519 1711 0.1202
519 1712 0.7319
519 1713 0.1261
519 1714 0.1776
519 1715 0.1643
519 1717 0.8050
519 1718 0.1777
519 1720 0.1436
519 1721 0.1554
519 1723 0.0757
519 1725 0.2046
519 1726 0.1974
519 1728 0.1390
520 521 0.2453
520 522 0.1349
520 523 0.2677
520 526 0.1595
520 527 0.1009
520 528 0.1017
520 530 0.1761
520 531 0.1938
520 533 0.1412
520 534 0.1156
520 535 0.1453
520 536 0.2117
520 538 0.1579
520 539 0.1551
520 540 0.1470
520 541 0.1108
520 542 0.1380
520 543 0.1606
520 544 0.0733
520 545 0.1716
520 546 0.1498
520 547 0.1398
520 548 0.0976
520 550 0.1579
520 551 0.1742
520 552 0.1349
520 553 0.5309
520 554 0.3269
520 555 0.1105
520 556 0.2232
520 557 0.6653
520 558 0.2013
520 559 0.2938
520 560 0.4484
520 561 0.2165
520 562 0.2091
520 563 0.4219
520 564 0.2734
520 565 0.1832
520 566 0.2453
520 567 0.2453
520 568 0.9498
520 569 0.2772
520 570 0.2058
520 571 0.5008
520 572 0.1694
520 573 0.1681
520 574 0.1287
520 575 0.1606
520 576 0.2804
520 577 0.1287
520 578 0.3471
520 579 0.3925
520 580 0.1676
520 581 0.1574
520 582 0.2880
520 583 0.2980
520 584 0.0698
520 585 0.1821
520 586 0.1230
520 587 0.2214
520 589 0.1464
520 590 0.3199
520 591 0.2227
520 592 0.1489
520 593 0.2109
520 594 0.1466
520 595 0.1936
520 598 0.1224
520 599 0.1308
520 600 0.1683
520 601 0.1223
520 602 0.1046
520 604 0.2441
520 605 0.1697
520 606 0.5255
520 607 0.1663
520 608 0.1710
520 609 0.2266
520 610 0.1563
520 611 0.1398
520 612 0.1740
520 613 0.2705
520 614 0.2742
520 617 0.2012
520 618 0.2074
520 619 0.3339
520 620 0.3157
520 621 0.1426
520 622 0.1514
520 623 0.1563
520 624 0.1131
520 625 0.1707
520 626 0.2026
520 627 0.2082
520 628 0.2745
520 629 0.1916
520 631 0.1286
520 632 0.1141
520 633 0.2893
520 634 0.1313
520 635 0.1737
520 636 0.1400
520 637 0.2618
520 638 0.1665
520 639 0.8328
520 641 0.1322
520 643 0.2073
520 644 0.1976
520 645 0.1917
520 646 0.0715
520 648 0.2572
520 650 0.2192
520 651 0.1953
520 652 0.1082
520 653 0.1121
520 654 0.1584
520 655 0.2809
520 657 0.2441
520 658 0.2027
520 659 0.2104
520 661 0.1716
520 662 0.1351
520 663 0.1761
520 664 0.3858
520 665 0.1419
520 667 0.2106
520 668 0.2019
520 669 0.1606
520 671 0.2812
520 672 0.2415
520 673 0.1308
520 674 0.1913
520 676 0.1445
520 677 0.1959
520 678 0.0966
520 679 0.0833
520 680 0.2233
520 681 0.1247
520 682 0.1844
520 683 0.1964
520 684 0.1846
520 685 0.2352
520 686 0.2972
520 687 0.1214
520 688 0.1251
520 689 0.2807
520 690 0.1074
520 691 0.1620
520 692 0.2453
520 693 0.1263
520 694 0.3666
520 695 0.0828
520 696 0.1741
520 697 0.1079
520 698 0.1127
520 699 0.1243
520 700 0.0844
520 701 0.1684
520 702 0.1370
520 703 0.0993
520 705 0.2041
520 706 0.3672
520 707 0.2760
520 708 0.1574
520 710 0.1514
520 711 0.1900
520 712 0.2710
520 713 0.1398
520 714 0.2169
520 715 0.1968
520 716 0.1606
520 717 0.2334
520 718 0.1797
520 720 0.1579
520 721 0.1676
520 722 0.2978
520 724 0.1620
520 725 0.1349
520 726 0.1587
520 727 0.1983
520 728 0.2029
520 729 0.1308
520 731 0.1842
520 732 0.1897
520 733 0.2547
520 734 0.2084
520 735 0.2254
520 736 0.5876
520 737 0.4682
520 738 0.2180
520 740 0.0908
520 741 0.1573
520 742 0.0934
520 743 0.1332
520 744 0.2272
520 745 0.1938
520 746 0.1574
520 747 0.1915
520 748 0.3922
520 750 0.2018
520 751 0.1398
520 752 0.4259
520 753 0.1555
520 755 0.0988
520 756 0.1574
520 757 0.2765
520 758 0.1798
520 759 0.1621
520 760 0.2182
520 761 0.1804
520 762 0.1832
520 763 0.2517
520 764 0.1574
520 766 0.1813
520 767 0.1606
520 768 0.1308
520 770 0.1398
520 771 0.2596
520 772 0.1546
520 773 0.2476
520 775 0.1140
520 776 0.2496
520 777 0.2435
520 778 0.1045
520 779 0.1514
520 780 0.1386
520 781 0.1832
520 782 0.1597
520 783 0.2504
520 785 0.1774
520 786 0.3535
520 787 0.1043
520 789 0.1276
520 793 0.2735
520 794 0.0820
520 795 0.1074
520 796 0.1749
520 797 0.1986
520 798 0.2320
520 799 0.3500
520 800 0.1676
520 801 0.2612
520 802 0.2424
520 803 0.2478
520 804 0.2301
520 805 0.0938
520 806 0.1574
520 807 0.1074
520 808 0.2554
520 810 0.1711
520 811 0.3478
520 812 0.1551
520 813 0.2544
520 814 0.1575
520 815 0.1074
520 816 0.2376
520 817 0.2260
520 818 0.2453
520 819 0.1713
520 821 0.5490
520 822 0.1398
520 823 0.3001
520 824 0.1574
520 825 0.0819
520 827 0.1740
520 828 0.1118
520 829 0.1843
520 830 0.2016
520 831 0.2157
520 832 0.1193
520 834 0.1168
520 836 0.4884
520 837 0.2453
520 838 0.1642
520 839 0.2029
520 840 0.2453
520 841 0.0806
520 842 0.3136
520 843 0.1316
520 844 0.0958
520 845 0.2045
520 846 0.0901
520 847 0.2453
520 848 0.1563
520 849 0.2544
520 850 0.1263
520 851 0.5831
520 852 0.2453
520 853 0.1832
520 854 0.1398
520 855 0.3566
520 856 0.1758
520 858 0.5595
520 860 0.2191
520 861 0.1574
520 862 0.3532
520 864 0.1813
520 865 0.1459
520 866 0.1546
520 867 0.0922
520 868 0.1699
520 869 0.3338
520 870 0.1288
520 871 0.5531
520 872 0.8163
520 873 0.1398
520 875 0.1574
520 876 0.1398
520 877 0.1596
520 878 0.2005
520 880 0.2601
520 882 0.2453
520 883 0.0850
520 884 0.1676
520 885 0.1495
520 886 0.1947
520 887 0.1859
520 888 0.2758
520 889 0.1352
520 890 0.1574
520 891 0.2851
520 892 0.2453
520 893 0.1642
520 894 0.2816
520 895 0.1901
520 896 0.1978
520 898 0.2508
520 900 0.1979
520 901 0.2389
520 903 0.3639
520 905 0.1183
520 906 0.2029
520 908 0.3258
520 909 0.3692
520 910 0.1235
520 911 0.2865
520 912 0.2513
520 913 0.1764
520 914 0.1125
520 915 0.4497
520 917 0.1804
520 919 0.3291
520 920 0.2029
520 921 0.1441
520 922 0.2605
520 924 0.2409
520 928 0.2298
520 929 0.2135
520 930 0.2319
520 932 0.1606
520 933 0.1804
520 934 0.1398
520 935 0.2260
520 936 0.1459
520 937 0.1923
520 938 0.1592
520 940 0.1478
520 941 0.1716
520 942 0.1046
520 943 0.1605
520 944 0.2348
520 946 0.2005
520 947 0.1115
520 948 0.1398
520 949 0.1782
520 952 0.1287
520 953 0.2378
520 954 0.1398
520 955 0.1772
520 956 0.0693
520 957 0.1612
520 958 0.1663
520 959 0.2129
520 960 0.3956
520 961 0.1187
520 963 0.1574
520 965 0.1514
520 966 0.2063
520 967 0.1985
520 968 0.1290
520 969 0.2682
520 971 0.1972
520 972 0.1051
520 973 0.3756
520 974 0.7060
520 975 0.1551
520 976 0.4346
520 978 0.2261
520 979 0.2085
520 980 0.0921
520 982 0.1606
520 983 0.2441
520 984 0.1546
520 985 0.1125
520 987 0.1752
520 989 0.1494
520 990 0.1748
520 991 0.1574
520 993 0.5073
520 994 0.3270
520 995 0.1306
520 996 0.1606
520 999 0.1701
520 1000 0.1700
520 1001 0.2453
520 1002 0.4631
520 1003 0.0771
520 1004 0.5467
520 1005 0.2054
520 1006 0.1528
520 1007 0.6025
520 1008 0.1804
520 1010 0.1590
520 1013 0.1295
520 1014 0.2198
520 1015 0.1086
520 1016 0.0833
520 1017 0.1236
520 1019 0.1606
520 1020 0.2090
520 1022 0.1948
520 1023 0.2856
520 1024 0.1268
520 1025 0.1606
520 1026 0.2203
520 1027 0.1526
520 1028 0.2076
520 1029 0.0970
520 1030 0.2861
520 1032 0.1800
520 1033 0.1903
520 1034 0.2441
520 1036 0.2123
520 1037 0.2117
520 1039 0.2238
520 1041 0.1938
520 1042 0.2045
520 1043 0.2003
520 1044 0.1667
520 1045 0.1398
520 1046 0.1606
520 1047 0.0729
520 1048 0.1832
520 1049 0.1250
520 1050 0.1574
520 1053 0.3247
520 1054 0.2403
520 1055 0.1956
520 1056 0.2453
520 1057 0.0901
520 1058 0.2549
520 1060 0.3139
520 1061 0.1268
520 1062 0.1263
520 1063 0.1674
520 1064 0.1758
520 1065 0.0818
520 1066 0.2926
520 1067 0.3438
520 1068 0.1967
520 1070 0.1222
520 1072 0.2056
520 1075 0.1039
520 1077 0.1338
520 1078 0.1676
520 1079 0.1667
520 1080 0.1551
520 1081 0.3480
520 1083 0.4202
520 1084 0.2241
520 1085 0.1546
520 1089 0.1026
520 1093 0.1574
520 1094 0.2977
520 1095 0.1778
520 1099 0.6959
520 1102 0.1398
520 1103 0.2225
520 1104 0.2114
520 1105 0.2971
520 1106 0.0984
520 1107 0.2122
520 1109 0.1947
520 1110 0.2409
520 1114 0.1398
520 1115 0.2453
520 1116 0.2029
520 1118 0.2296
520 1120 0.1574
520 1123 0.1940
520 1124 0.1686
520 1125 0.0744
520 1127 0.2075
520 1128 0.6123
520 1129 0.0903
520 1130 0.0949
520 1131 0.2208
520 1133 0.2116
520 1134 0.1606
520 1135 0.3703
520 1136 0.1466
520 1138 0.2072
520 1139 0.1606
520 1141 0.0729
520 1142 0.3525
520 1143 0.1802
520 1144 0.1574
520 1145 0.1606
520 1146 0.2817
520 1147 0.0913
520 1148 0.1561
520 1149 0.1832
520 1150 0.1728
520 1151 0.1535
520 1152 0.4110
520 1153 0.2453
520 1154 0.3304
520 1156 0.1947
520 1157 0.2010
520 1158 0.1603
520 1159 0.1729
520 1160 0.2301
520 1161 0.1723
520 1162 0.1876
520 1163 0.4262
520 1166 0.1341
520 1167 0.1615
520 1169 0.3522
520 1170 0.1096
520 1172 0.1606
520 1174 0.1505
520 1176 0.2044
520 1177 0.2970
520 1178 0.2648
520 1180 0.1548
520 1181 0.1657
520 1182 0.2453
520 1183 0.1398
520 1185 0.1796
520 1186 0.1649
520 1187 0.0835
520 1188 0.1606
520 1189 0.1606
520 1191 0.0864
520 1192 0.1964
520 1193 0.1607
520 1194 0.1323
520 1195 0.1453
520 1196 0.2027
520 1197 0.3264
520 1198 0.1705
520 1199 0.1792
520 1200 0.2685
520 1201 0.1680
520 1202 0.1002
520 1203 0.1551
520 1204 0.1906
520 1205 0.1936
520 1206 0.2421
520 1208 0.2240
520 1209 0.1505
520 1210 0.3389
520 1211 0.2558
520 1212 0.1546
520 1213 0.1638
520 1214 0.1721
520 1215 0.2453
520 1216 0.1398
520 1219 0.1840
520 1221 0.1823
520 1223 0.1112
520 1224 0.1738
520 1225 0.5553
520 1226 0.1555
520 1227 0.1221
520 1228 0.2041
520 1229 0.1502
520 1230 0.1821
520 1231 0.1199
520 1233 0.0804
520 1235 0.1609
520 1236 0.1946
520 1237 0.1485
520 1238 0.1662
520 1240 0.1678
520 1241 0.2222
520 1242 0.5281
520 1243 0.1372
520 1244 0.1096
520 1245 0.1574
520 1246 0.1662
520 1247 0.1832
520 1249 0.1074
520 1250 0.1764
520 1251 0.1349
520 1252 0.1156
520 1253 0.1991
520 1254 0.0992
520 1255 0.1832
520 1256 0.2726
520 1257 0.1627
520 1258 0.2522
520 1259 0.1514
520 1260 0.1456
520 1262 0.2841
520 1263 0.1498
520 1265 0.1027
520 1267 0.1268
520 1268 0.1606
520 1269 0.2252
520 1270 0.2186
520 1271 0.1498
520 1272 0.1606
520 1274 0.1398
520 1275 0.2604
520 1276 0.2375
520 1278 0.0724
520 1279 0.1272
520 1280 0.1445
520 1281 0.1729
520 1282 0.2397
520 1283 0.2450
520 1284 0.2208
520 1286 0.2284
520 1287 0.3927
520 1288 0.2210
520 1289 0.3291
520 1290 0.2441
520 1291 0.1398
520 1292 0.8348
520 1293 0.2434
520 1295 0.1813
520 1296 0.2441
520 1297 0.3403
520 1298 0.2313
520 1299 0.2764
520 1300 0.3389
520 1301 0.1821
520 1303 0.4061
520 1304 0.3143
520 1305 0.2624
520 1306 0.4216
520 1307 0.2154
520 1311 0.2453
520 1315 0.1606
520 1316 0.9713
520 1319 0.2264
520 1320 0.1697
520 1322 0.2689
520 1323 0.1398
520 1324 0.1563
520 1325 0.1611
520 1326 0.1546
520 1327 0.1398
520 1329 0.1951
520 1330 0.2453
520 1331 0.2162
520 1333 0.1563
520 1334 0.2054
520 1335 0.2003
520 1336 0.1662
520 1338 0.1716
520 1339 0.1574
520 1340 0.1398
520 1341 0.1574
520 1342 0.1717
520 1343 0.1546
520 1344 0.1754
520 1345 0.1398
520 1346 0.1574
520 1347 0.1845
520 1348 0.1903
520 1349 0.1398
520 1350 0.1642
520 1351 0.1700
520 1352 0.1606
520 1353 0.1927
520 1354 0.1398
520 1355 0.2453
520 1356 0.2161
520 1358 0.1429
520 1360 0.1495
520 1361 0.0672
520 1362 0.2536
520 1363 0.1247
520 1367 0.1743
520 1368 0.2907
520 1369 0.3953
520 1370 0.1298
520 1372 0.1710
520 1374 0.1716
520 1375 0.1074
520 1377 0.1606
520 1379 0.1574
520 1380 0.1832
520 1381 0.1221
520 1383 0.1747
520 1384 0.1498
520 1385 0.1606
520 1386 0.1960
520 1387 0.2106
520 1388 0.1606
520 1389 0.1546
520 1393 0.0806
520 1394 0.2190
520 1395 0.2009
520 1396 0.2623
520 1397 0.1334
520 1398 0.2534
520 1399 0.2453
520 1402 0.1735
520 1405 0.1483
520 1407 0.1574
520 1408 0.1514
520 1410 0.1627
520 1411 0.2111
520 1412 0.1408
520 1414 0.1606
520 1415 0.1268
520 1416 0.1417
520 1418 0.1676
520 1419 0.1630
520 1420 0.1697
520 1421 0.1522
520 1423 0.0729
520 1424 0.1546
520 1425 0.0729
520 1426 0.1701
520 1427 0.0878
520 1428 0.1546
520 1433 0.0877
520 1434 0.7295
520 1435 0.2089
520 1436 0.0833
520 1437 0.2328
520 1438 0.0846
520 1439 0.1015
520 1440 0.2263
520 1441 0.1398
520 1443 0.1947
520 1446 0.1063
520 1448 0.1574
520 1449 0.1606
520 1452 0.2519
520 1454 0.1832
520 1456 0.1611
520 1458 0.1740
520 1459 0.1676
520 1460 0.1664
520 1461 0.2303
520 1462 0.1257
520 1463 0.1563
520 1464 0.1885
520 1466 0.1764
520 1468 0.2880
520 1470 0.1753
520 1472 0.1839
520 1473 0.1753
520 1474 0.1472
520 1475 0.1407
520 1476 0.1295
520 1477 0.2063
520 1478 0.1540
520 1479 0.1212
520 1480 0.1546
520 1481 0.1477
520 1484 0.2261
520 1485 0.1706
520 1487 0.2203
520 1488 0.1398
520 1491 0.1397
520 1493 0.1574
520 1495 0.2078
520 1496 0.1201
520 1498 0.2453
520 1499 0.1574
520 1500 0.2282
520 1503 0.1272
520 1504 0.1270
520 1505 0.1967
520 1506 0.2778
520 1507 0.1310
520 1508 0.1606
520 1510 0.1693
520 1511 0.1832
520 1512 0.1798
520 1513 0.1740
520 1515 0.1398
520 1516 0.2060
520 1517 0.1642
520 1518 0.1629
520 1519 0.5759
520 1520 0.7960
520 1522 0.1821
520 1523 0.2154
520 1525 0.2070
520 1526 0.2167
520 1527 0.3181
520 1528 0.2568
520 1529 0.3389
520 1530 0.1398
520 1532 0.2660
520 1535 0.1832
520 1536 0.2371
520 1537 0.2441
520 1538 0.3943
520 1541 0.1620
520 1542 0.2527
520 1545 0.1606
520 1546 0.2880
520 1547 0.2154
520 1548 0.2208
520 1550 0.1606
520 1551 0.3434
520 1552 0.1606
520 1553 0.2010
520 1554 0.1936
520 1560 0.1873
520 1565 0.2568
520 1567 0.1985
520 1568 0.1665
520 1569 0.1676
520 1571 0.1606
520 1572 0.1798
520 1573 0.1723
520 1574 0.1832
520 1576 0.2453
520 1577 0.1903
520 1578 0.1881
520 1579 0.1734
520 1580 0.1221
520 1581 0.2241
520 1582 0.1909
520 1583 0.1574
520 1585 0.1479
520 1586 0.1697
520 1587 0.1498
520 1588 0.2137
520 1589 0.1074
520 1590 0.1662
520 1591 0.1718
520 1592 0.1676
520 1593 0.0778
520 1594 0.1149
520 1595 0.1606
520 1596 0.2453
520 1598 0.1832
520 1599 0.1386
520 1600 0.1398
520 1601 0.1247
520 1603 0.1827
520 1605 0.1262
520 1606 0.1390
520 1607 0.1676
520 1608 0.1772
520 1609 0.2880
520 1610 0.1398
520 1612 0.3293
520 1613 0.1556
520 1614 0.1604
520 1615 0.1928
520 1616 0.1606
520 1617 0.1398
520 1618 0.3317
520 1619 0.1398
520 1620 0.1478
520 1621 0.2570
520 1622 0.6742
520 1623 0.1923
520 1624 0.1906
520 1625 0.1697
520 1626 0.1074
520 1628 0.1923
520 1629 0.2856
520 1630 0.2453
520 1631 0.1420
520 1632 0.1825
520 1633 0.1832
520 1634 0.1738
520 1635 0.1398
520 1636 0.1398
520 1637 0.1500
520 1638 0.1555
520 1639 0.1247
520 1640 0.1978
520 1641 0.1606
520 1644 0.2116
520 1645 0.1797
520 1646 0.1612
520 1647 0.1517
520 1648 0.1737
520 1649 0.1574
520 1650 0.1606
520 1651 0.2045
520 1653 0.2396
520 1655 0.4069
520 1659 0.2193
520 1660 0.1522
520 1661 0.2083
520 1662 0.1127
520 1663 0.2453
520 1664 0.1268
520 1666 0.1574
520 1667 0.1450
520 1668 0.2738
520 1672 0.1398
520 1673 0.1505
520 1674 0.1914
520 1676 0.1120
520 1677 0.1360
520 1678 0.1737
520 1679 0.1612
520 1682 0.1627
520 1683 0.1195
520 1684 0.1606
520 1685 0.1514
520 1686 0.1546
520 1687 0.2453
520 1688 0.2453
520 1689 0.8774
520 1690 0.1546
520 1691 0.2664
520 1692 0.2018
520 1693 0.2453
520 1694 0.2845
520 1697 0.0870
520 1698 0.1687
520 1699 0.1546
520 1700 0.1239
520 1701 0.0729
520 1702 0.1263
520 1704 0.0729
520 1705 0.1323
520 1707 0.1726
520 1708 0.0893
520 1709 0.1737
520 1710 0.1574
520 1711 0.0729
520 1712 0.9367
520 1713 0.0917
520 1714 0.1935
520 1715 0.2453
520 1717 0.9276
520 1718 0.1606
520 1720 0.1958
520 1721 0.1398
520 1723 0.1218
520 1725 0.1574
520 1726 0.1574
520 1728 0.1730
521 522 0.1383
521 523 0.1386
521 526 0.1495
521 527 0.2864
521 528 0.1542
521 530 0.1792
521 531 0.1541
521 533 0.3919
521 534 0.4374
521 535 0.2505
521 536 0.2711
521 538 0.1762
521 539 0.1531
521 540 0.2484
521 541 0.1287
521 542 0.1112
521 543 0.1049
521 544 0.3858
521 545 0.2395
521 546 0.3400
521 547 0.1534
521 548 0.3618
521 550 0.2035
521 551 0.2436
521 552 0.1383
521 553 0.5293
521 554 0.2120
521 555 0.2182
521 556 0.2370
521 557 0.4124
521 558 0.3771
521 559 0.1354
521 560 0.4308
521 561 0.2054
521 562 0.2218
521 563 0.4158
521 564 0.1337
521 565 0.0959
521 566 0.0618
521 567 0.0618
521 568 0.5735
521 569 0.1045
521 570 0.0995
521 571 0.4872
521 572 0.1427
521 573 0.1535
521 574 0.2060
521 575 0.1049
521 576 0.2897
521 577 0.1790
521 578 0.1406
521 579 0.5705
521 580 0.3197
521 581 0.1472
521 582 0.1375
521 583 0.1509
521 584 0.2078
521 585 0.2553
521 586 0.1314
521 587 0.4085
521 589 0.1868
521 590 0.6452
521 591 0.1711
521 592 0.5469
521 593 0.4157
521 594 0.1734
521 595 0.1690
521 598 0.2411
521 599 0.1303
521 600 0.1387
521 601 0.2403
521 602 0.2587
521 604 0.0807
521 605 0.3209
521 606 0.1954
521 607 0.2273
521 608 0.2389
521 609 0.3023
521 610 0.1536
521 611 0.1534
521 612 0.2132
521 613 0.5208
521 614 0.3583
521 617 0.2331
521 618 0.4630
521 619 0.5276
521 620 0.1758
521 621 0.2136
521 622 0.1182
521 623 0.1536
521 624 0.1807
521 625 0.2539
521 626 0.3347
521 627 0.0997
521 628 0.1778
521 629 0.2124
521 631 0.2001
521 632 0.2369
521 633 0.1579
521 634 0.2096
521 635 0.3426
521 636 0.1268
521 637 0.4505
521 638 0.3308
521 639 0.5123
521 641 0.2377
521 643 0.2991
521 644 0.4218
521 645 0.2485
521 646 0.3832
521 648 0.2438
521 650 0.2241
521 651 0.3992
521 652 0.1701
521 653 0.4553
521 654 0.1785
521 655 0.1637
521 657 0.0807
521 658 0.2507
521 659 0.2111
521 661 0.2395
521 662 0.2674
521 663 0.2972
521 664 0.4498
521 665 0.2086
521 667 0.1549
521 668 0.2230
521 669 0.1049
521 671 0.2398
521 672 0.3991
521 673 0.1303
521 674 0.4215
521 676 0.4290
521 677 0.2005
521 678 0.0893
521 679 0.1560
521 680 0.2336
521 681 0.1824
521 682 0.1933
521 683 0.1240
521 684 0.2335
521 685 0.3798
521 686 0.4117
521 687 0.1773
521 688 0.3302
521 689 0.1505
521 690 0.1231
521 691 0.1255
521 692 0.0618
521 693 0.2107
521 694 0.1170
521 695 0.4048
521 696 0.1499
521 697 0.1898
521 698 0.3328
521 699 0.2937
521 700 0.4664
521 701 0.2368
521 702 0.2315
521 703 0.2202
521 705 0.3400
521 706 0.2087
521 707 0.4673
521 708 0.1472
521 710 0.1308
521 711 0.4352
521 712 0.2127
521 713 0.1534
521 714 0.1764
521 715 0.3383
521 716 0.1049
521 717 0.1293
521 718 0.3348
521 720 0.2035
521 721 0.3197
521 722 0.4954
521 724 0.1255
521 725 0.1383
521 726 0.4206
521 727 0.2453
521 728 0.1406
521 729 0.3873
521 731 0.2409
521 732 0.2702
521 733 0.3718
521 734 0.2875
521 735 0.0981
521 736 0.3304
521 737 0.3589
521 738 0.2395
521 740 0.1925
521 741 0.3047
521 742 0.2754
521 743 0.1954
521 744 0.4175
521 745 0.1595
521 746 0.1472
521 747 0.1930
521 748 0.5164
521 750 0.1420
521 751 0.1534
521 752 0.6709
521 753 0.1633
521 755 0.1337
521 756 0.1472
521 757 0.4720
521 758 0.2544
521 759 0.3412
521 760 0.1178
521 761 0.1549
521 762 0.0959
521 763 0.1540
521 764 0.1472
521 766 0.1722
521 767 0.1049
521 768 0.4104
521 770 0.1534
521 771 0.1425
521 772 0.3400
521 773 0.1535
521 775 0.2149
521 776 0.4607
521 777 0.2086
521 778 0.1870
521 779 0.1597
521 780 0.3556
521 781 0.0959
521 782 0.1622
521 783 0.3155
521 785 0.1913
521 786 0.1732
521 787 0.1892
521 789 0.2404
521 793 0.4405
521 794 0.3687
521 795 0.1231
521 796 0.1927
521 797 0.1468
521 798 0.1690
521 799 0.1985
521 800 0.3197
521 801 0.1513
521 802 0.2022
521 803 0.4294
521 804 0.4591
521 805 0.0956
521 806 0.1472
521 807 0.1231
521 808 0.5723
521 810 0.1226
521 811 0.6237
521 812 0.1531
521 813 0.4474
521 814 0.1574
521 815 0.1231
521 816 0.2392
521 817 0.4153
521 818 0.0618
521 819 0.1534
521 821 0.3046
521 822 0.1534
521 823 0.2899
521 824 0.1472
521 825 0.3726
521 827 0.4487
521 828 0.1473
521 829 0.1857
521 830 0.2746
521 831 0.3609
521 832 0.6120
521 834 0.4130
521 836 0.2154
521 837 0.0618
521 838 0.3575
521 839 0.3079
521 840 0.0618
521 841 0.1234
521 842 0.2791
521 843 0.2275
521 844 0.1715
521 845 0.1223
521 846 0.1476
521 847 0.0618
521 848 0.1536
521 849 0.1897
521 850 0.2107
521 851 0.5126
521 852 0.0618
521 853 0.0959
521 854 0.1534
521 855 0.2114
521 856 0.2547
521 858 0.1960
521 860 0.2162
521 861 0.1472
521 862 0.2288
521 864 0.1877
521 865 0.1705
521 866 0.3400
521 867 0.0874
521 868 0.2434
521 869 0.1444
521 870 0.3190
521 871 0.2471
521 872 0.7450
521 873 0.1534
521 875 0.1472
521 876 0.1534
521 877 0.1534
521 878 0.3517
521 880 0.3184
521 882 0.0618
521 883 0.1438
521 884 0.3197
521 885 0.1965
521 886 0.3209
521 887 0.2167
521 888 0.1777
521 889 0.2484
521 890 0.1472
521 891 0.1993
521 892 0.0618
521 893 0.3575
521 894 0.2944
521 895 0.3964
521 896 0.1426
521 898 0.4626
521 900 0.2179
521 901 0.2450
521 903 0.2475
521 905 0.3411
521 906 0.1406
521 908 0.3084
521 909 0.2079
521 910 0.1835
521 911 0.3429
521 912 0.0846
521 913 0.2546
521 914 0.2937
521 915 0.2513
521 917 0.1549
521 919 0.1391
521 920 0.3079
521 921 0.1618
521 922 0.2401
521 924 0.3026
521 928 0.1848
521 929 0.2696
521 930 0.5465
521 932 0.1049
521 933 0.1549
521 934 0.1534
521 935 0.4256
521 936 0.1705
521 937 0.1438
521 938 0.1580
521 940 0.3391
521 941 0.2395
521 942 0.2294
521 943 0.2258
521 944 0.3731
521 946 0.1442
521 947 0.1793
521 948 0.1534
521 949 0.1395
521 952 0.3885
521 953 0.2099
521 954 0.1534
521 955 0.1193
521 956 0.3944
521 957 0.0994
521 958 0.4298
521 959 0.2588
521 960 0.2801
521 961 0.1336
521 963 0.1472
521 965 0.1597
521 966 0.1227
521 967 0.3759
521 968 0.3971
521 969 0.1809
521 971 0.3020
521 972 0.2298
521 973 0.0918
521 974 0.5665
521 975 0.1531
521 976 0.3449
521 978 0.2212
521 979 0.2470
521 980 0.1794
521 982 0.1049
521 983 0.0807
521 984 0.3400
521 985 0.2937
521 987 0.1898
521 989 0.1508
521 990 0.4555
521 991 0.1472
521 993 0.6729
521 994 0.4322
521 995 0.1945
521 996 0.1049
521 999 0.2158
521 1000 0.2380
521 1001 0.0618
521 1002 0.4078
521 1003 0.2227
521 1004 0.4962
521 1005 0.2356
521 1006 0.2094
521 1007 0.4166
521 1008 0.3222
521 1010 0.2111
521 1013 0.2138
521 1014 0.2131
521 1015 0.0935
521 1016 0.1560
521 1017 0.1941
521 1019 0.1049
521 1020 0.1802
521 1022 0.1424
521 1023 0.2525
521 1024 0.2925
521 1025 0.1049
521 1026 0.1962
521 1027 0.2817
521 1028 0.1764
521 1029 0.1659
521 1030 0.4974
521 1032 0.1534
521 1033 0.0997
521 1034 0.0807
521 1036 0.2141
521 1037 0.1554
521 1039 0.1882
521 1041 0.1454
521 1042 0.1223
521 1043 0.1049
521 1044 0.2115
521 1045 0.1534
521 1046 0.1049
521 1047 0.0881
521 1048 0.0959
521 1049 0.1950
521 1050 0.1472
521 1053 0.2167
521 1054 0.4395
521 1055 0.1508
521 1056 0.0618
521 1057 0.1704
521 1058 0.1913
521 1060 0.3661
521 1061 0.2925
521 1062 0.2107
521 1063 0.3303
521 1064 0.1520
521 1065 0.4399
521 1066 0.2452
521 1067 0.2452
521 1068 0.2725
521 1070 0.2186
521 1072 0.2432
521 1075 0.1641
521 1077 0.2138
521 1078 0.3197
521 1079 0.4441
521 1080 0.1531
521 1081 0.1316
521 1083 0.3383
521 1084 0.1431
521 1085 0.3400
521 1089 0.1414
521 1093 0.1472
521 1094 0.5722
521 1095 0.2234
521 1099 0.8271
521 1102 0.1534
521 1103 0.3733
521 1104 0.1984
521 1105 0.2886
521 1106 0.1847
521 1107 0.2579
521 1109 0.3209
521 1110 0.1193
521 1114 0.1534
521 1115 0.0618
521 1116 0.3079
521 1118 0.1451
521 1120 0.1472
521 1123 0.3010
521 1124 0.4764
521 1125 0.2222
521 1127 0.1397
521 1128 0.6751
521 1129 0.1630
521 1130 0.2133
521 1131 0.3181
521 1133 0.3609
521 1134 0.1049
521 1135 0.4842
521 1136 0.1734
521 1138 0.4342
521 1139 0.1049
521 1141 0.0881
521 1142 0.3340
521 1143 0.1472
521 1144 0.1472
521 1145 0.1049
521 1146 0.4349
521 1147 0.2167
521 1148 0.4013
521 1149 0.0959
521 1150 0.2069
521 1151 0.2393
521 1152 0.5132
521 1153 0.0618
521 1154 0.2540
521 1156 0.3209
521 1157 0.1049
521 1158 0.3484
521 1159 0.1395
521 1160 0.2587
521 1161 0.2420
521 1162 0.4137
521 1163 0.3942
521 1166 0.1375
521 1167 0.1842
521 1169 0.2176
521 1170 0.1587
521 1172 0.1049
521 1174 0.1519
521 1176 0.1412
521 1177 0.4688
521 1178 0.1629
521 1180 0.4753
521 1181 0.1306
521 1182 0.0618
521 1183 0.1534
521 1185 0.3150
521 1186 0.4908
521 1187 0.1277
521 1188 0.1049
521 1189 0.1049
521 1191 0.3853
521 1192 0.1240
521 1193 0.1691
521 1194 0.2036
521 1195 0.2505
521 1196 0.1214
521 1197 0.2737
521 1198 0.3771
521 1199 0.2660
521 1200 0.1429
521 1201 0.2076
521 1202 0.1821
521 1203 0.1531
521 1204 0.1504
521 1205 0.1535
521 1206 0.1917
521 1208 0.1783
521 1209 0.1519
521 1210 0.2334
521 1211 0.4451
521 1212 0.3400
521 1213 0.1283
521 1214 0.1634
521 1215 0.0618
521 1216 0.1534
521 1219 0.1581
521 1221 0.3500
521 1223 0.3094
521 1224 0.2430
521 1225 0.6508
521 1226 0.2163
521 1227 0.2233
521 1228 0.3400
521 1229 0.4083
521 1230 0.1722
521 1231 0.3672
521 1233 0.1667
521 1235 0.1289
521 1236 0.2147
521 1237 0.2013
521 1238 0.1770
521 1240 0.4502
521 1241 0.4226
521 1242 0.2128
521 1243 0.1873
521 1244 0.1587
521 1245 0.1472
521 1246 0.3181
521 1247 0.0959
521 1249 0.1231
521 1250 0.3400
521 1251 0.1379
521 1252 0.4124
521 1253 0.2528
521 1254 0.1627
521 1255 0.0959
521 1256 0.1554
521 1257 0.1812
521 1258 0.2663
521 1259 0.1597
521 1260 0.2607
521 1262 0.1570
521 1263 0.3400
521 1265 0.2484
521 1267 0.2925
521 1268 0.1049
521 1269 0.2306
521 1270 0.2584
521 1271 0.3400
521 1272 0.1049
521 1274 0.1534
521 1275 0.2561
521 1276 0.2987
521 1278 0.1410
521 1279 0.5297
521 1280 0.2693
521 1281 0.1395
521 1282 0.0983
521 1283 0.1904
521 1284 0.1323
521 1286 0.2727
521 1287 0.1208
521 1288 0.2791
521 1289 0.1601
521 1290 0.0807
521 1291 0.1534
521 1292 0.5939
521 1293 0.1295
521 1295 0.1722
521 1296 0.0807
521 1297 0.4416
521 1298 0.1806
521 1299 0.2188
521 1300 0.1324
521 1301 0.1534
521 1303 0.1676
521 1304 0.1945
521 1305 0.1750
521 1306 0.1210
521 1307 0.1439
521 1311 0.0618
521 1315 0.1049
521 1316 0.6505
521 1319 0.1679
521 1320 0.3209
521 1322 0.2347
521 1323 0.1534
521 1324 0.1536
521 1325 0.2074
521 1326 0.3400
521 1327 0.1534
521 1329 0.1534
521 1330 0.0618
521 1331 0.2762
521 1333 0.1536
521 1334 0.2356
521 1335 0.1049
521 1336 0.3181
521 1338 0.2395
521 1339 0.1472
521 1340 0.1534
521 1341 0.1472
521 1342 0.1873
521 1343 0.3400
521 1344 0.3413
521 1345 0.1534
521 1346 0.1472
521 1347 0.1214
521 1348 0.3766
521 1349 0.1534
521 1350 0.3575
521 1351 0.2380
521 1352 0.1049
521 1353 0.1536
521 1354 0.1534
521 1355 0.0618
521 1356 0.2361
521 1358 0.4214
521 1360 0.1304
521 1361 0.1624
521 1362 0.1701
521 1363 0.1824
521 1367 0.1536
521 1368 0.1664
521 1369 0.3912
521 1370 0.3679
521 1372 0.4004
521 1374 0.2395
521 1375 0.1231
521 1377 0.1049
521 1379 0.1472
521 1380 0.0959
521 1381 0.1403
521 1383 0.1813
521 1384 0.3400
521 1385 0.1049
521 1386 0.1462
521 1387 0.4706
521 1388 0.1049
521 1389 0.3400
521 1393 0.1234
521 1394 0.1908
521 1395 0.1942
521 1396 0.2196
521 1397 0.1764
521 1398 0.1440
521 1399 0.0618
521 1402 0.1468
521 1405 0.2380
521 1407 0.1472
521 1408 0.1597
521 1410 0.1812
521 1411 0.1749
521 1412 0.2513
521 1414 0.1049
521 1415 0.2925
521 1416 0.4281
521 1418 0.3197
521 1419 0.1886
521 1420 0.3209
521 1421 0.2570
521 1423 0.0881
521 1424 0.3400
521 1425 0.0881
521 1426 0.4093
521 1427 0.0958
521 1428 0.3400
521 1433 0.1423
521 1434 0.7294
521 1435 0.5346
521 1436 0.1560
521 1437 0.2407
521 1438 0.1787
521 1439 0.0912
521 1440 0.1813
521 1441 0.1534
521 1443 0.3209
521 1446 0.0941
521 1448 0.1472
521 1449 0.1049
521 1452 0.1513
521 1454 0.0959
521 1456 0.2348
521 1458 0.2132
521 1459 0.3197
521 1460 0.1156
521 1461 0.1536
521 1462 0.3247
521 1463 0.1536
521 1464 0.1498
521 1466 0.2460
521 1468 0.1375
521 1470 0.2453
521 1472 0.3149
521 1473 0.2836
521 1474 0.1910
521 1475 0.1970
521 1476 0.2138
521 1477 0.1580
521 1478 0.1617
521 1479 0.4179
521 1480 0.3400
521 1481 0.2150
521 1484 0.2859
521 1485 0.2485
521 1487 0.2460
521 1488 0.1534
521 1491 0.1719
521 1493 0.1472
521 1495 0.1580
521 1496 0.1653
521 1498 0.0618
521 1499 0.1472
521 1500 0.1989
521 1503 0.2287
521 1504 0.1451
521 1505 0.2200
521 1506 0.3079
521 1507 0.3713
521 1508 0.1049
521 1510 0.1206
521 1511 0.0959
521 1512 0.1577
521 1513 0.2132
521 1515 0.1534
521 1516 0.4276
521 1517 0.3575
521 1518 0.2877
521 1519 0.5119
521 1520 0.5351
521 1522 0.1534
521 1523 0.1439
521 1525 0.2082
521 1526 0.3610
521 1527 0.1532
521 1528 0.1409
521 1529 0.1902
521 1530 0.1639
521 1532 0.3914
521 1535 0.0959
521 1536 0.1561
521 1537 0.0807
521 1538 0.3267
521 1541 0.1255
521 1542 0.2389
521 1545 0.1049
521 1546 0.1375
521 1547 0.1439
521 1548 0.1367
521 1550 0.1049
521 1551 0.3042
521 1552 0.1049
521 1553 0.1049
521 1554 0.1182
521 1560 0.1710
521 1565 0.1605
521 1567 0.1556
521 1568 0.1402
521 1569 0.3197
521 1571 0.1049
521 1572 0.1577
521 1573 0.2420
521 1574 0.0959
521 1576 0.0618
521 1577 0.0997
521 1578 0.2331
521 1579 0.2513
521 1580 0.1403
521 1581 0.3358
521 1582 0.4272
521 1583 0.1472
521 1585 0.3749
521 1586 0.3209
521 1587 0.3400
521 1588 0.1418
521 1589 0.1231
521 1590 0.2390
521 1591 0.2412
521 1592 0.3197
521 1593 0.3807
521 1594 0.2033
521 1595 0.1963
521 1596 0.0618
521 1598 0.0959
521 1599 0.2992
521 1600 0.1534
521 1601 0.1824
521 1603 0.1554
521 1605 0.1923
521 1606 0.2148
521 1607 0.3197
521 1608 0.1310
521 1609 0.1375
521 1610 0.1534
521 1612 0.1933
521 1613 0.3418
521 1614 0.2772
521 1615 0.2141
521 1616 0.1049
521 1617 0.1534
521 1618 0.3066
521 1619 0.1534
521 1620 0.3391
521 1621 0.2657
521 1622 0.7591
521 1623 0.1438
521 1624 0.1268
521 1625 0.3209
521 1626 0.1231
521 1628 0.1472
521 1629 0.2836
521 1630 0.0618
521 1631 0.1939
521 1632 0.3580
521 1633 0.0959
521 1634 0.2430
521 1635 0.1534
521 1636 0.1534
521 1637 0.1948
521 1638 0.1633
521 1639 0.1824
521 1640 0.1426
521 1641 0.3980
521 1644 0.3609
521 1645 0.3348
521 1646 0.2309
521 1647 0.1509
521 1648 0.3426
521 1649 0.1472
521 1650 0.1049
521 1651 0.1223
521 1653 0.2790
521 1655 0.2060
521 1659 0.1395
521 1660 0.2191
521 1661 0.1448
521 1662 0.1162
521 1663 0.0618
521 1664 0.2925
521 1666 0.1472
521 1667 0.2650
521 1668 0.2205
521 1672 0.1534
521 1673 0.1519
521 1674 0.4280
521 1676 0.1766
521 1677 0.1399
521 1678 0.3426
521 1679 0.0994
521 1682 0.1812
521 1683 0.1566
521 1684 0.1049
521 1685 0.1597
521 1686 0.3400
521 1687 0.0618
521 1688 0.0618
521 1689 0.6803
521 1690 0.3400
521 1691 0.4089
521 1692 0.1210
521 1693 0.0618
521 1694 0.2853
521 1697 0.1922
521 1698 0.2118
521 1699 0.3400
521 1700 0.2227
521 1701 0.0881
521 1702 0.2107
521 1704 0.0881
521 1705 0.2036
521 1707 0.1805
521 1708 0.2267
521 1709 0.3426
521 1710 0.1472
521 1711 0.0881
521 1712 0.7351
521 1713 0.1474
521 1714 0.1628
521 1715 0.0618
521 1717 0.8387
521 1718 0.1049
521 1720 0.3197
521 1721 0.1534
521 1723 0.2252
521 1725 0.1472
521 1726 0.1472
521 1728 0.2351
522 523 0.2047
522 526 0.1589
522 527 0.0821
522 528 0.0880
522 530 0.1308
522 531 0.1615
522 533 0.2953
522 534 0.1210
522 535 0.2067
522 536 0.1044
522 538 0.1062
522 539 0.2330
522 540 0.5492
522 541 0.1080
522 542 0.3407
522 543 0.1812
522 544 0.0562
522 545 0.1607
522 546 0.2021
522 547 0.1667
522 548 0.0608
522 550 0.0990
522 551 0.1665
522 552 0.1908
522 553 0.3391
522 554 0.1355
522 555 0.1227
522 556 0.1557
522 557 0.6674
522 558 0.2322
522 559 0.0975
522 560 0.4565
522 561 0.2132
522 562 0.0939
522 563 0.4145
522 564 0.0826
522 565 0.1479
522 566 0.1383
522 567 0.1383
522 568 0.8115
522 569 0.2266
522 570 0.2344
522 571 0.3464
522 572 0.1619
522 573 0.1905
522 574 0.1018
522 575 0.1812
522 576 0.2871
522 577 0.1036
522 578 0.1008
522 579 0.2851
522 580 0.2033
522 581 0.1864
522 582 0.1390
522 583 0.1348
522 584 0.1193
522 585 0.4976
522 586 0.1537
522 587 0.4502
522 589 0.0912
522 590 0.4278
522 591 0.1452
522 592 0.1628
522 593 0.2347
522 594 0.3034
522 595 0.3325
522 598 0.4905
522 599 0.1204
522 600 0.1652
522 601 0.1079
522 602 0.1285
522 604 0.1182
522 605 0.2239
522 606 0.2204
522 607 0.1710
522 608 0.1586
522 609 0.1028
522 610 0.2108
522 611 0.1667
522 612 0.2085
522 613 0.2473
522 614 0.2764
522 617 0.1556
522 618 0.0906
522 619 0.2233
522 620 0.1056
522 621 0.1731
522 622 0.1882
522 623 0.1817
522 624 0.3541
522 625 0.1745
522 626 0.1057
522 627 0.2537
522 628 0.1309
522 629 0.2475
522 631 0.1317
522 632 0.1016
522 633 0.1068
522 634 0.1493
522 635 0.2138
522 636 0.5415
522 637 0.2276
522 638 0.2072
522 639 0.7315
522 641 0.1277
522 643 0.2535
522 644 0.1858
522 645 0.1481
522 646 0.0896
522 648 0.0925
522 650 0.1679
522 651 0.4387
522 652 0.0974
522 653 0.0681
522 654 0.2059
522 655 0.4781
522 657 0.1182
522 658 0.1915
522 659 0.1599
522 661 0.1607
522 662 0.4778
522 663 0.3302
522 664 0.2759
522 665 0.1762
522 667 0.2264
522 668 0.1722
522 669 0.2174
522 671 0.1724
522 672 0.2265
522 673 0.1204
522 674 0.1183
522 676 0.1478
522 677 0.1948
522 678 0.2582
522 679 0.4198
522 680 0.0979
522 681 0.1396
522 682 0.0766
522 683 0.1807
522 684 0.4586
522 685 0.3108
522 686 0.1643
522 687 0.1634
522 688 0.1634
522 689 0.7003
522 690 0.0922
522 691 0.1521
522 692 0.1383
522 693 0.1178
522 694 0.2104
522 695 0.1141
522 696 0.1334
522 697 0.1023
522 698 0.1213
522 699 0.3044
522 700 0.1764
522 701 0.3213
522 702 0.0946
522 703 0.1098
522 705 0.1754
522 706 0.1530
522 707 0.2479
522 708 0.1864
522 710 0.4787
522 711 0.2552
522 712 0.1036
522 713 0.1702
522 714 0.2488
522 715 0.1525
522 716 0.2174
522 717 0.1470
522 718 0.2308
522 720 0.0990
522 721 0.2033
522 722 0.3370
522 724 0.1521
522 725 0.1908
522 726 0.1701
522 727 0.1349
522 728 0.1686
522 729 0.1141
522 731 0.4391
522 732 0.1660
522 733 0.3233
522 734 0.1689
522 735 0.1388
522 736 0.1833
522 737 0.4548
522 738 0.1972
522 740 0.0882
522 741 0.7592
522 742 0.1088
522 743 0.1969
522 744 0.1802
522 745 0.1363
522 746 0.1864
522 747 0.1285
522 748 0.9221
522 750 0.2322
522 751 0.1667
522 752 0.6424
522 753 0.1394
522 755 0.1904
522 756 0.1864
522 757 0.2643
522 758 0.4108
522 759 0.1457
522 760 0.1794
522 761 0.2264
522 762 0.1479
522 763 0.7243
522 764 0.1864
522 766 0.0692
522 767 0.2174
522 768 0.1618
522 770 0.1911
522 771 0.1475
522 772 0.1754
522 773 0.2210
522 775 0.1269
522 776 0.5129
522 777 0.2771
522 778 0.0731
522 779 0.1368
522 780 0.1728
522 781 0.1479
522 782 0.5787
522 783 0.2420
522 785 0.2396
522 786 0.1595
522 787 0.0921
522 789 0.1279
522 793 0.2049
522 794 0.0750
522 795 0.0922
522 796 0.1271
522 797 0.1645
522 798 0.1965
522 799 0.1806
522 800 0.2033
522 801 0.1546
522 802 0.0948
522 803 0.5481
522 804 0.7676
522 805 0.1431
522 806 0.2331
522 807 0.0922
522 808 0.3311
522 810 0.1325
522 811 0.2786
522 812 0.2330
522 813 0.4375
522 814 0.1774
522 815 0.0922
522 816 0.2066
522 817 0.2153
522 818 0.1383
522 819 0.1667
522 821 0.1853
522 822 0.1702
522 823 0.2667
522 824 0.1864
522 825 0.4016
522 827 0.1643
522 828 0.2097
522 829 0.1840
522 830 0.1734
522 831 0.3361
522 832 0.2039
522 834 0.1063
522 836 0.2164
522 837 0.1383
522 838 0.2021
522 839 0.1976
522 840 0.1383
522 841 0.0983
522 842 0.1962
522 843 0.4384
522 844 0.1047
522 845 0.1666
522 846 0.1097
522 847 0.1383
522 848 0.1817
522 849 0.1180
522 850 0.1178
522 851 0.6030
522 852 0.1383
522 853 0.1479
522 854 0.1949
522 855 0.2235
522 856 0.2685
522 858 0.5116
522 860 0.1499
522 861 0.2331
522 862 0.1025
522 864 0.1102
522 865 0.2839
522 866 0.1754
522 867 0.0826
522 868 0.4028
522 869 0.1068
522 870 0.1172
522 871 0.1672
522 872 0.8419
522 873 0.1667
522 875 0.1864
522 876 0.1667
522 877 0.2011
522 878 0.4615
522 880 0.7828
522 882 0.1383
522 883 0.0970
522 884 0.2033
522 885 0.3200
522 886 0.2227
522 887 0.5019
522 888 0.1889
522 889 0.2113
522 890 0.1864
522 891 0.5655
522 892 0.1383
522 893 0.2021
522 894 0.2881
522 895 0.1507
522 896 0.1847
522 898 0.1456
522 900 0.0854
522 901 0.1839
522 903 0.1338
522 905 0.1122
522 906 0.1686
522 908 0.2165
522 909 0.1592
522 910 0.1392
522 911 0.2163
522 912 0.1153
522 913 0.1651
522 914 0.2903
522 915 0.2425
522 917 0.2264
522 919 0.2093
522 920 0.1976
522 921 0.0854
522 922 0.1898
522 924 0.2117
522 928 0.4986
522 929 0.3420
522 930 0.1636
522 932 0.1812
522 933 0.2771
522 934 0.1667
522 935 0.0941
522 936 0.2839
522 937 0.1425
522 938 0.2285
522 940 0.1635
522 941 0.1607
522 942 0.0804
522 943 0.3246
522 944 0.1846
522 946 0.2021
522 947 0.0908
522 948 0.1667
522 949 0.1423
522 952 0.1305
522 953 0.1584
522 954 0.2011
522 955 0.1595
522 956 0.1180
522 957 0.1150
522 958 0.2190
522 959 0.2436
522 960 0.3018
522 961 0.4159
522 963 0.1864
522 965 0.1368
522 966 0.1706
522 967 0.1856
522 968 0.1793
522 969 0.2079
522 971 0.1917
522 972 0.1006
522 973 0.2567
522 974 0.6531
522 975 0.1793
522 976 0.1219
522 978 0.3246
522 979 0.3989
522 980 0.0935
522 982 0.1812
522 983 0.1182
522 984 0.1754
522 985 0.2903
522 987 0.1579
522 989 0.1351
522 990 0.1754
522 991 0.1864
522 993 0.5499
522 994 0.3302
522 995 0.1292
522 996 0.1812
522 999 0.3199
522 1000 0.1565
522 1001 0.1383
522 1002 0.2488
522 1003 0.6296
522 1004 0.5896
522 1005 0.1680
522 1006 0.1265
522 1007 0.2437
522 1008 0.4061
522 1010 0.2168
522 1013 0.3054
522 1014 0.2159
522 1015 0.2859
522 1016 0.4198
522 1017 0.2148
522 1019 0.1812
522 1020 0.1478
522 1022 0.1734
522 1023 0.2231
522 1024 0.0971
522 1025 0.1812
522 1026 0.1349
522 1027 0.1502
522 1028 0.2544
522 1029 0.1267
522 1030 0.2143
522 1032 0.1667
522 1033 0.1925
522 1034 0.1182
522 1036 0.0931
522 1037 0.2558
522 1039 0.2493
522 1041 0.1452
522 1042 0.1666
522 1043 0.1812
522 1044 0.3618
522 1045 0.1667
522 1046 0.2227
522 1047 0.1369
522 1048 0.1479
522 1049 0.0932
522 1050 0.1864
522 1053 0.0914
522 1054 0.1972
522 1055 0.2302
522 1056 0.1383
522 1057 0.3137
522 1058 0.1259
522 1060 0.1321
522 1061 0.0971
522 1062 0.1178
522 1063 0.4903
522 1064 0.2097
522 1065 0.1278
522 1066 0.1549
522 1067 0.3351
522 1068 0.1211
522 1070 0.0834
522 1072 0.1697
522 1075 0.2125
522 1077 0.3078
522 1078 0.2045
522 1079 0.1626
522 1080 0.1793
522 1081 0.1318
522 1083 0.5967
522 1084 0.1619
522 1085 0.2008
522 1089 0.1387
522 1093 0.1864
522 1094 0.2913
522 1095 0.1453
522 1099 0.9735
522 1102 0.1722
522 1103 0.3239
522 1104 0.1825
522 1105 0.4797
522 1106 0.1086
522 1107 0.2816
522 1109 0.2227
522 1110 0.2880
522 1114 0.1667
522 1115 0.1383
522 1116 0.2616
522 1118 0.1453
522 1120 0.2168
522 1123 0.1897
522 1124 0.1470
522 1125 0.4362
522 1127 0.1916
522 1128 0.6611
522 1129 0.1137
522 1130 0.4647
522 1131 0.2016
522 1133 0.2963
522 1134 0.1812
522 1135 0.9508
522 1136 0.3034
522 1138 0.1365
522 1139 0.1812
522 1141 0.1369
522 1142 0.1222
522 1143 0.2102
522 1144 0.2090
522 1145 0.1812
522 1146 0.1912
522 1147 0.4500
522 1148 0.2902
522 1149 0.1479
522 1150 0.2573
522 1151 0.1415
522 1152 0.4466
522 1153 0.1383
522 1154 0.6213
522 1156 0.2227
522 1157 0.1812
522 1158 0.1900
522 1159 0.1423
522 1160 0.2106
522 1161 0.1306
522 1162 0.1166
522 1163 0.1244
522 1166 0.3703
522 1167 0.1655
522 1169 0.4255
522 1170 0.1146
522 1172 0.1812
522 1174 0.1759
522 1176 0.1730
522 1177 0.1519
522 1178 0.2123
522 1180 0.1447
522 1181 0.1658
522 1182 0.1383
522 1183 0.1667
522 1185 0.1944
522 1186 0.2402
522 1187 0.1838
522 1188 0.1812
522 1189 0.1812
522 1191 0.3853
522 1192 0.1807
522 1193 0.1218
522 1194 0.1137
522 1195 0.1631
522 1196 0.1967
522 1197 0.2360
522 1198 0.2067
522 1199 0.1693
522 1200 0.2138
522 1201 0.2058
522 1202 0.1227
522 1203 0.1793
522 1204 0.2182
522 1205 0.2403
522 1206 0.3805
522 1208 0.2063
522 1209 0.1759
522 1210 0.1312
522 1211 0.3454
522 1212 0.1754
522 1213 0.1299
522 1214 0.1287
522 1215 0.1383
522 1216 0.1667
522 1219 0.1392
522 1221 0.2397
522 1223 0.1041
522 1224 0.1322
522 1225 0.4329
522 1226 0.1733
522 1227 0.1067
522 1228 0.1754
522 1229 0.1540
522 1230 0.2277
522 1231 0.0662
522 1233 0.0824
522 1235 0.1514
522 1236 0.2534
522 1237 0.1660
522 1238 0.1480
522 1240 0.2012
522 1241 0.2357
522 1242 0.5391
522 1243 0.1251
522 1244 0.1146
522 1245 0.1864
522 1246 0.2016
522 1247 0.1479
522 1249 0.0922
522 1250 0.1754
522 1251 0.1394
522 1252 0.1271
522 1253 0.1729
522 1254 0.1012
522 1255 0.1479
522 1256 0.2264
522 1257 0.1442
522 1258 0.2749
522 1259 0.1368
522 1260 0.1156
522 1262 0.1787
522 1263 0.1563
522 1265 0.0940
522 1267 0.0971
522 1268 0.1812
522 1269 0.1507
522 1270 0.2187
522 1271 0.1563
522 1272 0.1812
522 1274 0.1667
522 1275 0.2097
522 1276 0.1861
522 1278 0.0947
522 1279 0.1153
522 1280 0.1453
522 1281 0.1423
522 1282 0.1133
522 1283 0.3851
522 1284 0.1010
522 1286 0.1278
522 1287 0.1401
522 1288 0.1962
522 1289 0.2617
522 1290 0.1182
522 1291 0.1667
522 1292 0.5911
522 1293 0.1990
522 1295 0.0692
522 1296 0.1182
522 1297 0.1392
522 1298 0.1262
522 1299 0.1529
522 1300 0.1110
522 1301 0.1667
522 1303 0.2909
522 1304 0.1549
522 1305 0.2154
522 1306 0.1267
522 1307 0.1059
522 1311 0.1383
522 1315 0.1812
522 1316 0.8880
522 1319 0.1240
522 1320 0.2452
522 1322 0.1537
522 1323 0.1667
522 1324 0.2108
522 1325 0.2682
522 1326 0.1754
522 1327 0.1667
522 1329 0.1667
522 1330 0.1383
522 1331 0.1915
522 1333 0.2108
522 1334 0.1680
522 1335 0.1812
522 1336 0.2016
522 1338 0.1607
522 1339 0.1864
522 1340 0.1667
522 1341 0.1864
522 1342 0.1610
522 1343 0.1754
522 1344 0.1900
522 1345 0.1667
522 1346 0.2168
522 1347 0.1647
522 1348 0.1728
522 1349 0.1667
522 1350 0.2021
522 1351 0.2007
522 1352 0.1812
522 1353 0.1817
522 1354 0.1866
522 1355 0.1383
522 1356 0.3657
522 1358 0.1355
522 1360 0.1425
522 1361 0.1231
522 1362 0.2121
522 1363 0.1396
522 1367 0.2744
522 1368 0.1882
522 1369 0.1590
522 1370 0.2217
522 1372 0.1362
522 1374 0.1607
522 1375 0.0922
522 1377 0.1812
522 1379 0.2168
522 1380 0.1479
522 1381 0.1251
522 1383 0.1437
522 1384 0.2021
522 1385 0.1812
522 1386 0.1956
522 1387 0.1975
522 1388 0.1812
522 1389 0.1754
522 1393 0.0983
522 1394 0.1525
522 1395 0.1468
522 1396 0.1592
522 1397 0.0984
522 1398 0.2351
522 1399 0.1383
522 1402 0.1645
522 1405 0.1213
522 1407 0.1944
522 1408 0.1368
522 1410 0.1442
522 1411 0.1990
522 1412 0.1483
522 1414 0.1812
522 1415 0.0971
522 1416 0.1319
522 1418 0.2033
522 1419 0.1423
522 1420 0.2239
522 1421 0.1428
522 1423 0.1369
522 1424 0.1754
522 1425 0.1369
522 1426 0.5853
522 1427 0.1159
522 1428 0.1754
522 1433 0.0934
522 1434 0.7096
522 1435 0.5266
522 1436 0.4198
522 1437 0.1424
522 1438 0.0908
522 1439 0.1329
522 1440 0.0721
522 1441 0.1667
522 1443 0.2053
522 1446 0.0863
522 1448 0.2090
522 1449 0.1812
522 1452 0.1845
522 1454 0.1479
522 1456 0.2203
522 1458 0.2085
522 1459 0.2033
522 1460 0.2750
522 1461 0.1817
522 1462 0.3319
522 1463 0.1817
522 1464 0.2545
522 1466 0.1823
522 1468 0.1390
522 1470 0.1349
522 1472 0.4721
522 1473 0.2153
522 1474 0.2983
522 1475 0.3267
522 1476 0.3054
522 1477 0.2593
522 1478 0.3291
522 1479 0.5318
522 1480 0.1754
522 1481 0.1430
522 1484 0.2495
522 1485 0.2277
522 1487 0.2292
522 1488 0.1667
522 1491 0.3934
522 1493 0.2331
522 1495 0.1348
522 1496 0.3673
522 1498 0.1383
522 1499 0.1864
522 1500 0.3111
522 1503 0.3936
522 1504 0.6181
522 1505 0.1761
522 1506 0.1976
522 1507 0.3143
522 1508 0.1812
522 1510 0.1614
522 1511 0.1479
522 1512 0.2579
522 1513 0.2085
522 1515 0.1667
522 1516 0.2435
522 1517 0.2304
522 1518 0.6299
522 1519 0.1604
522 1520 0.6693
522 1522 0.1667
522 1523 0.1059
522 1525 0.1991
522 1526 0.4330
522 1527 0.2345
522 1528 0.1714
522 1529 0.2045
522 1530 0.0607
522 1532 0.1430
522 1535 0.1479
522 1536 0.2932
522 1537 0.1182
522 1538 0.2921
522 1541 0.1521
522 1542 0.0968
522 1545 0.1812
522 1546 0.1390
522 1547 0.1059
522 1548 0.1033
522 1550 0.1812
522 1551 0.2445
522 1552 0.1812
522 1553 0.1812
522 1554 0.0772
522 1560 0.1235
522 1565 0.0754
522 1567 0.1916
522 1568 0.1512
522 1569 0.2033
522 1571 0.1812
522 1572 0.2152
522 1573 0.1306
522 1574 0.1479
522 1576 0.1383
522 1577 0.1925
522 1578 0.1601
522 1579 0.1716
522 1580 0.1251
522 1581 0.1426
522 1582 0.1353
522 1583 0.1864
522 1585 0.1479
522 1586 0.2053
522 1587 0.1563
522 1588 0.1689
522 1589 0.0922
522 1590 0.1537
522 1591 0.1293
522 1592 0.2033
522 1593 0.0656
522 1594 0.1164
522 1595 0.1471
522 1596 0.1383
522 1598 0.1479
522 1599 0.1082
522 1600 0.1667
522 1601 0.1396
522 1603 0.1954
522 1605 0.1311
522 1606 0.1261
522 1607 0.2033
522 1608 0.2114
522 1609 0.1390
522 1610 0.1667
522 1612 0.1565
522 1613 0.2329
522 1614 0.1813
522 1615 0.2510
522 1616 0.1812
522 1617 0.1949
522 1618 0.3282
522 1619 0.2092
522 1620 0.1635
522 1621 0.1861
522 1622 0.7230
522 1623 0.2392
522 1624 0.1419
522 1625 0.2053
522 1626 0.0922
522 1628 0.1864
522 1629 0.2062
522 1630 0.1383
522 1631 0.1295
522 1632 0.1976
522 1633 0.1479
522 1634 0.1322
522 1635 0.1667
522 1636 0.2092
522 1637 0.1338
522 1638 0.1394
522 1639 0.1396
522 1640 0.1847
522 1641 0.2212
522 1644 0.2963
522 1645 0.3137
522 1646 0.1542
522 1647 0.1417
522 1648 0.2138
522 1649 0.1864
522 1650 0.1812
522 1651 0.1666
522 1653 0.3489
522 1655 0.2976
522 1659 0.1423
522 1660 0.1539
522 1661 0.2056
522 1662 0.1103
522 1663 0.1383
522 1664 0.0971
522 1666 0.1864
522 1667 0.1627
522 1668 0.1996
522 1672 0.1667
522 1673 0.1759
522 1674 0.2352
522 1676 0.1024
522 1677 0.1441
522 1678 0.2138
522 1679 0.1150
522 1682 0.1442
522 1683 0.1296
522 1684 0.1812
522 1685 0.1368
522 1686 0.1754
522 1687 0.1383
522 1688 0.1383
522 1689 0.8743
522 1690 0.2084
522 1691 0.1951
522 1692 0.1633
522 1693 0.1383
522 1694 0.3012
522 1697 0.0983
522 1698 0.1541
522 1699 0.1754
522 1700 0.1246
522 1701 0.1369
522 1702 0.1178
522 1704 0.1369
522 1705 0.1137
522 1707 0.1432
522 1708 0.0912
522 1709 0.2138
522 1710 0.1864
522 1711 0.1369
522 1712 0.6206
522 1713 0.1273
522 1714 0.0836
522 1715 0.1383
522 1717 0.8254
522 1718 0.1812
522 1720 0.2361
522 1721 0.1667
522 1723 0.0888
522 1725 0.1864
522 1726 0.1864
522 1728 0.1533
523 526 0.0865
523 527 0.1451
523 528 0.0441
523 530 0.1305
523 531 0.2499
523 533 0.0808
523 534 0.5202
523 535 0.0852
523 536 0.9554
523 538 0.0864
523 539 0.2070
523 540 0.0904
523 541 0.2763
523 542 0.0833
523 543 0.1614
523 544 0.1672
523 545 0.2349
523 546 0.1259
523 547 0.1203
523 548 0.1977
523 550 0.7092
523 551 0.2284
523 552 0.2047
523 553 0.5244
523 554 0.5880
523 555 0.1054
523 556 0.3255
523 557 0.1302
523 558 0.2439
523 559 0.7667
523 560 0.9547
523 561 0.1230
523 562 0.9178
523 563 0.1669
523 564 0.7362
523 565 0.1778
523 566 0.1386
523 567 0.1386
523 568 0.9847
523 569 0.7020
523 570 0.1156
523 571 0.3569
523 572 0.0899
523 573 0.1993
523 574 0.0629
523 575 0.1754
523 576 0.2650
523 577 0.2634
523 578 0.5949
523 579 0.2915
523 580 0.0892
523 581 0.1206
523 582 0.4472
523 583 0.9066
523 584 0.0417
523 585 0.1838
523 586 0.1278
523 587 0.4058
523 589 0.6709
523 590 0.7177
523 591 0.4297
523 592 0.0888
523 593 0.4980
523 594 0.2052
523 595 0.1185
523 598 0.1167
523 599 0.7818
523 600 0.2019
523 601 0.1337
523 602 0.2536
523 604 0.5166
523 605 0.1502
523 606 0.7157
523 607 0.1884
523 608 0.2238
523 609 0.1179
523 610 0.1820
523 611 0.1734
523 612 0.1079
523 613 0.7257
523 614 0.2420
523 617 0.3251
523 618 0.8046
523 619 0.2323
523 620 0.5765
523 621 0.4121
523 622 0.2360
523 623 0.1816
523 624 0.0882
523 625 0.3898
523 626 0.8486
523 627 0.1287
523 628 0.7353
523 629 0.1353
523 631 0.1955
523 632 0.0814
523 633 0.4689
523 634 0.4596
523 635 0.2087
523 636 0.2717
523 637 0.2318
523 638 0.0908
523 639 0.9746
523 641 0.5494
523 643 0.3650
523 644 0.4680
523 645 0.1956
523 646 0.6559
523 648 0.9300
523 650 0.1178
523 651 0.0703
523 652 0.0857
523 653 0.1672
523 654 0.1504
523 655 0.1643
523 657 0.5166
523 658 0.2317
523 659 0.4245
523 661 0.2349
523 662 0.2634
523 663 0.0517
523 664 0.1843
523 665 0.0910
523 667 0.2783
523 668 0.2434
523 669 0.1754
523 671 0.1432
523 672 0.8158
523 673 0.7818
523 674 0.1127
523 676 0.3870
523 677 0.7794
523 678 0.0917
523 679 0.0413
523 680 0.8973
523 681 0.0583
523 682 0.8738
523 683 0.1355
523 684 0.1336
523 685 0.8814
523 686 0.4510
523 687 0.0730
523 688 0.0955
523 689 0.1412
523 690 0.2638
523 691 0.1922
523 692 0.1386
523 693 0.1853
523 694 0.6393
523 695 0.6354
523 696 0.3377
523 697 0.2478
523 698 0.3180
523 699 0.1398
523 700 0.1216
523 701 0.2829
523 702 0.0944
523 703 0.1268
523 705 0.1921
523 706 0.9360
523 707 0.8834
523 708 0.1589
523 710 0.1703
523 711 0.2429
523 712 0.7637
523 713 0.1734
523 714 0.2505
523 715 0.1675
523 716 0.1754
523 717 0.5372
523 718 0.2271
523 720 0.7092
523 721 0.1715
523 722 0.9542
523 724 0.1922
523 725 0.2047
523 726 0.0694
523 727 0.1041
523 728 0.3218
523 729 0.0554
523 731 0.0939
523 732 0.0718
523 733 0.1952
523 734 0.0851
523 735 0.5904
523 736 0.1593
523 737 0.4376
523 738 0.1911
523 740 0.1044
523 741 0.1219
523 742 0.0970
523 743 0.1142
523 744 0.0645
523 745 0.1769
523 746 0.1589
523 747 0.2737
523 748 0.6657
523 750 0.1042
523 751 0.1734
523 752 0.1633
523 753 0.1189
523 755 0.0281
523 756 0.1206
523 757 0.3747
523 758 0.2539
523 759 0.6890
523 760 0.2746
523 761 0.1850
523 762 0.1778
523 763 0.1095
523 764 0.1746
523 766 0.8654
523 767 0.1754
523 768 0.6366
523 770 0.1734
523 771 0.9131
523 772 0.1921
523 773 0.1015
523 775 0.0746
523 776 0.1243
523 777 0.5449
523 778 0.6867
523 779 0.0929
523 780 0.2096
523 781 0.1778
523 782 0.0473
523 783 0.2870
523 785 0.0855
523 786 0.5902
523 787 0.1980
523 789 0.0781
523 793 0.1088
523 794 0.6808
523 795 0.2638
523 796 0.1161
523 797 0.1985
523 798 0.4580
523 799 0.2265
523 800 0.0892
523 801 0.2998
523 802 0.7727
523 803 0.9049
523 804 0.2764
523 805 0.0406
523 806 0.1034
523 807 0.2638
523 808 0.2103
523 810 0.5977
523 811 0.9324
523 812 0.2070
523 813 0.4669
523 814 0.2196
523 815 0.2638
523 816 0.0796
523 817 0.8981
523 818 0.1386
523 819 0.1913
523 821 0.2521
523 822 0.1734
523 823 0.2978
523 824 0.1907
523 825 0.0464
523 827 0.4661
523 828 0.0384
523 829 0.2050
523 830 0.2038
523 831 0.3002
523 832 0.1155
523 834 0.1804
523 836 0.2981
523 837 0.1386
523 838 0.2430
523 839 0.3372
523 840 0.1386
523 841 0.1243
523 842 0.2662
523 843 0.0874
523 844 0.2426
523 845 0.1743
523 846 0.1535
523 847 0.1386
523 848 0.1820
523 849 0.0731
523 850 0.1853
523 851 0.3004
523 852 0.1386
523 853 0.1778
523 854 0.1416
523 855 0.4894
523 856 0.1432
523 858 0.0864
523 860 0.2824
523 861 0.0926
523 862 0.5508
523 864 0.5510
523 865 0.0825
523 866 0.1747
523 867 0.3412
523 868 0.0916
