181 361 0.4337
181 362 0.2185
181 363 0.1534
181 364 0.3555
181 366 0.0618
181 367 0.1797
181 368 0.1461
181 369 0.1397
181 370 0.3429
181 371 0.2092
181 372 0.2247
181 373 0.2321
181 374 0.1824
181 375 0.1087
181 376 0.1985
181 377 0.3444
181 378 0.1716
181 379 0.1146
181 380 0.1534
181 381 0.2640
181 382 0.1049
181 383 0.1500
181 384 0.4579
181 386 0.2426
181 387 0.2018
181 388 0.3771
181 389 0.2453
181 391 0.3115
181 392 0.5899
181 393 0.2340
181 394 0.1795
181 395 0.2357
181 396 0.3480
181 398 0.3771
181 399 0.6620
181 400 0.0618
181 402 0.1535
181 403 0.3472
181 404 0.1259
181 405 0.1223
181 406 0.5179
181 407 0.1406
181 408 0.2402
181 409 0.1984
181 410 0.3400
181 411 0.1989
181 412 0.3932
181 413 0.1530
181 414 0.2341
181 415 0.2930
181 416 0.4206
181 418 0.3907
181 419 0.1707
181 420 0.1535
181 421 0.0959
181 422 0.0807
181 423 0.1110
181 424 0.2601
181 425 0.1101
181 426 0.1472
181 427 0.1781
181 428 0.2239
181 430 0.1534
181 432 0.3309
181 433 0.2228
181 434 0.5236
181 435 0.0618
181 436 0.1746
181 438 0.5307
181 439 0.1634
181 440 0.1587
181 441 0.3080
181 442 0.2742
181 443 0.1531
181 444 0.1837
181 445 0.0940
181 447 0.2620
181 449 0.2798
181 450 0.1685
181 451 0.2706
181 452 0.3982
181 454 0.5007
181 455 0.3294
181 456 0.1519
181 457 0.1049
181 458 0.2198
181 459 0.4245
181 460 0.3197
181 461 0.2190
181 462 0.1367
181 463 0.3361
181 464 0.2976
181 465 0.2448
181 466 0.6621
181 467 0.1631
181 468 0.0895
181 469 0.2909
181 470 0.2883
181 471 0.4786
181 472 0.4397
181 475 0.2575
181 476 0.2224
181 478 0.1534
181 479 0.0618
181 480 0.1849
181 481 0.2483
181 482 0.1534
181 484 0.3429
181 485 0.2873
181 486 0.2166
181 487 0.3400
181 488 0.3437
181 491 0.3655
181 492 0.2006
181 494 0.2163
181 495 0.5330
181 496 0.1259
181 497 0.2304
181 498 0.4627
181 499 0.1542
181 500 0.1259
181 501 0.1382
181 503 0.2081
181 504 0.2030
181 506 0.1762
181 507 0.1959
181 508 0.1534
181 509 0.2803
181 510 0.1907
181 511 0.2473
181 512 0.1995
181 513 0.0881
181 514 0.2643
181 515 0.2503
181 516 0.1981
181 517 0.2519
181 518 0.2180
181 519 0.4414
181 520 0.0843
181 521 0.1701
181 522 0.2274
181 523 0.1386
181 526 0.1495
181 527 0.2864
181 528 0.1542
181 530 0.1784
181 531 0.1541
181 533 0.3919
181 534 0.4335
181 535 0.2506
181 536 0.2711
181 538 0.1762
181 539 0.1531
181 540 0.2484
181 541 0.1287
181 542 0.1112
181 543 0.1049
181 544 0.3904
181 545 0.2395
181 546 0.3400
181 547 0.1534
181 548 0.3666
181 550 0.2035
181 551 0.1499
181 552 0.1383
181 553 0.5293
181 554 0.2120
181 555 0.2182
181 556 0.2370
181 557 0.4124
181 558 0.3771
181 559 0.1354
181 560 0.4255
181 561 0.2054
181 562 0.0868
181 563 0.4158
181 564 0.1337
181 565 0.0959
181 566 0.0618
181 567 0.0618
181 568 0.5561
181 569 0.1045
181 570 0.0978
181 571 0.4872
181 572 0.1427
181 573 0.1535
181 574 0.2060
181 575 0.1049
181 576 0.2897
181 577 0.1310
181 578 0.1406
181 579 0.5705
181 580 0.3197
181 581 0.1472
181 582 0.1375
181 583 0.1433
181 584 0.2078
181 585 0.2553
181 586 0.1314
181 587 0.4085
181 589 0.1868
181 590 0.6586
181 591 0.1711
181 592 0.5327
181 593 0.4157
181 594 0.1734
181 595 0.1690
181 598 0.2411
181 599 0.1303
181 600 0.1387
181 601 0.1728
181 602 0.2587
181 604 0.0807
181 605 0.3209
181 606 0.1954
181 607 0.2273
181 608 0.2389
181 609 0.1776
181 610 0.1536
181 611 0.1534
181 612 0.2132
181 613 0.5208
181 614 0.3592
181 617 0.2331
181 618 0.4402
181 619 0.5276
181 620 0.1758
181 621 0.2932
181 622 0.1182
181 623 0.1536
181 624 0.1807
181 625 0.2539
181 626 0.3347
181 627 0.1016
181 628 0.1778
181 629 0.2124
181 631 0.2001
181 632 0.2369
181 633 0.1579
181 634 0.2177
181 635 0.3426
181 636 0.1268
181 637 0.2684
181 638 0.3308
181 639 0.5104
181 641 0.2377
181 643 0.2991
181 644 0.4218
181 645 0.2485
181 646 0.3832
181 648 0.2438
181 650 0.2243
181 651 0.3992
181 652 0.1701
181 653 0.4576
181 654 0.1785
181 655 0.1637
181 657 0.0807
181 658 0.2507
181 659 0.2111
181 661 0.2395
181 662 0.2674
181 663 0.2972
181 664 0.4498
181 665 0.2086
181 667 0.1549
181 668 0.2230
181 669 0.1049
181 671 0.2400
181 672 0.4001
181 673 0.1303
181 674 0.4215
181 676 0.1427
181 677 0.2005
181 678 0.0893
181 679 0.1560
181 680 0.0852
181 681 0.1824
181 682 0.1933
181 683 0.1240
181 684 0.2342
181 685 0.3798
181 686 0.4117
181 687 0.1773
181 688 0.3302
181 689 0.1505
181 690 0.1259
181 691 0.1255
181 692 0.0618
181 693 0.2107
181 694 0.3092
181 695 0.4173
181 696 0.1499
181 697 0.1888
181 698 0.2064
181 699 0.2937
181 700 0.4367
181 701 0.2368
181 702 0.1762
181 703 0.2202
181 705 0.3400
181 706 0.1463
181 707 0.4673
181 708 0.1472
181 710 0.1308
181 711 0.4173
181 712 0.2127
181 713 0.1472
181 714 0.1764
181 715 0.3383
181 716 0.1049
181 717 0.1293
181 718 0.3348
181 720 0.2035
181 721 0.3197
181 722 0.4990
181 724 0.1255
181 725 0.1383
181 726 0.4206
181 727 0.2453
181 728 0.1406
181 729 0.3873
181 731 0.2409
181 732 0.3034
181 733 0.3718
181 734 0.2874
181 735 0.0981
181 736 0.3304
181 737 0.3589
181 738 0.2395
181 740 0.2040
181 741 0.3047
181 742 0.2776
181 743 0.1954
181 744 0.4175
181 745 0.1595
181 746 0.1472
181 747 0.1930
181 748 0.5164
181 750 0.1503
181 751 0.1534
181 752 0.6709
181 753 0.1633
181 755 0.1337
181 756 0.1472
181 757 0.4720
181 758 0.2544
181 759 0.3412
181 760 0.1178
181 761 0.1549
181 762 0.0959
181 763 0.1540
181 764 0.1472
181 766 0.2002
181 767 0.1049
181 768 0.4047
181 770 0.1534
181 771 0.1425
181 772 0.3400
181 773 0.1535
181 775 0.2149
181 776 0.4607
181 777 0.2086
181 778 0.4059
181 779 0.1597
181 780 0.3556
181 781 0.0959
181 782 0.1622
181 783 0.3155
181 785 0.1913
181 786 0.1732
181 787 0.1802
181 789 0.2404
181 793 0.4859
181 794 0.3692
181 795 0.1259
181 796 0.1927
181 797 0.1468
181 798 0.1690
181 799 0.1985
181 800 0.3197
181 801 0.1513
181 802 0.2022
181 803 0.4134
181 804 0.4591
181 805 0.0956
181 806 0.1472
181 807 0.1259
181 808 0.5723
181 810 0.1226
181 811 0.6172
181 812 0.1531
181 813 0.4474
181 814 0.1574
181 815 0.1259
181 816 0.2392
181 817 0.4211
181 818 0.0618
181 819 0.1534
181 821 0.3046
181 822 0.1472
181 823 0.2899
181 824 0.1472
181 825 0.3726
181 827 0.4487
181 828 0.1473
181 829 0.1857
181 830 0.1397
181 831 0.3609
181 832 0.6120
181 834 0.2642
181 836 0.2951
181 837 0.0618
181 838 0.3575
181 839 0.3079
181 840 0.0618
181 841 0.1234
181 842 0.2791
181 843 0.3162
181 844 0.1721
181 845 0.1223
181 846 0.1476
181 847 0.0618
181 848 0.1536
181 849 0.1897
181 850 0.2107
181 851 0.5122
181 852 0.0618
181 853 0.0959
181 854 0.1534
181 855 0.2009
181 856 0.2547
181 858 0.1960
181 860 0.2162
181 861 0.1472
181 862 0.2288
181 864 0.1877
181 865 0.1705
181 866 0.3400
181 867 0.0874
181 868 0.2434
181 869 0.2029
181 870 0.1269
181 871 0.2471
181 872 0.7468
181 873 0.1534
181 875 0.1472
181 876 0.1534
181 877 0.1534
181 878 0.3517
181 880 0.3184
181 882 0.0618
181 883 0.1438
181 884 0.3197
181 885 0.1965
181 886 0.3209
181 887 0.2420
181 888 0.1777
181 889 0.2484
181 890 0.1343
181 891 0.1993
181 892 0.0618
181 893 0.3575
181 894 0.3267
181 895 0.3964
181 896 0.1426
181 898 0.4615
181 900 0.0834
181 901 0.2389
181 903 0.2475
181 905 0.3411
181 906 0.1406
181 908 0.3084
181 909 0.2079
181 910 0.1818
181 911 0.3429
181 912 0.0846
181 913 0.2546
181 914 0.2937
181 915 0.2468
181 917 0.1549
181 919 0.1394
181 920 0.3079
181 921 0.1618
181 922 0.2401
181 924 0.3267
181 928 0.2102
181 929 0.2696
181 930 0.5465
181 932 0.1049
181 933 0.1549
181 934 0.1534
181 935 0.4256
181 936 0.1705
181 937 0.1438
181 938 0.1580
181 940 0.3391
181 941 0.2395
181 942 0.2294
181 943 0.2258
181 944 0.3731
181 946 0.1442
181 947 0.1793
181 948 0.1534
181 949 0.1395
181 952 0.2944
181 953 0.2142
181 954 0.1534
181 955 0.1193
181 956 0.1388
181 957 0.0994
181 958 0.4298
181 959 0.2588
181 960 0.2927
181 961 0.1336
181 963 0.1472
181 965 0.1597
181 966 0.1227
181 967 0.3759
181 968 0.3989
181 969 0.1809
181 971 0.3020
181 972 0.2304
181 973 0.0916
181 974 0.5563
181 975 0.1531
181 976 0.3449
181 978 0.2212
181 979 0.2470
181 980 0.1794
181 982 0.1049
181 983 0.0807
181 984 0.3400
181 985 0.2937
181 987 0.1898
181 989 0.2070
181 990 0.4555
181 991 0.1472
181 993 0.6729
181 994 0.4388
181 995 0.1945
181 996 0.1049
181 999 0.2158
181 1000 0.2380
181 1001 0.1472
181 1002 0.4144
181 1003 0.2227
181 1004 0.4771
181 1005 0.2356
181 1006 0.2094
181 1007 0.4166
181 1008 0.3222
181 1010 0.2111
181 1013 0.2138
181 1014 0.2149
181 1015 0.0935
181 1016 0.1560
181 1017 0.1941
181 1019 0.1049
181 1020 0.1802
181 1022 0.1424
181 1023 0.2408
181 1024 0.1110
181 1025 0.1049
181 1026 0.1966
181 1027 0.2817
181 1028 0.1701
181 1029 0.1659
181 1030 0.4974
181 1032 0.1534
181 1033 0.0997
181 1034 0.0807
181 1036 0.2651
181 1037 0.1554
181 1039 0.1882
181 1041 0.1454
181 1042 0.1223
181 1043 0.1049
181 1044 0.2115
181 1045 0.1534
181 1046 0.1049
181 1047 0.0881
181 1048 0.0959
181 1049 0.1950
181 1050 0.1472
181 1053 0.2167
181 1054 0.4395
181 1055 0.1508
181 1056 0.0618
181 1057 0.1704
181 1058 0.1913
181 1060 0.3661
181 1061 0.1110
181 1062 0.2107
181 1063 0.3303
181 1064 0.1520
181 1065 0.4399
181 1066 0.1693
181 1067 0.2452
181 1068 0.2725
181 1070 0.2241
181 1072 0.1210
181 1075 0.1641
181 1077 0.2138
181 1078 0.3197
181 1079 0.4441
181 1080 0.0618
181 1081 0.1316
181 1083 0.4406
181 1084 0.1431
181 1085 0.3400
181 1089 0.1414
181 1093 0.1472
181 1094 0.5722
181 1095 0.2234
181 1099 0.8271
181 1102 0.1534
181 1103 0.3733
181 1104 0.1984
181 1105 0.2886
181 1106 0.1857
181 1107 0.2579
181 1109 0.3209
181 1110 0.1193
181 1114 0.1534
181 1115 0.0618
181 1116 0.3079
181 1118 0.1451
181 1120 0.1472
181 1123 0.3010
181 1124 0.4764
181 1125 0.2222
181 1127 0.1397
181 1128 0.6751
181 1129 0.1630
181 1130 0.2133
181 1131 0.3181
181 1133 0.3609
181 1134 0.1049
181 1135 0.4768
181 1136 0.1734
181 1138 0.4342
181 1139 0.1049
181 1141 0.0881
181 1142 0.1438
181 1143 0.1472
181 1144 0.1472
181 1145 0.1049
181 1146 0.4349
181 1147 0.2167
181 1148 0.4013
181 1149 0.0959
181 1150 0.2069
181 1151 0.2393
181 1152 0.5132
181 1153 0.0618
181 1154 0.2540
181 1156 0.3209
181 1157 0.1049
181 1158 0.3484
181 1159 0.1395
181 1160 0.2587
181 1161 0.2420
181 1162 0.4137
181 1163 0.5409
181 1166 0.1375
181 1167 0.1842
181 1169 0.2176
181 1170 0.1587
181 1172 0.1049
181 1174 0.1519
181 1176 0.1412
181 1177 0.4688
181 1178 0.1629
181 1180 0.4753
181 1181 0.1306
181 1182 0.0618
181 1183 0.1534
181 1185 0.3150
181 1186 0.4908
181 1187 0.1277
181 1188 0.1049
181 1189 0.1049
181 1191 0.3853
181 1192 0.1240
181 1193 0.1691
181 1194 0.2036
181 1195 0.2506
181 1196 0.1214
181 1197 0.2737
181 1198 0.3771
181 1199 0.2660
181 1200 0.1429
181 1201 0.2087
181 1202 0.1746
181 1203 0.1531
181 1204 0.1504
181 1205 0.1535
181 1206 0.1917
181 1208 0.1783
181 1209 0.1519
181 1210 0.2334
181 1211 0.4451
181 1212 0.3400
181 1213 0.1322
181 1214 0.1642
181 1215 0.0618
181 1216 0.1534
181 1219 0.1581
181 1221 0.3500
181 1223 0.1292
181 1224 0.2430
181 1225 0.6508
181 1226 0.2163
181 1227 0.2755
181 1228 0.3400
181 1229 0.4083
181 1230 0.1722
181 1231 0.3658
181 1233 0.1667
181 1235 0.1289
181 1236 0.2147
181 1237 0.2013
181 1238 0.1709
181 1240 0.4502
181 1241 0.4226
181 1242 0.2128
181 1243 0.1873
181 1244 0.1587
181 1245 0.1472
181 1246 0.3181
181 1247 0.0959
181 1249 0.1259
181 1250 0.3400
181 1251 0.1379
181 1252 0.4506
181 1253 0.2528
181 1254 0.1613
181 1255 0.0959
181 1256 0.1560
181 1257 0.1812
181 1258 0.2663
181 1259 0.1597
181 1260 0.2607
181 1262 0.1570
181 1263 0.3400
181 1265 0.1057
181 1267 0.1110
181 1268 0.1049
181 1269 0.2306
181 1270 0.2584
181 1271 0.3400
181 1272 0.1049
181 1274 0.1534
181 1275 0.2806
181 1276 0.2987
181 1278 0.2201
181 1279 0.5288
181 1280 0.2686
181 1281 0.1395
181 1282 0.0994
181 1283 0.3541
181 1284 0.1323
181 1286 0.2727
181 1287 0.1208
181 1288 0.2791
181 1289 0.1601
181 1290 0.0807
181 1291 0.1534
181 1292 0.5907
181 1293 0.1295
181 1295 0.2002
181 1296 0.0807
181 1297 0.4416
181 1298 0.1806
181 1299 0.2188
181 1300 0.1324
181 1301 0.1534
181 1303 0.1676
181 1304 0.1945
181 1305 0.1751
181 1306 0.1210
181 1307 0.0940
181 1311 0.0618
181 1315 0.1049
181 1316 0.6504
181 1319 0.1679
181 1320 0.3209
181 1322 0.2347
181 1323 0.1534
181 1324 0.1536
181 1325 0.3209
181 1326 0.3400
181 1327 0.1534
181 1329 0.1534
181 1330 0.0618
181 1331 0.2762
181 1333 0.1536
181 1334 0.2356
181 1335 0.1049
181 1336 0.3181
181 1338 0.2395
181 1339 0.1472
181 1340 0.1534
181 1341 0.1472
181 1342 0.1873
181 1343 0.3400
181 1344 0.3413
181 1345 0.1534
181 1346 0.1472
181 1347 0.1214
181 1348 0.3766
181 1349 0.1534
181 1350 0.3575
181 1351 0.2380
181 1352 0.1049
181 1353 0.1536
181 1354 0.1534
181 1355 0.0618
181 1356 0.2361
181 1358 0.4214
181 1360 0.1304
181 1361 0.1723
181 1362 0.1701
181 1363 0.1824
181 1367 0.1536
181 1368 0.1664
181 1369 0.3912
181 1370 0.3982
181 1372 0.2185
181 1374 0.2395
181 1375 0.1259
181 1377 0.1049
181 1379 0.1472
181 1380 0.0959
181 1381 0.1403
181 1383 0.1278
181 1384 0.3400
181 1385 0.1049
181 1386 0.1462
181 1387 0.4706
181 1388 0.1049
181 1389 0.3400
181 1393 0.1234
181 1394 0.1908
181 1395 0.1942
181 1396 0.2197
181 1397 0.2691
181 1398 0.1440
181 1399 0.0618
181 1402 0.1468
181 1405 0.2378
181 1407 0.1472
181 1408 0.1597
181 1410 0.1812
181 1411 0.1749
181 1412 0.2516
181 1414 0.1049
181 1415 0.1110
181 1416 0.4286
181 1418 0.3197
181 1419 0.1886
181 1420 0.3209
181 1421 0.2570
181 1423 0.0881
181 1424 0.3400
181 1425 0.0881
181 1426 0.4093
181 1427 0.0958
181 1428 0.3400
181 1433 0.1423
181 1434 0.7294
181 1435 0.5383
181 1436 0.1560
181 1437 0.2407
181 1438 0.1787
181 1439 0.0912
181 1440 0.1813
181 1441 0.1534
181 1443 0.3209
181 1446 0.0941
181 1448 0.1472
181 1449 0.1049
181 1452 0.1513
181 1454 0.0959
181 1456 0.2348
181 1458 0.2132
181 1459 0.3197
181 1460 0.1156
181 1461 0.1536
181 1462 0.3247
181 1463 0.1536
181 1464 0.1498
181 1466 0.2460
181 1468 0.1375
181 1470 0.2453
181 1472 0.3149
181 1473 0.2836
181 1474 0.1910
181 1475 0.1970
181 1476 0.2138
181 1477 0.1580
181 1478 0.1617
181 1479 0.4179
181 1480 0.3400
181 1481 0.2150
181 1484 0.2859
181 1485 0.2485
181 1487 0.2460
181 1488 0.1534
181 1491 0.1719
181 1493 0.1472
181 1495 0.1580
181 1496 0.1807
181 1498 0.0618
181 1499 0.1472
181 1500 0.1989
181 1503 0.2287
181 1504 0.1451
181 1505 0.2200
181 1506 0.3079
181 1507 0.3713
181 1508 0.1049
181 1510 0.1206
181 1511 0.0959
181 1512 0.1577
181 1513 0.2132
181 1515 0.1534
181 1516 0.3303
181 1517 0.3575
181 1518 0.2877
181 1519 0.5119
181 1520 0.5258
181 1522 0.1534
181 1523 0.0940
181 1525 0.2082
181 1526 0.1573
181 1527 0.1532
181 1528 0.1409
181 1529 0.1902
181 1530 0.1639
181 1532 0.3914
181 1535 0.0959
181 1536 0.1561
181 1537 0.0807
181 1538 0.1577
181 1541 0.1255
181 1542 0.2638
181 1545 0.0618
181 1546 0.1375
181 1547 0.0940
181 1548 0.1367
181 1550 0.1049
181 1551 0.3042
181 1552 0.1049
181 1553 0.1049
181 1554 0.1580
181 1560 0.1710
181 1565 0.1655
181 1567 0.1556
181 1568 0.1402
181 1569 0.3197
181 1571 0.1049
181 1572 0.1577
181 1573 0.2420
181 1574 0.0959
181 1576 0.0618
181 1577 0.0997
181 1578 0.2331
181 1579 0.2513
181 1580 0.1403
181 1581 0.3358
181 1582 0.4272
181 1583 0.1472
181 1585 0.3749
181 1586 0.3209
181 1587 0.3400
181 1588 0.1418
181 1589 0.1259
181 1590 0.2720
181 1591 0.2412
181 1592 0.3197
181 1593 0.3810
181 1594 0.2033
181 1595 0.2257
181 1596 0.0618
181 1598 0.0959
181 1599 0.2992
181 1600 0.1534
181 1601 0.1824
181 1603 0.1554
181 1605 0.1933
181 1606 0.2006
181 1607 0.3197
181 1608 0.1310
181 1609 0.1375
181 1610 0.1534
181 1612 0.1933
181 1613 0.3418
181 1614 0.2772
181 1615 0.2141
181 1616 0.1049
181 1617 0.1534
181 1618 0.3066
181 1619 0.1534
181 1620 0.3391
181 1621 0.2657
181 1622 0.7745
181 1623 0.1438
181 1624 0.1268
181 1625 0.3209
181 1626 0.1259
181 1628 0.1472
181 1629 0.2836
181 1630 0.0618
181 1631 0.1939
181 1632 0.3580
181 1633 0.0959
181 1634 0.2430
181 1635 0.1534
181 1636 0.1534
181 1637 0.1872
181 1638 0.1633
181 1639 0.1824
181 1640 0.1426
181 1641 0.3980
181 1644 0.3609
181 1645 0.3348
181 1646 0.4193
181 1647 0.1716
181 1648 0.3426
181 1649 0.1472
181 1650 0.1049
181 1651 0.1223
181 1653 0.2790
181 1655 0.2060
181 1659 0.1395
181 1660 0.2191
181 1661 0.1448
181 1662 0.1162
181 1663 0.0618
181 1664 0.1110
181 1666 0.1472
181 1667 0.2651
181 1668 0.2222
181 1672 0.1534
181 1673 0.1519
181 1674 0.4280
181 1676 0.1980
181 1677 0.1399
181 1678 0.3426
181 1679 0.0994
181 1682 0.1812
181 1683 0.2391
181 1684 0.1049
181 1685 0.1597
181 1686 0.3400
181 1687 0.0618
181 1688 0.0618
181 1689 0.6813
181 1690 0.3400
181 1691 0.4089
181 1692 0.1210
181 1693 0.0618
181 1694 0.2853
181 1697 0.1922
181 1698 0.2118
181 1699 0.3400
181 1700 0.2227
181 1701 0.0881
181 1702 0.2107
181 1704 0.0881
181 1705 0.2036
181 1707 0.1805
181 1708 0.2267
181 1709 0.3426
181 1710 0.1472
181 1711 0.0881
181 1712 0.7423
181 1713 0.1474
181 1714 0.1628
181 1715 0.0618
181 1717 0.8491
181 1718 0.1049
181 1720 0.3197
181 1721 0.1534
181 1723 0.2252
181 1725 0.1472
181 1726 0.1472
181 1728 0.2351
182 183 0.1860
182 184 0.1043
182 185 0.1773
182 186 0.2029
182 187 0.2456
182 188 0.0687
182 189 0.1140
182 190 0.1108
182 191 0.2019
182 192 0.5112
182 193 0.1753
182 194 0.4441
182 195 0.3369
182 196 0.3381
182 197 0.1453
182 198 0.1146
182 199 0.1268
182 200 0.1077
182 201 0.1975
182 203 0.1949
182 204 0.2496
182 206 0.2293
182 207 0.1262
182 208 0.2106
182 209 0.2184
182 210 0.2271
182 211 0.1095
182 212 0.1704
182 215 0.2495
182 216 0.1605
182 217 0.1027
182 218 0.2797
182 219 0.1179
182 220 0.1257
182 221 0.1761
182 222 0.1392
182 223 0.1667
182 224 0.1407
182 225 0.1658
182 226 0.4021
182 227 0.2402
182 228 0.3218
182 229 0.3081
182 230 0.1048
182 231 0.1484
182 232 0.2019
182 233 0.1392
182 234 0.2972
182 235 0.1173
182 236 0.1637
182 237 0.1314
182 238 0.1615
182 239 0.1566
182 240 0.3544
182 241 0.1370
182 242 0.1135
182 243 0.1518
182 244 0.1429
182 245 0.3458
182 246 0.1360
182 248 0.1700
182 249 0.1773
182 250 0.1179
182 251 0.3754
182 253 0.1457
182 254 0.3438
182 255 0.1451
182 256 0.4602
182 257 0.1901
182 258 0.3416
182 259 0.1478
182 260 0.1773
182 261 0.1137
182 262 0.4673
182 263 0.1452
182 264 0.1038
182 265 0.1319
182 266 0.0738
182 267 0.1552
182 268 0.3444
182 269 0.5589
182 270 0.2945
182 271 0.1368
182 272 0.1901
182 273 0.1183
182 274 0.1799
182 275 0.0981
182 276 0.6462
182 278 0.1623
182 279 0.1519
182 280 0.1979
182 282 0.2993
182 283 0.1591
182 284 0.1785
182 285 0.0958
182 286 0.5336
182 287 0.1041
182 288 0.3635
182 289 0.1859
182 290 0.2020
182 291 0.1334
182 292 0.1140
182 293 0.2693
182 294 0.1177
182 295 0.1036
182 296 0.1030
182 297 0.4918
182 298 0.4170
182 299 0.1457
182 300 0.0812
182 301 0.2063
182 303 0.1860
182 304 0.2713
182 305 0.0920
182 306 0.2223
182 308 0.1874
182 309 0.1258
182 310 0.1295
182 311 0.1566
182 312 0.1623
182 313 0.1773
182 314 0.3694
182 315 0.4507
182 316 0.1670
182 317 0.1882
182 319 0.2688
182 320 0.1570
182 321 0.6123
182 322 0.1043
182 324 0.1492
182 325 0.1493
182 326 0.2324
182 327 0.1773
182 328 0.1501
182 330 0.1486
182 331 0.3775
182 332 0.3878
182 333 0.1589
182 334 0.1901
182 335 0.0947
182 336 0.3116
182 337 0.1605
182 338 0.4142
182 339 0.2256
182 340 0.3989
182 341 0.5422
182 342 0.2059
182 343 0.1937
182 344 0.0737
182 346 0.1826
182 347 0.4181
182 348 0.1949
182 349 0.1604
182 350 0.3302
182 351 0.2233
182 352 0.1905
182 353 0.1454
182 354 0.1447
182 356 0.1072
182 357 0.2818
182 358 0.1436
182 359 0.1623
182 360 0.2232
182 361 0.4437
182 362 0.3593
182 363 0.1773
182 364 0.5136
182 366 0.1860
182 367 0.2784
182 368 0.2160
182 369 0.1876
182 370 0.2541
182 371 0.4871
182 372 0.3229
182 373 0.1285
182 374 0.2993
182 375 0.1732
182 376 0.1604
182 377 0.1148
182 378 0.1454
182 379 0.1185
182 380 0.3353
182 381 0.5979
182 382 0.2019
182 383 0.5988
182 384 0.2411
182 386 0.2119
182 387 0.1385
182 388 0.2667
182 389 0.1605
182 391 0.1597
182 392 0.2541
182 393 0.1360
182 394 0.1521
182 395 0.1577
182 396 0.1827
182 398 0.2667
182 399 0.2841
182 400 0.1860
182 402 0.2123
182 403 0.1514
182 404 0.3894
182 405 0.1811
182 406 0.2320
182 407 0.4696
182 408 0.3188
182 409 0.2460
182 410 0.1949
182 411 0.1548
182 412 0.2234
182 413 0.2884
182 414 0.2967
182 415 0.2403
182 416 0.3073
182 418 0.6087
182 419 0.3467
182 420 0.2123
182 421 0.1667
182 422 0.1191
182 423 0.1035
182 424 0.3619
182 425 0.0851
182 426 0.2271
182 427 0.2563
182 428 0.6805
182 430 0.1773
182 432 0.1556
182 433 0.4590
182 434 0.3995
182 435 0.1860
182 436 0.1537
182 438 0.1654
182 439 0.1839
182 440 0.1633
182 441 0.5801
182 442 0.5975
182 443 0.1566
182 444 0.1257
182 445 0.1072
182 447 0.1332
182 449 0.2063
182 450 0.0855
182 451 0.1485
182 452 0.1604
182 454 0.8605
182 455 0.2030
182 456 0.1724
182 457 0.2019
182 458 0.0950
182 459 0.2292
182 460 0.1663
182 461 0.2155
182 462 0.3367
182 463 0.2276
182 464 0.1546
182 465 0.2297
182 466 0.7563
182 467 0.0895
182 468 0.0930
182 469 0.1197
182 470 0.5089
182 471 0.7328
182 472 0.4397
182 475 0.4018
182 476 0.5117
182 478 0.1773
182 479 0.1860
182 480 0.1417
182 481 0.1375
182 482 0.1773
182 484 0.4225
182 485 0.1528
182 486 0.1383
182 487 0.2480
182 488 0.1332
182 491 0.2646
182 492 0.2502
182 494 0.1798
182 495 0.1767
182 496 0.3894
182 497 0.2269
182 498 0.1064
182 499 0.2114
182 500 0.3894
182 501 0.2280
182 503 0.2805
182 504 0.1347
182 506 0.3125
182 507 0.4647
182 508 0.1773
182 509 0.1074
182 510 0.1588
182 511 0.2003
182 512 0.1291
182 513 0.1186
182 514 0.5627
182 515 0.3503
182 516 0.3403
182 517 0.2435
182 518 0.2967
182 519 0.1768
182 520 0.0881
182 521 0.1745
182 522 0.2043
182 523 0.1422
182 526 0.1482
182 527 0.1097
182 528 0.1022
182 530 0.1025
182 531 0.1738
182 533 0.1591
182 534 0.2533
182 535 0.1481
182 536 0.1361
182 538 0.1043
182 539 0.1566
182 540 0.1389
182 541 0.2450
182 542 0.1901
182 543 0.2019
182 544 0.1812
182 545 0.2025
182 546 0.2761
182 547 0.1773
182 548 0.2483
182 550 0.1261
182 551 0.1836
182 552 0.1369
182 553 0.3793
182 554 0.1523
182 555 0.2005
182 556 0.1677
182 557 0.2699
182 558 0.2667
182 559 0.2060
182 560 0.4255
182 561 0.1951
182 562 0.0901
182 563 0.2183
182 564 0.1026
182 565 0.1667
182 566 0.1860
182 567 0.1860
182 568 0.5561
182 569 0.0977
182 570 0.1041
182 571 0.4724
182 572 0.1273
182 573 0.2123
182 574 0.1287
182 575 0.2765
182 576 0.2545
182 577 0.4378
182 578 0.1049
182 579 0.6533
182 580 0.1663
182 581 0.2271
182 582 0.1370
182 583 0.4102
182 584 0.2131
182 585 0.4035
182 586 0.3324
182 587 0.2244
182 589 0.1455
182 590 0.6015
182 591 0.2306
182 592 0.1960
182 593 0.1591
182 594 0.1454
182 595 0.1416
182 598 0.1065
182 599 0.0807
182 600 0.4308
182 601 0.1251
182 602 0.4436
182 604 0.1191
182 605 0.1599
182 606 0.1466
182 607 0.2549
182 608 0.1605
182 609 0.1023
182 610 0.1501
182 611 0.1773
182 612 0.1297
182 613 0.1004
182 614 0.4123
182 617 0.1570
182 618 0.1315
182 619 0.2808
182 620 0.1146
182 621 0.1723
182 622 0.1472
182 623 0.2474
182 624 0.1241
182 625 0.1974
182 626 0.1181
182 627 0.0969
182 628 0.1510
182 629 0.2971
182 631 0.1767
182 632 0.1089
182 633 0.0964
182 634 0.4197
182 635 0.2245
182 636 0.1079
182 637 0.5582
182 638 0.2049
182 639 0.4903
182 641 0.1332
182 643 0.2257
182 644 0.2900
182 645 0.2259
182 646 0.1785
182 648 0.0789
182 650 0.1305
182 651 0.3870
182 652 0.1159
182 653 0.1807
182 654 0.4942
182 655 0.2639
182 657 0.1191
182 658 0.1492
182 659 0.1665
182 661 0.2025
182 662 0.2734
182 663 0.1457
182 664 0.2844
182 665 0.1316
182 667 0.3060
182 668 0.3268
182 669 0.2019
182 671 0.3337
182 672 0.0406
182 673 0.0807
182 674 0.1493
182 676 0.1773
182 677 0.1690
182 678 0.0950
182 679 0.1283
182 680 0.0885
182 681 0.2993
182 682 0.0864
182 683 0.1455
182 684 0.3642
182 685 0.4127
182 686 0.2200
182 687 0.1569
182 688 0.1434
182 689 0.2908
182 690 0.3894
182 691 0.1461
182 692 0.1860
182 693 0.1183
182 694 0.1168
182 695 0.4583
182 696 0.2393
182 697 0.3451
182 698 0.5092
182 699 0.1485
182 700 0.4233
182 701 0.1586
182 702 0.1043
182 703 0.1227
182 705 0.2793
182 706 0.1204
182 707 0.1435
182 708 0.2271
182 710 0.1160
182 711 0.7584
182 712 0.2149
182 713 0.2271
182 714 0.2015
182 715 0.1893
182 716 0.2019
182 717 0.1469
182 718 0.3881
182 720 0.1261
182 721 0.1663
182 722 0.4990
182 724 0.1461
182 725 0.1369
182 726 0.2860
182 727 0.1605
182 728 0.2553
182 729 0.0909
182 731 0.1897
182 732 0.1489
182 733 0.6362
182 734 0.2079
182 735 0.1425
182 736 0.4424
182 737 0.4479
182 738 0.2662
182 740 0.1053
182 741 0.1762
182 742 0.1194
182 743 0.1932
182 744 0.1883
182 745 0.1409
182 746 0.2271
182 747 0.2451
182 748 0.3345
182 750 0.1602
182 751 0.1773
182 752 0.4101
182 753 0.2528
182 755 0.2311
182 756 0.2271
182 757 0.2819
182 758 0.2125
182 759 0.2195
182 760 0.1467
182 761 0.3060
182 762 0.1667
182 763 0.1771
182 764 0.2271
182 766 0.1179
182 767 0.2019
182 768 0.5243
182 770 0.1773
182 771 0.1827
182 772 0.4121
182 773 0.1729
182 775 0.1223
182 776 0.5462
182 777 0.7203
182 778 0.4283
182 779 0.1411
182 780 0.2869
182 781 0.1667
182 782 0.1143
182 783 0.1963
182 785 0.2611
182 786 0.5635
182 787 0.4282
182 789 0.1407
182 793 0.2097
182 794 0.2985
182 795 0.3894
182 796 0.1756
182 797 0.2199
182 798 0.1745
182 799 0.2036
182 800 0.1663
182 801 0.1717
182 802 0.1244
182 803 0.1017
182 804 0.5344
182 805 0.2688
182 806 0.2271
182 807 0.3894
182 808 0.2708
182 810 0.2797
182 811 0.3901
182 812 0.1566
182 813 0.1642
182 814 0.1506
182 815 0.3894
182 816 0.1429
182 817 0.2894
182 818 0.1860
182 819 0.1773
182 821 0.2397
182 822 0.2271
182 823 0.3572
182 824 0.2271
182 825 0.1428
182 827 0.1892
182 828 0.2269
182 829 0.2130
182 830 0.1876
182 831 0.2245
182 832 0.2296
182 834 0.4678
182 836 0.5813
182 837 0.1860
182 838 0.2281
182 839 0.2806
182 840 0.1860
182 841 0.0920
182 842 0.1584
182 843 0.1507
182 844 0.3790
182 845 0.1811
182 846 0.1243
182 847 0.1860
182 848 0.1501
182 849 0.1550
182 850 0.1183
182 851 0.6155
182 852 0.1860
182 853 0.1667
182 854 0.1773
182 855 0.4916
182 856 0.3264
182 858 0.5449
182 860 0.1722
182 861 0.2785
182 862 0.1336
182 864 0.1191
182 865 0.1428
182 866 0.1949
182 867 0.1515
182 868 0.2768
182 869 0.1169
182 870 0.1142
182 871 0.1806
182 872 0.9339
182 873 0.2064
182 875 0.2271
182 876 0.1773
182 877 0.2100
182 878 0.2573
182 880 0.2301
182 882 0.1860
182 883 0.1087
182 884 0.1663
182 885 0.3478
182 886 0.1599
182 887 0.5644
182 888 0.2718
182 889 0.4396
182 890 0.1869
182 891 0.3130
182 892 0.1860
182 893 0.2281
182 894 0.2026
182 895 0.1595
182 896 0.2053
182 898 0.0904
182 900 0.0886
182 901 0.4381
182 903 0.1551
182 905 0.2152
182 906 0.4696
182 908 0.2881
182 909 0.2396
182 910 0.4757
182 911 0.3064
182 912 0.1013
182 913 0.2762
182 914 0.1012
182 915 0.6782
182 917 0.3060
182 919 0.0849
182 920 0.1773
182 921 0.1008
182 922 0.2864
182 924 0.2026
182 928 0.2392
182 929 0.2278
182 930 0.1596
182 932 0.2019
182 933 0.4083
182 934 0.1773
182 935 0.1065
182 936 0.1428
182 937 0.3086
182 938 0.1564
182 940 0.1884
182 941 0.2025
182 942 0.0930
182 943 0.1712
182 944 0.5398
182 946 0.1954
182 947 0.1173
182 948 0.1773
182 949 0.1375
182 952 0.1441
182 953 0.1403
182 954 0.1773
182 955 0.1391
182 956 0.1157
182 957 0.1276
182 958 0.1765
182 959 0.2665
182 960 0.2719
182 961 0.1232
182 963 0.2271
182 965 0.1411
182 966 0.2179
182 967 0.2590
182 968 0.4746
182 969 0.2960
182 971 0.1681
182 972 0.0984
182 973 0.1419
182 974 0.4924
182 975 0.1566
182 976 0.1334
182 978 0.2501
182 979 0.3342
182 980 0.3164
182 982 0.2019
182 983 0.1191
182 984 0.2707
182 985 0.1012
182 987 0.1330
182 989 0.5128
182 990 0.2193
182 991 0.2271
182 993 0.2038
182 994 0.8564
182 995 0.1411
182 996 0.2019
182 999 0.1812
182 1000 0.3531
182 1001 0.2271
182 1002 0.4144
182 1003 0.2918
182 1004 0.2559
182 1005 0.2239
182 1006 0.1369
182 1007 0.2428
182 1008 0.1544
182 1010 0.2999
182 1013 0.1364
182 1014 0.1867
182 1015 0.0966
182 1016 0.1283
182 1017 0.4535
182 1019 0.2019
182 1020 0.2494
182 1022 0.2657
182 1023 0.4184
182 1024 0.1035
182 1025 0.2019
182 1026 0.0818
182 1027 0.1490
182 1028 0.1745
182 1029 0.1095
182 1030 0.2145
182 1032 0.1773
182 1033 0.2283
182 1034 0.1191
182 1036 0.1141
182 1037 0.3557
182 1039 0.2138
182 1041 0.1607
182 1042 0.1811
182 1043 0.2019
182 1044 0.1483
182 1045 0.1773
182 1046 0.2019
182 1047 0.1186
182 1048 0.1667
182 1049 0.0954
182 1050 0.2665
182 1053 0.1038
182 1054 0.1903
182 1055 0.2182
182 1056 0.1860
182 1057 0.0928
182 1058 0.1352
182 1060 0.1389
182 1061 0.1035
182 1062 0.1183
182 1063 0.1160
182 1064 0.2538
182 1065 0.1351
182 1066 0.6338
182 1067 0.3564
182 1068 0.2458
182 1070 0.0927
182 1072 0.1793
182 1075 0.1140
182 1077 0.1504
182 1078 0.1663
182 1079 0.1782
182 1080 0.1860
182 1081 0.1146
182 1083 0.2823
182 1084 0.1599
182 1085 0.2707
182 1089 0.3807
182 1093 0.2271
182 1094 0.3401
182 1095 0.1613
182 1099 0.7185
182 1102 0.1773
182 1103 0.3312
182 1104 0.2926
182 1105 0.5812
182 1106 0.1540
182 1107 0.1778
182 1109 0.1599
182 1110 0.1525
182 1114 0.1773
182 1115 0.1860
182 1116 0.1773
182 1118 0.1753
182 1120 0.2271
182 1123 0.2186
182 1124 0.2921
182 1125 0.1625
182 1127 0.1876
182 1128 0.8673
182 1129 0.1279
182 1130 0.1373
182 1131 0.1554
182 1133 0.2245
182 1134 0.2019
182 1135 0.6250
182 1136 0.1454
182 1138 0.1596
182 1139 0.2019
182 1141 0.1186
182 1142 0.2998
182 1143 0.4836
182 1144 0.2665
182 1145 0.2019
182 1146 0.3053
182 1147 0.1580
182 1148 0.1611
182 1149 0.1667
182 1150 0.3750
182 1151 0.3207
182 1152 0.2075
182 1153 0.1860
182 1154 0.2877
182 1156 0.1599
182 1157 0.2019
182 1158 0.3224
182 1159 0.2057
182 1160 0.1785
182 1161 0.1644
182 1162 0.1985
182 1163 0.1655
182 1166 0.1370
182 1167 0.1657
182 1169 0.2693
182 1170 0.1633
182 1172 0.2019
182 1174 0.1464
182 1176 0.2154
182 1177 0.2769
182 1178 0.2394
182 1180 0.1516
182 1181 0.2448
182 1182 0.1860
182 1183 0.1773
182 1185 0.1512
182 1186 0.2759
182 1187 0.2131
182 1188 0.2019
182 1189 0.2019
182 1191 0.0936
182 1192 0.1455
182 1193 0.1140
182 1194 0.1452
182 1195 0.1146
182 1196 0.1799
182 1197 0.3287
182 1198 0.2667
182 1199 0.1966
182 1200 0.5717
182 1201 0.4931
182 1202 0.4121
182 1203 0.1566
182 1204 0.1555
182 1205 0.2229
182 1206 0.2776
182 1208 0.2649
182 1209 0.1464
182 1210 0.5190
182 1211 0.8517
182 1212 0.3805
182 1213 0.3676
182 1214 0.3288
182 1215 0.1860
182 1216 0.2407
182 1219 0.2264
182 1221 0.3391
182 1223 0.4224
182 1224 0.3116
182 1225 0.8028
182 1226 0.2395
182 1227 0.4411
182 1228 0.2463
182 1229 0.1678
182 1230 0.5593
182 1231 0.2978
182 1233 0.1833
182 1235 0.2626
182 1236 0.4462
182 1237 0.4979
182 1238 0.4354
182 1240 0.3838
182 1241 0.5871
182 1242 0.7539
182 1243 0.2020
182 1244 0.1633
182 1245 0.2271
182 1246 0.2191
182 1247 0.1667
182 1249 0.3894
182 1250 0.2463
182 1251 0.4421
182 1252 0.4599
182 1253 0.1610
182 1254 0.1072
182 1255 0.1667
182 1256 0.1846
182 1257 0.1245
182 1258 0.4224
182 1259 0.1411
182 1260 0.1578
182 1262 0.1812
182 1263 0.1905
182 1265 0.1068
182 1267 0.1035
182 1268 0.2685
182 1269 0.2030
182 1270 0.1728
182 1271 0.1905
182 1272 0.2019
182 1274 0.1773
182 1275 0.5169
182 1276 0.1645
182 1278 0.1278
182 1279 0.1629
182 1280 0.1274
182 1281 0.2057
182 1282 0.1686
182 1283 0.4340
182 1284 0.1070
182 1286 0.1607
182 1287 0.1407
182 1288 0.1584
182 1289 0.3967
182 1290 0.1191
182 1291 0.1773
182 1292 0.4887
182 1293 0.0866
182 1295 0.1179
182 1296 0.1191
182 1297 0.1579
182 1298 0.1447
182 1299 0.1373
182 1300 0.1170
182 1301 0.1773
182 1303 0.3657
182 1304 0.1624
182 1305 0.3186
182 1306 0.1119
182 1307 0.1072
182 1311 0.1860
182 1315 0.2019
182 1316 0.7910
182 1319 0.1406
182 1320 0.1599
182 1322 0.1582
182 1323 0.1773
182 1324 0.1501
182 1325 0.1599
182 1326 0.2707
182 1327 0.1773
182 1329 0.1773
182 1330 0.1860
182 1331 0.4075
182 1333 0.1501
182 1334 0.2239
182 1335 0.2019
182 1336 0.1554
182 1338 0.2025
182 1339 0.2889
182 1340 0.1773
182 1341 0.2271
182 1342 0.6725
182 1343 0.3912
182 1344 0.2173
182 1345 0.1773
182 1346 0.2271
182 1347 0.2800
182 1348 0.5793
182 1349 0.1773
182 1350 0.3282
182 1351 0.1916
182 1352 0.2019
182 1353 0.1501
182 1354 0.1773
182 1355 0.1860
182 1356 0.2315
182 1358 0.3404
182 1360 0.2222
182 1361 0.4343
182 1362 0.1745
182 1363 0.2993
182 1367 0.6824
182 1368 0.3059
182 1369 0.2376
182 1370 0.4526
182 1372 0.3412
182 1374 0.2025
182 1375 0.3894
182 1377 0.2330
182 1379 0.2271
182 1380 0.1667
182 1381 0.2070
182 1383 0.3633
182 1384 0.2761
182 1385 0.2019
182 1386 0.1618
182 1387 0.1680
182 1388 0.2019
182 1389 0.1949
182 1393 0.0920
182 1394 0.1474
182 1395 0.1608
182 1396 0.1550
182 1397 0.1507
182 1398 0.1725
182 1399 0.1860
182 1402 0.2199
182 1405 0.1292
182 1407 0.2271
182 1408 0.1411
182 1410 0.1245
182 1411 0.1967
182 1412 0.1219
182 1414 0.2019
182 1415 0.1035
182 1416 0.1566
182 1418 0.1663
182 1419 0.1177
182 1420 0.1599
182 1421 0.1345
182 1423 0.1186
182 1424 0.2707
182 1425 0.1186
182 1426 0.3426
182 1427 0.1119
182 1428 0.1949
182 1433 0.1144
182 1434 0.7297
182 1435 0.3694
182 1436 0.1283
182 1437 0.5474
182 1438 0.1127
182 1439 0.1180
182 1440 0.1332
182 1441 0.1773
182 1443 0.1599
182 1446 0.0623
182 1448 0.2665
182 1449 0.2019
182 1452 0.1761
182 1454 0.1667
182 1456 0.1769
182 1458 0.1297
182 1459 0.3838
182 1460 0.1173
182 1461 0.1501
182 1462 0.1426
182 1463 0.1501
182 1464 0.1503
182 1466 0.1604
182 1468 0.1370
182 1470 0.3289
182 1472 0.1566
182 1473 0.1688
182 1474 0.2202
182 1475 0.3769
182 1476 0.1364
182 1477 0.1564
182 1478 0.1429
182 1479 0.1279
182 1480 0.1949
182 1481 0.3922
182 1484 0.2342
182 1485 0.1844
182 1487 0.1604
182 1488 0.1773
182 1491 0.1239
182 1493 0.2271
182 1495 0.1396
182 1496 0.1241
182 1498 0.1860
182 1499 0.2271
182 1500 0.4022
182 1503 0.1285
182 1504 0.2179
182 1505 0.2361
182 1506 0.1773
182 1507 0.1524
182 1508 0.2019
182 1510 0.1794
182 1511 0.1667
182 1512 0.2047
182 1513 0.1297
182 1515 0.1773
182 1516 0.5760
182 1517 0.2281
182 1518 0.1479
182 1519 0.2056
182 1520 0.5812
182 1522 0.1773
182 1523 0.1072
182 1525 0.2502
182 1526 0.4228
182 1527 0.1631
182 1528 0.1989
182 1529 0.2418
182 1530 0.1070
182 1532 0.1521
182 1535 0.1667
182 1536 0.0930
182 1537 0.1191
182 1538 0.2047
182 1541 0.1461
182 1542 0.1073
182 1545 0.1860
182 1546 0.1370
182 1547 0.1072
182 1548 0.1130
182 1550 0.2019
182 1551 0.1821
182 1552 0.2019
182 1553 0.2019
182 1554 0.1088
182 1560 0.1433
182 1565 0.1111
182 1567 0.1922
182 1568 0.3501
182 1569 0.1663
182 1571 0.2439
182 1572 0.2679
182 1573 0.4004
182 1574 0.1667
182 1576 0.1860
182 1577 0.2283
182 1578 0.5946
182 1579 0.2763
182 1580 0.2070
182 1581 0.2011
182 1582 0.2231
182 1583 0.2785
182 1585 0.2383
182 1586 0.1599
182 1587 0.4055
182 1588 0.4223
182 1589 0.3894
182 1590 0.1744
182 1591 0.2418
182 1592 0.3838
182 1593 0.2260
182 1594 0.1947
182 1595 0.5568
182 1596 0.1860
182 1598 0.1667
182 1599 0.2938
182 1600 0.1773
182 1601 0.2993
182 1603 0.3791
182 1605 0.4173
182 1606 0.4285
182 1607 0.1663
182 1608 0.3504
182 1609 0.1370
182 1610 0.1773
182 1612 0.2290
182 1613 0.4838
182 1614 0.2332
182 1615 0.1721
182 1616 0.2019
182 1617 0.1773
182 1618 0.3143
182 1619 0.1773
182 1620 0.1884
182 1621 0.3001
182 1622 0.8630
182 1623 0.3086
182 1624 0.3033
182 1625 0.1599
182 1626 0.3894
182 1628 0.2889
182 1629 0.1688
182 1630 0.1860
182 1631 0.2611
182 1632 0.2224
182 1633 0.1667
182 1634 0.3116
182 1635 0.1773
182 1636 0.1773
182 1637 0.4935
182 1638 0.2528
182 1639 0.2993
182 1640 0.2053
182 1641 0.3920
182 1644 0.2245
182 1645 0.1999
182 1646 0.1779
182 1647 0.1454
182 1648 0.2245
182 1649 0.2271
182 1650 0.2019
182 1651 0.1811
182 1653 0.3169
182 1655 0.3387
182 1659 0.2012
182 1660 0.1626
182 1661 0.1303
182 1662 0.1309
182 1663 0.1860
182 1664 0.1035
182 1666 0.2271
182 1667 0.1498
182 1668 0.2224
182 1672 0.2496
182 1673 0.1464
182 1674 0.2438
182 1676 0.1146
182 1677 0.1468
182 1678 0.2245
182 1679 0.1276
182 1682 0.1245
182 1683 0.1225
182 1684 0.2019
182 1685 0.1411
182 1686 0.3805
182 1687 0.1860
182 1688 0.1860
182 1689 0.6043
182 1690 0.2463
182 1691 0.1353
182 1692 0.1793
182 1693 0.1860
182 1694 0.1897
182 1697 0.1193
182 1698 0.1349
182 1699 0.1949
182 1700 0.1079
182 1701 0.1186
182 1702 0.1183
182 1704 0.1186
182 1705 0.1452
182 1707 0.1548
182 1708 0.0674
182 1709 0.2245
182 1710 0.2271
182 1711 0.1186
182 1712 0.8943
182 1713 0.1357
182 1714 0.1277
182 1715 0.1860
182 1717 0.7924
182 1718 0.2019
182 1720 0.1663
182 1721 0.2496
182 1723 0.1240
182 1725 0.2271
182 1726 0.2271
182 1728 0.1586
183 184 0.5029
183 185 0.1534
183 186 0.4274
183 187 0.2286
183 188 0.1517
183 189 0.1641
183 190 0.2012
183 191 0.1049
183 192 0.1686
183 193 0.2731
183 194 0.3886
183 195 0.4499
183 196 0.5211
183 197 0.4573
183 198 0.1758
183 199 0.1912
183 200 0.1917
183 201 0.5723
183 203 0.3400
183 204 0.2560
183 206 0.4777
183 207 0.1134
183 208 0.3441
183 209 0.1772
183 210 0.1472
183 211 0.2920
183 212 0.2811
183 215 0.4978
183 216 0.3884
183 217 0.4128
183 218 0.4724
183 219 0.2002
183 220 0.1837
183 221 0.1513
183 222 0.1834
183 223 0.0959
183 224 0.1750
183 225 0.2015
183 226 0.3368
183 227 0.1981
183 228 0.3816
183 229 0.1748
183 230 0.4975
183 231 0.2064
183 232 0.1049
183 233 0.1495
183 234 0.3915
183 235 0.4374
183 236 0.5402
183 237 0.2406
183 238 0.4066
183 239 0.1531
183 240 0.1474
183 241 0.1375
183 242 0.1097
183 243 0.3444
183 244 0.1617
183 245 0.4231
183 246 0.1596
183 248 0.4332
183 249 0.1534
183 250 0.2002
183 251 0.1223
183 253 0.2972
183 254 0.2713
183 255 0.2199
183 256 0.1906
183 257 0.1112
183 258 0.3064
183 259 0.1589
183 260 0.1534
183 261 0.1926
183 262 0.4673
183 263 0.1842
183 264 0.1969
183 265 0.0976
183 266 0.1480
183 267 0.2120
183 268 0.4257
183 269 0.1914
183 270 0.4159
183 271 0.2228
183 272 0.1977
183 273 0.2107
183 274 0.2163
183 275 0.2304
183 276 0.3017
183 278 0.1891
183 279 0.1276
183 280 0.2436
183 282 0.1824
183 283 0.2959
183 284 0.1699
183 285 0.1809
183 286 0.4424
183 287 0.2200
183 288 0.1295
183 289 0.4039
183 290 0.4458
183 291 0.2442
183 292 0.2942
183 293 0.1952
183 294 0.1420
183 295 0.2409
183 296 0.3321
183 297 0.3303
183 298 0.4552
183 299 0.2972
183 300 0.2708
183 301 0.1662
183 303 0.0618
183 304 0.4374
183 305 0.1234
183 306 0.3609
183 308 0.2094
183 309 0.2145
183 310 0.1677
183 311 0.1531
183 312 0.1650
183 313 0.1534
183 314 0.1918
183 315 0.3788
183 316 0.2311
183 317 0.1677
183 319 0.4300
183 320 0.2331
183 321 0.5188
183 322 0.1762
183 324 0.2183
183 325 0.4215
183 326 0.2473
183 327 0.1534
183 328 0.2117
183 330 0.1563
183 331 0.1293
183 332 0.1396
183 333 0.2200
183 334 0.1621
183 335 0.1819
183 336 0.2361
183 337 0.2453
183 338 0.1249
183 339 0.1309
183 340 0.3989
183 341 0.1737
183 342 0.2365
183 343 0.1710
183 344 0.1428
183 346 0.2051
183 347 0.2946
183 348 0.3400
183 349 0.2460
183 350 0.4099
183 351 0.2255
183 352 0.3400
183 353 0.1716
183 354 0.2970
183 356 0.0940
183 357 0.2863
183 358 0.3929
183 359 0.1650
183 360 0.2175
183 361 0.4337
183 362 0.2185
183 363 0.1534
183 364 0.3555
183 366 0.0618
183 367 0.1797
183 368 0.1461
183 369 0.1397
183 370 0.3429
183 371 0.2092
183 372 0.2247
183 373 0.2321
183 374 0.1824
183 375 0.1087
183 376 0.1985
183 377 0.3444
183 378 0.1716
183 379 0.1146
183 380 0.1534
183 381 0.2640
183 382 0.1049
183 383 0.1500
183 384 0.4579
183 386 0.2426
183 387 0.2018
183 388 0.3771
183 389 0.2453
183 391 0.3115
183 392 0.5899
183 393 0.2340
183 394 0.1795
183 395 0.2357
183 396 0.3480
183 398 0.3771
183 399 0.6620
183 400 0.0618
183 402 0.1535
183 403 0.3472
183 404 0.1259
183 405 0.1223
183 406 0.5179
183 407 0.1406
183 408 0.2402
183 409 0.1984
183 410 0.3400
183 411 0.1989
183 412 0.3932
183 413 0.1530
183 414 0.2341
183 415 0.2930
183 416 0.4206
183 418 0.3907
183 419 0.1707
183 420 0.1535
183 421 0.0959
183 422 0.0807
183 423 0.1110
183 424 0.2601
183 425 0.1101
183 426 0.1472
183 427 0.1781
183 428 0.2239
183 430 0.1534
183 432 0.3309
183 433 0.2228
183 434 0.5236
183 435 0.0618
183 436 0.1746
183 438 0.5307
183 439 0.1634
183 440 0.1587
183 441 0.3080
183 442 0.2742
183 443 0.1531
183 444 0.1837
183 445 0.0940
183 447 0.2620
183 449 0.2798
183 450 0.1685
183 451 0.2706
183 452 0.3982
183 454 0.5007
183 455 0.3294
183 456 0.1519
183 457 0.1049
183 458 0.2198
183 459 0.4245
183 460 0.3197
183 461 0.2190
183 462 0.1367
183 463 0.3361
183 464 0.2976
183 465 0.2448
183 466 0.6621
183 467 0.1631
183 468 0.0895
183 469 0.2909
183 470 0.2883
183 471 0.4786
183 472 0.4397
183 475 0.2575
183 476 0.2224
183 478 0.1534
183 479 0.0618
183 480 0.1849
183 481 0.2483
183 482 0.1534
183 484 0.3429
183 485 0.2873
183 486 0.2166
183 487 0.3400
183 488 0.3437
183 491 0.3655
183 492 0.2006
183 494 0.2163
183 495 0.5330
183 496 0.1259
183 497 0.2304
183 498 0.4627
183 499 0.1542
183 500 0.1259
183 501 0.1382
183 503 0.2081
183 504 0.2030
183 506 0.1762
183 507 0.1959
183 508 0.1534
183 509 0.2803
183 510 0.1907
183 511 0.2473
183 512 0.1995
183 513 0.0881
183 514 0.2643
183 515 0.2503
183 516 0.1981
183 517 0.2519
183 518 0.2180
183 519 0.4414
183 520 0.0843
183 521 0.1701
183 522 0.2274
183 523 0.1386
183 526 0.1495
183 527 0.2864
183 528 0.1542
183 530 0.1784
183 531 0.1541
183 533 0.3919
183 534 0.4335
183 535 0.2506
183 536 0.2711
183 538 0.1762
183 539 0.1531
183 540 0.2484
183 541 0.1287
183 542 0.1112
183 543 0.1049
183 544 0.3904
183 545 0.2395
183 546 0.3400
183 547 0.1534
183 548 0.3666
183 550 0.2035
183 551 0.1499
183 552 0.1383
183 553 0.5293
183 554 0.2120
183 555 0.2182
183 556 0.2370
183 557 0.4124
183 558 0.3771
183 559 0.1354
183 560 0.4255
183 561 0.2054
183 562 0.0868
183 563 0.4158
183 564 0.1337
183 565 0.0959
183 566 0.0618
183 567 0.0618
183 568 0.5561
183 569 0.1045
183 570 0.0978
183 571 0.4872
183 572 0.1427
183 573 0.1535
183 574 0.2060
183 575 0.1049
183 576 0.2897
183 577 0.1310
183 578 0.1406
183 579 0.5705
183 580 0.3197
183 581 0.1472
183 582 0.1375
183 583 0.1433
183 584 0.2078
183 585 0.2553
183 586 0.1314
183 587 0.4085
183 589 0.1868
183 590 0.6586
183 591 0.1711
183 592 0.5327
183 593 0.4157
183 594 0.1734
183 595 0.1690
183 598 0.2411
183 599 0.1303
183 600 0.1387
183 601 0.1728
183 602 0.2587
183 604 0.0807
183 605 0.3209
183 606 0.1954
183 607 0.2273
183 608 0.2389
183 609 0.1776
183 610 0.1536
183 611 0.1534
183 612 0.2132
183 613 0.5208
183 614 0.3592
183 617 0.2331
183 618 0.4402
183 619 0.5276
183 620 0.1758
183 621 0.2932
183 622 0.1182
183 623 0.1536
183 624 0.1807
183 625 0.2539
183 626 0.3347
183 627 0.1016
183 628 0.1778
183 629 0.2124
183 631 0.2001
183 632 0.2369
183 633 0.1579
183 634 0.2177
183 635 0.3426
183 636 0.1268
183 637 0.2684
183 638 0.3308
183 639 0.5104
183 641 0.2377
183 643 0.2991
183 644 0.4218
183 645 0.2485
183 646 0.3832
183 648 0.2438
183 650 0.2243
183 651 0.3992
183 652 0.1701
183 653 0.4576
183 654 0.1785
183 655 0.1637
183 657 0.0807
183 658 0.2507
183 659 0.2111
183 661 0.2395
183 662 0.2674
183 663 0.2972
183 664 0.4498
183 665 0.2086
183 667 0.1549
183 668 0.2230
183 669 0.1049
183 671 0.2400
183 672 0.4001
183 673 0.1303
183 674 0.4215
183 676 0.1427
183 677 0.2005
183 678 0.0893
183 679 0.1560
183 680 0.0852
183 681 0.1824
183 682 0.1933
183 683 0.1240
183 684 0.2342
183 685 0.3798
183 686 0.4117
183 687 0.1773
183 688 0.3302
183 689 0.1505
183 690 0.1259
183 691 0.1255
183 692 0.0618
183 693 0.2107
183 694 0.3092
183 695 0.4173
183 696 0.1499
183 697 0.1888
183 698 0.2064
183 699 0.2937
183 700 0.4367
183 701 0.2368
183 702 0.1762
183 703 0.2202
183 705 0.3400
183 706 0.1463
183 707 0.4673
183 708 0.1472
183 710 0.1308
183 711 0.4173
183 712 0.2127
183 713 0.1472
183 714 0.1764
183 715 0.3383
183 716 0.1049
183 717 0.1293
183 718 0.3348
183 720 0.2035
183 721 0.3197
183 722 0.4990
183 724 0.1255
183 725 0.1383
183 726 0.4206
183 727 0.2453
183 728 0.1406
183 729 0.3873
183 731 0.2409
183 732 0.3034
183 733 0.3718
183 734 0.2874
183 735 0.0981
183 736 0.3304
183 737 0.3589
183 738 0.2395
183 740 0.2040
183 741 0.3047
183 742 0.2776
183 743 0.1954
183 744 0.4175
183 745 0.1595
183 746 0.1472
183 747 0.1930
183 748 0.5164
183 750 0.1503
183 751 0.1534
183 752 0.6709
183 753 0.1633
183 755 0.1337
183 756 0.1472
183 757 0.4720
183 758 0.2544
183 759 0.3412
183 760 0.1178
183 761 0.1549
183 762 0.0959
183 763 0.1540
183 764 0.1472
183 766 0.2002
183 767 0.1049
183 768 0.4047
183 770 0.1534
183 771 0.1425
183 772 0.3400
183 773 0.1535
183 775 0.2149
183 776 0.4607
183 777 0.2086
183 778 0.4059
183 779 0.1597
183 780 0.3556
183 781 0.0959
183 782 0.1622
183 783 0.3155
183 785 0.1913
183 786 0.1732
183 787 0.1802
183 789 0.2404
183 793 0.4859
183 794 0.3692
183 795 0.1259
183 796 0.1927
183 797 0.1468
183 798 0.1690
183 799 0.1985
183 800 0.3197
183 801 0.1513
183 802 0.2022
183 803 0.4134
183 804 0.4591
183 805 0.0956
183 806 0.1472
183 807 0.1259
183 808 0.5723
183 810 0.1226
183 811 0.6172
183 812 0.1531
183 813 0.4474
183 814 0.1574
183 815 0.1259
183 816 0.2392
183 817 0.4211
183 818 0.0618
183 819 0.1534
183 821 0.3046
183 822 0.1472
183 823 0.2899
183 824 0.1472
183 825 0.3726
183 827 0.4487
183 828 0.1473
183 829 0.1857
183 830 0.1397
183 831 0.3609
183 832 0.6120
183 834 0.2642
183 836 0.2951
183 837 0.0618
183 838 0.3575
183 839 0.3079
183 840 0.0618
183 841 0.1234
183 842 0.2791
183 843 0.3162
183 844 0.1721
183 845 0.1223
183 846 0.1476
183 847 0.0618
183 848 0.1536
183 849 0.1897
183 850 0.2107
183 851 0.5122
183 852 0.0618
183 853 0.0959
183 854 0.1534
183 855 0.2009
183 856 0.2547
183 858 0.1960
183 860 0.2162
183 861 0.1472
183 862 0.2288
183 864 0.1877
183 865 0.1705
183 866 0.3400
183 867 0.0874
183 868 0.2434
183 869 0.2029
183 870 0.1269
183 871 0.2471
183 872 0.7468
183 873 0.1534
183 875 0.1472
183 876 0.1534
183 877 0.1534
183 878 0.3517
183 880 0.3184
183 882 0.0618
183 883 0.1438
183 884 0.3197
183 885 0.1965
183 886 0.3209
183 887 0.2420
183 888 0.1777
183 889 0.2484
183 890 0.1343
183 891 0.1993
183 892 0.0618
183 893 0.3575
183 894 0.3267
183 895 0.3964
183 896 0.1426
183 898 0.4615
183 900 0.0834
183 901 0.2389
183 903 0.2475
183 905 0.3411
183 906 0.1406
183 908 0.3084
183 909 0.2079
183 910 0.1818
183 911 0.3429
183 912 0.0846
183 913 0.2546
183 914 0.2937
183 915 0.2468
183 917 0.1549
183 919 0.1394
183 920 0.3079
183 921 0.1618
183 922 0.2401
183 924 0.3267
183 928 0.2102
183 929 0.2696
183 930 0.5465
183 932 0.1049
183 933 0.1549
183 934 0.1534
183 935 0.4256
183 936 0.1705
183 937 0.1438
183 938 0.1580
183 940 0.3391
183 941 0.2395
183 942 0.2294
183 943 0.2258
183 944 0.3731
183 946 0.1442
183 947 0.1793
183 948 0.1534
183 949 0.1395
183 952 0.2944
183 953 0.2142
183 954 0.1534
183 955 0.1193
183 956 0.1388
183 957 0.0994
183 958 0.4298
183 959 0.2588
183 960 0.2927
183 961 0.1336
183 963 0.1472
183 965 0.1597
183 966 0.1227
183 967 0.3759
183 968 0.3989
183 969 0.1809
183 971 0.3020
183 972 0.2304
183 973 0.0916
183 974 0.5563
183 975 0.1531
183 976 0.3449
183 978 0.2212
183 979 0.2470
183 980 0.1794
183 982 0.1049
183 983 0.0807
183 984 0.3400
183 985 0.2937
183 987 0.1898
183 989 0.2070
183 990 0.4555
183 991 0.1472
183 993 0.6729
183 994 0.4388
183 995 0.1945
183 996 0.1049
183 999 0.2158
183 1000 0.2380
183 1001 0.1472
183 1002 0.4144
183 1003 0.2227
183 1004 0.4771
183 1005 0.2356
183 1006 0.2094
183 1007 0.4166
183 1008 0.3222
183 1010 0.2111
183 1013 0.2138
183 1014 0.2149
183 1015 0.0935
183 1016 0.1560
183 1017 0.1941
183 1019 0.1049
183 1020 0.1802
183 1022 0.1424
183 1023 0.2408
183 1024 0.1110
183 1025 0.1049
183 1026 0.1966
183 1027 0.2817
183 1028 0.1701
183 1029 0.1659
183 1030 0.4974
183 1032 0.1534
183 1033 0.0997
183 1034 0.0807
183 1036 0.2651
183 1037 0.1554
183 1039 0.1882
183 1041 0.1454
183 1042 0.1223
183 1043 0.1049
183 1044 0.2115
183 1045 0.1534
183 1046 0.1049
183 1047 0.0881
183 1048 0.0959
183 1049 0.1950
183 1050 0.1472
183 1053 0.2167
183 1054 0.4395
183 1055 0.1508
183 1056 0.0618
183 1057 0.1704
183 1058 0.1913
183 1060 0.3661
183 1061 0.1110
183 1062 0.2107
183 1063 0.3303
183 1064 0.1520
183 1065 0.4399
183 1066 0.1693
183 1067 0.2452
183 1068 0.2725
183 1070 0.2241
183 1072 0.1210
183 1075 0.1641
183 1077 0.2138
183 1078 0.3197
183 1079 0.4441
183 1080 0.0618
183 1081 0.1316
183 1083 0.4406
183 1084 0.1431
183 1085 0.3400
183 1089 0.1414
183 1093 0.1472
183 1094 0.5722
183 1095 0.2234
183 1099 0.8271
183 1102 0.1534
183 1103 0.3733
183 1104 0.1984
183 1105 0.2886
183 1106 0.1857
183 1107 0.2579
183 1109 0.3209
183 1110 0.1193
183 1114 0.1534
183 1115 0.0618
183 1116 0.3079
183 1118 0.1451
183 1120 0.1472
183 1123 0.3010
183 1124 0.4764
183 1125 0.2222
183 1127 0.1397
183 1128 0.6751
183 1129 0.1630
183 1130 0.2133
183 1131 0.3181
183 1133 0.3609
183 1134 0.1049
183 1135 0.4768
183 1136 0.1734
183 1138 0.4342
183 1139 0.1049
183 1141 0.0881
183 1142 0.1438
183 1143 0.1472
183 1144 0.1472
183 1145 0.1049
183 1146 0.4349
183 1147 0.2167
183 1148 0.4013
183 1149 0.0959
183 1150 0.2069
183 1151 0.2393
183 1152 0.5132
183 1153 0.0618
183 1154 0.2540
183 1156 0.3209
183 1157 0.1049
183 1158 0.3484
183 1159 0.1395
183 1160 0.2587
183 1161 0.2420
183 1162 0.4137
183 1163 0.5409
183 1166 0.1375
183 1167 0.1842
183 1169 0.2176
183 1170 0.1587
183 1172 0.1049
183 1174 0.1519
183 1176 0.1412
183 1177 0.4688
183 1178 0.1629
183 1180 0.4753
183 1181 0.1306
183 1182 0.0618
183 1183 0.1534
183 1185 0.3150
183 1186 0.4908
183 1187 0.1277
183 1188 0.1049
183 1189 0.1049
183 1191 0.3853
183 1192 0.1240
183 1193 0.1691
183 1194 0.2036
183 1195 0.2506
183 1196 0.1214
183 1197 0.2737
183 1198 0.3771
183 1199 0.2660
183 1200 0.1429
183 1201 0.2087
183 1202 0.1746
183 1203 0.1531
183 1204 0.1504
183 1205 0.1535
183 1206 0.1917
183 1208 0.1783
183 1209 0.1519
183 1210 0.2334
183 1211 0.4451
183 1212 0.3400
183 1213 0.1322
183 1214 0.1642
183 1215 0.0618
183 1216 0.1534
183 1219 0.1581
183 1221 0.3500
183 1223 0.1292
183 1224 0.2430
183 1225 0.6508
183 1226 0.2163
183 1227 0.2755
183 1228 0.3400
183 1229 0.4083
183 1230 0.1722
183 1231 0.3658
183 1233 0.1667
183 1235 0.1289
183 1236 0.2147
183 1237 0.2013
183 1238 0.1709
183 1240 0.4502
183 1241 0.4226
183 1242 0.2128
183 1243 0.1873
183 1244 0.1587
183 1245 0.1472
183 1246 0.3181
183 1247 0.0959
183 1249 0.1259
183 1250 0.3400
183 1251 0.1379
183 1252 0.4506
183 1253 0.2528
183 1254 0.1613
183 1255 0.0959
183 1256 0.1560
183 1257 0.1812
183 1258 0.2663
183 1259 0.1597
183 1260 0.2607
183 1262 0.1570
183 1263 0.3400
183 1265 0.1057
183 1267 0.1110
183 1268 0.1049
183 1269 0.2306
183 1270 0.2584
183 1271 0.3400
183 1272 0.1049
183 1274 0.1534
183 1275 0.2806
183 1276 0.2987
183 1278 0.2201
183 1279 0.5288
183 1280 0.2686
183 1281 0.1395
183 1282 0.0994
183 1283 0.3541
183 1284 0.1323
183 1286 0.2727
183 1287 0.1208
183 1288 0.2791
183 1289 0.1601
183 1290 0.0807
183 1291 0.1534
183 1292 0.5907
183 1293 0.1295
183 1295 0.2002
183 1296 0.0807
183 1297 0.4416
183 1298 0.1806
183 1299 0.2188
183 1300 0.1324
183 1301 0.1534
183 1303 0.1676
183 1304 0.1945
183 1305 0.1751
183 1306 0.1210
183 1307 0.0940
183 1311 0.0618
183 1315 0.1049
183 1316 0.6504
183 1319 0.1679
183 1320 0.3209
183 1322 0.2347
183 1323 0.1534
183 1324 0.1536
183 1325 0.3209
183 1326 0.3400
183 1327 0.1534
183 1329 0.1534
183 1330 0.0618
183 1331 0.2762
183 1333 0.1536
183 1334 0.2356
183 1335 0.1049
183 1336 0.3181
183 1338 0.2395
183 1339 0.1472
183 1340 0.1534
183 1341 0.1472
183 1342 0.1873
183 1343 0.3400
183 1344 0.3413
183 1345 0.1534
183 1346 0.1472
183 1347 0.1214
183 1348 0.3766
183 1349 0.1534
183 1350 0.3575
183 1351 0.2380
183 1352 0.1049
183 1353 0.1536
183 1354 0.1534
183 1355 0.0618
183 1356 0.2361
183 1358 0.4214
183 1360 0.1304
183 1361 0.1723
183 1362 0.1701
183 1363 0.1824
183 1367 0.1536
183 1368 0.1664
183 1369 0.3912
183 1370 0.3982
183 1372 0.2185
183 1374 0.2395
183 1375 0.1259
183 1377 0.1049
183 1379 0.1472
183 1380 0.0959
183 1381 0.1403
183 1383 0.1278
183 1384 0.3400
183 1385 0.1049
183 1386 0.1462
183 1387 0.4706
183 1388 0.1049
183 1389 0.3400
183 1393 0.1234
183 1394 0.1908
183 1395 0.1942
183 1396 0.2197
183 1397 0.2691
183 1398 0.1440
183 1399 0.0618
183 1402 0.1468
183 1405 0.2378
183 1407 0.1472
183 1408 0.1597
183 1410 0.1812
183 1411 0.1749
183 1412 0.2516
183 1414 0.1049
183 1415 0.1110
183 1416 0.4286
183 1418 0.3197
183 1419 0.1886
183 1420 0.3209
183 1421 0.2570
183 1423 0.0881
183 1424 0.3400
183 1425 0.0881
183 1426 0.4093
183 1427 0.0958
183 1428 0.3400
183 1433 0.1423
183 1434 0.7294
183 1435 0.5383
183 1436 0.1560
183 1437 0.2407
183 1438 0.1787
183 1439 0.0912
183 1440 0.1813
183 1441 0.1534
183 1443 0.3209
183 1446 0.0941
183 1448 0.1472
183 1449 0.1049
183 1452 0.1513
183 1454 0.0959
183 1456 0.2348
183 1458 0.2132
183 1459 0.3197
183 1460 0.1156
183 1461 0.1536
183 1462 0.3247
183 1463 0.1536
183 1464 0.1498
183 1466 0.2460
183 1468 0.1375
183 1470 0.2453
183 1472 0.3149
183 1473 0.2836
183 1474 0.1910
183 1475 0.1970
183 1476 0.2138
183 1477 0.1580
183 1478 0.1617
183 1479 0.4179
183 1480 0.3400
183 1481 0.2150
183 1484 0.2859
183 1485 0.2485
183 1487 0.2460
183 1488 0.1534
183 1491 0.1719
183 1493 0.1472
183 1495 0.1580
183 1496 0.1807
183 1498 0.0618
183 1499 0.1472
183 1500 0.1989
183 1503 0.2287
183 1504 0.1451
183 1505 0.2200
183 1506 0.3079
183 1507 0.3713
183 1508 0.1049
183 1510 0.1206
183 1511 0.0959
183 1512 0.1577
183 1513 0.2132
183 1515 0.1534
183 1516 0.3303
183 1517 0.3575
183 1518 0.2877
183 1519 0.5119
183 1520 0.5258
183 1522 0.1534
183 1523 0.0940
183 1525 0.2082
183 1526 0.1573
183 1527 0.1532
183 1528 0.1409
183 1529 0.1902
183 1530 0.1639
183 1532 0.3914
183 1535 0.0959
183 1536 0.1561
183 1537 0.0807
183 1538 0.1577
183 1541 0.1255
183 1542 0.2638
183 1545 0.0618
183 1546 0.1375
183 1547 0.0940
183 1548 0.1367
183 1550 0.1049
183 1551 0.3042
183 1552 0.1049
183 1553 0.1049
183 1554 0.1580
183 1560 0.1710
183 1565 0.1655
183 1567 0.1556
183 1568 0.1402
183 1569 0.3197
183 1571 0.1049
183 1572 0.1577
183 1573 0.2420
183 1574 0.0959
183 1576 0.0618
183 1577 0.0997
183 1578 0.2331
183 1579 0.2513
183 1580 0.1403
183 1581 0.3358
183 1582 0.4272
183 1583 0.1472
183 1585 0.3749
183 1586 0.3209
183 1587 0.3400
183 1588 0.1418
183 1589 0.1259
183 1590 0.2720
183 1591 0.2412
183 1592 0.3197
183 1593 0.3810
183 1594 0.2033
183 1595 0.2257
183 1596 0.0618
183 1598 0.0959
183 1599 0.2992
183 1600 0.1534
183 1601 0.1824
183 1603 0.1554
183 1605 0.1933
183 1606 0.2006
183 1607 0.3197
183 1608 0.1310
183 1609 0.1375
183 1610 0.1534
183 1612 0.1933
183 1613 0.3418
183 1614 0.2772
183 1615 0.2141
183 1616 0.1049
183 1617 0.1534
183 1618 0.3066
183 1619 0.1534
183 1620 0.3391
183 1621 0.2657
183 1622 0.7745
183 1623 0.1438
183 1624 0.1268
183 1625 0.3209
183 1626 0.1259
183 1628 0.1472
183 1629 0.2836
183 1630 0.0618
183 1631 0.1939
183 1632 0.3580
183 1633 0.0959
183 1634 0.2430
183 1635 0.1534
183 1636 0.1534
183 1637 0.1872
183 1638 0.1633
183 1639 0.1824
183 1640 0.1426
183 1641 0.3980
183 1644 0.3609
183 1645 0.3348
183 1646 0.4193
183 1647 0.1716
183 1648 0.3426
183 1649 0.1472
183 1650 0.1049
183 1651 0.1223
183 1653 0.2790
183 1655 0.2060
183 1659 0.1395
183 1660 0.2191
183 1661 0.1448
183 1662 0.1162
183 1663 0.0618
183 1664 0.1110
183 1666 0.1472
183 1667 0.2651
183 1668 0.2222
183 1672 0.1534
183 1673 0.1519
183 1674 0.4280
183 1676 0.1980
183 1677 0.1399
183 1678 0.3426
183 1679 0.0994
183 1682 0.1812
183 1683 0.2391
183 1684 0.1049
183 1685 0.1597
183 1686 0.3400
183 1687 0.0618
183 1688 0.0618
183 1689 0.6813
183 1690 0.3400
183 1691 0.4089
183 1692 0.1210
183 1693 0.0618
183 1694 0.2853
183 1697 0.1922
183 1698 0.2118
183 1699 0.3400
183 1700 0.2227
183 1701 0.0881
183 1702 0.2107
183 1704 0.0881
183 1705 0.2036
183 1707 0.1805
183 1708 0.2267
183 1709 0.3426
183 1710 0.1472
183 1711 0.0881
183 1712 0.7423
183 1713 0.1474
183 1714 0.1628
183 1715 0.0618
183 1717 0.8491
183 1718 0.1049
183 1720 0.3197
183 1721 0.1534
183 1723 0.2252
183 1725 0.1472
183 1726 0.1472
183 1728 0.2351
184 185 0.1095
184 186 0.1211
184 187 0.1425
184 188 0.0989
184 189 0.1338
184 190 0.1922
184 191 0.5029
184 192 0.1612
184 193 0.7906
184 194 0.7569
184 195 0.1739
184 196 0.1458
184 197 0.8375
184 198 0.0998
184 199 0.6225
184 200 0.0855
184 201 0.4299
184 203 0.5029
184 204 0.1819
184 206 0.7212
184 207 0.1881
184 208 0.2283
184 209 0.3860
184 210 0.1450
184 211 0.0984
184 212 0.9253
184 215 0.9423
184 216 0.3754
184 217 0.7102
184 218 0.1085
184 219 0.1192
184 220 0.1261
184 221 0.1043
184 222 0.1848
184 223 0.5029
184 224 0.1047
184 225 0.2421
184 226 0.0957
184 227 0.2308
184 228 0.1942
184 229 0.2164
184 230 0.9314
184 231 0.1984
184 232 0.5029
184 233 0.9529
184 234 0.2530
184 235 0.6747
184 236 0.9254
184 237 0.7179
184 238 0.6077
184 239 0.2341
184 240 0.3085
184 241 0.1202
184 242 0.1205
184 243 0.1192
184 244 0.1126
184 245 0.4483
184 246 0.2139
184 248 0.1089
184 249 0.1047
184 250 0.1192
184 251 0.2365
184 253 0.1290
184 254 0.7780
184 255 0.4776
184 256 0.1598
184 257 0.1774
184 258 0.3060
184 259 0.2194
184 260 0.5029
184 261 0.6407
184 262 0.3810
184 263 0.5397
184 264 0.5492
184 265 0.8463
184 266 0.1487
184 267 0.1165
184 268 0.3723
184 269 0.1012
184 270 0.1014
184 271 0.4637
184 272 0.9196
184 273 0.2873
184 274 0.1517
184 275 0.0989
184 276 0.2701
184 278 0.6030
184 279 0.1089
184 280 0.0901
184 282 0.1335
184 283 0.8984
184 284 0.1747
184 285 0.1362
184 286 0.2816
184 287 0.5401
184 288 0.1957
184 289 0.1548
184 290 0.1563
184 291 0.6572
184 292 0.2826
184 293 0.8302
184 294 0.2380
184 295 0.2655
184 296 0.8662
184 297 0.2733
184 298 0.8024
184 299 0.1290
184 300 0.1253
184 301 0.1102
184 303 0.5029
184 304 0.2280
184 305 0.8397
184 306 0.5784
184 308 0.6077
184 309 0.4818
184 310 0.4787
184 311 0.1088
184 312 0.0861
184 313 0.5029
184 314 0.1398
184 315 0.4348
184 316 0.1353
184 317 0.3122
184 319 0.8302
184 320 0.1196
184 321 0.3690
184 322 0.2506
184 324 0.4344
184 325 0.2861
184 326 0.1196
184 327 0.3512
184 328 0.1501
184 330 0.1869
184 331 0.2378
184 332 0.5090
184 333 0.1360
184 334 0.1218
184 335 0.2798
184 336 0.3242
184 337 0.3507
184 338 0.1615
184 339 0.1082
184 340 0.1293
184 341 0.6655
184 342 0.1087
184 343 0.2070
184 344 0.0757
184 346 0.2144
184 347 0.9424
184 348 0.1582
184 349 0.2588
184 350 0.2216
184 351 0.4221
184 352 0.5029
184 353 0.3378
184 354 0.1465
184 356 0.0848
184 357 0.1723
184 358 0.4574
184 359 0.0861
184 360 0.2093
184 361 0.2270
184 362 0.2774
184 363 0.1047
184 364 0.4269
184 366 0.5029
184 367 0.4507
184 368 0.1047
184 369 0.5183
184 370 0.5261
184 371 0.3823
184 372 0.2037
184 373 0.2520
184 374 0.1335
184 375 0.9034
184 376 0.8436
184 377 0.2125
184 378 0.3378
184 379 0.8121
184 380 0.5029
184 381 0.3477
184 382 0.5029
184 383 0.2913
184 384 0.1940
184 386 0.3121
184 387 0.5699
184 388 0.5029
184 389 0.2238
184 391 0.2358
184 392 0.8436
184 393 0.1896
184 394 0.6380
184 395 0.5258
184 396 0.6627
184 398 0.1577
184 399 0.8340
184 400 0.5029
184 402 0.5029
184 403 0.4788
184 404 0.1604
184 405 0.3326
184 406 0.3970
184 407 0.3597
184 408 0.5297
184 409 0.6986
184 410 0.2132
184 411 0.1987
184 412 0.5551
184 413 0.2598
184 414 0.2202
184 415 0.4720
184 416 0.1641
184 418 0.7310
184 419 0.4489
184 420 0.5029
184 421 0.5029
184 422 0.1514
184 423 0.8667
184 424 0.1047
184 425 0.3893
184 426 0.1055
184 427 0.6365
184 428 0.4917
184 430 0.2384
184 432 0.1873
184 433 0.2173
184 434 0.1083
184 435 0.5029
184 436 0.7753
184 438 0.9268
184 439 0.1627
184 440 0.1100
184 441 0.5367
184 442 0.2291
184 443 0.1818
184 444 0.1261
184 445 0.0848
184 447 0.2111
184 449 0.9513
184 450 0.3557
184 451 0.1201
184 452 0.1510
184 454 0.4814
184 455 0.2744
184 456 0.5615
184 457 0.1916
184 458 0.5311
184 459 0.3727
184 460 0.1989
184 461 0.3752
184 462 0.1153
184 463 0.1816
184 464 0.8122
184 465 0.1557
184 466 0.4161
184 467 0.0991
184 468 0.0931
184 469 0.9010
184 470 0.6503
184 471 0.5942
184 472 0.1965
184 475 0.2761
184 476 0.1815
184 478 0.2867
184 479 0.5029
184 480 0.0986
184 481 0.1658
184 482 0.0856
184 484 0.2942
184 485 0.1613
184 486 0.1873
184 487 0.1438
184 488 0.3971
184 491 0.1595
184 492 0.8150
184 494 0.1308
184 495 0.8182
184 496 0.1604
184 497 0.1150
184 498 0.4765
184 499 0.2509
184 500 0.1604
184 501 0.1749
184 503 0.2905
184 504 0.2884
184 506 0.1844
184 507 0.1955
184 508 0.1980
184 509 0.7961
184 510 0.1309
184 511 0.2165
184 512 0.1422
184 513 0.2578
184 514 0.7619
184 515 0.1047
184 516 0.1359
184 517 0.5047
184 518 0.3034
184 519 0.1274
184 520 0.0871
184 521 0.1712
184 522 0.1191
184 523 0.2185
184 526 0.3663
184 527 0.8704
184 528 0.3122
184 530 0.9350
184 531 0.6759
184 533 0.1124
184 534 0.2243
184 535 0.8838
184 536 0.1649
184 538 0.2506
184 539 0.3858
184 540 0.1143
184 541 0.2992
184 542 0.1774
184 543 0.5029
184 544 0.2311
184 545 0.1055
184 546 0.1829
184 547 0.0898
184 548 0.6752
184 550 0.1261
184 551 0.1363
184 552 0.1051
184 553 0.6657
184 554 0.1181
184 555 0.9017
184 556 0.1515
184 557 0.1045
184 558 0.3368
184 559 0.1458
184 560 0.2637
184 561 0.8984
184 562 0.1136
184 563 0.8992
184 564 0.1587
184 565 0.5029
184 566 0.5029
184 567 0.5029
184 568 0.7825
184 569 0.2002
184 570 0.9307
184 571 0.7427
184 572 0.9341
184 573 0.5029
184 574 0.2366
184 575 0.5029
184 576 0.3287
184 577 0.3624
184 578 0.1496
184 579 0.3489
184 580 0.3428
184 581 0.4913
184 582 0.1425
184 583 0.1915
184 584 0.5940
184 585 0.7435
184 586 0.2004
184 587 0.1960
184 589 0.1509
184 590 0.5631
184 591 0.1083
184 592 0.4172
184 593 0.9361
184 594 0.5045
184 595 0.5772
184 598 0.1950
184 599 0.0972
184 600 0.1831
184 601 0.8987
184 602 0.1630
184 604 0.1514
184 605 0.5029
184 606 0.6904
184 607 0.3612
184 608 0.5089
184 609 0.8675
184 610 0.1819
184 611 0.5029
184 612 0.1494
184 613 0.1891
184 614 0.2815
184 617 0.1196
184 618 0.1273
184 619 0.5401
184 620 0.0998
184 621 0.8372
184 622 0.3503
184 623 0.3177
184 624 0.0913
184 625 0.2076
184 626 0.1414
184 627 0.9526
184 628 0.1430
184 629 0.3509
184 631 0.3065
184 632 0.4759
184 633 0.5405
184 634 0.1758
184 635 0.3836
184 636 0.1220
184 637 0.3371
184 638 0.1252
184 639 0.3524
184 641 0.7007
184 643 0.3232
184 644 0.4009
184 645 0.3762
184 646 0.3047
184 648 0.1212
184 650 0.9263
184 651 0.6414
184 652 0.5041
184 653 0.4746
184 654 0.1831
184 655 0.1089
184 657 0.1514
184 658 0.8666
184 659 0.6885
184 661 0.1055
184 662 0.1729
184 663 0.1290
184 664 0.8434
184 665 0.6059
184 667 0.1047
184 668 0.1266
184 669 0.5029
184 671 0.8215
184 672 0.7875
184 673 0.0972
184 674 0.2861
184 676 0.3840
184 677 0.1360
184 678 0.2127
184 679 0.6497
184 680 0.1271
184 681 0.1335
184 682 0.0916
184 683 0.8878
184 684 0.7822
184 685 0.1190
184 686 0.5822
184 687 0.6440
184 688 0.1873
184 689 0.2762
184 690 0.1604
184 691 0.2041
184 692 0.5029
184 693 0.2873
184 694 0.6604
184 695 0.6444
184 696 0.1046
184 697 0.1644
184 698 0.2920
184 699 0.9119
184 700 0.3889
184 701 0.1602
184 702 0.2506
184 703 0.2833
184 705 0.1336
184 706 0.3134
184 707 0.2028
184 708 0.2531
184 710 0.2070
184 711 0.6499
184 712 0.1188
184 713 0.1047
184 714 0.1047
184 715 0.2001
184 716 0.5029
184 717 0.1047
184 718 0.5029
184 720 0.1261
184 721 0.3206
184 722 0.1294
184 724 0.2041
184 725 0.1051
184 726 0.4844
184 727 0.2238
184 728 0.3192
184 729 0.8032
184 731 0.1743
184 732 0.9183
184 733 0.2585
184 734 0.8949
184 735 0.1901
184 736 0.6988
184 737 0.5469
184 738 0.6193
184 740 0.9158
184 741 0.3426
184 742 0.9300
184 743 0.5817
184 744 0.6575
184 745 0.1690
184 746 0.5029
184 747 0.1089
184 748 0.4756
184 750 0.9360
184 751 0.2712
184 752 0.8217
184 753 0.1005
184 755 0.2431
184 756 0.4913
184 757 0.2628
184 758 0.1306
184 759 0.1671
184 760 0.1015
184 761 0.1178
184 762 0.5029
184 763 0.4751
184 764 0.1158
184 766 0.1192
184 767 0.5029
184 768 0.6320
184 770 0.5029
184 771 0.1686
184 772 0.1046
184 773 0.8715
184 775 0.1877
184 776 0.7659
184 777 0.1578
184 778 0.1721
184 779 0.7188
184 780 0.1633
184 781 0.5029
184 782 0.1989
184 783 0.6114
184 785 0.1559
184 786 0.3041
184 787 0.2037
184 789 0.9790
184 793 0.9219
184 794 0.1808
184 795 0.1604
184 796 0.2083
184 797 0.1089
184 798 0.1196
184 799 0.3307
184 800 0.3428
184 801 0.2021
184 802 0.1188
184 803 0.1248
184 804 0.3703
184 805 0.5793
184 806 0.5029
184 807 0.1604
184 808 0.2325
184 810 0.3039
184 811 0.2728
184 812 0.3858
184 813 0.4177
184 814 0.6696
184 815 0.1604
184 816 0.9256
184 817 0.1845
184 818 0.5029
184 819 0.5029
184 821 0.4758
184 822 0.1047
184 823 0.2880
184 824 0.5029
184 825 0.6582
184 827 0.4836
184 828 0.2135
184 829 0.7194
184 830 0.1306
184 831 0.1047
184 832 0.4842
184 834 0.2398
184 836 0.2231
184 837 0.5029
184 838 0.3659
184 839 0.3177
184 840 0.5029
184 841 0.8397
184 842 0.1983
184 843 0.1084
184 844 0.2799
184 845 0.3390
184 846 0.3289
184 847 0.5029
184 848 0.2872
184 849 0.6440
184 850 0.2873
184 851 0.7411
184 852 0.5029
184 853 0.5029
184 854 0.3088
184 855 0.2699
184 856 0.2335
184 858 0.5431
184 860 0.1195
184 861 0.2332
184 862 0.1775
184 864 0.3922
184 865 0.1380
184 866 0.5029
184 867 0.1223
184 868 0.1690
184 869 0.1352
184 870 0.2276
184 871 0.2677
184 872 0.8766
184 873 0.5029
184 875 0.3334
184 876 0.2400
184 877 0.4320
184 878 0.1791
184 880 0.7380
184 882 0.5029
184 883 0.2956
184 884 0.2088
184 885 0.1539
184 886 0.1089
184 887 0.6659
184 888 0.1990
184 889 0.1799
184 890 0.2341
184 891 0.3343
184 892 0.5029
184 893 0.5029
184 894 0.1047
184 895 0.2182
184 896 0.5029
184 898 0.2045
184 900 0.4258
184 901 0.2250
184 903 0.1441
184 905 0.2244
184 906 0.3597
184 908 0.0872
184 909 0.5862
184 910 0.1654
184 911 0.2660
184 912 0.1684
184 913 0.1023
184 914 0.1290
184 915 0.4794
184 917 0.2341
184 919 0.9004
184 920 0.1750
184 921 0.3747
184 922 0.1156
184 924 0.3066
184 928 0.2401
184 929 0.7490
184 930 0.3557
184 932 0.5834
184 933 0.1435
184 934 0.5029
184 935 0.5498
184 936 0.1380
184 937 0.1532
184 938 0.4715
184 940 0.3746
184 941 0.1055
184 942 0.5945
184 943 0.1380
184 944 0.1553
184 946 0.9283
184 947 0.4017
184 948 0.1800
184 949 0.6887
184 952 0.8481
184 953 0.9490
184 954 0.5029
184 955 0.1089
184 956 0.2550
184 957 0.8604
184 958 0.1903
184 959 0.1160
184 960 0.9570
184 961 0.0988
184 963 0.1980
184 965 0.7188
184 966 0.3483
184 967 0.5029
184 968 0.3651
184 969 0.2880
184 971 0.3877
184 972 0.8654
184 973 0.9103
184 974 0.9318
184 975 0.2341
184 976 0.2124
184 978 0.1047
184 979 0.8574
184 980 0.1793
184 982 0.1820
184 983 0.1514
184 984 0.2013
184 985 0.1290
184 987 0.9037
184 989 0.1559
184 990 0.2244
184 991 0.5029
184 993 0.8994
184 994 0.6323
184 995 0.5577
184 996 0.5029
184 999 0.1047
184 1000 0.7497
184 1001 0.1089
184 1002 0.1621
184 1003 0.1863
184 1004 0.1952
184 1005 0.1837
184 1006 0.7708
184 1007 0.5761
184 1008 0.1603
184 1010 0.1539
184 1013 0.1731
184 1014 0.8922
184 1015 0.1578
184 1016 0.6497
184 1017 0.1975
184 1019 0.5029
184 1020 0.3417
184 1022 0.3319
184 1023 0.2033
184 1024 0.8667
184 1025 0.5029
184 1026 0.9016
184 1027 0.3737
184 1028 0.1712
184 1029 0.2145
184 1030 0.3378
184 1032 0.5029
184 1033 0.5029
184 1034 0.1514
184 1036 0.1785
184 1037 0.5029
184 1039 0.3909
184 1041 0.4969
184 1042 0.3390
184 1043 0.1278
184 1044 0.2721
184 1045 0.3422
184 1046 0.1047
184 1047 0.2578
184 1048 0.5029
184 1049 0.2469
184 1050 0.1472
184 1053 0.1434
184 1054 0.3092
184 1055 0.1373
184 1056 0.5029
184 1057 0.1670
184 1058 0.2250
184 1060 0.1190
184 1061 0.8667
184 1062 0.2873
184 1063 0.1866
184 1064 0.2751
184 1065 0.3442
184 1066 0.2218
184 1067 0.1114
184 1068 0.8021
184 1070 0.9114
184 1072 0.1055
184 1075 0.1338
184 1077 0.2694
184 1078 0.5029
184 1079 0.7232
184 1080 0.5029
184 1081 0.1456
184 1083 0.3686
184 1084 0.2500
184 1085 0.2737
184 1089 0.1933
184 1093 0.3594
184 1094 0.4692
184 1095 0.2041
184 1099 0.8231
184 1102 0.1047
184 1103 0.1047
184 1104 0.3507
184 1105 0.6831
184 1106 0.9533
184 1107 0.2288
184 1109 0.1089
184 1110 0.2127
184 1114 0.1910
184 1115 0.5029
184 1116 0.5029
184 1118 0.2256
184 1120 0.2730
184 1123 0.2063
184 1124 0.1273
184 1125 0.6628
184 1127 0.5029
184 1128 0.3469
184 1129 0.9452
184 1130 0.2184
184 1131 0.1089
184 1133 0.5029
184 1134 0.1011
184 1135 0.7517
184 1136 0.5045
184 1138 0.3080
184 1139 0.5029
184 1141 0.2578
184 1142 0.3328
184 1143 0.4077
184 1144 0.5029
184 1145 0.5029
184 1146 0.1613
184 1147 0.6190
184 1148 0.1758
184 1149 0.5029
184 1150 0.6171
184 1151 0.5940
184 1152 0.2506
184 1153 0.5029
184 1154 0.7756
184 1156 0.1089
184 1157 0.5029
184 1158 0.3557
184 1159 0.1287
184 1160 0.1055
184 1161 0.1980
184 1162 0.1151
184 1163 0.1078
184 1166 0.1202
184 1167 0.2041
184 1169 0.7860
184 1170 0.1100
184 1172 0.0982
184 1174 0.7350
184 1176 0.7348
184 1177 0.1504
184 1178 0.7491
184 1180 0.6502
184 1181 0.1453
184 1182 0.5029
184 1183 0.2341
184 1185 0.1985
184 1186 0.1224
184 1187 0.2321
184 1188 0.5029
184 1189 0.2721
184 1191 0.6618
184 1192 0.8878
184 1193 0.4980
184 1194 0.3805
184 1195 0.8904
184 1196 0.1309
184 1197 0.1094
184 1198 0.3590
184 1199 0.2112
184 1200 0.1681
184 1201 0.1614
184 1202 0.2078
184 1203 0.6699
184 1204 0.2505
184 1205 0.1250
184 1206 0.5029
184 1208 0.1004
184 1209 0.7350
184 1210 0.7657
184 1211 0.4819
184 1212 0.1342
184 1213 0.1805
184 1214 0.3131
184 1215 0.5029
184 1216 0.5029
184 1219 0.1123
184 1221 0.3556
184 1223 0.1780
184 1224 0.1426
184 1225 0.6907
184 1226 0.6178
184 1227 0.3665
184 1228 0.1310
184 1229 0.2610
184 1230 0.2323
184 1231 0.1650
184 1233 0.1164
184 1235 0.1951
184 1236 0.2365
184 1237 0.1456
184 1238 0.6195
184 1240 0.4834
184 1241 0.1354
184 1242 0.4895
184 1243 0.1479
184 1244 0.1100
184 1245 0.1991
184 1246 0.3109
184 1247 0.5029
184 1249 0.1604
184 1250 0.0965
184 1251 0.0901
184 1252 0.1491
184 1253 0.5459
184 1254 0.8949
184 1255 0.5029
184 1256 0.8169
184 1257 0.9312
184 1258 0.1095
184 1259 0.7188
184 1260 0.9155
184 1262 0.2532
184 1263 0.3942
184 1265 0.9171
184 1267 0.8667
184 1268 0.3466
184 1269 0.1878
184 1270 0.8230
184 1271 0.2742
184 1272 0.1050
184 1274 0.2845
184 1275 0.9315
184 1276 0.2868
184 1278 0.9128
184 1279 0.9395
184 1280 0.8817
184 1281 0.1287
184 1282 0.1529
184 1283 0.1406
184 1284 0.2625
184 1286 0.2847
184 1287 0.1673
184 1288 0.1322
184 1289 0.1143
184 1290 0.1514
184 1291 0.1980
184 1292 0.6297
184 1293 0.1046
184 1295 0.1192
184 1296 0.1514
184 1297 0.1299
184 1298 0.1185
184 1299 0.2872
184 1300 0.1513
184 1301 0.1047
184 1303 0.2355
184 1304 0.2246
184 1305 0.1740
184 1306 0.1286
184 1307 0.0848
184 1311 0.5029
184 1315 0.5029
184 1316 0.8200
184 1319 0.1164
184 1320 0.3276
184 1322 0.1913
184 1323 0.5029
184 1324 0.1819
184 1325 0.5029
184 1326 0.2013
184 1327 0.0898
184 1329 0.5029
184 1330 0.5029
184 1331 0.1240
184 1333 0.1819
184 1334 0.1837
184 1335 0.5029
184 1336 0.2149
184 1338 0.1055
184 1339 0.3465
184 1340 0.1042
184 1341 0.5029
184 1342 0.1809
184 1343 0.1062
184 1344 0.1808
184 1345 0.5029
184 1346 0.1047
184 1347 0.0998
184 1348 0.1209
184 1349 0.5029
184 1350 0.2913
184 1351 0.0818
184 1352 0.1047
184 1353 0.1575
184 1354 0.5029
184 1355 0.5029
184 1356 0.5029
184 1358 0.3260
184 1360 0.1399
184 1361 0.1471
184 1362 0.1309
184 1363 0.1335
184 1367 0.4850
184 1368 0.1424
184 1369 0.2980
184 1370 0.2938
184 1372 0.2035
184 1374 0.1055
184 1375 0.1604
184 1377 0.5029
184 1379 0.1047
184 1380 0.5029
184 1381 0.2027
184 1383 0.1814
184 1384 0.1829
184 1385 0.5029
184 1386 0.6082
184 1387 0.8284
184 1388 0.1197
184 1389 0.1795
184 1393 0.8397
184 1394 0.5832
184 1395 0.5989
184 1396 0.8899
184 1397 0.8604
184 1398 0.8695
184 1399 0.5029
184 1402 0.3002
184 1405 0.8714
184 1407 0.1132
184 1408 0.7188
184 1410 0.9312
184 1411 0.1015
184 1412 0.8635
184 1414 0.1109
184 1415 0.8667
184 1416 0.4924
184 1418 0.3206
184 1419 0.9612
184 1420 0.5029
184 1421 0.3661
184 1423 0.2578
184 1424 0.1590
184 1425 0.2578
184 1426 0.4460
184 1427 0.2123
184 1428 0.2362
184 1433 0.2253
184 1434 0.9119
184 1435 0.8288
184 1436 0.6497
184 1437 0.1707
184 1438 0.5575
184 1439 0.2375
184 1440 0.7113
184 1441 0.5036
184 1443 0.1309
184 1446 0.5796
184 1448 0.5029
184 1449 0.6276
184 1452 0.2588
184 1454 0.5029
184 1456 0.2049
184 1458 0.1494
184 1459 0.2278
184 1460 0.1606
184 1461 0.1959
184 1462 0.4644
184 1463 0.2872
184 1464 0.4094
184 1466 0.2588
184 1468 0.1425
184 1470 0.2520
184 1472 0.1131
184 1473 0.1951
184 1474 0.2028
184 1475 0.3809
184 1476 0.1731
184 1477 0.2160
184 1478 0.1126
184 1479 0.1602
184 1480 0.5029
184 1481 0.7469
184 1484 0.4658
184 1485 0.1497
184 1487 0.2588
184 1488 0.5029
184 1491 0.2806
184 1493 0.5029
184 1495 0.1195
184 1496 0.0913
184 1498 0.5029
184 1499 0.5029
184 1500 0.1494
184 1503 0.2121
184 1504 0.2028
184 1505 0.2743
184 1506 0.1959
184 1507 0.1024
184 1508 0.1820
184 1510 0.2120
184 1511 0.5029
184 1512 0.1980
184 1513 0.1494
184 1515 0.5029
184 1516 0.6009
184 1517 0.5029
184 1518 0.1116
184 1519 0.2140
184 1520 0.6093
184 1522 0.1047
184 1523 0.0848
184 1525 0.7009
184 1526 0.1525
184 1527 0.1089
184 1528 0.1089
184 1529 0.5173
184 1530 0.1215
184 1532 0.5861
184 1535 0.5029
184 1536 0.0934
184 1537 0.1514
184 1538 0.2179
184 1541 0.2041
184 1542 0.3379
184 1545 0.5029
184 1546 0.1425
184 1547 0.0848
184 1548 0.1513
184 1550 0.5029
184 1551 0.1089
184 1552 0.5029
184 1553 0.5029
184 1554 0.1192
184 1560 0.1201
184 1565 0.1197
184 1567 0.1566
184 1568 0.1103
184 1569 0.1989
184 1571 0.5029
184 1572 0.3242
184 1573 0.0937
184 1574 0.5029
184 1576 0.5029
184 1577 0.5029
184 1578 0.2769
184 1579 0.1197
184 1580 0.2027
184 1581 0.1652
184 1582 0.1690
184 1583 0.3478
184 1585 0.2002
184 1586 0.3497
184 1587 0.1047
184 1588 0.1516
184 1589 0.1604
184 1590 0.1990
184 1591 0.1625
184 1592 0.2278
184 1593 0.1806
184 1594 0.5201
184 1595 0.1403
184 1596 0.5029
184 1598 0.5029
184 1599 0.1079
184 1600 0.1047
184 1601 0.1335
184 1603 0.1046
184 1605 0.1615
184 1606 0.2151
184 1607 0.3206
184 1608 0.3443
184 1609 0.1425
184 1610 0.5029
184 1612 0.1354
184 1613 0.7100
184 1614 0.1958
184 1615 0.1983
184 1616 0.0898
184 1617 0.1047
184 1618 0.5108
184 1619 0.5029
184 1620 0.2720
184 1621 0.2515
184 1622 0.7987
184 1623 0.1426
184 1624 0.1314
184 1625 0.1172
184 1626 0.1604
184 1628 0.3465
184 1629 0.1824
184 1630 0.5029
184 1631 0.1261
184 1632 0.4578
184 1633 0.5029
184 1634 0.1426
184 1635 0.1047
184 1636 0.5029
184 1637 0.4937
184 1638 0.1005
184 1639 0.1335
184 1640 0.5029
184 1641 0.1664
184 1644 0.5029
184 1645 0.1047
184 1646 0.2028
184 1647 0.3378
184 1648 0.2316
184 1649 0.2531
184 1650 0.5029
184 1651 0.3326
184 1653 0.1888
184 1655 0.0898
184 1659 0.3619
184 1660 0.2041
184 1661 0.9359
184 1662 0.9283
184 1663 0.5029
184 1664 0.8667
184 1666 0.2181
184 1667 0.8934
184 1668 0.9556
184 1672 0.3465
184 1673 0.4362
184 1674 0.7775
184 1676 0.8428
184 1677 0.2540
184 1678 0.1800
184 1679 0.8604
184 1682 0.9312
184 1683 0.9221
184 1684 0.5029
184 1685 0.7188
184 1686 0.1293
184 1687 0.5029
184 1688 0.5029
184 1689 0.9534
184 1690 0.1899
184 1691 0.8978
184 1692 0.3570
184 1693 0.5029
184 1694 0.5382
184 1697 0.8573
184 1698 0.7955
184 1699 0.1115
184 1700 0.6323
184 1701 0.2578
184 1702 0.2873
184 1704 0.2578
184 1705 0.3805
184 1707 0.3358
184 1708 0.5646
184 1709 0.5029
184 1710 0.2181
184 1711 0.2578
184 1712 0.9860
184 1713 0.3504
184 1714 0.6758
184 1715 0.5029
184 1717 0.7569
184 1718 0.5029
184 1720 0.1516
184 1721 0.3465
184 1723 0.4639
184 1725 0.5833
184 1726 0.2181
184 1728 0.2632
185 186 0.2237
185 187 0.2209
185 188 0.1181
185 189 0.1255
185 190 0.1121
185 191 0.1954
185 192 0.2470
185 193 0.3983
185 194 0.6214
185 195 0.4499
185 196 0.7142
185 197 0.1479
185 198 0.1285
185 199 0.1566
185 200 0.1074
185 201 0.7672
185 203 0.1474
185 204 0.4211
185 206 0.1238
185 207 0.1598
185 208 0.2121
185 209 0.2585
185 210 0.1788
185 211 0.1745
185 212 0.2197
185 215 0.2780
185 216 0.3884
185 217 0.4128
185 218 0.4691
185 219 0.1278
185 220 0.1357
185 221 0.1727
185 222 0.1800
185 223 0.1268
185 224 0.1670
185 225 0.1921
185 226 0.1332
185 227 0.1883
185 228 0.1438
185 229 0.1471
185 230 0.1943
185 231 0.1157
185 232 0.1954
185 233 0.1437
185 234 0.4030
185 235 0.2108
185 236 0.1674
185 237 0.3408
185 238 0.1829
185 239 0.2028
185 240 0.2249
185 241 0.1658
185 242 0.1365
185 243 0.1729
185 244 0.2335
185 245 0.4231
185 246 0.1198
185 248 0.1648
185 249 0.1746
185 250 0.1278
185 251 0.1566
185 253 0.1962
185 254 0.1792
185 255 0.2646
185 256 0.1150
185 257 0.1611
185 258 0.6584
185 259 0.1071
185 260 0.1746
185 261 0.1437
185 262 0.4673
185 263 0.1398
185 264 0.1678
185 265 0.3092
185 266 0.1155
185 267 0.2089
185 268 0.1568
185 269 0.2150
185 270 0.2606
185 271 0.1854
185 272 0.2637
185 273 0.1523
185 274 0.2971
185 275 0.1092
185 276 0.3396
185 278 0.2480
185 279 0.1778
185 280 0.1388
185 282 0.1336
185 283 0.2833
185 284 0.2153
185 285 0.1370
185 286 0.4424
185 287 0.1601
185 288 0.1565
185 289 0.4039
185 290 0.3878
185 291 0.2920
185 292 0.5237
185 293 0.2010
185 294 0.1869
185 295 0.1679
185 296 0.1386
185 297 0.5225
185 298 0.1657
185 299 0.1962
185 300 0.1409
185 301 0.2551
185 303 0.1534
185 304 0.4374
185 305 0.1601
185 306 0.2252
185 308 0.1709
185 309 0.1491
185 310 0.1707
185 311 0.2028
185 312 0.1475
185 313 0.1746
185 314 0.1774
185 315 0.1557
185 316 0.1693
185 317 0.1707
185 319 0.4300
185 320 0.1756
185 321 0.5188
185 322 0.1042
185 324 0.2139
185 325 0.1517
185 326 0.1896
185 327 0.2277
185 328 0.1596
185 330 0.2006
185 331 0.1331
185 332 0.1984
185 333 0.1873
185 334 0.1446
185 335 0.1225
185 336 0.2339
185 337 0.1793
185 338 0.1471
185 339 0.1177
185 340 0.3989
185 341 0.2201
185 342 0.2199
185 343 0.1260
185 344 0.0969
185 346 0.1558
185 347 0.1038
185 348 0.1474
185 349 0.1403
185 350 0.2417
185 351 0.4020
185 352 0.1474
185 353 0.2109
185 354 0.1689
185 356 0.1338
185 357 0.4050
185 358 0.3929
185 359 0.1475
185 360 0.1740
185 361 0.2587
185 362 0.1600
185 363 0.1746
185 364 0.2250
185 366 0.1534
185 367 0.1431
185 368 0.1757
185 369 0.2144
185 370 0.2272
185 371 0.2040
185 372 0.1865
185 373 0.1493
185 374 0.1336
185 375 0.1597
185 376 0.2340
185 377 0.1472
185 378 0.2109
185 379 0.1423
185 380 0.1746
185 381 0.1248
185 382 0.1954
185 383 0.1769
185 384 0.4579
185 386 0.2750
185 387 0.1799
185 388 0.1988
185 389 0.1398
185 391 0.1498
185 392 0.4314
185 393 0.1831
185 394 0.2431
185 395 0.1779
185 396 0.1712
185 398 0.1988
185 399 0.4907
185 400 0.1534
185 402 0.2089
185 403 0.1121
185 404 0.1127
185 405 0.1830
185 406 0.5092
185 407 0.1753
185 408 0.1211
185 409 0.1206
185 410 0.1474
185 411 0.2705
185 412 0.3000
185 413 0.1857
185 414 0.3288
185 415 0.3508
185 416 0.1511
185 418 0.3907
185 419 0.2103
185 420 0.2169
185 421 0.1268
185 422 0.1017
185 423 0.1247
185 424 0.2638
185 425 0.1372
185 426 0.1788
185 427 0.1560
185 428 0.2078
185 430 0.1746
185 432 0.2066
185 433 0.1894
185 434 0.4770
185 435 0.1534
185 436 0.2367
185 438 0.3240
185 439 0.2010
185 440 0.1687
185 441 0.2444
185 442 0.1769
185 443 0.2331
185 444 0.1357
185 445 0.1338
185 447 0.1410
185 449 0.2321
185 450 0.1274
185 451 0.1246
185 452 0.3982
185 454 0.5007
185 455 0.2092
185 456 0.2124
185 457 0.1954
185 458 0.1229
185 459 0.2315
185 460 0.2143
185 461 0.2520
185 462 0.1647
185 463 0.2429
185 464 0.1816
185 465 0.1884
185 466 0.6621
185 467 0.1379
185 468 0.1126
185 469 0.0688
185 470 0.4815
185 471 0.4786
185 472 0.4397
185 475 0.1847
185 476 0.1675
185 478 0.1746
