71 520 0.2336
71 521 0.6299
71 522 0.2682
71 523 0.4301
71 524 0.3128
71 525 0.1838
71 526 0.4368
71 527 0.3013
71 528 0.1760
71 529 0.0802
71 530 0.2730
71 531 0.8507
71 532 0.2025
71 533 0.2865
71 534 0.8021
71 535 0.2442
71 536 0.1535
71 537 0.7545
71 538 0.1892
71 539 0.0982
71 540 0.4406
71 541 0.7934
71 542 0.4223
71 543 0.1649
71 544 0.7265
71 545 0.7931
71 546 0.5049
71 547 0.7623
71 548 0.8674
71 549 0.2617
71 550 0.2920
71 551 0.2502
71 552 0.5887
71 553 0.3225
71 554 0.1094
71 555 0.2315
71 556 0.1390
71 557 0.1719
71 558 0.2348
71 559 0.0851
71 560 0.1049
71 561 0.3549
71 562 0.1046
71 563 0.6527
71 564 0.0799
71 565 0.7558
71 566 0.7160
71 567 0.2599
71 568 0.4986
71 569 0.0867
71 570 0.1536
71 571 0.2062
71 572 0.2919
71 573 0.3546
71 574 0.1181
71 575 0.8769
71 576 0.2513
71 577 0.6138
71 578 0.1066
71 579 0.6116
71 580 0.3666
71 581 0.7309
71 582 0.1165
71 583 0.0695
71 584 0.1189
71 585 0.8507
71 586 0.6845
71 587 0.6259
71 589 0.9181
71 590 0.9725
71 591 0.8126
71 592 0.5301
71 593 0.2135
71 594 0.2085
71 595 0.1850
71 598 0.6897
71 599 0.7364
71 600 0.8517
71 601 0.1721
71 602 0.8615
71 604 0.1015
71 605 0.1466
71 606 0.3736
71 607 0.8690
71 608 0.1637
71 609 0.3075
71 610 0.8883
71 611 0.3562
71 612 0.8599
71 613 0.5242
71 614 0.7346
71 615 0.1870
71 616 0.3378
71 617 0.1180
71 618 0.4885
71 619 0.8858
71 620 0.0879
71 621 0.3175
71 622 0.4244
71 623 0.2076
71 624 0.1138
71 625 0.4508
71 626 0.1102
71 627 0.1713
71 628 0.1177
71 629 0.4830
71 630 0.8229
71 631 0.8946
71 632 0.2234
71 633 0.2814
71 634 0.8733
71 635 0.2786
71 636 0.1273
71 637 0.9072
71 638 0.1387
71 639 0.6051
71 640 0.4459
71 641 0.2981
71 642 0.6545
71 643 0.4164
71 644 0.6071
71 645 0.7959
71 646 0.8007
71 647 0.3078
71 648 0.1785
71 649 0.1075
71 650 0.2887
71 651 0.2559
71 652 0.1713
71 653 0.8725
71 654 0.5196
71 655 0.1534
71 656 0.1983
71 657 0.1604
71 658 0.2913
71 659 0.6929
71 660 0.0955
71 661 0.2979
71 662 0.6236
71 663 0.2941
71 664 0.4779
71 665 0.1721
71 666 0.1241
71 667 0.0747
71 668 0.4684
71 669 0.1314
71 670 0.2714
71 671 0.6186
71 672 0.1178
71 673 0.1120
71 674 0.1056
71 675 0.2801
71 676 0.5180
71 677 0.1492
71 678 0.1620
71 679 0.1539
71 680 0.0710
71 681 0.6696
71 682 0.0925
71 683 0.5452
71 684 0.3602
71 685 0.1544
71 686 0.4928
71 687 0.4466
71 688 0.4611
71 689 0.8243
71 690 0.8641
71 691 0.2545
71 692 0.0929
71 694 0.1120
71 695 0.5752
71 696 0.1368
71 697 0.7892
71 698 0.9725
71 699 0.2502
71 700 0.8093
71 701 0.7146
71 702 0.2968
71 703 0.2017
71 704 0.1787
71 705 0.7774
71 706 0.2664
71 707 0.2197
71 708 0.1395
71 709 0.7401
71 710 0.4038
71 711 0.9653
71 712 0.1753
71 713 0.2150
71 714 0.7719
71 715 0.2116
71 716 0.3065
71 717 0.6596
71 718 0.5846
71 720 0.3264
71 721 0.3208
71 722 0.3018
71 723 0.1440
71 724 0.2304
71 725 0.0935
71 726 0.3631
71 727 0.1472
71 728 0.3577
71 729 0.1448
71 730 0.2332
71 731 0.2714
71 732 0.1972
71 733 0.8610
71 734 0.8140
71 735 0.2532
71 736 0.9414
71 737 0.9478
71 738 0.6137
71 740 0.3057
71 741 0.5984
71 742 0.2622
71 743 0.8507
71 744 0.4269
71 745 0.2159
71 746 0.2552
71 747 0.2070
71 748 0.6433
71 749 0.0802
71 750 0.4238
71 751 0.2252
71 752 0.4723
71 753 0.8561
71 754 0.1967
71 755 0.2562
71 756 0.8191
71 757 0.3440
71 758 0.2017
71 759 0.7319
71 760 0.0660
71 761 0.2542
71 762 0.4811
71 763 0.4443
71 764 0.2497
71 765 0.1073
71 766 0.1445
71 767 0.2081
71 768 0.9876
71 769 0.2840
71 770 0.3477
71 771 0.1069
71 772 0.4468
71 773 0.1036
71 774 0.1567
71 775 0.3703
71 776 0.2411
71 777 0.7432
71 778 0.8653
71 779 0.1270
71 780 0.8747
71 781 0.2152
71 782 0.5517
71 783 0.3075
71 784 0.0951
71 785 0.4180
71 786 0.9089
71 787 0.7454
71 788 0.1270
71 789 0.7494
71 791 0.3025
71 792 0.2458
71 793 0.2971
71 794 0.8962
71 795 0.7507
71 796 0.8019
71 797 0.1639
71 798 0.0948
71 799 0.1442
71 800 0.3392
71 801 0.1193
71 802 0.2249
71 803 0.0601
71 804 0.6188
71 805 0.1651
71 806 0.3364
71 807 0.7435
71 808 0.4915
71 809 0.4909
71 810 0.1261
71 811 0.2204
71 812 0.2722
71 813 0.7486
71 814 0.8723
71 815 0.7601
71 816 0.2344
71 817 0.0756
71 818 0.1657
71 819 0.3106
71 820 0.4078
71 821 0.3640
71 822 0.0844
71 823 0.9640
71 824 0.4479
71 825 0.3762
71 827 0.1960
71 828 0.2132
71 829 0.1978
71 830 0.2034
71 831 0.2685
71 832 0.3546
71 833 0.1857
71 834 0.7420
71 835 0.3260
71 836 0.9259
71 837 0.3557
71 838 0.2087
71 839 0.2087
71 840 0.7299
71 841 0.1779
71 842 0.0769
71 843 0.4189
71 844 0.6897
71 845 0.2559
71 846 0.2650
71 847 0.0567
71 848 0.2230
71 849 0.2224
71 850 0.1577
71 851 0.6991
71 852 0.3553
71 853 0.7448
71 854 0.1780
71 855 0.7527
71 856 0.3726
71 857 0.2954
71 858 0.2255
71 859 0.3777
71 860 0.1091
71 861 0.7612
71 862 0.0639
71 864 0.1816
71 865 0.2958
71 866 0.3383
71 867 0.9053
71 868 0.4668
71 869 0.0979
71 870 0.1636
71 871 0.1154
71 872 0.9984
71 873 0.2537
71 874 0.1637
71 875 0.1040
71 876 0.2080
71 877 0.3056
71 878 0.1064
71 880 0.3442
71 881 0.0833
71 882 0.5006
71 883 0.1613
71 884 0.7773
71 885 0.6063
71 886 0.4410
71 887 0.2229
71 888 0.4792
71 889 0.7727
71 890 0.2491
71 891 0.6662
71 892 0.0971
71 893 0.6775
71 894 0.2052
71 895 0.3136
71 896 0.4365
71 897 0.2536
71 898 0.1907
71 899 0.1081
71 900 0.0749
71 901 0.8588
71 903 0.1774
71 905 0.7406
71 906 0.1394
71 907 0.1575
71 908 0.7939
71 909 0.2284
71 910 0.7557
71 911 0.5053
71 912 0.0911
71 913 0.5642
71 914 0.3642
71 915 0.9564
71 916 0.1631
71 917 0.1674
71 918 0.2008
71 919 0.3854
71 920 0.5369
71 921 0.3433
71 922 0.7695
71 924 0.5622
71 925 0.3935
71 928 0.2060
71 929 0.2476
71 930 0.3209
71 932 0.1606
71 933 0.5859
71 934 0.1038
71 935 0.3725
71 936 0.3999
71 937 0.5226
71 938 0.3680
71 939 0.3264
71 940 0.3642
71 941 0.4607
71 942 0.1496
71 943 0.3537
71 944 0.5476
71 946 0.3129
71 947 0.2000
71 948 0.1692
71 949 0.2028
71 950 0.1101
71 951 0.5151
71 952 0.1826
71 953 0.3700
71 954 0.2447
71 955 0.1562
71 956 0.2345
71 957 0.0919
71 958 0.3938
71 959 0.5017
71 960 0.3693
71 961 0.1765
71 962 0.1161
71 963 0.2082
71 964 0.7061
71 965 0.3994
71 966 0.4000
71 967 0.0908
71 968 0.9139
71 969 0.4911
71 971 0.3575
71 972 0.2781
71 973 0.1435
71 974 0.4675
71 975 0.1983
71 976 0.0777
71 977 0.2691
71 978 0.3323
71 979 0.5563
71 980 0.3333
71 981 0.3273
71 982 0.1513
71 983 0.1558
71 984 0.1961
71 985 0.1629
71 986 0.2684
71 987 0.5082
71 989 0.7401
71 990 0.3016
71 991 0.2920
71 992 0.1678
71 993 0.6133
71 994 0.9788
71 995 0.2296
71 996 0.1563
71 999 0.1793
71 1000 0.3570
71 1001 0.0864
71 1002 0.3579
71 1003 0.4439
71 1004 0.1971
71 1005 0.5281
71 1006 0.4905
71 1007 0.4248
71 1008 0.1510
71 1010 0.4136
71 1012 0.2049
71 1013 0.4553
71 1014 0.1844
71 1015 0.2854
71 1016 0.1695
71 1017 0.8084
71 1018 0.0900
71 1019 0.2502
71 1020 0.5342
71 1022 0.8479
71 1023 0.4729
71 1024 0.2975
71 1025 0.2866
71 1026 0.1414
71 1027 0.3417
71 1028 0.0916
71 1029 0.2145
71 1030 0.7985
71 1031 0.6897
71 1032 0.2091
71 1033 0.3344
71 1034 0.0889
71 1035 0.3800
71 1036 0.0901
71 1037 0.6274
71 1038 0.3788
71 1039 0.3188
71 1040 0.3146
71 1041 0.3636
71 1042 0.1717
71 1043 0.2936
71 1044 0.1209
71 1045 0.4815
71 1046 0.2378
71 1047 0.1624
71 1048 0.1392
71 1049 0.1605
71 1050 0.2273
71 1051 0.0730
71 1052 0.3818
71 1053 0.0680
71 1054 0.1271
71 1055 0.2694
71 1056 0.2861
71 1057 0.4405
71 1058 0.0913
71 1059 0.0802
71 1060 0.1315
71 1061 0.2286
71 1062 0.1744
71 1063 0.3326
71 1064 0.1534
71 1065 0.1661
71 1066 0.8672
71 1067 0.5203
71 1068 0.2443
71 1069 0.4723
71 1070 0.2930
71 1071 0.4830
71 1072 0.0769
71 1073 0.0802
71 1075 0.2323
71 1076 0.3242
71 1077 0.4779
71 1078 0.2479
71 1079 0.2504
71 1080 0.6408
71 1081 0.0801
71 1082 0.4084
71 1083 0.5655
71 1084 0.1855
71 1085 0.4833
71 1087 0.2203
71 1089 0.7790
71 1090 0.2637
71 1092 0.1398
71 1093 0.5904
71 1094 0.5843
71 1095 0.2518
71 1096 0.2045
71 1097 0.1284
71 1099 0.8529
71 1102 0.1505
71 1103 0.7138
71 1104 0.7763
71 1105 0.3332
71 1106 0.1653
71 1107 0.4765
71 1108 0.2663
71 1109 0.1684
71 1110 0.2097
71 1111 0.0620
71 1113 0.0747
71 1114 0.3163
71 1115 0.1495
71 1116 0.3173
71 1117 0.4565
71 1118 0.0729
71 1119 0.1162
71 1120 0.1389
71 1121 0.3686
71 1122 0.5877
71 1123 0.2228
71 1124 0.5536
71 1125 0.1581
71 1126 0.5635
71 1127 0.2653
71 1128 0.4112
71 1129 0.1386
71 1130 0.5240
71 1131 0.0823
71 1132 0.1684
71 1133 0.2230
71 1134 0.4761
71 1135 0.7129
71 1136 0.1589
71 1138 0.2621
71 1139 0.3099
71 1141 0.1692
71 1142 0.1218
71 1143 0.7372
71 1144 0.1393
71 1145 0.3296
71 1146 0.7571
71 1147 0.1858
71 1148 0.3802
71 1149 0.2090
71 1150 0.4410
71 1151 0.5632
71 1152 0.7356
71 1153 0.1521
71 1154 0.4324
71 1155 0.5653
71 1156 0.2038
71 1157 0.3974
71 1158 0.5102
71 1159 0.5605
71 1160 0.0911
71 1161 0.2453
71 1162 0.7454
71 1163 0.1173
71 1165 0.7243
71 1166 0.4300
71 1167 0.1328
71 1169 0.1439
71 1170 0.0802
71 1172 0.3428
71 1173 0.0802
71 1174 0.2259
71 1176 0.5254
71 1177 0.6390
71 1178 0.3527
71 1180 0.3344
71 1181 0.6086
71 1182 0.4811
71 1183 0.2696
71 1184 0.5082
71 1185 0.2293
71 1186 0.4542
71 1187 0.1977
71 1188 0.1830
71 1189 0.3376
71 1191 0.2087
71 1192 0.3420
71 1193 0.2483
71 1194 0.1633
71 1195 0.5973
71 1196 0.2084
71 1197 0.2923
71 1198 0.3906
71 1199 0.2199
71 1200 0.6531
71 1201 0.7032
71 1202 0.9107
71 1203 0.6325
71 1204 0.2906
71 1205 0.5289
71 1206 0.7736
71 1207 0.3077
71 1208 0.5205
71 1209 0.6857
71 1210 0.8861
71 1211 0.9149
71 1212 0.6212
71 1213 0.7731
71 1214 0.1248
71 1215 0.0802
71 1216 0.4325
71 1217 0.6099
71 1218 0.6319
71 1219 0.6058
71 1220 0.2103
71 1221 0.7590
71 1222 0.4038
71 1223 0.8532
71 1224 0.5226
71 1225 0.9535
71 1226 0.7763
71 1227 0.7804
71 1228 0.4552
71 1229 0.6670
71 1230 0.5911
71 1231 0.8757
71 1232 0.0802
71 1233 0.8056
71 1234 0.2699
71 1235 0.6898
71 1236 0.1909
71 1237 0.6536
71 1238 0.7044
71 1239 0.3092
71 1240 0.7604
71 1241 0.7368
71 1242 0.8007
71 1243 0.5663
71 1244 0.7524
71 1245 0.2103
71 1246 0.2019
71 1247 0.8882
71 1248 0.3675
71 1249 0.7485
71 1250 0.7732
71 1251 0.8044
71 1252 0.7984
71 1253 0.2304
71 1254 0.1326
71 1255 0.1317
71 1256 0.4353
71 1257 0.1784
71 1258 0.4610
71 1259 0.2159
71 1260 0.3691
71 1262 0.3454
71 1263 0.2326
71 1265 0.2495
71 1266 0.2135
71 1267 0.2109
71 1268 0.3382
71 1269 0.4931
71 1270 0.4104
71 1271 0.2055
71 1272 0.1817
71 1273 0.4825
71 1274 0.1869
71 1275 0.4696
71 1276 0.1530
71 1278 0.1325
71 1279 0.3051
71 1280 0.1672
71 1281 0.0449
71 1282 0.2497
71 1283 0.1097
71 1284 0.1499
71 1286 0.3551
71 1287 0.0944
71 1288 0.1392
71 1289 0.0794
71 1290 0.0978
71 1291 0.1610
71 1292 0.5852
71 1293 0.0706
71 1295 0.0811
71 1296 0.3093
71 1297 0.0815
71 1298 0.1072
71 1299 0.0746
71 1300 0.0900
71 1301 0.1310
71 1302 0.2212
71 1303 0.2562
71 1304 0.0767
71 1305 0.1049
71 1306 0.0792
71 1307 0.0669
71 1308 0.0811
71 1309 0.2023
71 1310 0.0946
71 1311 0.1028
71 1312 0.0840
71 1313 0.2718
71 1315 0.1748
71 1316 0.8046
71 1318 0.6143
71 1319 0.0855
71 1320 0.0862
71 1322 0.0655
71 1323 0.5616
71 1324 0.2906
71 1325 0.5416
71 1326 0.6732
71 1327 0.2109
71 1328 0.3780
71 1329 0.1679
71 1330 0.5964
71 1331 0.5284
71 1332 0.5191
71 1333 0.8166
71 1334 0.5792
71 1335 0.3806
71 1336 0.1353
71 1337 0.3299
71 1338 0.5858
71 1339 0.5147
71 1340 0.8096
71 1341 0.2771
71 1342 0.9436
71 1343 0.4652
71 1344 0.7737
71 1345 0.3833
71 1346 0.8641
71 1347 0.4435
71 1348 0.6889
71 1349 0.3868
71 1350 0.3846
71 1352 0.2539
71 1353 0.6838
71 1354 0.1537
71 1355 0.6838
71 1356 0.2299
71 1357 0.5132
71 1358 0.2602
71 1359 0.1387
71 1360 0.7402
71 1361 0.7526
71 1362 0.1071
71 1363 0.7087
71 1364 0.6368
71 1365 0.1493
71 1366 0.1307
71 1367 0.8580
71 1368 0.6715
71 1369 0.5627
71 1370 0.9624
71 1371 0.6090
71 1372 0.7804
71 1373 0.2127
71 1374 0.1909
71 1375 0.0802
71 1376 0.1871
71 1377 0.8103
71 1378 0.2646
71 1379 0.5311
71 1380 0.2538
71 1381 0.6007
71 1382 0.5648
71 1383 0.7238
71 1384 0.5146
71 1385 0.3170
71 1386 0.1848
71 1387 0.3544
71 1388 0.1883
71 1389 0.3251
71 1390 0.1876
71 1392 0.1896
71 1393 0.1168
71 1394 0.1359
71 1395 0.2457
71 1396 0.0964
71 1397 0.2430
71 1398 0.2828
71 1399 0.1979
71 1401 0.2558
71 1402 0.2487
71 1405 0.5767
71 1406 0.1357
71 1407 0.4772
71 1408 0.1270
71 1409 0.2013
71 1410 0.0831
71 1411 0.1814
71 1412 0.0971
71 1413 0.1868
71 1414 0.2430
71 1415 0.1491
71 1416 0.1573
71 1418 0.1183
71 1419 0.1688
71 1420 0.1656
71 1421 0.3851
71 1422 0.1403
71 1423 0.1609
71 1424 0.2752
71 1425 0.2638
71 1426 0.6021
71 1427 0.1469
71 1428 0.2679
71 1431 0.1539
71 1433 0.1775
71 1434 0.8047
71 1435 0.4539
71 1436 0.1886
71 1437 0.4175
71 1438 0.1913
71 1439 0.2175
71 1440 0.2742
71 1441 0.1553
71 1443 0.1343
71 1445 0.2282
71 1446 0.2117
71 1448 0.2132
71 1449 0.0978
71 1451 0.4771
71 1452 0.2881
71 1453 0.1746
71 1454 0.1456
71 1455 0.1320
71 1456 0.1579
71 1457 0.1486
71 1458 0.2983
71 1459 0.4025
71 1460 0.1885
71 1461 0.3289
71 1462 0.2431
71 1463 0.1496
71 1464 0.3509
71 1465 0.2401
71 1466 0.2881
71 1468 0.1398
71 1470 0.4655
71 1472 0.4733
71 1473 0.3039
71 1474 0.3141
71 1475 0.4141
71 1476 0.4233
71 1477 0.0940
71 1478 0.1567
71 1479 0.4381
71 1480 0.2407
71 1481 0.3666
71 1482 0.2060
71 1484 0.2029
71 1485 0.3280
71 1486 0.2261
71 1487 0.2467
71 1488 0.1990
71 1490 0.1151
71 1491 0.1514
71 1493 0.3536
71 1494 0.3898
71 1495 0.0893
71 1496 0.3417
71 1497 0.2307
71 1498 0.0742
71 1499 0.1024
71 1500 0.2196
71 1501 0.2638
71 1502 0.1880
71 1503 0.4775
71 1504 0.4488
71 1505 0.1078
71 1506 0.1630
71 1507 0.3704
71 1508 0.2843
71 1510 0.3961
71 1511 0.4021
71 1512 0.3040
71 1513 0.0994
71 1514 0.2289
71 1515 0.2355
71 1516 0.5678
71 1517 0.2064
71 1518 0.3188
71 1519 0.2709
71 1520 0.7563
71 1522 0.0725
71 1525 0.2206
71 1526 0.0913
71 1527 0.2879
71 1528 0.0841
71 1529 0.4736
71 1530 0.0798
71 1531 0.3212
71 1532 0.1621
71 1534 0.2828
71 1535 0.1938
71 1536 0.0590
71 1537 0.1016
71 1538 0.1860
71 1540 0.2900
71 1541 0.2931
71 1542 0.0954
71 1544 0.0936
71 1545 0.1876
71 1546 0.1567
71 1547 0.1597
71 1548 0.2586
71 1549 0.1180
71 1550 0.1376
71 1551 0.1033
71 1552 0.1982
71 1553 0.1836
71 1554 0.1645
71 1555 0.0725
71 1556 0.0641
71 1557 0.1576
71 1560 0.0802
71 1562 0.1757
71 1565 0.2236
71 1566 0.0964
71 1567 0.0792
71 1568 0.7154
71 1569 0.4984
71 1570 0.6255
71 1571 0.7473
71 1572 0.3947
71 1573 0.5640
71 1574 0.5984
71 1575 0.3360
71 1576 0.3873
71 1577 0.5084
71 1578 0.6213
71 1579 0.3124
71 1580 0.6732
71 1581 0.6632
71 1582 0.4196
71 1583 0.5464
71 1584 0.5766
71 1585 0.7788
71 1586 0.6537
71 1587 0.4791
71 1588 0.7790
71 1589 0.0780
71 1590 0.6341
71 1591 0.6678
71 1592 0.2710
71 1593 0.8993
71 1594 0.7715
71 1595 0.6511
71 1596 0.2831
71 1597 0.5761
71 1598 0.2684
71 1599 0.8187
71 1600 0.1835
71 1601 0.8755
71 1602 0.5439
71 1603 0.4419
71 1604 0.7509
71 1605 0.6897
71 1606 0.6621
71 1607 0.4558
71 1608 0.7109
71 1609 0.5433
71 1610 0.0780
71 1611 0.4059
71 1612 0.6897
71 1613 0.9437
71 1614 0.4941
71 1615 0.3898
71 1616 0.2573
71 1617 0.3952
71 1618 0.4555
71 1619 0.5614
71 1620 0.2542
71 1621 0.9438
71 1622 0.9699
71 1623 0.5865
71 1624 0.7303
71 1625 0.3483
71 1626 0.7173
71 1627 0.5820
71 1628 0.7153
71 1629 0.3486
71 1630 0.4556
71 1631 0.5995
71 1632 0.3119
71 1633 0.7843
71 1634 0.7326
71 1635 0.2036
71 1636 0.2045
71 1637 0.7171
71 1638 0.6474
71 1639 0.7389
71 1640 0.6148
71 1641 0.4443
71 1642 0.7631
71 1643 0.4687
71 1644 0.1547
71 1645 0.1114
71 1646 0.2871
71 1647 0.3909
71 1648 0.3300
71 1649 0.1902
71 1650 0.2993
71 1651 0.2044
71 1652 0.2686
71 1653 0.4892
71 1654 0.0586
71 1655 0.3419
71 1656 0.0802
71 1657 0.0802
71 1658 0.2497
71 1659 0.1478
71 1660 0.2949
71 1661 0.1584
71 1662 0.1094
71 1663 0.3186
71 1664 0.2204
71 1665 0.1298
71 1666 0.2275
71 1667 0.1965
71 1668 0.3241
71 1669 0.1841
71 1670 0.1631
71 1671 0.1471
71 1672 0.2297
71 1673 0.1492
71 1674 0.3314
71 1675 0.1046
71 1676 0.2140
71 1677 0.1899
71 1678 0.2203
71 1679 0.1436
71 1680 0.2204
71 1681 0.3368
71 1682 0.1677
71 1683 0.1798
71 1684 0.1128
71 1685 0.1944
71 1686 0.0960
71 1687 0.2492
71 1688 0.2204
71 1689 0.6164
71 1690 0.1035
71 1691 0.1708
71 1692 0.1926
71 1693 0.3126
71 1694 0.4452
71 1695 0.3067
71 1696 0.1088
71 1697 0.1432
71 1698 0.2165
71 1699 0.1765
71 1700 0.1480
71 1701 0.1695
71 1702 0.2150
71 1703 0.1046
71 1704 0.1577
71 1705 0.1982
71 1706 0.2476
71 1707 0.2140
71 1708 0.1878
71 1709 0.2699
71 1710 0.1197
71 1711 0.1783
71 1712 0.8424
71 1713 0.4195
71 1714 0.2769
71 1715 0.1885
71 1716 0.1323
71 1717 0.7926
71 1718 0.3313
71 1719 0.1982
71 1720 0.1806
71 1721 0.4142
71 1722 0.2032
71 1723 0.1981
71 1724 0.0943
71 1725 0.2982
71 1726 0.1050
71 1727 0.2954
71 1728 0.0941
71 1729 0.0846
71 1730 0.1884
72 73 0.0391
72 74 0.1777
72 75 0.0567
72 76 0.0793
72 77 0.6315
72 78 0.1629
72 79 0.0627
72 80 0.1215
72 81 0.4278
72 82 0.3576
72 83 0.4039
72 84 0.7002
72 85 0.8345
72 86 0.0757
72 87 0.1103
72 88 0.2194
72 89 0.4333
72 90 0.7194
72 91 0.5773
72 92 0.1125
72 93 0.2545
72 94 0.6104
72 95 0.2001
72 96 0.1474
72 97 0.2041
72 98 0.4095
72 99 0.0714
72 100 0.0366
72 101 0.0630
72 102 0.2053
72 103 0.1404
72 104 0.1272
72 105 0.1978
72 106 0.2064
72 107 0.1034
72 108 0.5344
72 109 0.4550
72 110 0.1562
72 111 0.3503
72 112 0.5016
72 113 0.1122
72 114 0.1324
72 115 0.6424
72 116 0.6966
72 117 0.1252
72 118 0.0937
72 119 0.1320
72 120 0.1529
72 121 0.2619
72 122 0.0568
72 123 0.1539
72 124 0.5550
72 125 0.0498
72 126 0.0684
72 127 0.0544
72 128 0.4061
72 129 0.1028
72 130 0.0668
72 131 0.1544
72 132 0.0739
72 133 0.0526
72 134 0.3092
72 135 0.3181
72 136 0.5216
72 137 0.6787
72 138 0.1992
72 139 0.1500
72 140 0.1199
72 142 0.2051
72 143 0.7298
72 144 0.4799
72 145 0.4226
72 146 0.1953
72 147 0.2276
72 148 0.1626
72 149 0.0998
72 150 0.0414
72 151 0.5730
72 152 0.9078
72 153 0.9251
72 154 0.6116
72 156 0.0777
72 157 0.0519
72 158 0.3195
72 159 0.3364
72 160 0.1747
72 161 0.1106
72 162 0.2703
72 163 0.0546
72 164 0.0805
72 165 0.1001
72 166 0.3337
72 167 0.1588
72 168 0.0877
72 169 0.1956
72 170 0.6284
72 171 0.0756
72 172 0.0778
72 173 0.0564
72 174 0.0957
72 175 0.5293
72 176 0.3850
72 177 0.0801
72 178 0.3903
72 179 0.3657
72 180 0.1559
72 181 0.1250
72 182 0.2424
72 183 0.2046
72 184 0.6400
72 185 0.0790
72 186 0.1667
72 187 0.1075
72 188 0.1345
72 189 0.0877
72 190 0.0462
72 191 0.2214
72 192 0.1793
72 193 0.3519
72 194 0.2996
72 195 0.1636
72 196 0.2097
72 197 0.2947
72 198 0.0937
72 199 0.0643
72 200 0.3668
72 201 0.1459
72 202 0.3703
72 203 0.4270
72 204 0.1482
72 206 0.5004
72 207 0.0635
72 208 0.0483
72 209 0.0489
72 210 0.4202
72 211 0.1502
72 212 0.5922
72 213 0.0510
72 214 0.0624
72 215 0.9176
72 216 0.1003
72 217 0.2105
72 218 0.2138
72 219 0.0911
72 220 0.0492
72 221 0.1314
72 222 0.0533
72 223 0.6637
72 224 0.0615
72 225 0.1583
72 226 0.0524
72 227 0.0626
72 228 0.2045
72 229 0.0664
72 230 0.8821
72 231 0.0716
72 232 0.0505
72 233 0.5424
72 234 0.1229
72 235 0.3301
72 236 0.7672
72 237 0.0365
72 238 0.2417
72 239 0.0654
72 240 0.3071
72 241 0.4017
72 242 0.2381
72 243 0.1502
72 244 0.0877
72 245 0.0637
72 246 0.0595
72 247 0.0644
72 248 0.1402
72 249 0.0984
72 250 0.1920
72 251 0.2946
72 252 0.0300
72 253 0.5771
72 254 0.1723
72 255 0.0638
72 256 0.1699
72 257 0.0569
72 258 0.1536
72 259 0.0832
72 260 0.0695
72 261 0.4612
72 262 0.2236
72 263 0.1022
72 264 0.1447
72 265 0.5625
72 266 0.1630
72 267 0.0601
72 268 0.0752
72 269 0.2114
72 270 0.0787
72 271 0.0722
72 272 0.5217
72 273 0.0757
72 274 0.0964
72 275 0.1059
72 276 0.2610
72 277 0.3339
72 278 0.1373
72 279 0.1169
72 280 0.0692
72 281 0.0462
72 282 0.0591
72 283 0.3632
72 284 0.0794
72 285 0.0573
72 286 0.1516
72 287 0.3372
72 288 0.0751
72 289 0.0864
72 290 0.2806
72 291 0.0925
72 292 0.2625
72 293 0.1102
72 294 0.3369
72 295 0.0570
72 296 0.6099
72 297 0.0884
72 298 0.4453
72 299 0.0513
72 300 0.1470
72 301 0.3408
72 302 0.0654
72 303 0.0776
72 304 0.2483
72 305 0.2175
72 306 0.1507
72 307 0.0783
72 308 0.6841
72 309 0.1486
72 310 0.1914
72 311 0.0681
72 312 0.0569
72 313 0.0955
72 314 0.1243
72 315 0.2611
72 316 0.1153
72 317 0.0652
72 318 0.0552
72 319 0.2050
72 320 0.1708
72 321 0.4456
72 322 0.0454
72 323 0.0869
72 324 0.1948
72 325 0.0391
72 326 0.3434
72 327 0.0672
72 328 0.2608
72 329 0.0619
72 330 0.0428
72 331 0.1216
72 332 0.0796
72 333 0.0497
72 334 0.1801
72 335 0.0497
72 336 0.1500
72 337 0.0545
72 338 0.0743
72 339 0.0716
72 340 0.2819
72 341 0.0682
72 342 0.0998
72 343 0.6242
72 344 0.1113
72 345 0.0653
72 346 0.0638
72 347 0.6262
72 348 0.4788
72 349 0.1480
72 350 0.1954
72 351 0.0417
72 352 0.1181
72 353 0.0797
72 354 0.1072
72 355 0.1149
72 356 0.0987
72 357 0.0842
72 358 0.0700
72 359 0.0636
72 360 0.0613
72 361 0.0564
72 362 0.0594
72 363 0.1687
72 364 0.0906
72 366 0.0772
72 367 0.0621
72 368 0.0766
72 369 0.0677
72 370 0.3588
72 371 0.0515
72 372 0.1826
72 373 0.1248
72 374 0.0674
72 375 0.5169
72 376 0.0520
72 377 0.1589
72 378 0.0720
72 379 0.6102
72 380 0.1771
72 381 0.0741
72 382 0.0288
72 383 0.2001
72 384 0.2743
72 385 0.3594
72 386 0.0994
72 387 0.0420
72 388 0.0644
72 389 0.0682
72 390 0.4508
72 391 0.0893
72 392 0.2551
72 393 0.1796
72 394 0.0709
72 395 0.4218
72 396 0.3576
72 397 0.3931
72 398 0.1224
72 399 0.7727
72 400 0.1049
72 402 0.1220
72 403 0.0435
72 404 0.0728
72 405 0.0816
72 406 0.3933
72 407 0.0717
72 408 0.1961
72 409 0.0810
72 410 0.0671
72 411 0.0407
72 412 0.1868
72 413 0.0497
72 414 0.1286
72 415 0.2051
72 416 0.0576
72 417 0.0945
72 418 0.0654
72 419 0.0823
72 420 0.0577
72 421 0.2345
72 422 0.0658
72 423 0.3611
72 424 0.3488
72 425 0.1138
72 426 0.0391
72 427 0.0441
72 428 0.6923
72 429 0.0735
72 430 0.0808
72 431 0.0787
72 432 0.1068
72 433 0.1632
72 434 0.3677
72 435 0.1041
72 436 0.3637
72 437 0.3622
72 438 0.8300
72 439 0.0687
72 440 0.0480
72 441 0.1666
72 442 0.1124
72 443 0.0184
72 445 0.0936
72 447 0.1485
72 448 0.0662
72 449 0.8166
72 450 0.1040
72 451 0.0584
72 452 0.2443
72 453 0.1550
72 454 0.2733
72 455 0.2419
72 456 0.6037
72 457 0.3583
72 458 0.0890
72 459 0.0777
72 460 0.1269
72 461 0.0878
72 462 0.1032
72 463 0.2809
72 464 0.5434
72 465 0.1473
72 466 0.2180
72 467 0.1721
72 468 0.1382
72 469 0.4130
72 470 0.1575
72 471 0.1077
72 472 0.1905
72 474 0.0726
72 475 0.0831
72 476 0.0618
72 478 0.0696
72 479 0.0645
72 480 0.0933
72 481 0.1502
72 482 0.0742
72 484 0.6618
72 485 0.0785
72 486 0.1449
72 487 0.0357
72 488 0.0410
72 489 0.0787
72 490 0.0812
72 491 0.1379
72 492 0.2153
72 493 0.0549
72 494 0.0721
72 495 0.2605
72 496 0.0548
72 497 0.1021
72 498 0.4112
72 499 0.3902
72 500 0.0944
72 501 0.1350
72 502 0.1380
72 503 0.0722
72 504 0.0697
72 505 0.4293
72 506 0.1083
72 507 0.0980
72 508 0.2666
72 509 0.0848
72 510 0.0932
72 511 0.4476
72 512 0.0844
72 513 0.0535
72 514 0.4319
72 515 0.2043
72 516 0.2111
72 517 0.5067
72 518 0.0862
72 519 0.2065
72 520 0.0789
72 521 0.0686
72 522 0.0686
72 523 0.0969
72 524 0.2484
72 525 0.0737
72 526 0.0571
72 527 0.2686
72 528 0.0357
72 529 0.0391
72 530 0.3397
72 531 0.3124
72 532 0.0786
72 533 0.0704
72 534 0.0680
72 535 0.1066
72 536 0.3128
72 537 0.0573
72 538 0.1190
72 539 0.4649
72 540 0.1448
72 541 0.1126
72 542 0.0479
72 543 0.0960
72 544 0.1321
72 545 0.0594
72 546 0.5887
72 547 0.1946
72 548 0.0849
72 549 0.0696
72 550 0.0773
72 551 0.0632
72 552 0.0917
72 553 0.5081
72 554 0.1484
72 555 0.4824
72 556 0.0925
72 557 0.3921
72 558 0.2782
72 559 0.0753
72 560 0.1631
72 561 0.4925
72 562 0.1149
72 563 0.2459
72 564 0.0753
72 565 0.1338
72 566 0.0647
72 567 0.3537
72 568 0.5460
72 569 0.0802
72 570 0.3940
72 571 0.2351
72 572 0.7574
72 573 0.1482
72 574 0.0599
72 575 0.0943
72 576 0.0519
72 577 0.0818
72 578 0.1072
72 579 0.7119
72 580 0.0692
72 581 0.0464
72 582 0.0578
72 583 0.0834
72 584 0.0358
72 585 0.2835
72 586 0.0790
72 587 0.1351
72 589 0.1182
72 590 0.6126
72 591 0.0752
72 592 0.0737
72 593 0.4741
72 594 0.4931
72 595 0.0849
72 598 0.1380
72 599 0.0805
72 600 0.1158
72 601 0.7004
72 602 0.0893
72 604 0.0490
72 605 0.0622
72 606 0.4855
72 607 0.1254
72 608 0.0347
72 609 0.4118
72 610 0.3894
72 611 0.0929
72 612 0.0554
72 613 0.1135
72 614 0.4889
72 615 0.1244
72 616 0.1271
72 617 0.0812
72 618 0.0590
72 619 0.1566
72 620 0.0744
72 621 0.4134
72 622 0.1277
72 623 0.3976
72 624 0.0431
72 625 0.1625
72 626 0.1096
72 627 0.6755
72 628 0.1127
72 629 0.6789
72 630 0.0533
72 631 0.0524
72 632 0.0863
72 633 0.1687
72 634 0.0695
72 635 0.0765
72 636 0.0635
72 637 0.0860
72 638 0.0951
72 639 0.5189
72 640 0.1001
72 641 0.0358
72 642 0.0781
72 643 0.3781
72 644 0.0668
72 645 0.0569
72 646 0.0639
72 647 0.2651
72 648 0.0623
72 649 0.0551
72 650 0.5904
72 651 0.0743
72 652 0.1478
72 653 0.1282
72 654 0.0733
72 655 0.1295
72 656 0.5487
72 657 0.0722
72 658 0.6216
72 659 0.1437
72 660 0.1283
72 661 0.0459
72 662 0.1897
72 663 0.0977
72 664 0.1943
72 665 0.1484
72 666 0.0648
72 667 0.1351
72 668 0.1338
72 669 0.1338
72 670 0.0789
72 671 0.1982
72 672 0.2972
72 673 0.0554
72 674 0.0790
72 675 0.0608
72 676 0.1304
72 677 0.0762
72 678 0.0839
72 679 0.0670
72 680 0.1055
72 681 0.0596
72 682 0.0761
72 683 0.5154
72 684 0.5058
72 685 0.2491
72 686 0.1359
72 687 0.2304
72 688 0.1455
72 689 0.2011
72 690 0.0491
72 691 0.0802
72 692 0.0835
72 694 0.2012
72 695 0.1183
72 696 0.1397
72 697 0.0541
72 698 0.1127
72 699 0.4374
72 700 0.0457
72 701 0.0561
72 702 0.0721
72 703 0.1061
72 704 0.0509
72 705 0.2809
72 706 0.1686
72 707 0.0816
72 708 0.0892
72 709 0.1137
72 710 0.1739
72 711 0.2810
72 712 0.0865
72 713 0.0526
72 714 0.2326
72 715 0.0870
72 716 0.0457
72 717 0.1085
72 718 0.0633
72 720 0.0492
72 721 0.0528
72 722 0.2255
72 723 0.3774
72 724 0.0945
72 725 0.0551
72 726 0.0807
72 727 0.0994
72 728 0.0684
72 729 0.0780
72 730 0.0903
72 731 0.1766
72 732 0.7026
72 733 0.1015
72 734 0.3884
72 735 0.1474
72 736 0.3026
72 737 0.1829
72 738 0.3109
72 740 0.5150
72 741 0.3738
72 742 0.6091
72 743 0.1346
72 744 0.0731
72 745 0.0627
72 746 0.1231
72 747 0.1157
72 748 0.4082
72 749 0.0391
72 750 0.6118
72 751 0.6642
72 752 0.3059
72 753 0.1546
72 754 0.2150
72 755 0.0619
72 756 0.0484
72 757 0.0914
72 758 0.1505
72 759 0.0837
72 760 0.1153
72 761 0.1380
72 762 0.0974
72 763 0.4677
72 764 0.1223
72 765 0.1058
72 766 0.0894
72 767 0.1161
72 768 0.3951
72 769 0.0764
72 770 0.2353
72 771 0.0756
72 772 0.3336
72 773 0.1027
72 774 0.0747
72 775 0.0395
72 776 0.1091
72 777 0.0938
72 778 0.0999
72 779 0.2862
72 780 0.0671
72 781 0.0998
72 782 0.0849
72 783 0.4573
72 784 0.0968
72 785 0.0971
72 786 0.0719
72 787 0.0899
72 788 0.2862
72 789 0.3986
72 791 0.4637
72 792 0.0819
72 793 0.5754
72 794 0.1389
72 795 0.0877
72 796 0.0927
72 797 0.0905
72 798 0.0575
72 799 0.1657
72 800 0.1388
72 801 0.2300
72 802 0.1457
72 803 0.1525
72 804 0.3065
72 805 0.0417
72 806 0.0862
72 807 0.2164
72 808 0.1349
72 809 0.0962
72 810 0.0740
72 811 0.3893
72 812 0.1672
72 813 0.2148
72 814 0.0556
72 815 0.1363
72 816 0.4422
72 817 0.0869
72 818 0.1157
72 819 0.1214
72 820 0.0864
72 821 0.4030
72 822 0.0683
72 823 0.2536
72 824 0.2323
72 825 0.3250
72 827 0.0809
72 828 0.0886
72 829 0.3173
72 830 0.0795
72 831 0.1174
72 832 0.1294
72 833 0.0702
72 834 0.1770
72 835 0.0624
72 836 0.0696
72 837 0.2428
72 838 0.0579
72 839 0.0921
72 840 0.0913
72 841 0.6386
72 842 0.0681
72 843 0.2698
72 844 0.1380
72 845 0.4416
72 846 0.1438
72 847 0.0926
72 848 0.0232
72 849 0.0998
72 850 0.0600
72 851 0.4058
72 852 0.1101
72 853 0.1494
72 854 0.0904
72 855 0.0985
72 856 0.0884
72 857 0.0667
72 858 0.2877
72 859 0.0419
72 860 0.1403
72 861 0.0795
72 862 0.1021
72 864 0.0813
72 865 0.1463
72 866 0.0740
72 867 0.0662
72 868 0.2031
72 869 0.2352
72 870 0.0301
72 871 0.1296
72 872 0.7269
72 873 0.0958
72 874 0.0552
72 875 0.0899
72 876 0.0548
72 877 0.0889
72 878 0.1572
72 880 0.0847
72 881 0.0767
72 882 0.0966
72 883 0.0812
72 884 0.0567
72 885 0.0939
72 886 0.0631
72 887 0.1039
72 888 0.0780
72 889 0.0582
72 890 0.1012
72 891 0.3587
72 892 0.2114
72 893 0.2407
72 894 0.1491
72 895 0.1915
72 896 0.1340
72 897 0.0397
72 898 0.1647
72 899 0.0698
72 900 0.0945
72 901 0.0950
72 903 0.2916
72 905 0.1154
72 906 0.1114
72 907 0.0498
72 908 0.1272
72 909 0.2317
72 910 0.0921
72 911 0.0976
72 912 0.0786
72 913 0.2734
72 914 0.0818
72 915 0.1270
72 916 0.1425
72 917 0.0473
72 918 0.0876
72 919 0.5220
72 920 0.4707
72 921 0.0395
72 922 0.0670
72 924 0.0611
72 925 0.0633
72 928 0.2551
72 929 0.1537
72 930 0.0537
72 932 0.1659
72 933 0.0983
72 934 0.0937
72 935 0.0668
72 936 0.0838
72 937 0.0952
72 938 0.1196
72 939 0.0492
72 940 0.3545
72 941 0.3328
72 942 0.0656
72 943 0.1126
72 944 0.0930
72 946 0.4359
72 947 0.0703
72 948 0.0759
72 949 0.1050
72 950 0.0436
72 951 0.1444
72 952 0.1046
72 953 0.7083
72 954 0.1840
72 955 0.1876
72 956 0.0441
72 957 0.3589
72 958 0.0817
72 959 0.1128
72 960 0.8317
72 961 0.0346
72 962 0.0410
72 963 0.1119
72 964 0.1823
72 965 0.4014
72 966 0.1513
72 967 0.1186
72 968 0.1179
72 969 0.2101
72 971 0.2435
72 972 0.4207
72 973 0.4906
72 974 0.9663
72 975 0.0718
72 976 0.0832
72 977 0.0820
72 978 0.3978
72 979 0.2409
72 980 0.2359
72 981 0.0851
72 982 0.1608
72 983 0.0854
72 984 0.0517
72 985 0.0621
72 986 0.3030
72 987 0.4115
72 989 0.1653
72 990 0.1629
72 991 0.0773
72 992 0.0570
72 993 0.4175
72 994 0.2298
72 995 0.1451
72 996 0.1103
72 999 0.0965
72 1000 0.2322
72 1001 0.1290
72 1002 0.2225
72 1003 0.3373
72 1004 0.2404
72 1005 0.0977
72 1006 0.2183
72 1007 0.2121
72 1008 0.0967
72 1010 0.1019
72 1012 0.1449
72 1013 0.1341
72 1014 0.6386
72 1015 0.1606
72 1016 0.0473
72 1017 0.0586
72 1018 0.1300
72 1019 0.0631
72 1020 0.1949
72 1022 0.0540
72 1023 0.1462
72 1024 0.5064
72 1025 0.0248
72 1026 0.3264
72 1027 0.1656
72 1028 0.0822
72 1029 0.0613
72 1030 0.0916
72 1031 0.1380
72 1032 0.1562
72 1033 0.2129
72 1034 0.0704
72 1035 0.1010
72 1036 0.1499
72 1037 0.0826
72 1038 0.0705
72 1039 0.1458
72 1040 0.0929
72 1041 0.3816
72 1042 0.4928
72 1043 0.0663
72 1044 0.1081
72 1045 0.0811
72 1046 0.0554
72 1047 0.0556
72 1048 0.4614
72 1049 0.0498
72 1050 0.0347
72 1051 0.0742
72 1052 0.2728
72 1053 0.0753
72 1054 0.0833
72 1055 0.0560
72 1056 0.3696
72 1057 0.1389
72 1058 0.0619
72 1059 0.1183
72 1060 0.2804
72 1061 0.5074
72 1062 0.0908
72 1063 0.3680
72 1064 0.5388
72 1065 0.0641
72 1066 0.0909
72 1067 0.1373
72 1068 0.0777
72 1069 0.2347
72 1070 0.6067
72 1071 0.0803
72 1072 0.0729
72 1073 0.0391
72 1075 0.0756
72 1076 0.0589
72 1077 0.0589
72 1078 0.0740
72 1079 0.5178
72 1080 0.0504
72 1081 0.0679
72 1082 0.0935
72 1083 0.3101
72 1084 0.0701
72 1085 0.1450
72 1087 0.2704
72 1089 0.1113
72 1090 0.0436
72 1092 0.0911
72 1093 0.0893
72 1094 0.3231
72 1095 0.0780
72 1096 0.1191
72 1097 0.1260
72 1099 0.7450
72 1102 0.1461
72 1103 0.1295
72 1104 0.1686
72 1105 0.5362
72 1106 0.6828
72 1107 0.0493
72 1108 0.0461
72 1109 0.0602
72 1110 0.1100
72 1111 0.0578
72 1113 0.1049
72 1114 0.1154
72 1115 0.0838
72 1116 0.0765
72 1117 0.0836
72 1118 0.0705
72 1119 0.4885
72 1120 0.0878
72 1121 0.0675
72 1122 0.0838
72 1123 0.0569
72 1124 0.0610
72 1125 0.0296
72 1126 0.0812
72 1127 0.0517
72 1128 0.2196
72 1129 0.7051
72 1130 0.1008
72 1131 0.1438
72 1132 0.1133
72 1133 0.0554
72 1134 0.0815
72 1135 0.4826
72 1136 0.0719
72 1138 0.0693
72 1139 0.0827
72 1141 0.0543
72 1142 0.1824
72 1143 0.3557
72 1144 0.1421
72 1145 0.0424
72 1146 0.2470
72 1147 0.0283
72 1148 0.0709
72 1149 0.0397
72 1150 0.1486
72 1151 0.3282
72 1152 0.1685
72 1153 0.0294
72 1154 0.1376
72 1155 0.1017
72 1156 0.1504
72 1157 0.0830
72 1158 0.0818
72 1159 0.0489
72 1160 0.0499
72 1161 0.0458
72 1162 0.0806
72 1163 0.2036
72 1165 0.0963
72 1166 0.0797
72 1167 0.0883
72 1169 0.2876
72 1170 0.0391
72 1172 0.1065
72 1173 0.0391
72 1174 0.1974
72 1176 0.0891
72 1177 0.0611
72 1178 0.0718
72 1180 0.1268
72 1181 0.0638
72 1182 0.1123
72 1183 0.0219
72 1184 0.1200
72 1185 0.4158
72 1186 0.1362
72 1187 0.0497
72 1188 0.0844
72 1189 0.1634
72 1191 0.0435
72 1192 0.4767
72 1193 0.0541
72 1194 0.1367
72 1195 0.0638
72 1196 0.0668
72 1197 0.1166
72 1198 0.1124
72 1199 0.1190
72 1200 0.1179
72 1201 0.1835
72 1202 0.0545
72 1203 0.0721
72 1204 0.1398
72 1205 0.1578
72 1206 0.1294
72 1207 0.1011
72 1208 0.0972
72 1209 0.0641
72 1210 0.1984
72 1211 0.0981
72 1212 0.0829
72 1213 0.1660
72 1214 0.2042
72 1215 0.0391
72 1216 0.1163
72 1217 0.3997
72 1218 0.0445
72 1219 0.0829
72 1220 0.0683
72 1221 0.0786
72 1222 0.1287
72 1223 0.1072
72 1224 0.0704
72 1225 0.2917
72 1226 0.2113
72 1227 0.1072
72 1228 0.1329
72 1229 0.0886
72 1230 0.1969
72 1231 0.0669
72 1232 0.0391
72 1233 0.0811
72 1234 0.0944
72 1235 0.0792
72 1236 0.1643
72 1237 0.1543
72 1238 0.1080
72 1239 0.1155
72 1240 0.1714
72 1241 0.0599
72 1242 0.1544
72 1243 0.0633
72 1244 0.0746
72 1245 0.0683
72 1246 0.1024
72 1247 0.2317
72 1248 0.1131
72 1249 0.0945
72 1250 0.0602
72 1251 0.1845
72 1252 0.0395
72 1253 0.2183
72 1254 0.4310
72 1255 0.4582
72 1256 0.4758
72 1257 0.1940
72 1258 0.5557
72 1259 0.3862
72 1260 0.8331
72 1262 0.3588
72 1263 0.2758
72 1265 0.6309
72 1266 0.1162
72 1267 0.1181
72 1268 0.4608
72 1269 0.5184
72 1270 0.5417
72 1271 0.6068
72 1272 0.4206
72 1273 0.3911
72 1274 0.3683
72 1275 0.8284
72 1276 0.3669
72 1278 0.6996
72 1279 0.4300
72 1280 0.3765
72 1281 0.1047
72 1282 0.0600
72 1283 0.0534
72 1284 0.0844
72 1286 0.1654
72 1287 0.1181
72 1288 0.0761
72 1289 0.0621
72 1290 0.0711
72 1291 0.0917
72 1292 0.4120
72 1293 0.0548
72 1295 0.0808
72 1296 0.1167
72 1297 0.0581
72 1298 0.1499
72 1299 0.1380
72 1300 0.0737
72 1301 0.1099
72 1302 0.1846
72 1303 0.1310
72 1304 0.1064
72 1305 0.0373
72 1306 0.0756
72 1307 0.0994
72 1308 0.0878
72 1309 0.0807
72 1310 0.0786
72 1311 0.1071
72 1312 0.0874
72 1313 0.1363
72 1315 0.1119
72 1316 0.7279
72 1318 0.0812
72 1319 0.0774
72 1320 0.1004
72 1322 0.0510
72 1323 0.0947
72 1324 0.1398
72 1325 0.1175
72 1326 0.0794
72 1327 0.1019
72 1328 0.1109
72 1329 0.1188
72 1330 0.1204
72 1331 0.3469
72 1332 0.1447
72 1333 0.0945
72 1334 0.0716
72 1335 0.1000
72 1336 0.1425
72 1337 0.1158
72 1338 0.0813
72 1339 0.0963
72 1340 0.0942
72 1341 0.1727
72 1342 0.1252
72 1343 0.1776
72 1344 0.3268
72 1345 0.1137
72 1346 0.0491
72 1347 0.0950
72 1348 0.0457
72 1349 0.1048
72 1350 0.1827
72 1352 0.0820
72 1353 0.0570
72 1354 0.0343
72 1355 0.0570
72 1356 0.1649
72 1357 0.0657
72 1358 0.1829
72 1359 0.1384
72 1360 0.0516
72 1361 0.0837
72 1362 0.2336
72 1363 0.0673
72 1364 0.0772
72 1365 0.0739
72 1366 0.1836
72 1367 0.0932
72 1368 0.1232
72 1369 0.2222
72 1370 0.3514
72 1371 0.0647
72 1372 0.0480
72 1373 0.0625
72 1374 0.1643
72 1375 0.0391
72 1376 0.2338
72 1377 0.1570
72 1378 0.0956
72 1379 0.1366
72 1380 0.1601
72 1381 0.1469
72 1382 0.0883
72 1383 0.1083
72 1384 0.2053
72 1385 0.1275
72 1386 0.5764
72 1387 0.4437
72 1388 0.6802
72 1389 0.4439
72 1390 0.5241
72 1392 0.2359
72 1393 0.2473
72 1394 0.3610
72 1395 0.1429
72 1396 0.1990
72 1397 0.5334
72 1398 0.2631
72 1399 0.2002
72 1401 0.1745
72 1402 0.1487
72 1405 0.3817
72 1406 0.4244
72 1407 0.3163
72 1408 0.2862
72 1409 0.4479
72 1410 0.3944
72 1411 0.3695
72 1412 0.3931
72 1413 0.2689
72 1414 0.1465
72 1415 0.4652
72 1416 0.2903
72 1418 0.3566
72 1419 0.5232
72 1420 0.1443
72 1421 0.0736
72 1422 0.0620
72 1423 0.0759
72 1424 0.1044
72 1425 0.0575
72 1426 0.2632
72 1427 0.0567
72 1428 0.0801
72 1431 0.0399
72 1433 0.0611
72 1434 0.8003
72 1435 0.1933
72 1436 0.0477
72 1437 0.0804
72 1438 0.0760
72 1439 0.2196
72 1440 0.3878
72 1441 0.0609
72 1443 0.0600
72 1445 0.0777
72 1446 0.0983
72 1448 0.1031
72 1449 0.1857
72 1451 0.0528
72 1452 0.1562
72 1453 0.0837
72 1454 0.1320
72 1455 0.1358
72 1456 0.1135
72 1457 0.0603
72 1458 0.0591
72 1459 0.1226
72 1460 0.1072
72 1461 0.0838
72 1462 0.0666
72 1463 0.0694
72 1464 0.0534
72 1465 0.1724
72 1466 0.1912
72 1468 0.0901
72 1470 0.0480
72 1472 0.0672
72 1473 0.0950
72 1474 0.0754
72 1475 0.1086
72 1476 0.1398
72 1477 0.0613
72 1478 0.0747
72 1479 0.1773
72 1480 0.1414
72 1481 0.0692
72 1482 0.1364
72 1484 0.2790
72 1485 0.0586
72 1486 0.1031
72 1487 0.1010
72 1488 0.0843
72 1490 0.1282
72 1491 0.0558
72 1493 0.0973
72 1494 0.0388
72 1495 0.0901
72 1496 0.0949
72 1497 0.1176
72 1498 0.1023
72 1499 0.0504
72 1500 0.0404
72 1501 0.1658
72 1502 0.1453
72 1503 0.2170
72 1504 0.1636
72 1505 0.1087
72 1506 0.1033
72 1507 0.1118
72 1508 0.1115
72 1510 0.0753
72 1511 0.1817
72 1512 0.1126
72 1513 0.1052
72 1514 0.0343
72 1515 0.0441
72 1516 0.1369
72 1517 0.2708
72 1518 0.0604
72 1519 0.2151
72 1520 0.5662
72 1522 0.0902
72 1525 0.1050
72 1526 0.0900
72 1527 0.0541
72 1528 0.1176
72 1529 0.1034
72 1530 0.1230
72 1531 0.2922
72 1532 0.1017
72 1534 0.1044
72 1535 0.0988
72 1536 0.0889
72 1537 0.0660
72 1538 0.2151
72 1540 0.0906
72 1541 0.1174
72 1542 0.0764
72 1544 0.0618
72 1545 0.0771
72 1546 0.0780
72 1547 0.1070
72 1548 0.1584
72 1549 0.1075
72 1550 0.1104
72 1551 0.0867
72 1552 0.0952
72 1553 0.0992
72 1554 0.0932
72 1555 0.0945
72 1556 0.0636
72 1557 0.1012
72 1560 0.0391
72 1562 0.1140
72 1565 0.1134
72 1566 0.1140
72 1567 0.0814
72 1568 0.0575
72 1569 0.1245
72 1570 0.0586
72 1571 0.2028
72 1572 0.0707
72 1573 0.2754
72 1574 0.0863
72 1575 0.1695
72 1576 0.0652
72 1577 0.0801
72 1578 0.0785
72 1579 0.0966
72 1580 0.0819
72 1581 0.0712
72 1582 0.1118
72 1583 0.0721
72 1584 0.1273
72 1585 0.2273
72 1586 0.1416
72 1587 0.0766
72 1588 0.0955
72 1589 0.0824
72 1590 0.0986
72 1591 0.1054
72 1592 0.1830
72 1593 0.0834
72 1594 0.0727
72 1595 0.1002
72 1596 0.1368
72 1597 0.0708
72 1598 0.1112
72 1599 0.0776
72 1600 0.1176
72 1601 0.1173
72 1602 0.0742
72 1603 0.1107
72 1604 0.0518
72 1605 0.1380
72 1606 0.0704
72 1607 0.0468
72 1608 0.2979
72 1609 0.0688
72 1610 0.0824
72 1611 0.0774
72 1612 0.1380
72 1613 0.1730
72 1614 0.1029
72 1615 0.0903
72 1616 0.0830
72 1617 0.1033
72 1618 0.6007
72 1619 0.0971
72 1620 0.1142
72 1621 0.1290
72 1622 0.3509
72 1623 0.1236
72 1624 0.1183
72 1625 0.0959
72 1626 0.0462
72 1627 0.2012
72 1628 0.1229
72 1629 0.1182
72 1630 0.1870
72 1631 0.0775
72 1632 0.1713
72 1633 0.0643
72 1634 0.0847
72 1635 0.1548
72 1636 0.0858
72 1637 0.1333
72 1638 0.0984
72 1639 0.1019
72 1640 0.1060
72 1641 0.1317
72 1642 0.0594
72 1643 0.1082
72 1644 0.0229
72 1645 0.0604
72 1646 0.2665
72 1647 0.1373
72 1648 0.1336
72 1649 0.1288
72 1650 0.0809
72 1651 0.0746
72 1652 0.0161
72 1653 0.4926
72 1654 0.0834
72 1655 0.2266
72 1656 0.0391
72 1657 0.0391
72 1658 0.0727
72 1659 0.0998
72 1660 0.0846
72 1661 0.4309
72 1662 0.3417
72 1663 0.4431
72 1664 0.3605
72 1665 0.4465
72 1666 0.1496
72 1667 0.5123
72 1668 0.7511
72 1669 0.4065
72 1670 0.1429
72 1671 0.1024
72 1672 0.3931
72 1673 0.1881
72 1674 0.6116
72 1675 0.3718
72 1676 0.0799
72 1677 0.1472
72 1678 0.3916
72 1679 0.3827
72 1680 0.1189
72 1681 0.3877
72 1682 0.3862
72 1683 0.5060
72 1684 0.1401
72 1685 0.1211
72 1686 0.3214
72 1687 0.2907
72 1688 0.1785
72 1689 0.9454
72 1690 0.1158
72 1691 0.4304
72 1692 0.5468
72 1693 0.2934
72 1694 0.2811
72 1695 0.1568
72 1696 0.1163
72 1697 0.4886
72 1698 0.1554
72 1699 0.0660
72 1700 0.0577
72 1701 0.0473
72 1702 0.0623
72 1703 0.1594
72 1704 0.0501
72 1705 0.0488
72 1706 0.0717
72 1707 0.1221
72 1708 0.0665
72 1709 0.0375
72 1710 0.0635
72 1711 0.0432
72 1712 0.6191
72 1713 0.0758
72 1714 0.0463
72 1715 0.0519
72 1716 0.1213
72 1717 0.5756
72 1718 0.0314
72 1719 0.0488
72 1720 0.2250
72 1721 0.2501
72 1722 0.1031
72 1723 0.0778
72 1724 0.1033
72 1725 0.0920
72 1726 0.0769
72 1727 0.0667
72 1728 0.0668
72 1729 0.0914
72 1730 0.1199
73 74 0.0315
73 75 0.4120
73 76 0.0196
73 77 0.0697
73 78 0.4566
73 79 0.1804
73 80 0.0773
73 81 0.0228
73 82 0.1707
73 83 0.5152
73 84 0.1843
73 85 0.3072
73 86 0.0401
73 87 0.4506
73 88 0.0809
73 89 0.2439
73 90 0.1681
73 91 0.5049
73 92 0.2132
73 93 0.0380
73 94 0.0523
73 95 0.0390
73 96 0.0372
73 97 0.1366
73 98 0.0311
73 99 0.3076
73 100 0.4079
73 101 0.0762
73 102 0.0764
73 103 0.4076
73 104 0.1616
73 105 0.3481
73 106 0.1420
73 107 0.0170
73 108 0.4744
73 109 0.1000
73 110 0.0786
73 111 0.2350
73 112 0.1606
73 113 0.2699
73 114 0.2505
73 115 0.2995
73 116 0.3025
73 117 0.1300
73 118 0.2400
73 119 0.1615
73 120 0.4622
73 121 0.2399
73 122 0.6161
73 123 0.1311
73 124 0.0770
73 125 0.2628
73 126 0.0945
73 127 0.3741
73 128 0.2447
73 129 0.0966
73 130 0.2120
73 131 0.0411
73 132 0.1194
73 133 0.0553
73 134 0.4642
73 135 0.1809
73 136 0.3078
73 137 0.2154
73 138 0.0849
73 139 0.1180
73 140 0.4473
73 142 0.1344
73 143 0.4404
73 144 0.3036
73 145 0.4322
73 146 0.4098
73 147 0.0808
73 148 0.1777
73 149 0.0484
73 150 0.2370
73 151 0.0523
73 152 0.5100
73 153 0.0962
73 154 0.1365
73 156 0.0429
73 157 0.1922
73 158 0.0502
73 159 0.5676
73 160 0.4608
73 161 0.0142
73 162 0.1283
73 163 0.0196
73 164 0.0618
73 165 0.4508
73 166 0.2021
73 167 0.1630
73 168 0.1629
73 169 0.1861
73 170 0.1062
73 171 0.0446
73 172 0.0459
73 173 0.0581
73 174 0.1997
73 175 0.0726
73 176 0.4363
73 177 0.0444
73 178 0.0506
73 179 0.3473
73 180 0.2063
73 181 0.0168
73 182 0.4756
73 183 0.3045
73 184 0.4856
73 185 0.0363
73 186 0.0169
73 187 0.6609
73 188 0.1442
73 189 0.0901
73 190 0.0889
73 191 0.0134
73 192 0.0142
73 193 0.4559
73 194 0.5589
73 195 0.0688
73 196 0.0721
73 197 0.4158
73 198 0.1081
73 199 0.4423
73 200 0.0351
73 201 0.3124
73 202 0.0285
73 203 0.0721
73 204 0.2119
73 206 0.3343
73 207 0.0860
73 208 0.0209
73 209 0.3570
73 210 0.2299
73 211 0.2456
73 212 0.0520
73 213 0.1107
73 214 0.0524
73 215 0.1150
73 216 0.1181
73 217 0.2242
73 218 0.2995
73 219 0.0497
73 220 0.0119
73 221 0.0730
73 222 0.0323
73 223 0.1286
73 224 0.1305
73 225 0.0422
73 226 0.0659
73 227 0.0308
73 228 0.2311
73 229 0.2876
73 230 0.1313
73 231 0.0182
73 232 0.2376
73 233 0.0325
73 234 0.1046
73 235 0.4484
73 236 0.2959
73 237 0.0825
73 238 0.1494
73 239 0.0467
73 240 0.3027
73 241 0.2445
73 242 0.1290
73 243 0.5822
73 244 0.0212
73 245 0.2852
73 246 0.1483
73 247 0.0636
73 248 0.1818
73 249 0.0955
73 250 0.0417
73 251 0.1150
73 252 0.0484
73 253 0.0242
73 254 0.4886
73 255 0.0392
73 256 0.3133
73 257 0.0334
73 258 0.3837
73 259 0.1833
73 260 0.0477
73 261 0.2308
73 262 0.4170
73 263 0.0722
73 264 0.3259
73 265 0.1791
73 266 0.2681
73 267 0.1087
73 268 0.2070
73 269 0.3604
73 270 0.0247
73 271 0.3638
73 272 0.0620
73 273 0.3561
73 274 0.0652
73 275 0.4056
73 276 0.4729
73 277 0.1919
73 278 0.0754
73 279 0.0428
73 280 0.1785
73 281 0.1173
73 282 0.5140
73 283 0.1050
73 284 0.1555
73 285 0.0531
73 286 0.4087
73 287 0.4268
73 288 0.0637
73 289 0.0983
73 290 0.4796
73 291 0.0259
73 292 0.2576
73 293 0.0677
73 294 0.1334
73 295 0.1725
73 296 0.1078
73 297 0.2947
73 298 0.0459
73 299 0.0210
73 300 0.2261
73 301 0.2308
73 302 0.1214
73 303 0.0754
73 304 0.4747
73 305 0.0235
73 306 0.0352
73 307 0.1193
73 308 0.0991
73 309 0.2842
73 310 0.2284
73 311 0.0211
73 312 0.0124
73 313 0.0568
73 314 0.0236
73 315 0.0404
73 316 0.0512
73 317 0.5022
73 318 0.0371
73 319 0.1267
73 320 0.1417
73 321 0.0584
73 322 0.0180
73 323 0.1692
73 324 0.0908
73 325 0.0238
73 326 0.0176
73 327 0.1062
73 328 0.2709
73 329 0.1066
73 330 0.0292
73 331 0.1512
73 332 0.1263
73 333 0.1538
73 334 0.3941
73 335 0.1772
73 336 0.0316
73 337 0.1204
73 338 0.0714
73 339 0.0601
73 340 0.6253
73 341 0.4908
73 342 0.0631
73 343 0.0972
73 344 0.2322
73 345 0.1829
73 346 0.0299
73 347 0.2054
73 348 0.0500
73 349 0.0413
73 350 0.1793
73 351 0.1089
73 352 0.2360
73 353 0.0301
73 354 0.1466
73 355 0.0995
73 356 0.1234
73 357 0.3839
73 358 0.2068
73 359 0.1433
73 360 0.0184
73 361 0.0561
73 362 0.4689
73 363 0.2740
73 364 0.2054
73 366 0.1116
73 367 0.1048
73 368 0.0497
73 369 0.1355
73 370 0.0955
73 371 0.0490
73 372 0.0200
73 373 0.0780
73 374 0.5115
73 375 0.2884
73 376 0.1435
73 377 0.0212
73 378 0.0392
73 379 0.3717
73 380 0.3064
73 381 0.3045
73 382 0.0742
73 383 0.6947
73 384 0.3701
73 385 0.0307
73 386 0.0238
73 387 0.3898
73 388 0.1210
73 389 0.0966
73 390 0.1708
73 391 0.1502
73 392 0.1081
73 393 0.0853
73 394 0.0733
73 395 0.0349
73 396 0.6298
73 397 0.1312
73 398 0.1907
73 399 0.2855
73 400 0.0448
73 402 0.1578
73 403 0.1645
73 404 0.0700
73 405 0.2249
73 406 0.2857
73 407 0.0467
73 408 0.1879
73 409 0.0960
73 410 0.0334
73 411 0.0156
73 412 0.0461
73 413 0.1176
73 414 0.2713
73 415 0.2102
73 416 0.0342
73 417 0.0354
73 418 0.4320
73 419 0.0222
73 420 0.0347
73 421 0.0162
73 422 0.2220
73 423 0.0217
73 424 0.0890
73 425 0.0528
73 426 0.0238
73 427 0.1979
73 428 0.1249
73 429 0.0248
73 430 0.0501
73 431 0.0353
73 432 0.1212
73 433 0.4705
73 434 0.5272
73 435 0.0432
73 436 0.0686
73 437 0.0326
73 438 0.4490
73 439 0.0963
73 440 0.0833
73 441 0.1399
73 442 0.1960
73 443 0.1671
73 445 0.0994
73 447 0.0414
73 448 0.0323
73 449 0.4673
73 450 0.2303
73 451 0.0763
73 452 0.0648
73 453 0.0220
73 454 0.5180
73 455 0.0173
73 456 0.0806
73 457 0.0421
73 458 0.1137
73 459 0.0320
73 460 0.0459
73 461 0.0296
73 462 0.0272
73 463 0.0712
73 464 0.1325
73 465 0.2626
73 466 0.4705
73 467 0.1086
73 468 0.0506
73 469 0.4240
73 470 0.2422
73 471 0.3015
73 472 0.4598
73 474 0.0520
73 475 0.3234
73 476 0.3094
73 478 0.0384
73 479 0.1328
73 480 0.0379
73 481 0.1906
73 482 0.2251
73 484 0.1049
73 485 0.2257
73 486 0.1314
73 487 0.3069
73 488 0.0645
73 489 0.0551
73 490 0.0413
73 491 0.2559
73 492 0.0485
73 493 0.0235
73 494 0.2401
73 495 0.2775
73 496 0.4738
73 497 0.4976
73 498 0.0753
73 499 0.0239
73 500 0.1371
73 501 0.2383
73 502 0.0116
73 503 0.0533
73 504 0.0455
73 505 0.2913
73 506 0.2424
73 507 0.2255
73 508 0.1064
73 509 0.0253
73 510 0.2627
73 511 0.2908
73 512 0.0205
73 513 0.1321
73 514 0.0554
73 515 0.3825
73 516 0.1242
73 517 0.2987
73 518 0.0422
73 519 0.1302
73 520 0.1548
73 521 0.1344
73 522 0.0988
73 523 0.1327
73 524 0.0483
73 525 0.0781
73 526 0.1198
73 527 0.2508
73 528 0.1100
73 529 0.0238
73 530 0.0229
73 531 0.2883
73 532 0.0947
73 533 0.0434
73 534 0.1418
73 535 0.0452
73 536 0.4438
73 537 0.0208
73 538 0.0441
73 539 0.1031
73 540 0.1110
73 541 0.2468
73 542 0.2805
73 543 0.0733
73 544 0.0685
73 545 0.1842
73 546 0.0611
73 547 0.0553
73 548 0.3760
73 549 0.0195
73 550 0.1581
73 551 0.0128
73 552 0.0225
73 553 0.1324
73 554 0.0290
73 555 0.4159
73 556 0.1658
73 557 0.3282
73 558 0.1372
73 559 0.0824
73 560 0.2352
73 561 0.1093
73 562 0.2194
73 563 0.4984
73 564 0.1606
73 565 0.0373
73 566 0.0474
73 567 0.2426
73 568 0.6128
73 569 0.1168
73 570 0.0458
73 571 0.1437
73 572 0.1323
73 573 0.1645
73 574 0.0677
73 575 0.2907
73 576 0.2936
73 577 0.0200
73 578 0.0781
73 579 0.3689
73 580 0.1785
73 581 0.1026
73 582 0.0420
73 583 0.0981
73 584 0.1096
73 585 0.4120
73 586 0.1422
73 587 0.1194
73 589 0.0417
73 590 0.2396
73 591 0.0864
73 592 0.3167
73 593 0.0650
73 594 0.1177
73 595 0.1208
73 598 0.0116
73 599 0.2592
73 600 0.3272
73 601 0.0793
73 602 0.2442
73 604 0.1316
73 605 0.1120
73 606 0.4825
73 607 0.0408
73 608 0.0427
73 609 0.0409
73 610 0.2576
73 611 0.1395
73 612 0.3353
73 613 0.0137
73 614 0.2793
73 615 0.0278
73 616 0.0106
73 617 0.0227
73 618 0.5242
73 619 0.3580
73 620 0.0325
73 621 0.1314
73 622 0.2052
73 623 0.0744
73 624 0.0375
73 625 0.1272
73 626 0.1317
73 627 0.1282
73 628 0.1067
73 629 0.2884
73 630 0.3234
73 631 0.3558
73 632 0.0715
73 633 0.0692
73 634 0.2246
73 635 0.2040
73 636 0.0202
73 637 0.4384
73 638 0.0561
73 639 0.6669
73 640 0.0438
73 641 0.1274
73 642 0.0167
73 643 0.0478
73 644 0.1084
73 645 0.2650
73 646 0.0837
73 647 0.0675
73 648 0.2316
73 649 0.1125
73 650 0.1854
73 651 0.2102
73 652 0.0376
73 653 0.0640
73 654 0.0241
73 655 0.2771
73 656 0.0755
73 657 0.1658
73 658 0.0290
73 659 0.0599
73 660 0.1069
73 661 0.0240
73 662 0.0522
73 663 0.3067
73 664 0.0597
73 665 0.0196
73 666 0.1425
73 667 0.1892
73 668 0.3350
73 669 0.0799
73 670 0.0448
73 671 0.0195
73 672 0.1106
73 673 0.1486
73 674 0.0249
73 675 0.0958
73 676 0.4057
73 677 0.0460
73 678 0.0268
73 679 0.1636
73 680 0.2387
73 681 0.0523
73 682 0.0138
73 683 0.1485
73 684 0.0763
73 685 0.0692
73 686 0.1310
73 687 0.0812
73 688 0.0824
73 689 0.4721
73 690 0.2275
73 691 0.0922
73 692 0.0730
73 694 0.0546
73 695 0.1453
73 696 0.0821
73 697 0.1328
73 698 0.4698
73 699 0.1274
73 700 0.2959
73 701 0.2690
73 702 0.2213
73 703 0.3590
73 704 0.1033
73 705 0.3567
73 706 0.3500
73 707 0.1487
73 708 0.1272
73 709 0.1371
73 710 0.1691
73 711 0.4628
73 712 0.0205
73 713 0.0366
73 714 0.1902
73 715 0.0417
73 716 0.0647
73 717 0.0661
73 718 0.0957
73 720 0.0119
73 721 0.2334
73 722 0.1548
73 723 0.0429
73 724 0.0354
73 725 0.1111
73 726 0.3169
73 727 0.2124
73 728 0.6178
73 729 0.2521
73 730 0.1305
73 731 0.0541
73 732 0.0418
73 733 0.3792
73 734 0.0588
73 735 0.1561
73 736 0.4302
73 737 0.4585
73 738 0.0620
73 740 0.1213
73 741 0.0807
73 742 0.0442
73 743 0.4087
73 744 0.4431
73 745 0.1505
73 746 0.0594
73 747 0.2654
73 748 0.5728
73 749 0.0238
73 750 0.1268
73 751 0.2058
73 752 0.2588
73 753 0.0199
73 754 0.0301
73 755 0.0271
73 756 0.2110
73 757 0.0628
73 758 0.1263
73 759 0.0366
73 760 0.1044
73 761 0.0222
73 762 0.0328
73 763 0.1771
73 764 0.0282
73 765 0.0322
73 766 0.0340
73 767 0.0695
73 768 0.4979
73 769 0.0919
73 770 0.1589
73 771 0.0616
73 772 0.0336
73 773 0.0208
73 774 0.0211
73 775 0.2805
73 776 0.0455
73 777 0.0182
73 778 0.0694
73 779 0.0750
73 780 0.2167
73 781 0.1016
73 782 0.4441
73 783 0.1749
73 784 0.0823
73 785 0.1989
73 786 0.2740
73 787 0.0744
73 788 0.0750
73 789 0.4295
73 791 0.2177
73 792 0.0333
73 793 0.1589
73 794 0.0322
73 795 0.0212
73 796 0.2773
73 797 0.1120
73 798 0.0665
73 799 0.1334
73 800 0.0250
73 801 0.0206
73 802 0.0180
73 803 0.0226
73 804 0.4367
73 805 0.1758
73 806 0.0170
73 807 0.1271
73 808 0.1012
73 809 0.0929
73 810 0.2019
73 811 0.2693
73 812 0.0184
73 813 0.4260
73 814 0.2353
73 815 0.1902
73 816 0.0154
73 817 0.1029
73 818 0.0350
73 819 0.0634
73 820 0.1089
73 821 0.1663
73 822 0.0850
73 823 0.4326
73 824 0.0428
73 825 0.6101
73 827 0.0239
73 828 0.4349
73 829 0.2191
73 830 0.1084
73 831 0.0342
73 832 0.1932
73 833 0.0737
73 834 0.4507
73 835 0.1507
73 836 0.5969
73 837 0.0718
73 838 0.0702
73 839 0.0834
73 840 0.2022
73 841 0.1503
73 842 0.0847
73 843 0.1507
73 844 0.0116
73 845 0.0499
73 846 0.0700
73 847 0.0857
73 848 0.0415
73 849 0.1923
73 850 0.1275
73 851 0.5464
73 852 0.0217
73 853 0.2043
73 854 0.1304
73 855 0.1076
73 856 0.1550
73 857 0.0528
73 858 0.4547
73 859 0.0290
73 860 0.0139
73 861 0.0729
73 862 0.0146
73 864 0.0667
73 865 0.1418
73 866 0.1882
73 867 0.2396
73 868 0.0526
73 869 0.2891
73 870 0.1361
73 871 0.0154
73 872 0.6559
73 873 0.0106
73 874 0.1803
73 875 0.1945
73 876 0.1262
73 877 0.1374
73 878 0.1910
73 880 0.2966
73 881 0.0403
73 882 0.0283
73 883 0.2112
73 884 0.1240
73 885 0.0353
73 886 0.0258
73 887 0.0247
73 888 0.0478
73 889 0.1335
73 890 0.0839
73 891 0.1371
73 892 0.0305
73 893 0.0830
73 894 0.3001
73 895 0.3500
73 896 0.1015
73 897 0.0152
73 898 0.2612
73 899 0.0553
73 900 0.0209
73 901 0.2482
73 903 0.0823
73 905 0.0292
73 906 0.1792
73 907 0.1440
73 908 0.0292
73 909 0.3623
73 910 0.1206
73 911 0.1302
73 912 0.0208
73 913 0.0365
73 914 0.2037
73 915 0.4844
73 916 0.0178
73 917 0.0090
73 918 0.0188
73 919 0.0594
73 920 0.3014
73 921 0.1056
73 922 0.4106
73 924 0.0205
73 925 0.1826
73 928 0.0835
73 929 0.0830
73 930 0.2342
73 932 0.0286
73 933 0.1423
73 934 0.0435
73 935 0.0220
73 936 0.2520
73 937 0.0801
73 938 0.0236
73 939 0.0119
73 940 0.0892
73 941 0.1850
73 942 0.0921
73 943 0.0198
73 944 0.0298
73 946 0.4435
73 947 0.0141
73 948 0.1046
73 949 0.0983
73 950 0.1608
73 951 0.0214
73 952 0.0458
73 953 0.1722
73 954 0.0256
73 955 0.2389
73 956 0.0522
73 957 0.0512
73 958 0.0884
73 959 0.2658
73 960 0.1666
73 961 0.0140
73 962 0.0611
73 963 0.0321
73 964 0.0212
73 965 0.1531
73 966 0.0243
73 967 0.0365
73 968 0.1641
73 969 0.0706
73 971 0.1100
73 972 0.0429
73 973 0.0811
73 974 0.6267
73 975 0.0691
73 976 0.0683
73 977 0.1555
73 978 0.3401
73 979 0.1148
73 980 0.0262
73 981 0.2498
73 982 0.0880
73 983 0.0191
73 984 0.1261
73 985 0.1334
73 986 0.1201
73 987 0.0261
73 989 0.0249
73 990 0.0133
73 991 0.1581
73 992 0.0991
73 993 0.5405
73 994 0.4712
73 995 0.3332
73 996 0.2117
73 999 0.0797
73 1000 0.0211
73 1001 0.0630
73 1002 0.3027
73 1003 0.1408
73 1004 0.6189
73 1005 0.0191
73 1006 0.0337
73 1007 0.0676
73 1008 0.0207
73 1010 0.0510
73 1012 0.1314
73 1013 0.0456
73 1014 0.0675
73 1015 0.1959
73 1016 0.1315
73 1017 0.0570
73 1018 0.0807
73 1019 0.2159
73 1020 0.1508
73 1022 0.0667
73 1023 0.2791
73 1024 0.0609
73 1025 0.1477
73 1026 0.0262
73 1027 0.0629
73 1028 0.1200
73 1029 0.0449
73 1030 0.2227
73 1031 0.0116
73 1032 0.0781
73 1033 0.1830
73 1034 0.0837
73 1035 0.1056
73 1036 0.0386
73 1037 0.2294
73 1038 0.0252
73 1039 0.0791
73 1040 0.0286
73 1041 0.1127
73 1042 0.0922
73 1043 0.2184
73 1044 0.0896
73 1045 0.0310
73 1046 0.2138
73 1047 0.1005
73 1048 0.0267
73 1049 0.0395
73 1050 0.0676
73 1051 0.1041
73 1052 0.0203
73 1053 0.0266
73 1054 0.0660
73 1055 0.1297
73 1056 0.0529
73 1057 0.0242
73 1058 0.0487
73 1059 0.1256
73 1060 0.2050
73 1061 0.0256
73 1062 0.0238
73 1063 0.3278
73 1064 0.0158
73 1065 0.1289
73 1066 0.0215
73 1067 0.0845
73 1068 0.3595
73 1069 0.0434
73 1070 0.2193
73 1071 0.0425
73 1072 0.0398
73 1073 0.0238
73 1075 0.0772
73 1076 0.0645
73 1077 0.0663
73 1078 0.0300
73 1079 0.1539
73 1080 0.0254
73 1081 0.0220
73 1082 0.0822
73 1083 0.2990
73 1084 0.0421
73 1085 0.0447
73 1087 0.0526
73 1089 0.0135
73 1090 0.0542
73 1092 0.1002
73 1093 0.0541
73 1094 0.1614
73 1095 0.0272
73 1096 0.0296
73 1097 0.0065
73 1099 0.6323
73 1102 0.1600
73 1103 0.0648
73 1104 0.0445
73 1105 0.3524
73 1106 0.2857
73 1107 0.0247
73 1108 0.1265
73 1109 0.0760
73 1110 0.1536
73 1111 0.1057
73 1113 0.0749
73 1114 0.1389
73 1115 0.0229
73 1116 0.2360
73 1117 0.0979
73 1118 0.0876
73 1119 0.0114
73 1120 0.0362
73 1121 0.1786
73 1122 0.0253
73 1123 0.2252
73 1124 0.1309
73 1125 0.2167
73 1126 0.1263
73 1127 0.1842
73 1128 0.4294
73 1129 0.0467
73 1130 0.2295
73 1131 0.0538
73 1132 0.0230
73 1133 0.0235
73 1134 0.2104
73 1135 0.5662
73 1136 0.0159
73 1138 0.1040
73 1139 0.1565
73 1141 0.0386
73 1142 0.2760
73 1143 0.3465
73 1144 0.0091
73 1145 0.0109
73 1146 0.0218
73 1147 0.0874
73 1148 0.1242
73 1149 0.0152
73 1150 0.5148
73 1151 0.0562
73 1152 0.6727
73 1153 0.0959
73 1154 0.1835
73 1155 0.0290
73 1156 0.1314
73 1157 0.1158
73 1158 0.0317
73 1159 0.0442
73 1160 0.0830
73 1161 0.0749
73 1162 0.1076
73 1163 0.0720
73 1165 0.1283
73 1166 0.2219
73 1167 0.0642
73 1169 0.5028
73 1170 0.0238
73 1172 0.1380
73 1173 0.0238
73 1174 0.0074
73 1176 0.2691
73 1177 0.0300
73 1178 0.2435
73 1180 0.3649
73 1181 0.0501
73 1182 0.1647
73 1183 0.0292
73 1184 0.0755
73 1185 0.0206
73 1186 0.0839
73 1187 0.1258
73 1188 0.0836
73 1189 0.0543
73 1191 0.1167
73 1192 0.3025
73 1193 0.1484
73 1194 0.1777
73 1195 0.0401
73 1196 0.0250
73 1197 0.2725
73 1198 0.1690
73 1199 0.0382
73 1200 0.0405
73 1201 0.0277
73 1202 0.0638
73 1203 0.0116
73 1204 0.1828
73 1205 0.0397
73 1206 0.0509
73 1207 0.0876
73 1208 0.0233
73 1209 0.1026
73 1210 0.4244
73 1211 0.3513
73 1212 0.1440
73 1213 0.0832
73 1214 0.0283
73 1215 0.0238
73 1216 0.2290
73 1217 0.1122
73 1218 0.0452
73 1219 0.1160
73 1220 0.0550
73 1221 0.1177
73 1222 0.0773
73 1223 0.0406
73 1224 0.0251
73 1225 0.5328
73 1226 0.4547
73 1227 0.0232
73 1228 0.1057
73 1229 0.0271
73 1230 0.0259
73 1231 0.1211
73 1232 0.0238
73 1233 0.2156
73 1234 0.1371
73 1235 0.0967
73 1236 0.0106
73 1237 0.0287
73 1238 0.0741
73 1239 0.0196
73 1240 0.0447
73 1241 0.0657
73 1242 0.2251
73 1243 0.0195
73 1244 0.0639
73 1245 0.0550
73 1246 0.0201
73 1247 0.0163
73 1248 0.0273
73 1249 0.0758
73 1250 0.1506
73 1251 0.0473
73 1252 0.0667
73 1253 0.0687
73 1254 0.1487
73 1255 0.0951
73 1256 0.0222
73 1257 0.0090
73 1258 0.1212
73 1259 0.2107
73 1260 0.0238
73 1262 0.1640
73 1263 0.1359
73 1265 0.1805
73 1266 0.0066
73 1267 0.0069
73 1268 0.1924
73 1269 0.2424
73 1270 0.0479
73 1271 0.0891
73 1272 0.1672
73 1273 0.1360
73 1274 0.0352
73 1275 0.1878
73 1276 0.0234
73 1278 0.0964
73 1279 0.0457
73 1280 0.0474
73 1281 0.0123
73 1282 0.1529
73 1283 0.1242
73 1284 0.0665
73 1286 0.1165
73 1287 0.2487
73 1288 0.0475
73 1289 0.0989
73 1290 0.1434
73 1291 0.1435
73 1292 0.5542
73 1293 0.0370
73 1295 0.1386
73 1296 0.0069
73 1297 0.1198
73 1298 0.2550
73 1299 0.1821
73 1300 0.0205
73 1301 0.3916
73 1302 0.0182
73 1303 0.0780
73 1304 0.1582
73 1305 0.0619
73 1306 0.0620
73 1307 0.0408
73 1308 0.0450
73 1309 0.1130
73 1310 0.0383
73 1311 0.0374
73 1312 0.0215
73 1313 0.1322
73 1315 0.0092
73 1316 0.7255
73 1318 0.0264
73 1319 0.0658
73 1320 0.1063
73 1322 0.0623
73 1323 0.1823
73 1324 0.1828
73 1325 0.0492
73 1326 0.0425
73 1327 0.0090
73 1328 0.0116
73 1329 0.0097
73 1330 0.0331
73 1331 0.0331
73 1332 0.0789
73 1333 0.0761
73 1334 0.0130
73 1335 0.1496
73 1336 0.0729
73 1337 0.0257
73 1338 0.0253
73 1339 0.0244
73 1340 0.0322
73 1341 0.2070
73 1342 0.2441
73 1343 0.0696
73 1344 0.1861
73 1345 0.1120
73 1346 0.2275
73 1347 0.0774
73 1348 0.0792
73 1349 0.0424
73 1350 0.1462
73 1352 0.0366
73 1353 0.0472
73 1354 0.0069
73 1355 0.0472
73 1356 0.0940
73 1357 0.0729
73 1358 0.0245
73 1359 0.0184
73 1360 0.1992
73 1361 0.0237
73 1362 0.1655
73 1363 0.0375
73 1364 0.0913
73 1365 0.1361
73 1366 0.0090
73 1367 0.0177
73 1368 0.0499
73 1369 0.1404
73 1370 0.4321
73 1371 0.1078
73 1372 0.2449
73 1373 0.2398
73 1374 0.0106
73 1375 0.0238
73 1376 0.0302
73 1377 0.1801
73 1378 0.0066
73 1379 0.1125
73 1380 0.1256
73 1381 0.0481
73 1382 0.2043
73 1383 0.0157
73 1384 0.0233
73 1385 0.0092
73 1386 0.0614
73 1387 0.1628
73 1388 0.0927
73 1389 0.2910
73 1390 0.2043
73 1392 0.0890
73 1393 0.0173
73 1394 0.1268
73 1395 0.0243
73 1396 0.0505
73 1397 0.2718
73 1398 0.1050
73 1399 0.0415
73 1401 0.1113
73 1402 0.0308
73 1405 0.3105
73 1406 0.0835
73 1407 0.1679
73 1408 0.0750
73 1409 0.0376
73 1410 0.0323
73 1411 0.1448
73 1412 0.0872
73 1413 0.0818
73 1414 0.0507
73 1415 0.0722
73 1416 0.0927
73 1418 0.0391
73 1419 0.0233
73 1420 0.1369
73 1421 0.0179
73 1422 0.1051
73 1423 0.0132
73 1424 0.0092
73 1425 0.0554
73 1426 0.1363
73 1427 0.0114
73 1428 0.0670
73 1431 0.0140
73 1433 0.0847
73 1434 0.7021
73 1435 0.5020
73 1436 0.0168
73 1437 0.0829
73 1438 0.1212
73 1439 0.0447
73 1440 0.3972
73 1441 0.1329
73 1443 0.1813
73 1445 0.0424
73 1446 0.0744
73 1448 0.0703
73 1449 0.2025
73 1451 0.0370
73 1452 0.0736
73 1453 0.0773
73 1454 0.1314
73 1455 0.0106
73 1456 0.0176
73 1457 0.0916
73 1458 0.0372
73 1459 0.0925
73 1460 0.0965
73 1461 0.0069
73 1462 0.0243
73 1463 0.1170
73 1464 0.1331
73 1465 0.2787
73 1466 0.0319
73 1468 0.0434
73 1470 0.1360
73 1472 0.0392
73 1473 0.0301
73 1474 0.1047
73 1475 0.0256
73 1476 0.1397
73 1477 0.0375
73 1478 0.0211
73 1479 0.0466
73 1480 0.1241
73 1481 0.1785
73 1482 0.1247
73 1484 0.0848
73 1485 0.1144
73 1486 0.0066
73 1487 0.0120
73 1488 0.0069
73 1490 0.0436
73 1491 0.0240
73 1493 0.2258
73 1494 0.0227
73 1495 0.0414
73 1496 0.0229
73 1497 0.0480
73 1498 0.1412
73 1499 0.0692
73 1500 0.0214
73 1501 0.0190
73 1502 0.0182
73 1503 0.0840
73 1504 0.1593
73 1505 0.1838
73 1506 0.1124
73 1507 0.1090
73 1508 0.1314
73 1510 0.1592
73 1511 0.0241
73 1512 0.1165
73 1513 0.0852
73 1514 0.0069
73 1515 0.0106
73 1516 0.3331
73 1517 0.0399
73 1518 0.0187
73 1519 0.1730
73 1520 0.6177
73 1522 0.0597
73 1525 0.0337
73 1526 0.1361
73 1527 0.0632
73 1528 0.0778
73 1529 0.3504
73 1530 0.2821
73 1531 0.1557
73 1532 0.0254
73 1534 0.0246
73 1535 0.0172
73 1536 0.1477
73 1537 0.0401
73 1538 0.0833
73 1540 0.0619
73 1541 0.1486
73 1542 0.0834
73 1544 0.1540
73 1545 0.1656
73 1546 0.0282
73 1547 0.1646
73 1548 0.0203
73 1549 0.0303
73 1550 0.0381
73 1551 0.0979
73 1552 0.0109
73 1553 0.0088
73 1554 0.0268
73 1555 0.1832
73 1556 0.0319
73 1557 0.1165
73 1560 0.0238
73 1562 0.2333
73 1565 0.0194
73 1566 0.1390
73 1567 0.0773
73 1568 0.0378
73 1569 0.0358
73 1570 0.0547
73 1571 0.2902
73 1572 0.1414
73 1573 0.0333
73 1574 0.0782
73 1575 0.0185
73 1576 0.2431
73 1577 0.0295
73 1578 0.0293
73 1579 0.0845
73 1580 0.0247
73 1581 0.0159
73 1582 0.0312
73 1583 0.0220
73 1584 0.0828
73 1585 0.5403
73 1586 0.0281
73 1587 0.0416
73 1588 0.1898
73 1589 0.0444
73 1590 0.1163
73 1591 0.0789
73 1592 0.1295
73 1593 0.4062
73 1594 0.0340
73 1595 0.0207
73 1596 0.0398
73 1597 0.0272
73 1598 0.0161
73 1599 0.0355
73 1600 0.0069
73 1601 0.3706
73 1602 0.1644
73 1603 0.0609
73 1604 0.0195
73 1605 0.0116
73 1606 0.0208
73 1607 0.0304
73 1608 0.0380
73 1609 0.1123
73 1610 0.0444
73 1611 0.0308
73 1612 0.0116
73 1613 0.5591
73 1614 0.1180
73 1615 0.0314
73 1616 0.1226
73 1617 0.0256
73 1618 0.4440
73 1619 0.2833
73 1620 0.0090
73 1621 0.6318
73 1622 0.4708
73 1623 0.0943
73 1624 0.0843
73 1625 0.0728
73 1626 0.0755
73 1627 0.0664
73 1628 0.0459
73 1629 0.0955
73 1630 0.0678
73 1631 0.0351
73 1632 0.0184
73 1633 0.2551
73 1634 0.0145
73 1635 0.0152
73 1636 0.0109
73 1637 0.1180
73 1638 0.0246
73 1639 0.1398
73 1640 0.0321
73 1641 0.2165
73 1642 0.0238
73 1643 0.1252
73 1644 0.0272
73 1645 0.0394
73 1646 0.0361
73 1647 0.0583
73 1648 0.1203
73 1649 0.0806
73 1650 0.1190
73 1651 0.0190
73 1652 0.2453
73 1653 0.2874
73 1654 0.1264
73 1655 0.1420
73 1656 0.0238
73 1657 0.0238
73 1658 0.0385
73 1659 0.0109
73 1660 0.0191
73 1661 0.0707
73 1662 0.1888
73 1663 0.2246
73 1664 0.1382
73 1665 0.0689
73 1666 0.0115
73 1667 0.4313
73 1668 0.2396
73 1669 0.1101
73 1670 0.0090
73 1671 0.0923
73 1672 0.0868
73 1673 0.0353
73 1674 0.2985
73 1675 0.0310
73 1676 0.1361
73 1677 0.2000
73 1678 0.1019
73 1679 0.0326
73 1680 0.0689
73 1681 0.1719
73 1682 0.0247
73 1683 0.0235
73 1684 0.0597
73 1685 0.0069
73 1686 0.0815
73 1687 0.0640
73 1688 0.1788
73 1689 0.6371
73 1690 0.0855
73 1691 0.2346
73 1692 0.0187
73 1693 0.0803
73 1694 0.0510
73 1695 0.2026
73 1696 0.0396
73 1697 0.1851
73 1698 0.0221
73 1699 0.1255
73 1700 0.1070
73 1701 0.1315
73 1702 0.0618
73 1703 0.1467
73 1704 0.1149
73 1705 0.0196
73 1706 0.0228
73 1707 0.0229
73 1708 0.1775
73 1709 0.0376
73 1710 0.0287
73 1711 0.1273
73 1712 0.6531
73 1713 0.1063
73 1714 0.2590
73 1715 0.0457
73 1716 0.0912
73 1717 0.6515
73 1718 0.0581
73 1719 0.0196
73 1720 0.0296
73 1721 0.1047
73 1722 0.0066
73 1723 0.0245
73 1724 0.0201
73 1725 0.0274
73 1726 0.0784
73 1727 0.0528
73 1728 0.0714
73 1729 0.0676
73 1730 0.0201
74 75 0.0640
74 76 0.1007
74 77 0.4355
74 78 0.0973
74 79 0.6526
74 80 0.7431
74 81 0.1622
74 82 0.0993
74 83 0.2095
74 84 0.1539
74 85 0.2886
74 86 0.0994
74 87 0.8782
74 88 0.1430
74 89 0.0917
74 90 0.5840
74 91 0.2560
74 92 0.1028
74 93 0.0571
74 94 0.1532
74 95 0.0947
74 96 0.1548
74 97 0.0783
74 98 0.1267
74 99 0.0926
74 100 0.5514
74 101 0.0593
74 102 0.0596
74 103 0.0463
74 104 0.1250
74 105 0.0414
74 106 0.1651
74 107 0.0561
74 108 0.1689
74 109 0.0770
74 110 0.0592
74 111 0.1197
74 112 0.2328
74 113 0.0638
74 114 0.0345
74 115 0.1307
74 116 0.3535
74 117 0.0992
74 118 0.1399
74 119 0.1715
74 120 0.3203
74 121 0.0643
74 122 0.1895
74 123 0.2505
74 124 0.2991
74 125 0.1475
74 126 0.3263
74 127 0.1391
74 128 0.4254
74 129 0.0592
74 130 0.6250
74 131 0.0469
74 132 0.4427
74 133 0.1004
74 134 0.0864
74 135 0.0859
74 136 0.0989
74 137 0.1382
74 138 0.1078
74 139 0.0620
74 140 0.2612
74 142 0.2651
74 143 0.4576
74 144 0.2534
74 145 0.0689
74 146 0.4907
74 147 0.0516
74 148 0.1186
74 149 0.1060
74 150 0.4202
74 151 0.1298
74 152 0.4828
74 153 0.4572
74 154 0.1517
74 156 0.0855
74 157 0.3030
74 158 0.0790
74 159 0.1604
74 160 0.2928
74 161 0.0513
74 162 0.1400
74 163 0.0785
74 164 0.1059
74 165 0.1155
74 166 0.0801
74 167 0.0576
74 168 0.0784
74 169 0.1795
74 170 0.0894
74 171 0.3128
74 172 0.0651
74 173 0.3312
74 174 0.0789
74 175 0.0747
74 176 0.0464
74 177 0.0858
74 178 0.3890
74 179 0.1092
74 180 0.0897
74 181 0.0512
74 182 0.0923
74 183 0.0804
74 184 0.6233
74 185 0.0809
74 186 0.0575
74 187 0.2057
74 188 0.0531
74 189 0.0691
74 190 0.0407
74 191 0.0924
74 192 0.0698
74 193 0.7739
74 194 0.1912
74 195 0.1591
74 196 0.1182
74 197 0.8069
74 198 0.0891
74 199 0.4689
74 200 0.2311
74 201 0.2630
74 202 0.0609
74 203 0.1328
74 204 0.1819
74 206 0.3492
74 207 0.0503
74 208 0.4075
74 209 0.6913
74 210 0.0865
74 211 0.0494
74 212 0.2623
74 213 0.0414
74 214 0.4186
74 215 0.4992
74 216 0.5622
74 217 0.5713
74 218 0.0442
74 219 0.0447
74 220 0.0684
74 221 0.0759
74 222 0.0560
74 223 0.2980
74 224 0.0606
74 225 0.0968
74 226 0.1982
74 227 0.0623
74 228 0.4155
74 229 0.0474
74 230 0.4641
74 231 0.3833
74 232 0.0278
74 233 0.1799
74 234 0.0688
74 235 0.0994
74 236 0.2673
74 237 0.4209
74 238 0.9584
74 239 0.0629
74 240 0.1195
74 241 0.1561
74 242 0.0551
74 243 0.0734
74 244 0.0442
74 245 0.1728
74 246 0.0423
74 247 0.1335
74 248 0.0468
74 249 0.0950
74 250 0.0370
74 251 0.0605
74 252 0.0722
74 253 0.0778
74 254 0.1439
74 255 0.2923
74 256 0.0733
74 257 0.0361
74 258 0.2228
74 259 0.1047
74 260 0.0634
74 261 0.0567
74 262 0.0626
74 263 0.0636
74 264 0.1114
74 265 0.1757
74 266 0.0539
74 267 0.0655
74 268 0.1860
74 269 0.1234
74 270 0.0944
74 271 0.1420
74 272 0.0927
74 273 0.2734
74 274 0.4420
74 275 0.1784
74 276 0.1323
74 277 0.0770
74 278 0.0618
74 279 0.0621
74 280 0.0955
74 281 0.1181
74 282 0.1664
74 283 0.0699
74 284 0.0996
74 285 0.2045
74 286 0.0415
74 287 0.0825
74 288 0.0448
74 289 0.0487
74 290 0.0820
74 291 0.7584
74 292 0.6597
74 293 0.0551
74 294 0.6721
74 295 0.2146
74 296 0.5607
74 297 0.0336
74 298 0.0746
74 299 0.4075
74 300 0.0617
74 301 0.1674
74 302 0.4153
74 303 0.0574
74 304 0.1208
74 305 0.1783
74 306 0.0916
74 307 0.0693
74 308 0.0716
74 309 0.0861
74 310 0.2325
74 311 0.3094
74 312 0.0611
74 313 0.1227
74 314 0.0496
74 315 0.4478
74 316 0.0797
74 317 0.0944
74 318 0.0481
74 319 0.5613
74 320 0.0526
74 321 0.0787
74 322 0.3278
74 323 0.0873
74 324 0.5306
74 325 0.0315
74 326 0.0769
74 327 0.0740
74 328 0.0954
74 329 0.2983
74 330 0.1049
74 331 0.1338
74 332 0.0727
74 333 0.0911
74 334 0.1192
74 335 0.0580
74 336 0.3692
74 337 0.0593
74 338 0.1530
74 339 0.0808
74 340 0.1562
74 341 0.0574
74 342 0.0787
74 343 0.0519
74 344 0.0775
74 345 0.0584
74 346 0.0548
74 347 0.1859
74 348 0.3316
74 349 0.0688
74 350 0.0684
74 351 0.0591
74 352 0.1288
74 353 0.0693
74 354 0.0677
74 355 0.0786
74 356 0.0488
74 357 0.1374
74 358 0.0674
74 359 0.0460
74 360 0.0998
74 361 0.0518
74 362 0.0558
74 363 0.0395
74 364 0.1579
74 366 0.1179
74 367 0.1597
74 368 0.0552
74 369 0.0657
74 370 0.0981
74 371 0.3604
74 372 0.0497
74 373 0.1197
74 374 0.1993
74 375 0.3714
74 376 0.5602
74 377 0.0554
74 378 0.0969
74 379 0.4696
74 380 0.5353
74 381 0.0591
74 382 0.0370
74 383 0.0831
74 384 0.0506
74 385 0.0795
74 386 0.0845
74 387 0.4819
74 388 0.0944
74 389 0.1560
74 390 0.0930
74 391 0.4531
74 392 0.0656
74 393 0.1132
74 394 0.3319
74 395 0.1673
74 396 0.8012
74 397 0.0830
74 398 0.0710
74 399 0.5192
74 400 0.1187
74 402 0.0735
74 403 0.4763
74 404 0.0527
74 405 0.0742
74 406 0.1350
74 407 0.0415
74 408 0.1653
74 409 0.3683
74 410 0.1149
74 411 0.0803
74 412 0.3827
74 413 0.1318
74 414 0.4512
74 415 0.0927
74 416 0.0678
74 417 0.0700
74 418 0.3612
74 419 0.3250
74 420 0.1281
74 421 0.1034
74 422 0.0328
74 423 0.0591
74 424 0.3416
74 425 0.3567
74 426 0.0315
74 427 0.2599
74 428 0.1294
74 429 0.0538
74 430 0.0623
74 431 0.0802
74 432 0.0779
74 433 0.1030
74 434 0.3491
74 435 0.0930
74 436 0.1070
74 437 0.0520
74 438 0.3882
74 439 0.0572
74 440 0.0707
74 441 0.0646
74 442 0.3243
74 443 0.0856
74 445 0.0483
74 447 0.0566
74 448 0.0599
74 449 0.3638
74 450 0.2419
74 451 0.0480
74 452 0.0463
74 453 0.0620
74 454 0.2549
74 455 0.0802
74 456 0.2988
74 457 0.1327
74 458 0.4655
74 459 0.0487
74 460 0.1481
74 461 0.1126
74 462 0.0702
74 463 0.1947
74 464 0.0827
74 465 0.0986
74 466 0.3526
74 467 0.0596
74 468 0.0881
74 469 0.3022
74 470 0.5919
74 471 0.1814
74 472 0.0848
74 474 0.2263
74 475 0.0766
74 476 0.0310
74 478 0.0605
74 479 0.0674
74 480 0.0728
74 481 0.0544
74 482 0.1290
74 484 0.2698
74 485 0.0475
74 486 0.0636
74 487 0.0551
74 488 0.3869
74 489 0.0572
74 490 0.1193
74 491 0.0609
74 492 0.3032
74 493 0.1807
74 494 0.0650
74 495 0.2694
74 496 0.1737
74 497 0.0638
74 498 0.1050
74 499 0.3462
74 500 0.1083
74 501 0.1253
74 502 0.0484
74 503 0.0792
74 504 0.0424
74 505 0.1604
74 506 0.1067
74 507 0.0719
74 508 0.0731
74 509 0.0428
74 510 0.0913
74 511 0.3277
74 512 0.0443
74 513 0.3541
74 514 0.3673
74 515 0.1383
74 516 0.4896
74 517 0.2673
74 518 0.0965
74 519 0.0565
74 520 0.0604
74 521 0.0580
74 522 0.1312
74 523 0.0915
74 524 0.0631
74 525 0.0784
74 526 0.3280
74 527 0.3491
74 528 0.3936
74 529 0.0315
74 530 0.0938
74 531 0.0284
74 532 0.0695
74 533 0.1704
74 534 0.2357
74 535 0.0541
74 536 0.1107
74 537 0.1109
74 538 0.4193
74 539 0.2520
74 540 0.0586
74 541 0.2577
74 542 0.0727
74 543 0.0551
74 544 0.0952
74 545 0.3679
74 546 0.1251
74 547 0.0411
74 548 0.1943
74 549 0.1777
74 550 0.0759
74 551 0.0698
74 552 0.1064
74 553 0.0895
74 554 0.0599
74 555 0.2781
74 556 0.0777
74 557 0.1475
74 558 0.4435
74 559 0.0687
74 560 0.0835
74 561 0.1119
74 562 0.0535
74 563 0.9476
74 564 0.0648
74 565 0.1133
74 566 0.0512
74 567 0.0810
74 568 0.2576
74 569 0.0546
74 570 0.1339
74 571 0.5704
74 572 0.1353
74 573 0.5871
74 574 0.5338
74 575 0.1261
74 576 0.5428
74 577 0.2323
74 578 0.0585
74 579 0.6971
74 580 0.0955
74 581 0.0304
74 582 0.0532
74 583 0.0641
74 584 0.5065
74 585 0.6337
74 586 0.1916
74 587 0.2006
74 589 0.0641
74 590 0.3502
74 591 0.0392
74 592 0.4993
74 593 0.1247
74 594 0.0508
74 595 0.0709
74 598 0.0484
74 599 0.1337
74 600 0.1530
74 601 0.1954
74 602 0.0711
74 604 0.0530
74 605 0.0720
74 606 0.1021
74 607 0.1059
74 608 0.2967
74 609 0.0666
74 610 0.0601
74 611 0.0923
74 612 0.0520
74 613 0.0734
74 614 0.6283
74 615 0.0494
74 616 0.0295
74 617 0.0491
74 618 0.1269
74 619 0.4306
74 620 0.0635
74 621 0.0731
74 622 0.0527
74 623 0.1398
74 624 0.0505
74 625 0.1270
74 626 0.0530
74 627 0.1762
74 628 0.1039
74 629 0.1376
74 630 0.0276
74 631 0.0572
74 632 0.4220
74 633 0.7224
74 634 0.0948
74 635 0.4704
74 636 0.0517
74 637 0.0418
74 638 0.0576
74 639 0.4197
74 640 0.0596
74 641 0.3420
74 642 0.0639
74 643 0.0948
74 644 0.0917
74 645 0.0793
74 646 0.0753
74 647 0.1740
74 648 0.0752
74 649 0.0818
74 650 0.2202
74 651 0.5242
74 652 0.4295
74 653 0.2974
74 654 0.0593
74 655 0.0855
74 656 0.1182
74 657 0.0920
74 658 0.1133
74 659 0.0538
74 660 0.1104
74 661 0.0455
74 662 0.1299
74 663 0.0768
74 664 0.1626
74 665 0.0666
74 666 0.1248
74 667 0.0421
74 668 0.0870
74 669 0.0642
74 670 0.0734
74 671 0.2090
74 672 0.1216
74 673 0.0418
74 674 0.0422
74 675 0.3239
74 676 0.1068
74 677 0.0649
74 678 0.0848
74 679 0.3171
74 680 0.0437
74 681 0.0392
74 682 0.0662
74 683 0.0802
74 684 0.2271
74 685 0.1402
74 686 0.4846
74 687 0.4538
74 688 0.1182
74 689 0.0869
74 690 0.0250
74 691 0.3532
74 692 0.0632
74 694 0.0826
74 695 0.3961
74 696 0.0714
74 697 0.1284
74 698 0.0655
74 699 0.1188
74 700 0.0294
74 701 0.0486
74 702 0.3989
74 703 0.3741
74 704 0.3105
74 705 0.0705
74 706 0.1807
74 707 0.0571
74 708 0.0687
74 709 0.0890
74 710 0.0503
74 711 0.0820
74 712 0.0721
74 713 0.0782
74 714 0.0995
74 715 0.1997
74 716 0.3591
74 717 0.0454
74 718 0.1044
74 720 0.0684
74 721 0.1473
74 722 0.0969
74 723 0.0543
74 724 0.0700
74 725 0.0683
74 726 0.4966
74 727 0.1820
74 728 0.3852
74 729 0.4763
74 730 0.0834
74 731 0.1592
74 732 0.5343
74 733 0.0685
74 734 0.2080
74 735 0.1035
74 736 0.2868
74 737 0.0737
74 738 0.1037
74 740 0.1800
74 741 0.1837
74 742 0.0566
74 743 0.4583
74 744 0.6823
74 745 0.3441
74 746 0.1077
74 747 0.0586
74 748 0.3900
74 749 0.0315
74 750 0.1246
74 751 0.2328
74 752 0.8962
74 753 0.1025
74 754 0.0780
74 755 0.5763
74 756 0.0559
74 757 0.0886
74 758 0.0943
74 759 0.2114
74 760 0.0662
74 761 0.0989
74 762 0.0479
74 763 0.0991
74 764 0.1745
74 765 0.0531
74 766 0.0842
74 767 0.1078
74 768 0.1305
74 769 0.1330
74 770 0.1634
74 771 0.1162
74 772 0.0837
74 773 0.0527
74 774 0.0969
74 775 0.5540
74 776 0.4465
74 777 0.0484
74 778 0.0419
74 779 0.0720
74 780 0.0548
74 781 0.2398
74 782 0.0932
74 783 0.1979
74 784 0.0631
74 785 0.1008
74 786 0.0481
74 787 0.0380
74 788 0.0720
74 789 0.2075
74 791 0.0576
74 792 0.0773
74 793 0.2133
74 794 0.0484
74 795 0.0442
74 796 0.2328
74 797 0.2142
74 798 0.0583
74 799 0.4960
74 800 0.1725
74 801 0.1219
74 802 0.0850
74 803 0.0530
74 804 0.1158
74 805 0.4702
74 806 0.1190
74 807 0.0568
74 808 0.1016
74 809 0.1380
74 810 0.0817
74 811 0.2872
74 812 0.0587
74 813 0.0972
74 814 0.2857
74 815 0.0348
74 816 0.1019
74 817 0.0680
74 818 0.0490
74 819 0.0521
74 820 0.1204
74 821 0.1015
74 822 0.0810
74 823 0.1557
74 824 0.0631
74 825 0.7867
74 827 0.3777
74 828 0.4106
74 829 0.1099
74 830 0.1764
74 831 0.4429
74 832 0.6759
74 833 0.0805
74 834 0.1212
74 835 0.0623
74 836 0.1820
74 837 0.0562
74 838 0.4140
74 839 0.0847
74 840 0.0322
74 841 0.1951
74 842 0.0699
74 843 0.1020
74 844 0.0484
74 845 0.1492
74 846 0.4030
74 847 0.0546
74 848 0.0964
74 849 0.4557
74 850 0.3158
74 851 0.9312
74 852 0.0977
74 853 0.0522
74 854 0.0794
74 855 0.0607
74 856 0.0950
74 857 0.2520
74 858 0.6440
74 859 0.0507
74 860 0.0878
74 861 0.0467
74 862 0.0481
74 864 0.3228
74 865 0.1802
74 866 0.0973
74 867 0.1006
74 868 0.1288
74 869 0.1630
74 870 0.4017
74 871 0.0659
74 872 0.6444
74 873 0.0368
74 874 0.0432
74 875 0.0537
74 876 0.0679
74 877 0.0866
74 878 0.1640
74 880 0.1056
74 881 0.0488
74 882 0.1113
74 883 0.4236
74 884 0.0375
74 885 0.0744
74 886 0.0702
74 887 0.5665
74 888 0.0754
74 889 0.0956
74 890 0.0571
74 891 0.2514
74 892 0.0696
74 893 0.0849
74 894 0.1097
74 895 0.4752
74 896 0.1010
74 897 0.0622
74 898 0.0696
74 899 0.0423
74 900 0.0460
74 901 0.0407
74 903 0.0865
74 905 0.0530
74 906 0.2556
74 907 0.0601
74 908 0.0965
74 909 0.6085
74 910 0.0558
74 911 0.1402
74 912 0.1023
74 913 0.0746
74 914 0.0755
74 915 0.1022
74 916 0.0572
74 917 0.0297
74 918 0.3525
74 919 0.2367
74 920 0.1879
74 921 0.4022
74 922 0.0871
74 924 0.2972
74 925 0.0809
74 928 0.2636
74 929 0.1364
74 930 0.3124
74 932 0.0639
74 933 0.0573
74 934 0.0114
74 935 0.6935
74 936 0.0620
74 937 0.0282
74 938 0.0930
74 939 0.0684
74 940 0.1493
74 941 0.2014
74 942 0.4480
74 943 0.0886
74 944 0.0922
74 946 0.1444
74 947 0.3458
74 948 0.3792
74 949 0.0403
74 950 0.4215
74 951 0.0570
74 952 0.5052
74 953 0.2463
74 954 0.0576
74 955 0.1233
74 956 0.3144
74 957 0.1620
74 958 0.1565
74 959 0.1174
74 960 0.4838
74 961 0.0504
74 962 0.0921
74 963 0.0823
74 964 0.1432
74 965 0.0686
74 966 0.1130
74 967 0.0724
74 968 0.2717
74 969 0.2145
74 971 0.4097
74 972 0.0538
74 973 0.1387
74 974 0.5315
74 975 0.1629
74 976 0.1277
74 977 0.0993
74 978 0.2394
74 979 0.8337
74 980 0.0804
74 981 0.0800
74 982 0.1162
74 983 0.0585
74 984 0.3581
74 985 0.0647
74 986 0.1813
74 987 0.1412
74 989 0.0764
74 990 0.2501
74 991 0.0759
74 992 0.1460
74 993 0.9498
74 994 0.0609
74 995 0.6581
74 996 0.1297
74 999 0.1052
74 1000 0.0681
74 1001 0.0685
74 1002 0.0760
74 1003 0.1200
74 1004 0.0950
74 1005 0.0564
74 1006 0.4703
74 1007 0.1461
74 1008 0.0412
74 1010 0.0701
74 1012 0.0636
74 1013 0.0937
74 1014 0.0986
74 1015 0.1090
74 1016 0.3449
74 1017 0.0442
74 1018 0.0716
74 1019 0.0725
74 1020 0.4171
74 1022 0.2227
74 1023 0.2145
74 1024 0.1363
74 1025 0.0407
74 1026 0.1269
74 1027 0.4363
74 1028 0.0773
74 1029 0.4468
74 1030 0.5629
74 1031 0.0484
74 1032 0.0856
74 1033 0.2659
74 1034 0.0727
74 1035 0.1022
74 1036 0.0447
74 1037 0.1888
74 1038 0.0718
74 1039 0.0915
74 1040 0.0568
74 1041 0.1022
74 1042 0.2057
74 1043 0.0334
74 1044 0.0793
74 1045 0.0984
74 1046 0.1008
74 1047 0.3063
74 1048 0.3098
74 1049 0.4181
74 1050 0.3115
74 1051 0.1145
74 1052 0.0829
74 1053 0.0626
74 1054 0.0923
74 1055 0.0837
74 1056 0.1578
74 1057 0.0945
74 1058 0.0809
74 1059 0.0957
74 1060 0.0553
74 1061 0.0661
74 1062 0.4118
74 1063 0.1247
74 1064 0.1019
74 1065 0.3780
74 1066 0.1165
74 1067 0.1958
74 1068 0.7219
74 1069 0.1172
74 1070 0.1152
74 1071 0.0589
74 1072 0.0770
74 1073 0.0315
74 1075 0.0838
74 1076 0.0860
74 1077 0.0639
74 1078 0.0566
74 1079 0.1419
74 1080 0.0611
74 1081 0.0465
74 1082 0.0526
74 1083 0.4157
74 1084 0.3147
74 1085 0.1016
74 1087 0.1201
74 1089 0.0816
74 1090 0.3742
74 1092 0.0651
74 1093 0.0590
74 1094 0.2034
74 1095 0.0810
74 1096 0.0826
74 1097 0.0473
74 1099 0.6901
74 1102 0.0822
74 1103 0.0612
74 1104 0.1385
74 1105 0.4829
74 1106 0.1591
74 1107 0.0566
74 1108 0.3511
74 1109 0.0526
74 1110 0.0851
74 1111 0.0388
74 1113 0.0389
74 1114 0.0732
74 1115 0.0502
74 1116 0.0900
74 1117 0.1174
74 1118 0.1873
74 1119 0.0795
74 1120 0.0570
74 1121 0.0409
74 1122 0.0635
74 1123 0.1193
74 1124 0.0877
74 1125 0.4412
74 1126 0.2320
74 1127 0.0533
74 1128 0.3919
74 1129 0.1350
74 1130 0.1599
74 1131 0.0481
74 1132 0.0741
74 1133 0.0582
74 1134 0.0920
74 1135 0.2371
74 1136 0.0598
74 1138 0.3077
74 1139 0.0653
74 1141 0.4549
74 1142 0.2999
74 1143 0.1635
74 1144 0.0512
74 1145 0.0287
74 1146 0.0763
74 1147 0.3838
74 1148 0.0553
74 1149 0.0941
74 1150 0.6095
74 1151 0.0834
74 1152 0.4014
74 1153 0.4131
74 1154 0.7472
74 1155 0.0808
74 1156 0.1347
74 1157 0.1357
74 1158 0.1008
74 1159 0.0591
74 1160 0.0903
74 1161 0.2692
74 1162 0.0981
74 1163 0.0817
74 1165 0.1039
74 1166 0.1212
74 1167 0.0701
74 1169 0.5357
74 1170 0.0315
74 1172 0.1360
74 1173 0.0315
74 1174 0.0650
74 1176 0.0596
74 1177 0.1337
74 1178 0.1393
74 1180 0.8309
74 1181 0.1630
74 1182 0.1052
74 1183 0.0421
74 1184 0.0644
74 1185 0.1277
74 1186 0.0959
74 1187 0.3478
74 1188 0.1891
74 1189 0.0916
74 1191 0.3351
74 1192 0.0771
74 1193 0.5427
74 1194 0.3646
74 1195 0.1200
74 1196 0.2697
74 1197 0.2022
74 1198 0.1291
74 1199 0.0939
74 1200 0.0847
74 1201 0.2096
74 1202 0.0441
74 1203 0.1559
74 1204 0.0434
74 1205 0.1322
74 1206 0.1898
74 1207 0.0785
74 1208 0.3451
74 1209 0.1173
74 1210 0.0990
74 1211 0.1473
74 1212 0.1148
74 1213 0.0526
74 1214 0.0639
74 1215 0.0315
74 1216 0.1086
74 1217 0.1028
74 1218 0.0558
74 1219 0.0579
74 1220 0.2334
74 1221 0.0917
74 1222 0.0703
74 1223 0.0669
74 1224 0.0296
74 1225 0.3173
74 1226 0.0987
74 1227 0.0396
74 1228 0.1344
74 1229 0.3173
74 1230 0.0798
74 1231 0.0603
74 1232 0.0315
74 1233 0.0454
74 1234 0.1083
74 1235 0.1211
74 1236 0.0731
74 1237 0.0897
74 1238 0.0344
74 1239 0.0644
74 1240 0.3251
74 1241 0.0346
74 1242 0.1206
74 1243 0.0674
74 1244 0.0506
74 1245 0.2334
74 1246 0.1254
74 1247 0.0812
74 1248 0.0894
74 1249 0.0376
74 1250 0.0691
74 1251 0.0692
74 1252 0.0670
74 1253 0.0916
74 1254 0.0618
74 1255 0.0891
74 1256 0.1697
74 1257 0.0390
74 1258 0.3895
74 1259 0.3390
74 1260 0.1955
74 1262 0.3277
74 1263 0.1212
74 1265 0.5649
74 1266 0.0719
74 1267 0.0511
74 1268 0.1112
74 1269 0.4403
74 1270 0.1521
74 1271 0.0997
74 1272 0.0716
74 1273 0.0494
74 1274 0.0663
74 1275 0.1509
74 1276 0.1197
74 1278 0.0877
74 1279 0.0754
74 1280 0.2070
74 1281 0.1293
74 1282 0.0420
74 1283 0.1038
74 1284 0.1022
74 1286 0.0888
74 1287 0.0540
74 1288 0.1515
74 1289 0.0556
74 1290 0.1787
74 1291 0.0384
74 1292 0.1557
74 1293 0.0708
74 1295 0.0906
74 1296 0.0573
74 1297 0.1916
74 1298 0.0496
74 1299 0.0425
74 1300 0.1034
74 1301 0.0656
74 1302 0.0707
74 1303 0.0619
74 1304 0.1851
74 1305 0.0772
74 1306 0.0593
74 1307 0.0335
74 1308 0.0680
74 1309 0.0626
74 1310 0.1140
74 1311 0.0464
74 1312 0.0620
74 1313 0.0553
74 1315 0.0495
74 1316 0.5728
74 1318 0.0656
74 1319 0.0419
74 1320 0.0511
74 1322 0.0491
74 1323 0.4352
74 1324 0.0434
74 1325 0.0949
74 1326 0.0646
74 1327 0.0297
74 1328 0.0523
74 1329 0.0655
74 1330 0.2811
74 1331 0.0681
74 1332 0.0852
74 1333 0.0623
74 1334 0.1488
74 1335 0.2570
74 1336 0.0747
74 1337 0.0732
74 1338 0.0869
74 1339 0.2235
74 1340 0.0518
74 1341 0.0720
74 1342 0.1097
74 1343 0.1025
74 1344 0.4705
74 1345 0.1112
74 1346 0.0250
74 1347 0.1726
74 1348 0.0465
74 1349 0.1005
74 1350 0.0887
74 1352 0.1950
74 1353 0.1367
74 1354 0.0655
74 1355 0.1367
74 1356 0.3701
74 1357 0.2029
74 1358 0.0789
74 1359 0.0757
74 1360 0.0570
74 1361 0.1244
74 1362 0.2421
74 1363 0.1562
74 1364 0.1245
74 1365 0.0955
74 1366 0.0499
74 1367 0.0447
74 1368 0.0991
74 1369 0.6559
74 1370 0.1977
74 1371 0.0750
74 1372 0.0991
74 1373 0.0721
74 1374 0.0731
74 1375 0.0315
74 1376 0.1053
74 1377 0.1299
74 1378 0.0405
74 1379 0.0722
74 1380 0.0913
74 1381 0.0789
74 1382 0.1287
74 1383 0.0432
74 1384 0.0721
74 1385 0.0655
74 1386 0.1549
74 1387 0.2217
74 1388 0.2232
74 1389 0.0912
74 1390 0.1173
74 1392 0.0747
74 1393 0.0457
74 1394 0.1923
74 1395 0.1799
74 1396 0.2045
74 1397 0.1074
74 1398 0.1598
74 1399 0.0743
74 1401 0.1310
74 1402 0.0774
74 1405 0.2717
74 1406 0.0703
74 1407 0.0589
74 1408 0.0720
74 1409 0.1316
74 1410 0.1235
74 1411 0.0992
74 1412 0.1906
74 1413 0.0887
74 1414 0.1738
74 1415 0.0961
74 1416 0.1239
74 1418 0.1777
74 1419 0.2049
74 1420 0.2119
74 1421 0.3488
74 1422 0.1525
74 1423 0.3301
74 1424 0.1691
74 1425 0.3637
74 1426 0.5853
74 1427 0.3562
74 1428 0.3345
74 1431 0.3603
74 1433 0.2939
74 1434 0.9743
74 1435 0.8480
74 1436 0.3839
74 1437 0.3815
74 1438 0.3780
74 1439 0.3844
74 1440 0.6566
74 1441 0.3493
74 1443 0.2472
74 1445 0.3194
74 1446 0.3426
74 1448 0.0990
74 1449 0.2326
74 1451 0.0744
74 1452 0.0855
74 1453 0.0948
74 1454 0.0743
74 1455 0.0725
74 1456 0.0765
74 1457 0.0585
74 1458 0.0560
74 1459 0.0479
74 1460 0.1520
74 1461 0.0335
74 1462 0.0600
74 1463 0.0614
74 1464 0.0753
74 1465 0.1532
74 1466 0.0927
74 1468 0.0607
74 1470 0.0654
74 1472 0.0733
74 1473 0.0681
74 1474 0.0797
74 1475 0.0694
74 1476 0.1607
74 1477 0.0850
74 1478 0.0969
74 1479 0.1831
74 1480 0.0930
74 1481 0.0955
74 1482 0.0614
74 1484 0.0831
74 1485 0.1732
74 1486 0.0405
74 1487 0.0614
74 1488 0.0637
74 1490 0.0726
74 1491 0.0352
74 1493 0.0902
74 1494 0.0409
74 1495 0.0723
74 1496 0.0590
74 1497 0.1497
74 1498 0.0620
74 1499 0.0507
74 1500 0.0526
74 1501 0.1106
74 1502 0.0750
74 1503 0.0653
74 1504 0.0722
74 1505 0.2020
74 1506 0.0783
74 1507 0.2760
74 1508 0.0503
74 1510 0.1304
74 1511 0.1301
74 1512 0.2760
74 1513 0.0824
74 1514 0.0335
74 1515 0.0295
74 1516 0.2396
74 1517 0.1327
74 1518 0.0492
74 1519 0.1106
74 1520 0.3702
74 1522 0.0483
74 1525 0.0622
74 1526 0.0721
74 1527 0.0570
74 1528 0.0445
74 1529 0.1943
74 1530 0.0599
74 1531 0.1221
74 1532 0.0665
74 1534 0.0533
74 1535 0.0630
74 1536 0.0513
74 1537 0.1317
74 1538 0.0783
74 1540 0.1510
74 1541 0.0881
74 1542 0.0560
74 1544 0.1021
74 1545 0.0847
74 1546 0.0673
74 1547 0.0465
74 1548 0.1392
74 1549 0.0514
74 1550 0.0727
74 1551 0.0736
74 1552 0.0484
74 1553 0.0488
74 1554 0.0648
74 1555 0.0772
74 1556 0.0467
74 1557 0.0338
74 1560 0.0315
74 1562 0.1171
74 1565 0.0979
74 1566 0.1372
74 1567 0.0691
74 1568 0.0784
74 1569 0.1969
74 1570 0.0640
74 1571 0.2733
74 1572 0.0704
74 1573 0.0615
74 1574 0.1245
74 1575 0.0753
74 1576 0.0521
74 1577 0.2796
74 1578 0.2431
74 1579 0.2412
74 1580 0.0966
74 1581 0.1318
74 1582 0.0769
74 1583 0.0782
74 1584 0.0978
74 1585 0.1247
74 1586 0.0842
74 1587 0.1511
74 1588 0.1120
74 1589 0.1775
74 1590 0.0652
74 1591 0.2108
74 1592 0.0796
74 1593 0.2036
74 1594 0.0636
74 1595 0.0453
74 1596 0.0534
74 1597 0.0616
74 1598 0.0692
74 1599 0.0519
74 1600 0.0693
74 1601 0.0604
74 1602 0.0796
74 1603 0.0302
74 1604 0.0506
74 1605 0.0484
74 1606 0.0854
74 1607 0.1500
74 1608 0.3221
74 1609 0.1034
74 1610 0.1775
74 1611 0.0828
74 1612 0.0484
74 1613 0.0752
74 1614 0.0930
74 1615 0.1052
74 1616 0.1374
74 1617 0.0646
74 1618 0.7604
74 1619 0.1107
74 1620 0.0474
74 1621 0.1458
74 1622 0.1036
74 1623 0.1204
74 1624 0.0651
74 1625 0.1496
74 1626 0.0716
74 1627 0.0732
74 1628 0.0567
74 1629 0.1161
74 1630 0.1058
74 1631 0.0775
74 1632 0.1560
74 1633 0.0785
74 1634 0.0316
74 1635 0.0686
74 1636 0.0287
74 1637 0.0440
74 1638 0.0874
74 1639 0.0531
74 1640 0.0471
74 1641 0.0759
74 1642 0.0522
74 1643 0.1292
74 1644 0.0804
74 1645 0.0644
74 1646 0.0593
74 1647 0.1009
74 1648 0.0626
74 1649 0.2458
74 1650 0.0780
74 1651 0.0597
74 1652 0.0511
74 1653 0.3215
74 1654 0.1498
74 1655 0.1889
74 1656 0.0315
74 1657 0.0315
74 1658 0.0638
74 1659 0.0287
74 1660 0.0825
74 1661 0.2359
74 1662 0.0775
74 1663 0.1046
74 1664 0.0746
74 1665 0.0690
74 1666 0.0456
74 1667 0.1931
74 1668 0.2676
74 1669 0.0426
74 1670 0.0370
74 1671 0.1016
74 1672 0.1125
74 1673 0.0941
74 1674 0.0866
74 1675 0.0582
74 1676 0.2273
74 1677 0.1322
74 1678 0.1596
74 1679 0.1396
74 1680 0.2424
74 1681 0.1101
74 1682 0.0535
74 1683 0.0907
74 1684 0.0887
74 1685 0.0402
74 1686 0.1458
74 1687 0.1103
74 1688 0.1337
74 1689 0.5739
74 1690 0.2011
74 1691 0.1985
74 1692 0.2414
74 1693 0.0919
74 1694 0.3706
74 1695 0.1223
74 1696 0.2276
74 1697 0.0906
74 1698 0.2262
74 1699 0.3860
74 1700 0.3308
74 1701 0.3449
74 1702 0.3916
74 1703 0.2981
74 1704 0.3409
74 1705 0.2740
74 1706 0.3449
74 1707 0.5864
74 1708 0.1338
74 1709 0.3020
74 1710 0.2801
74 1711 0.3434
74 1712 0.9400
74 1713 0.6352
74 1714 0.5080
74 1715 0.2974
74 1716 0.2781
74 1717 0.9679
74 1718 0.2759
74 1719 0.2740
74 1720 0.4983
74 1721 0.2230
74 1722 0.0685
74 1723 0.3797
74 1724 0.1100
74 1725 0.2286
74 1726 0.2938
74 1727 0.2520
74 1728 0.3001
74 1729 0.1886
74 1730 0.1640
75 76 0.2412
75 77 0.0897
75 78 0.0751
75 79 0.0717
75 80 0.1139
75 81 0.0769
75 82 0.2078
75 83 0.6079
75 84 0.0810
75 85 0.0868
75 86 0.1889
75 87 0.0751
75 88 0.5514
75 89 0.2189
75 90 0.1788
75 91 0.3521
75 92 0.2574
75 93 0.0822
75 94 0.0529
75 95 0.0672
75 96 0.5808
75 97 0.8989
75 98 0.4103
75 99 0.1729
75 100 0.0829
75 101 0.2928
75 102 0.9753
75 103 0.0800
75 104 0.0673
75 105 0.9039
75 106 0.9640
75 107 0.0373
75 108 0.1445
75 109 0.0730
75 110 0.8302
75 111 0.7764
75 112 0.0625
75 113 0.9155
75 114 0.8878
75 115 0.0842
75 116 0.0794
75 117 0.3164
75 118 0.2478
75 119 0.0907
75 120 0.0575
75 121 0.9450
75 122 0.0587
75 123 0.1867
75 124 0.0438
75 125 0.1800
75 126 0.4346
75 127 0.2803
75 128 0.0625
75 129 0.8979
75 130 0.0501
75 131 0.9237
75 132 0.0663
75 133 0.0636
75 134 0.2727
75 135 0.1748
75 136 0.0552
75 137 0.0529
75 138 0.0630
75 139 0.3420
75 140 0.0971
75 142 0.0369
75 143 0.0584
75 144 0.1620
75 145 0.0824
75 146 0.0727
75 147 0.0617
75 148 0.1240
75 149 0.1364
75 150 0.0546
75 151 0.0927
75 152 0.3318
75 153 0.0851
75 154 0.0799
75 156 0.0805
75 157 0.2052
75 158 0.5365
75 159 0.9930
75 160 0.5508
75 161 0.8361
75 162 0.6781
75 163 0.0712
75 164 0.2494
75 165 0.3590
75 166 0.2037
75 167 0.4713
75 168 0.4686
75 169 0.0471
75 170 0.2212
75 171 0.0644
75 172 0.0885
75 173 0.0353
75 174 0.4641
75 175 0.0359
75 176 0.1264
75 177 0.4376
75 178 0.0510
75 179 0.0721
75 180 0.8858
75 181 0.7115
75 182 0.1257
75 183 0.9471
75 184 0.2350
75 185 0.1218
75 186 0.7579
75 187 0.0781
75 188 0.9030
75 189 0.5167
75 190 0.3695
75 191 0.8011
75 192 0.1855
75 193 0.0590
75 194 0.3362
75 195 0.2453
75 196 0.1016
75 197 0.0814
75 198 0.8923
75 199 0.1069
75 200 0.9056
75 201 0.0611
75 202 0.0386
75 203 0.0531
75 204 0.0779
75 206 0.3016
75 207 0.4491
75 208 0.0577
75 209 0.0538
75 210 0.0703
75 211 0.8835
75 212 0.0925
75 213 0.2083
75 214 0.1117
75 215 0.1121
75 216 0.0527
75 217 0.1380
75 218 0.9387
75 219 0.8792
75 220 0.2056
75 221 0.0981
75 222 0.4585
75 223 0.1980
75 224 0.7075
75 225 0.3299
75 226 0.0512
75 227 0.1284
75 228 0.6563
75 229 0.0724
75 230 0.0947
75 231 0.0575
75 232 0.0588
75 233 0.0457
75 234 0.0505
75 235 0.1057
75 236 0.0766
75 237 0.0541
75 238 0.0779
75 239 0.1690
75 240 0.3750
75 241 0.2188
75 242 0.7670
75 243 0.8895
75 244 0.0466
75 245 0.0818
75 246 0.2666
75 247 0.1594
75 248 0.8400
75 249 0.1312
75 250 0.9164
75 251 0.2688
75 252 0.1107
75 253 0.3312
75 254 0.8841
75 255 0.0466
75 256 0.0531
75 257 0.4917
75 258 0.1255
75 259 0.1231
75 260 0.2284
75 261 0.0692
75 262 0.9628
75 263 0.3342
75 264 0.6158
75 265 0.0655
75 266 0.8962
75 267 0.4147
75 268 0.0403
75 269 0.2830
75 270 0.5179
75 271 0.7035
75 272 0.0362
75 273 0.4500
75 274 0.2886
75 275 0.8858
75 276 0.1033
75 277 0.0402
75 278 0.8749
75 279 0.9072
75 280 0.1561
75 281 0.6238
75 282 0.0623
75 283 0.2739
75 284 0.8788
75 285 0.3286
75 286 0.0873
75 287 0.4112
75 288 0.0633
75 289 0.8066
75 290 0.4739
75 291 0.0394
75 292 0.1174
75 293 0.8403
75 294 0.0491
75 295 0.0574
75 296 0.0366
75 297 0.0783
75 298 0.2399
75 299 0.2514
75 300 0.9103
75 301 0.8345
75 302 0.0824
75 303 0.0612
75 304 0.9640
75 305 0.0382
75 306 0.2956
75 307 0.2146
75 308 0.3199
75 309 0.3313
75 310 0.0485
75 311 0.1224
75 312 0.5777
75 313 0.0418
75 314 0.9202
75 315 0.0569
75 316 0.8584
75 317 0.0462
75 318 0.1943
75 319 0.0890
75 320 0.8911
75 321 0.2535
75 322 0.1056
75 323 0.0728
75 324 0.0440
75 325 0.4120
75 326 0.6589
75 327 0.0790
75 328 0.9745
75 329 0.2965
75 330 0.1471
75 331 0.0452
75 332 0.0626
75 333 0.3154
75 334 0.7971
75 335 0.2551
75 336 0.2933
75 337 0.4645
75 338 0.0530
75 339 0.8525
75 340 0.9014
75 341 0.1139
75 342 0.9005
75 343 0.2919
75 344 0.9275
75 345 0.0954
75 346 0.4857
75 347 0.1225
75 348 0.0537
75 349 0.5376
75 350 0.2087
75 351 0.0488
75 352 0.2454
75 353 0.1305
75 354 0.3789
75 355 0.2025
75 356 0.8478
75 357 0.0716
75 358 0.0726
75 359 0.7401
75 360 0.1135
75 361 0.0859
75 362 0.0827
75 363 0.9060
75 364 0.0770
75 366 0.0685
75 367 0.2244
75 368 0.6984
75 369 0.1098
75 370 0.3126
75 371 0.0432
75 372 0.1022
75 373 0.0984
75 374 0.6455
75 375 0.0603
75 376 0.0557
75 377 0.8508
75 378 0.1542
75 379 0.0914
75 380 0.2537
75 381 0.0746
75 382 0.1765
75 383 0.0759
75 384 0.9424
75 385 0.6969
75 386 0.1489
75 387 0.1254
75 388 0.1390
75 389 0.3725
75 390 0.1330
75 391 0.0564
75 392 0.9168
75 393 0.4138
75 394 0.3917
75 395 0.0454
75 396 0.0725
75 397 0.0528
75 398 0.9039
75 399 0.1152
75 400 0.1763
75 402 0.2308
75 403 0.0523
75 404 0.0415
75 405 0.1294
75 406 0.4046
75 407 0.1779
75 408 0.0474
75 409 0.0534
75 410 0.2726
75 411 0.2110
75 412 0.0728
75 413 0.0529
75 414 0.2480
75 415 0.0858
75 416 0.0433
75 417 0.1046
75 418 0.1251
75 419 0.2948
75 420 0.1973
75 421 0.3781
75 422 0.6285
75 423 0.0659
75 424 0.3046
75 425 0.0421
75 426 0.4120
75 427 0.0627
75 428 0.3355
75 429 0.1181
75 430 0.0902
75 431 0.7389
75 432 0.1560
75 433 0.0729
75 434 0.4839
75 435 0.0536
75 436 0.0350
75 437 0.0691
75 438 0.1338
75 439 0.4077
75 440 0.2157
75 441 0.2462
75 442 0.0884
75 443 0.2970
75 445 0.8880
75 447 0.4275
75 448 0.0547
75 449 0.1232
75 450 0.1642
75 451 0.1983
75 452 0.9073
75 453 0.8936
75 454 0.2451
75 455 0.1073
75 456 0.0675
75 457 0.0522
75 458 0.1554
75 459 0.0586
75 460 0.0819
75 461 0.0743
75 462 0.0874
75 463 0.1574
75 464 0.0576
75 465 0.5927
75 466 0.1482
75 467 0.7852
75 468 0.8542
75 469 0.0671
75 470 0.1140
75 471 0.3894
75 472 0.9539
75 474 0.2695
75 475 0.0450
75 476 0.0775
75 478 0.1322
75 479 0.1114
75 480 0.3193
75 481 0.3587
75 482 0.3456
75 484 0.0789
75 485 0.7923
75 486 0.1857
75 487 0.0380
75 488 0.0553
75 489 0.6946
75 490 0.7222
75 491 0.8360
75 492 0.2430
75 493 0.1122
75 494 0.2587
75 495 0.7171
75 496 0.0585
75 497 0.4698
75 498 0.9425
75 499 0.0525
75 500 0.1483
75 501 0.8118
75 502 0.0355
75 503 0.3194
75 504 0.4781
75 505 0.0516
75 506 0.0795
75 507 0.9100
75 508 0.0550
75 509 0.3709
75 510 0.4468
75 511 0.0739
75 512 0.1076
75 513 0.0427
75 514 0.6114
75 515 0.0972
75 516 0.1407
75 517 0.2565
75 518 0.3179
75 519 0.8514
75 520 0.4753
75 521 0.1208
75 522 0.2541
75 523 0.8297
75 524 0.1212
75 525 0.2481
75 526 0.4020
75 527 0.0749
75 528 0.0488
75 529 0.4120
75 530 0.1883
75 531 0.0699
75 532 0.4285
75 533 0.2057
75 534 0.1757
75 535 0.3617
75 536 0.9542
75 537 0.2000
75 538 0.0569
75 539 0.0370
75 540 0.3053
75 541 0.0571
75 542 0.2562
75 543 0.4373
75 544 0.0719
75 545 0.0605
75 546 0.0854
75 547 0.0389
75 548 0.0563
75 549 0.0434
75 550 0.2197
75 551 0.2662
75 552 0.2512
75 553 0.8483
75 554 0.6685
75 555 0.0535
75 556 0.4641
75 557 0.3794
75 558 0.1424
75 559 0.6788
75 560 0.9383
75 561 0.0484
75 562 0.7976
75 563 0.0948
75 564 0.8712
75 565 0.0942
75 566 0.0773
75 567 0.1575
75 568 0.9975
75 569 0.7637
75 570 0.0778
75 571 0.0580
75 572 0.0946
75 573 0.1710
75 574 0.0553
75 575 0.1121
75 576 0.0524
75 577 0.0475
75 578 0.8526
75 579 0.0612
75 580 0.1561
75 581 0.0374
75 582 0.6139
75 583 0.8275
75 584 0.0451
75 585 0.0960
75 586 0.0756
75 587 0.3585
75 589 0.3179
75 590 0.3481
75 591 0.0481
75 592 0.0759
75 593 0.0437
75 594 0.2604
75 595 0.1388
75 598 0.0355
75 599 0.5415
75 600 0.0662
75 601 0.0944
75 602 0.0968
75 604 0.7621
75 605 0.1454
75 606 0.3791
75 607 0.0698
75 608 0.0505
75 609 0.0642
75 610 0.1141
75 611 0.1979
75 612 0.0974
75 613 0.8713
75 614 0.0732
75 615 0.4921
75 616 0.1975
75 617 0.7847
75 618 0.8169
75 619 0.0848
75 620 0.6096
75 621 0.0754
75 622 0.2431
75 623 0.1353
75 624 0.3445
75 625 0.2091
75 626 0.9487
75 627 0.0842
75 628 0.9113
75 629 0.1099
75 630 0.0816
75 631 0.0962
75 632 0.0639
75 633 0.0588
75 634 0.1518
75 635 0.0820
75 636 0.5277
75 637 0.1402
75 638 0.5384
75 639 0.9983
75 640 0.1029
75 641 0.0638
75 642 0.3033
75 643 0.0596
75 644 0.0954
75 645 0.0868
75 646 0.1507
75 647 0.0681
75 648 0.7584
75 649 0.7271
75 650 0.0569
75 651 0.0578
75 652 0.0585
75 653 0.0905
75 654 0.0591
75 655 0.6468
75 656 0.0590
75 657 0.6925
75 658 0.1279
75 659 0.8217
75 660 0.2398
75 661 0.3271
75 662 0.2181
75 663 0.2546
75 664 0.4386
75 665 0.1101
75 666 0.7361
75 667 0.7331
75 668 0.3707
75 669 0.0822
75 670 0.1819
75 671 0.2052
75 672 0.7914
75 673 0.7264
75 674 0.4687
75 675 0.0877
75 676 0.0680
75 677 0.5293
75 678 0.2388
75 679 0.0396
75 680 0.7688
75 681 0.1358
75 682 0.5165
75 683 0.1280
75 684 0.2496
75 685 0.7959
75 686 0.3784
75 687 0.1115
75 688 0.2268
75 689 0.4977
75 690 0.0624
75 691 0.0694
75 692 0.7417
75 694 0.7522
75 695 0.6406
75 696 0.3330
75 697 0.1322
75 698 0.1229
75 699 0.2161
75 700 0.0724
75 701 0.1345
75 702 0.0441
75 703 0.0370
75 704 0.0450
75 705 0.0608
75 706 0.9694
75 707 0.7390
75 708 0.1692
75 709 0.0426
75 710 0.7576
75 711 0.2640
75 712 0.8458
75 713 0.2432
75 714 0.2676
75 715 0.0769
75 716 0.0906
75 717 0.6791
75 718 0.2709
75 720 0.2056
75 721 0.1505
75 722 0.9625
75 723 0.0472
75 724 0.1046
75 725 0.1485
75 726 0.0659
75 727 0.5258
75 728 0.1382
75 729 0.0590
75 730 0.1040
75 731 0.4699
75 732 0.0559
75 733 0.1617
75 734 0.0551
75 735 0.6548
75 736 0.1623
75 737 0.3718
75 738 0.0456
75 740 0.0439
75 741 0.2782
75 742 0.0454
75 743 0.0688
75 744 0.0621
75 745 0.0486
75 746 0.1627
75 747 0.4837
75 748 0.6965
75 749 0.4120
75 750 0.0802
75 751 0.0944
75 752 0.1367
75 753 0.0659
75 754 0.0986
75 755 0.0590
75 756 0.0586
75 757 0.5324
75 758 0.3251
75 759 0.0590
75 760 0.7502
75 761 0.0828
75 762 0.1835
75 763 0.3688
75 764 0.4628
75 765 0.5376
75 766 0.7648
75 767 0.1352
75 768 0.2312
75 769 0.2418
75 770 0.1722
75 771 0.8178
75 772 0.0795
75 773 0.7687
75 774 0.4510
75 775 0.0497
75 776 0.0346
75 777 0.1309
75 778 0.1572
75 779 0.2699
75 780 0.0597
75 781 0.1981
75 782 0.3462
75 783 0.4565
75 784 0.8425
75 785 0.4902
75 786 0.1755
75 787 0.0487
75 788 0.2699
75 789 0.0756
75 791 0.0498
75 792 0.4717
75 793 0.0619
75 794 0.0733
75 795 0.0466
75 796 0.0451
75 797 0.4987
75 798 0.7197
75 799 0.2458
75 800 0.0544
75 801 0.8031
75 802 0.3855
75 803 0.8823
75 804 0.7240
75 805 0.0595
75 806 0.3141
75 807 0.0946
75 808 0.4370
75 809 0.1190
75 810 0.7141
75 811 0.9937
75 812 0.2069
75 813 0.4832
75 814 0.0705
75 815 0.0678
75 816 0.0353
75 817 0.8599
75 818 0.5191
75 819 0.5524
75 820 0.1172
75 821 0.2009
75 822 0.7345
75 823 0.1166
75 824 0.2555
75 825 0.0949
75 827 0.0411
75 828 0.0441
75 829 0.0484
75 830 0.1326
75 831 0.0725
75 832 0.0751
75 833 0.3290
75 834 0.0599
75 835 0.1778
75 836 0.1415
75 837 0.0379
75 838 0.0574
75 839 0.1416
75 840 0.0568
75 841 0.0589
75 842 0.7015
75 843 0.4381
75 844 0.0355
75 845 0.2001
75 846 0.0367
75 847 0.1882
75 848 0.1651
75 849 0.0548
75 850 0.0762
75 851 0.0640
75 852 0.0493
75 853 0.5412
75 854 0.4336
75 855 0.0495
75 856 0.1764
75 857 0.1867
75 858 0.0621
75 859 0.1311
75 860 0.6525
75 861 0.0334
75 862 0.8571
75 864 0.0578
75 865 0.6193
75 866 0.0948
75 867 0.0860
75 868 0.2725
75 869 0.8839
75 870 0.0465
75 871 0.7986
75 872 0.5946
75 873 0.2028
75 874 0.1058
75 875 0.7441
75 876 0.4038
75 877 0.0924
75 878 0.4284
75 880 0.4076
75 881 0.5614
75 882 0.0549
75 883 0.0634
75 884 0.0640
75 885 0.0531
75 886 0.0779
75 887 0.0797
75 888 0.2588
75 889 0.0491
75 890 0.0492
75 891 0.6931
75 892 0.1874
75 893 0.1007
75 894 0.5917
75 895 0.0408
75 896 0.0609
75 897 0.2917
75 898 0.8798
75 899 0.5723
75 900 0.8544
75 901 0.0935
75 903 0.9518
75 905 0.0430
75 906 0.1214
75 907 0.3420
75 908 0.0575
75 909 0.0542
75 910 0.0344
75 911 0.0563
75 912 0.6991
75 913 0.0766
75 914 0.3914
75 915 0.1980
75 916 0.1886
75 917 0.1767
75 918 0.0420
75 919 0.0812
75 920 0.2321
75 921 0.0499
75 922 0.0665
75 924 0.2249
75 925 0.1320
75 928 0.2986
75 929 0.3170
75 930 0.0356
75 932 0.4225
75 933 0.0523
75 934 0.5692
75 935 0.0536
75 936 0.4130
75 937 0.1220
75 938 0.3831
75 939 0.2056
75 940 0.1198
75 941 0.0939
75 942 0.0529
75 943 0.2658
75 944 0.0589
75 946 0.0488
75 947 0.0405
75 948 0.0601
75 949 0.5198
75 950 0.0584
75 951 0.1857
75 952 0.0405
75 953 0.0562
75 954 0.2881
75 955 0.6360
75 956 0.0734
75 957 0.0339
75 958 0.3972
75 959 0.4672
75 960 0.1408
75 961 0.2369
75 962 0.1316
75 963 0.2025
75 964 0.1143
75 965 0.0600
75 966 0.1340
75 967 0.6799
75 968 0.4516
75 969 0.0574
75 971 0.5343
75 972 0.0453
75 973 0.0655
75 974 0.2749
75 975 0.0939
75 976 0.7720
75 977 0.3542
75 978 0.6229
75 979 0.1210
75 980 0.1476
75 981 0.1565
75 982 0.4218
75 983 0.4924
75 984 0.0464
75 985 0.4658
75 986 0.0461
75 987 0.1031
75 989 0.1338
75 990 0.0981
75 991 0.2197
75 992 0.3862
75 993 0.0940
75 994 0.2687
75 995 0.0479
75 996 0.1564
75 999 0.1616
75 1000 0.0337
75 1001 0.7978
75 1002 0.9762
75 1003 0.3643
75 1004 0.9663
