1199 1611 0.2085
1199 1612 0.1090
1199 1613 0.4636
1199 1614 0.3992
1199 1615 0.1441
1199 1616 0.1612
1199 1618 0.4612
1199 1619 0.1898
1199 1620 0.1714
1199 1621 0.1787
1199 1622 0.1721
1199 1623 0.1714
1199 1624 0.7080
1199 1625 0.1628
1199 1626 0.4401
1199 1627 0.4401
1199 1628 0.2085
1199 1629 0.2085
1199 1630 0.2596
1199 1632 0.2192
1199 1633 0.3084
1199 1634 0.1208
1199 1637 0.1714
1199 1638 0.1381
1199 1640 0.1217
1199 1641 0.1476
1199 1642 0.1619
1199 1644 0.7843
1199 1645 0.7762
1199 1646 0.6471
1199 1648 0.2085
1199 1649 0.5103
1199 1650 0.7940
1199 1652 0.4401
1199 1653 0.4051
1199 1654 0.4701
1199 1655 0.8184
1199 1656 0.2546
1199 1657 0.4607
1199 1658 0.7850
1199 1659 0.8008
1199 1660 0.8400
1199 1661 0.3519
1199 1662 0.2085
1199 1663 0.5844
1199 1664 0.4100
1199 1665 0.2387
1199 1666 0.5276
1199 1667 0.6515
1199 1668 0.6938
1199 1669 0.7093
1199 1670 0.1222
1199 1671 0.1686
1199 1672 0.2203
1199 1674 0.3879
1199 1675 0.2085
1199 1676 0.1514
1199 1677 0.7095
1199 1678 0.7455
1199 1679 0.5273
1199 1681 0.2085
1199 1682 0.6663
1199 1683 0.2661
1199 1684 0.2365
1199 1685 0.6316
1199 1686 0.1966
1199 1687 0.4401
1199 1688 0.1466
1199 1689 0.9165
1199 1690 0.6308
1199 1691 0.6213
1199 1692 0.7386
1199 1694 0.4599
1199 1695 0.4242
1199 1696 0.2085
1199 1697 0.7363
1199 1698 0.4962
1199 1699 0.1052
1199 1700 0.1207
1199 1701 0.1225
1199 1702 0.0774
1199 1703 0.1793
1199 1705 0.2512
1199 1706 0.1281
1199 1707 0.1348
1199 1709 0.4401
1199 1711 0.1821
1199 1712 0.4510
1199 1713 0.0867
1199 1714 0.0864
1199 1715 0.1092
1199 1716 0.4401
1199 1717 0.5419
1199 1718 0.1594
1199 1719 0.1207
1199 1720 0.1198
1199 1721 0.4401
1199 1723 0.0857
1199 1724 0.1793
1199 1725 0.0958
1199 1726 0.1941
1199 1728 0.1612
1199 1729 0.1484
1199 1730 0.2546
1200 1201 0.3870
1200 1202 0.2986
1200 1203 0.1461
1200 1204 0.2410
1200 1205 0.1671
1200 1206 0.4988
1200 1208 0.2171
1200 1209 0.3237
1200 1210 0.3872
1200 1211 0.3120
1200 1212 0.2953
1200 1213 0.1461
1200 1214 0.2263
1200 1215 0.2114
1200 1216 0.1461
1200 1217 0.2150
1200 1218 0.2546
1200 1219 0.1888
1200 1221 0.3069
1200 1222 0.1716
1200 1223 0.2814
1200 1225 0.6335
1200 1226 0.4951
1200 1227 0.3063
1200 1228 0.2552
1200 1229 0.2836
1200 1230 0.2798
1200 1231 0.2518
1200 1232 0.1646
1200 1233 0.1745
1200 1234 0.1924
1200 1236 0.2150
1200 1237 0.3039
1200 1238 0.3386
1200 1240 0.2963
1200 1241 0.1741
1200 1242 0.4687
1200 1244 0.1988
1200 1245 0.2166
1200 1246 0.1924
1200 1247 0.3197
1200 1248 0.2834
1200 1249 0.1740
1200 1250 0.3598
1200 1251 0.2159
1200 1252 0.2926
1200 1253 0.2471
1200 1254 0.2171
1200 1255 0.2171
1200 1256 0.4033
1200 1257 0.2146
1200 1258 0.4231
1200 1259 0.5958
1200 1260 0.3349
1200 1262 0.1651
1200 1263 0.3385
1200 1265 0.3529
1200 1266 0.3069
1200 1267 0.3083
1200 1268 0.4420
1200 1269 0.4930
1200 1270 0.3271
1200 1271 0.4424
1200 1272 0.2868
1200 1273 0.2159
1200 1274 0.2843
1200 1275 0.4596
1200 1276 0.2444
1200 1278 0.1461
1200 1279 0.3019
1200 1280 0.3674
1200 1281 0.2730
1200 1282 0.1988
1200 1283 0.2399
1200 1284 0.3427
1200 1286 0.2341
1200 1287 0.3329
1200 1288 0.1865
1200 1289 0.1955
1200 1290 0.1915
1200 1292 0.6286
1200 1293 0.3112
1200 1296 0.3395
1200 1297 0.1865
1200 1298 0.2723
1200 1299 0.1774
1200 1300 0.1924
1200 1301 0.1608
1200 1303 0.3366
1200 1304 0.3069
1200 1305 0.3939
1200 1306 0.1922
1200 1307 0.2254
1200 1309 0.3069
1200 1310 0.2414
1200 1311 0.1461
1200 1313 0.1812
1200 1316 0.9061
1200 1318 0.1924
1200 1319 0.1660
1200 1322 0.2125
1200 1323 0.3131
1200 1324 0.1759
1200 1325 0.2171
1200 1326 0.2833
1200 1327 0.2171
1200 1330 0.2564
1200 1331 0.2607
1200 1333 0.1759
1200 1334 0.2810
1200 1335 0.3629
1200 1336 0.1759
1200 1337 0.1988
1200 1338 0.1732
1200 1340 0.2141
1200 1341 0.1924
1200 1342 0.3888
1200 1343 0.2460
1200 1344 0.2669
1200 1346 0.2518
1200 1348 0.2537
1200 1349 0.2951
1200 1350 0.2171
1200 1351 0.1671
1200 1352 0.2400
1200 1353 0.1745
1200 1354 0.1924
1200 1355 0.2141
1200 1356 0.2150
1200 1357 0.1693
1200 1360 0.2141
1200 1361 0.2342
1200 1362 0.3572
1200 1363 0.2995
1200 1364 0.3057
1200 1366 0.1924
1200 1367 0.4684
1200 1368 0.3070
1200 1369 0.5562
1200 1370 0.5940
1200 1372 0.2443
1200 1374 0.4204
1200 1375 0.2206
1200 1376 0.2707
1200 1377 0.2674
1200 1378 0.2150
1200 1379 0.1714
1200 1380 0.2761
1200 1382 0.1915
1200 1383 0.4019
1200 1384 0.2403
1200 1386 0.1988
1200 1387 0.3995
1200 1388 0.2041
1200 1389 0.2072
1200 1390 0.1865
1200 1393 0.2171
1200 1394 0.3987
1200 1395 0.2906
1200 1396 0.2812
1200 1397 0.2982
1200 1398 0.5135
1200 1399 0.1863
1200 1401 0.2384
1200 1402 0.2973
1200 1405 0.5205
1200 1406 0.1924
1200 1407 0.2171
1200 1408 0.2557
1200 1409 0.1781
1200 1411 0.2150
1200 1412 0.2041
1200 1413 0.1635
1200 1415 0.2381
1200 1416 0.1924
1200 1418 0.2691
1200 1419 0.3906
1200 1420 0.2171
1200 1421 0.3172
1200 1422 0.1951
1200 1423 0.2120
1200 1424 0.2384
1200 1425 0.2818
1200 1426 0.7067
1200 1427 0.2305
1200 1428 0.2634
1200 1431 0.2486
1200 1434 0.7925
1200 1435 0.4856
1200 1436 0.1915
1200 1437 0.3824
1200 1438 0.1550
1200 1439 0.5303
1200 1440 0.5716
1200 1441 0.2582
1200 1443 0.1865
1200 1445 0.1514
1200 1446 0.2308
1200 1448 0.4062
1200 1449 0.2626
1200 1451 0.3109
1200 1452 0.2891
1200 1454 0.2150
1200 1455 0.1461
1200 1456 0.2872
1200 1459 0.1461
1200 1460 0.2452
1200 1461 0.1988
1200 1462 0.3082
1200 1464 0.2790
1200 1465 0.3069
1200 1466 0.2598
1200 1468 0.1769
1200 1470 0.1461
1200 1472 0.2907
1200 1473 0.2349
1200 1474 0.1924
1200 1476 0.2849
1200 1477 0.2569
1200 1478 0.2083
1200 1479 0.3131
1200 1480 0.3479
1200 1481 0.1924
1200 1482 0.3426
1200 1484 0.1461
1200 1485 0.4281
1200 1486 0.3069
1200 1487 0.2613
1200 1490 0.1724
1200 1491 0.2549
1200 1492 0.1975
1200 1493 0.2550
1200 1494 0.1915
1200 1495 0.2171
1200 1496 0.2112
1200 1497 0.4049
1200 1498 0.1792
1200 1499 0.2171
1200 1500 0.2040
1200 1501 0.1461
1200 1503 0.3527
1200 1504 0.1635
1200 1505 0.1922
1200 1506 0.2705
1200 1507 0.2823
1200 1508 0.3069
1200 1511 0.2150
1200 1512 0.2955
1200 1513 0.1638
1200 1515 0.2150
1200 1516 0.3764
1200 1517 0.2755
1200 1518 0.2196
1200 1519 0.4006
1200 1520 0.8092
1200 1522 0.3164
1200 1525 0.1707
1200 1526 0.3372
1200 1527 0.2243
1200 1528 0.3426
1200 1529 0.2280
1200 1530 0.2419
1200 1531 0.3069
1200 1532 0.1689
1200 1535 0.4139
1200 1536 0.2368
1200 1537 0.1988
1200 1538 0.2621
1200 1540 0.2895
1200 1541 0.2669
1200 1542 0.3115
1200 1544 0.1800
1200 1545 0.3069
1200 1546 0.3433
1200 1547 0.2770
1200 1548 0.3509
1200 1549 0.1967
1200 1551 0.2150
1200 1552 0.1924
1200 1554 0.3677
1200 1555 0.3069
1200 1557 0.1629
1200 1560 0.1696
1200 1562 0.2171
1200 1565 0.2833
1200 1566 0.1581
1200 1567 0.2171
1200 1568 0.1922
1200 1569 0.2925
1200 1571 0.2674
1200 1572 0.3566
1200 1573 0.2812
1200 1574 0.2761
1200 1575 0.1759
1200 1576 0.1922
1200 1577 0.2858
1200 1578 0.3085
1200 1579 0.2778
1200 1580 0.2783
1200 1581 0.3467
1200 1583 0.1732
1200 1584 0.1836
1200 1585 0.3057
1200 1586 0.1861
1200 1587 0.2810
1200 1588 0.4981
1200 1589 0.1693
1200 1590 0.2612
1200 1591 0.3336
1200 1592 0.3548
1200 1593 0.1808
1200 1594 0.1707
1200 1595 0.1816
1200 1596 0.1461
1200 1597 0.1629
1200 1598 0.2171
1200 1599 0.1975
1200 1600 0.2171
1200 1601 0.2573
1200 1603 0.2868
1200 1604 0.2171
1200 1605 0.4242
1200 1606 0.3220
1200 1607 0.2633
1200 1608 0.4610
1200 1609 0.1974
1200 1610 0.2885
1200 1611 0.2171
1200 1612 0.4199
1200 1613 0.5593
1200 1614 0.1967
1200 1615 0.1732
1200 1616 0.1906
1200 1618 0.6379
1200 1619 0.1967
1200 1620 0.1924
1200 1621 0.5738
1200 1622 0.5796
1200 1623 0.1924
1200 1624 0.4830
1200 1625 0.1851
1200 1626 0.1461
1200 1627 0.1461
1200 1628 0.2171
1200 1629 0.2171
1200 1630 0.2688
1200 1632 0.2707
1200 1633 0.2150
1200 1634 0.1553
1200 1637 0.1924
1200 1638 0.3260
1200 1640 0.2566
1200 1641 0.3077
1200 1642 0.2915
1200 1644 0.1851
1200 1645 0.2945
1200 1646 0.2603
1200 1648 0.2171
1200 1649 0.2995
1200 1650 0.2477
1200 1652 0.1461
1200 1653 0.4537
1200 1654 0.2747
1200 1655 0.4402
1200 1656 0.3069
1200 1657 0.2150
1200 1658 0.1694
1200 1659 0.2531
1200 1660 0.3354
1200 1661 0.2177
1200 1662 0.2171
1200 1663 0.1924
1200 1664 0.1988
1200 1665 0.2146
1200 1666 0.1906
1200 1667 0.3614
1200 1668 0.3311
1200 1669 0.2119
1200 1670 0.2884
1200 1671 0.2491
1200 1672 0.2104
1200 1674 0.2953
1200 1675 0.2171
1200 1676 0.2575
1200 1677 0.1694
1200 1678 0.3517
1200 1679 0.2538
1200 1681 0.2171
1200 1682 0.1650
1200 1683 0.2908
1200 1684 0.2150
1200 1685 0.3059
1200 1686 0.1922
1200 1687 0.1461
1200 1688 0.1790
1200 1689 0.8494
1200 1690 0.2347
1200 1691 0.3764
1200 1692 0.3649
1200 1694 0.3027
1200 1695 0.1922
1200 1696 0.2171
1200 1697 0.1819
1200 1698 0.1742
1200 1699 0.1709
1200 1700 0.2112
1200 1701 0.2308
1200 1702 0.2204
1200 1703 0.1988
1200 1705 0.1794
1200 1706 0.2338
1200 1707 0.3739
1200 1709 0.1461
1200 1711 0.2963
1200 1712 0.8507
1200 1713 0.2379
1200 1714 0.3019
1200 1715 0.2153
1200 1716 0.1461
1200 1717 0.8419
1200 1718 0.1704
1200 1719 0.2112
1200 1720 0.2348
1200 1721 0.1461
1200 1723 0.2757
1200 1724 0.1988
1200 1725 0.3491
1200 1726 0.1550
1200 1728 0.1906
1200 1729 0.2604
1200 1730 0.3069
1201 1202 0.4854
1201 1203 0.3870
1201 1204 0.2442
1201 1205 0.5981
1201 1206 0.5637
1201 1208 0.1963
1201 1209 0.5713
1201 1210 0.6503
1201 1211 0.7157
1201 1212 0.6617
1201 1213 0.3870
1201 1214 0.6901
1201 1215 0.5890
1201 1216 0.3870
1201 1217 0.1964
1201 1218 0.7003
1201 1219 0.5159
1201 1221 0.2008
1201 1222 0.6225
1201 1223 0.5696
1201 1225 0.9558
1201 1226 0.7197
1201 1227 0.5345
1201 1228 0.4305
1201 1229 0.4134
1201 1230 0.4823
1201 1231 0.5526
1201 1232 0.5596
1201 1233 0.5226
1201 1234 0.4402
1201 1236 0.3088
1201 1237 0.6236
1201 1238 0.4920
1201 1240 0.2831
1201 1241 0.6429
1201 1242 0.4037
1201 1244 0.6201
1201 1245 0.6451
1201 1246 0.4035
1201 1247 0.7891
1201 1248 0.2113
1201 1249 0.0770
1201 1250 0.3869
1201 1251 0.2582
1201 1252 0.6957
1201 1253 0.0945
1201 1254 0.1544
1201 1255 0.1544
1201 1256 0.2980
1201 1257 0.1448
1201 1258 0.2045
1201 1259 0.5595
1201 1260 0.1588
1201 1262 0.3671
1201 1263 0.1743
1201 1265 0.4025
1201 1266 0.2008
1201 1267 0.1825
1201 1268 0.0944
1201 1269 0.2638
1201 1270 0.3375
1201 1271 0.2359
1201 1272 0.0881
1201 1273 0.2582
1201 1274 0.1142
1201 1275 0.0968
1201 1276 0.2006
1201 1278 0.3870
1201 1279 0.3119
1201 1280 0.1923
1201 1281 0.1247
1201 1282 0.2712
1201 1283 0.0958
1201 1284 0.3274
1201 1286 0.2191
1201 1287 0.2125
1201 1288 0.4568
1201 1289 0.0782
1201 1290 0.3419
1201 1292 0.2348
1201 1293 0.0952
1201 1296 0.1448
1201 1297 0.4568
1201 1298 0.0971
1201 1299 0.0761
1201 1300 0.2279
1201 1301 0.1630
1201 1303 0.1635
1201 1304 0.2008
1201 1305 0.1364
1201 1306 0.1883
1201 1307 0.1358
1201 1309 0.2008
1201 1310 0.0879
1201 1311 0.3870
1201 1313 0.1758
1201 1316 0.8517
1201 1318 0.1299
1201 1319 0.0984
1201 1322 0.0735
1201 1323 0.6874
1201 1324 0.2351
1201 1325 0.1544
1201 1326 0.4255
1201 1327 0.2843
1201 1330 0.4439
1201 1331 0.7061
1201 1333 0.2351
1201 1334 0.5210
1201 1335 0.7108
1201 1336 0.1477
1201 1337 0.2742
1201 1338 0.4923
1201 1340 0.6681
1201 1341 0.1299
1201 1342 0.7233
1201 1343 0.3766
1201 1344 0.4594
1201 1346 0.5526
1201 1348 0.5407
1201 1349 0.7110
1201 1350 0.2560
1201 1351 0.5981
1201 1352 0.4892
1201 1353 0.4803
1201 1354 0.2279
1201 1355 0.6681
1201 1356 0.1964
1201 1357 0.1858
1201 1360 0.6681
1201 1361 0.4270
1201 1362 0.6707
1201 1363 0.5766
1201 1364 0.5006
1201 1366 0.2434
1201 1367 0.9009
1201 1368 0.4884
1201 1369 0.7487
1201 1370 0.9209
1201 1372 0.4790
1201 1374 0.6313
1201 1375 0.5225
1201 1376 0.4609
1201 1377 0.3422
1201 1378 0.1964
1201 1379 0.1880
1201 1380 0.3285
1201 1382 0.3419
1201 1383 0.4885
1201 1384 0.3160
1201 1386 0.1437
1201 1387 0.0744
1201 1388 0.1095
1201 1389 0.1859
1201 1390 0.4568
1201 1393 0.3472
1201 1394 0.1935
1201 1395 0.6662
1201 1396 0.3467
1201 1397 0.1963
1201 1398 0.4670
1201 1399 0.1007
1201 1401 0.1227
1201 1402 0.3208
1201 1405 0.3865
1201 1406 0.1299
1201 1407 0.2604
1201 1408 0.1093
1201 1409 0.1535
1201 1411 0.1964
1201 1412 0.1095
1201 1413 0.0734
1201 1415 0.1077
1201 1416 0.1299
1201 1418 0.1318
1201 1419 0.3281
1201 1420 0.5312
1201 1421 0.3376
1201 1422 0.3154
1201 1423 0.2319
1201 1424 0.5188
1201 1425 0.4232
1201 1426 0.4877
1201 1427 0.2551
1201 1428 0.5382
1201 1431 0.2432
1201 1434 0.9915
1201 1435 0.8535
1201 1436 0.1054
1201 1437 0.4728
1201 1438 0.4387
1201 1439 0.5460
1201 1440 0.7061
1201 1441 0.3719
1201 1443 0.4568
1201 1445 0.3316
1201 1446 0.1815
1201 1448 0.1897
1201 1449 0.1905
1201 1451 0.1359
1201 1452 0.1038
1201 1454 0.1964
1201 1455 0.3870
1201 1456 0.2570
1201 1459 0.3870
1201 1460 0.1467
1201 1461 0.4814
1201 1462 0.2555
1201 1464 0.2092
1201 1465 0.2008
1201 1466 0.1049
1201 1468 0.2461
1201 1470 0.3870
1201 1472 0.2576
1201 1473 0.1558
1201 1474 0.1299
1201 1476 0.2093
1201 1477 0.1369
1201 1478 0.1470
1201 1479 0.2275
1201 1480 0.3351
1201 1481 0.3819
1201 1482 0.2457
1201 1484 0.3870
1201 1485 0.4360
1201 1486 0.2008
1201 1487 0.2559
1201 1490 0.1008
1201 1491 0.2022
1201 1492 0.1335
1201 1493 0.1353
1201 1494 0.4421
1201 1495 0.1544
1201 1496 0.0987
1201 1497 0.1891
1201 1498 0.1050
1201 1499 0.1544
1201 1500 0.1667
1201 1501 0.3870
1201 1503 0.1602
1201 1504 0.1270
1201 1505 0.1737
1201 1506 0.3013
1201 1507 0.5349
1201 1508 0.2008
1201 1511 0.2026
1201 1512 0.1069
1201 1513 0.1703
1201 1515 0.1964
1201 1516 0.5425
1201 1517 0.0755
1201 1518 0.1058
1201 1519 0.1076
1201 1520 0.8389
1201 1522 0.3722
1201 1525 0.1545
1201 1526 0.2247
1201 1527 0.0628
1201 1528 0.3133
1201 1529 0.2390
1201 1530 0.1055
1201 1531 0.2008
1201 1532 0.3417
1201 1535 0.2401
1201 1536 0.0882
1201 1537 0.3114
1201 1538 0.1667
1201 1540 0.5244
1201 1541 0.2244
1201 1542 0.2181
1201 1544 0.5128
1201 1545 0.2008
1201 1546 0.2402
1201 1547 0.0687
1201 1548 0.1607
1201 1549 0.1408
1201 1551 0.1964
1201 1552 0.2253
1201 1554 0.2311
1201 1555 0.2008
1201 1557 0.1057
1201 1560 0.0685
1201 1562 0.2555
1201 1565 0.0952
1201 1566 0.5762
1201 1567 0.1544
1201 1568 0.6415
1201 1569 0.6156
1201 1571 0.5854
1201 1572 0.5817
1201 1573 0.6209
1201 1574 0.1558
1201 1575 0.1477
1201 1576 0.6384
1201 1577 0.2838
1201 1578 0.6776
1201 1579 0.6621
1201 1580 0.6119
1201 1581 0.6337
1201 1583 0.1741
1201 1584 0.5830
1201 1585 0.6277
1201 1586 0.6660
1201 1587 0.1930
1201 1588 0.7331
1201 1589 0.1858
1201 1590 0.6609
1201 1591 0.5466
1201 1592 0.6988
1201 1593 0.7672
1201 1594 0.1545
1201 1595 0.2496
1201 1596 0.3870
1201 1597 0.6283
1201 1598 0.5284
1201 1599 0.7171
1201 1600 0.3930
1201 1601 0.5052
1201 1603 0.4507
1201 1604 0.1909
1201 1605 0.4670
1201 1606 0.7718
1201 1607 0.4829
1201 1608 0.7577
1201 1609 0.5492
1201 1610 0.6084
1201 1611 0.3472
1201 1612 0.5623
1201 1613 0.8566
1201 1614 0.2794
1201 1615 0.5682
1201 1616 0.1289
1201 1618 0.6103
1201 1619 0.3871
1201 1620 0.6376
1201 1621 0.8657
1201 1622 0.8745
1201 1623 0.4514
1201 1624 0.7059
1201 1625 0.4664
1201 1626 0.3870
1201 1627 0.3870
1201 1628 0.4169
1201 1629 0.5018
1201 1630 0.3298
1201 1632 0.4533
1201 1633 0.1964
1201 1634 0.6764
1201 1637 0.4514
1201 1638 0.4405
1201 1640 0.6705
1201 1641 0.3883
1201 1642 0.7296
1201 1644 0.1197
1201 1645 0.1760
1201 1646 0.1272
1201 1648 0.1544
1201 1649 0.4848
1201 1650 0.1014
1201 1652 0.3870
1201 1653 0.2567
1201 1654 0.5419
1201 1655 0.3842
1201 1656 0.2008
1201 1657 0.1964
1201 1658 0.1011
1201 1659 0.2623
1201 1660 0.0781
1201 1661 0.3790
1201 1662 0.1544
1201 1663 0.1299
1201 1664 0.1179
1201 1665 0.1448
1201 1666 0.1703
1201 1667 0.1664
1201 1668 0.3208
1201 1669 0.0843
1201 1670 0.2058
1201 1671 0.0873
1201 1672 0.1963
1201 1674 0.1502
1201 1675 0.1544
1201 1676 0.0667
1201 1677 0.0710
1201 1678 0.2406
1201 1679 0.3149
1201 1681 0.1544
1201 1682 0.0718
1201 1683 0.1481
1201 1684 0.3411
1201 1685 0.1328
1201 1686 0.5555
1201 1687 0.3870
1201 1688 0.2046
1201 1689 0.7996
1201 1690 0.0986
1201 1691 0.1173
1201 1692 0.5963
1201 1694 0.2374
1201 1695 0.1338
1201 1696 0.1544
1201 1697 0.1256
1201 1698 0.1392
1201 1699 0.1440
1201 1700 0.3712
1201 1701 0.2397
1201 1702 0.2976
1201 1703 0.2327
1201 1705 0.2433
1201 1706 0.3127
1201 1707 0.4332
1201 1709 0.3870
1201 1711 0.3304
1201 1712 0.9940
1201 1713 0.1522
1201 1714 0.3956
1201 1715 0.3602
1201 1716 0.3870
1201 1717 0.9910
1201 1718 0.3514
1201 1719 0.3712
1201 1720 0.5561
1201 1721 0.3870
1201 1723 0.4359
1201 1724 0.1331
1201 1725 0.5377
1201 1726 0.4387
1201 1728 0.3425
1201 1729 0.3857
1201 1730 0.2008
1202 1203 0.2986
1202 1204 0.2707
1202 1205 0.5797
1202 1206 0.5797
1202 1208 0.2595
1202 1209 0.5325
1202 1210 0.6826
1202 1211 0.5794
1202 1212 0.4706
1202 1213 0.2986
1202 1214 0.4939
1202 1215 0.4613
1202 1216 0.2986
1202 1217 0.1621
1202 1218 0.7066
1202 1219 0.4546
1202 1221 0.1551
1202 1222 0.5234
1202 1223 0.3954
1202 1225 0.9858
1202 1226 0.8061
1202 1227 0.7407
1202 1228 0.3190
1202 1229 0.3473
1202 1230 0.3094
1202 1231 0.7397
1202 1232 0.2790
1202 1233 0.4055
1202 1234 0.2964
1202 1236 0.2784
1202 1237 0.7367
1202 1238 0.4921
1202 1240 0.2810
1202 1241 0.4850
1202 1242 0.7115
1202 1244 0.4517
1202 1245 0.4313
1202 1246 0.3444
1202 1247 0.8927
1202 1248 0.3067
1202 1249 0.0736
1202 1250 0.2865
1202 1251 0.3643
1202 1252 0.5374
1202 1253 0.3504
1202 1254 0.1322
1202 1255 0.1484
1202 1256 0.3749
1202 1257 0.1880
1202 1258 0.2659
1202 1259 0.2794
1202 1260 0.1629
1202 1262 0.3332
1202 1263 0.2124
1202 1265 0.3049
1202 1266 0.1551
1202 1267 0.2042
1202 1268 0.1680
1202 1269 0.4442
1202 1270 0.3315
1202 1271 0.3267
1202 1272 0.2021
1202 1273 0.3643
1202 1274 0.2843
1202 1275 0.2194
1202 1276 0.1826
1202 1278 0.2986
1202 1279 0.2839
1202 1280 0.2953
1202 1281 0.1198
1202 1282 0.2541
1202 1283 0.1418
1202 1284 0.4524
1202 1286 0.1276
1202 1287 0.1865
1202 1288 0.1166
1202 1289 0.0669
1202 1290 0.1925
1202 1292 0.2240
1202 1293 0.1500
1202 1296 0.1273
1202 1297 0.1166
1202 1298 0.1038
1202 1299 0.1113
1202 1300 0.2121
1202 1301 0.1444
1202 1303 0.1655
1202 1304 0.1551
1202 1305 0.1428
1202 1306 0.1639
1202 1307 0.0840
1202 1309 0.1551
1202 1310 0.0802
1202 1311 0.2986
1202 1313 0.1849
1202 1316 0.8377
1202 1318 0.1227
1202 1319 0.0961
1202 1322 0.0691
1202 1323 0.6066
1202 1324 0.3630
1202 1325 0.1322
1202 1326 0.4789
1202 1327 0.2431
1202 1330 0.3232
1202 1331 0.5062
1202 1333 0.3630
1202 1334 0.2836
1202 1335 0.3978
1202 1336 0.1286
1202 1337 0.2196
1202 1338 0.4003
1202 1340 0.7386
1202 1341 0.1452
1202 1342 0.8969
1202 1343 0.3406
1202 1344 0.4063
1202 1346 0.7397
1202 1348 0.6882
1202 1349 0.4923
1202 1350 0.2604
1202 1351 0.5797
1202 1352 0.4423
1202 1353 0.1467
1202 1354 0.2227
1202 1355 0.7386
1202 1356 0.1787
1202 1357 0.2858
1202 1360 0.7386
1202 1361 0.5418
1202 1362 0.4555
1202 1363 0.3491
1202 1364 0.5588
1202 1366 0.4548
1202 1367 0.9096
1202 1368 0.3391
1202 1369 0.6051
1202 1370 0.9716
1202 1372 0.3849
1202 1374 0.5375
1202 1375 0.5516
1202 1376 0.3410
1202 1377 0.3026
1202 1378 0.1621
1202 1379 0.1791
1202 1380 0.2679
1202 1382 0.1925
1202 1383 0.4680
1202 1384 0.3464
1202 1386 0.2108
1202 1387 0.2591
1202 1388 0.1466
1202 1389 0.1898
1202 1390 0.1166
1202 1393 0.2720
1202 1394 0.1921
1202 1395 0.3284
1202 1396 0.2546
1202 1397 0.2292
1202 1398 0.4282
1202 1399 0.0720
1202 1401 0.1820
1202 1402 0.4168
1202 1405 0.3085
1202 1406 0.2641
1202 1407 0.2375
1202 1408 0.1214
1202 1409 0.1845
1202 1411 0.1600
1202 1412 0.1466
1202 1413 0.1315
1202 1415 0.0677
1202 1416 0.1227
1202 1418 0.1332
1202 1419 0.4195
1202 1420 0.1874
1202 1421 0.3653
1202 1422 0.0851
1202 1423 0.1646
1202 1424 0.1307
1202 1425 0.0772
1202 1426 0.4730
1202 1427 0.1133
1202 1428 0.0987
1202 1431 0.1466
1202 1434 0.9073
1202 1435 0.1956
1202 1436 0.1041
1202 1437 0.4114
1202 1438 0.0851
1202 1439 0.3227
1202 1440 0.4057
1202 1441 0.0944
1202 1443 0.1166
1202 1445 0.0698
1202 1446 0.1011
1202 1448 0.2426
1202 1449 0.2182
1202 1451 0.1450
1202 1452 0.0929
1202 1454 0.2065
1202 1455 0.2986
1202 1456 0.2224
1202 1459 0.2986
1202 1460 0.1513
1202 1461 0.4130
1202 1462 0.3403
1202 1464 0.1769
1202 1465 0.1551
1202 1466 0.2372
1202 1468 0.1027
1202 1470 0.2986
1202 1472 0.1936
1202 1473 0.1464
1202 1474 0.1227
1202 1476 0.1970
1202 1477 0.1491
1202 1478 0.1485
1202 1479 0.2225
1202 1480 0.4214
1202 1481 0.3201
1202 1482 0.2225
1202 1484 0.2986
1202 1485 0.2058
1202 1486 0.1551
1202 1487 0.2583
1202 1490 0.1458
1202 1491 0.3417
1202 1492 0.1235
1202 1493 0.2249
1202 1494 0.3657
1202 1495 0.1322
1202 1496 0.1060
1202 1497 0.2745
1202 1498 0.1527
1202 1499 0.1322
1202 1500 0.2717
1202 1501 0.2986
1202 1503 0.3604
1202 1504 0.1244
1202 1505 0.1421
1202 1506 0.3721
1202 1507 0.2885
1202 1508 0.1551
1202 1511 0.3763
1202 1512 0.1878
1202 1513 0.1539
1202 1515 0.1621
1202 1516 0.3432
1202 1517 0.1248
1202 1518 0.1018
1202 1519 0.1230
1202 1520 0.8359
1202 1522 0.2164
1202 1525 0.1142
1202 1526 0.1817
1202 1527 0.1110
1202 1528 0.2667
1202 1529 0.2302
1202 1530 0.1139
1202 1531 0.1551
1202 1532 0.3280
1202 1535 0.4603
1202 1536 0.0837
1202 1537 0.2788
1202 1538 0.2236
1202 1540 0.2758
1202 1541 0.2026
1202 1542 0.2671
1202 1544 0.3090
1202 1545 0.1551
1202 1546 0.2903
1202 1547 0.0583
1202 1548 0.1101
1202 1549 0.1214
1202 1551 0.1621
1202 1552 0.2270
1202 1554 0.2256
1202 1555 0.1551
1202 1557 0.1203
1202 1560 0.0624
1202 1562 0.2047
1202 1565 0.0939
1202 1566 0.2420
1202 1567 0.1322
1202 1568 0.4930
1202 1569 0.5179
1202 1571 0.4705
1202 1572 0.3938
1202 1573 0.5314
1202 1574 0.2673
1202 1575 0.1286
1202 1576 0.4986
1202 1577 0.3486
1202 1578 0.5479
1202 1579 0.4795
1202 1580 0.4758
1202 1581 0.6229
1202 1583 0.3597
1202 1584 0.4870
1202 1585 0.4303
1202 1586 0.5974
1202 1587 0.3565
1202 1588 0.6346
1202 1589 0.2858
1202 1590 0.3478
1202 1591 0.6718
1202 1592 0.6097
1202 1593 0.7006
1202 1594 0.1142
1202 1595 0.3142
1202 1596 0.2986
1202 1597 0.3872
1202 1598 0.4069
1202 1599 0.7252
1202 1600 0.2929
1202 1601 0.5091
1202 1603 0.2923
1202 1604 0.2647
1202 1605 0.4596
1202 1606 0.7924
1202 1607 0.2453
1202 1608 0.4773
1202 1609 0.4063
1202 1610 0.3632
1202 1611 0.2720
1202 1612 0.7348
1202 1613 0.9392
1202 1614 0.4658
1202 1615 0.4557
1202 1616 0.1720
1202 1618 0.4359
1202 1619 0.2973
1202 1620 0.4654
1202 1621 0.9752
1202 1622 0.9797
1202 1623 0.3835
1202 1624 0.6963
1202 1625 0.1856
1202 1626 0.2986
1202 1627 0.2986
1202 1628 0.3838
1202 1629 0.4368
1202 1630 0.3054
1202 1632 0.3286
1202 1633 0.1621
1202 1634 0.5358
1202 1637 0.3835
1202 1638 0.3866
1202 1640 0.5608
1202 1641 0.6913
1202 1642 0.7808
1202 1644 0.1489
1202 1645 0.2829
1202 1646 0.2175
1202 1648 0.1322
1202 1649 0.3539
1202 1650 0.1307
1202 1652 0.2986
1202 1653 0.4404
1202 1654 0.2197
1202 1655 0.5461
1202 1656 0.1551
1202 1657 0.1338
1202 1658 0.1141
1202 1659 0.2358
1202 1660 0.1760
1202 1661 0.3778
1202 1662 0.1400
1202 1663 0.2892
1202 1664 0.1897
1202 1665 0.1880
1202 1666 0.3781
1202 1667 0.1440
1202 1668 0.3255
1202 1669 0.0865
1202 1670 0.2521
1202 1671 0.0814
1202 1672 0.1848
1202 1674 0.1997
1202 1675 0.1322
1202 1676 0.0734
1202 1677 0.1331
1202 1678 0.2233
1202 1679 0.3094
1202 1681 0.2049
1202 1682 0.2491
1202 1683 0.1534
1202 1684 0.2036
1202 1685 0.1320
1202 1686 0.1663
1202 1687 0.2986
1202 1688 0.2514
1202 1689 0.8677
1202 1690 0.2054
1202 1691 0.2165
1202 1692 0.4889
1202 1694 0.3043
1202 1695 0.1365
1202 1696 0.1322
1202 1697 0.1188
1202 1698 0.1476
1202 1699 0.0772
1202 1700 0.1298
1202 1701 0.1028
1202 1702 0.1211
1202 1703 0.2031
1202 1705 0.3878
1202 1706 0.1146
1202 1707 0.1940
1202 1709 0.2986
1202 1711 0.1352
1202 1712 0.9673
1202 1713 0.1202
1202 1714 0.2200
1202 1715 0.1139
1202 1716 0.2986
1202 1717 0.9011
1202 1718 0.0572
1202 1719 0.1298
1202 1720 0.1373
1202 1721 0.2986
1202 1723 0.2631
1202 1724 0.1392
1202 1725 0.2775
1202 1726 0.0851
1202 1728 0.2632
1202 1729 0.2932
1202 1730 0.1551
1203 1204 0.2410
1203 1205 0.1671
1203 1206 0.4988
1203 1208 0.2171
1203 1209 0.3237
1203 1210 0.3872
1203 1211 0.3120
1203 1212 0.2953
1203 1213 0.1461
1203 1214 0.2263
1203 1215 0.2114
1203 1216 0.1461
1203 1217 0.2150
1203 1218 0.2546
1203 1219 0.1888
1203 1221 0.3069
1203 1222 0.1716
1203 1223 0.2814
1203 1225 0.6335
1203 1226 0.4951
1203 1227 0.3063
1203 1228 0.2552
1203 1229 0.2836
1203 1230 0.2798
1203 1231 0.2518
1203 1232 0.1646
1203 1233 0.1745
1203 1234 0.1924
1203 1236 0.2150
1203 1237 0.3039
1203 1238 0.3386
1203 1240 0.2963
1203 1241 0.1741
1203 1242 0.4687
1203 1244 0.1988
1203 1245 0.2166
1203 1246 0.1924
1203 1247 0.3197
1203 1248 0.2834
1203 1249 0.1740
1203 1250 0.3598
1203 1251 0.2159
1203 1252 0.2926
1203 1253 0.2471
1203 1254 0.2171
1203 1255 0.2171
1203 1256 0.4033
1203 1257 0.2146
1203 1258 0.4231
1203 1259 0.5958
1203 1260 0.3349
1203 1262 0.1651
1203 1263 0.3385
1203 1265 0.3529
1203 1266 0.3069
1203 1267 0.3083
1203 1268 0.4420
1203 1269 0.4930
1203 1270 0.3271
1203 1271 0.4424
1203 1272 0.2868
1203 1273 0.2159
1203 1274 0.2843
1203 1275 0.4596
1203 1276 0.2444
1203 1278 0.1461
1203 1279 0.3019
1203 1280 0.3674
1203 1281 0.2730
1203 1282 0.1988
1203 1283 0.2399
1203 1284 0.3427
1203 1286 0.2341
1203 1287 0.3329
1203 1288 0.1865
1203 1289 0.1955
1203 1290 0.1915
1203 1292 0.6286
1203 1293 0.3112
1203 1296 0.3395
1203 1297 0.1865
1203 1298 0.2723
1203 1299 0.1774
1203 1300 0.1924
1203 1301 0.1608
1203 1303 0.3366
1203 1304 0.3069
1203 1305 0.3939
1203 1306 0.1922
1203 1307 0.2254
1203 1309 0.3069
1203 1310 0.2414
1203 1311 0.1461
1203 1313 0.1812
1203 1316 0.9061
1203 1318 0.1924
1203 1319 0.1660
1203 1322 0.2125
1203 1323 0.3131
1203 1324 0.1759
1203 1325 0.2171
1203 1326 0.2833
1203 1327 0.2171
1203 1330 0.2564
1203 1331 0.2607
1203 1333 0.1759
1203 1334 0.2810
1203 1335 0.3629
1203 1336 0.1759
1203 1337 0.1988
1203 1338 0.1732
1203 1340 0.2141
1203 1341 0.1924
1203 1342 0.3888
1203 1343 0.2460
1203 1344 0.2669
1203 1346 0.2518
1203 1348 0.2537
1203 1349 0.2951
1203 1350 0.2171
1203 1351 0.1671
1203 1352 0.2400
1203 1353 0.1745
1203 1354 0.1924
1203 1355 0.2141
1203 1356 0.2150
1203 1357 0.1693
1203 1360 0.2141
1203 1361 0.2342
1203 1362 0.3572
1203 1363 0.2995
1203 1364 0.3057
1203 1366 0.1924
1203 1367 0.4684
1203 1368 0.3070
1203 1369 0.5562
1203 1370 0.5940
1203 1372 0.2443
1203 1374 0.4204
1203 1375 0.2206
1203 1376 0.2707
1203 1377 0.2674
1203 1378 0.2150
1203 1379 0.1714
1203 1380 0.2761
1203 1382 0.1915
1203 1383 0.4019
1203 1384 0.2403
1203 1386 0.1988
1203 1387 0.3995
1203 1388 0.2041
1203 1389 0.2072
1203 1390 0.1865
1203 1393 0.2171
1203 1394 0.3987
1203 1395 0.2906
1203 1396 0.2812
1203 1397 0.2982
1203 1398 0.5135
1203 1399 0.1863
1203 1401 0.2384
1203 1402 0.2973
1203 1405 0.5205
1203 1406 0.1924
1203 1407 0.2171
1203 1408 0.2557
1203 1409 0.1781
1203 1411 0.2150
1203 1412 0.2041
1203 1413 0.1635
1203 1415 0.2381
1203 1416 0.1924
1203 1418 0.2691
1203 1419 0.3906
1203 1420 0.2171
1203 1421 0.3172
1203 1422 0.1951
1203 1423 0.2120
1203 1424 0.2384
1203 1425 0.2818
1203 1426 0.7067
1203 1427 0.2305
1203 1428 0.2634
1203 1431 0.2486
1203 1434 0.7925
1203 1435 0.4856
1203 1436 0.1915
1203 1437 0.3824
1203 1438 0.1550
1203 1439 0.5303
1203 1440 0.5716
1203 1441 0.2582
1203 1443 0.1865
1203 1445 0.1514
1203 1446 0.2308
1203 1448 0.4062
1203 1449 0.2626
1203 1451 0.3109
1203 1452 0.2891
1203 1454 0.2150
1203 1455 0.1461
1203 1456 0.2872
1203 1459 0.1461
1203 1460 0.2452
1203 1461 0.1988
1203 1462 0.3082
1203 1464 0.2790
1203 1465 0.3069
1203 1466 0.2598
1203 1468 0.1769
1203 1470 0.1461
1203 1472 0.2907
1203 1473 0.2349
1203 1474 0.1924
1203 1476 0.2849
1203 1477 0.2569
1203 1478 0.2083
1203 1479 0.3131
1203 1480 0.3479
1203 1481 0.1924
1203 1482 0.3426
1203 1484 0.1461
1203 1485 0.4281
1203 1486 0.3069
1203 1487 0.2613
1203 1490 0.1724
1203 1491 0.2549
1203 1492 0.1975
1203 1493 0.2550
1203 1494 0.1915
1203 1495 0.2171
1203 1496 0.2112
1203 1497 0.4049
1203 1498 0.1792
1203 1499 0.2171
1203 1500 0.2040
1203 1501 0.1461
1203 1503 0.3527
1203 1504 0.1635
1203 1505 0.1922
1203 1506 0.2705
1203 1507 0.2823
1203 1508 0.3069
1203 1511 0.2150
1203 1512 0.2955
1203 1513 0.1638
1203 1515 0.2150
1203 1516 0.3764
1203 1517 0.2755
1203 1518 0.2196
1203 1519 0.4006
1203 1520 0.8092
1203 1522 0.3164
1203 1525 0.1707
1203 1526 0.3372
1203 1527 0.2243
1203 1528 0.3426
1203 1529 0.2280
1203 1530 0.2419
1203 1531 0.3069
1203 1532 0.1689
1203 1535 0.4139
1203 1536 0.2368
1203 1537 0.1988
1203 1538 0.2621
1203 1540 0.2895
1203 1541 0.2669
1203 1542 0.3115
1203 1544 0.1800
1203 1545 0.3069
1203 1546 0.3433
1203 1547 0.2770
1203 1548 0.3509
1203 1549 0.1967
1203 1551 0.2150
1203 1552 0.1924
1203 1554 0.3677
1203 1555 0.3069
1203 1557 0.1629
1203 1560 0.1696
1203 1562 0.2171
1203 1565 0.2833
1203 1566 0.1581
1203 1567 0.2171
1203 1568 0.1922
1203 1569 0.2925
1203 1571 0.2674
1203 1572 0.3566
1203 1573 0.2812
1203 1574 0.2761
1203 1575 0.1759
1203 1576 0.1922
1203 1577 0.2858
1203 1578 0.3085
1203 1579 0.2778
1203 1580 0.2783
1203 1581 0.3467
1203 1583 0.1732
1203 1584 0.1836
1203 1585 0.3057
1203 1586 0.1861
1203 1587 0.2810
1203 1588 0.4981
1203 1589 0.1693
1203 1590 0.2612
1203 1591 0.3336
1203 1592 0.3548
1203 1593 0.1808
1203 1594 0.1707
1203 1595 0.1816
1203 1596 0.1461
1203 1597 0.1629
1203 1598 0.2171
1203 1599 0.1975
1203 1600 0.2171
1203 1601 0.2573
1203 1603 0.2868
1203 1604 0.2171
1203 1605 0.4242
1203 1606 0.3220
1203 1607 0.2633
1203 1608 0.4610
1203 1609 0.1974
1203 1610 0.2885
1203 1611 0.2171
1203 1612 0.4199
1203 1613 0.5593
1203 1614 0.1967
1203 1615 0.1732
1203 1616 0.1906
1203 1618 0.6379
1203 1619 0.1967
1203 1620 0.1924
1203 1621 0.5738
1203 1622 0.5796
1203 1623 0.1924
1203 1624 0.4830
1203 1625 0.1851
1203 1626 0.1461
1203 1627 0.1461
1203 1628 0.2171
1203 1629 0.2171
1203 1630 0.2688
1203 1632 0.2707
1203 1633 0.2150
1203 1634 0.1553
1203 1637 0.1924
1203 1638 0.3260
1203 1640 0.2566
1203 1641 0.3077
1203 1642 0.2915
1203 1644 0.1851
1203 1645 0.2945
1203 1646 0.2603
1203 1648 0.2171
1203 1649 0.2995
1203 1650 0.2477
1203 1652 0.1461
1203 1653 0.4537
1203 1654 0.2747
1203 1655 0.4402
1203 1656 0.3069
1203 1657 0.2150
1203 1658 0.1694
1203 1659 0.2531
1203 1660 0.3354
1203 1661 0.2177
1203 1662 0.2171
1203 1663 0.1924
1203 1664 0.1988
1203 1665 0.2146
1203 1666 0.1906
1203 1667 0.3614
1203 1668 0.3311
1203 1669 0.2119
1203 1670 0.2884
1203 1671 0.2491
1203 1672 0.2104
1203 1674 0.2953
1203 1675 0.2171
1203 1676 0.2575
1203 1677 0.1694
1203 1678 0.3517
1203 1679 0.2538
1203 1681 0.2171
1203 1682 0.1650
1203 1683 0.2908
1203 1684 0.2150
1203 1685 0.3059
1203 1686 0.1922
1203 1687 0.1461
1203 1688 0.1790
1203 1689 0.8494
1203 1690 0.2347
1203 1691 0.3764
1203 1692 0.3649
1203 1694 0.3027
1203 1695 0.1922
1203 1696 0.2171
1203 1697 0.1819
1203 1698 0.1742
1203 1699 0.1709
1203 1700 0.2112
1203 1701 0.2308
1203 1702 0.2204
1203 1703 0.1988
1203 1705 0.1794
1203 1706 0.2338
1203 1707 0.3739
1203 1709 0.1461
1203 1711 0.2963
1203 1712 0.8507
1203 1713 0.2379
1203 1714 0.3019
1203 1715 0.2153
1203 1716 0.1461
1203 1717 0.8419
1203 1718 0.1704
1203 1719 0.2112
1203 1720 0.2348
1203 1721 0.1461
1203 1723 0.2757
1203 1724 0.1988
1203 1725 0.3491
1203 1726 0.1550
1203 1728 0.1906
1203 1729 0.2604
1203 1730 0.3069
1204 1205 0.1484
1204 1206 0.1550
1204 1208 0.1418
1204 1209 0.2827
1204 1210 0.1932
1204 1211 0.2524
1204 1212 0.2111
1204 1213 0.2410
1204 1214 0.1896
1204 1215 0.2002
1204 1216 0.2410
1204 1217 0.1463
1204 1218 0.1137
1204 1219 0.1371
1204 1221 0.1649
1204 1222 0.2195
1204 1223 0.2261
1204 1225 0.5533
1204 1226 0.5001
1204 1227 0.3352
1204 1228 0.1350
1204 1229 0.1002
1204 1230 0.2243
1204 1231 0.2504
1204 1232 0.2576
1204 1233 0.1643
1204 1234 0.1832
1204 1236 0.1463
1204 1237 0.2057
1204 1238 0.1663
1204 1240 0.1444
1204 1241 0.1483
1204 1242 0.3597
1204 1244 0.2311
1204 1245 0.1689
1204 1246 0.1102
1204 1247 0.2328
1204 1248 0.2315
1204 1249 0.1079
1204 1250 0.2229
1204 1251 0.1523
1204 1252 0.1872
1204 1253 0.1561
1204 1254 0.1418
1204 1255 0.2447
1204 1256 0.1635
1204 1257 0.1522
1204 1258 0.3616
1204 1259 0.4108
1204 1260 0.0788
1204 1262 0.2485
1204 1263 0.2915
1204 1265 0.1728
1204 1266 0.1649
1204 1267 0.1715
1204 1268 0.1502
1204 1269 0.4176
1204 1270 0.2372
1204 1271 0.4966
1204 1272 0.1589
1204 1273 0.1523
1204 1274 0.1785
1204 1275 0.4467
1204 1276 0.1708
1204 1278 0.2410
1204 1279 0.2668
1204 1280 0.2116
1204 1281 0.0957
1204 1282 0.1912
1204 1283 0.0797
1204 1284 0.2555
1204 1286 0.0940
1204 1287 0.0921
1204 1288 0.1703
1204 1289 0.0783
1204 1290 0.1702
1204 1292 0.3561
1204 1293 0.0795
1204 1296 0.0982
1204 1297 0.1703
1204 1298 0.1114
1204 1299 0.1148
1204 1300 0.1102
1204 1301 0.1017
1204 1303 0.0760
1204 1304 0.1649
1204 1305 0.1319
1204 1306 0.1091
1204 1307 0.0877
1204 1309 0.1649
1204 1310 0.0852
1204 1311 0.2410
1204 1313 0.1052
1204 1316 0.6405
1204 1318 0.1102
1204 1319 0.1103
1204 1322 0.1089
1204 1323 0.2780
1204 1324 0.2732
1204 1325 0.1418
1204 1326 0.2317
1204 1327 0.1418
1204 1330 0.5227
1204 1331 0.1096
1204 1333 0.2732
1204 1334 0.1576
1204 1335 0.2115
1204 1336 0.1114
1204 1337 0.1154
1204 1338 0.1658
1204 1340 0.4859
1204 1341 0.1102
1204 1342 0.3203
1204 1343 0.1678
1204 1344 0.3687
1204 1346 0.2504
1204 1348 0.1462
1204 1349 0.2004
1204 1350 0.1418
1204 1351 0.1484
1204 1352 0.1867
1204 1353 0.1646
1204 1354 0.1102
1204 1355 0.4859
1204 1356 0.1463
1204 1357 0.1370
1204 1360 0.4859
1204 1361 0.1903
1204 1362 0.4394
1204 1363 0.2904
1204 1364 0.1508
1204 1366 0.1611
1204 1367 0.4594
1204 1368 0.2306
1204 1369 0.6607
1204 1370 0.3600
1204 1372 0.2151
1204 1374 0.4219
1204 1375 0.2582
1204 1376 0.1729
1204 1377 0.1966
1204 1378 0.1463
1204 1379 0.1108
1204 1380 0.2318
1204 1382 0.1702
1204 1383 0.2829
1204 1384 0.2198
1204 1386 0.1154
1204 1387 0.2455
1204 1388 0.2103
1204 1389 0.1719
1204 1390 0.1703
1204 1393 0.1418
1204 1394 0.1530
1204 1395 0.1212
1204 1396 0.2263
1204 1397 0.5259
1204 1398 0.3417
1204 1399 0.0932
1204 1401 0.1297
1204 1402 0.0979
1204 1405 0.3448
1204 1406 0.1102
1204 1407 0.3108
1204 1408 0.1506
1204 1409 0.0922
1204 1411 0.1463
1204 1412 0.2103
1204 1413 0.1026
1204 1415 0.1508
1204 1416 0.1102
1204 1418 0.2178
1204 1419 0.5086
1204 1420 0.1418
1204 1421 0.2769
1204 1422 0.0780
1204 1423 0.1104
1204 1424 0.1297
1204 1425 0.1250
1204 1426 0.6479
1204 1427 0.1882
1204 1428 0.1377
1204 1431 0.1493
1204 1434 0.7238
1204 1435 0.2570
1204 1436 0.1179
1204 1437 0.2815
1204 1438 0.0955
1204 1439 0.5335
1204 1440 0.4093
1204 1441 0.2610
1204 1443 0.1703
1204 1445 0.0986
1204 1446 0.2565
1204 1448 0.0982
1204 1449 0.2129
1204 1451 0.4260
1204 1452 0.1502
1204 1454 0.1463
1204 1455 0.2410
1204 1456 0.3069
1204 1459 0.2410
1204 1460 0.1303
1204 1461 0.1154
1204 1462 0.2363
1204 1464 0.2862
1204 1465 0.1649
1204 1466 0.3118
1204 1468 0.0974
1204 1470 0.2410
1204 1472 0.3046
1204 1473 0.2302
1204 1474 0.1832
1204 1476 0.3054
1204 1477 0.0973
1204 1478 0.2568
1204 1479 0.2974
1204 1480 0.3114
1204 1481 0.1102
1204 1482 0.1999
1204 1484 0.2410
1204 1485 0.3996
1204 1486 0.1649
1204 1487 0.1348
1204 1490 0.2605
1204 1491 0.1763
1204 1492 0.1400
1204 1493 0.1107
1204 1494 0.1179
1204 1495 0.1418
1204 1496 0.1845
1204 1497 0.2456
1204 1498 0.1485
1204 1499 0.2640
1204 1500 0.3029
1204 1501 0.2410
1204 1503 0.5566
1204 1504 0.2648
1204 1505 0.1964
1204 1506 0.1452
1204 1507 0.2777
1204 1508 0.1649
1204 1511 0.2193
1204 1512 0.1239
1204 1513 0.1015
1204 1515 0.1463
1204 1516 0.1395
1204 1517 0.2357
1204 1518 0.2116
1204 1519 0.1613
1204 1520 0.6435
1204 1522 0.1139
1204 1525 0.1480
1204 1526 0.1923
1204 1527 0.1139
1204 1528 0.2723
1204 1529 0.2837
1204 1530 0.0778
1204 1531 0.1649
1204 1532 0.1114
1204 1535 0.2311
1204 1536 0.0802
1204 1537 0.2031
1204 1538 0.1959
1204 1540 0.2655
1204 1541 0.1761
1204 1542 0.2002
1204 1544 0.2157
1204 1545 0.1649
1204 1546 0.2349
1204 1547 0.0901
1204 1548 0.1048
1204 1549 0.1305
1204 1551 0.1463
1204 1552 0.1102
1204 1554 0.1721
1204 1555 0.1649
1204 1557 0.1012
1204 1560 0.0946
1204 1562 0.1418
1204 1565 0.0623
1204 1566 0.1343
1204 1567 0.1418
1204 1568 0.1457
1204 1569 0.2865
1204 1571 0.3202
1204 1572 0.1325
1204 1573 0.1685
1204 1574 0.1814
1204 1575 0.1114
1204 1576 0.1683
1204 1577 0.4565
1204 1578 0.1970
1204 1579 0.3047
1204 1580 0.2225
1204 1581 0.3883
1204 1583 0.1580
1204 1584 0.2986
1204 1585 0.1481
1204 1586 0.1175
1204 1587 0.1319
1204 1588 0.3046
1204 1589 0.1370
1204 1590 0.1183
1204 1591 0.3036
1204 1592 0.1883
1204 1593 0.2112
1204 1594 0.1480
1204 1595 0.3086
1204 1596 0.2410
1204 1597 0.1683
1204 1598 0.2640
1204 1599 0.1778
1204 1600 0.1418
1204 1601 0.2523
1204 1603 0.1811
1204 1604 0.1418
1204 1605 0.3850
1204 1606 0.2807
1204 1607 0.1265
1204 1608 0.4411
1204 1609 0.1735
1204 1610 0.1390
1204 1611 0.2640
1204 1612 0.1710
1204 1613 0.5753
1204 1614 0.1216
1204 1615 0.1660
1204 1616 0.1099
1204 1618 0.4412
1204 1619 0.1305
1204 1620 0.1832
1204 1621 0.4244
1204 1622 0.2758
1204 1623 0.2852
1204 1624 0.2173
1204 1625 0.1100
1204 1626 0.2410
1204 1627 0.2410
1204 1628 0.2640
1204 1629 0.2640
1204 1630 0.2186
1204 1632 0.2001
1204 1633 0.1463
1204 1634 0.1317
1204 1637 0.2852
1204 1638 0.2093
1204 1640 0.2986
1204 1641 0.1860
1204 1642 0.2558
1204 1644 0.1100
1204 1645 0.2110
1204 1646 0.1787
1204 1648 0.1418
1204 1649 0.1258
1204 1650 0.1679
1204 1652 0.2410
1204 1653 0.4612
1204 1654 0.0958
1204 1655 0.3611
1204 1656 0.1649
1204 1657 0.1463
1204 1658 0.1555
1204 1659 0.1104
1204 1660 0.1977
1204 1661 0.1466
1204 1662 0.1418
1204 1663 0.1832
1204 1664 0.1154
1204 1665 0.1522
1204 1666 0.2045
1204 1667 0.2012
1204 1668 0.2185
1204 1669 0.1522
1204 1670 0.1447
1204 1671 0.1863
1204 1672 0.2042
1204 1674 0.1647
1204 1675 0.1418
1204 1676 0.1255
1204 1677 0.1344
1204 1678 0.3112
1204 1679 0.1220
1204 1681 0.1418
1204 1682 0.1632
1204 1683 0.1275
1204 1684 0.2193
1204 1685 0.1742
1204 1686 0.1683
1204 1687 0.2410
1204 1688 0.1435
1204 1689 0.6610
1204 1690 0.0862
1204 1691 0.3869
1204 1692 0.3891
1204 1694 0.2873
1204 1695 0.1091
1204 1696 0.1418
1204 1697 0.1083
1204 1698 0.1419
1204 1699 0.1387
1204 1700 0.1306
1204 1701 0.2530
1204 1702 0.1019
1204 1703 0.1154
1204 1705 0.1683
1204 1706 0.3825
1204 1707 0.2579
1204 1709 0.2410
1204 1711 0.1509
1204 1712 0.7382
1204 1713 0.1632
1204 1714 0.1975
1204 1715 0.1134
1204 1716 0.2410
1204 1717 0.7202
1204 1718 0.1151
1204 1719 0.1306
1204 1720 0.1899
1204 1721 0.2410
1204 1723 0.1027
1204 1724 0.1154
1204 1725 0.1758
1204 1726 0.0955
1204 1728 0.1574
1204 1729 0.1161
1204 1730 0.1649
1205 1206 0.7279
1205 1208 0.1075
1205 1209 0.6037
1205 1210 0.6642
1205 1211 0.3537
1205 1212 0.4093
1205 1213 0.1671
1205 1214 0.4198
1205 1215 0.2122
1205 1216 0.1671
1205 1217 0.1285
1205 1218 0.5681
1205 1219 0.3120
1205 1221 0.1500
1205 1222 0.3827
1205 1223 0.3047
1205 1225 0.8889
1205 1226 0.7774
1205 1227 0.6014
1205 1228 0.1861
1205 1229 0.0965
1205 1230 0.2686
1205 1231 0.6153
1205 1232 0.2541
1205 1233 0.2400
1205 1234 0.1915
1205 1236 0.1842
1205 1237 0.4012
1205 1238 0.6163
1205 1240 0.2300
1205 1241 0.3804
1205 1242 0.7150
1205 1244 0.2556
1205 1245 0.3866
1205 1246 0.2224
1205 1247 0.6009
1205 1248 0.1363
1205 1249 0.0754
1205 1250 0.3199
1205 1251 0.2591
1205 1252 0.4028
1205 1253 0.0837
1205 1254 0.1075
1205 1255 0.1075
1205 1256 0.1684
1205 1257 0.0589
1205 1258 0.3770
1205 1259 0.3852
1205 1260 0.1738
1205 1262 0.2678
1205 1263 0.1947
1205 1265 0.1419
1205 1266 0.1500
1205 1267 0.1703
1205 1268 0.1487
1205 1269 0.1896
1205 1270 0.2473
1205 1271 0.2205
1205 1272 0.1050
1205 1273 0.2591
1205 1274 0.0855
1205 1275 0.1911
1205 1276 0.0921
1205 1278 0.1671
1205 1279 0.2871
1205 1280 0.1992
1205 1281 0.0345
1205 1282 0.1121
1205 1283 0.0703
1205 1284 0.1273
1205 1286 0.1610
1205 1287 0.0909
1205 1288 0.0803
1205 1289 0.0772
1205 1290 0.1540
1205 1292 0.3951
1205 1293 0.0822
1205 1296 0.0823
1205 1297 0.0803
1205 1298 0.1919
1205 1299 0.0798
1205 1300 0.0962
1205 1301 0.0729
1205 1303 0.1323
1205 1304 0.1500
1205 1305 0.0867
1205 1306 0.0951
1205 1307 0.0913
1205 1309 0.1500
1205 1310 0.0856
1205 1311 0.1671
1205 1313 0.0767
1205 1316 0.7619
1205 1318 0.0962
1205 1319 0.0746
1205 1322 0.0603
1205 1323 0.5631
1205 1324 0.2295
1205 1325 0.1075
1205 1326 0.3227
1205 1327 0.1075
1205 1330 0.3227
1205 1331 0.4012
1205 1333 0.2295
1205 1334 0.3618
1205 1335 0.4111
1205 1336 0.1391
1205 1337 0.1662
1205 1338 0.1810
1205 1340 0.5182
1205 1341 0.0962
1205 1342 0.6897
1205 1343 0.2568
1205 1344 0.2805
1205 1346 0.6153
1205 1348 0.5235
1205 1349 0.4168
1205 1350 0.2109
1205 1351 0.2113
1205 1352 0.1793
1205 1353 0.0739
1205 1354 0.0962
1205 1355 0.5182
1205 1356 0.1737
1205 1357 0.1127
1205 1360 0.5182
1205 1361 0.2567
1205 1362 0.6115
1205 1363 0.1729
1205 1364 0.2940
1205 1366 0.1369
1205 1367 0.7599
1205 1368 0.4161
1205 1369 0.5740
1205 1370 0.7598
1205 1372 0.2600
1205 1374 0.5999
1205 1375 0.5698
1205 1376 0.2442
1205 1377 0.1750
1205 1378 0.1285
1205 1379 0.0748
1205 1380 0.2554
1205 1382 0.1540
1205 1383 0.6045
1205 1384 0.3041
1205 1386 0.1121
1205 1387 0.2306
1205 1388 0.1191
1205 1389 0.1237
1205 1390 0.0803
1205 1393 0.1891
1205 1394 0.1685
1205 1395 0.3910
1205 1396 0.1152
1205 1397 0.1507
1205 1398 0.2340
1205 1399 0.0674
1205 1401 0.1356
1205 1402 0.1444
1205 1405 0.2326
1205 1406 0.0962
1205 1407 0.1075
1205 1408 0.0625
1205 1409 0.1374
1205 1411 0.1285
1205 1412 0.1191
1205 1413 0.0722
1205 1415 0.1017
1205 1416 0.0962
1205 1418 0.0968
1205 1419 0.2341
1205 1420 0.1075
1205 1421 0.1281
1205 1422 0.0771
1205 1423 0.1385
1205 1424 0.1356
1205 1425 0.0792
1205 1426 0.5225
1205 1427 0.0815
1205 1428 0.0831
1205 1431 0.1845
1205 1434 0.5356
1205 1435 0.1395
1205 1436 0.0817
1205 1437 0.3158
1205 1438 0.0706
1205 1439 0.2361
1205 1440 0.2798
1205 1441 0.0890
1205 1443 0.0803
1205 1445 0.0666
1205 1446 0.0915
1205 1448 0.1559
1205 1449 0.2076
1205 1451 0.1047
1205 1452 0.1286
1205 1454 0.1737
1205 1455 0.1671
1205 1456 0.1174
1205 1459 0.1671
1205 1460 0.0876
1205 1461 0.1362
1205 1462 0.2263
1205 1464 0.0791
1205 1465 0.1500
1205 1466 0.1903
1205 1468 0.1278
1205 1470 0.1671
1205 1472 0.1178
1205 1473 0.0869
1205 1474 0.0962
1205 1476 0.2545
1205 1477 0.1101
1205 1478 0.1155
1205 1479 0.1651
1205 1480 0.3061
1205 1481 0.2251
1205 1482 0.1430
1205 1484 0.1671
1205 1485 0.1730
1205 1486 0.1500
1205 1487 0.0928
1205 1490 0.1409
1205 1491 0.1523
1205 1492 0.0535
1205 1493 0.1453
1205 1494 0.1873
1205 1495 0.1075
1205 1496 0.1197
1205 1497 0.1590
1205 1498 0.0753
1205 1499 0.1075
1205 1500 0.0697
1205 1501 0.1671
1205 1503 0.2247
1205 1504 0.0722
1205 1505 0.0951
1205 1506 0.1422
1205 1507 0.2049
1205 1508 0.1500
1205 1511 0.1285
1205 1512 0.1003
1205 1513 0.0669
1205 1515 0.1285
1205 1516 0.1887
1205 1517 0.0720
1205 1518 0.0993
1205 1519 0.1501
1205 1520 0.7632
1205 1522 0.1349
1205 1525 0.0731
1205 1526 0.1592
1205 1527 0.1184
1205 1528 0.0955
1205 1529 0.1614
1205 1530 0.2469
1205 1531 0.1500
1205 1532 0.1401
1205 1535 0.1197
1205 1536 0.0862
1205 1537 0.1662
1205 1538 0.1133
1205 1540 0.0972
1205 1541 0.1549
1205 1542 0.2690
1205 1544 0.1764
1205 1545 0.1500
1205 1546 0.1953
1205 1547 0.1011
1205 1548 0.1329
1205 1549 0.0987
1205 1551 0.1285
1205 1552 0.0962
1205 1554 0.0871
1205 1555 0.1500
1205 1557 0.0722
1205 1560 0.0711
1205 1562 0.2196
1205 1565 0.0630
1205 1566 0.1995
1205 1567 0.1075
1205 1568 0.4427
1205 1569 0.4158
1205 1571 0.4179
1205 1572 0.3905
1205 1573 0.2629
1205 1574 0.1648
1205 1575 0.1391
1205 1576 0.3540
1205 1577 0.3715
1205 1578 0.5092
1205 1579 0.5370
1205 1580 0.3213
1205 1581 0.5015
1205 1583 0.0771
1205 1584 0.2536
1205 1585 0.4659
1205 1586 0.3960
1205 1587 0.3386
1205 1588 0.6027
1205 1589 0.1127
1205 1590 0.3654
1205 1591 0.4396
1205 1592 0.5040
1205 1593 0.6337
1205 1594 0.0731
1205 1595 0.1547
1205 1596 0.1671
1205 1597 0.3648
1205 1598 0.3098
1205 1599 0.5452
1205 1600 0.2165
1205 1601 0.6207
1205 1603 0.2590
1205 1604 0.1075
1205 1605 0.6065
1205 1606 0.7650
1205 1607 0.2713
1205 1608 0.5404
1205 1609 0.2524
1205 1610 0.4461
1205 1611 0.1891
1205 1612 0.6023
1205 1613 0.9002
1205 1614 0.1592
1205 1615 0.1996
1205 1616 0.1193
1205 1618 0.5500
1205 1619 0.2157
1205 1620 0.3728
1205 1621 0.6211
1205 1622 0.7646
1205 1623 0.2339
1205 1624 0.6992
1205 1625 0.0818
1205 1626 0.1671
1205 1627 0.1671
1205 1628 0.2135
1205 1629 0.2514
1205 1630 0.2972
1205 1632 0.3733
1205 1633 0.1285
1205 1634 0.3097
1205 1637 0.2339
1205 1638 0.2541
1205 1640 0.4138
1205 1641 0.6418
1205 1642 0.5791
1205 1644 0.0818
1205 1645 0.4350
1205 1646 0.1239
1205 1648 0.1075
1205 1649 0.1021
1205 1650 0.1164
1205 1652 0.1671
1205 1653 0.3147
1205 1654 0.1214
1205 1655 0.3879
1205 1656 0.1500
1205 1657 0.1285
1205 1658 0.0752
1205 1659 0.1307
1205 1660 0.0988
1205 1661 0.1746
1205 1662 0.2196
1205 1663 0.1854
1205 1664 0.1121
1205 1665 0.0589
1205 1666 0.1193
1205 1667 0.1185
1205 1668 0.1950
1205 1669 0.1183
1205 1670 0.0979
1205 1671 0.1328
1205 1672 0.0547
1205 1674 0.2150
1205 1675 0.1075
1205 1676 0.1265
1205 1677 0.1222
1205 1678 0.2257
1205 1679 0.1462
1205 1681 0.2196
1205 1682 0.1090
1205 1683 0.1296
1205 1684 0.1285
1205 1685 0.1577
1205 1686 0.0951
1205 1687 0.1671
1205 1688 0.1368
1205 1689 0.6317
1205 1690 0.1636
1205 1691 0.1454
1205 1692 0.1703
1205 1694 0.1029
1205 1695 0.0951
1205 1696 0.1075
1205 1697 0.1146
1205 1698 0.0718
1205 1699 0.0670
1205 1700 0.0689
1205 1701 0.0872
1205 1702 0.0780
1205 1703 0.1121
1205 1705 0.1914
1205 1706 0.1084
1205 1707 0.1778
1205 1709 0.1671
1205 1711 0.0961
1205 1712 0.4742
1205 1713 0.0700
1205 1714 0.1551
1205 1715 0.0819
1205 1716 0.1671
1205 1717 0.6409
1205 1718 0.0728
1205 1719 0.0689
1205 1720 0.0825
1205 1721 0.1671
1205 1723 0.1389
1205 1724 0.1662
1205 1725 0.1830
1205 1726 0.0706
1205 1728 0.1782
1205 1729 0.1069
1205 1730 0.1500
1206 1208 0.1698
1206 1209 0.5486
1206 1210 0.6822
1206 1211 0.6565
1206 1212 0.4884
1206 1213 0.4988
1206 1214 0.6288
1206 1215 0.6075
1206 1216 0.4988
1206 1217 0.2239
1206 1218 0.6816
1206 1219 0.4144
1206 1221 0.2624
1206 1222 0.6898
1206 1223 0.5044
1206 1225 0.9518
1206 1226 0.8278
1206 1227 0.7298
1206 1228 0.4761
1206 1229 0.5534
1206 1230 0.4609
1206 1231 0.4994
1206 1232 0.6417
1206 1233 0.2925
1206 1234 0.3335
1206 1236 0.3364
1206 1237 0.7349
1206 1238 0.5911
1206 1240 0.3339
1206 1241 0.4891
1206 1242 0.4365
1206 1244 0.5438
1206 1245 0.5721
1206 1246 0.3556
1206 1247 0.7003
1206 1248 0.3005
1206 1249 0.1620
1206 1250 0.5827
1206 1251 0.3866
1206 1252 0.7613
1206 1253 0.0724
1206 1254 0.1698
1206 1255 0.6215
1206 1256 0.3380
1206 1257 0.1850
1206 1258 0.3654
1206 1259 0.6666
1206 1260 0.3016
1206 1262 0.3364
1206 1263 0.6773
1206 1265 0.3275
1206 1266 0.2624
1206 1267 0.2235
1206 1268 0.1693
1206 1269 0.4919
1206 1270 0.2985
1206 1271 0.2399
1206 1272 0.6394
1206 1273 0.3866
1206 1274 0.1720
1206 1275 0.2910
1206 1276 0.4480
1206 1278 0.4988
1206 1279 0.6483
1206 1280 0.2565
1206 1281 0.1013
1206 1282 0.6008
1206 1283 0.1224
1206 1284 0.2454
1206 1286 0.1704
1206 1287 0.1241
1206 1288 0.0912
1206 1289 0.0858
1206 1290 0.2908
1206 1292 0.1740
1206 1293 0.1232
1206 1296 0.1720
1206 1297 0.0912
1206 1298 0.3889
1206 1299 0.1285
1206 1300 0.2571
1206 1301 0.1281
1206 1303 0.1695
1206 1304 0.2624
1206 1305 0.1566
1206 1306 0.1586
1206 1307 0.1410
1206 1309 0.2624
1206 1310 0.1190
1206 1311 0.4988
1206 1313 0.2141
1206 1316 0.6919
1206 1318 0.2213
1206 1319 0.1422
1206 1322 0.0729
1206 1323 0.8160
1206 1324 0.2171
1206 1325 0.1698
1206 1326 0.5047
1206 1327 0.3643
1206 1330 0.3405
1206 1331 0.6466
1206 1333 0.2171
1206 1334 0.3704
1206 1335 0.5265
1206 1336 0.5778
1206 1337 0.1765
1206 1338 0.1534
1206 1340 0.8327
1206 1341 0.2213
1206 1342 0.7867
1206 1343 0.5898
1206 1344 0.7939
1206 1346 0.4994
1206 1348 0.7074
1206 1349 0.7630
1206 1350 0.2355
1206 1351 0.7279
1206 1352 0.5683
1206 1353 0.3521
1206 1354 0.1565
1206 1355 0.8327
1206 1356 0.3160
1206 1357 0.2510
1206 1360 0.8327
1206 1361 0.6500
1206 1362 0.7175
1206 1363 0.4631
1206 1364 0.4524
1206 1366 0.2461
1206 1367 0.8983
1206 1368 0.6698
1206 1369 0.7907
1206 1370 0.8757
1206 1372 0.5255
1206 1374 0.5910
1206 1375 0.6406
1206 1376 0.3098
1206 1377 0.3257
1206 1378 0.2239
1206 1379 0.2922
1206 1380 0.7381
1206 1382 0.2908
1206 1383 0.6133
1206 1384 0.4251
1206 1386 0.1630
1206 1387 0.6139
1206 1388 0.3242
1206 1389 0.2535
1206 1390 0.0912
1206 1393 0.3405
1206 1394 0.1426
1206 1395 0.6182
1206 1396 0.2268
1206 1397 0.5302
1206 1398 0.8133
1206 1399 0.6264
1206 1401 0.1559
1206 1402 0.3097
1206 1405 0.6963
1206 1406 0.2213
1206 1407 0.6025
1206 1408 0.2428
1206 1409 0.2601
1206 1411 0.2239
1206 1412 0.3242
1206 1413 0.1288
1206 1415 0.2473
1206 1416 0.2213
1206 1418 0.6787
1206 1419 0.4449
1206 1420 0.1698
1206 1421 0.2599
1206 1422 0.4709
1206 1423 0.6541
1206 1424 0.1559
1206 1425 0.2297
1206 1426 0.7059
1206 1427 0.1500
1206 1428 0.1839
1206 1431 0.5892
1206 1434 0.8568
1206 1435 0.5517
1206 1436 0.3135
1206 1437 0.4258
1206 1438 0.1476
1206 1439 0.5334
1206 1440 0.4812
1206 1441 0.1245
1206 1443 0.0912
1206 1445 0.4378
1206 1446 0.1254
1206 1448 0.3318
1206 1449 0.2057
1206 1451 0.1157
1206 1452 0.2304
1206 1454 0.2239
1206 1455 0.4988
1206 1456 0.1660
1206 1459 0.4988
1206 1460 0.1394
1206 1461 0.3927
1206 1462 0.4065
1206 1464 0.2651
1206 1465 0.2624
1206 1466 0.1517
1206 1468 0.1408
1206 1470 0.4988
1206 1472 0.6297
1206 1473 0.4350
1206 1474 0.2213
1206 1476 0.1955
1206 1477 0.4881
1206 1478 0.1203
1206 1479 0.5240
1206 1480 0.7609
1206 1481 0.6474
1206 1482 0.4534
1206 1484 0.4988
1206 1485 0.4180
1206 1486 0.2624
1206 1487 0.3215
1206 1490 0.1103
1206 1491 0.3848
1206 1492 0.3893
1206 1493 0.3175
1206 1494 0.5868
1206 1495 0.1698
1206 1496 0.1219
1206 1497 0.7066
1206 1498 0.1521
1206 1499 0.1698
1206 1500 0.2563
1206 1501 0.4988
1206 1503 0.3600
1206 1504 0.1292
1206 1505 0.5588
1206 1506 0.2446
1206 1507 0.4561
1206 1508 0.2624
1206 1511 0.2239
1206 1512 0.1345
1206 1513 0.1427
1206 1515 0.2239
1206 1516 0.8176
1206 1517 0.5281
1206 1518 0.1701
1206 1519 0.1555
1206 1520 0.7891
1206 1522 0.0830
1206 1525 0.1546
1206 1526 0.2140
1206 1527 0.4015
1206 1528 0.2659
1206 1529 0.1806
1206 1530 0.2086
1206 1531 0.2624
1206 1532 0.3805
1206 1535 0.2770
1206 1536 0.0749
1206 1537 0.5693
1206 1538 0.1684
1206 1540 0.1347
1206 1541 0.2965
1206 1542 0.4229
1206 1544 0.2430
1206 1545 0.2624
1206 1546 0.2158
1206 1547 0.0726
1206 1548 0.2628
1206 1549 0.1815
1206 1551 0.2239
1206 1552 0.2213
1206 1554 0.1751
1206 1555 0.2624
1206 1557 0.1287
1206 1560 0.1244
1206 1562 0.6190
1206 1565 0.0693
1206 1566 0.2359
1206 1567 0.1698
1206 1568 0.3545
1206 1569 0.7854
1206 1571 0.4776
1206 1572 0.4230
1206 1573 0.6258
1206 1574 0.2445
1206 1575 0.5778
1206 1576 0.4821
1206 1577 0.4973
1206 1578 0.4375
1206 1579 0.7209
1206 1580 0.5858
1206 1581 0.5904
1206 1583 0.2255
1206 1584 0.6523
1206 1585 0.7726
1206 1586 0.6718
1206 1587 0.3726
1206 1588 0.8088
1206 1589 0.2510
1206 1590 0.3040
1206 1591 0.6544
1206 1592 0.7455
1206 1593 0.7566
1206 1594 0.1546
1206 1595 0.4047
1206 1596 0.4988
1206 1597 0.6042
1206 1598 0.4857
1206 1599 0.7804
1206 1600 0.4958
1206 1601 0.6191
1206 1603 0.3733
1206 1604 0.2673
1206 1605 0.6326
1206 1606 0.7427
1206 1607 0.6249
1206 1608 0.8370
1206 1609 0.4847
1206 1610 0.6599
1206 1611 0.3405
1206 1612 0.6727
1206 1613 0.7713
1206 1614 0.2071
1206 1615 0.6812
1206 1616 0.1778
1206 1618 0.7926
1206 1619 0.4463
1206 1620 0.4128
1206 1621 0.8582
1206 1622 0.8930
1206 1623 0.3868
1206 1624 0.7050
1206 1625 0.1643
1206 1626 0.4988
1206 1627 0.4988
1206 1628 0.4524
1206 1629 0.5003
1206 1630 0.4897
1206 1632 0.5634
1206 1633 0.2239
1206 1634 0.7720
1206 1637 0.3868
1206 1638 0.5877
1206 1640 0.6399
1206 1641 0.6010
1206 1642 0.8604
1206 1644 0.1570
1206 1645 0.4638
1206 1646 0.3152
1206 1648 0.1698
1206 1649 0.1508
1206 1650 0.6268
1206 1652 0.4988
1206 1653 0.6772
1206 1654 0.1471
1206 1655 0.3925
1206 1656 0.2624
1206 1657 0.2239
1206 1658 0.5802
1206 1659 0.1088
1206 1660 0.8289
1206 1661 0.1921
1206 1662 0.6190
1206 1663 0.5822
1206 1664 0.1630
1206 1665 0.1850
1206 1666 0.5795
1206 1667 0.6254
1206 1668 0.5225
1206 1669 0.5659
1206 1670 0.2595
1206 1671 0.5985
1206 1672 0.4023
1206 1674 0.6266
1206 1675 0.1698
1206 1676 0.6263
1206 1677 0.2364
1206 1678 0.7360
1206 1679 0.3596
1206 1681 0.6190
1206 1682 0.5787
1206 1683 0.1524
1206 1684 0.2239
1206 1685 0.5401
1206 1686 0.1586
1206 1687 0.4988
1206 1688 0.2990
1206 1689 0.8622
1206 1690 0.1920
1206 1691 0.2321
1206 1692 0.6376
1206 1694 0.5657
1206 1695 0.1586
1206 1696 0.1698
1206 1697 0.1749
1206 1698 0.6478
1206 1699 0.1540
1206 1700 0.1654
1206 1701 0.1115
1206 1702 0.2237
1206 1703 0.7402
1206 1705 0.4735
1206 1706 0.1582
1206 1707 0.2998
1206 1709 0.4988
1206 1711 0.2082
1206 1712 0.9394
1206 1713 0.3519
1206 1714 0.3646
1206 1715 0.1620
1206 1716 0.4988
1206 1717 0.9204
1206 1718 0.5568
1206 1719 0.1654
1206 1720 0.4186
1206 1721 0.4988
1206 1723 0.2411
1206 1724 0.6011
1206 1725 0.5221
1206 1726 0.1476
1206 1728 0.3287
1206 1729 0.1544
1206 1730 0.2624
1208 1209 0.1532
1208 1210 0.3606
1208 1211 0.2792
1208 1212 0.1696
1208 1213 0.2171
1208 1214 0.1301
1208 1215 0.1117
1208 1216 0.2171
1208 1217 0.2007
1208 1218 0.2170
1208 1219 0.1210
1208 1221 0.1623
1208 1222 0.1111
1208 1223 0.1210
1208 1225 0.4893
1208 1226 0.3194
1208 1227 0.3401
1208 1228 0.1274
1208 1229 0.1008
1208 1230 0.1287
1208 1231 0.1483
1208 1232 0.1054
1208 1233 0.1030
1208 1234 0.1630
1208 1236 0.2007
1208 1237 0.1691
1208 1238 0.1435
1208 1240 0.1682
1208 1241 0.1064
1208 1242 0.3691
1208 1244 0.1129
1208 1245 0.1167
1208 1246 0.1630
1208 1247 0.2192
1208 1248 0.1487
1208 1249 0.1109
1208 1250 0.2011
1208 1251 0.1146
1208 1252 0.2084
1208 1253 0.1300
1208 1254 0.1173
1208 1255 0.1173
1208 1256 0.2344
1208 1257 0.1157
1208 1258 0.2402
1208 1259 0.2674
1208 1260 0.1227
1208 1262 0.1030
1208 1263 0.2510
1208 1265 0.1591
1208 1266 0.1623
1208 1267 0.1918
1208 1268 0.2079
1208 1269 0.2411
1208 1270 0.1309
1208 1271 0.1746
1208 1272 0.1026
1208 1273 0.1146
1208 1274 0.1203
1208 1275 0.1900
1208 1276 0.0948
1208 1278 0.2171
1208 1279 0.2262
1208 1280 0.2300
1208 1281 0.1161
1208 1282 0.1129
1208 1283 0.1066
1208 1284 0.1484
1208 1286 0.1081
1208 1287 0.1240
1208 1288 0.1038
1208 1289 0.1126
1208 1290 0.1049
1208 1292 0.3395
1208 1293 0.1462
1208 1296 0.1423
1208 1297 0.1038
1208 1298 0.1133
1208 1299 0.0910
1208 1300 0.1630
1208 1301 0.1034
1208 1303 0.1475
1208 1304 0.1623
1208 1305 0.1738
1208 1306 0.1097
1208 1307 0.1012
1208 1309 0.1623
1208 1310 0.1112
1208 1311 0.2171
1208 1313 0.1050
1208 1316 0.8580
1208 1318 0.1630
1208 1319 0.1004
1208 1322 0.1143
1208 1323 0.2040
1208 1324 0.1022
1208 1325 0.1173
1208 1326 0.1208
1208 1327 0.1173
1208 1330 0.1102
1208 1331 0.2373
1208 1333 0.1022
1208 1334 0.1266
1208 1335 0.2236
1208 1336 0.1022
1208 1337 0.1129
1208 1338 0.1015
1208 1340 0.1064
1208 1341 0.1630
1208 1342 0.3162
1208 1343 0.1347
1208 1344 0.2051
1208 1346 0.1483
1208 1348 0.4546
1208 1349 0.1209
1208 1350 0.1173
1208 1351 0.1075
1208 1352 0.1392
1208 1353 0.1030
1208 1354 0.1630
1208 1355 0.1064
1208 1356 0.2007
1208 1357 0.1085
1208 1360 0.1064
1208 1361 0.0872
1208 1362 0.2425
1208 1363 0.1337
1208 1364 0.1174
1208 1366 0.1630
1208 1367 0.3870
1208 1368 0.1879
1208 1369 0.2578
1208 1370 0.5236
1208 1372 0.1313
1208 1374 0.1941
1208 1375 0.1226
1208 1376 0.2576
1208 1377 0.2358
1208 1378 0.2007
1208 1379 0.1078
1208 1380 0.1684
1208 1382 0.1049
1208 1383 0.1365
1208 1384 0.1361
1208 1386 0.1129
1208 1387 0.2062
1208 1388 0.1027
1208 1389 0.0874
1208 1390 0.1038
1208 1393 0.1173
1208 1394 0.1651
1208 1395 0.1521
1208 1396 0.1068
1208 1397 0.1233
1208 1398 0.3306
1208 1399 0.1098
1208 1401 0.1302
1208 1402 0.1118
1208 1405 0.2491
1208 1406 0.1630
1208 1407 0.1173
1208 1408 0.1004
1208 1409 0.1087
1208 1411 0.2007
1208 1412 0.1027
1208 1413 0.1018
1208 1415 0.1000
1208 1416 0.1630
1208 1418 0.1102
1208 1419 0.2111
1208 1420 0.1173
1208 1421 0.1193
1208 1422 0.1141
1208 1423 0.1163
1208 1424 0.1302
1208 1425 0.1156
1208 1426 0.4793
1208 1427 0.0953
1208 1428 0.1078
1208 1431 0.1032
1208 1434 0.7242
1208 1435 0.2503
1208 1436 0.1049
1208 1437 0.1737
1208 1438 0.1049
1208 1439 0.3890
1208 1440 0.3421
1208 1441 0.1088
1208 1443 0.1038
1208 1445 0.0994
1208 1446 0.0933
1208 1448 0.1490
1208 1449 0.1430
1208 1451 0.1213
1208 1452 0.1313
1208 1454 0.2007
1208 1455 0.2171
1208 1456 0.1986
1208 1459 0.2171
1208 1460 0.0965
1208 1461 0.1993
1208 1462 0.1426
1208 1464 0.1144
1208 1465 0.1623
1208 1466 0.1103
1208 1468 0.1039
1208 1470 0.2171
1208 1472 0.1914
1208 1473 0.0925
1208 1474 0.1630
1208 1476 0.1757
1208 1477 0.1109
1208 1478 0.1121
1208 1479 0.1668
1208 1480 0.2316
1208 1481 0.1630
1208 1482 0.1786
1208 1484 0.2171
1208 1485 0.1978
1208 1486 0.1623
1208 1487 0.1121
1208 1490 0.1085
1208 1491 0.1107
1208 1492 0.0947
1208 1493 0.1423
1208 1494 0.1675
1208 1495 0.1173
1208 1496 0.1118
1208 1497 0.1994
1208 1498 0.1007
1208 1499 0.1173
1208 1500 0.1170
1208 1501 0.2171
1208 1503 0.1476
1208 1504 0.1067
1208 1505 0.1097
1208 1506 0.2460
1208 1507 0.1550
1208 1508 0.1623
1208 1511 0.2007
1208 1512 0.1416
1208 1513 0.1037
1208 1515 0.2007
1208 1516 0.1844
1208 1517 0.1274
1208 1518 0.0823
1208 1519 0.1526
1208 1520 0.7412
1208 1522 0.1465
1208 1525 0.1025
1208 1526 0.1751
1208 1527 0.1026
1208 1528 0.1781
1208 1529 0.1739
1208 1530 0.1061
1208 1531 0.1623
1208 1532 0.1012
1208 1535 0.2260
1208 1536 0.1025
1208 1537 0.1129
1208 1538 0.2010
1208 1540 0.1189
1208 1541 0.2051
1208 1542 0.1294
1208 1544 0.1097
1208 1545 0.1623
1208 1546 0.1738
1208 1547 0.1290
1208 1548 0.1343
1208 1549 0.1275
1208 1551 0.2007
1208 1552 0.1630
1208 1554 0.1678
1208 1555 0.1623
1208 1557 0.1059
1208 1560 0.1041
1208 1562 0.1173
1208 1565 0.1003
1208 1566 0.1074
1208 1567 0.1173
1208 1568 0.1097
1208 1569 0.1653
1208 1571 0.2358
1208 1572 0.1596
1208 1573 0.1127
1208 1574 0.1684
1208 1575 0.1022
1208 1576 0.1097
1208 1577 0.3917
1208 1578 0.1367
1208 1579 0.1804
1208 1580 0.1207
1208 1581 0.2139
1208 1583 0.1015
1208 1584 0.1147
1208 1585 0.1341
1208 1586 0.2174
1208 1587 0.2285
1208 1588 0.4224
1208 1589 0.1085
1208 1590 0.1383
1208 1591 0.1457
1208 1592 0.1310
1208 1593 0.0802
1208 1594 0.1025
1208 1595 0.1942
1208 1596 0.2171
1208 1597 0.2216
1208 1598 0.1173
1208 1599 0.0980
1208 1600 0.1173
1208 1601 0.1560
1208 1603 0.2426
1208 1604 0.1173
1208 1605 0.1582
1208 1606 0.2125
1208 1607 0.1124
1208 1608 0.3208
1208 1609 0.1187
1208 1610 0.1251
1208 1611 0.1173
1208 1612 0.1249
1208 1613 0.5299
1208 1614 0.1275
1208 1615 0.1015
1208 1616 0.1090
1208 1618 0.4335
1208 1619 0.1275
1208 1620 0.1630
1208 1621 0.2737
1208 1622 0.4557
1208 1623 0.1630
1208 1624 0.3184
1208 1625 0.1078
1208 1626 0.2171
1208 1627 0.2171
1208 1628 0.1173
1208 1629 0.1173
1208 1630 0.1340
1208 1632 0.1664
1208 1633 0.2007
1208 1634 0.1046
1208 1637 0.1630
1208 1638 0.1454
1208 1640 0.1171
1208 1641 0.1617
1208 1642 0.1000
1208 1644 0.1078
1208 1645 0.1803
1208 1646 0.1140
1208 1648 0.1173
1208 1649 0.1337
1208 1650 0.1160
1208 1652 0.2171
1208 1653 0.2313
1208 1654 0.1172
1208 1655 0.2860
1208 1656 0.1623
1208 1657 0.2007
1208 1658 0.1007
1208 1659 0.1437
1208 1660 0.1403
1208 1661 0.1257
1208 1662 0.1173
1208 1663 0.1630
1208 1664 0.1129
1208 1665 0.1157
1208 1666 0.1090
1208 1667 0.1281
1208 1668 0.1283
1208 1669 0.1023
1208 1670 0.1157
1208 1671 0.1359
1208 1672 0.1129
1208 1674 0.1583
1208 1675 0.1173
1208 1676 0.1157
1208 1677 0.1072
1208 1678 0.1676
1208 1679 0.1094
1208 1681 0.1173
1208 1682 0.1065
1208 1683 0.1322
1208 1684 0.2007
1208 1685 0.1358
1208 1686 0.1097
1208 1687 0.2171
1208 1688 0.1088
1208 1689 0.7449
1208 1690 0.1390
1208 1691 0.1534
1208 1692 0.2916
1208 1694 0.1374
1208 1695 0.1097
1208 1696 0.1173
1208 1697 0.1538
1208 1698 0.1027
1208 1699 0.1083
1208 1700 0.1153
1208 1701 0.1051
1208 1702 0.0896
1208 1703 0.1129
1208 1705 0.1053
1208 1706 0.0941
1208 1707 0.1404
1208 1709 0.2171
1208 1711 0.1395
1208 1712 0.7281
1208 1713 0.0990
1208 1714 0.1453
1208 1715 0.1037
1208 1716 0.2171
1208 1717 0.7473
1208 1718 0.1002
1208 1719 0.1153
1208 1720 0.1414
1208 1721 0.2171
1208 1723 0.1063
1208 1724 0.1129
1208 1725 0.1280
1208 1726 0.1049
1208 1728 0.1090
1208 1729 0.1451
1208 1730 0.1623
1209 1210 0.7248
1209 1211 0.6189
1209 1212 0.6794
1209 1213 0.3237
1209 1214 0.6807
1209 1215 0.5402
1209 1216 0.3237
1209 1217 0.1594
1209 1218 0.7296
1209 1219 0.5601
1209 1221 0.1586
1209 1222 0.6499
1209 1223 0.5248
1209 1225 0.9588
1209 1226 0.6988
1209 1227 0.5948
1209 1228 0.4647
1209 1229 0.5185
1209 1230 0.2928
1209 1231 0.5097
1209 1232 0.4933
1209 1233 0.3972
1209 1234 0.4374
1209 1236 0.0798
1209 1237 0.5564
1209 1238 0.4822
1209 1240 0.2716
1209 1241 0.7102
1209 1242 0.4342
1209 1244 0.6716
1209 1245 0.6969
1209 1246 0.1891
1209 1247 0.7668
1209 1248 0.3133
1209 1249 0.0499
1209 1250 0.5285
1209 1251 0.2756
1209 1252 0.6978
1209 1253 0.0926
1209 1254 0.1263
1209 1255 0.1263
1209 1256 0.1560
1209 1257 0.1389
1209 1258 0.2460
1209 1259 0.1821
1209 1260 0.0798
1209 1262 0.5130
1209 1263 0.1921
1209 1265 0.2814
1209 1266 0.1586
1209 1267 0.1570
1209 1268 0.1386
1209 1269 0.2138
1209 1270 0.3893
1209 1271 0.1493
1209 1272 0.0907
1209 1273 0.2756
1209 1274 0.0923
1209 1275 0.1578
1209 1276 0.1598
1209 1278 0.3237
1209 1279 0.2539
1209 1280 0.1860
1209 1281 0.1072
1209 1282 0.2153
1209 1283 0.0677
1209 1284 0.2765
1209 1286 0.1593
1209 1287 0.1062
1209 1288 0.1598
1209 1289 0.0774
1209 1290 0.1267
1209 1292 0.2203
1209 1293 0.0962
1209 1296 0.1216
1209 1297 0.1598
1209 1298 0.1000
1209 1299 0.0181
1209 1300 0.1801
1209 1301 0.1258
1209 1303 0.1318
1209 1304 0.1586
1209 1305 0.1006
1209 1306 0.1293
1209 1307 0.1068
1209 1309 0.1586
1209 1310 0.0829
1209 1311 0.3237
1209 1313 0.1375
1209 1316 0.8214
1209 1318 0.1042
1209 1319 0.0875
1209 1322 0.0641
1209 1323 0.7000
1209 1324 0.1830
1209 1325 0.1263
1209 1326 0.4867
1209 1327 0.2007
1209 1330 0.5272
1209 1331 0.6947
1209 1333 0.1830
1209 1334 0.4437
1209 1335 0.6434
1209 1336 0.1020
1209 1337 0.2119
1209 1338 0.2544
1209 1340 0.6646
1209 1341 0.1042
1209 1342 0.7093
1209 1343 0.2882
1209 1344 0.4816
1209 1346 0.5097
1209 1348 0.5196
1209 1349 0.6595
1209 1350 0.2222
1209 1351 0.6037
1209 1352 0.4128
1209 1353 0.3141
1209 1354 0.1801
1209 1355 0.6646
1209 1356 0.1594
1209 1357 0.1979
1209 1360 0.6646
1209 1361 0.4999
1209 1362 0.6910
1209 1363 0.3660
1209 1364 0.5440
1209 1366 0.2533
1209 1367 0.8886
1209 1368 0.5116
1209 1369 0.6712
1209 1370 0.9295
1209 1372 0.5149
1209 1374 0.4991
1209 1375 0.5720
1209 1376 0.3073
1209 1377 0.2554
1209 1378 0.1594
1209 1379 0.1582
1209 1380 0.2874
1209 1382 0.1267
1209 1383 0.5546
1209 1384 0.2966
1209 1386 0.0963
1209 1387 0.1109
1209 1388 0.1236
1209 1389 0.1461
1209 1390 0.1598
1209 1393 0.1055
1209 1394 0.2419
1209 1395 0.6095
1209 1396 0.1572
1209 1397 0.1989
1209 1398 0.4481
1209 1399 0.1639
1209 1401 0.1149
1209 1402 0.2386
1209 1405 0.3407
1209 1406 0.1042
1209 1407 0.2236
1209 1408 0.0957
1209 1409 0.0451
1209 1411 0.1594
1209 1412 0.1236
1209 1413 0.0510
1209 1415 0.1074
1209 1416 0.1042
1209 1418 0.1750
1209 1419 0.2121
1209 1420 0.2366
1209 1421 0.2419
1209 1422 0.4686
1209 1423 0.3321
1209 1424 0.1510
1209 1425 0.2557
1209 1426 0.5257
1209 1427 0.1724
1209 1428 0.2876
1209 1431 0.1454
1209 1434 0.9771
1209 1435 0.7034
1209 1436 0.0914
1209 1437 0.3472
1209 1438 0.2616
1209 1439 0.4132
1209 1440 0.5787
1209 1441 0.2467
1209 1443 0.1598
1209 1445 0.2748
1209 1446 0.1810
1209 1448 0.2213
1209 1449 0.1321
1209 1451 0.1665
1209 1452 0.1008
1209 1454 0.1594
1209 1455 0.3237
1209 1456 0.2767
1209 1459 0.3237
1209 1460 0.1337
1209 1461 0.2568
1209 1462 0.3152
1209 1464 0.1910
1209 1465 0.1586
1209 1466 0.0991
1209 1468 0.1567
1209 1470 0.3237
1209 1472 0.1900
1209 1473 0.1012
1209 1474 0.1042
1209 1476 0.1565
1209 1477 0.1408
1209 1478 0.1725
1209 1479 0.0972
1209 1480 0.3436
1209 1481 0.2235
1209 1482 0.1772
1209 1484 0.3237
1209 1485 0.2726
1209 1486 0.1586
1209 1487 0.1990
1209 1490 0.0816
1209 1491 0.2033
1209 1492 0.1418
1209 1493 0.1257
1209 1494 0.2827
1209 1495 0.1263
1209 1496 0.0819
1209 1497 0.1881
1209 1498 0.0875
1209 1499 0.1263
1209 1500 0.1614
1209 1501 0.3237
1209 1503 0.1515
1209 1504 0.1072
1209 1505 0.1505
1209 1506 0.3572
1209 1507 0.3299
1209 1508 0.1586
1209 1511 0.1973
1209 1512 0.1013
1209 1513 0.1155
1209 1515 0.1594
1209 1516 0.5356
1209 1517 0.0675
1209 1518 0.1074
1209 1519 0.0535
1209 1520 0.7891
1209 1522 0.1940
1209 1525 0.1074
1209 1526 0.1719
1209 1527 0.0513
1209 1528 0.2868
1209 1529 0.1461
1209 1530 0.1068
1209 1531 0.1586
1209 1532 0.1523
1209 1535 0.2308
1209 1536 0.0755
1209 1537 0.2526
1209 1538 0.0476
1209 1540 0.2121
1209 1541 0.1753
1209 1542 0.2532
1209 1544 0.3085
1209 1545 0.1586
1209 1546 0.1235
1209 1547 0.0557
1209 1548 0.1659
1209 1549 0.1154
1209 1551 0.1594
1209 1552 0.1911
1209 1554 0.2230
1209 1555 0.1586
1209 1557 0.0874
1209 1560 0.0513
1209 1562 0.4275
1209 1565 0.0826
1209 1566 0.2913
1209 1567 0.1263
1209 1568 0.6665
1209 1569 0.6383
1209 1571 0.6714
1209 1572 0.3943
1209 1573 0.6153
1209 1574 0.1521
1209 1575 0.1020
1209 1576 0.6614
1209 1577 0.4112
1209 1578 0.4694
1209 1579 0.6995
1209 1580 0.5909
1209 1581 0.5550
1209 1583 0.2075
1209 1584 0.6170
1209 1585 0.6199
1209 1586 0.6583
1209 1587 0.2825
1209 1588 0.7640
1209 1589 0.1979
1209 1590 0.3294
1209 1591 0.4227
1209 1592 0.7027
1209 1593 0.6381
1209 1594 0.1074
1209 1595 0.3142
1209 1596 0.3237
1209 1597 0.6310
1209 1598 0.6212
1209 1599 0.6682
1209 1600 0.4132
1209 1601 0.5482
1209 1603 0.2247
1209 1604 0.2342
1209 1605 0.5530
1209 1606 0.7568
1209 1607 0.3886
1209 1608 0.5593
1209 1609 0.4818
1209 1610 0.5820
1209 1611 0.1055
1209 1612 0.4253
1209 1613 0.8485
1209 1614 0.3925
1209 1615 0.5791
1209 1616 0.2228
1209 1618 0.5283
1209 1619 0.1734
1209 1620 0.6745
1209 1621 0.8888
1209 1622 0.9011
1209 1623 0.3336
1209 1624 0.7605
1209 1625 0.1981
1209 1626 0.3237
1209 1627 0.3237
1209 1628 0.3853
1209 1629 0.4947
1209 1630 0.3512
1209 1632 0.4070
1209 1633 0.1594
1209 1634 0.7212
1209 1637 0.3336
1209 1638 0.5181
1209 1640 0.6769
1209 1641 0.3769
1209 1642 0.6672
1209 1644 0.0929
1209 1645 0.1515
1209 1646 0.1196
1209 1648 0.1263
1209 1649 0.1902
1209 1650 0.0932
1209 1652 0.3237
1209 1653 0.2816
1209 1654 0.2763
1209 1655 0.3494
1209 1656 0.1586
1209 1657 0.1594
1209 1658 0.0879
1209 1659 0.1379
1209 1660 0.0602
1209 1661 0.2486
1209 1662 0.0890
1209 1663 0.3231
1209 1664 0.0963
1209 1665 0.1389
1209 1666 0.2112
1209 1667 0.1728
1209 1668 0.2996
1209 1669 0.0829
1209 1670 0.1739
1209 1671 0.1039
1209 1672 0.1845
1209 1674 0.1279
1209 1675 0.1263
1209 1676 0.0976
1209 1677 0.0650
1209 1678 0.2141
1209 1679 0.3317
1209 1681 0.1263
1209 1682 0.0599
1209 1683 0.1150
1209 1684 0.1897
1209 1685 0.1185
1209 1686 0.2496
1209 1687 0.3237
1209 1688 0.1925
1209 1689 0.8258
1209 1690 0.0910
1209 1691 0.1215
1209 1692 0.3023
1209 1694 0.2039
1209 1695 0.0902
1209 1696 0.1263
1209 1697 0.1388
1209 1698 0.1057
1209 1699 0.2239
1209 1700 0.2473
1209 1701 0.1991
1209 1702 0.4312
1209 1703 0.1570
1209 1705 0.2686
1209 1706 0.1672
1209 1707 0.1866
1209 1709 0.3237
1209 1711 0.1635
1209 1712 0.9913
1209 1713 0.2321
1209 1714 0.3094
1209 1715 0.1958
1209 1716 0.3237
1209 1717 0.9902
1209 1718 0.2387
1209 1719 0.2473
1209 1720 0.2380
1209 1721 0.3237
1209 1723 0.3843
1209 1724 0.1283
1209 1725 0.4312
1209 1726 0.2616
1209 1728 0.1234
1209 1729 0.3737
1209 1730 0.1586
1210 1211 0.6211
1210 1212 0.6046
1210 1213 0.3872
1210 1214 0.5546
1210 1215 0.6934
1210 1216 0.3872
1210 1217 0.2049
1210 1218 0.7391
1210 1219 0.5588
1210 1221 0.2320
1210 1222 0.6365
1210 1223 0.6823
1210 1225 0.9365
1210 1226 0.8380
1210 1227 0.7396
1210 1228 0.6694
1210 1229 0.6427
1210 1230 0.6415
1210 1231 0.7560
1210 1232 0.4287
1210 1233 0.5330
1210 1234 0.4835
1210 1236 0.1839
1210 1237 0.7764
1210 1238 0.6347
1210 1240 0.2228
1210 1241 0.5274
1210 1242 0.7794
1210 1244 0.4949
1210 1245 0.7501
1210 1246 0.3555
1210 1247 0.7912
1210 1248 0.1066
1210 1249 0.1485
1210 1250 0.6005
1210 1251 0.5783
1210 1252 0.7088
1210 1253 0.1987
1210 1254 0.1874
1210 1255 0.1874
1210 1256 0.2542
1210 1257 0.1114
1210 1258 0.2656
1210 1259 0.3426
1210 1260 0.0839
1210 1262 0.3840
1210 1263 0.2609
1210 1265 0.1687
1210 1266 0.2320
1210 1267 0.2270
1210 1268 0.4017
1210 1269 0.5968
1210 1270 0.3326
1210 1271 0.1046
1210 1272 0.0802
1210 1273 0.5783
1210 1274 0.1698
1210 1275 0.5088
1210 1276 0.0842
1210 1278 0.3872
1210 1279 0.3458
1210 1280 0.2829
1210 1281 0.0670
1210 1282 0.2562
1210 1283 0.1027
1210 1284 0.0610
1210 1286 0.3324
1210 1287 0.1524
1210 1288 0.3113
1210 1289 0.0888
1210 1290 0.1526
1210 1292 0.1586
1210 1293 0.0921
1210 1296 0.1478
1210 1297 0.3113
1210 1298 0.0985
1210 1299 0.1273
1210 1300 0.1650
1210 1301 0.1203
1210 1303 0.1618
1210 1304 0.2320
1210 1305 0.1222
1210 1306 0.1685
1210 1307 0.1051
1210 1309 0.2320
1210 1310 0.0947
1210 1311 0.3872
1210 1313 0.1302
1210 1316 0.6489
1210 1318 0.1650
1210 1319 0.1430
1210 1322 0.0801
1210 1323 0.8100
1210 1324 0.1305
1210 1325 0.1874
1210 1326 0.4813
1210 1327 0.1874
1210 1330 0.4682
1210 1331 0.7359
1210 1333 0.1305
1210 1334 0.3626
1210 1335 0.5813
1210 1336 0.1372
1210 1337 0.1153
1210 1338 0.2356
1210 1340 0.5524
1210 1341 0.1650
1210 1342 0.8525
1210 1343 0.5654
1210 1344 0.4653
1210 1346 0.7560
1210 1348 0.6960
1210 1349 0.6445
1210 1350 0.3881
1210 1351 0.6642
1210 1352 0.6292
1210 1353 0.2140
1210 1354 0.1650
1210 1355 0.5524
1210 1356 0.2049
1210 1357 0.1579
1210 1360 0.5524
1210 1361 0.6242
1210 1362 0.7340
1210 1363 0.4293
1210 1364 0.6052
1210 1366 0.2660
1210 1367 0.8939
1210 1368 0.5042
1210 1369 0.8832
1210 1370 0.7906
1210 1372 0.4395
1210 1374 0.7280
1210 1375 0.6596
1210 1376 0.1747
1210 1377 0.3032
1210 1378 0.2049
1210 1379 0.2182
1210 1380 0.3962
1210 1382 0.1526
1210 1383 0.6725
1210 1384 0.7199
1210 1386 0.1673
1210 1387 0.5582
1210 1388 0.1335
1210 1389 0.1122
1210 1390 0.3113
1210 1393 0.2359
1210 1394 0.4459
1210 1395 0.5338
1210 1396 0.1431
1210 1397 0.2213
1210 1398 0.4368
1210 1399 0.3090
1210 1401 0.1441
1210 1402 0.0977
1210 1405 0.2290
1210 1406 0.1650
1210 1407 0.1874
1210 1408 0.1878
1210 1409 0.0998
1210 1411 0.2049
1210 1412 0.1335
1210 1413 0.1184
1210 1415 0.0623
1210 1416 0.1650
1210 1418 0.2159
1210 1419 0.5345
1210 1420 0.1874
1210 1421 0.2162
1210 1422 0.3314
1210 1423 0.3366
1210 1424 0.1441
1210 1425 0.3230
1210 1426 0.7618
1210 1427 0.2408
1210 1428 0.4855
1210 1431 0.2760
1210 1434 0.8067
1210 1435 0.6202
1210 1436 0.1458
1210 1437 0.4940
1210 1438 0.2543
1210 1439 0.4790
1210 1440 0.5281
1210 1441 0.3881
1210 1443 0.3113
1210 1445 0.1133
1210 1446 0.3882
1210 1448 0.1853
1210 1449 0.1408
1210 1451 0.0724
1210 1452 0.1620
1210 1454 0.1561
1210 1455 0.3872
1210 1456 0.2094
1210 1459 0.3872
1210 1460 0.1835
1210 1461 0.3175
1210 1462 0.5135
1210 1464 0.0944
1210 1465 0.2320
1210 1466 0.0973
1210 1468 0.0908
1210 1470 0.3872
1210 1472 0.1805
1210 1473 0.0939
1210 1474 0.1650
1210 1476 0.2034
1210 1477 0.3321
1210 1478 0.1295
1210 1479 0.1975
1210 1480 0.5852
1210 1481 0.2583
1210 1482 0.3116
1210 1484 0.3872
1210 1485 0.5735
1210 1486 0.2320
1210 1487 0.1133
1210 1490 0.2373
1210 1491 0.3257
1210 1492 0.1826
1210 1493 0.1258
1210 1494 0.3530
1210 1495 0.1874
1210 1496 0.0941
1210 1497 0.1472
1210 1498 0.2837
1210 1499 0.1874
1210 1500 0.1354
1210 1501 0.3872
1210 1503 0.1135
1210 1504 0.1175
1210 1505 0.1685
1210 1506 0.3227
1210 1507 0.4755
1210 1508 0.2320
1210 1511 0.4456
1210 1512 0.2318
1210 1513 0.1419
1210 1515 0.2049
1210 1516 0.6268
1210 1517 0.0530
1210 1518 0.1087
1210 1519 0.1256
1210 1520 0.8390
1210 1522 0.1161
1210 1525 0.1483
1210 1526 0.1984
1210 1527 0.2091
1210 1528 0.1729
1210 1529 0.2014
1210 1530 0.1826
1210 1531 0.2320
1210 1532 0.1044
1210 1535 0.2114
1210 1536 0.1566
1210 1537 0.1153
1210 1538 0.1792
1210 1540 0.2102
1210 1541 0.3317
1210 1542 0.5915
1210 1544 0.2334
1210 1545 0.2320
1210 1546 0.0925
1210 1547 0.1465
1210 1548 0.2859
1210 1549 0.1710
1210 1551 0.2049
1210 1552 0.2669
1210 1554 0.1967
1210 1555 0.2320
1210 1557 0.1169
1210 1560 0.2593
1210 1562 0.3794
1210 1565 0.0971
1210 1566 0.3657
1210 1567 0.1874
1210 1568 0.6835
1210 1569 0.6786
1210 1571 0.6096
1210 1572 0.3728
1210 1573 0.6107
1210 1574 0.2315
1210 1575 0.1372
1210 1576 0.5492
1210 1577 0.5505
1210 1578 0.6939
1210 1579 0.5684
1210 1580 0.6354
1210 1581 0.7034
1210 1583 0.1955
1210 1584 0.7525
1210 1585 0.7371
1210 1586 0.6697
1210 1587 0.5467
1210 1588 0.8045
1210 1589 0.1579
1210 1590 0.4903
1210 1591 0.6313
1210 1592 0.8110
1210 1593 0.8000
1210 1594 0.1483
1210 1595 0.4328
1210 1596 0.3872
1210 1597 0.6618
1210 1598 0.6440
1210 1599 0.7849
1210 1600 0.3619
1210 1601 0.5935
1210 1603 0.2416
1210 1604 0.2528
1210 1605 0.6764
1210 1606 0.8623
1210 1607 0.3384
1210 1608 0.6922
1210 1609 0.7040
1210 1610 0.5337
1210 1611 0.2359
1210 1612 0.6794
1210 1613 0.9337
1210 1614 0.2525
1210 1615 0.5662
1210 1616 0.1380
1210 1618 0.7163
1210 1619 0.2523
1210 1620 0.5681
1210 1621 0.9052
1210 1622 0.9208
1210 1623 0.3408
1210 1624 0.7460
1210 1625 0.1350
1210 1626 0.3872
1210 1627 0.3872
1210 1628 0.4512
1210 1629 0.4356
1210 1630 0.3939
1210 1632 0.3267
1210 1633 0.3358
1210 1634 0.6235
1210 1637 0.3408
1210 1638 0.5430
1210 1640 0.7046
1210 1641 0.6301
1210 1642 0.8882
1210 1644 0.1350
1210 1645 0.2023
1210 1646 0.0967
1210 1648 0.1874
1210 1649 0.1433
1210 1650 0.1536
1210 1652 0.3872
1210 1653 0.3435
1210 1654 0.0929
1210 1655 0.4331
1210 1656 0.2320
1210 1657 0.2049
1210 1658 0.1325
1210 1659 0.1021
1210 1660 0.0878
1210 1661 0.2568
1210 1662 0.1874
1210 1663 0.1556
1210 1664 0.1673
1210 1665 0.1114
1210 1666 0.1310
1210 1667 0.1026
1210 1668 0.1037
1210 1669 0.0932
1210 1670 0.0907
1210 1671 0.1403
1210 1672 0.1672
1210 1674 0.1936
1210 1675 0.1874
1210 1676 0.0970
1210 1677 0.1441
1210 1678 0.1549
1210 1679 0.1168
1210 1681 0.1874
1210 1682 0.1174
1210 1683 0.2569
1210 1684 0.3069
1210 1685 0.1008
1210 1686 0.3298
1210 1687 0.3872
1210 1688 0.1731
1210 1689 0.7093
1210 1690 0.2168
1210 1691 0.3040
1210 1692 0.3285
1210 1694 0.1797
1210 1695 0.1685
1210 1696 0.1874
1210 1697 0.3033
1210 1698 0.1157
1210 1699 0.2814
1210 1700 0.2408
1210 1701 0.3443
1210 1702 0.1067
1210 1703 0.1673
1210 1705 0.6316
1210 1706 0.2253
1210 1707 0.4247
1210 1709 0.3872
1210 1711 0.2976
1210 1712 0.9108
1210 1713 0.3201
1210 1714 0.3665
1210 1715 0.3804
1210 1716 0.3872
1210 1717 0.9533
1210 1718 0.2481
1210 1719 0.2408
1210 1720 0.1483
1210 1721 0.3872
1210 1723 0.1611
1210 1724 0.1673
1210 1725 0.4745
1210 1726 0.2543
1210 1728 0.1247
1210 1729 0.1881
1210 1730 0.2320
1211 1212 0.6263
1211 1213 0.3120
1211 1214 0.7064
1211 1215 0.5253
1211 1216 0.3120
1211 1217 0.1692
1211 1218 0.6427
1211 1219 0.3685
1211 1221 0.1777
1211 1222 0.5137
1211 1223 0.7590
1211 1225 0.9566
1211 1226 0.8042
1211 1227 0.6924
1211 1228 0.3797
1211 1229 0.4312
1211 1230 0.5661
1211 1231 0.4625
1211 1232 0.4575
1211 1233 0.4891
1211 1234 0.4670
1211 1236 0.2720
1211 1237 0.7149
1211 1238 0.6822
1211 1240 0.6492
1211 1241 0.6828
1211 1242 0.7025
1211 1244 0.5149
1211 1245 0.6214
1211 1246 0.3274
1211 1247 0.7929
1211 1248 0.1875
1211 1249 0.1110
1211 1250 0.3679
1211 1251 0.4558
1211 1252 0.7201
1211 1253 0.1208
1211 1254 0.1387
1211 1255 0.1387
1211 1256 0.5247
1211 1257 0.1906
1211 1258 0.4791
1211 1259 0.6415
1211 1260 0.7311
1211 1262 0.4416
1211 1263 0.5300
1211 1265 0.3699
1211 1266 0.1777
1211 1267 0.1779
1211 1268 0.1546
1211 1269 0.6115
1211 1270 0.3689
1211 1271 0.2408
1211 1272 0.2719
1211 1273 0.4558
1211 1274 0.5844
1211 1275 0.2553
1211 1276 0.1622
1211 1278 0.3120
1211 1279 0.4223
1211 1280 0.2748
1211 1281 0.0635
1211 1282 0.4158
1211 1283 0.0868
1211 1284 0.0678
1211 1286 0.1115
1211 1287 0.0841
1211 1288 0.1928
1211 1289 0.0626
1211 1290 0.2688
1211 1292 0.1679
1211 1293 0.2120
1211 1296 0.0522
1211 1297 0.1928
1211 1298 0.1227
1211 1299 0.0889
1211 1300 0.1201
1211 1301 0.0996
1211 1303 0.0867
1211 1304 0.1777
1211 1305 0.0644
1211 1306 0.1127
1211 1307 0.0878
1211 1309 0.1777
1211 1310 0.0543
1211 1311 0.3120
1211 1313 0.1028
1211 1316 0.6073
1211 1318 0.1201
1211 1319 0.1014
1211 1322 0.0891
1211 1323 0.7054
1211 1324 0.2579
1211 1325 0.1387
1211 1326 0.4504
1211 1327 0.1387
1211 1330 0.5610
1211 1331 0.6303
1211 1333 0.2579
1211 1334 0.3338
1211 1335 0.7438
1211 1336 0.2069
1211 1337 0.2888
1211 1338 0.4442
1211 1340 0.6545
1211 1341 0.1201
1211 1342 0.8622
1211 1343 0.4538
1211 1344 0.4802
1211 1346 0.4625
1211 1348 0.8012
1211 1349 0.6489
1211 1350 0.2300
1211 1351 0.3537
1211 1352 0.4725
1211 1353 0.3945
1211 1354 0.2527
1211 1355 0.6545
1211 1356 0.1692
1211 1357 0.1516
1211 1360 0.6545
1211 1361 0.7272
1211 1362 0.6823
1211 1363 0.4364
1211 1364 0.4399
1211 1366 0.1201
1211 1367 0.9296
1211 1368 0.6016
1211 1369 0.7398
1211 1370 0.8131
1211 1372 0.4652
1211 1374 0.6682
1211 1375 0.6285
1211 1376 0.3650
1211 1377 0.4658
1211 1378 0.2892
1211 1379 0.1567
1211 1380 0.2419
1211 1382 0.2688
1211 1383 0.5995
1211 1384 0.5725
1211 1386 0.1403
1211 1387 0.5347
1211 1388 0.1678
1211 1389 0.3450
1211 1390 0.1928
1211 1393 0.2166
1211 1394 0.3418
1211 1395 0.4278
1211 1396 0.1861
1211 1397 0.6142
1211 1398 0.7046
1211 1399 0.2291
1211 1401 0.2265
1211 1402 0.7191
1211 1405 0.4578
1211 1406 0.2272
1211 1407 0.1387
1211 1408 0.2035
1211 1409 0.2352
1211 1411 0.2892
1211 1412 0.1678
1211 1413 0.1654
1211 1415 0.4373
1211 1416 0.2343
1211 1418 0.1638
1211 1419 0.3451
1211 1420 0.4023
1211 1421 0.5408
1211 1422 0.5687
1211 1423 0.1786
1211 1424 0.5840
1211 1425 0.4621
1211 1426 0.8127
1211 1427 0.5634
1211 1428 0.6816
1211 1431 0.2309
1211 1434 0.9610
1211 1435 0.6638
1211 1436 0.1090
1211 1437 0.6489
1211 1438 0.5682
1211 1439 0.7242
1211 1440 0.5855
1211 1441 0.5498
1211 1443 0.1928
1211 1445 0.2989
1211 1446 0.5248
1211 1448 0.1109
1211 1449 0.1604
1211 1451 0.3159
1211 1452 0.2563
1211 1454 0.1692
1211 1455 0.3120
1211 1456 0.1655
1211 1459 0.3120
1211 1460 0.1189
1211 1461 0.4828
1211 1462 0.6146
1211 1464 0.1725
1211 1465 0.1777
1211 1466 0.2097
1211 1468 0.1466
1211 1470 0.3120
1211 1472 0.1740
1211 1473 0.1907
1211 1474 0.1201
1211 1476 0.1378
1211 1477 0.3015
1211 1478 0.1517
1211 1479 0.4770
1211 1480 0.3033
1211 1481 0.4091
1211 1482 0.2224
1211 1484 0.3120
1211 1485 0.4300
1211 1486 0.1777
1211 1487 0.3068
1211 1490 0.1427
1211 1491 0.5793
1211 1492 0.1245
1211 1493 0.2322
1211 1494 0.4059
1211 1495 0.1387
1211 1496 0.1312
1211 1497 0.5823
1211 1498 0.1719
1211 1499 0.2315
1211 1500 0.3606
1211 1501 0.3120
1211 1503 0.1848
1211 1504 0.1511
1211 1505 0.1127
1211 1506 0.2387
1211 1507 0.5527
1211 1508 0.1777
1211 1511 0.1547
1211 1512 0.2363
1211 1513 0.1092
1211 1515 0.1692
1211 1516 0.7796
1211 1517 0.1087
1211 1518 0.1482
1211 1519 0.1236
1211 1520 0.7163
1211 1522 0.4223
1211 1525 0.1401
1211 1526 0.1066
1211 1527 0.3233
1211 1528 0.1325
1211 1529 0.3374
1211 1530 0.0766
1211 1531 0.1777
1211 1532 0.5089
1211 1535 0.1269
1211 1536 0.0847
1211 1537 0.1934
1211 1538 0.1367
1211 1540 0.2946
1211 1541 0.2050
1211 1542 0.4605
1211 1544 0.5131
1211 1545 0.1777
1211 1546 0.1810
1211 1547 0.0781
1211 1548 0.2244
1211 1549 0.1272
1211 1551 0.1692
1211 1552 0.1201
1211 1554 0.1950
1211 1555 0.1777
1211 1557 0.0968
1211 1560 0.0913
1211 1562 0.2296
1211 1565 0.0679
1211 1566 0.3359
1211 1567 0.1387
1211 1568 0.4746
1211 1569 0.6889
1211 1571 0.5934
1211 1572 0.7260
1211 1573 0.7266
1211 1574 0.2794
1211 1575 0.2069
1211 1576 0.4792
1211 1577 0.6306
1211 1578 0.6951
1211 1579 0.6454
1211 1580 0.5541
1211 1581 0.6982
1211 1583 0.2720
1211 1584 0.5119
1211 1585 0.5448
1211 1586 0.5206
1211 1587 0.4898
1211 1588 0.8167
1211 1589 0.1516
1211 1590 0.7440
1211 1591 0.8327
1211 1592 0.6727
1211 1593 0.6585
1211 1594 0.1401
1211 1595 0.6004
1211 1596 0.3120
1211 1597 0.5070
1211 1598 0.5229
1211 1599 0.5784
1211 1600 0.1748
1211 1601 0.4344
1211 1603 0.5278
1211 1604 0.4226
1211 1605 0.6638
1211 1606 0.7306
1211 1607 0.3116
1211 1608 0.6429
1211 1609 0.6848
1211 1610 0.4375
1211 1611 0.2166
1211 1612 0.6269
1211 1613 0.9488
1211 1614 0.2004
1211 1615 0.6018
1211 1616 0.0946
1211 1618 0.7136
1211 1619 0.1776
1211 1620 0.5688
1211 1621 0.8035
1211 1622 0.7946
1211 1623 0.3123
1211 1624 0.5061
1211 1625 0.5051
1211 1626 0.3120
1211 1627 0.3120
1211 1628 0.3220
1211 1629 0.4476
1211 1630 0.5012
1211 1632 0.4933
1211 1633 0.1692
1211 1634 0.6340
1211 1637 0.3123
1211 1638 0.5936
1211 1640 0.5796
1211 1641 0.6426
1211 1642 0.5819
1211 1644 0.1087
1211 1645 0.3221
1211 1646 0.1045
1211 1648 0.1387
1211 1649 0.5725
1211 1650 0.0967
1211 1652 0.3120
1211 1653 0.4580
1211 1654 0.6585
1211 1655 0.3456
1211 1656 0.1777
1211 1657 0.1692
1211 1658 0.1017
1211 1659 0.1262
1211 1660 0.0677
1211 1661 0.5920
1211 1662 0.2978
1211 1663 0.2272
1211 1664 0.1403
1211 1665 0.1906
1211 1666 0.2823
1211 1667 0.3780
1211 1668 0.6673
1211 1669 0.3251
1211 1670 0.1883
1211 1671 0.3067
1211 1672 0.2298
1211 1674 0.1926
1211 1675 0.1387
1211 1676 0.5526
1211 1677 0.2140
1211 1678 0.5817
1211 1679 0.3676
1211 1681 0.2978
1211 1682 0.0964
1211 1683 0.4872
1211 1684 0.2628
1211 1685 0.1823
1211 1686 0.3183
1211 1687 0.3120
1211 1688 0.1786
1211 1689 0.8580
1211 1690 0.2968
1211 1691 0.3867
1211 1692 0.6152
1211 1694 0.2656
1211 1695 0.4200
1211 1696 0.1387
1211 1697 0.1164
1211 1698 0.1532
1211 1699 0.2662
1211 1700 0.4497
1211 1701 0.4774
1211 1702 0.1723
1211 1703 0.1144
1211 1705 0.5211
1211 1706 0.4410
1211 1707 0.4375
1211 1709 0.3120
1211 1711 0.4625
1211 1712 0.9912
1211 1713 0.3108
1211 1714 0.5445
1211 1715 0.5427
1211 1716 0.3120
1211 1717 0.8887
1211 1718 0.1873
1211 1719 0.4497
1211 1720 0.6209
1211 1721 0.3120
1211 1723 0.2127
1211 1724 0.1403
1211 1725 0.5553
1211 1726 0.5682
1211 1728 0.1320
1211 1729 0.5881
1211 1730 0.1777
1212 1213 0.2953
1212 1214 0.4982
1212 1215 0.2813
1212 1216 0.2953
1212 1217 0.1814
1212 1218 0.5416
1212 1219 0.2810
1212 1221 0.1887
1212 1222 0.4344
1212 1223 0.3248
1212 1225 0.6640
1212 1226 0.7623
1212 1227 0.7025
1212 1228 0.2336
1212 1229 0.2775
1212 1230 0.2369
1212 1231 0.4771
1212 1232 0.2965
1212 1233 0.2572
1212 1234 0.2309
1212 1236 0.3508
1212 1237 0.5854
1212 1238 0.6012
1212 1240 0.1462
1212 1241 0.5200
1212 1242 0.4960
1212 1244 0.5008
1212 1245 0.4555
1212 1246 0.2602
1212 1247 0.5181
1212 1248 0.1148
1212 1249 0.1513
1212 1250 0.2809
1212 1251 0.1593
1212 1252 0.6288
1212 1253 0.1455
1212 1254 0.1583
1212 1255 0.1583
1212 1256 0.1847
1212 1257 0.1593
1212 1258 0.4933
1212 1259 0.2597
1212 1260 0.1244
1212 1262 0.1739
1212 1263 0.2447
1212 1265 0.6739
1212 1266 0.1887
1212 1267 0.1860
1212 1268 0.2437
1212 1269 0.1975
1212 1270 0.1309
1212 1271 0.2623
1212 1272 0.1196
1212 1273 0.1593
1212 1274 0.1187
1212 1275 0.3802
1212 1276 0.1188
1212 1278 0.2953
1212 1279 0.2752
1212 1280 0.2713
1212 1281 0.1181
1212 1282 0.1030
1212 1283 0.1401
1212 1284 0.1061
1212 1286 0.1359
1212 1287 0.1261
1212 1288 0.1348
1212 1289 0.1298
1212 1290 0.1537
1212 1292 0.1968
1212 1293 0.1402
1212 1296 0.1922
1212 1297 0.1348
1212 1298 0.1216
1212 1299 0.1059
1212 1300 0.1406
1212 1301 0.1491
1212 1303 0.1459
1212 1304 0.1887
1212 1305 0.1837
1212 1306 0.1097
1212 1307 0.1318
1212 1309 0.1887
1212 1310 0.1295
1212 1311 0.2953
1212 1313 0.1408
1212 1316 0.6991
1212 1318 0.1406
1212 1319 0.1372
1212 1322 0.1559
1212 1323 0.5857
1212 1324 0.1506
1212 1325 0.1583
1212 1326 0.2095
1212 1327 0.1583
1212 1330 0.1724
1212 1331 0.6225
1212 1333 0.1506
1212 1334 0.3064
1212 1335 0.7074
1212 1336 0.1431
1212 1337 0.1030
1212 1338 0.1630
1212 1340 0.5719
1212 1341 0.1406
1212 1342 0.7550
1212 1343 0.1586
1212 1344 0.3909
1212 1346 0.4771
1212 1348 0.6073
1212 1349 0.5393
1212 1350 0.1583
1212 1351 0.4093
1212 1352 0.3298
1212 1353 0.1801
1212 1354 0.1406
1212 1355 0.5719
1212 1356 0.1814
1212 1357 0.1551
1212 1360 0.5719
1212 1361 0.2470
1212 1362 0.6700
1212 1363 0.2620
1212 1364 0.4001
1212 1366 0.1406
1212 1367 0.8228
1212 1368 0.2853
1212 1369 0.6562
1212 1370 0.8081
1212 1372 0.3204
1212 1374 0.6577
1212 1375 0.5743
1212 1376 0.5607
1212 1377 0.2618
1212 1378 0.1814
1212 1379 0.1515
1212 1380 0.2225
1212 1382 0.1537
1212 1383 0.6361
1212 1384 0.2850
1212 1386 0.1030
1212 1387 0.2621
1212 1388 0.1445
1212 1389 0.1731
1212 1390 0.1348
1212 1393 0.2681
1212 1394 0.2198
1212 1395 0.2738
1212 1396 0.1137
1212 1397 0.1467
1212 1398 0.4032
1212 1399 0.1641
1212 1401 0.1577
1212 1402 0.1427
1212 1405 0.2052
1212 1406 0.1406
1212 1407 0.1583
1212 1408 0.1010
1212 1409 0.1696
1212 1411 0.1814
1212 1412 0.1445
1212 1413 0.1494
1212 1415 0.1445
1212 1416 0.1406
1212 1418 0.0862
1212 1419 0.1815
1212 1420 0.1583
1212 1421 0.0957
1212 1422 0.1313
1212 1423 0.3841
1212 1424 0.1577
1212 1425 0.1372
1212 1426 0.5017
1212 1427 0.1178
1212 1428 0.1326
1212 1431 0.2830
1212 1434 0.6425
1212 1435 0.1799
1212 1436 0.1358
1212 1437 0.2853
1212 1438 0.1499
1212 1439 0.2629
1212 1440 0.4857
1212 1441 0.1501
1212 1443 0.1348
1212 1445 0.1722
1212 1446 0.1154
1212 1448 0.1850
1212 1449 0.1774
1212 1451 0.1266
1212 1452 0.1251
1212 1454 0.1814
1212 1455 0.2953
1212 1456 0.2424
1212 1459 0.2953
1212 1460 0.1134
1212 1461 0.2801
1212 1462 0.2238
1212 1464 0.1167
1212 1465 0.1887
1212 1466 0.1163
1212 1468 0.1479
1212 1470 0.2953
1212 1472 0.2271
1212 1473 0.0959
1212 1474 0.1406
1212 1476 0.2391
1212 1477 0.1515
1212 1478 0.1644
1212 1479 0.2132
1212 1480 0.3357
1212 1481 0.2309
1212 1482 0.1985
1212 1484 0.2953
1212 1485 0.1470
1212 1486 0.1887
1212 1487 0.1163
1212 1490 0.1553
1212 1491 0.0975
1212 1492 0.1259
1212 1493 0.1621
1212 1494 0.3349
1212 1495 0.1583
1212 1496 0.1623
1212 1497 0.2514
1212 1498 0.1400
1212 1499 0.1583
1212 1500 0.1621
1212 1501 0.2953
1212 1503 0.1411
1212 1504 0.1547
1212 1505 0.1097
1212 1506 0.1976
1212 1507 0.1301
1212 1508 0.1887
1212 1511 0.1814
1212 1512 0.1631
1212 1513 0.1364
1212 1515 0.1814
1212 1516 0.2895
1212 1517 0.1344
1212 1518 0.0861
1212 1519 0.1682
1212 1520 0.7514
1212 1522 0.1465
1212 1525 0.1439
1212 1526 0.1983
1212 1527 0.1607
1212 1528 0.2311
1212 1529 0.1651
1212 1530 0.1148
1212 1531 0.1887
1212 1532 0.1704
1212 1535 0.2368
1212 1536 0.1166
1212 1537 0.1030
1212 1538 0.1355
1212 1540 0.1331
1212 1541 0.2319
1212 1542 0.1887
1212 1544 0.1654
1212 1545 0.1887
1212 1546 0.1823
1212 1547 0.1440
1212 1548 0.1233
1212 1549 0.1460
1212 1551 0.1814
1212 1552 0.1406
1212 1554 0.1726
1212 1555 0.1887
1212 1557 0.1530
1212 1560 0.1504
1212 1562 0.1583
1212 1565 0.1099
1212 1566 0.1610
1212 1567 0.1583
1212 1568 0.5266
1212 1569 0.5666
1212 1571 0.5407
1212 1572 0.1950
1212 1573 0.4083
1212 1574 0.2225
1212 1575 0.1431
1212 1576 0.5266
1212 1577 0.4847
1212 1578 0.2719
1212 1579 0.5332
1212 1580 0.5098
1212 1581 0.5440
1212 1583 0.1407
1212 1584 0.4050
1212 1585 0.5337
1212 1586 0.5273
1212 1587 0.2876
1212 1588 0.7463
1212 1589 0.1551
1212 1590 0.2051
1212 1591 0.5523
1212 1592 0.5464
1212 1593 0.3284
1212 1594 0.1439
1212 1595 0.3181
1212 1596 0.2953
1212 1597 0.3811
1212 1598 0.4511
1212 1599 0.4987
1212 1600 0.2386
1212 1601 0.5095
1212 1603 0.2959
1212 1604 0.2681
1212 1605 0.6378
1212 1606 0.6733
1212 1607 0.2800
1212 1608 0.4988
1212 1609 0.2855
1212 1610 0.5832
1212 1611 0.2681
1212 1612 0.6697
1212 1613 0.8225
1212 1614 0.1460
1212 1615 0.4735
1212 1616 0.1149
1212 1618 0.5842
1212 1619 0.2427
1212 1620 0.5059
1212 1621 0.6039
1212 1622 0.6303
1212 1623 0.2309
1212 1624 0.7619
1212 1625 0.1495
1212 1626 0.2953
1212 1627 0.2953
1212 1628 0.2681
1212 1629 0.2681
1212 1630 0.2820
1212 1632 0.2620
1212 1633 0.1814
1212 1634 0.5143
1212 1637 0.2309
1212 1638 0.2844
1212 1640 0.5004
1212 1641 0.6560
1212 1642 0.5965
1212 1644 0.1495
1212 1645 0.2236
1212 1646 0.1369
1212 1648 0.1583
1212 1649 0.1480
1212 1650 0.1540
1212 1652 0.2953
1212 1653 0.2896
1212 1654 0.1841
1212 1655 0.3879
1212 1656 0.1887
1212 1657 0.1814
1212 1658 0.1384
1212 1659 0.2689
1212 1660 0.1523
1212 1661 0.2084
1212 1662 0.1583
1212 1663 0.1406
1212 1664 0.1030
1212 1665 0.1593
1212 1666 0.1149
1212 1667 0.1369
1212 1668 0.1418
1212 1669 0.1372
1212 1670 0.1197
1212 1671 0.1602
1212 1672 0.1653
1212 1674 0.1127
1212 1675 0.1583
1212 1676 0.1254
1212 1677 0.1496
1212 1678 0.2004
1212 1679 0.2134
1212 1681 0.1583
1212 1682 0.1544
1212 1683 0.1586
1212 1684 0.1814
1212 1685 0.1829
1212 1686 0.1097
1212 1687 0.2953
1212 1688 0.1654
1212 1689 0.7108
1212 1690 0.1586
1212 1691 0.1583
1212 1692 0.2598
1212 1694 0.1528
1212 1695 0.1097
1212 1696 0.1583
1212 1697 0.1182
1212 1698 0.1501
1212 1699 0.1545
1212 1700 0.1622
1212 1701 0.1236
1212 1702 0.1153
1212 1703 0.1030
1212 1705 0.1802
1212 1706 0.1217
1212 1707 0.1454
1212 1709 0.2953
1212 1711 0.1522
1212 1712 0.5530
1212 1713 0.1336
1212 1714 0.2568
1212 1715 0.1355
1212 1716 0.2953
1212 1717 0.6516
1212 1718 0.1430
1212 1719 0.1622
1212 1720 0.2538
1212 1721 0.2953
1212 1723 0.1572
1212 1724 0.1030
1212 1725 0.1415
1212 1726 0.1499
1212 1728 0.1872
1212 1729 0.1493
1212 1730 0.1887
1213 1214 0.2263
1213 1215 0.2114
1213 1216 0.1461
1213 1217 0.2150
1213 1218 0.2546
1213 1219 0.1888
1213 1221 0.3069
1213 1222 0.1716
1213 1223 0.2814
1213 1225 0.6335
1213 1226 0.4951
1213 1227 0.3063
1213 1228 0.2552
1213 1229 0.2836
1213 1230 0.2798
1213 1231 0.2518
1213 1232 0.1646
1213 1233 0.1745
1213 1234 0.1924
1213 1236 0.2150
1213 1237 0.3039
1213 1238 0.3386
1213 1240 0.2963
1213 1241 0.1741
1213 1242 0.4687
1213 1244 0.1988
1213 1245 0.2166
1213 1246 0.1924
1213 1247 0.3197
1213 1248 0.2834
1213 1249 0.1740
1213 1250 0.3598
1213 1251 0.2159
1213 1252 0.2926
1213 1253 0.2471
1213 1254 0.2171
1213 1255 0.2171
1213 1256 0.4033
1213 1257 0.2146
1213 1258 0.4231
1213 1259 0.5958
1213 1260 0.3349
1213 1262 0.1651
1213 1263 0.3385
1213 1265 0.3529
1213 1266 0.3069
1213 1267 0.3083
1213 1268 0.4420
1213 1269 0.4930
1213 1270 0.3271
1213 1271 0.4424
1213 1272 0.2868
1213 1273 0.2159
1213 1274 0.2843
1213 1275 0.4596
1213 1276 0.2444
1213 1278 0.1461
1213 1279 0.3019
1213 1280 0.3674
1213 1281 0.2730
1213 1282 0.1988
1213 1283 0.2399
1213 1284 0.3427
1213 1286 0.2341
1213 1287 0.3329
1213 1288 0.1865
1213 1289 0.1955
1213 1290 0.1915
1213 1292 0.6286
1213 1293 0.3112
1213 1296 0.3395
1213 1297 0.1865
1213 1298 0.2723
1213 1299 0.1774
1213 1300 0.1924
1213 1301 0.1608
1213 1303 0.3366
1213 1304 0.3069
1213 1305 0.3939
1213 1306 0.1922
1213 1307 0.2254
1213 1309 0.3069
1213 1310 0.2414
1213 1311 0.1461
1213 1313 0.1812
1213 1316 0.9061
1213 1318 0.1924
1213 1319 0.1660
1213 1322 0.2125
1213 1323 0.3131
1213 1324 0.1759
1213 1325 0.2171
1213 1326 0.2833
1213 1327 0.2171
1213 1330 0.2564
1213 1331 0.2607
1213 1333 0.1759
1213 1334 0.2810
1213 1335 0.3629
1213 1336 0.1759
1213 1337 0.1988
1213 1338 0.1732
1213 1340 0.2141
1213 1341 0.1924
1213 1342 0.3888
1213 1343 0.2460
1213 1344 0.2669
1213 1346 0.2518
1213 1348 0.2537
1213 1349 0.2951
1213 1350 0.2171
1213 1351 0.1671
1213 1352 0.2400
1213 1353 0.1745
1213 1354 0.1924
1213 1355 0.2141
1213 1356 0.2150
1213 1357 0.1693
1213 1360 0.2141
1213 1361 0.2342
1213 1362 0.3572
1213 1363 0.2995
1213 1364 0.3057
1213 1366 0.1924
1213 1367 0.4684
1213 1368 0.3070
1213 1369 0.5562
1213 1370 0.5940
1213 1372 0.2443
1213 1374 0.4204
1213 1375 0.2206
1213 1376 0.2707
1213 1377 0.2674
1213 1378 0.2150
1213 1379 0.1714
1213 1380 0.2761
1213 1382 0.1915
1213 1383 0.4019
1213 1384 0.2403
1213 1386 0.1988
1213 1387 0.3995
1213 1388 0.2041
1213 1389 0.2072
1213 1390 0.1865
1213 1393 0.2171
1213 1394 0.3987
1213 1395 0.2906
1213 1396 0.2812
1213 1397 0.2982
1213 1398 0.5135
1213 1399 0.1863
1213 1401 0.2384
1213 1402 0.2973
1213 1405 0.5205
1213 1406 0.1924
1213 1407 0.2171
1213 1408 0.2557
1213 1409 0.1781
1213 1411 0.2150
1213 1412 0.2041
1213 1413 0.1635
1213 1415 0.2381
1213 1416 0.1924
1213 1418 0.2691
1213 1419 0.3906
1213 1420 0.2171
1213 1421 0.3172
1213 1422 0.1951
1213 1423 0.2120
1213 1424 0.2384
1213 1425 0.2818
1213 1426 0.7067
1213 1427 0.2305
1213 1428 0.2634
1213 1431 0.2486
1213 1434 0.7925
1213 1435 0.4856
1213 1436 0.1915
1213 1437 0.3824
1213 1438 0.1550
1213 1439 0.5303
1213 1440 0.5716
1213 1441 0.2582
1213 1443 0.1865
1213 1445 0.1514
1213 1446 0.2308
1213 1448 0.4062
1213 1449 0.2626
1213 1451 0.3109
1213 1452 0.2891
1213 1454 0.2150
1213 1455 0.1461
1213 1456 0.2872
1213 1459 0.1461
1213 1460 0.2452
1213 1461 0.1988
1213 1462 0.3082
1213 1464 0.2790
1213 1465 0.3069
1213 1466 0.2598
1213 1468 0.1769
1213 1470 0.1461
1213 1472 0.2907
1213 1473 0.2349
1213 1474 0.1924
1213 1476 0.2849
1213 1477 0.2569
1213 1478 0.2083
1213 1479 0.3131
1213 1480 0.3479
1213 1481 0.1924
1213 1482 0.3426
1213 1484 0.1461
1213 1485 0.4281
1213 1486 0.3069
1213 1487 0.2613
1213 1490 0.1724
1213 1491 0.2549
1213 1492 0.1975
1213 1493 0.2550
1213 1494 0.1915
1213 1495 0.2171
1213 1496 0.2112
1213 1497 0.4049
1213 1498 0.1792
1213 1499 0.2171
1213 1500 0.2040
1213 1501 0.1461
1213 1503 0.3527
1213 1504 0.1635
1213 1505 0.1922
1213 1506 0.2705
1213 1507 0.2823
1213 1508 0.3069
1213 1511 0.2150
1213 1512 0.2955
1213 1513 0.1638
1213 1515 0.2150
1213 1516 0.3764
1213 1517 0.2755
1213 1518 0.2196
1213 1519 0.4006
1213 1520 0.8092
1213 1522 0.3164
1213 1525 0.1707
1213 1526 0.3372
1213 1527 0.2243
1213 1528 0.3426
1213 1529 0.2280
1213 1530 0.2419
1213 1531 0.3069
1213 1532 0.1689
1213 1535 0.4139
1213 1536 0.2368
1213 1537 0.1988
1213 1538 0.2621
1213 1540 0.2895
1213 1541 0.2669
1213 1542 0.3115
1213 1544 0.1800
1213 1545 0.3069
1213 1546 0.3433
1213 1547 0.2770
1213 1548 0.3509
1213 1549 0.1967
1213 1551 0.2150
1213 1552 0.1924
1213 1554 0.3677
1213 1555 0.3069
1213 1557 0.1629
1213 1560 0.1696
1213 1562 0.2171
1213 1565 0.2833
1213 1566 0.1581
1213 1567 0.2171
1213 1568 0.1922
1213 1569 0.2925
1213 1571 0.2674
1213 1572 0.3566
1213 1573 0.2812
1213 1574 0.2761
1213 1575 0.1759
1213 1576 0.1922
1213 1577 0.2858
1213 1578 0.3085
1213 1579 0.2778
1213 1580 0.2783
1213 1581 0.3467
1213 1583 0.1732
1213 1584 0.1836
1213 1585 0.3057
1213 1586 0.1861
1213 1587 0.2810
1213 1588 0.4981
1213 1589 0.1693
1213 1590 0.2612
1213 1591 0.3336
1213 1592 0.3548
1213 1593 0.1808
1213 1594 0.1707
1213 1595 0.1816
1213 1596 0.1461
1213 1597 0.1629
1213 1598 0.2171
1213 1599 0.1975
1213 1600 0.2171
1213 1601 0.2573
1213 1603 0.2868
1213 1604 0.2171
1213 1605 0.4242
1213 1606 0.3220
1213 1607 0.2633
1213 1608 0.4610
1213 1609 0.1974
1213 1610 0.2885
1213 1611 0.2171
1213 1612 0.4199
1213 1613 0.5593
1213 1614 0.1967
1213 1615 0.1732
1213 1616 0.1906
1213 1618 0.6379
1213 1619 0.1967
1213 1620 0.1924
1213 1621 0.5738
1213 1622 0.5796
1213 1623 0.1924
1213 1624 0.4830
1213 1625 0.1851
1213 1626 0.1461
1213 1627 0.1461
1213 1628 0.2171
1213 1629 0.2171
1213 1630 0.2688
1213 1632 0.2707
1213 1633 0.2150
1213 1634 0.1553
1213 1637 0.1924
1213 1638 0.3260
1213 1640 0.2566
1213 1641 0.3077
1213 1642 0.2915
1213 1644 0.1851
1213 1645 0.2945
1213 1646 0.2603
1213 1648 0.2171
1213 1649 0.2995
1213 1650 0.2477
1213 1652 0.1461
1213 1653 0.4537
1213 1654 0.2747
1213 1655 0.4402
1213 1656 0.3069
1213 1657 0.2150
1213 1658 0.1694
1213 1659 0.2531
1213 1660 0.3354
1213 1661 0.2177
1213 1662 0.2171
1213 1663 0.1924
1213 1664 0.1988
1213 1665 0.2146
1213 1666 0.1906
1213 1667 0.3614
1213 1668 0.3311
1213 1669 0.2119
1213 1670 0.2884
1213 1671 0.2491
1213 1672 0.2104
1213 1674 0.2953
1213 1675 0.2171
1213 1676 0.2575
1213 1677 0.1694
1213 1678 0.3517
1213 1679 0.2538
1213 1681 0.2171
1213 1682 0.1650
1213 1683 0.2908
1213 1684 0.2150
1213 1685 0.3059
1213 1686 0.1922
1213 1687 0.1461
1213 1688 0.1790
1213 1689 0.8494
1213 1690 0.2347
1213 1691 0.3764
1213 1692 0.3649
1213 1694 0.3027
1213 1695 0.1922
1213 1696 0.2171
1213 1697 0.1819
1213 1698 0.1742
1213 1699 0.1709
1213 1700 0.2112
1213 1701 0.2308
1213 1702 0.2204
1213 1703 0.1988
1213 1705 0.1794
1213 1706 0.2338
1213 1707 0.3739
1213 1709 0.1461
1213 1711 0.2963
1213 1712 0.8507
1213 1713 0.2379
1213 1714 0.3019
1213 1715 0.2153
1213 1716 0.1461
1213 1717 0.8419
1213 1718 0.1704
1213 1719 0.2112
1213 1720 0.2348
1213 1721 0.1461
1213 1723 0.2757
1213 1724 0.1988
1213 1725 0.3491
1213 1726 0.1550
1213 1728 0.1906
1213 1729 0.2604
1213 1730 0.3069
1214 1215 0.4793
1214 1216 0.2263
1214 1217 0.1406
1214 1218 0.5543
1214 1219 0.3856
1214 1221 0.1430
1214 1222 0.4331
1214 1223 0.4589
1214 1225 0.8911
1214 1226 0.8392
1214 1227 0.6967
1214 1228 0.3174
1214 1229 0.2988
1214 1230 0.4995
1214 1231 0.4911
1214 1232 0.4237
1214 1233 0.3577
1214 1234 0.2824
1214 1236 0.1671
1214 1237 0.6079
1214 1238 0.6568
1214 1240 0.2992
1214 1241 0.5504
1214 1242 0.6616
1214 1244 0.3031
1214 1245 0.4739
1214 1246 0.4282
1214 1247 0.7447
1214 1248 0.3936
1214 1249 0.1056
1214 1250 0.3933
1214 1251 0.3147
1214 1252 0.4294
1214 1253 0.2236
1214 1254 0.1301
1214 1255 0.1301
1214 1256 0.2308
1214 1257 0.1935
1214 1258 0.5230
1214 1259 0.1884
1214 1260 0.1211
1214 1262 0.2561
1214 1263 0.2011
1214 1265 0.3288
1214 1266 0.1430
1214 1267 0.1511
1214 1268 0.1663
1214 1269 0.4982
1214 1270 0.2190
1214 1271 0.2351
1214 1272 0.0946
1214 1273 0.3147
1214 1274 0.1429
1214 1275 0.1769
1214 1276 0.2766
1214 1278 0.2263
1214 1279 0.2451
1214 1280 0.1968
1214 1281 0.0610
1214 1282 0.1807
1214 1283 0.0608
1214 1284 0.0680
1214 1286 0.0940
1214 1287 0.0687
1214 1288 0.1043
1214 1289 0.0607
1214 1290 0.2175
1214 1292 0.3190
1214 1293 0.0803
1214 1296 0.0986
1214 1297 0.1043
1214 1298 0.0585
1214 1299 0.0740
1214 1300 0.1117
1214 1301 0.0818
1214 1303 0.0645
1214 1304 0.1430
1214 1305 0.0945
1214 1306 0.1030
1214 1307 0.0971
1214 1309 0.1430
1214 1310 0.0686
1214 1311 0.2263
1214 1313 0.0940
1214 1316 0.6555
1214 1318 0.1117
1214 1319 0.0996
1214 1322 0.0659
1214 1323 0.5248
1214 1324 0.1741
1214 1325 0.1301
1214 1326 0.3526
1214 1327 0.1301
1214 1330 0.3767
1214 1331 0.6202
1214 1333 0.1741
1214 1334 0.2199
1214 1335 0.5322
1214 1336 0.0766
1214 1337 0.1493
1214 1338 0.1074
1214 1340 0.5901
1214 1341 0.1117
1214 1342 0.8286
1214 1343 0.3155
1214 1344 0.3461
1214 1346 0.4911
1214 1348 0.7549
1214 1349 0.5764
1214 1350 0.1405
1214 1351 0.4198
1214 1352 0.3440
1214 1353 0.0999
1214 1354 0.1117
1214 1355 0.5901
1214 1356 0.1406
1214 1357 0.0989
1214 1360 0.5901
1214 1361 0.3824
1214 1362 0.4734
1214 1363 0.3672
1214 1364 0.4782
1214 1366 0.1614
1214 1367 0.8082
1214 1368 0.3684
1214 1369 0.6589
1214 1370 0.8265
1214 1372 0.2912
1214 1374 0.6894
1214 1375 0.7015
1214 1376 0.4088
1214 1377 0.1899
1214 1378 0.1406
1214 1379 0.1280
1214 1380 0.1489
1214 1382 0.2175
1214 1383 0.6818
1214 1384 0.4827
1214 1386 0.0992
1214 1387 0.0796
1214 1388 0.3683
1214 1389 0.1671
1214 1390 0.1043
1214 1393 0.2062
1214 1394 0.1312
1214 1395 0.3531
1214 1396 0.2662
1214 1397 0.3559
1214 1398 0.5165
1214 1399 0.0802
1214 1401 0.1152
1214 1402 0.1286
1214 1405 0.5363
1214 1406 0.1117
1214 1407 0.1301
1214 1408 0.1466
1214 1409 0.1205
1214 1411 0.1416
1214 1412 0.3683
1214 1413 0.1138
1214 1415 0.1049
1214 1416 0.1117
1214 1418 0.1200
1214 1419 0.4578
1214 1420 0.1301
1214 1421 0.1920
1214 1422 0.0663
1214 1423 0.2133
1214 1424 0.1779
1214 1425 0.1061
1214 1426 0.5639
1214 1427 0.0868
1214 1428 0.0799
1214 1431 0.1699
1214 1434 0.6442
1214 1435 0.3047
1214 1436 0.1021
1214 1437 0.0792
1214 1438 0.0772
1214 1439 0.4106
1214 1440 0.2616
1214 1441 0.1382
1214 1443 0.1043
1214 1445 0.0768
1214 1446 0.1228
1214 1448 0.0889
1214 1449 0.1087
1214 1451 0.1355
1214 1452 0.1473
1214 1454 0.1406
1214 1455 0.2263
1214 1456 0.1381
1214 1459 0.2263
1214 1460 0.0680
1214 1461 0.3102
1214 1462 0.2011
