382 395 0.1829
382 396 0.6181
382 397 0.3358
382 398 0.6650
382 399 0.7849
382 400 0.1829
382 402 0.1829
382 403 0.3499
382 404 0.2724
382 405 0.3499
382 406 0.5677
382 407 0.3499
382 408 0.1829
382 409 0.3358
382 411 0.3499
382 412 0.6602
382 413 0.3358
382 414 0.5677
382 415 0.7226
382 416 0.1829
382 418 0.8823
382 419 0.5677
382 420 0.3358
382 421 0.1829
382 422 0.4622
382 423 0.1829
382 424 0.6737
382 425 0.2724
382 427 0.2724
382 428 0.6518
382 430 0.3499
382 431 0.1829
382 432 0.1829
382 433 0.4622
382 434 0.8229
382 435 0.3358
382 436 0.3069
382 438 0.7296
382 439 0.5704
382 440 0.3499
382 441 0.7262
382 442 0.5677
382 443 0.1829
382 444 0.1829
382 445 0.1829
382 447 0.6283
382 449 0.6745
382 450 0.4622
382 451 0.3358
382 452 0.5772
382 453 0.5704
382 454 0.9614
382 455 0.3358
382 456 0.3358
382 457 0.1829
382 458 0.5704
382 459 0.2448
382 460 0.3499
382 461 0.5704
382 463 0.5677
382 464 0.3499
382 465 0.3358
382 466 0.9312
382 467 0.4622
382 468 0.1829
382 469 0.3358
382 470 0.5185
382 471 0.5039
382 472 0.5467
382 474 0.1829
382 475 0.5677
382 476 0.4151
382 478 0.2448
382 479 0.1829
382 480 0.3499
382 481 0.6745
382 482 0.3358
382 484 0.5677
382 485 0.3712
382 486 0.3499
382 488 0.2102
382 489 0.1829
382 490 0.3358
382 491 0.1829
382 492 0.5704
382 493 0.3499
382 494 0.1829
382 495 0.8937
382 496 0.3466
382 497 0.5677
382 498 0.6306
382 499 0.5704
382 500 0.3499
382 501 0.3358
382 503 0.5677
382 504 0.3358
382 505 0.5704
382 506 0.6745
382 507 0.4151
382 508 0.5039
382 509 0.3358
382 510 0.3499
382 511 0.8390
382 512 0.3069
382 513 0.3358
382 514 0.7226
382 515 0.5039
382 516 0.3358
382 517 0.5677
382 518 0.3358
382 519 0.3358
382 520 0.2447
382 521 0.3499
382 522 0.3499
382 523 0.4622
382 524 0.1829
382 526 0.3358
382 527 0.1829
382 528 0.3358
382 529 0.3499
382 530 0.1829
382 531 0.1829
382 532 0.3358
382 533 0.3358
382 534 0.3499
382 535 0.3499
382 536 0.7137
382 537 0.5704
382 538 0.1829
382 539 0.1829
382 540 0.6737
382 541 0.3358
382 542 0.3358
382 543 0.3499
382 544 0.6207
382 545 0.1829
382 546 0.5704
382 547 0.3358
382 548 0.3358
382 549 0.1829
382 551 0.1829
382 552 0.1829
382 553 0.5677
382 555 0.6745
382 556 0.3499
382 557 0.7262
382 558 0.5704
382 559 0.4183
382 560 0.5668
382 561 0.3358
382 562 0.1829
382 563 0.7006
382 564 0.2447
382 565 0.3358
382 566 0.3499
382 567 0.3499
382 568 0.9714
382 569 0.3936
382 570 0.1829
382 571 0.7849
382 572 0.5704
382 573 0.3358
382 574 0.1829
382 575 0.5704
382 576 0.5493
382 577 0.2724
382 578 0.2724
382 579 0.7226
382 580 0.1829
382 581 0.3499
382 582 0.3499
382 583 0.3499
382 584 0.3110
382 585 0.7262
382 586 0.5704
382 587 0.8702
382 589 0.7226
382 590 0.8723
382 591 0.3499
382 592 0.7226
382 595 0.1829
382 598 0.1829
382 599 0.3499
382 600 0.3358
382 601 0.3499
382 602 0.5704
382 604 0.1829
382 605 0.3499
382 606 0.3358
382 607 0.3499
382 608 0.3499
382 609 0.3499
382 610 0.5704
382 612 0.3499
382 613 0.6207
382 614 0.7849
382 615 0.3069
382 616 0.3499
382 617 0.3069
382 618 0.4183
382 619 0.7642
382 620 0.1829
382 621 0.4622
382 622 0.1829
382 623 0.1829
382 625 0.4199
382 626 0.5603
382 627 0.5704
382 628 0.6518
382 629 0.3358
382 630 0.1829
382 631 0.5704
382 632 0.2724
382 633 0.5960
382 634 0.5677
382 635 0.3069
382 636 0.1829
382 637 0.5677
382 638 0.3358
382 639 0.9766
382 640 0.1829
382 641 0.3499
382 642 0.5704
382 643 0.5677
382 644 0.1829
382 645 0.3069
382 646 0.3499
382 647 0.1829
382 648 0.3358
382 649 0.1829
382 650 0.5704
382 651 0.4622
382 652 0.3499
382 653 0.3499
382 654 0.3499
382 655 0.3358
382 656 0.1829
382 657 0.3358
382 658 0.4183
382 659 0.5677
382 660 0.1829
382 661 0.2724
382 662 0.5704
382 663 0.3499
382 664 0.3499
382 665 0.1829
382 666 0.1829
382 667 0.3499
382 668 0.1829
382 669 0.3499
382 670 0.1829
382 671 0.2724
382 672 0.3499
382 673 0.3358
382 674 0.3499
382 675 0.3358
382 676 0.3332
382 678 0.5039
382 679 0.3499
382 680 0.1829
382 681 0.3499
382 683 0.3499
382 684 0.3358
382 685 0.7642
382 686 0.5704
382 687 0.5704
382 688 0.3499
382 689 0.8704
382 690 0.2447
382 691 0.6568
382 692 0.3179
382 693 0.3499
382 694 0.5677
382 695 0.6518
382 696 0.3358
382 697 0.3358
382 698 0.2724
382 699 0.5677
382 700 0.3499
382 701 0.3499
382 702 0.3499
382 703 0.4151
382 704 0.3179
382 705 0.3499
382 706 0.8046
382 707 0.2724
382 708 0.3069
382 709 0.3358
382 710 0.5704
382 711 0.8377
382 712 0.3358
382 713 0.2447
382 714 0.6737
382 716 0.1829
382 717 0.3499
382 718 0.3499
382 720 0.1829
382 721 0.5704
382 722 0.7080
382 723 0.3499
382 725 0.3069
382 726 0.5039
382 727 0.3358
382 728 0.5888
382 729 0.3499
382 730 0.1829
382 731 0.4622
382 732 0.7871
382 733 0.7262
382 734 0.2447
382 735 0.7849
382 736 0.7892
382 737 0.8533
382 738 0.3499
382 740 0.6745
382 741 0.7226
382 742 0.3499
382 743 0.3358
382 744 0.6207
382 745 0.3499
382 747 0.2724
382 748 0.8603
382 749 0.1829
382 750 0.6745
382 751 0.1829
382 752 0.7596
382 753 0.4622
382 754 0.1829
382 755 0.2845
382 756 0.3358
382 757 0.5677
382 758 0.5704
382 759 0.4622
382 760 0.1829
382 761 0.1829
382 762 0.5704
382 763 0.4183
382 764 0.3499
382 765 0.3499
382 766 0.3499
382 767 0.3358
382 768 0.8996
382 769 0.3499
382 770 0.3358
382 771 0.5704
382 772 0.1829
382 773 0.5704
382 774 0.1829
382 776 0.3358
382 777 0.3499
382 778 0.2447
382 779 0.1829
382 780 0.1829
382 781 0.3499
382 782 0.5677
382 783 0.3358
382 784 0.2724
382 785 0.4302
382 786 0.5888
382 787 0.1829
382 788 0.1829
382 789 0.7871
382 791 0.3499
382 793 0.7226
382 794 0.5039
382 795 0.1829
382 796 0.5704
382 797 0.3499
382 798 0.1829
382 799 0.3936
382 801 0.4151
382 803 0.4158
382 804 0.7647
382 805 0.5039
382 806 0.3499
382 807 0.2447
382 808 0.7818
382 809 0.3358
382 810 0.5704
382 811 0.8711
382 812 0.1829
382 813 0.5677
382 814 0.3358
382 815 0.3499
382 816 0.3499
382 817 0.3499
382 818 0.1829
382 819 0.1829
382 820 0.1829
382 821 0.5039
382 822 0.5039
382 823 0.7473
382 824 0.3358
382 825 0.8855
382 827 0.4151
382 828 0.5704
382 829 0.1829
382 830 0.3499
382 831 0.7567
382 832 0.6745
382 833 0.1829
382 834 0.7226
382 835 0.3499
382 836 0.5704
382 837 0.1829
382 838 0.2102
382 839 0.1829
382 840 0.3499
382 841 0.5039
382 842 0.3499
382 843 0.4622
382 845 0.1829
382 846 0.5492
382 848 0.1829
382 849 0.5677
382 850 0.1829
382 851 0.9125
382 852 0.1829
382 853 0.3358
382 854 0.1829
382 855 0.5704
382 856 0.3358
382 857 0.1829
382 858 0.6737
382 859 0.1829
382 860 0.4622
382 861 0.4622
382 862 0.3358
382 865 0.2724
382 866 0.4731
382 867 0.3179
382 868 0.3358
382 869 0.7849
382 870 0.5039
382 871 0.4183
382 872 0.9995
382 874 0.3499
382 875 0.3499
382 876 0.5704
382 877 0.1829
382 878 0.1829
382 880 0.7473
382 881 0.2447
382 882 0.3499
382 883 0.3499
382 884 0.3499
382 885 0.3499
382 886 0.3499
382 887 0.6809
382 888 0.3499
382 889 0.3358
382 891 0.8420
382 892 0.3499
382 893 0.3358
382 894 0.1829
382 895 0.6745
382 896 0.1829
382 898 0.6620
382 900 0.2447
382 901 0.7262
382 903 0.7473
382 906 0.1829
382 907 0.3499
382 908 0.5677
382 909 0.7134
382 910 0.3499
382 911 0.3499
382 912 0.1829
382 913 0.1829
382 914 0.2724
382 915 0.7940
382 916 0.3499
382 917 0.1829
382 918 0.2447
382 919 0.3358
382 920 0.3358
382 921 0.2447
382 922 0.3358
382 924 0.1829
382 928 0.3358
382 929 0.3358
382 930 0.5704
382 932 0.1829
382 933 0.3499
382 934 0.3358
382 935 0.4151
382 936 0.3499
382 937 0.1829
382 938 0.5704
382 940 0.1829
382 941 0.5677
382 942 0.2759
382 943 0.2447
382 944 0.1829
382 946 0.3499
382 947 0.5071
382 948 0.3499
382 950 0.3499
382 951 0.1829
382 952 0.5493
382 953 0.7226
382 954 0.2447
382 955 0.5704
382 956 0.1829
382 957 0.1829
382 958 0.1829
382 959 0.3358
382 960 0.8568
382 962 0.1829
382 963 0.3069
382 964 0.1829
382 965 0.3358
382 966 0.3499
382 967 0.5704
382 968 0.7998
382 969 0.3358
382 971 0.7262
382 972 0.3499
382 973 0.3358
382 974 0.9897
382 976 0.5133
382 978 0.3499
382 979 0.8644
382 980 0.3358
382 981 0.1829
382 982 0.1829
382 983 0.3499
382 984 0.2724
382 985 0.3499
382 986 0.3499
382 987 0.5039
382 989 0.3499
382 990 0.3499
382 991 0.1829
382 992 0.1829
382 993 0.8340
382 994 0.9293
382 995 0.5905
382 996 0.3499
382 998 0.1829
382 999 0.1829
382 1000 0.3499
382 1001 0.3358
382 1002 0.7874
382 1003 0.6737
382 1004 0.7940
382 1005 0.1829
382 1006 0.5704
382 1007 0.8868
382 1008 0.3499
382 1010 0.3358
382 1013 0.3499
382 1014 0.3358
382 1015 0.3358
382 1016 0.2447
382 1017 0.3499
382 1018 0.1829
382 1019 0.3499
382 1020 0.7262
382 1022 0.2102
382 1023 0.3499
382 1024 0.3499
382 1026 0.2447
382 1027 0.4560
382 1028 0.1829
382 1029 0.4151
382 1030 0.4183
382 1031 0.1829
382 1032 0.3499
382 1033 0.1829
382 1034 0.3499
382 1035 0.3499
382 1036 0.3499
382 1037 0.3499
382 1038 0.3069
382 1039 0.3358
382 1040 0.3499
382 1041 0.1829
382 1042 0.5704
382 1044 0.1829
382 1045 0.1829
382 1046 0.1829
382 1047 0.2447
382 1048 0.5704
382 1049 0.3499
382 1050 0.1829
382 1051 0.1829
382 1053 0.2724
382 1055 0.3499
382 1056 0.3358
382 1057 0.3358
382 1058 0.3499
382 1059 0.3499
382 1060 0.4622
382 1061 0.3499
382 1062 0.1829
382 1063 0.7262
382 1064 0.3499
382 1065 0.4151
382 1066 0.5704
382 1067 0.8408
382 1068 0.5883
382 1069 0.3499
382 1070 0.2759
382 1071 0.1829
382 1072 0.3069
382 1073 0.1829
382 1075 0.5677
382 1076 0.1829
382 1077 0.1829
382 1078 0.3499
382 1079 0.5039
382 1080 0.1829
382 1081 0.2724
382 1082 0.3499
382 1083 0.8408
382 1084 0.4622
382 1085 0.3499
382 1087 0.3358
382 1089 0.3499
382 1090 0.2447
382 1091 0.1829
382 1093 0.1829
382 1094 0.3499
382 1095 0.3499
382 1096 0.1829
382 1097 0.1829
382 1099 0.9951
382 1102 0.1829
382 1103 0.1829
382 1104 0.3358
382 1105 0.7262
382 1106 0.2447
382 1107 0.1829
382 1108 0.2102
382 1109 0.1829
382 1110 0.1829
382 1111 0.3358
382 1113 0.1829
382 1114 0.1829
382 1115 0.1829
382 1116 0.3499
382 1117 0.3499
382 1118 0.1829
382 1119 0.1829
382 1120 0.3499
382 1121 0.3069
382 1122 0.1829
382 1123 0.3358
382 1124 0.3499
382 1125 0.3358
382 1126 0.3358
382 1127 0.5677
382 1128 0.7642
382 1129 0.2724
382 1130 0.5039
382 1131 0.1829
382 1132 0.3499
382 1133 0.1829
382 1134 0.1829
382 1135 0.9638
382 1136 0.3358
382 1138 0.3499
382 1139 0.1829
382 1141 0.1829
382 1142 0.3358
382 1143 0.5039
382 1146 0.3358
382 1147 0.1829
382 1148 0.1829
382 1150 0.7262
382 1151 0.3358
382 1152 0.8443
382 1153 0.1829
382 1154 0.8327
382 1155 0.3358
382 1156 0.3499
382 1157 0.1829
382 1158 0.3358
382 1159 0.1829
382 1160 0.1829
382 1161 0.3499
382 1162 0.3358
382 1163 0.6518
382 1165 0.1829
382 1166 0.3499
382 1167 0.1829
382 1169 0.4622
382 1172 0.3499
382 1173 0.1829
382 1174 0.1829
382 1176 0.5704
382 1177 0.5704
382 1178 0.1829
382 1180 0.4782
382 1181 0.3499
382 1182 0.3358
382 1183 0.4731
382 1184 0.1829
382 1185 0.1829
382 1186 0.5704
382 1187 0.3499
382 1188 0.1829
382 1189 0.3499
382 1191 0.3358
382 1192 0.1829
382 1193 0.4889
382 1194 0.1829
382 1195 0.1829
382 1196 0.1829
382 1197 0.3358
382 1198 0.1829
382 1199 0.6552
382 1200 0.3069
382 1201 0.3358
382 1202 0.3936
382 1203 0.1829
382 1204 0.3499
382 1205 0.1829
382 1206 0.7262
382 1208 0.1829
382 1209 0.3499
382 1210 0.4622
382 1211 0.5677
382 1212 0.3499
382 1213 0.3069
382 1214 0.3499
382 1215 0.1829
382 1216 0.3069
382 1217 0.1829
382 1218 0.3499
382 1219 0.1829
382 1221 0.1829
382 1222 0.1829
382 1223 0.2447
382 1225 0.8950
382 1226 0.7262
382 1227 0.2102
382 1228 0.3499
382 1229 0.3499
382 1230 0.3499
382 1231 0.2447
382 1232 0.1829
382 1233 0.1829
382 1234 0.1829
382 1236 0.1829
382 1237 0.3358
382 1238 0.3499
382 1240 0.3358
382 1241 0.1829
382 1242 0.7849
382 1244 0.1829
382 1245 0.3499
382 1246 0.1829
382 1247 0.5039
382 1248 0.3499
382 1249 0.1829
382 1250 0.3358
382 1251 0.3499
382 1252 0.3499
382 1253 0.3499
382 1254 0.1829
382 1255 0.1829
382 1256 0.3358
382 1257 0.1829
382 1258 0.5039
382 1259 0.5704
382 1260 0.2724
382 1262 0.1829
382 1263 0.5704
382 1265 0.5677
382 1266 0.1829
382 1267 0.3499
382 1268 0.3358
382 1269 0.7849
382 1270 0.3358
382 1271 0.5677
382 1272 0.3499
382 1273 0.3499
382 1274 0.3499
382 1275 0.5677
382 1276 0.3499
382 1278 0.3069
382 1279 0.3499
382 1280 0.3358
382 1281 0.3499
382 1282 0.1829
382 1283 0.2759
382 1284 0.3499
382 1286 0.3499
382 1287 0.4819
382 1288 0.1829
382 1289 0.2447
382 1290 0.1829
382 1292 0.8981
382 1293 0.3499
382 1296 0.3499
382 1297 0.1829
382 1298 0.5435
382 1299 0.1829
382 1300 0.1829
382 1301 0.1829
382 1303 0.4171
382 1304 0.1829
382 1305 0.3358
382 1306 0.1829
382 1307 0.2447
382 1309 0.1829
382 1310 0.2447
382 1311 0.3069
382 1313 0.1829
382 1316 0.9948
382 1318 0.1829
382 1319 0.1829
382 1322 0.1829
382 1323 0.2724
382 1324 0.1829
382 1325 0.1829
382 1326 0.3499
382 1327 0.1829
382 1330 0.3358
382 1331 0.3499
382 1333 0.1829
382 1334 0.3499
382 1335 0.3358
382 1336 0.1829
382 1337 0.1829
382 1338 0.1829
382 1340 0.1829
382 1341 0.1829
382 1342 0.7262
382 1343 0.3499
382 1344 0.3499
382 1346 0.2447
382 1348 0.2724
382 1349 0.3499
382 1350 0.1829
382 1351 0.1829
382 1352 0.3499
382 1353 0.1829
382 1354 0.1829
382 1355 0.1829
382 1356 0.1829
382 1357 0.1829
382 1360 0.1829
382 1361 0.3358
382 1362 0.3358
382 1363 0.3499
382 1364 0.3499
382 1366 0.1829
382 1367 0.6518
382 1368 0.3358
382 1369 0.5677
382 1370 0.8227
382 1372 0.3499
382 1374 0.3358
382 1375 0.1829
382 1376 0.3499
382 1377 0.3499
382 1378 0.1829
382 1379 0.1829
382 1380 0.3499
382 1382 0.1829
382 1383 0.3499
382 1384 0.3499
382 1386 0.1829
382 1387 0.5704
382 1388 0.1829
382 1389 0.3358
382 1390 0.1829
382 1393 0.1829
382 1394 0.3358
382 1395 0.3358
382 1396 0.3499
382 1397 0.5677
382 1398 0.5677
382 1399 0.1829
382 1401 0.3499
382 1402 0.4151
382 1405 0.5704
382 1406 0.1829
382 1407 0.1829
382 1408 0.2447
382 1409 0.1829
382 1411 0.1829
382 1412 0.1829
382 1413 0.1829
382 1415 0.2447
382 1416 0.1829
382 1418 0.3499
382 1419 0.3358
382 1420 0.1829
382 1421 0.3499
382 1422 0.3499
382 1423 0.1829
382 1424 0.3499
382 1425 0.2447
382 1426 0.7226
382 1427 0.3499
382 1428 0.2447
382 1431 0.3499
382 1434 0.9926
382 1435 0.8856
382 1436 0.1829
382 1437 0.5677
382 1438 0.1829
382 1439 0.6745
382 1440 0.6823
382 1441 0.3179
382 1443 0.1829
382 1445 0.1829
382 1446 0.2447
382 1448 0.3358
382 1449 0.3358
382 1451 0.3499
382 1452 0.3499
382 1454 0.1829
382 1455 0.3069
382 1456 0.3499
382 1459 0.3069
382 1460 0.3499
382 1461 0.1829
382 1462 0.3499
382 1464 0.3358
382 1465 0.1829
382 1466 0.2724
382 1468 0.1829
382 1470 0.1829
382 1472 0.3499
382 1473 0.3499
382 1474 0.1829
382 1476 0.3499
382 1477 0.3499
382 1478 0.1829
382 1479 0.3358
382 1480 0.3358
382 1481 0.1829
382 1482 0.3358
382 1484 0.3069
382 1485 0.5677
382 1486 0.1829
382 1487 0.3358
382 1490 0.1829
382 1491 0.4151
382 1492 0.1829
382 1493 0.3499
382 1494 0.3069
382 1495 0.1829
382 1496 0.1829
382 1497 0.3358
382 1498 0.1829
382 1499 0.1829
382 1500 0.1829
382 1501 0.3069
382 1503 0.5039
382 1504 0.1829
382 1505 0.1829
382 1506 0.3499
382 1507 0.3499
382 1508 0.1829
382 1511 0.1829
382 1512 0.3499
382 1513 0.1829
382 1515 0.1829
382 1516 0.5704
382 1517 0.3499
382 1518 0.3358
382 1519 0.6379
382 1520 0.9907
382 1522 0.4622
382 1525 0.1829
382 1526 0.2724
382 1527 0.3499
382 1528 0.3499
382 1529 0.3499
382 1530 0.4622
382 1531 0.1829
382 1532 0.1829
382 1535 0.3358
382 1536 0.2724
382 1537 0.1829
382 1538 0.5704
382 1540 0.3358
382 1541 0.3499
382 1542 0.3358
382 1544 0.1829
382 1545 0.1829
382 1546 0.3358
382 1547 0.3499
382 1548 0.6207
382 1549 0.1829
382 1551 0.1829
382 1552 0.1829
382 1554 0.3358
382 1555 0.1829
382 1557 0.1829
382 1560 0.1829
382 1562 0.1829
382 1565 0.2447
382 1566 0.1829
382 1567 0.1829
382 1568 0.1829
382 1569 0.3358
382 1571 0.3499
382 1572 0.3358
382 1573 0.3499
382 1574 0.3499
382 1575 0.1829
382 1576 0.1829
382 1577 0.3499
382 1578 0.3358
382 1579 0.3499
382 1580 0.3499
382 1581 0.3358
382 1583 0.1829
382 1584 0.1829
382 1585 0.3358
382 1586 0.1829
382 1587 0.3499
382 1588 0.5677
382 1589 0.1829
382 1590 0.3358
382 1591 0.5704
382 1592 0.3358
382 1593 0.2447
382 1594 0.1829
382 1595 0.1829
382 1596 0.3069
382 1597 0.1829
382 1598 0.1829
382 1599 0.1829
382 1600 0.1829
382 1601 0.2447
382 1603 0.3499
382 1604 0.1829
382 1605 0.3499
382 1606 0.5704
382 1607 0.3499
382 1608 0.5677
382 1609 0.1829
382 1610 0.3499
382 1611 0.1829
382 1612 0.4622
382 1613 0.8037
382 1614 0.1829
382 1615 0.1829
382 1616 0.1829
382 1618 0.7262
382 1619 0.1829
382 1620 0.1829
382 1621 0.8415
382 1622 0.9290
382 1623 0.1829
382 1624 0.5677
382 1625 0.1829
382 1626 0.3069
382 1627 0.3069
382 1628 0.1829
382 1629 0.1829
382 1630 0.3499
382 1632 0.3499
382 1633 0.1829
382 1634 0.1829
382 1637 0.1829
382 1638 0.3499
382 1640 0.3499
382 1641 0.2447
382 1642 0.3499
382 1644 0.1829
382 1645 0.3358
382 1646 0.3499
382 1648 0.1829
382 1649 0.3499
382 1650 0.3499
382 1652 0.3069
382 1653 0.5704
382 1654 0.3499
382 1655 0.5704
382 1656 0.1829
382 1657 0.1829
382 1658 0.1829
382 1659 0.3499
382 1660 0.6191
382 1661 0.3499
382 1662 0.1829
382 1663 0.1829
382 1664 0.1829
382 1665 0.1829
382 1666 0.1829
382 1667 0.3499
382 1668 0.3808
382 1669 0.1829
382 1670 0.3499
382 1671 0.3499
382 1672 0.3499
382 1674 0.3499
382 1675 0.1829
382 1676 0.3499
382 1677 0.1829
382 1678 0.3499
382 1679 0.3358
382 1681 0.1829
382 1682 0.1829
382 1683 0.3499
382 1684 0.1829
382 1685 0.3499
382 1686 0.1829
382 1687 0.3069
382 1688 0.1829
382 1689 0.9886
382 1690 0.3499
382 1691 0.5704
382 1692 0.5677
382 1694 0.3499
382 1695 0.1829
382 1696 0.1829
382 1697 0.1829
382 1698 0.1829
382 1699 0.1829
382 1700 0.1829
382 1701 0.1799
382 1702 0.2447
382 1703 0.1829
382 1705 0.1829
382 1706 0.2447
382 1707 0.6207
382 1709 0.1829
382 1711 0.3358
382 1712 0.9772
382 1713 0.3358
382 1714 0.3358
382 1715 0.3499
382 1716 0.3069
382 1717 0.9875
382 1718 0.1829
382 1719 0.1829
382 1720 0.3499
382 1721 0.3069
382 1723 0.3499
382 1724 0.1829
382 1725 0.3358
382 1726 0.1829
382 1728 0.1829
382 1729 0.3499
382 1730 0.1829
383 384 0.5086
383 385 0.3069
383 386 0.2882
383 387 0.6870
383 388 0.5050
383 389 0.3069
383 390 0.1461
383 391 0.7150
383 392 0.7363
383 393 0.6870
383 394 0.3069
383 395 0.3069
383 396 0.6678
383 397 0.5086
383 398 0.7263
383 399 0.8144
383 400 0.3069
383 402 0.3069
383 403 0.2882
383 404 0.3934
383 405 0.2882
383 406 0.6870
383 407 0.2882
383 408 0.3069
383 409 0.5086
383 411 0.2882
383 412 0.4394
383 413 0.5086
383 414 0.6870
383 415 0.8143
383 416 0.3069
383 418 0.9180
383 419 0.6870
383 420 0.5086
383 421 0.3069
383 422 0.4394
383 423 0.3069
383 424 0.7797
383 425 0.3934
383 427 0.3934
383 428 0.7441
383 430 0.2882
383 431 0.3069
383 432 0.3069
383 433 0.4394
383 434 0.8384
383 435 0.5086
383 436 0.1461
383 438 0.7981
383 439 0.5050
383 440 0.2882
383 441 0.6875
383 442 0.6870
383 443 0.3069
383 444 0.3069
383 445 0.3069
383 447 0.7354
383 449 0.6453
383 450 0.4394
383 451 0.5086
383 452 0.5538
383 453 0.5050
383 454 0.9734
383 455 0.5086
383 456 0.5086
383 457 0.3069
383 458 0.5050
383 459 0.3069
383 460 0.2882
383 461 0.5050
383 463 0.6870
383 464 0.2882
383 465 0.5086
383 466 0.9442
383 467 0.4394
383 468 0.3069
383 469 0.5086
383 470 0.6276
383 471 0.6422
383 472 0.6337
383 474 0.3069
383 475 0.6870
383 476 0.3548
383 478 0.3069
383 479 0.3069
383 480 0.2882
383 481 0.6453
383 482 0.5086
383 484 0.6870
383 485 0.5378
383 486 0.2882
383 488 0.3574
383 489 0.3069
383 490 0.5086
383 491 0.3069
383 492 0.5050
383 493 0.2882
383 494 0.3069
383 495 0.9063
383 496 0.3143
383 497 0.6870
383 498 0.7156
383 499 0.5050
383 500 0.2882
383 501 0.5086
383 503 0.6870
383 504 0.5086
383 505 0.5050
383 506 0.6453
383 507 0.3548
383 508 0.6422
383 509 0.5086
383 510 0.2882
383 511 0.7804
383 512 0.1461
383 513 0.5086
383 514 0.8143
383 515 0.6422
383 516 0.5086
383 517 0.6870
383 518 0.5086
383 519 0.5086
383 520 0.2348
383 521 0.2882
383 522 0.2882
383 523 0.4394
383 524 0.3069
383 526 0.5086
383 527 0.3069
383 528 0.5086
383 529 0.2882
383 530 0.3069
383 531 0.3069
383 532 0.5086
383 533 0.5086
383 534 0.2882
383 535 0.2882
383 536 0.7962
383 537 0.5050
383 538 0.3069
383 539 0.3069
383 540 0.7797
383 541 0.5086
383 542 0.5086
383 543 0.2882
383 544 0.5956
383 545 0.3069
383 546 0.5050
383 547 0.5086
383 548 0.5086
383 549 0.3069
383 551 0.3069
383 552 0.3069
383 553 0.6870
383 555 0.6453
383 556 0.2882
383 557 0.6875
383 558 0.5050
383 559 0.5917
383 560 0.5612
383 561 0.5086
383 562 0.3069
383 563 0.7629
383 564 0.2348
383 565 0.5086
383 566 0.2882
383 567 0.2882
383 568 0.9799
383 569 0.5101
383 570 0.3069
383 571 0.8144
383 572 0.5050
383 573 0.5086
383 574 0.3069
383 575 0.5050
383 576 0.5049
383 577 0.3934
383 578 0.3934
383 579 0.8143
383 580 0.3069
383 581 0.2882
383 582 0.2882
383 583 0.2882
383 584 0.5043
383 585 0.6875
383 586 0.5050
383 587 0.8844
383 589 0.8143
383 590 0.9109
383 591 0.2882
383 592 0.8143
383 595 0.3069
383 598 0.3069
383 599 0.2882
383 600 0.5086
383 601 0.2882
383 602 0.5050
383 604 0.3069
383 605 0.2882
383 606 0.5086
383 607 0.2882
383 608 0.2882
383 609 0.2882
383 610 0.5050
383 612 0.2882
383 613 0.5956
383 614 0.8144
383 615 0.1461
383 616 0.2882
383 617 0.1461
383 618 0.5917
383 619 0.8386
383 620 0.3069
383 621 0.4394
383 622 0.3069
383 623 0.3069
383 625 0.5956
383 626 0.5569
383 627 0.5050
383 628 0.7441
383 629 0.5086
383 630 0.3069
383 631 0.5050
383 632 0.3934
383 633 0.6771
383 634 0.6870
383 635 0.1461
383 636 0.3069
383 637 0.6870
383 638 0.5086
383 639 0.9836
383 640 0.3069
383 641 0.2882
383 642 0.5050
383 643 0.6870
383 644 0.3069
383 645 0.1461
383 646 0.2882
383 647 0.3069
383 648 0.5086
383 649 0.3069
383 650 0.5050
383 651 0.4394
383 652 0.2882
383 653 0.2882
383 654 0.2882
383 655 0.5086
383 656 0.3069
383 657 0.5086
383 658 0.5917
383 659 0.6870
383 660 0.3069
383 661 0.3934
383 662 0.5050
383 663 0.2882
383 664 0.2882
383 665 0.3069
383 666 0.3069
383 667 0.2882
383 668 0.3069
383 669 0.2882
383 670 0.3069
383 671 0.3934
383 672 0.2882
383 673 0.5086
383 674 0.2882
383 675 0.5086
383 676 0.5050
383 678 0.6422
383 679 0.2882
383 680 0.3069
383 681 0.2882
383 683 0.2882
383 684 0.5086
383 685 0.8386
383 686 0.5050
383 687 0.5050
383 688 0.2882
383 689 0.9003
383 690 0.2348
383 691 0.6422
383 692 0.3427
383 693 0.2882
383 694 0.6870
383 695 0.7441
383 696 0.5086
383 697 0.5086
383 698 0.3934
383 699 0.6870
383 700 0.2882
383 701 0.2882
383 702 0.2882
383 703 0.3548
383 704 0.3427
383 705 0.2882
383 706 0.8352
383 707 0.3934
383 708 0.1461
383 709 0.5086
383 710 0.5050
383 711 0.8890
383 712 0.5086
383 713 0.2348
383 714 0.7797
383 716 0.3069
383 717 0.2882
383 718 0.2882
383 720 0.3069
383 721 0.5050
383 722 0.7826
383 723 0.2882
383 725 0.1461
383 726 0.6422
383 727 0.5086
383 728 0.7044
383 729 0.2882
383 730 0.3069
383 731 0.4394
383 732 0.8568
383 733 0.6875
383 734 0.2348
383 735 0.8144
383 736 0.8602
383 737 0.8781
383 738 0.2882
383 740 0.6453
383 741 0.8143
383 742 0.2882
383 743 0.5086
383 744 0.5956
383 745 0.2882
383 747 0.3934
383 748 0.8994
383 749 0.3069
383 750 0.6453
383 751 0.3069
383 752 0.8130
383 753 0.4394
383 754 0.3069
383 755 0.4392
383 756 0.5086
383 757 0.6870
383 758 0.5050
383 759 0.4394
383 760 0.3069
383 761 0.3069
383 762 0.5050
383 763 0.5917
383 764 0.2882
383 765 0.2882
383 766 0.2882
383 767 0.5086
383 768 0.9345
383 769 0.2882
383 770 0.5086
383 771 0.5050
383 772 0.3069
383 773 0.5050
383 774 0.3069
383 776 0.5086
383 777 0.2882
383 778 0.2348
383 779 0.3069
383 780 0.3069
383 781 0.2882
383 782 0.6870
383 783 0.5086
383 784 0.3934
383 785 0.5686
383 786 0.7044
383 787 0.3069
383 788 0.3069
383 789 0.8568
383 791 0.2882
383 793 0.8143
383 794 0.6422
383 795 0.3069
383 796 0.5050
383 797 0.2882
383 798 0.3069
383 799 0.5101
383 801 0.3548
383 803 0.4577
383 804 0.8150
383 805 0.6422
383 806 0.2882
383 807 0.2348
383 808 0.8004
383 809 0.5086
383 810 0.5050
383 811 0.9110
383 812 0.3069
383 813 0.6870
383 814 0.5086
383 815 0.2882
383 816 0.2882
383 817 0.2882
383 818 0.3069
383 819 0.3069
383 820 0.3069
383 821 0.6422
383 822 0.6422
383 823 0.8076
383 824 0.5086
383 825 0.8966
383 827 0.3548
383 828 0.5050
383 829 0.3069
383 830 0.2882
383 831 0.7804
383 832 0.6453
383 833 0.3069
383 834 0.8143
383 835 0.2882
383 836 0.5050
383 837 0.3069
383 838 0.3574
383 839 0.3069
383 840 0.2882
383 841 0.6422
383 842 0.2882
383 843 0.4394
383 845 0.3069
383 846 0.7003
383 848 0.3069
383 849 0.6870
383 850 0.3069
383 851 0.9351
383 852 0.3069
383 853 0.5086
383 854 0.3069
383 855 0.5050
383 856 0.5086
383 857 0.3069
383 858 0.7797
383 859 0.3069
383 860 0.4394
383 861 0.4394
383 862 0.5086
383 865 0.3934
383 866 0.2882
383 867 0.3427
383 868 0.5086
383 869 0.8144
383 870 0.6422
383 871 0.5917
383 872 0.9997
383 874 0.2882
383 875 0.2882
383 876 0.5050
383 877 0.3069
383 878 0.3069
383 880 0.8076
383 881 0.2348
383 882 0.2882
383 883 0.2882
383 884 0.2882
383 885 0.2882
383 886 0.2882
383 887 0.7662
383 888 0.2882
383 889 0.5086
383 891 0.8622
383 892 0.2882
383 893 0.5086
383 894 0.3069
383 895 0.6453
383 896 0.3069
383 898 0.7363
383 900 0.2348
383 901 0.6875
383 903 0.8076
383 906 0.3069
383 907 0.2882
383 908 0.6870
383 909 0.7689
383 910 0.2882
383 911 0.2882
383 912 0.3069
383 913 0.3069
383 914 0.3934
383 915 0.8203
383 916 0.2882
383 917 0.3069
383 918 0.2348
383 919 0.5086
383 920 0.5086
383 921 0.2348
383 922 0.5086
383 924 0.3069
383 928 0.5086
383 929 0.5086
383 930 0.5050
383 932 0.3069
383 933 0.2882
383 934 0.5086
383 935 0.3548
383 936 0.2882
383 937 0.3069
383 938 0.5050
383 940 0.3069
383 941 0.6870
383 942 0.2921
383 943 0.2348
383 944 0.3069
383 946 0.2882
383 947 0.4503
383 948 0.2882
383 950 0.2882
383 951 0.3069
383 952 0.5917
383 953 0.8143
383 954 0.2348
383 955 0.5050
383 956 0.3069
383 957 0.3069
383 958 0.3069
383 959 0.5086
383 960 0.9009
383 962 0.3069
383 963 0.1461
383 964 0.3069
383 965 0.5086
383 966 0.2882
383 967 0.5050
383 968 0.8334
383 969 0.5086
383 971 0.6875
383 972 0.2882
383 973 0.5086
383 974 0.9926
383 976 0.5263
383 978 0.2882
383 979 0.9085
383 980 0.5086
383 981 0.3069
383 982 0.3069
383 983 0.2882
383 984 0.3934
383 985 0.2882
383 986 0.2882
383 987 0.6422
383 989 0.2882
383 990 0.2882
383 991 0.3069
383 992 0.3069
383 993 0.8735
383 994 0.9429
383 995 0.6634
383 996 0.2882
383 998 0.3069
383 999 0.3069
383 1000 0.2882
383 1001 0.5086
383 1002 0.8400
383 1003 0.7797
383 1004 0.8203
383 1005 0.3069
383 1006 0.5050
383 1007 0.9116
383 1008 0.2882
383 1010 0.5086
383 1013 0.2882
383 1014 0.5086
383 1015 0.5086
383 1016 0.2348
383 1017 0.2882
383 1018 0.3069
383 1019 0.2882
383 1020 0.6875
383 1022 0.3574
383 1023 0.2882
383 1024 0.2882
383 1026 0.2348
383 1027 0.5086
383 1028 0.3069
383 1029 0.3548
383 1030 0.5917
383 1031 0.3069
383 1032 0.2882
383 1033 0.3069
383 1034 0.2882
383 1035 0.2882
383 1036 0.2882
383 1037 0.2882
383 1038 0.1461
383 1039 0.5086
383 1040 0.2882
383 1041 0.3069
383 1042 0.5050
383 1044 0.3069
383 1045 0.3069
383 1046 0.3069
383 1047 0.2348
383 1048 0.5050
383 1049 0.2882
383 1050 0.3069
383 1051 0.3069
383 1053 0.3934
383 1055 0.2882
383 1056 0.5086
383 1057 0.5086
383 1058 0.2882
383 1059 0.2882
383 1060 0.4394
383 1061 0.2882
383 1062 0.3069
383 1063 0.6875
383 1064 0.2882
383 1065 0.3548
383 1066 0.5050
383 1067 0.8588
383 1068 0.7159
383 1069 0.2882
383 1070 0.2921
383 1071 0.3069
383 1072 0.1461
383 1073 0.3069
383 1075 0.6870
383 1076 0.3069
383 1077 0.3069
383 1078 0.2882
383 1079 0.6422
383 1080 0.3069
383 1081 0.3934
383 1082 0.2882
383 1083 0.8588
383 1084 0.4394
383 1085 0.2882
383 1087 0.5086
383 1089 0.2882
383 1090 0.2348
383 1091 0.3069
383 1093 0.3069
383 1094 0.2882
383 1095 0.2882
383 1096 0.3069
383 1097 0.3069
383 1099 0.9966
383 1102 0.3069
383 1103 0.3069
383 1104 0.5086
383 1105 0.6875
383 1106 0.2348
383 1107 0.3069
383 1108 0.3574
383 1109 0.3069
383 1110 0.3069
383 1111 0.5086
383 1113 0.3069
383 1114 0.3069
383 1115 0.3069
383 1116 0.2882
383 1117 0.2882
383 1118 0.3069
383 1119 0.3069
383 1120 0.2882
383 1121 0.1461
383 1122 0.3069
383 1123 0.5086
383 1124 0.2882
383 1125 0.5086
383 1126 0.5086
383 1127 0.6870
383 1128 0.8386
383 1129 0.3934
383 1130 0.6422
383 1131 0.3069
383 1132 0.2882
383 1133 0.3069
383 1134 0.3069
383 1135 0.9746
383 1136 0.5086
383 1138 0.2882
383 1139 0.3069
383 1141 0.3069
383 1142 0.5086
383 1143 0.6422
383 1146 0.5086
383 1147 0.3069
383 1148 0.3069
383 1150 0.6875
383 1151 0.5086
383 1152 0.8976
383 1153 0.3069
383 1154 0.8465
383 1155 0.5086
383 1156 0.2882
383 1157 0.3069
383 1158 0.5086
383 1159 0.3069
383 1160 0.3069
383 1161 0.2882
383 1162 0.5086
383 1163 0.7441
383 1165 0.3069
383 1166 0.2882
383 1167 0.3069
383 1169 0.4394
383 1172 0.2882
383 1173 0.3069
383 1174 0.3069
383 1176 0.5050
383 1177 0.5050
383 1178 0.3069
383 1180 0.4883
383 1181 0.2882
383 1182 0.5086
383 1183 0.2882
383 1184 0.3069
383 1185 0.3069
383 1186 0.5050
383 1187 0.2882
383 1188 0.3069
383 1189 0.2882
383 1191 0.5086
383 1192 0.3069
383 1193 0.4683
383 1194 0.3069
383 1195 0.3069
383 1196 0.3069
383 1197 0.5086
383 1198 0.3069
383 1199 0.6870
383 1200 0.1461
383 1201 0.5086
383 1202 0.5101
383 1203 0.3069
383 1204 0.2882
383 1205 0.3069
383 1206 0.6875
383 1208 0.3069
383 1209 0.2882
383 1210 0.4394
383 1211 0.6870
383 1212 0.2882
383 1213 0.1461
383 1214 0.2882
383 1215 0.3069
383 1216 0.1461
383 1217 0.3069
383 1218 0.2882
383 1219 0.3069
383 1221 0.3069
383 1222 0.3069
383 1223 0.2348
383 1225 0.9077
383 1226 0.6875
383 1227 0.3574
383 1228 0.2882
383 1229 0.2882
383 1230 0.2882
383 1231 0.2348
383 1232 0.3069
383 1233 0.3069
383 1234 0.3069
383 1236 0.3069
383 1237 0.5086
383 1238 0.2882
383 1240 0.5086
383 1241 0.3069
383 1242 0.8144
383 1244 0.3069
383 1245 0.2882
383 1246 0.3069
383 1247 0.6422
383 1248 0.2882
383 1249 0.3069
383 1250 0.5086
383 1251 0.2882
383 1252 0.2882
383 1253 0.2882
383 1254 0.3069
383 1255 0.3069
383 1256 0.5086
383 1257 0.3069
383 1258 0.6422
383 1259 0.5050
383 1260 0.3934
383 1262 0.3069
383 1263 0.5050
383 1265 0.6870
383 1266 0.3069
383 1267 0.2882
383 1268 0.5086
383 1269 0.8144
383 1270 0.5086
383 1271 0.6870
383 1272 0.2882
383 1273 0.2882
383 1274 0.2882
383 1275 0.6870
383 1276 0.2882
383 1278 0.1461
383 1279 0.2882
383 1280 0.5086
383 1281 0.2882
383 1282 0.3069
383 1283 0.2921
383 1284 0.2882
383 1286 0.2882
383 1287 0.4769
383 1288 0.3069
383 1289 0.2348
383 1290 0.3069
383 1292 0.9211
383 1293 0.2882
383 1296 0.2882
383 1297 0.3069
383 1298 0.6687
383 1299 0.3069
383 1300 0.3069
383 1301 0.3069
383 1303 0.4452
383 1304 0.3069
383 1305 0.5086
383 1306 0.3069
383 1307 0.2348
383 1309 0.3069
383 1310 0.2348
383 1311 0.1461
383 1313 0.3069
383 1316 0.9963
383 1318 0.3069
383 1319 0.3069
383 1322 0.3069
383 1323 0.3934
383 1324 0.3069
383 1325 0.3069
383 1326 0.2882
383 1327 0.3069
383 1330 0.5086
383 1331 0.2882
383 1333 0.3069
383 1334 0.2882
383 1335 0.5086
383 1336 0.3069
383 1337 0.3069
383 1338 0.3069
383 1340 0.3069
383 1341 0.3069
383 1342 0.6875
383 1343 0.2882
383 1344 0.2882
383 1346 0.2348
383 1348 0.3934
383 1349 0.2882
383 1350 0.3069
383 1351 0.3069
383 1352 0.2882
383 1353 0.3069
383 1354 0.3069
383 1355 0.3069
383 1356 0.3069
383 1357 0.3069
383 1360 0.3069
383 1361 0.5086
383 1362 0.5086
383 1363 0.2882
383 1364 0.2882
383 1366 0.3069
383 1367 0.7441
383 1368 0.5086
383 1369 0.6870
383 1370 0.8827
383 1372 0.2882
383 1374 0.5086
383 1375 0.3069
383 1376 0.2882
383 1377 0.2882
383 1378 0.3069
383 1379 0.3069
383 1380 0.2882
383 1382 0.3069
383 1383 0.2882
383 1384 0.2882
383 1386 0.3069
383 1387 0.5050
383 1388 0.3069
383 1389 0.5086
383 1390 0.3069
383 1393 0.3069
383 1394 0.5086
383 1395 0.5086
383 1396 0.2882
383 1397 0.6870
383 1398 0.6870
383 1399 0.3069
383 1401 0.2882
383 1402 0.3548
383 1405 0.5050
383 1406 0.3069
383 1407 0.3069
383 1408 0.2348
383 1409 0.3069
383 1411 0.3069
383 1412 0.3069
383 1413 0.3069
383 1415 0.2348
383 1416 0.3069
383 1418 0.2882
383 1419 0.5086
383 1420 0.3069
383 1421 0.2882
383 1422 0.2882
383 1423 0.3069
383 1424 0.2882
383 1425 0.2348
383 1426 0.8143
383 1427 0.2882
383 1428 0.2348
383 1431 0.2882
383 1434 0.9947
383 1435 0.8991
383 1436 0.3069
383 1437 0.6870
383 1438 0.3069
383 1439 0.6453
383 1440 0.7194
383 1441 0.3427
383 1443 0.3069
383 1445 0.3069
383 1446 0.2348
383 1448 0.5086
383 1449 0.5086
383 1451 0.2882
383 1452 0.2882
383 1454 0.3069
383 1455 0.1461
383 1456 0.2882
383 1459 0.1461
383 1460 0.2882
383 1461 0.3069
383 1462 0.2882
383 1464 0.5086
383 1465 0.3069
383 1466 0.3934
383 1468 0.3069
383 1470 0.3069
383 1472 0.2882
383 1473 0.2882
383 1474 0.3069
383 1476 0.2882
383 1477 0.2882
383 1478 0.3069
383 1479 0.5086
383 1480 0.5086
383 1481 0.3069
383 1482 0.5086
383 1484 0.1461
383 1485 0.6870
383 1486 0.3069
383 1487 0.5086
383 1490 0.3069
383 1491 0.3548
383 1492 0.3069
383 1493 0.2882
383 1494 0.1461
383 1495 0.3069
383 1496 0.3069
383 1497 0.5086
383 1498 0.3069
383 1499 0.3069
383 1500 0.3069
383 1501 0.1461
383 1503 0.6422
383 1504 0.3069
383 1505 0.3069
383 1506 0.2882
383 1507 0.2882
383 1508 0.3069
383 1511 0.3069
383 1512 0.2882
383 1513 0.3069
383 1515 0.3069
383 1516 0.5050
383 1517 0.2882
383 1518 0.5086
383 1519 0.6967
383 1520 0.9932
383 1522 0.4394
383 1525 0.3069
383 1526 0.3934
383 1527 0.2882
383 1528 0.2882
383 1529 0.2882
383 1530 0.4394
383 1531 0.3069
383 1532 0.3069
383 1535 0.5086
383 1536 0.3934
383 1537 0.3069
383 1538 0.5050
383 1540 0.5086
383 1541 0.2882
383 1542 0.5086
383 1544 0.3069
383 1545 0.3069
383 1546 0.5086
383 1547 0.2882
383 1548 0.5956
383 1549 0.3069
383 1551 0.3069
383 1552 0.3069
383 1554 0.5086
383 1555 0.3069
383 1557 0.3069
383 1560 0.3069
383 1562 0.3069
383 1565 0.2348
383 1566 0.3069
383 1567 0.3069
383 1568 0.3069
383 1569 0.5086
383 1571 0.2882
383 1572 0.5086
383 1573 0.2882
383 1574 0.2882
383 1575 0.3069
383 1576 0.3069
383 1577 0.2882
383 1578 0.5086
383 1579 0.2882
383 1580 0.2882
383 1581 0.5086
383 1583 0.3069
383 1584 0.3069
383 1585 0.5086
383 1586 0.3069
383 1587 0.2882
383 1588 0.6870
383 1589 0.3069
383 1590 0.5086
383 1591 0.5050
383 1592 0.5086
383 1593 0.2348
383 1594 0.3069
383 1595 0.3069
383 1596 0.1461
383 1597 0.3069
383 1598 0.3069
383 1599 0.3069
383 1600 0.3069
383 1601 0.2348
383 1603 0.2882
383 1604 0.3069
383 1605 0.2882
383 1606 0.5050
383 1607 0.2882
383 1608 0.6870
383 1609 0.3069
383 1610 0.2882
383 1611 0.3069
383 1612 0.4394
383 1613 0.8681
383 1614 0.3069
383 1615 0.3069
383 1616 0.3069
383 1618 0.6875
383 1619 0.3069
383 1620 0.3069
383 1621 0.8896
383 1622 0.9388
383 1623 0.3069
383 1624 0.6870
383 1625 0.3069
383 1626 0.1461
383 1627 0.1461
383 1628 0.3069
383 1629 0.3069
383 1630 0.2882
383 1632 0.2882
383 1633 0.3069
383 1634 0.3069
383 1637 0.3069
383 1638 0.2882
383 1640 0.2882
383 1641 0.2348
383 1642 0.2882
383 1644 0.3069
383 1645 0.5086
383 1646 0.2882
383 1648 0.3069
383 1649 0.2882
383 1650 0.2882
383 1652 0.1461
383 1653 0.5050
383 1654 0.2882
383 1655 0.5050
383 1656 0.3069
383 1657 0.3069
383 1658 0.3069
383 1659 0.2882
383 1660 0.3548
383 1661 0.2882
383 1662 0.3069
383 1663 0.3069
383 1664 0.3069
383 1665 0.3069
383 1666 0.3069
383 1667 0.2882
383 1668 0.5158
383 1669 0.3069
383 1670 0.2882
383 1671 0.2882
383 1672 0.2882
383 1674 0.2882
383 1675 0.3069
383 1676 0.2882
383 1677 0.3069
383 1678 0.2882
383 1679 0.5086
383 1681 0.3069
383 1682 0.3069
383 1683 0.2882
383 1684 0.3069
383 1685 0.2882
383 1686 0.3069
383 1687 0.1461
383 1688 0.3069
383 1689 0.9926
383 1690 0.2882
383 1691 0.5050
383 1692 0.6870
383 1694 0.2882
383 1695 0.3069
383 1696 0.3069
383 1697 0.3069
383 1698 0.3069
383 1699 0.3069
383 1700 0.3069
383 1701 0.3035
383 1702 0.2348
383 1703 0.3069
383 1705 0.3069
383 1706 0.2348
383 1707 0.5956
383 1709 0.3069
383 1711 0.5086
383 1712 0.9836
383 1713 0.5086
383 1714 0.5086
383 1715 0.2882
383 1716 0.1461
383 1717 0.9909
383 1718 0.3069
383 1719 0.3069
383 1720 0.2882
383 1721 0.1461
383 1723 0.2882
383 1724 0.3069
383 1725 0.5086
383 1726 0.3069
383 1728 0.3069
383 1729 0.2882
383 1730 0.3069
384 385 0.3358
384 386 0.5726
384 387 0.7135
384 388 0.7191
384 389 0.3358
384 390 0.5086
384 391 0.6721
384 392 0.8734
384 393 0.7135
384 394 0.3358
384 395 0.3358
384 396 0.7296
384 397 0.5370
384 398 0.8792
384 399 0.8356
384 400 0.3358
384 402 0.3358
384 403 0.5726
384 404 0.4948
384 405 0.5726
384 406 0.7135
384 407 0.5726
384 408 0.3358
384 409 0.5370
384 411 0.5726
384 412 0.6357
384 413 0.5370
384 414 0.7135
384 415 0.7804
384 416 0.3358
384 418 0.9113
384 419 0.7135
384 420 0.5370
384 421 0.3358
384 422 0.8081
384 423 0.3358
384 424 0.7565
384 425 0.4948
384 427 0.4948
384 428 0.7386
384 430 0.5726
384 431 0.4560
384 432 0.4560
384 433 0.6357
384 434 0.8685
384 435 0.5370
384 436 0.5086
384 438 0.8024
384 439 0.7191
384 440 0.5726
384 441 0.7788
384 442 0.7135
384 443 0.3358
384 444 0.3358
384 445 0.3358
384 447 0.7126
384 449 0.7489
384 450 0.6357
384 451 0.5370
384 452 0.8168
384 453 0.7191
384 454 0.9708
384 455 0.5370
384 456 0.5370
384 457 0.3358
384 458 0.7191
384 459 0.3358
384 460 0.5726
384 461 0.7191
384 463 0.7135
384 464 0.5726
384 465 0.6213
384 466 0.9473
384 467 0.8097
384 468 0.3358
384 469 0.5370
384 470 0.6487
384 471 0.6638
384 472 0.8792
384 474 0.3358
384 475 0.7135
384 476 0.6068
384 478 0.3358
384 479 0.3358
384 480 0.5726
384 481 0.7489
384 482 0.5370
384 484 0.7135
384 485 0.7712
384 486 0.5726
384 488 0.4086
384 489 0.3358
384 490 0.5370
384 491 0.3358
384 492 0.7191
384 493 0.5726
384 494 0.3358
384 495 0.9421
384 496 0.5517
384 497 0.7715
384 498 0.7362
384 499 0.7191
384 500 0.5726
384 501 0.6213
384 503 0.7135
384 504 0.5370
384 505 0.7191
384 506 0.7489
384 507 0.8127
384 508 0.6638
384 509 0.5370
384 510 0.6718
384 511 0.8145
384 512 0.5086
384 513 0.5370
384 514 0.7804
384 515 0.6638
384 516 0.5370
384 517 0.7135
384 518 0.5370
384 519 0.5370
384 520 0.6480
384 521 0.5726
384 522 0.5726
384 523 0.6357
384 524 0.3358
384 526 0.5370
384 527 0.3358
384 528 0.5370
384 529 0.5726
384 530 0.3358
384 531 0.3358
384 532 0.5370
384 533 0.5370
384 534 0.5726
384 535 0.5726
384 536 0.8657
384 537 0.7191
384 538 0.3358
384 539 0.3358
384 540 0.7565
384 541 0.5370
384 542 0.5370
384 543 0.5726
384 544 0.7016
384 545 0.3358
384 546 0.7191
384 547 0.5370
384 548 0.5370
384 549 0.3358
384 551 0.3358
384 552 0.3358
384 553 0.7715
384 555 0.7489
384 556 0.5726
384 557 0.7788
384 558 0.7191
384 559 0.7556
384 560 0.6663
384 561 0.5370
384 562 0.3358
384 563 0.7772
384 564 0.4627
384 565 0.5370
384 566 0.5726
384 567 0.5726
384 568 0.9988
384 569 0.7564
384 570 0.3358
384 571 0.8356
384 572 0.7191
384 573 0.5370
384 574 0.3358
384 575 0.7191
384 576 0.6411
384 577 0.4948
384 578 0.6436
384 579 0.7804
384 580 0.3358
384 581 0.5726
384 582 0.5726
384 583 0.5726
384 584 0.5261
384 585 0.7788
384 586 0.7191
384 587 0.9023
384 589 0.8363
384 590 0.9030
384 591 0.5726
384 592 0.7804
384 595 0.3358
384 598 0.3358
384 599 0.5726
384 600 0.5370
384 601 0.5726
384 602 0.7191
384 604 0.3358
384 605 0.5726
384 606 0.5370
384 607 0.5726
384 608 0.5726
384 609 0.5726
384 610 0.7191
384 612 0.5726
384 613 0.7016
384 614 0.8356
384 615 0.5086
384 616 0.5726
384 617 0.5086
384 618 0.7466
384 619 0.8168
384 620 0.3358
384 621 0.6357
384 622 0.3358
384 623 0.3358
384 625 0.7016
384 626 0.7535
384 627 0.7191
384 628 0.8599
384 629 0.5370
384 630 0.3358
384 631 0.7191
384 632 0.4948
384 633 0.6998
384 634 0.7135
384 635 0.5086
384 636 0.3358
384 637 0.7135
384 638 0.5370
384 639 0.9983
384 640 0.3358
384 641 0.5726
384 642 0.7191
384 643 0.7135
384 644 0.3358
384 645 0.5086
384 646 0.5726
384 647 0.3358
384 648 0.5370
384 649 0.4560
384 650 0.7191
384 651 0.6357
384 652 0.5726
384 653 0.5726
384 654 0.5726
384 655 0.5370
384 656 0.3358
384 657 0.5370
384 658 0.5980
384 659 0.7715
384 660 0.3358
384 661 0.4948
384 662 0.7191
384 663 0.5726
384 664 0.5726
384 665 0.3358
384 666 0.3358
384 667 0.5726
384 668 0.3358
384 669 0.5726
384 670 0.3358
384 671 0.4948
384 672 0.5726
384 673 0.6213
384 674 0.5726
384 675 0.5370
384 676 0.7191
384 678 0.6638
384 679 0.5726
384 680 0.3358
384 681 0.5726
384 683 0.5726
384 684 0.5370
384 685 0.8665
384 686 0.7191
384 687 0.7191
384 688 0.5726
384 689 0.9078
384 690 0.4627
384 691 0.6638
384 692 0.5805
384 693 0.5726
384 694 0.7715
384 695 0.7386
384 696 0.5370
384 697 0.5370
384 698 0.4948
384 699 0.7135
384 700 0.5726
384 701 0.5726
384 702 0.5726
384 703 0.6068
384 704 0.5495
384 705 0.5726
384 706 0.9827
384 707 0.6279
384 708 0.5086
384 709 0.5370
384 710 0.7191
384 711 0.8789
384 712 0.5370
384 713 0.4627
384 714 0.7565
384 716 0.3358
384 717 0.5726
384 718 0.5726
384 720 0.3358
384 721 0.7191
384 722 0.7838
384 723 0.5726
384 725 0.5086
384 726 0.6638
384 727 0.5370
384 728 0.6898
384 729 0.5726
384 730 0.3358
384 731 0.6357
384 732 0.8358
384 733 0.7788
384 734 0.4627
384 735 0.8797
384 736 0.8455
384 737 0.8894
384 738 0.5726
384 740 0.7489
384 741 0.7804
384 742 0.5726
384 743 0.5370
384 744 0.7016
384 745 0.5726
384 747 0.4948
384 748 0.8961
384 749 0.4560
384 750 0.7489
384 751 0.3358
384 752 0.8264
384 753 0.6357
384 754 0.3358
384 755 0.4962
384 756 0.5370
384 757 0.7135
384 758 0.7191
384 759 0.6357
384 760 0.3358
384 761 0.3358
384 762 0.7191
384 763 0.5980
384 764 0.5726
384 765 0.5726
384 766 0.5726
384 767 0.5370
384 768 0.9277
384 769 0.5726
384 770 0.5370
384 771 0.7191
384 772 0.3358
384 773 0.7784
384 774 0.3358
384 776 0.5370
384 777 0.5726
384 778 0.4627
384 779 0.3358
384 780 0.3358
384 781 0.5726
384 782 0.7135
384 783 0.5370
384 784 0.6499
384 785 0.6142
384 786 0.6898
384 787 0.3358
384 788 0.3358
384 789 0.8358
384 791 0.5726
384 793 0.7804
384 794 0.6638
384 795 0.3358
384 796 0.7191
384 797 0.5726
384 798 0.3358
384 799 0.5855
384 801 0.7917
384 803 0.8326
384 804 0.8277
384 805 0.6638
384 806 0.5726
384 807 0.4627
384 808 0.8368
384 809 0.5370
384 810 0.7191
384 811 0.8786
384 812 0.3358
384 813 0.7135
384 814 0.5370
384 815 0.5726
384 816 0.5726
384 817 0.5726
384 818 0.3358
384 819 0.3358
384 820 0.3358
384 821 0.6638
384 822 0.7737
384 823 0.8069
384 824 0.5370
384 825 0.9123
384 827 0.6068
384 828 0.7191
384 829 0.3358
384 830 0.5726
384 831 0.8145
384 832 0.7489
384 833 0.3358
384 834 0.7804
384 835 0.5726
384 836 0.7191
384 837 0.3358
384 838 0.4086
384 839 0.3358
384 840 0.5726
384 841 0.6638
384 842 0.6551
384 843 0.6357
384 845 0.3358
384 846 0.6408
384 848 0.3358
384 849 0.7135
384 850 0.3358
384 851 0.9350
384 852 0.3358
384 853 0.6213
384 854 0.4560
384 855 0.7191
384 856 0.5370
384 857 0.3358
384 858 0.7565
384 859 0.3358
384 860 0.6357
384 861 0.6357
384 862 0.6213
384 865 0.4948
384 866 0.5726
384 867 0.5495
384 868 0.5370
384 869 0.8755
384 870 0.6638
384 871 0.7466
384 872 0.9996
384 874 0.5726
384 875 0.6551
384 876 0.7191
384 877 0.3358
384 878 0.3358
384 880 0.8069
384 881 0.4627
384 882 0.5726
384 883 0.5726
384 884 0.5726
384 885 0.5726
384 886 0.5726
384 887 0.7618
384 888 0.5726
384 889 0.5370
384 891 0.8821
384 892 0.5726
384 893 0.5370
384 894 0.3358
384 895 0.7489
384 896 0.3358
384 898 0.7064
384 900 0.6480
384 901 0.7788
384 903 0.8854
384 906 0.3358
384 907 0.5726
384 908 0.7135
384 909 0.7934
384 910 0.5726
384 911 0.5726
384 912 0.3358
384 913 0.3358
384 914 0.4948
384 915 0.8465
384 916 0.5726
384 917 0.3358
384 918 0.4627
384 919 0.5370
384 920 0.5370
384 921 0.4627
384 922 0.5370
384 924 0.3358
384 928 0.5370
384 929 0.5370
384 930 0.7191
384 932 0.3358
384 933 0.5726
384 934 0.5370
384 935 0.6068
384 936 0.5726
384 937 0.3358
384 938 0.7191
384 940 0.3358
384 941 0.7135
384 942 0.4969
384 943 0.4627
384 944 0.3358
384 946 0.5726
384 947 0.6155
384 948 0.5726
384 950 0.5726
384 951 0.3358
384 952 0.5980
384 953 0.7804
384 954 0.4627
384 955 0.7191
384 956 0.3358
384 957 0.3358
384 958 0.3358
384 959 0.5370
384 960 0.8926
384 962 0.3358
384 963 0.5086
384 964 0.3358
384 965 0.5370
384 966 0.5726
384 967 0.7784
384 968 0.8483
384 969 0.5370
384 971 0.7788
384 972 0.5726
384 973 0.5370
384 974 0.9921
384 976 0.8186
384 978 0.5726
384 979 0.8942
384 980 0.5370
384 981 0.3358
384 982 0.3358
384 983 0.4443
384 984 0.4948
384 985 0.5726
384 986 0.5726
384 987 0.6638
384 989 0.5726
384 990 0.5726
384 991 0.3358
384 992 0.3358
384 993 0.8719
384 994 0.9467
384 995 0.6847
384 996 0.5726
384 998 0.3358
384 999 0.3358
384 1000 0.5726
384 1001 0.5370
384 1002 0.9393
384 1003 0.7565
384 1004 0.9038
384 1005 0.3358
384 1006 0.7191
384 1007 0.9143
384 1008 0.5726
384 1010 0.5370
384 1013 0.5726
384 1014 0.5370
384 1015 0.5370
384 1016 0.4627
384 1017 0.5726
384 1018 0.3358
384 1019 0.5726
384 1020 0.7788
384 1022 0.4086
384 1023 0.5726
384 1024 0.5726
384 1026 0.4627
384 1027 0.5370
384 1028 0.3358
384 1029 0.6068
384 1030 0.5980
384 1031 0.3358
384 1032 0.5726
384 1033 0.3358
384 1034 0.6551
384 1035 0.5726
384 1036 0.6551
384 1037 0.5726
384 1038 0.5086
384 1039 0.5370
384 1040 0.5726
384 1041 0.3358
384 1042 0.7191
384 1044 0.3358
384 1045 0.3358
384 1046 0.3358
384 1047 0.4627
384 1048 0.7191
384 1049 0.5726
384 1050 0.3358
384 1051 0.3358
384 1053 0.6884
384 1055 0.5726
384 1056 0.5370
384 1057 0.5370
384 1058 0.7001
384 1059 0.6551
384 1060 0.6480
384 1061 0.5726
384 1062 0.3358
384 1063 0.7788
384 1064 0.5726
384 1065 0.6068
384 1066 0.7191
384 1067 0.8816
384 1068 0.6749
384 1069 0.5726
384 1070 0.4969
384 1071 0.3358
384 1072 0.5086
384 1073 0.3358
384 1075 0.7135
384 1076 0.3358
384 1077 0.3358
384 1078 0.5726
384 1079 0.6638
384 1080 0.3358
384 1081 0.4948
384 1082 0.5726
384 1083 0.8816
384 1084 0.6357
384 1085 0.5726
384 1087 0.5370
384 1089 0.5726
384 1090 0.4627
384 1091 0.3358
384 1093 0.3358
384 1094 0.5726
384 1095 0.6551
384 1096 0.3358
384 1097 0.3358
384 1099 0.9958
384 1102 0.3358
384 1103 0.3358
384 1104 0.5370
384 1105 0.7788
384 1106 0.4627
384 1107 0.3358
384 1108 0.4086
384 1109 0.3358
384 1110 0.3358
384 1111 0.6213
384 1113 0.4560
384 1114 0.3358
384 1115 0.3358
384 1116 0.5726
384 1117 0.5726
384 1118 0.3358
384 1119 0.3358
384 1120 0.5726
384 1121 0.5086
384 1122 0.3358
384 1123 0.5370
384 1124 0.5726
384 1125 0.5370
384 1126 0.5370
384 1127 0.7135
384 1128 0.8168
384 1129 0.4948
384 1130 0.6638
384 1131 0.3358
384 1132 0.5726
384 1133 0.3358
384 1134 0.3358
384 1135 0.9731
384 1136 0.5370
384 1138 0.5726
384 1139 0.3358
384 1141 0.3358
384 1142 0.5370
384 1143 0.6638
384 1146 0.5370
384 1147 0.3358
384 1148 0.3358
384 1150 0.7788
384 1151 0.5370
384 1152 0.8838
384 1153 0.3358
384 1154 0.8764
384 1155 0.5370
384 1156 0.5726
384 1157 0.3358
384 1158 0.5370
384 1159 0.3358
384 1160 0.3358
384 1161 0.5726
384 1162 0.5370
384 1163 0.8434
384 1165 0.3358
384 1166 0.5726
384 1167 0.3358
384 1169 0.6357
384 1172 0.5726
384 1173 0.3358
384 1174 0.3358
384 1176 0.7191
384 1177 0.7191
384 1178 0.3358
384 1180 0.5930
384 1181 0.5726
384 1182 0.5370
384 1183 0.5726
384 1184 0.3358
384 1185 0.3358
384 1186 0.7191
384 1187 0.5726
384 1188 0.3358
384 1189 0.5726
384 1191 0.5370
384 1192 0.3358
384 1193 0.6012
384 1194 0.3358
384 1195 0.3358
384 1196 0.3358
384 1197 0.5370
384 1198 0.3358
384 1199 0.7135
384 1200 0.5086
384 1201 0.5370
384 1202 0.5855
384 1203 0.3358
384 1204 0.5726
384 1205 0.3358
384 1206 0.7788
384 1208 0.3358
384 1209 0.5726
384 1210 0.6357
384 1211 0.7135
384 1212 0.5726
384 1213 0.5086
384 1214 0.5726
384 1215 0.3358
384 1216 0.5086
384 1217 0.3358
384 1218 0.5726
384 1219 0.3358
384 1221 0.3358
384 1222 0.3358
384 1223 0.4627
384 1225 0.9216
384 1226 0.7788
384 1227 0.4086
384 1228 0.5726
384 1229 0.5726
384 1230 0.5726
384 1231 0.4627
384 1232 0.3358
384 1233 0.3358
384 1234 0.3358
384 1236 0.3358
384 1237 0.5370
384 1238 0.5726
384 1240 0.5370
384 1241 0.3358
384 1242 0.8356
384 1244 0.3358
384 1245 0.5726
384 1246 0.3358
384 1247 0.6638
384 1248 0.5726
384 1249 0.3358
384 1250 0.5370
384 1251 0.5726
384 1252 0.5726
384 1253 0.5726
384 1254 0.3358
384 1255 0.3358
384 1256 0.5370
384 1257 0.3358
384 1258 0.6638
384 1259 0.7191
384 1260 0.4948
384 1262 0.3358
384 1263 0.7191
384 1265 0.7135
384 1266 0.3358
384 1267 0.5726
384 1268 0.5370
384 1269 0.8356
384 1270 0.5370
384 1271 0.7135
384 1272 0.5726
384 1273 0.5726
384 1274 0.5726
384 1275 0.7135
384 1276 0.5726
384 1278 0.5086
384 1279 0.5726
384 1280 0.5370
384 1281 0.6718
384 1282 0.3358
384 1283 0.7759
384 1284 0.6551
384 1286 0.5726
384 1287 0.8367
384 1288 0.3358
384 1289 0.6480
384 1290 0.3358
384 1292 0.9318
384 1293 0.6551
384 1296 0.6551
384 1297 0.3358
384 1298 0.8040
384 1299 0.4560
384 1300 0.3358
384 1301 0.4560
384 1303 0.8186
384 1304 0.3358
384 1305 0.6213
384 1306 0.3358
384 1307 0.4627
384 1309 0.3358
384 1310 0.6525
384 1311 0.5086
384 1313 0.3358
384 1316 0.9998
384 1318 0.3358
384 1319 0.3358
384 1322 0.4560
384 1323 0.4948
384 1324 0.3358
384 1325 0.3358
384 1326 0.5726
384 1327 0.3358
384 1330 0.5370
384 1331 0.5726
384 1333 0.3358
384 1334 0.5726
384 1335 0.5370
384 1336 0.3358
384 1337 0.3358
384 1338 0.3358
384 1340 0.3358
384 1341 0.3358
384 1342 0.7788
384 1343 0.5726
384 1344 0.5726
384 1346 0.4627
384 1348 0.4948
384 1349 0.5726
384 1350 0.3358
384 1351 0.3358
384 1352 0.5726
384 1353 0.3358
384 1354 0.3358
384 1355 0.3358
384 1356 0.3358
384 1357 0.3358
384 1360 0.3358
384 1361 0.5370
384 1362 0.5370
384 1363 0.5726
384 1364 0.5726
384 1366 0.3358
384 1367 0.7386
384 1368 0.5370
384 1369 0.7135
384 1370 0.8664
384 1372 0.5726
384 1374 0.5370
384 1375 0.3358
384 1376 0.5726
384 1377 0.5726
384 1378 0.3358
384 1379 0.3358
384 1380 0.5726
384 1382 0.3358
384 1383 0.5726
384 1384 0.5726
384 1386 0.3358
384 1387 0.7191
384 1388 0.3358
384 1389 0.5370
384 1390 0.3358
384 1393 0.3358
384 1394 0.5370
384 1395 0.5370
384 1396 0.5726
384 1397 0.7135
384 1398 0.7135
384 1399 0.3358
384 1401 0.5726
384 1402 0.6068
384 1405 0.7191
384 1406 0.3358
384 1407 0.3358
384 1408 0.4627
384 1409 0.3358
384 1411 0.3358
384 1412 0.3358
384 1413 0.3358
384 1415 0.4627
384 1416 0.3358
384 1418 0.5726
384 1419 0.5370
384 1420 0.3358
384 1421 0.5726
384 1422 0.5726
384 1423 0.3358
384 1424 0.5726
384 1425 0.4627
384 1426 0.7804
384 1427 0.5726
384 1428 0.4627
384 1431 0.5726
384 1434 0.9938
384 1435 0.9128
384 1436 0.3358
384 1437 0.7135
384 1438 0.3358
384 1439 0.7489
384 1440 0.7682
384 1441 0.5495
384 1443 0.3358
384 1445 0.3358
384 1446 0.4627
384 1448 0.5370
384 1449 0.5370
384 1451 0.5726
384 1452 0.5726
384 1454 0.3358
384 1455 0.5086
384 1456 0.5726
384 1459 0.5086
384 1460 0.5726
384 1461 0.3358
384 1462 0.5726
384 1464 0.5370
384 1465 0.3358
384 1466 0.4948
384 1468 0.3358
384 1470 0.3358
384 1472 0.5726
384 1473 0.5726
384 1474 0.3358
384 1476 0.5726
384 1477 0.5726
384 1478 0.3358
384 1479 0.5370
384 1480 0.5370
384 1481 0.3358
384 1482 0.5370
384 1484 0.5086
384 1485 0.7135
384 1486 0.3358
384 1487 0.5370
384 1490 0.3358
384 1491 0.6068
384 1492 0.3358
384 1493 0.5726
384 1494 0.5086
384 1495 0.3358
384 1496 0.3358
384 1497 0.5370
384 1498 0.3358
384 1499 0.3358
384 1500 0.3358
384 1501 0.5086
384 1503 0.6638
384 1504 0.3358
384 1505 0.3358
384 1506 0.5726
384 1507 0.5726
384 1508 0.3358
384 1511 0.3358
384 1512 0.5726
384 1513 0.4560
384 1515 0.3358
384 1516 0.7191
384 1517 0.5726
384 1518 0.5370
384 1519 0.7977
384 1520 0.9982
384 1522 0.7849
384 1525 0.3358
384 1526 0.6378
384 1527 0.5726
384 1528 0.6718
384 1529 0.5726
384 1530 0.8143
384 1531 0.3358
384 1532 0.3358
384 1535 0.6547
384 1536 0.6884
384 1537 0.3358
384 1538 0.7905
384 1540 0.6213
384 1541 0.5726
384 1542 0.5370
384 1544 0.3358
384 1545 0.3358
384 1546 0.6213
384 1547 0.5726
384 1548 0.8435
384 1549 0.3358
384 1551 0.3358
384 1552 0.3358
384 1554 0.5370
384 1555 0.3358
384 1557 0.3358
384 1560 0.3358
384 1562 0.3358
384 1565 0.4627
384 1566 0.3358
384 1567 0.3358
384 1568 0.3358
384 1569 0.5370
384 1571 0.5726
384 1572 0.5370
384 1573 0.5726
384 1574 0.5726
384 1575 0.3358
384 1576 0.3358
384 1577 0.5726
384 1578 0.5370
384 1579 0.5726
384 1580 0.5726
384 1581 0.5370
384 1583 0.3358
384 1584 0.3358
384 1585 0.5370
384 1586 0.3358
384 1587 0.5726
384 1588 0.7135
384 1589 0.3358
384 1590 0.5370
384 1591 0.7191
384 1592 0.5370
384 1593 0.4627
384 1594 0.3358
384 1595 0.3358
384 1596 0.5086
384 1597 0.3358
384 1598 0.3358
384 1599 0.3358
384 1600 0.3358
384 1601 0.4627
384 1603 0.5726
384 1604 0.3358
384 1605 0.5726
384 1606 0.7191
384 1607 0.5726
384 1608 0.7135
384 1609 0.3358
384 1610 0.5726
384 1611 0.3358
384 1612 0.6357
384 1613 0.8509
384 1614 0.3358
384 1615 0.3358
384 1616 0.3358
384 1618 0.7788
384 1619 0.3358
384 1620 0.3358
384 1621 0.8825
384 1622 0.9494
384 1623 0.3358
384 1624 0.7135
384 1625 0.3358
384 1626 0.5086
384 1627 0.5086
384 1628 0.3358
384 1629 0.3358
384 1630 0.5726
384 1632 0.5726
384 1633 0.3358
384 1634 0.3358
384 1637 0.3358
384 1638 0.5726
384 1640 0.5726
384 1641 0.4627
384 1642 0.5726
384 1644 0.3358
384 1645 0.5370
384 1646 0.5726
384 1648 0.3358
384 1649 0.5726
384 1650 0.5726
384 1652 0.5086
384 1653 0.7191
384 1654 0.5726
384 1655 0.7191
384 1656 0.3358
384 1657 0.3358
384 1658 0.3358
384 1659 0.5726
384 1660 0.6068
384 1661 0.5726
384 1662 0.3358
384 1663 0.3358
384 1664 0.3358
384 1665 0.3358
384 1666 0.3358
384 1667 0.5726
384 1668 0.5740
384 1669 0.3358
384 1670 0.5726
384 1671 0.5726
384 1672 0.5726
384 1674 0.5726
384 1675 0.3358
384 1676 0.5726
384 1677 0.3358
384 1678 0.5726
384 1679 0.5370
384 1681 0.3358
384 1682 0.3358
384 1683 0.5726
384 1684 0.3358
384 1685 0.5726
384 1686 0.3358
384 1687 0.5086
384 1688 0.3358
384 1689 0.9904
384 1690 0.5726
384 1691 0.7191
384 1692 0.7135
384 1694 0.5726
384 1695 0.3358
384 1696 0.3358
384 1697 0.3358
384 1698 0.3358
384 1699 0.3358
384 1700 0.3358
384 1701 0.3587
384 1702 0.4627
384 1703 0.3358
384 1705 0.3358
384 1706 0.4627
384 1707 0.7016
384 1709 0.3358
384 1711 0.5370
384 1712 0.9813
384 1713 0.5370
384 1714 0.5370
384 1715 0.5726
384 1716 0.5086
384 1717 0.9896
384 1718 0.3358
384 1719 0.3358
384 1720 0.5726
384 1721 0.5086
384 1723 0.5726
384 1724 0.3358
384 1725 0.5370
384 1726 0.3358
384 1728 0.3358
384 1729 0.5726
384 1730 0.3358
385 386 0.3499
385 387 0.5677
385 388 0.5704
385 389 0.1829
385 390 0.3069
385 391 0.5761
385 392 0.6620
385 393 0.5677
385 394 0.1829
385 395 0.1829
385 396 0.6181
385 397 0.3358
385 398 0.6650
385 399 0.7849
385 400 0.1829
385 402 0.1829
385 403 0.3499
385 404 0.4542
385 405 0.3499
385 406 0.5677
385 407 0.3499
385 408 0.1829
385 409 0.3358
385 411 0.3499
385 412 0.4622
385 413 0.4560
385 414 0.5677
385 415 0.7226
385 416 0.1829
385 418 0.9176
385 419 0.5677
385 420 0.3358
385 421 0.1829
385 422 0.4622
385 423 0.1829
385 424 0.6737
385 425 0.2724
385 427 0.2724
385 428 0.6518
385 430 0.1779
385 431 0.1829
385 432 0.1829
385 433 0.4622
385 434 0.8229
385 435 0.3358
385 436 0.3069
385 438 0.7296
385 439 0.5704
385 440 0.3499
385 441 0.7262
385 442 0.5677
385 443 0.1829
385 444 0.1829
385 445 0.1829
385 447 0.6283
385 449 0.6745
385 450 0.5825
385 451 0.3358
385 452 0.5772
385 453 0.5704
385 454 0.9614
385 455 0.3358
385 456 0.3358
385 457 0.1829
385 458 0.5704
385 459 0.1829
385 460 0.3499
385 461 0.5704
385 463 0.5677
385 464 0.3499
385 465 0.3358
385 466 0.9551
385 467 0.4622
385 468 0.1829
385 469 0.4560
385 470 0.5185
385 471 0.5039
385 472 0.5467
385 474 0.1829
385 475 0.5677
385 476 0.4151
385 478 0.1829
385 479 0.1829
385 480 0.3499
385 481 0.6745
385 482 0.3358
385 484 0.5677
385 485 0.3712
385 486 0.3499
385 488 0.2102
385 489 0.1829
385 490 0.3358
385 491 0.1829
385 492 0.5704
385 493 0.3499
385 494 0.1829
385 495 0.8937
385 496 0.3466
385 497 0.6552
385 498 0.6306
385 499 0.5704
385 500 0.3499
385 501 0.3358
385 503 0.5677
385 504 0.3358
385 505 0.5704
385 506 0.5023
385 507 0.4151
385 508 0.5039
385 509 0.3358
385 510 0.3499
385 511 0.7567
385 512 0.3069
385 513 0.3358
385 514 0.7226
385 515 0.5039
385 516 0.3358
385 517 0.5677
385 518 0.3358
385 519 0.3358
385 520 0.2447
385 521 0.3499
385 522 0.3499
385 523 0.4622
385 524 0.1829
385 526 0.4560
385 527 0.1829
385 528 0.3358
385 529 0.3499
385 530 0.1829
385 531 0.1829
385 532 0.3358
385 533 0.3358
385 534 0.3499
385 535 0.3499
385 536 0.7137
385 537 0.5704
385 538 0.1829
385 539 0.1829
385 540 0.6737
385 541 0.3358
385 542 0.3358
385 543 0.3499
385 544 0.6207
385 545 0.1829
385 546 0.5704
385 547 0.3358
385 548 0.4560
385 549 0.1829
385 551 0.1829
385 552 0.1829
385 553 0.5677
385 555 0.6745
385 556 0.3499
385 557 0.7262
385 558 0.5704
385 559 0.4183
385 560 0.5668
385 561 0.3358
385 562 0.1829
385 563 0.7006
385 564 0.2447
385 565 0.3358
385 566 0.3499
385 567 0.3499
385 568 0.9714
385 569 0.3936
385 570 0.1829
385 571 0.7849
385 572 0.5704
385 573 0.3358
385 574 0.1829
385 575 0.5704
385 576 0.6971
385 577 0.2724
385 578 0.2724
385 579 0.7226
385 580 0.1829
385 581 0.3499
385 582 0.3499
385 583 0.3499
385 584 0.3110
385 585 0.7262
385 586 0.5704
385 587 0.8702
385 589 0.7226
385 590 0.9250
385 591 0.3499
385 592 0.7893
385 595 0.1829
385 598 0.1829
385 599 0.3499
385 600 0.3358
385 601 0.3499
385 602 0.5704
385 604 0.1829
385 605 0.3499
385 606 0.3358
385 607 0.3499
385 608 0.3499
385 609 0.3499
385 610 0.3332
385 612 0.3499
385 613 0.6207
385 614 0.8377
385 615 0.3069
385 616 0.3499
385 617 0.3069
385 618 0.4183
385 619 0.8371
385 620 0.1829
385 621 0.4622
385 622 0.1829
385 623 0.1829
385 625 0.6207
385 626 0.5603
385 627 0.5704
385 628 0.6518
385 629 0.3358
385 630 0.1829
385 631 0.5704
385 632 0.4542
385 633 0.5960
385 634 0.5677
385 635 0.3069
385 636 0.1829
385 637 0.5677
385 638 0.3358
385 639 0.9766
385 640 0.1829
385 641 0.3499
385 642 0.5704
385 643 0.5677
385 644 0.1829
385 645 0.3069
385 646 0.3499
385 647 0.1829
385 648 0.3358
385 649 0.1829
385 650 0.5704
385 651 0.4622
385 652 0.3499
385 653 0.3499
385 654 0.3499
385 655 0.3358
385 656 0.1829
385 657 0.3358
385 658 0.4183
385 659 0.5677
385 660 0.1829
385 661 0.2724
385 662 0.5704
385 663 0.3499
385 664 0.3499
385 665 0.1829
385 666 0.1829
385 667 0.3499
385 668 0.1829
385 669 0.3499
385 670 0.1829
385 671 0.2724
385 672 0.3499
385 673 0.3358
385 674 0.3499
385 675 0.4560
385 676 0.5704
385 678 0.5039
385 679 0.3499
385 680 0.1829
385 681 0.3499
385 683 0.3499
385 684 0.3358
385 685 0.7642
385 686 0.5704
385 687 0.5704
385 688 0.3499
385 689 0.8704
385 690 0.2447
385 691 0.5039
385 692 0.3179
385 693 0.3499
385 694 0.5677
385 695 0.6518
385 696 0.3358
385 697 0.3358
385 698 0.2724
385 699 0.5677
385 700 0.3499
385 701 0.3499
385 702 0.4731
385 703 0.6191
385 704 0.3179
385 705 0.3499
385 706 0.8046
385 707 0.2724
385 708 0.3069
385 709 0.4560
385 710 0.5704
385 711 0.8377
385 712 0.3358
385 713 0.2447
385 714 0.6737
385 716 0.1829
385 717 0.3499
385 718 0.3499
385 720 0.1829
385 721 0.5704
385 722 0.7080
385 723 0.3499
385 725 0.3069
385 726 0.5039
385 727 0.3358
385 728 0.5888
385 729 0.3499
385 730 0.1829
385 731 0.4622
385 732 0.7871
385 733 0.7262
385 734 0.2447
385 735 0.7849
385 736 0.7892
385 737 0.8533
385 738 0.3499
385 740 0.6745
385 741 0.7226
385 742 0.3499
385 743 0.3358
385 744 0.6207
385 745 0.3499
385 747 0.2724
385 748 0.8603
385 749 0.1829
385 750 0.6745
385 751 0.1829
385 752 0.7596
385 753 0.4622
385 754 0.1829
385 755 0.2845
385 756 0.3358
385 757 0.5677
385 758 0.5704
385 759 0.4622
385 760 0.1829
385 761 0.1829
385 762 0.5704
385 763 0.4183
385 764 0.3499
385 765 0.3499
385 766 0.3499
385 767 0.3358
385 768 0.8996
385 769 0.3499
385 770 0.3358
385 771 0.5704
385 772 0.1829
385 773 0.5704
385 774 0.1829
385 776 0.3358
385 777 0.3499
385 778 0.2447
385 779 0.1829
385 780 0.1829
385 781 0.3499
385 782 0.5677
385 783 0.3358
385 784 0.2724
385 785 0.4302
385 786 0.6841
385 787 0.1829
385 788 0.1829
385 789 0.7871
385 791 0.3499
385 793 0.7226
385 794 0.5039
385 795 0.1829
385 796 0.5704
385 797 0.3499
385 798 0.1829
385 799 0.3936
385 801 0.4151
385 803 0.4158
385 804 0.7647
385 805 0.6568
385 806 0.3499
385 807 0.4668
385 808 0.7818
385 809 0.3358
385 810 0.5704
385 811 0.8711
385 812 0.1829
385 813 0.5677
385 814 0.3358
385 815 0.3499
385 816 0.3499
385 817 0.3499
385 818 0.1829
385 819 0.1829
385 820 0.1829
385 821 0.5039
385 822 0.5039
385 823 0.8080
385 824 0.3358
385 825 0.8855
385 827 0.6191
385 828 0.5704
385 829 0.1829
385 830 0.3499
385 831 0.7567
385 832 0.6745
385 833 0.1829
385 834 0.7226
385 835 0.3499
385 836 0.5704
385 837 0.1829
385 838 0.2102
385 839 0.1829
385 840 0.3499
385 841 0.5039
385 842 0.3499
385 843 0.4622
385 845 0.1829
385 846 0.5492
385 848 0.1829
385 849 0.5677
385 850 0.1829
385 851 0.9514
385 852 0.1829
385 853 0.3358
385 854 0.1829
385 855 0.5704
385 856 0.3358
385 857 0.1829
385 858 0.6737
385 859 0.1829
385 860 0.4622
385 861 0.6602
385 862 0.3358
385 865 0.2724
385 866 0.3499
385 867 0.3179
385 868 0.3358
385 869 0.7849
385 870 0.5039
385 871 0.4183
385 872 0.9995
385 874 0.3499
385 875 0.3499
385 876 0.5704
385 877 0.1829
385 878 0.1829
385 880 0.7473
385 881 0.2447
385 882 0.3499
385 883 0.3499
385 884 0.3499
385 885 0.3499
385 886 0.3499
385 887 0.6809
385 888 0.3499
385 889 0.3358
385 891 0.8420
385 892 0.3499
385 893 0.3358
385 894 0.1829
385 895 0.7954
385 896 0.1829
385 898 0.6620
385 900 0.2447
385 901 0.7262
385 903 0.7473
385 906 0.1829
385 907 0.3499
385 908 0.6552
385 909 0.7134
385 910 0.3499
385 911 0.3499
385 912 0.1829
385 913 0.1829
385 914 0.2724
385 915 0.8690
385 916 0.3499
385 917 0.1829
385 918 0.2447
385 919 0.3358
385 920 0.3358
385 921 0.2447
385 922 0.3358
385 924 0.1829
385 928 0.3358
385 929 0.3358
385 930 0.5704
385 932 0.1829
385 933 0.3499
385 934 0.3358
385 935 0.4151
385 936 0.3499
385 937 0.1829
385 938 0.5704
385 940 0.1829
385 941 0.5677
385 942 0.2759
385 943 0.2447
385 944 0.1829
385 946 0.3499
385 947 0.5071
385 948 0.3499
385 950 0.3499
385 951 0.1829
385 952 0.4183
385 953 0.7226
385 954 0.2447
385 955 0.5704
385 956 0.1829
385 957 0.1829
385 958 0.1829
385 959 0.3358
385 960 0.8568
385 962 0.1829
385 963 0.3069
385 964 0.1829
385 965 0.3358
385 966 0.3499
385 967 0.5704
385 968 0.7998
385 969 0.3358
385 971 0.7262
385 972 0.3499
385 973 0.3358
385 974 0.9897
385 976 0.5133
385 978 0.3499
385 979 0.8644
385 980 0.4560
385 981 0.1829
385 982 0.1829
385 983 0.3499
385 984 0.2724
385 985 0.3499
385 986 0.3499
385 987 0.5039
385 989 0.3499
385 990 0.3499
385 991 0.1829
385 992 0.1829
385 993 0.9351
385 994 0.9470
385 995 0.5905
385 996 0.3499
385 998 0.1829
385 999 0.1829
385 1000 0.3499
385 1001 0.3358
385 1002 0.7874
385 1003 0.6737
385 1004 0.7940
385 1005 0.1829
385 1006 0.5704
385 1007 0.8868
385 1008 0.3499
385 1010 0.3358
385 1013 0.3499
385 1014 0.3358
385 1015 0.3358
385 1016 0.2447
385 1017 0.3499
385 1018 0.1829
385 1019 0.3499
385 1020 0.7262
385 1022 0.2102
385 1023 0.3499
385 1024 0.3499
385 1026 0.2447
385 1027 0.3358
385 1028 0.1829
385 1029 0.4151
385 1030 0.4183
385 1031 0.1829
385 1032 0.3499
385 1033 0.1829
385 1034 0.3499
385 1035 0.3499
385 1036 0.3499
385 1037 0.3499
385 1038 0.3069
385 1039 0.3358
385 1040 0.3499
385 1041 0.1829
385 1042 0.5704
385 1044 0.1829
385 1045 0.2020
385 1046 0.1829
385 1047 0.2447
385 1048 0.5704
385 1049 0.3499
385 1050 0.1829
385 1051 0.1829
385 1053 0.2724
385 1055 0.3499
385 1056 0.3358
385 1057 0.3358
385 1058 0.3499
385 1059 0.3499
385 1060 0.4622
385 1061 0.3499
385 1062 0.1829
385 1063 0.7262
385 1064 0.3499
385 1065 0.4151
385 1066 0.5704
385 1067 0.8408
385 1068 0.5883
385 1069 0.3499
385 1070 0.2759
385 1071 0.1829
385 1072 0.3069
385 1073 0.1829
385 1075 0.5677
385 1076 0.1829
385 1077 0.1829
385 1078 0.3499
385 1079 0.5039
385 1080 0.1829
385 1081 0.2724
385 1082 0.3499
385 1083 0.8408
385 1084 0.4622
385 1085 0.3499
385 1087 0.3358
385 1089 0.3499
385 1090 0.2447
385 1091 0.1829
385 1093 0.1829
385 1094 0.3499
385 1095 0.3499
385 1096 0.1829
385 1097 0.1829
385 1099 0.9951
385 1102 0.1829
385 1103 0.1829
385 1104 0.3358
385 1105 0.7262
385 1106 0.2447
385 1107 0.1829
385 1108 0.2102
385 1109 0.1829
385 1110 0.1829
385 1111 0.3358
385 1113 0.1829
385 1114 0.1829
385 1115 0.1829
385 1116 0.3499
385 1117 0.3499
385 1118 0.1829
385 1119 0.1829
385 1120 0.3499
385 1121 0.3069
385 1122 0.1829
385 1123 0.3358
385 1124 0.3499
385 1125 0.4560
385 1126 0.4560
385 1127 0.5677
385 1128 0.8208
385 1129 0.2724
385 1130 0.5039
385 1131 0.1829
385 1132 0.3499
385 1133 0.1829
385 1134 0.1829
385 1135 0.9638
385 1136 0.3358
385 1138 0.3499
385 1139 0.1829
385 1141 0.1829
385 1142 0.3358
385 1143 0.5039
385 1146 0.3358
385 1147 0.1829
385 1148 0.1829
385 1150 0.7262
385 1151 0.3358
385 1152 0.8443
385 1153 0.1829
385 1154 0.9035
385 1155 0.3358
385 1156 0.3499
385 1157 0.1829
385 1158 0.3358
385 1159 0.1829
385 1160 0.1829
385 1161 0.3499
385 1162 0.3392
385 1163 0.6518
385 1165 0.1829
385 1166 0.3499
385 1167 0.1829
385 1169 0.4622
385 1172 0.3499
385 1173 0.1829
385 1174 0.1829
385 1176 0.5704
385 1177 0.5704
385 1178 0.1829
385 1180 0.4782
385 1181 0.3499
385 1182 0.3358
385 1183 0.3499
385 1184 0.1829
385 1185 0.1829
385 1186 0.5704
385 1187 0.3499
385 1188 0.1829
385 1189 0.3499
385 1191 0.3358
385 1192 0.1829
385 1193 0.4889
385 1194 0.1829
385 1195 0.1829
385 1196 0.1829
385 1197 0.3358
385 1198 0.1829
385 1199 0.5677
385 1200 0.3069
385 1201 0.3358
385 1202 0.5268
385 1203 0.1829
385 1204 0.3499
385 1205 0.1829
385 1206 0.7262
385 1208 0.1829
385 1209 0.3499
385 1210 0.4622
385 1211 0.6552
385 1212 0.3499
385 1213 0.3069
385 1214 0.3499
385 1215 0.1829
385 1216 0.3069
385 1217 0.1829
385 1218 0.3499
385 1219 0.1829
385 1221 0.1829
385 1222 0.1829
385 1223 0.4668
385 1225 0.8950
385 1226 0.7930
385 1227 0.2102
385 1228 0.3499
385 1229 0.3499
385 1230 0.3499
385 1231 0.2447
385 1232 0.1829
385 1233 0.1829
385 1234 0.1829
385 1236 0.1829
385 1237 0.3358
385 1238 0.3499
385 1240 0.3358
385 1241 0.1829
385 1242 0.7387
385 1244 0.1829
385 1245 0.3499
385 1246 0.1829
385 1247 0.5039
385 1248 0.3499
385 1249 0.1829
385 1250 0.3358
385 1251 0.3499
385 1252 0.3499
385 1253 0.3499
385 1254 0.1829
385 1255 0.1829
385 1256 0.3358
385 1257 0.1829
385 1258 0.5039
385 1259 0.5704
385 1260 0.2724
385 1262 0.1829
385 1263 0.5704
385 1265 0.5677
385 1266 0.1829
385 1267 0.3499
385 1268 0.3358
385 1269 0.7849
385 1270 0.3358
385 1271 0.5677
385 1272 0.3499
385 1273 0.3499
385 1274 0.3499
385 1275 0.5677
385 1276 0.3499
385 1278 0.3069
385 1279 0.3499
385 1280 0.3358
385 1281 0.3499
385 1282 0.1829
385 1283 0.2759
385 1284 0.3499
385 1286 0.3499
385 1287 0.4819
385 1288 0.1829
385 1289 0.2447
385 1290 0.1829
385 1292 0.8981
385 1293 0.3499
385 1296 0.3499
385 1297 0.1829
385 1298 0.5435
385 1299 0.1829
385 1300 0.1829
385 1301 0.1829
385 1303 0.4171
385 1304 0.1829
385 1305 0.3358
385 1306 0.1829
385 1307 0.2447
385 1309 0.1829
385 1310 0.2447
385 1311 0.3069
385 1313 0.1829
385 1316 0.9948
385 1318 0.1829
385 1319 0.1829
385 1322 0.1829
385 1323 0.2724
385 1324 0.1829
385 1325 0.1829
385 1326 0.3499
385 1327 0.1829
385 1330 0.4560
385 1331 0.3499
385 1333 0.1829
385 1334 0.3499
385 1335 0.3358
385 1336 0.1829
385 1337 0.1829
385 1338 0.1829
385 1340 0.1829
385 1341 0.1829
385 1342 0.8104
385 1343 0.3499
385 1344 0.3499
385 1346 0.2447
385 1348 0.2724
385 1349 0.3499
385 1350 0.1829
385 1351 0.1829
385 1352 0.3499
385 1353 0.1829
385 1354 0.1829
385 1355 0.1829
385 1356 0.1829
385 1357 0.1829
385 1360 0.1829
385 1361 0.4560
385 1362 0.3392
385 1363 0.3499
385 1364 0.3499
385 1366 0.1829
385 1367 0.6518
385 1368 0.3358
385 1369 0.5677
385 1370 0.8227
385 1372 0.3499
385 1374 0.3358
385 1375 0.1829
385 1376 0.3499
385 1377 0.3499
385 1378 0.1829
385 1379 0.1829
385 1380 0.3499
385 1382 0.1829
385 1383 0.3499
385 1384 0.3499
385 1386 0.1829
385 1387 0.5704
385 1388 0.1829
385 1389 0.3358
385 1390 0.1829
385 1393 0.1829
385 1394 0.3358
385 1395 0.3358
385 1396 0.3499
385 1397 0.5677
385 1398 0.5677
385 1399 0.1829
385 1401 0.3499
385 1402 0.4151
385 1405 0.5704
385 1406 0.1829
385 1407 0.1829
385 1408 0.2447
385 1409 0.1829
385 1411 0.1829
385 1412 0.1829
385 1413 0.1829
385 1415 0.2447
385 1416 0.1829
385 1418 0.3499
385 1419 0.3358
385 1420 0.1829
385 1421 0.3499
385 1422 0.3499
385 1423 0.1829
385 1424 0.3499
385 1425 0.2447
385 1426 0.7226
385 1427 0.3499
385 1428 0.2447
385 1431 0.3499
385 1434 0.9926
385 1435 0.8856
385 1436 0.1829
385 1437 0.5677
385 1438 0.1829
385 1439 0.6745
385 1440 0.8112
385 1441 0.3179
385 1443 0.1829
385 1445 0.1829
385 1446 0.2447
385 1448 0.3358
385 1449 0.3358
385 1451 0.3499
385 1452 0.3499
385 1454 0.1829
385 1455 0.3069
385 1456 0.3499
385 1459 0.3069
385 1460 0.3499
385 1461 0.1829
385 1462 0.3499
385 1464 0.3358
385 1465 0.1829
385 1466 0.2724
385 1468 0.1829
385 1470 0.1829
385 1472 0.3499
385 1473 0.3499
385 1474 0.1829
385 1476 0.3499
385 1477 0.3499
385 1478 0.1829
385 1479 0.3358
385 1480 0.3358
385 1481 0.1829
385 1482 0.3358
385 1484 0.3069
385 1485 0.5677
385 1486 0.1829
385 1487 0.3358
385 1490 0.1829
385 1491 0.4151
385 1492 0.1829
385 1493 0.3499
385 1494 0.3069
385 1495 0.1829
385 1496 0.1829
385 1497 0.3358
385 1498 0.1829
385 1499 0.1829
385 1500 0.1829
385 1501 0.3069
385 1503 0.5039
385 1504 0.1829
385 1505 0.1829
385 1506 0.3499
385 1507 0.3499
385 1508 0.1829
385 1511 0.1829
385 1512 0.3499
385 1513 0.1829
385 1515 0.1829
385 1516 0.5704
385 1517 0.3499
385 1518 0.3358
385 1519 0.6379
385 1520 0.9930
385 1522 0.4622
385 1525 0.1829
385 1526 0.2724
385 1527 0.3499
385 1528 0.3499
385 1529 0.3499
385 1530 0.4622
385 1531 0.1829
385 1532 0.1829
385 1535 0.3358
385 1536 0.2724
385 1537 0.1829
385 1538 0.5704
385 1540 0.3358
385 1541 0.3499
385 1542 0.3358
385 1544 0.1829
385 1545 0.1829
385 1546 0.3358
385 1547 0.3499
385 1548 0.6207
385 1549 0.1829
385 1551 0.1829
385 1552 0.1829
385 1554 0.3358
385 1555 0.1829
385 1557 0.1829
385 1560 0.1829
385 1562 0.1829
385 1565 0.2447
385 1566 0.1829
385 1567 0.1829
385 1568 0.1829
385 1569 0.3358
385 1571 0.3499
385 1572 0.3358
385 1573 0.4731
385 1574 0.3499
385 1575 0.1829
385 1576 0.1829
385 1577 0.1779
385 1578 0.3358
385 1579 0.3499
385 1580 0.4731
385 1581 0.3358
385 1583 0.1829
385 1584 0.1829
385 1585 0.3358
385 1586 0.1829
385 1587 0.3499
385 1588 0.6552
385 1589 0.1829
385 1590 0.3358
385 1591 0.6618
385 1592 0.3358
385 1593 0.2447
385 1594 0.1829
385 1595 0.2020
385 1596 0.3069
385 1597 0.1829
385 1598 0.1829
385 1599 0.1829
385 1600 0.1829
385 1601 0.2447
385 1603 0.3499
385 1604 0.1829
385 1605 0.3499
385 1606 0.6618
385 1607 0.3499
385 1608 0.5677
385 1609 0.2448
385 1610 0.3499
385 1611 0.1829
385 1612 0.4622
385 1613 0.8676
385 1614 0.1829
385 1615 0.1829
385 1616 0.1829
385 1618 0.7262
385 1619 0.1829
385 1620 0.1829
385 1621 0.8415
385 1622 0.9290
385 1623 0.1829
385 1624 0.6552
385 1625 0.1829
385 1626 0.3069
385 1627 0.3069
385 1628 0.1829
385 1629 0.1829
385 1630 0.3499
385 1632 0.4731
385 1633 0.1829
385 1634 0.1829
385 1637 0.1829
385 1638 0.3499
385 1640 0.3499
385 1641 0.2447
385 1642 0.3499
385 1644 0.1829
385 1645 0.3358
385 1646 0.3499
385 1648 0.1829
385 1649 0.3499
385 1650 0.3499
385 1652 0.3069
385 1653 0.5704
385 1654 0.3499
385 1655 0.5704
385 1656 0.1829
385 1657 0.1829
385 1658 0.1829
385 1659 0.3499
385 1660 0.4151
385 1661 0.3499
385 1662 0.1829
385 1663 0.1829
385 1664 0.1829
385 1665 0.1829
385 1666 0.1829
385 1667 0.3499
385 1668 0.3808
385 1669 0.1829
385 1670 0.3499
385 1671 0.3499
385 1672 0.3499
385 1674 0.3499
385 1675 0.1829
385 1676 0.3499
385 1677 0.1829
385 1678 0.3499
385 1679 0.3358
385 1681 0.1829
385 1682 0.1829
385 1683 0.3499
385 1684 0.2448
385 1685 0.3499
385 1686 0.1829
385 1687 0.3069
385 1688 0.1829
385 1689 0.9886
385 1690 0.3499
385 1691 0.5704
385 1692 0.5677
385 1694 0.3499
385 1695 0.1829
385 1696 0.1829
385 1697 0.1829
385 1698 0.1829
385 1699 0.1829
385 1700 0.1829
385 1701 0.1799
385 1702 0.2447
385 1703 0.1829
385 1705 0.1829
385 1706 0.2447
385 1707 0.6207
385 1709 0.1829
385 1711 0.3358
385 1712 0.9865
385 1713 0.3358
385 1714 0.3358
385 1715 0.3499
385 1716 0.3069
385 1717 0.9875
385 1718 0.1829
385 1719 0.1829
385 1720 0.3499
385 1721 0.3069
385 1723 0.3499
385 1724 0.1829
385 1725 0.3358
385 1726 0.1829
385 1728 0.1829
385 1729 0.3499
385 1730 0.1829
386 387 0.7237
386 388 0.5683
386 389 0.3499
386 390 0.2882
386 391 0.6995
386 392 0.7054
386 393 0.7237
386 394 0.3499
386 395 0.3499
386 396 0.6487
386 397 0.5726
386 398 0.7023
386 399 0.8297
386 400 0.3499
386 402 0.3499
386 403 0.3160
386 404 0.4705
386 405 0.3160
386 406 0.7237
386 407 0.3160
386 408 0.3499
386 409 0.5726
386 411 0.3160
386 412 0.6466
386 413 0.5726
386 414 0.7237
386 415 0.7842
386 416 0.3499
386 418 0.9065
386 419 0.7237
386 420 0.5726
386 421 0.3499
386 422 0.5078
386 423 0.3499
386 424 0.7564
386 425 0.4705
386 427 0.4705
386 428 0.7143
386 430 0.4224
386 431 0.3499
386 432 0.3499
386 433 0.5078
386 434 0.8294
386 435 0.5726
386 436 0.2882
386 438 0.7873
386 439 0.5683
386 440 0.3160
386 441 0.7204
386 442 0.7237
386 443 0.3499
386 444 0.3499
386 445 0.3499
386 447 0.6962
386 449 0.6729
386 450 0.5078
386 451 0.5726
386 452 0.5885
386 453 0.5683
386 454 0.9695
386 455 0.5726
386 456 0.5726
386 457 0.3499
386 458 0.5683
386 459 0.4731
386 460 0.3160
386 461 0.5683
386 463 0.7237
386 464 0.3160
386 465 0.5726
386 466 0.9378
386 467 0.5078
386 468 0.3499
386 469 0.5726
386 470 0.5969
386 471 0.6738
386 472 0.5985
386 474 0.3499
386 475 0.7237
386 476 0.4287
386 478 0.4731
386 479 0.3499
386 480 0.3160
386 481 0.6729
386 482 0.5726
386 484 0.7237
386 485 0.5676
386 486 0.3160
386 488 0.4281
386 489 0.3499
386 490 0.5726
386 491 0.3499
386 492 0.5683
386 493 0.3160
386 494 0.3499
386 495 0.8951
386 496 0.3830
386 497 0.7237
386 498 0.6985
386 499 0.5683
386 500 0.3160
386 501 0.5726
386 503 0.7237
386 504 0.5726
386 505 0.5683
386 506 0.6729
386 507 0.4287
386 508 0.6738
386 509 0.5726
386 510 0.3160
386 511 0.8308
386 512 0.2882
386 513 0.5726
386 514 0.7842
386 515 0.6738
386 516 0.5726
386 517 0.7237
386 518 0.5726
386 519 0.5726
386 520 0.2779
386 521 0.3160
386 522 0.3160
386 523 0.5078
386 524 0.3499
386 526 0.5726
386 527 0.3499
386 528 0.5726
386 529 0.3160
386 530 0.3499
386 531 0.3499
386 532 0.5726
386 533 0.5726
386 534 0.3160
386 535 0.3160
386 536 0.7724
386 537 0.5683
386 538 0.3499
386 539 0.3499
386 540 0.7564
386 541 0.5726
386 542 0.5726
386 543 0.4224
386 544 0.6836
386 545 0.3499
386 546 0.5683
386 547 0.5726
386 548 0.5726
386 549 0.4731
386 551 0.3499
386 552 0.3499
386 553 0.7237
386 555 0.6729
386 556 0.3160
386 557 0.7204
386 558 0.5683
386 559 0.6196
386 560 0.5748
386 561 0.5726
386 562 0.3499
386 563 0.7528
386 564 0.2779
386 565 0.5726
386 566 0.3160
386 567 0.3160
386 568 0.9739
386 569 0.5692
386 570 0.3499
386 571 0.7863
386 572 0.5683
386 573 0.5726
386 574 0.3499
386 575 0.5683
386 576 0.5461
386 577 0.4705
386 578 0.4705
386 579 0.7842
386 580 0.3499
386 581 0.3160
386 582 0.3160
386 583 0.3160
386 584 0.5517
386 585 0.7204
386 586 0.5683
386 587 0.8982
386 589 0.7842
386 590 0.8998
386 591 0.3160
386 592 0.7842
386 595 0.3499
386 598 0.3499
386 599 0.3160
386 600 0.5726
386 601 0.3160
386 602 0.5683
386 604 0.3499
386 605 0.3160
386 606 0.5726
386 607 0.3160
386 608 0.3160
386 609 0.3160
386 610 0.5683
386 612 0.3160
386 613 0.6127
386 614 0.7863
386 615 0.2882
386 616 0.3160
386 617 0.2882
386 618 0.6196
386 619 0.8202
386 620 0.3499
386 621 0.5078
386 622 0.4731
386 623 0.3499
386 625 0.6267
386 626 0.5902
386 627 0.5683
386 628 0.7143
386 629 0.5726
386 630 0.3499
386 631 0.5683
386 632 0.4705
386 633 0.6739
386 634 0.7237
386 635 0.2882
386 636 0.3499
386 637 0.7237
386 638 0.5726
386 639 0.9803
386 640 0.3499
386 641 0.3160
386 642 0.5683
386 643 0.7237
386 644 0.3499
386 645 0.2882
386 646 0.3160
386 647 0.3499
386 648 0.5726
386 649 0.3499
386 650 0.5683
386 651 0.5078
386 652 0.3160
386 653 0.3160
386 654 0.3160
386 655 0.5726
386 656 0.3499
386 657 0.5726
386 658 0.6196
386 659 0.7237
386 660 0.3499
386 661 0.4705
386 662 0.5683
386 663 0.3160
386 664 0.3160
386 665 0.3499
386 666 0.3499
386 667 0.3160
386 668 0.3499
386 669 0.3160
386 670 0.3499
386 671 0.4705
386 672 0.3160
386 673 0.5726
386 674 0.3160
386 675 0.5726
386 676 0.6507
386 678 0.6738
386 679 0.3160
386 680 0.3499
386 681 0.3160
386 683 0.3160
386 684 0.5726
386 685 0.8202
386 686 0.5683
386 687 0.5683
386 688 0.3160
386 689 0.9033
386 690 0.2779
386 691 0.7891
386 692 0.4082
386 693 0.3160
386 694 0.7237
386 695 0.7143
386 696 0.5726
386 697 0.5726
386 698 0.4705
386 699 0.7237
386 700 0.3160
386 701 0.3160
386 702 0.3160
386 703 0.4287
386 704 0.4082
386 705 0.3160
386 706 0.8281
386 707 0.4705
386 708 0.2882
386 709 0.5726
386 710 0.5683
386 711 0.8752
386 712 0.5726
386 713 0.2779
386 714 0.7564
386 716 0.3499
386 717 0.3160
386 718 0.3160
386 720 0.3499
386 721 0.5683
386 722 0.7682
386 723 0.3160
386 725 0.2882
386 726 0.6738
386 727 0.5726
386 728 0.6661
386 729 0.3160
386 730 0.3499
386 731 0.5078
386 732 0.8401
386 733 0.7204
386 734 0.2779
386 735 0.7863
386 736 0.8466
386 737 0.8649
386 738 0.3160
386 740 0.6729
386 741 0.7842
386 742 0.3160
386 743 0.5726
386 744 0.6127
386 745 0.3160
386 747 0.4705
386 748 0.8864
386 749 0.3499
386 750 0.6729
386 751 0.3499
386 752 0.8050
386 753 0.5078
386 754 0.3499
386 755 0.4899
386 756 0.5726
386 757 0.7237
386 758 0.5683
386 759 0.5078
386 760 0.3499
386 761 0.3499
386 762 0.5683
386 763 0.6196
386 764 0.3160
386 765 0.3160
386 766 0.3160
386 767 0.5726
386 768 0.9287
386 769 0.3160
386 770 0.5726
386 771 0.5683
386 772 0.3499
386 773 0.5683
386 774 0.3499
386 776 0.5726
386 777 0.3160
386 778 0.2779
386 779 0.3499
386 780 0.3499
386 781 0.3160
386 782 0.7237
386 783 0.5726
386 784 0.4705
386 785 0.6089
386 786 0.6661
386 787 0.3499
386 788 0.3499
386 789 0.8401
386 791 0.3160
386 793 0.7842
386 794 0.6738
386 795 0.3499
386 796 0.5683
386 797 0.3160
386 798 0.3499
386 799 0.5692
386 801 0.4287
386 803 0.4990
386 804 0.8019
386 805 0.6738
386 806 0.3160
386 807 0.2779
386 808 0.7904
386 809 0.5726
386 810 0.5683
386 811 0.9039
386 812 0.3499
386 813 0.7237
386 814 0.5726
386 815 0.3160
386 816 0.3160
386 817 0.3160
386 818 0.3499
386 819 0.3499
386 820 0.3499
386 821 0.6738
386 822 0.6738
386 823 0.7999
386 824 0.5726
386 825 0.8852
386 827 0.4287
386 828 0.5683
386 829 0.3499
386 830 0.3160
386 831 0.7639
386 832 0.6729
386 833 0.3499
386 834 0.7842
386 835 0.3160
386 836 0.5683
386 837 0.3499
386 838 0.4281
386 839 0.3499
386 840 0.3160
386 841 0.6738
386 842 0.3160
386 843 0.5078
386 845 0.3499
386 846 0.6586
386 848 0.3499
386 849 0.7237
386 850 0.3499
386 851 0.9286
386 852 0.3499
386 853 0.5726
386 854 0.3499
386 855 0.5683
386 856 0.5726
386 857 0.3499
386 858 0.7564
386 859 0.3499
386 860 0.5078
386 861 0.5078
386 862 0.5726
386 865 0.4705
386 866 0.4224
386 867 0.4082
386 868 0.5726
386 869 0.7863
386 870 0.6738
386 871 0.6196
386 872 0.9996
386 874 0.4224
386 875 0.3160
386 876 0.5683
386 877 0.3499
386 878 0.3499
386 880 0.7999
386 881 0.2779
386 882 0.3160
386 883 0.3160
386 884 0.3160
386 885 0.3160
386 886 0.4224
386 887 0.7373
386 888 0.3160
386 889 0.5726
386 891 0.8448
386 892 0.3160
386 893 0.5726
386 894 0.3499
386 895 0.6729
386 896 0.3499
386 898 0.7054
386 900 0.2779
386 901 0.7204
386 903 0.7999
386 906 0.3499
386 907 0.3160
386 908 0.7237
386 909 0.7475
386 910 0.3160
386 911 0.3160
386 912 0.3499
386 913 0.3499
386 914 0.4705
386 915 0.8047
386 916 0.3160
386 917 0.3499
386 918 0.2779
386 919 0.5726
386 920 0.5726
386 921 0.2779
386 922 0.5726
386 924 0.3499
386 928 0.5726
386 929 0.5726
386 930 0.5683
386 932 0.3499
386 933 0.3160
386 934 0.5726
386 935 0.4287
386 936 0.3160
386 937 0.3499
386 938 0.5683
386 940 0.3499
386 941 0.7237
386 942 0.3500
386 943 0.2779
386 944 0.3499
386 946 0.3160
386 947 0.5071
386 948 0.3160
386 950 0.3160
386 951 0.3499
386 952 0.6890
386 953 0.7842
386 954 0.2779
386 955 0.5683
386 956 0.3499
386 957 0.3499
386 958 0.3499
386 959 0.5726
386 960 0.8882
386 962 0.3499
386 963 0.2882
386 964 0.3499
386 965 0.5726
386 966 0.3160
386 967 0.5683
386 968 0.8133
386 969 0.5726
386 971 0.7204
386 972 0.3160
386 973 0.5726
386 974 0.9909
386 976 0.5607
386 978 0.3160
386 979 0.8991
386 980 0.5726
386 981 0.3499
386 982 0.3499
386 983 0.3160
386 984 0.4705
386 985 0.3160
386 986 0.3160
386 987 0.6738
386 989 0.3160
386 990 0.3160
386 991 0.3499
386 992 0.3499
386 993 0.8618
386 994 0.9384
386 995 0.6332
386 996 0.3160
386 998 0.3499
386 999 0.3499
386 1000 0.3160
386 1001 0.5726
386 1002 0.8254
386 1003 0.7564
386 1004 0.8047
386 1005 0.3499
386 1006 0.5683
386 1007 0.9027
386 1008 0.3160
386 1010 0.5726
386 1013 0.3160
386 1014 0.5726
386 1015 0.5726
386 1016 0.2779
386 1017 0.3160
386 1018 0.3499
386 1019 0.4224
386 1020 0.7204
386 1022 0.4281
386 1023 0.3160
386 1024 0.3160
386 1026 0.2779
386 1027 0.7001
386 1028 0.3499
386 1029 0.4287
386 1030 0.6196
386 1031 0.3499
386 1032 0.3160
386 1033 0.1779
386 1034 0.3160
386 1035 0.3160
386 1036 0.3160
386 1037 0.3160
386 1038 0.2882
386 1039 0.5726
386 1040 0.3160
386 1041 0.3499
386 1042 0.5683
386 1044 0.3499
386 1045 0.3499
386 1046 0.3499
386 1047 0.2779
386 1048 0.5683
386 1049 0.3160
386 1050 0.3499
386 1051 0.3499
386 1053 0.4705
386 1055 0.3160
386 1056 0.5726
386 1057 0.5726
386 1058 0.3160
386 1059 0.3160
386 1060 0.5078
386 1061 0.3160
386 1062 0.3499
386 1063 0.7204
386 1064 0.3160
386 1065 0.4287
386 1066 0.5683
386 1067 0.8404
386 1068 0.6766
386 1069 0.3160
386 1070 0.3500
386 1071 0.3499
386 1072 0.2882
386 1073 0.3499
386 1075 0.7237
386 1076 0.3499
386 1077 0.3499
386 1078 0.3160
386 1079 0.6738
386 1080 0.3499
386 1081 0.4705
386 1082 0.3160
386 1083 0.8404
386 1084 0.5078
386 1085 0.3160
386 1087 0.5726
386 1089 0.3160
386 1090 0.2779
386 1091 0.3499
386 1093 0.3499
386 1094 0.3160
386 1095 0.3160
386 1096 0.3499
386 1097 0.3499
386 1099 0.9956
386 1102 0.3499
386 1103 0.3499
386 1104 0.5726
386 1105 0.7204
386 1106 0.2779
386 1107 0.3499
386 1108 0.4281
386 1109 0.3499
386 1110 0.3499
386 1111 0.5726
386 1113 0.3499
386 1114 0.3499
386 1115 0.3499
386 1116 0.3160
386 1117 0.3160
386 1118 0.3499
386 1119 0.3499
386 1120 0.3160
386 1121 0.2882
386 1122 0.3499
386 1123 0.5726
386 1124 0.3160
386 1125 0.5726
386 1126 0.5726
386 1127 0.7831
386 1128 0.8202
386 1129 0.4705
386 1130 0.6738
386 1131 0.3499
386 1132 0.3160
386 1133 0.3499
386 1134 0.3499
386 1135 0.9713
386 1136 0.5726
386 1138 0.3160
386 1139 0.3499
386 1141 0.3499
386 1142 0.5726
386 1143 0.6738
386 1146 0.5726
386 1147 0.3499
386 1148 0.3499
386 1150 0.7204
386 1151 0.5726
386 1152 0.8860
386 1153 0.3499
386 1154 0.8347
386 1155 0.5726
386 1156 0.3160
386 1157 0.3499
386 1158 0.5726
386 1159 0.3499
386 1160 0.3499
386 1161 0.3160
386 1162 0.5726
386 1163 0.7143
386 1165 0.3499
386 1166 0.3160
386 1167 0.3499
386 1169 0.5078
386 1172 0.3160
386 1173 0.3499
386 1174 0.3499
386 1176 0.5683
386 1177 0.5683
386 1178 0.3499
386 1180 0.5220
386 1181 0.3160
386 1182 0.5726
386 1183 0.4224
386 1184 0.3499
386 1185 0.3499
386 1186 0.5683
386 1187 0.3160
386 1188 0.3499
386 1189 0.3160
386 1191 0.5726
386 1192 0.3499
386 1193 0.5077
386 1194 0.3499
386 1195 0.3499
386 1196 0.3499
386 1197 0.5726
386 1198 0.3499
386 1199 0.8146
386 1200 0.2882
386 1201 0.5726
386 1202 0.5692
386 1203 0.3499
386 1204 0.3160
386 1205 0.3499
386 1206 0.7204
386 1208 0.3499
386 1209 0.3160
386 1210 0.5078
386 1211 0.7237
386 1212 0.3160
386 1213 0.2882
386 1214 0.3160
386 1215 0.3499
386 1216 0.2882
386 1217 0.3499
386 1218 0.3160
386 1219 0.3499
386 1221 0.3499
386 1222 0.3499
386 1223 0.2779
386 1225 0.9030
386 1226 0.7204
386 1227 0.4281
386 1228 0.3160
386 1229 0.3160
386 1230 0.3160
386 1231 0.2779
386 1232 0.3499
386 1233 0.3499
386 1234 0.3499
386 1236 0.3499
386 1237 0.5726
386 1238 0.3160
386 1240 0.5726
386 1241 0.3499
386 1242 0.7863
386 1244 0.3499
386 1245 0.3160
386 1246 0.3499
386 1247 0.6738
386 1248 0.3160
386 1249 0.3499
386 1250 0.5726
386 1251 0.3160
386 1252 0.3160
386 1253 0.3160
386 1254 0.3499
386 1255 0.3499
386 1256 0.5726
386 1257 0.3499
386 1258 0.6738
386 1259 0.5683
386 1260 0.4705
386 1262 0.3499
386 1263 0.5683
386 1265 0.7237
386 1266 0.3499
386 1267 0.3160
386 1268 0.5726
386 1269 0.7863
386 1270 0.5726
386 1271 0.7237
386 1272 0.3160
386 1273 0.3160
386 1274 0.3160
386 1275 0.7237
386 1276 0.3160
386 1278 0.2882
386 1279 0.3160
386 1280 0.5726
386 1281 0.3160
386 1282 0.3499
386 1283 0.3500
386 1284 0.3160
386 1286 0.3160
386 1287 0.5162
386 1288 0.3499
386 1289 0.2779
386 1290 0.3499
386 1292 0.9112
386 1293 0.3160
386 1296 0.3160
386 1297 0.3499
386 1298 0.6353
386 1299 0.3499
386 1300 0.3499
386 1301 0.3499
386 1303 0.4905
386 1304 0.3499
386 1305 0.5726
386 1306 0.3499
386 1307 0.2779
386 1309 0.3499
386 1310 0.2779
386 1311 0.2882
386 1313 0.3499
386 1316 0.9953
386 1318 0.3499
386 1319 0.3499
386 1322 0.3499
386 1323 0.4705
386 1324 0.3499
386 1325 0.3499
386 1326 0.3160
386 1327 0.3499
386 1330 0.5726
386 1331 0.3160
386 1333 0.3499
386 1334 0.3160
386 1335 0.5726
386 1336 0.3499
386 1337 0.3499
386 1338 0.3499
386 1340 0.3499
386 1341 0.3499
386 1342 0.7204
386 1343 0.3160
386 1344 0.3160
386 1346 0.2779
386 1348 0.4705
386 1349 0.3160
386 1350 0.3499
386 1351 0.3499
386 1352 0.3160
386 1353 0.3499
386 1354 0.3499
386 1355 0.3499
386 1356 0.3499
386 1357 0.3499
386 1360 0.3499
386 1361 0.5726
386 1362 0.5726
386 1363 0.3160
386 1364 0.3160
386 1366 0.3499
386 1367 0.7143
386 1368 0.5726
386 1369 0.7237
386 1370 0.8700
386 1372 0.3160
386 1374 0.5726
386 1375 0.3499
386 1376 0.3160
386 1377 0.3160
386 1378 0.3499
386 1379 0.3499
386 1380 0.3160
386 1382 0.3499
386 1383 0.3160
386 1384 0.3160
386 1386 0.3499
386 1387 0.5683
386 1388 0.3499
386 1389 0.5726
386 1390 0.3499
386 1393 0.3499
386 1394 0.5726
386 1395 0.5726
386 1396 0.3160
386 1397 0.7237
386 1398 0.7237
386 1399 0.3499
386 1401 0.3160
386 1402 0.4287
386 1405 0.5683
386 1406 0.3499
386 1407 0.3499
386 1408 0.2779
386 1409 0.3499
386 1411 0.3499
386 1412 0.3499
386 1413 0.3499
386 1415 0.2779
386 1416 0.3499
386 1418 0.3160
386 1419 0.5726
386 1420 0.3499
386 1421 0.3160
386 1422 0.3160
386 1423 0.3499
386 1424 0.3160
386 1425 0.2779
386 1426 0.7842
386 1427 0.3160
386 1428 0.2779
386 1431 0.3160
386 1434 0.9931
386 1435 0.8876
386 1436 0.3499
386 1437 0.7237
386 1438 0.3499
386 1439 0.6729
386 1440 0.7022
386 1441 0.4082
386 1443 0.3499
386 1445 0.3499
386 1446 0.2779
386 1448 0.5726
386 1449 0.5726
386 1451 0.3160
386 1452 0.3160
386 1454 0.3499
386 1455 0.2882
386 1456 0.3160
386 1459 0.2882
386 1460 0.3160
386 1461 0.3499
386 1462 0.3160
386 1464 0.5726
386 1465 0.3499
386 1466 0.4705
386 1468 0.3499
386 1470 0.3499
386 1472 0.3160
386 1473 0.3160
386 1474 0.3499
386 1476 0.3160
386 1477 0.3160
386 1478 0.3499
386 1479 0.5726
386 1480 0.5726
386 1481 0.3499
386 1482 0.5726
386 1484 0.2882
386 1485 0.7237
386 1486 0.3499
386 1487 0.5726
386 1490 0.3499
386 1491 0.4287
386 1492 0.3499
386 1493 0.3160
386 1494 0.2882
386 1495 0.3499
386 1496 0.3499
386 1497 0.5726
386 1498 0.3499
386 1499 0.3499
386 1500 0.3499
386 1501 0.2882
386 1503 0.6738
386 1504 0.3499
386 1505 0.3499
386 1506 0.3160
386 1507 0.3160
386 1508 0.3499
386 1511 0.3499
386 1512 0.3160
386 1513 0.3499
386 1515 0.3499
386 1516 0.5683
386 1517 0.3160
386 1518 0.5726
386 1519 0.6619
386 1520 0.9913
386 1522 0.5078
386 1525 0.3499
386 1526 0.4705
386 1527 0.3160
386 1528 0.3160
386 1529 0.3160
386 1530 0.5078
386 1531 0.3499
386 1532 0.3499
386 1535 0.5726
386 1536 0.4705
386 1537 0.3499
386 1538 0.5683
386 1540 0.5726
386 1541 0.3160
386 1542 0.5726
386 1544 0.3499
386 1545 0.3499
386 1546 0.5726
386 1547 0.3160
386 1548 0.6127
386 1549 0.3499
386 1551 0.3499
386 1552 0.3499
386 1554 0.5726
386 1555 0.3499
386 1557 0.3499
386 1560 0.3499
386 1562 0.3499
386 1565 0.2779
386 1566 0.3499
386 1567 0.3499
386 1568 0.3499
386 1569 0.5726
386 1571 0.3160
386 1572 0.5726
386 1573 0.3160
386 1574 0.3160
386 1575 0.3499
386 1576 0.3499
386 1577 0.3160
386 1578 0.5726
386 1579 0.3160
386 1580 0.3160
386 1581 0.5726
386 1583 0.3499
386 1584 0.3499
386 1585 0.5726
386 1586 0.3499
386 1587 0.3160
386 1588 0.7237
386 1589 0.3499
386 1590 0.5726
386 1591 0.5683
386 1592 0.5726
386 1593 0.2779
386 1594 0.3499
386 1595 0.3499
386 1596 0.2882
386 1597 0.3499
386 1598 0.3499
386 1599 0.3499
386 1600 0.3499
386 1601 0.2779
386 1603 0.3160
386 1604 0.3499
386 1605 0.3160
386 1606 0.5683
386 1607 0.3160
386 1608 0.7237
386 1609 0.3499
386 1610 0.3160
386 1611 0.3499
386 1612 0.5078
386 1613 0.8543
386 1614 0.3499
386 1615 0.3499
386 1616 0.3499
386 1618 0.7204
386 1619 0.3499
386 1620 0.3499
386 1621 0.8759
386 1622 0.9313
386 1623 0.3499
386 1624 0.7237
386 1625 0.3499
386 1626 0.2882
386 1627 0.2882
386 1628 0.3499
386 1629 0.3499
386 1630 0.3160
386 1632 0.3160
386 1633 0.3499
386 1634 0.3499
386 1637 0.3499
386 1638 0.3160
386 1640 0.3160
386 1641 0.2779
386 1642 0.3160
386 1644 0.3499
386 1645 0.5726
386 1646 0.4224
386 1648 0.3499
386 1649 0.3160
386 1650 0.4224
386 1652 0.2882
386 1653 0.5683
386 1654 0.3160
386 1655 0.5683
386 1656 0.3499
386 1657 0.4731
386 1658 0.4731
386 1659 0.3160
386 1660 0.6658
386 1661 0.3160
386 1662 0.3499
386 1663 0.3499
386 1664 0.3499
386 1665 0.3499
386 1666 0.3499
386 1667 0.3160
386 1668 0.5623
386 1669 0.3499
386 1670 0.3160
386 1671 0.3160
386 1672 0.3160
386 1674 0.3160
386 1675 0.3499
386 1676 0.3160
386 1677 0.3499
386 1678 0.3160
386 1679 0.5726
386 1681 0.3499
386 1682 0.4731
386 1683 0.3160
386 1684 0.3499
386 1685 0.3160
386 1686 0.3499
386 1687 0.2882
386 1688 0.3499
386 1689 0.9905
386 1690 0.3160
386 1691 0.5683
386 1692 0.7237
386 1694 0.3160
386 1695 0.3499
386 1696 0.3499
386 1697 0.3499
386 1698 0.3499
386 1699 0.3499
386 1700 0.3499
386 1701 0.3635
386 1702 0.2779
386 1703 0.3499
386 1705 0.3499
386 1706 0.2779
386 1707 0.6127
386 1709 0.3499
386 1711 0.5726
386 1712 0.9802
386 1713 0.5726
386 1714 0.5726
386 1715 0.3160
386 1716 0.2882
386 1717 0.9891
386 1718 0.3499
386 1719 0.3499
386 1720 0.3160
386 1721 0.2882
386 1723 0.3160
386 1724 0.3499
386 1725 0.5726
386 1726 0.3499
386 1728 0.3499
386 1729 0.3160
386 1730 0.3499
387 388 0.7597
387 389 0.5677
387 390 0.6870
387 391 0.8845
387 392 0.8891
387 393 0.7575
387 394 0.5677
387 395 0.5677
387 396 0.9234
387 397 0.7135
387 398 0.7839
387 399 0.8690
387 400 0.5677
387 402 0.5677
387 403 0.5768
387 404 0.6603
387 405 0.7237
387 406 0.7575
387 407 0.7831
387 408 0.5677
387 409 0.7715
387 411 0.7237
387 412 0.7813
387 413 0.7715
387 414 0.7575
387 415 0.8187
387 416 0.5677
387 418 0.9705
387 419 0.7575
387 420 0.7135
387 421 0.5677
387 422 0.6773
387 423 0.5677
387 424 0.8596
387 425 0.7386
387 427 0.8090
387 428 0.8712
387 430 0.7237
387 431 0.5677
387 432 0.5677
387 433 0.8274
387 434 0.9000
387 435 0.7715
387 436 0.6870
387 438 0.8562
387 439 0.7597
387 440 0.5768
387 441 0.8532
387 442 0.8232
387 443 0.5677
387 444 0.5677
387 445 0.5677
387 447 0.7878
387 449 0.8104
387 450 0.7221
387 451 0.7135
387 452 0.7540
387 453 0.7597
387 454 0.9892
387 455 0.7135
387 456 0.7135
387 457 0.5677
387 458 0.8127
