360 424 0.6500
360 425 0.4932
360 427 0.3079
360 428 0.5979
360 430 0.0913
360 431 0.0753
360 432 0.1011
360 433 0.5350
360 434 0.7938
360 435 0.3943
360 436 0.2849
360 438 0.5176
360 439 0.4525
360 440 0.6768
360 441 0.5996
360 442 0.6001
360 443 0.0976
360 444 0.3926
360 445 0.0870
360 447 0.6919
360 449 0.3059
360 450 0.4301
360 451 0.2652
360 452 0.2091
360 453 0.2548
360 454 0.9264
360 455 0.2143
360 456 0.3275
360 457 0.2733
360 458 0.5891
360 459 0.1132
360 460 0.2871
360 461 0.5148
360 463 0.5099
360 464 0.1034
360 465 0.3746
360 466 0.7518
360 467 0.2685
360 468 0.1098
360 469 0.3012
360 470 0.1415
360 471 0.5770
360 472 0.2038
360 474 0.2472
360 475 0.6106
360 476 0.5094
360 478 0.1132
360 479 0.1132
360 480 0.1781
360 481 0.5479
360 482 0.6980
360 484 0.4748
360 485 0.3638
360 486 0.2246
360 488 0.2035
360 489 0.1581
360 490 0.1145
360 491 0.1132
360 492 0.1124
360 493 0.6801
360 494 0.1547
360 495 0.5529
360 496 0.3787
360 497 0.4550
360 498 0.1832
360 499 0.2183
360 500 0.5752
360 501 0.1707
360 503 0.6793
360 504 0.5484
360 505 0.3626
360 506 0.5264
360 507 0.1433
360 508 0.5648
360 509 0.1876
360 510 0.4190
360 511 0.1765
360 512 0.2849
360 513 0.2921
360 514 0.8750
360 515 0.6423
360 516 0.5444
360 517 0.5024
360 518 0.0762
360 519 0.1565
360 520 0.0621
360 521 0.3803
360 522 0.3195
360 523 0.4522
360 524 0.3481
360 526 0.2704
360 527 0.1750
360 528 0.1494
360 529 0.4117
360 530 0.1031
360 531 0.4844
360 532 0.3517
360 533 0.6056
360 534 0.4546
360 535 0.1656
360 536 0.2456
360 537 0.7350
360 538 0.3059
360 539 0.1630
360 540 0.6364
360 541 0.7087
360 542 0.4275
360 543 0.1736
360 544 0.5421
360 545 0.1320
360 546 0.7095
360 547 0.4664
360 548 0.4068
360 549 0.1402
360 551 0.1250
360 552 0.1493
360 553 0.6326
360 555 0.1800
360 556 0.0779
360 557 0.6045
360 558 0.2146
360 559 0.1840
360 560 0.2753
360 561 0.2418
360 562 0.1132
360 563 0.3139
360 564 0.0654
360 565 0.6500
360 566 0.5455
360 567 0.3436
360 568 0.7431
360 569 0.2152
360 570 0.2733
360 571 0.5449
360 572 0.1472
360 573 0.7267
360 574 0.2491
360 575 0.6054
360 576 0.3318
360 577 0.4791
360 578 0.2535
360 579 0.4964
360 580 0.1034
360 581 0.5633
360 582 0.0927
360 583 0.0998
360 584 0.1832
360 585 0.7621
360 586 0.0729
360 587 0.6712
360 589 0.5762
360 590 0.7955
360 591 0.6245
360 592 0.7386
360 595 0.1464
360 598 0.2539
360 599 0.0632
360 600 0.6778
360 601 0.0824
360 602 0.5462
360 604 0.1362
360 605 0.4304
360 606 0.3781
360 607 0.2452
360 608 0.4925
360 609 0.3717
360 610 0.1780
360 612 0.5732
360 613 0.4578
360 614 0.7763
360 615 0.2849
360 616 0.1009
360 617 0.2849
360 618 0.3432
360 619 0.6305
360 620 0.1581
360 621 0.1222
360 622 0.1402
360 623 0.1432
360 625 0.1532
360 626 0.3834
360 627 0.3798
360 628 0.2229
360 629 0.2585
360 630 0.3438
360 631 0.7171
360 632 0.2066
360 633 0.3469
360 634 0.7060
360 635 0.2849
360 636 0.6227
360 637 0.7968
360 638 0.3872
360 639 0.5565
360 640 0.2472
360 641 0.0926
360 642 0.7887
360 643 0.1198
360 644 0.4562
360 645 0.2076
360 646 0.4805
360 647 0.1561
360 648 0.3089
360 649 0.0753
360 650 0.1314
360 651 0.2760
360 652 0.2593
360 653 0.4597
360 654 0.5145
360 655 0.2598
360 656 0.1031
360 657 0.1549
360 658 0.3546
360 659 0.6780
360 660 0.0976
360 661 0.5667
360 662 0.6929
360 663 0.2089
360 664 0.6840
360 665 0.1878
360 666 0.0944
360 667 0.2901
360 668 0.1807
360 669 0.6343
360 670 0.1237
360 671 0.3666
360 672 0.2170
360 673 0.1373
360 674 0.1101
360 675 0.4830
360 676 0.1426
360 678 0.5497
360 679 0.3706
360 680 0.1132
360 681 0.3365
360 683 0.1073
360 684 0.6551
360 685 0.1398
360 686 0.3755
360 687 0.5407
360 688 0.6894
360 689 0.7051
360 690 0.3312
360 691 0.3389
360 692 0.2144
360 693 0.2938
360 694 0.2794
360 695 0.3998
360 696 0.7523
360 697 0.4212
360 698 0.4769
360 699 0.5186
360 700 0.5698
360 701 0.4185
360 702 0.3329
360 703 0.2042
360 704 0.1395
360 705 0.1005
360 706 0.3654
360 707 0.1533
360 708 0.0887
360 709 0.4616
360 710 0.5428
360 711 0.8801
360 712 0.1132
360 713 0.0905
360 714 0.7048
360 716 0.2589
360 717 0.1030
360 718 0.3930
360 720 0.3481
360 721 0.5066
360 722 0.4344
360 723 0.0912
360 725 0.2849
360 726 0.4714
360 727 0.3573
360 728 0.3840
360 729 0.3642
360 730 0.2203
360 731 0.7918
360 732 0.3788
360 733 0.6398
360 734 0.5986
360 735 0.5825
360 736 0.8490
360 737 0.7892
360 738 0.4129
360 740 0.1575
360 741 0.5298
360 742 0.2789
360 743 0.5215
360 744 0.4739
360 745 0.2565
360 747 0.4143
360 748 0.7085
360 749 0.0753
360 750 0.3553
360 751 0.2733
360 752 0.3518
360 753 0.6330
360 754 0.1132
360 755 0.1769
360 756 0.4575
360 757 0.4078
360 758 0.5847
360 759 0.5050
360 760 0.1581
360 761 0.1132
360 762 0.5987
360 763 0.4390
360 764 0.0952
360 765 0.0821
360 766 0.0965
360 767 0.3290
360 768 0.8655
360 769 0.4529
360 770 0.1031
360 771 0.1726
360 772 0.1178
360 773 0.1833
360 774 0.2493
360 776 0.2345
360 777 0.2016
360 778 0.5996
360 779 0.0738
360 780 0.6042
360 781 0.2513
360 782 0.4994
360 783 0.1577
360 784 0.1616
360 785 0.5905
360 786 0.5107
360 787 0.6042
360 788 0.0865
360 789 0.4308
360 791 0.0516
360 793 0.3761
360 794 0.4216
360 795 0.6042
360 796 0.6822
360 797 0.2507
360 798 0.1767
360 799 0.3160
360 801 0.1322
360 803 0.1754
360 804 0.5842
360 805 0.2379
360 806 0.4707
360 807 0.5726
360 808 0.4305
360 809 0.5567
360 810 0.4839
360 811 0.5408
360 812 0.1630
360 813 0.4866
360 814 0.7603
360 815 0.2868
360 816 0.1926
360 817 0.1704
360 818 0.1837
360 819 0.0696
360 820 0.1976
360 821 0.2713
360 822 0.1944
360 823 0.6344
360 824 0.5169
360 825 0.7909
360 827 0.2118
360 828 0.4596
360 829 0.1493
360 830 0.3490
360 831 0.4978
360 832 0.4440
360 833 0.1132
360 834 0.7558
360 835 0.0830
360 836 0.4515
360 837 0.2203
360 838 0.2480
360 839 0.2803
360 840 0.5671
360 841 0.5183
360 842 0.0776
360 843 0.0985
360 845 0.2510
360 846 0.3487
360 848 0.2059
360 849 0.2562
360 850 0.2589
360 851 0.5961
360 852 0.1118
360 853 0.2422
360 854 0.0701
360 855 0.7097
360 856 0.1811
360 857 0.2000
360 858 0.4737
360 859 0.3539
360 860 0.3434
360 861 0.4320
360 862 0.1534
360 865 0.1666
360 866 0.1033
360 867 0.3985
360 868 0.3983
360 869 0.4522
360 870 0.1929
360 871 0.3008
360 872 0.9907
360 874 0.1116
360 875 0.4971
360 876 0.4635
360 877 0.1872
360 878 0.1620
360 880 0.4628
360 881 0.0963
360 882 0.4057
360 883 0.3532
360 884 0.6352
360 885 0.4491
360 886 0.1999
360 887 0.2837
360 888 0.3732
360 889 0.6475
360 891 0.8039
360 892 0.5353
360 893 0.6259
360 894 0.1545
360 895 0.3758
360 896 0.1545
360 898 0.2067
360 900 0.0843
360 901 0.7080
360 903 0.2741
360 906 0.2281
360 907 0.4159
360 908 0.7704
360 909 0.4068
360 910 0.6271
360 911 0.4696
360 912 0.1132
360 913 0.2341
360 914 0.1228
360 915 0.7398
360 916 0.1149
360 917 0.1009
360 918 0.2513
360 919 0.4471
360 920 0.2803
360 921 0.1364
360 922 0.7461
360 924 0.3267
360 928 0.3467
360 929 0.2661
360 930 0.4084
360 932 0.1424
360 933 0.3698
360 934 0.1238
360 935 0.2626
360 936 0.1318
360 937 0.1383
360 938 0.5406
360 940 0.1545
360 941 0.5847
360 942 0.1700
360 943 0.4304
360 944 0.3288
360 946 0.0974
360 947 0.2899
360 948 0.1586
360 950 0.2744
360 951 0.4071
360 952 0.2258
360 953 0.2223
360 954 0.4756
360 955 0.1141
360 956 0.3359
360 957 0.2733
360 958 0.1117
360 959 0.6797
360 960 0.5583
360 962 0.0727
360 963 0.2849
360 964 0.1837
360 965 0.2109
360 966 0.4783
360 967 0.4054
360 968 0.7429
360 969 0.5821
360 971 0.5973
360 972 0.2427
360 973 0.2215
360 974 0.7632
360 976 0.2047
360 978 0.3018
360 979 0.4924
360 980 0.2219
360 981 0.2239
360 982 0.1493
360 983 0.1095
360 984 0.1624
360 985 0.5823
360 986 0.1820
360 987 0.1175
360 989 0.5333
360 990 0.0609
360 991 0.4159
360 992 0.1446
360 993 0.5889
360 994 0.8626
360 995 0.1569
360 996 0.1318
360 998 0.3438
360 999 0.6120
360 1000 0.4766
360 1001 0.1166
360 1002 0.1686
360 1003 0.7741
360 1004 0.2910
360 1005 0.1629
360 1006 0.3497
360 1007 0.5763
360 1008 0.4829
360 1010 0.5291
360 1013 0.2950
360 1014 0.0773
360 1015 0.1864
360 1016 0.1695
360 1017 0.2136
360 1018 0.1369
360 1019 0.1031
360 1020 0.7148
360 1022 0.6106
360 1023 0.1653
360 1024 0.2157
360 1026 0.1207
360 1027 0.1051
360 1028 0.2203
360 1029 0.3075
360 1030 0.5996
360 1031 0.6042
360 1032 0.3913
360 1033 0.0905
360 1034 0.0705
360 1035 0.3189
360 1036 0.2288
360 1037 0.3362
360 1038 0.2849
360 1039 0.1612
360 1040 0.0800
360 1041 0.1545
360 1042 0.0885
360 1044 0.1305
360 1045 0.1227
360 1046 0.2495
360 1047 0.1276
360 1048 0.3141
360 1049 0.1883
360 1050 0.1953
360 1051 0.1246
360 1053 0.1232
360 1055 0.6512
360 1056 0.0752
360 1057 0.4404
360 1058 0.1006
360 1059 0.1765
360 1060 0.1656
360 1061 0.1949
360 1062 0.1879
360 1063 0.8769
360 1064 0.0637
360 1065 0.1605
360 1066 0.7002
360 1067 0.8784
360 1068 0.3342
360 1069 0.2445
360 1070 0.2046
360 1071 0.3141
360 1072 0.2849
360 1073 0.1617
360 1075 0.6754
360 1076 0.1178
360 1077 0.3253
360 1078 0.6788
360 1079 0.1401
360 1080 0.4118
360 1081 0.2432
360 1082 0.4099
360 1083 0.8592
360 1084 0.3549
360 1085 0.4490
360 1087 0.3387
360 1089 0.2223
360 1090 0.1608
360 1091 0.1589
360 1093 0.1545
360 1094 0.0979
360 1095 0.0580
360 1096 0.1879
360 1097 0.1493
360 1099 0.9549
360 1102 0.1251
360 1103 0.3647
360 1104 0.4985
360 1105 0.4064
360 1106 0.2382
360 1107 0.4794
360 1108 0.2924
360 1109 0.1432
360 1110 0.1547
360 1111 0.1692
360 1113 0.1011
360 1114 0.3619
360 1115 0.0812
360 1116 0.3946
360 1117 0.1830
360 1118 0.1732
360 1119 0.1154
360 1120 0.1530
360 1121 0.2076
360 1122 0.2869
360 1123 0.3859
360 1124 0.3864
360 1125 0.1807
360 1126 0.5537
360 1127 0.1071
360 1128 0.6191
360 1129 0.1317
360 1130 0.7444
360 1131 0.0970
360 1132 0.1686
360 1133 0.0981
360 1134 0.3463
360 1135 0.7929
360 1136 0.1585
360 1138 0.2437
360 1139 0.2593
360 1141 0.2281
360 1142 0.1999
360 1143 0.5832
360 1146 0.5755
360 1147 0.2073
360 1148 0.2209
360 1150 0.5313
360 1151 0.3382
360 1152 0.8951
360 1153 0.2073
360 1154 0.1814
360 1155 0.5685
360 1156 0.3256
360 1157 0.1364
360 1158 0.7985
360 1159 0.3438
360 1160 0.1301
360 1161 0.0841
360 1162 0.2724
360 1163 0.4226
360 1165 0.3438
360 1166 0.3231
360 1167 0.1031
360 1169 0.2058
360 1172 0.1325
360 1173 0.1493
360 1174 0.1750
360 1176 0.6318
360 1177 0.5431
360 1178 0.1493
360 1180 0.2172
360 1181 0.1993
360 1182 0.5227
360 1183 0.0871
360 1184 0.2392
360 1185 0.2073
360 1186 0.4388
360 1187 0.1357
360 1188 0.1612
360 1189 0.3709
360 1191 0.3573
360 1192 0.0774
360 1193 0.3157
360 1194 0.2281
360 1195 0.2733
360 1196 0.3658
360 1197 0.4217
360 1198 0.1493
360 1199 0.1014
360 1200 0.2849
360 1201 0.5773
360 1202 0.4541
360 1203 0.2317
360 1204 0.1926
360 1205 0.3990
360 1206 0.7203
360 1208 0.1132
360 1209 0.5461
360 1210 0.7420
360 1211 0.5900
360 1212 0.2979
360 1213 0.2849
360 1214 0.4289
360 1215 0.3438
360 1216 0.2849
360 1217 0.1545
360 1218 0.4020
360 1219 0.2869
360 1221 0.1493
360 1222 0.1730
360 1223 0.3349
360 1225 0.9099
360 1226 0.5787
360 1227 0.5895
360 1228 0.1225
360 1229 0.4587
360 1230 0.3932
360 1231 0.3312
360 1232 0.3103
360 1233 0.2262
360 1234 0.2365
360 1236 0.1383
360 1237 0.3669
360 1238 0.5005
360 1240 0.2278
360 1241 0.2849
360 1242 0.5860
360 1244 0.4775
360 1245 0.5426
360 1246 0.2182
360 1247 0.6615
360 1248 0.4375
360 1249 0.0944
360 1250 0.6007
360 1251 0.3545
360 1252 0.3777
360 1253 0.1705
360 1254 0.1132
360 1255 0.1132
360 1256 0.1781
360 1257 0.1999
360 1258 0.5640
360 1259 0.3006
360 1260 0.1511
360 1262 0.2406
360 1263 0.2144
360 1265 0.2971
360 1266 0.1493
360 1267 0.1508
360 1268 0.1296
360 1269 0.4900
360 1270 0.2046
360 1271 0.1536
360 1272 0.0798
360 1273 0.3545
360 1274 0.1081
360 1275 0.0948
360 1276 0.1559
360 1278 0.2849
360 1279 0.2952
360 1280 0.1655
360 1281 0.4129
360 1282 0.0976
360 1283 0.0974
360 1284 0.3345
360 1286 0.1024
360 1287 0.1047
360 1288 0.1741
360 1289 0.0544
360 1290 0.1467
360 1292 0.4052
360 1293 0.0966
360 1296 0.0788
360 1297 0.1741
360 1298 0.3767
360 1299 0.0877
360 1300 0.1794
360 1301 0.0701
360 1303 0.1716
360 1304 0.1493
360 1305 0.0977
360 1306 0.0953
360 1307 0.1942
360 1309 0.1493
360 1310 0.0629
360 1311 0.2849
360 1313 0.0771
360 1316 0.8174
360 1318 0.1748
360 1319 0.0913
360 1322 0.1011
360 1323 0.5074
360 1324 0.1871
360 1325 0.1132
360 1326 0.2447
360 1327 0.2549
360 1330 0.2240
360 1331 0.4062
360 1333 0.1871
360 1334 0.4676
360 1335 0.5848
360 1336 0.0791
360 1337 0.2573
360 1338 0.1320
360 1340 0.4071
360 1341 0.1031
360 1342 0.4038
360 1343 0.4367
360 1344 0.2392
360 1346 0.3312
360 1348 0.4311
360 1349 0.6078
360 1350 0.3430
360 1351 0.3990
360 1352 0.5444
360 1353 0.1721
360 1354 0.1794
360 1355 0.4071
360 1356 0.1242
360 1357 0.3253
360 1360 0.4071
360 1361 0.2443
360 1362 0.3935
360 1363 0.2151
360 1364 0.4719
360 1366 0.3348
360 1367 0.7744
360 1368 0.6113
360 1369 0.6512
360 1370 0.8570
360 1372 0.2616
360 1374 0.5725
360 1375 0.6042
360 1376 0.1530
360 1377 0.2507
360 1378 0.1545
360 1379 0.1837
360 1380 0.1357
360 1382 0.1467
360 1383 0.6064
360 1384 0.3843
360 1386 0.0976
360 1387 0.0854
360 1388 0.2733
360 1389 0.3190
360 1390 0.1741
360 1393 0.2030
360 1394 0.1683
360 1395 0.2209
360 1396 0.1753
360 1397 0.1034
360 1398 0.3785
360 1399 0.1676
360 1401 0.1030
360 1402 0.2764
360 1405 0.6650
360 1406 0.1031
360 1407 0.1525
360 1408 0.1389
360 1409 0.0890
360 1411 0.1545
360 1412 0.2733
360 1413 0.0691
360 1415 0.1599
360 1416 0.1031
360 1418 0.2818
360 1419 0.4245
360 1420 0.2087
360 1421 0.2992
360 1422 0.0634
360 1423 0.2078
360 1424 0.1691
360 1425 0.1426
360 1426 0.5744
360 1427 0.1843
360 1428 0.1916
360 1431 0.2056
360 1434 0.8248
360 1435 0.5327
360 1436 0.2440
360 1437 0.3989
360 1438 0.3158
360 1439 0.4099
360 1440 0.5473
360 1441 0.1810
360 1443 0.1741
360 1445 0.3469
360 1446 0.1608
360 1448 0.3619
360 1449 0.3066
360 1451 0.2509
360 1452 0.4214
360 1454 0.1545
360 1455 0.2849
360 1456 0.1386
360 1459 0.2849
360 1460 0.3929
360 1461 0.3383
360 1462 0.3345
360 1464 0.7371
360 1465 0.1493
360 1466 0.5751
360 1468 0.1433
360 1470 0.1326
360 1472 0.4847
360 1473 0.4520
360 1474 0.1595
360 1476 0.3031
360 1477 0.1781
360 1478 0.2493
360 1479 0.7518
360 1480 0.5882
360 1481 0.3757
360 1482 0.3438
360 1484 0.2849
360 1485 0.5181
360 1486 0.1493
360 1487 0.7251
360 1490 0.2758
360 1491 0.2649
360 1492 0.2803
360 1493 0.1905
360 1494 0.2076
360 1495 0.3401
360 1496 0.1250
360 1497 0.5805
360 1498 0.3642
360 1499 0.1732
360 1500 0.2472
360 1501 0.2849
360 1503 0.5796
360 1504 0.4710
360 1505 0.1802
360 1506 0.3742
360 1507 0.2682
360 1508 0.1493
360 1511 0.1490
360 1512 0.1009
360 1513 0.1026
360 1515 0.1545
360 1516 0.6051
360 1517 0.3285
360 1518 0.3644
360 1519 0.3037
360 1520 0.7152
360 1522 0.2595
360 1525 0.1117
360 1526 0.1339
360 1527 0.3016
360 1528 0.2808
360 1529 0.1165
360 1530 0.2431
360 1531 0.1493
360 1532 0.1431
360 1535 0.5951
360 1536 0.1607
360 1537 0.1118
360 1538 0.1740
360 1540 0.1797
360 1541 0.1754
360 1542 0.3221
360 1544 0.2083
360 1545 0.1493
360 1546 0.3275
360 1547 0.1094
360 1548 0.1563
360 1549 0.1037
360 1551 0.1545
360 1552 0.1031
360 1554 0.3598
360 1555 0.1493
360 1557 0.0696
360 1560 0.0876
360 1562 0.2079
360 1565 0.1526
360 1566 0.3163
360 1567 0.1132
360 1568 0.4988
360 1569 0.7002
360 1571 0.5033
360 1572 0.2248
360 1573 0.4134
360 1574 0.1567
360 1575 0.0791
360 1576 0.4408
360 1577 0.1995
360 1578 0.4073
360 1579 0.3599
360 1580 0.6584
360 1581 0.3521
360 1583 0.3814
360 1584 0.3243
360 1585 0.6121
360 1586 0.4462
360 1587 0.1782
360 1588 0.6155
360 1589 0.3253
360 1590 0.2675
360 1591 0.5619
360 1592 0.3408
360 1593 0.4270
360 1594 0.1117
360 1595 0.1227
360 1596 0.2849
360 1597 0.3497
360 1598 0.4337
360 1599 0.5120
360 1600 0.1653
360 1601 0.3740
360 1603 0.1797
360 1604 0.1132
360 1605 0.6162
360 1606 0.6195
360 1607 0.4037
360 1608 0.6625
360 1609 0.2471
360 1610 0.5311
360 1611 0.4386
360 1612 0.6173
360 1613 0.8711
360 1614 0.3342
360 1615 0.2333
360 1616 0.1475
360 1618 0.5958
360 1619 0.2104
360 1620 0.3799
360 1621 0.7951
360 1622 0.7292
360 1623 0.2506
360 1624 0.7457
360 1625 0.1821
360 1626 0.2849
360 1627 0.2849
360 1628 0.3087
360 1629 0.2292
360 1630 0.2526
360 1632 0.1941
360 1633 0.1545
360 1634 0.4132
360 1637 0.2506
360 1638 0.3562
360 1640 0.2836
360 1641 0.5665
360 1642 0.6133
360 1644 0.0902
360 1645 0.4855
360 1646 0.0979
360 1648 0.1132
360 1649 0.2320
360 1650 0.0781
360 1652 0.2849
360 1653 0.2961
360 1654 0.1259
360 1655 0.2775
360 1656 0.1493
360 1657 0.1545
360 1658 0.0779
360 1659 0.1344
360 1660 0.0841
360 1661 0.1246
360 1662 0.2079
360 1663 0.1748
360 1664 0.0976
360 1665 0.1999
360 1666 0.1841
360 1667 0.0868
360 1668 0.1248
360 1669 0.0774
360 1670 0.1842
360 1671 0.2221
360 1672 0.4277
360 1674 0.1953
360 1675 0.1132
360 1676 0.1241
360 1677 0.1277
360 1678 0.1248
360 1679 0.3124
360 1681 0.2079
360 1682 0.1281
360 1683 0.1930
360 1684 0.1545
360 1685 0.1066
360 1686 0.1200
360 1687 0.2849
360 1688 0.4150
360 1689 0.7104
360 1690 0.1907
360 1691 0.0914
360 1692 0.2948
360 1694 0.1754
360 1695 0.1200
360 1696 0.1132
360 1697 0.0998
360 1698 0.0976
360 1699 0.3359
360 1700 0.1953
360 1701 0.1658
360 1702 0.1968
360 1703 0.0976
360 1705 0.2758
360 1706 0.1537
360 1707 0.2360
360 1709 0.1736
360 1711 0.2033
360 1712 0.9482
360 1713 0.1684
360 1714 0.2813
360 1715 0.1455
360 1716 0.2849
360 1717 0.9083
360 1718 0.1057
360 1719 0.1953
360 1720 0.2971
360 1721 0.2849
360 1723 0.1366
360 1724 0.1305
360 1725 0.2092
360 1726 0.3158
360 1728 0.1166
360 1729 0.1111
360 1730 0.1493
361 362 0.5941
361 363 0.1977
361 364 0.5793
361 366 0.6446
361 367 0.1288
361 368 0.0403
361 369 0.1052
361 370 0.2351
361 371 0.0701
361 372 0.6728
361 373 0.7157
361 375 0.1688
361 376 0.1052
361 377 0.1252
361 378 0.1449
361 379 0.1648
361 380 0.4265
361 381 0.7703
361 382 0.0685
361 383 0.7835
361 384 0.0743
361 385 0.5272
361 386 0.2633
361 387 0.5316
361 388 0.3305
361 389 0.0981
361 390 0.3726
361 391 0.4978
361 392 0.2801
361 393 0.2593
361 394 0.1186
361 395 0.0521
361 396 0.2664
361 397 0.1292
361 398 0.5345
361 399 0.3006
361 400 0.2229
361 402 0.0981
361 403 0.4531
361 404 0.3426
361 405 0.1439
361 406 0.4407
361 407 0.5418
361 408 0.1165
361 409 0.0258
361 411 0.1720
361 412 0.1660
361 413 0.6325
361 414 0.2418
361 415 0.5791
361 416 0.3869
361 418 0.6937
361 419 0.2721
361 420 0.1816
361 421 0.2356
361 422 0.4875
361 423 0.0858
361 424 0.5820
361 425 0.3344
361 427 0.3733
361 428 0.6734
361 430 0.1028
361 431 0.0552
361 432 0.0916
361 433 0.7070
361 434 0.5973
361 435 0.6518
361 436 0.1977
361 438 0.4312
361 439 0.3845
361 440 0.4601
361 441 0.8051
361 442 0.7460
361 443 0.0910
361 444 0.4182
361 445 0.1038
361 447 0.3373
361 449 0.3171
361 450 0.1559
361 451 0.2448
361 452 0.0802
361 453 0.1006
361 454 0.9604
361 455 0.1063
361 456 0.3242
361 457 0.0975
361 458 0.2959
361 459 0.0981
361 460 0.2540
361 461 0.2244
361 463 0.5120
361 464 0.0948
361 465 0.3396
361 466 0.9509
361 467 0.1330
361 468 0.0543
361 469 0.3298
361 470 0.1090
361 471 0.7613
361 472 0.1799
361 474 0.0616
361 475 0.8182
361 476 0.6974
361 478 0.0981
361 479 0.0981
361 480 0.1891
361 481 0.2644
361 482 0.5775
361 484 0.3909
361 485 0.1661
361 486 0.1122
361 488 0.0508
361 489 0.0477
361 490 0.1160
361 491 0.0981
361 492 0.0977
361 493 0.1079
361 494 0.0933
361 495 0.3428
361 496 0.7280
361 497 0.3532
361 498 0.1193
361 499 0.1729
361 500 0.7230
361 501 0.1530
361 503 0.5574
361 504 0.2741
361 505 0.2754
361 506 0.7248
361 507 0.0297
361 508 0.8030
361 509 0.1740
361 510 0.0695
361 511 0.2574
361 512 0.1977
361 513 0.0883
361 514 0.4268
361 515 0.7472
361 516 0.3988
361 517 0.1220
361 518 0.1248
361 519 0.1066
361 520 0.0330
361 521 0.4299
361 522 0.1014
361 523 0.4362
361 524 0.1756
361 526 0.4396
361 527 0.1149
361 528 0.0873
361 529 0.6235
361 530 0.0839
361 531 0.3514
361 532 0.1521
361 533 0.4188
361 534 0.3251
361 535 0.2494
361 536 0.3781
361 537 0.5859
361 538 0.2162
361 539 0.0826
361 540 0.4317
361 541 0.5546
361 542 0.1645
361 543 0.1817
361 544 0.7991
361 545 0.2204
361 546 0.5784
361 547 0.6225
361 548 0.6695
361 549 0.1130
361 551 0.0959
361 552 0.1546
361 553 0.4684
361 555 0.1152
361 556 0.1285
361 557 0.2127
361 558 0.1795
361 559 0.0541
361 560 0.2298
361 561 0.2877
361 562 0.0981
361 563 0.1815
361 564 0.0755
361 565 0.5572
361 566 0.6582
361 567 0.3698
361 568 0.8260
361 569 0.1310
361 570 0.0975
361 571 0.6376
361 572 0.0840
361 573 0.1862
361 574 0.1411
361 575 0.6520
361 576 0.3452
361 577 0.6995
361 578 0.1029
361 579 0.7219
361 580 0.1420
361 581 0.4735
361 582 0.2532
361 583 0.0351
361 584 0.1272
361 585 0.6733
361 586 0.4333
361 587 0.5469
361 589 0.6571
361 590 0.9041
361 591 0.6912
361 592 0.6357
361 595 0.1333
361 598 0.3260
361 599 0.2142
361 600 0.7053
361 601 0.1201
361 602 0.6445
361 604 0.0955
361 605 0.1612
361 606 0.3408
361 607 0.4044
361 608 0.1670
361 609 0.2865
361 610 0.2411
361 612 0.8128
361 613 0.3835
361 614 0.8525
361 615 0.1977
361 616 0.1229
361 617 0.1977
361 618 0.5120
361 619 0.7910
361 620 0.0477
361 621 0.1484
361 622 0.1130
361 623 0.0896
361 625 0.2601
361 626 0.0718
361 627 0.2865
361 628 0.1996
361 629 0.1945
361 630 0.3978
361 631 0.6305
361 632 0.0499
361 633 0.2434
361 634 0.6853
361 635 0.1977
361 636 0.0518
361 637 0.6224
361 638 0.3845
361 639 0.7466
361 640 0.0616
361 641 0.1642
361 642 0.7490
361 643 0.1450
361 644 0.4708
361 645 0.2159
361 646 0.3939
361 647 0.2081
361 648 0.1458
361 649 0.0552
361 650 0.1439
361 651 0.2112
361 652 0.1370
361 653 0.5818
361 654 0.6271
361 655 0.2696
361 656 0.0839
361 657 0.2035
361 658 0.1835
361 659 0.5818
361 660 0.0910
361 661 0.3885
361 662 0.3556
361 663 0.1506
361 664 0.1298
361 665 0.1077
361 666 0.1005
361 667 0.1725
361 668 0.3343
361 669 0.5031
361 670 0.0981
361 671 0.6969
361 672 0.2535
361 673 0.0400
361 674 0.1350
361 675 0.1861
361 676 0.1557
361 678 0.3413
361 679 0.2135
361 680 0.0981
361 681 0.1385
361 683 0.1127
361 684 0.3059
361 685 0.1729
361 686 0.2822
361 687 0.4961
361 688 0.2095
361 689 0.6510
361 690 0.7476
361 691 0.2977
361 692 0.0989
361 693 0.1913
361 694 0.2077
361 695 0.7395
361 696 0.2630
361 697 0.5773
361 698 0.7355
361 699 0.2873
361 700 0.7079
361 701 0.3660
361 702 0.0729
361 703 0.1230
361 704 0.1373
361 705 0.3595
361 706 0.2114
361 707 0.0307
361 708 0.0888
361 709 0.6590
361 710 0.3305
361 711 0.8620
361 712 0.1069
361 713 0.0867
361 714 0.8243
361 716 0.1186
361 717 0.0996
361 718 0.4772
361 720 0.1756
361 721 0.4158
361 722 0.1389
361 723 0.1090
361 725 0.1977
361 726 0.5712
361 727 0.3527
361 728 0.4598
361 729 0.0872
361 730 0.1081
361 731 0.3973
361 732 0.5954
361 733 0.8783
361 734 0.7035
361 735 0.3481
361 736 0.9626
361 737 0.9473
361 738 0.6197
361 740 0.1781
361 741 0.2483
361 742 0.1337
361 743 0.7180
361 744 0.2481
361 745 0.0905
361 747 0.2459
361 748 0.3618
361 749 0.0552
361 750 0.3695
361 751 0.0975
361 752 0.1922
361 753 0.7188
361 754 0.0981
361 755 0.0954
361 756 0.6697
361 757 0.5869
361 758 0.4266
361 759 0.6583
361 760 0.0477
361 761 0.0981
361 762 0.7490
361 763 0.2210
361 764 0.0937
361 765 0.0818
361 766 0.2255
361 767 0.2936
361 768 0.9171
361 769 0.1460
361 770 0.1376
361 771 0.1244
361 772 0.1688
361 773 0.0955
361 774 0.0781
361 776 0.2006
361 777 0.4520
361 778 0.7127
361 779 0.0717
361 780 0.6567
361 781 0.1257
361 782 0.5902
361 783 0.1164
361 784 0.0276
361 785 0.2787
361 786 0.7977
361 787 0.6567
361 788 0.1033
361 789 0.6880
361 791 0.1230
361 793 0.1516
361 794 0.7198
361 795 0.6567
361 796 0.7540
361 797 0.1610
361 798 0.0402
361 799 0.0960
361 801 0.0624
361 803 0.0479
361 804 0.3036
361 805 0.0642
361 806 0.0918
361 807 0.6918
361 808 0.2302
361 809 0.7187
361 810 0.4743
361 811 0.2774
361 812 0.0826
361 813 0.5784
361 814 0.7193
361 815 0.4177
361 816 0.1610
361 817 0.2088
361 818 0.1235
361 819 0.0778
361 820 0.0967
361 821 0.1689
361 822 0.1648
361 823 0.8918
361 824 0.4403
361 825 0.6731
361 827 0.1085
361 828 0.4116
361 829 0.1546
361 830 0.0912
361 831 0.6260
361 832 0.4644
361 833 0.0981
361 834 0.7683
361 835 0.0729
361 836 0.7613
361 837 0.1081
361 838 0.0573
361 839 0.1288
361 840 0.7015
361 841 0.2257
361 842 0.0772
361 843 0.1081
361 845 0.2052
361 846 0.1229
361 848 0.0914
361 849 0.2749
361 850 0.1186
361 851 0.4193
361 852 0.2913
361 853 0.6282
361 854 0.0828
361 855 0.6915
361 856 0.1763
361 857 0.0325
361 858 0.4788
361 859 0.1911
361 860 0.1736
361 861 0.7749
361 862 0.1221
361 865 0.1287
361 866 0.4797
361 867 0.7671
361 868 0.2326
361 869 0.3862
361 870 0.1555
361 871 0.0696
361 872 0.9982
361 874 0.1607
361 875 0.1366
361 876 0.3430
361 877 0.1054
361 878 0.0981
361 880 0.1250
361 881 0.1813
361 882 0.6143
361 883 0.2829
361 884 0.7348
361 885 0.5767
361 886 0.1654
361 887 0.2849
361 888 0.5364
361 889 0.6741
361 891 0.7309
361 892 0.0760
361 893 0.6683
361 894 0.1223
361 895 0.3710
361 896 0.1223
361 898 0.0805
361 900 0.0973
361 901 0.8322
361 903 0.2116
361 906 0.2713
361 907 0.1540
361 908 0.7788
361 909 0.4169
361 910 0.7008
361 911 0.5860
361 912 0.2224
361 913 0.3737
361 914 0.1048
361 915 0.8865
361 916 0.1554
361 917 0.1223
361 918 0.0814
361 919 0.2764
361 920 0.2362
361 921 0.0800
361 922 0.5348
361 924 0.2324
361 928 0.3079
361 929 0.4242
361 930 0.3630
361 932 0.4052
361 933 0.6636
361 934 0.3290
361 935 0.0995
361 936 0.1411
361 937 0.2843
361 938 0.6243
361 940 0.1223
361 941 0.5343
361 942 0.0355
361 943 0.4393
361 944 0.2186
361 946 0.1233
361 947 0.3708
361 948 0.1569
361 950 0.1366
361 951 0.5805
361 952 0.3186
361 953 0.3695
361 954 0.1044
361 955 0.1536
361 956 0.1032
361 957 0.0975
361 958 0.1763
361 959 0.4589
361 960 0.6268
361 962 0.0837
361 963 0.1977
361 964 0.1235
361 965 0.1308
361 966 0.1151
361 967 0.3735
361 968 0.8762
361 969 0.6410
361 971 0.7349
361 972 0.1289
361 973 0.1374
361 974 0.6768
361 976 0.0370
361 978 0.2994
361 979 0.3210
361 980 0.2630
361 981 0.1223
361 982 0.1546
361 983 0.0417
361 984 0.0398
361 985 0.2183
361 986 0.1440
361 987 0.2244
361 989 0.0984
361 990 0.0832
361 991 0.1159
361 992 0.1086
361 993 0.4481
361 994 0.9403
361 995 0.2725
361 996 0.1273
361 998 0.3978
361 999 0.1011
361 1000 0.3797
361 1001 0.0830
361 1002 0.2906
361 1003 0.5094
361 1004 0.3653
361 1005 0.4319
361 1006 0.3189
361 1007 0.2614
361 1008 0.1831
361 1010 0.1867
361 1013 0.1481
361 1014 0.1692
361 1015 0.2553
361 1016 0.0688
361 1017 0.4603
361 1018 0.0766
361 1019 0.0711
361 1020 0.7829
361 1022 0.7332
361 1023 0.0840
361 1024 0.2053
361 1026 0.1758
361 1027 0.0791
361 1028 0.1081
361 1029 0.3508
361 1030 0.8424
361 1031 0.6567
361 1032 0.1802
361 1033 0.0888
361 1034 0.0460
361 1035 0.1072
361 1036 0.0744
361 1037 0.2327
361 1038 0.1977
361 1039 0.2977
361 1040 0.0987
361 1041 0.1223
361 1042 0.1047
361 1044 0.0910
361 1045 0.1820
361 1046 0.2071
361 1047 0.0795
361 1048 0.2064
361 1049 0.0590
361 1050 0.0750
361 1051 0.5181
361 1053 0.1517
361 1055 0.3049
361 1056 0.0957
361 1057 0.3660
361 1058 0.0399
361 1059 0.1720
361 1060 0.0449
361 1061 0.1726
361 1062 0.1177
361 1063 0.4647
361 1064 0.1095
361 1065 0.0581
361 1066 0.6521
361 1067 0.8016
361 1068 0.3026
361 1069 0.4350
361 1070 0.1909
361 1071 0.3411
361 1072 0.1977
361 1073 0.1008
361 1075 0.3331
361 1076 0.1688
361 1077 0.0735
361 1078 0.1261
361 1079 0.1974
361 1080 0.3686
361 1081 0.1018
361 1082 0.4804
361 1083 0.6100
361 1084 0.2152
361 1085 0.4866
361 1087 0.2698
361 1089 0.2073
361 1090 0.0416
361 1091 0.1220
361 1093 0.2658
361 1094 0.1210
361 1095 0.0778
361 1096 0.0933
361 1097 0.1546
361 1099 0.9025
361 1102 0.1420
361 1103 0.3725
361 1104 0.6354
361 1105 0.4668
361 1106 0.2136
361 1107 0.1395
361 1108 0.0972
361 1109 0.0896
361 1110 0.0933
361 1111 0.2715
361 1113 0.0916
361 1114 0.3026
361 1115 0.0734
361 1116 0.1634
361 1117 0.1385
361 1118 0.2318
361 1119 0.0992
361 1120 0.0897
361 1121 0.2159
361 1122 0.4470
361 1123 0.6178
361 1124 0.4668
361 1125 0.0532
361 1126 0.3738
361 1127 0.1303
361 1128 0.6359
361 1129 0.1397
361 1130 0.4550
361 1131 0.0861
361 1132 0.0836
361 1133 0.0835
361 1134 0.4981
361 1135 0.5501
361 1136 0.2368
361 1138 0.1714
361 1139 0.2162
361 1141 0.0489
361 1142 0.1794
361 1143 0.7231
361 1146 0.6102
361 1147 0.0394
361 1148 0.0852
361 1150 0.4909
361 1151 0.1947
361 1152 0.4348
361 1153 0.0394
361 1154 0.4450
361 1155 0.6468
361 1156 0.1576
361 1157 0.1223
361 1158 0.5371
361 1159 0.3978
361 1160 0.0825
361 1161 0.0745
361 1162 0.2894
361 1163 0.0967
361 1165 0.3978
361 1166 0.2473
361 1167 0.0839
361 1169 0.2048
361 1172 0.1123
361 1173 0.1546
361 1174 0.1149
361 1176 0.5192
361 1177 0.6972
361 1178 0.1546
361 1180 0.0501
361 1181 0.2608
361 1182 0.6385
361 1183 0.0697
361 1184 0.2918
361 1185 0.0394
361 1186 0.2419
361 1187 0.0810
361 1188 0.1305
361 1189 0.3247
361 1191 0.2004
361 1192 0.0920
361 1193 0.0379
361 1194 0.0489
361 1195 0.0975
361 1196 0.0739
361 1197 0.5075
361 1198 0.1546
361 1199 0.1498
361 1200 0.1977
361 1201 0.6848
361 1202 0.7550
361 1203 0.2713
361 1204 0.1677
361 1205 0.5125
361 1206 0.8475
361 1208 0.0981
361 1209 0.6225
361 1210 0.8309
361 1211 0.6543
361 1212 0.4942
361 1213 0.1977
361 1214 0.5782
361 1215 0.3978
361 1216 0.1977
361 1217 0.1223
361 1218 0.6461
361 1219 0.4470
361 1221 0.1546
361 1222 0.5514
361 1223 0.3201
361 1225 0.9499
361 1226 0.5117
361 1227 0.6693
361 1228 0.3616
361 1229 0.5327
361 1230 0.3841
361 1231 0.7476
361 1232 0.3149
361 1233 0.3787
361 1234 0.2453
361 1236 0.2721
361 1237 0.7428
361 1238 0.7293
361 1240 0.1911
361 1241 0.1977
361 1242 0.7718
361 1244 0.4154
361 1245 0.3639
361 1246 0.1913
361 1247 0.8031
361 1248 0.2104
361 1249 0.1005
361 1250 0.5409
361 1251 0.1903
361 1252 0.5101
361 1253 0.1035
361 1254 0.0981
361 1255 0.0981
361 1256 0.1280
361 1257 0.0907
361 1258 0.5571
361 1259 0.1582
361 1260 0.2515
361 1262 0.0442
361 1263 0.1572
361 1265 0.1463
361 1266 0.1546
361 1267 0.1340
361 1268 0.1156
361 1269 0.4928
361 1270 0.1168
361 1271 0.2220
361 1272 0.1272
361 1273 0.1903
361 1274 0.1353
361 1275 0.2543
361 1276 0.1885
361 1278 0.1977
361 1279 0.2073
361 1280 0.1399
361 1281 0.0292
361 1282 0.3040
361 1283 0.0412
361 1284 0.2013
361 1286 0.3635
361 1287 0.0919
361 1288 0.0981
361 1289 0.0608
361 1290 0.1006
361 1292 0.2339
361 1293 0.1259
361 1296 0.1044
361 1297 0.0981
361 1298 0.1162
361 1299 0.0351
361 1300 0.0839
361 1301 0.0828
361 1303 0.0461
361 1304 0.1546
361 1305 0.2042
361 1306 0.0952
361 1307 0.0722
361 1309 0.1546
361 1310 0.0454
361 1311 0.1977
361 1313 0.0989
361 1316 0.9000
361 1318 0.1675
361 1319 0.0557
361 1322 0.0916
361 1323 0.6679
361 1324 0.1875
361 1325 0.0981
361 1326 0.4802
361 1327 0.0981
361 1330 0.2478
361 1331 0.4902
361 1333 0.1875
361 1334 0.4110
361 1335 0.3627
361 1336 0.1065
361 1337 0.1807
361 1338 0.2204
361 1340 0.5805
361 1341 0.0839
361 1342 0.7876
361 1343 0.3526
361 1344 0.4489
361 1346 0.7476
361 1348 0.7811
361 1349 0.4561
361 1350 0.0874
361 1351 0.5125
361 1352 0.2568
361 1353 0.0989
361 1354 0.0839
361 1355 0.5805
361 1356 0.2081
361 1357 0.1592
361 1360 0.5805
361 1361 0.6356
361 1362 0.4239
361 1363 0.3331
361 1364 0.3025
361 1366 0.2816
361 1367 0.8551
361 1368 0.4326
361 1369 0.7079
361 1370 0.8900
361 1372 0.5360
361 1374 0.6488
361 1375 0.6567
361 1376 0.2497
361 1377 0.1610
361 1378 0.1223
361 1379 0.1235
361 1380 0.1741
361 1382 0.1006
361 1383 0.6852
361 1384 0.4113
361 1386 0.1330
361 1387 0.1091
361 1388 0.0975
361 1389 0.1107
361 1390 0.0981
361 1393 0.2455
361 1394 0.1700
361 1395 0.2789
361 1396 0.2648
361 1397 0.2734
361 1398 0.3595
361 1399 0.0900
361 1401 0.1012
361 1402 0.1346
361 1405 0.5139
361 1406 0.0839
361 1407 0.2162
361 1408 0.1039
361 1409 0.1165
361 1411 0.1223
361 1412 0.0975
361 1413 0.0521
361 1415 0.1125
361 1416 0.0839
361 1418 0.2964
361 1419 0.3063
361 1420 0.2252
361 1421 0.3386
361 1422 0.0453
361 1423 0.0599
361 1424 0.1309
361 1425 0.0753
361 1426 0.6210
361 1427 0.0305
361 1428 0.0509
361 1431 0.0857
361 1434 0.8002
361 1435 0.2304
361 1436 0.1077
361 1437 0.4410
361 1438 0.0885
361 1439 0.4993
361 1440 0.3685
361 1441 0.0570
361 1443 0.0981
361 1445 0.0961
361 1446 0.0416
361 1448 0.1853
361 1449 0.1293
361 1451 0.1415
361 1452 0.1183
361 1454 0.2352
361 1455 0.1977
361 1456 0.0624
361 1459 0.1977
361 1460 0.2160
361 1461 0.2994
361 1462 0.2194
361 1464 0.2921
361 1465 0.1546
361 1466 0.2012
361 1468 0.1673
361 1470 0.2588
361 1472 0.1364
361 1473 0.2739
361 1474 0.1519
361 1476 0.2167
361 1477 0.1960
361 1478 0.0781
361 1479 0.3397
361 1480 0.2970
361 1481 0.2559
361 1482 0.2103
361 1484 0.1977
361 1485 0.3459
361 1486 0.1546
361 1487 0.1331
361 1490 0.0972
361 1491 0.2715
361 1492 0.1288
361 1493 0.1198
361 1494 0.2159
361 1495 0.2162
361 1496 0.0959
361 1497 0.2679
361 1498 0.0764
361 1499 0.0981
361 1500 0.0616
361 1501 0.1977
361 1503 0.3159
361 1504 0.1191
361 1505 0.0992
361 1506 0.2881
361 1507 0.1626
361 1508 0.1546
361 1511 0.2592
361 1512 0.1229
361 1513 0.0677
361 1515 0.1223
361 1516 0.3175
361 1517 0.0870
361 1518 0.1068
361 1519 0.1203
361 1520 0.8329
361 1522 0.2831
361 1525 0.1174
361 1526 0.1324
361 1527 0.1313
361 1528 0.0787
361 1529 0.2140
361 1530 0.1286
361 1531 0.1546
361 1532 0.0469
361 1535 0.1455
361 1536 0.1652
361 1537 0.2913
361 1538 0.1172
361 1540 0.1194
361 1541 0.1392
361 1542 0.2038
361 1544 0.0715
361 1545 0.1546
361 1546 0.2079
361 1547 0.0833
361 1548 0.2148
361 1549 0.1469
361 1551 0.1223
361 1552 0.1675
361 1554 0.3262
361 1555 0.1546
361 1557 0.0778
361 1560 0.0760
361 1562 0.0981
361 1565 0.1507
361 1566 0.1787
361 1567 0.2224
361 1568 0.4560
361 1569 0.4432
361 1571 0.4741
361 1572 0.3791
361 1573 0.4541
361 1574 0.2154
361 1575 0.1065
361 1576 0.4465
361 1577 0.3840
361 1578 0.5389
361 1579 0.4236
361 1580 0.5140
361 1581 0.5078
361 1583 0.1361
361 1584 0.5392
361 1585 0.5174
361 1586 0.4377
361 1587 0.3664
361 1588 0.7112
361 1589 0.1592
361 1590 0.5042
361 1591 0.5793
361 1592 0.6027
361 1593 0.4873
361 1594 0.1174
361 1595 0.1820
361 1596 0.1977
361 1597 0.3585
361 1598 0.3560
361 1599 0.4255
361 1600 0.2903
361 1601 0.6552
361 1603 0.2844
361 1604 0.2630
361 1605 0.7104
361 1606 0.6618
361 1607 0.4201
361 1608 0.5154
361 1609 0.1954
361 1610 0.3523
361 1611 0.3164
361 1612 0.6386
361 1613 0.8692
361 1614 0.1031
361 1615 0.2709
361 1616 0.1329
361 1618 0.5944
361 1619 0.2883
361 1620 0.3938
361 1621 0.8831
361 1622 0.9424
361 1623 0.1413
361 1624 0.6024
361 1625 0.0966
361 1626 0.1977
361 1627 0.1977
361 1628 0.1275
361 1629 0.4169
361 1630 0.4287
361 1632 0.2998
361 1633 0.1223
361 1634 0.3977
361 1637 0.1413
361 1638 0.3557
361 1640 0.6982
361 1641 0.6870
361 1642 0.4752
361 1644 0.0832
361 1645 0.5275
361 1646 0.0917
361 1648 0.0981
361 1649 0.1162
361 1650 0.0691
361 1652 0.1977
361 1653 0.2507
361 1654 0.1964
361 1655 0.3976
361 1656 0.1546
361 1657 0.1223
361 1658 0.0839
361 1659 0.1087
361 1660 0.0835
361 1661 0.1652
361 1662 0.0981
361 1663 0.2151
361 1664 0.0910
361 1665 0.0907
361 1666 0.1648
361 1667 0.1253
361 1668 0.1009
361 1669 0.0920
361 1670 0.2020
361 1671 0.0907
361 1672 0.4542
361 1674 0.1263
361 1675 0.0981
361 1676 0.0830
361 1677 0.0858
361 1678 0.2354
361 1679 0.1388
361 1681 0.0981
361 1682 0.0819
361 1683 0.0997
361 1684 0.1223
361 1685 0.0953
361 1686 0.1803
361 1687 0.1977
361 1688 0.1144
361 1689 0.6752
361 1690 0.1021
361 1691 0.1654
361 1692 0.5563
361 1694 0.1794
361 1695 0.0888
361 1696 0.0981
361 1697 0.0825
361 1698 0.1036
361 1699 0.1032
361 1700 0.0750
361 1701 0.0412
361 1702 0.1094
361 1703 0.0616
361 1705 0.1564
361 1706 0.1127
361 1707 0.1975
361 1709 0.2018
361 1711 0.1770
361 1712 0.8591
361 1713 0.0417
361 1714 0.2829
361 1715 0.0524
361 1716 0.1977
361 1717 0.8683
361 1718 0.0846
361 1719 0.0750
361 1720 0.1378
361 1721 0.1977
361 1723 0.1066
361 1724 0.0910
361 1725 0.1203
361 1726 0.0885
361 1728 0.1200
361 1729 0.1937
361 1730 0.1546
362 363 0.1877
362 364 0.4510
362 366 0.7017
362 367 0.1394
362 368 0.0346
362 369 0.0808
362 370 0.3162
362 371 0.1357
362 372 0.6794
362 373 0.7645
362 375 0.1510
362 376 0.1162
362 377 0.1232
362 378 0.0998
362 379 0.1447
362 380 0.3636
362 381 0.7565
362 382 0.0556
362 383 0.7878
362 384 0.0593
362 385 0.4459
362 386 0.2067
362 387 0.5980
362 388 0.2818
362 389 0.0817
362 390 0.2461
362 391 0.5077
362 392 0.4655
362 393 0.1723
362 394 0.1160
362 395 0.0676
362 396 0.2474
362 397 0.1003
362 398 0.5216
362 399 0.2439
362 400 0.1857
362 402 0.0817
362 403 0.5689
362 404 0.5775
362 405 0.1436
362 406 0.4055
362 407 0.4671
362 408 0.1102
362 409 0.0310
362 411 0.1347
362 412 0.1195
362 413 0.6847
362 414 0.3543
362 415 0.5316
362 416 0.4461
362 418 0.6476
362 419 0.3131
362 420 0.2037
362 421 0.1975
362 422 0.5178
362 423 0.1058
362 424 0.4953
362 425 0.3611
362 427 0.4305
362 428 0.3031
362 430 0.1073
362 431 0.0999
362 432 0.0695
362 433 0.7347
362 434 0.5288
362 435 0.6370
362 436 0.1877
362 438 0.3248
362 439 0.3232
362 440 0.6249
362 441 0.8475
362 442 0.7517
362 443 0.0733
362 444 0.4413
362 445 0.0618
362 447 0.2453
362 449 0.2872
362 450 0.1756
362 451 0.2512
362 452 0.0735
362 453 0.0987
362 454 0.9666
362 455 0.1029
362 456 0.2710
362 457 0.1106
362 458 0.3145
362 459 0.0817
362 460 0.5684
362 461 0.1701
362 463 0.4900
362 464 0.0700
362 465 0.1935
362 466 0.9599
362 467 0.1016
362 468 0.0690
362 469 0.3059
362 470 0.0851
362 471 0.8753
362 472 0.1837
362 474 0.0558
362 475 0.8217
362 476 0.7410
362 478 0.0817
362 479 0.0817
362 480 0.1932
362 481 0.2453
362 482 0.4606
362 484 0.3370
362 485 0.1111
362 486 0.1009
362 488 0.0340
362 489 0.0702
362 490 0.1735
362 491 0.0817
362 492 0.0794
362 493 0.0812
362 494 0.0952
362 495 0.3542
362 496 0.7964
362 497 0.3567
362 498 0.1082
362 499 0.1510
362 500 0.7442
362 501 0.1566
362 503 0.5056
362 504 0.2929
362 505 0.2650
362 506 0.7927
362 507 0.0243
362 508 0.8789
362 509 0.1633
362 510 0.0737
362 511 0.2621
362 512 0.1877
362 513 0.0626
362 514 0.3786
362 515 0.8134
362 516 0.3535
362 517 0.1192
362 518 0.1056
362 519 0.1157
362 520 0.0339
362 521 0.3438
362 522 0.0798
362 523 0.4083
362 524 0.1188
362 526 0.4508
362 527 0.1176
362 528 0.0460
362 529 0.6411
362 530 0.0739
362 531 0.5914
362 532 0.2102
362 533 0.3868
362 534 0.2576
362 535 0.2231
362 536 0.4065
362 537 0.6647
362 538 0.1941
362 539 0.0511
362 540 0.4005
362 541 0.6893
362 542 0.1379
362 543 0.1462
362 544 0.8539
362 545 0.2067
362 546 0.5622
362 547 0.6623
362 548 0.7046
362 549 0.1261
362 551 0.0676
362 552 0.1116
362 553 0.5698
362 555 0.0986
362 556 0.1237
362 557 0.1873
362 558 0.1198
362 559 0.0661
362 560 0.2202
362 561 0.2540
362 562 0.0817
362 563 0.1228
362 564 0.0501
362 565 0.4811
362 566 0.6664
362 567 0.3328
362 568 0.7739
362 569 0.1290
362 570 0.1106
362 571 0.7239
362 572 0.0739
362 573 0.2164
362 574 0.0918
362 575 0.6765
362 576 0.3040
362 577 0.7346
362 578 0.0721
362 579 0.6966
362 580 0.1065
362 581 0.3149
362 582 0.2147
362 583 0.0274
362 584 0.1448
362 585 0.7401
362 586 0.5113
362 587 0.4762
362 589 0.7496
362 590 0.9572
362 591 0.7557
362 592 0.7304
362 595 0.1178
362 598 0.2213
362 599 0.1703
362 600 0.6094
362 601 0.0722
362 602 0.5134
362 604 0.0775
362 605 0.1690
362 606 0.1851
362 607 0.3292
362 608 0.1073
362 609 0.2474
362 610 0.2740
362 612 0.8256
362 613 0.4063
362 614 0.7914
362 615 0.1877
362 616 0.1089
362 617 0.1877
362 618 0.5799
362 619 0.7776
362 620 0.0702
362 621 0.0959
362 622 0.1261
362 623 0.0847
362 625 0.2402
362 626 0.0540
362 627 0.2805
362 628 0.1358
362 629 0.1891
362 630 0.5864
362 631 0.7002
362 632 0.0609
362 633 0.2496
362 634 0.7340
362 635 0.1877
362 636 0.0657
362 637 0.7560
362 638 0.2641
362 639 0.7733
362 640 0.0558
362 641 0.2348
362 642 0.7335
362 643 0.1221
362 644 0.6379
362 645 0.2116
362 646 0.7250
362 647 0.1686
362 648 0.1514
362 649 0.0999
362 650 0.1616
362 651 0.1306
362 652 0.1375
362 653 0.6755
362 654 0.4478
362 655 0.2282
362 656 0.0739
362 657 0.1960
362 658 0.1379
362 659 0.6880
362 660 0.0733
362 661 0.3809
362 662 0.5935
362 663 0.1966
362 664 0.1109
362 665 0.1129
362 666 0.0600
362 667 0.1749
362 668 0.3312
362 669 0.6181
362 670 0.0817
362 671 0.7546
362 672 0.2210
362 673 0.0743
362 674 0.1059
362 675 0.3316
362 676 0.1527
362 678 0.2526
362 679 0.1327
362 680 0.0817
362 681 0.1973
362 683 0.0878
362 684 0.3238
362 685 0.0961
362 686 0.1935
362 687 0.4736
362 688 0.1359
362 689 0.5399
362 690 0.8261
362 691 0.2879
362 692 0.0851
362 693 0.2117
362 694 0.1752
362 695 0.7853
362 696 0.2725
362 697 0.6381
362 698 0.8001
362 699 0.2946
362 700 0.7745
362 701 0.5429
362 702 0.0518
362 703 0.0807
362 704 0.0836
362 705 0.2464
362 706 0.2032
362 707 0.0306
362 708 0.0692
362 709 0.7162
362 710 0.3251
362 711 0.9133
362 712 0.0768
362 713 0.0577
362 714 0.7515
362 716 0.1160
362 717 0.0749
362 718 0.4755
362 720 0.1188
362 721 0.3515
362 722 0.1824
362 723 0.1122
362 725 0.1877
362 726 0.4829
362 727 0.2866
362 728 0.4974
362 729 0.1787
362 730 0.0892
362 731 0.3365
362 732 0.5836
362 733 0.8573
362 734 0.7611
362 735 0.1811
362 736 0.9718
362 737 0.9481
362 738 0.6863
362 740 0.1323
362 741 0.2123
362 742 0.1099
362 743 0.7783
362 744 0.3017
362 745 0.0693
362 747 0.1210
362 748 0.2914
362 749 0.0999
362 750 0.4009
362 751 0.1106
362 752 0.1970
362 753 0.7461
362 754 0.0817
362 755 0.1363
362 756 0.6921
362 757 0.6166
362 758 0.3964
362 759 0.6242
362 760 0.0702
362 761 0.0817
362 762 0.7676
362 763 0.1710
362 764 0.0758
362 765 0.0633
362 766 0.2860
362 767 0.2117
362 768 0.9596
362 769 0.1353
362 770 0.1115
362 771 0.1153
362 772 0.1509
362 773 0.0814
362 774 0.0787
362 776 0.2195
362 777 0.4168
362 778 0.7736
362 779 0.0783
362 780 0.7445
362 781 0.1449
362 782 0.4519
362 783 0.1053
362 784 0.0200
362 785 0.2833
362 786 0.8193
362 787 0.7445
362 788 0.0586
362 789 0.6994
362 791 0.1143
362 793 0.1417
362 794 0.7605
362 795 0.7445
362 796 0.8224
362 797 0.1390
362 798 0.0517
362 799 0.0950
362 801 0.0564
362 803 0.0342
362 804 0.2344
362 805 0.0412
362 806 0.0829
362 807 0.7313
362 808 0.1840
362 809 0.7549
362 810 0.3843
362 811 0.2974
362 812 0.0511
362 813 0.5185
362 814 0.7494
362 815 0.5160
362 816 0.1390
362 817 0.1196
362 818 0.1342
362 819 0.0748
362 820 0.0775
362 821 0.1833
362 822 0.2031
362 823 0.9172
362 824 0.4063
362 825 0.6864
362 827 0.0670
362 828 0.5055
362 829 0.1116
362 830 0.0994
362 831 0.5472
362 832 0.4314
362 833 0.0817
362 834 0.7947
362 835 0.0724
362 836 0.7794
362 837 0.0892
362 838 0.0405
362 839 0.1394
362 840 0.7778
362 841 0.2283
362 842 0.1140
362 843 0.1069
362 845 0.1744
362 846 0.0895
362 848 0.1399
362 849 0.2303
362 850 0.1160
362 851 0.3651
362 852 0.2699
362 853 0.6566
362 854 0.0620
362 855 0.6850
362 856 0.2182
362 857 0.0429
362 858 0.5146
362 859 0.2016
362 860 0.1870
362 861 0.8370
362 862 0.2036
362 865 0.0999
362 866 0.4135
362 867 0.8057
362 868 0.1902
362 869 0.3511
362 870 0.1587
362 871 0.0950
362 872 0.9978
362 874 0.1315
362 875 0.1342
362 876 0.2939
362 877 0.0980
362 878 0.0817
362 880 0.1164
362 881 0.1265
362 882 0.6882
362 883 0.3750
362 884 0.7905
362 885 0.7182
362 886 0.1527
362 887 0.2324
362 888 0.5122
362 889 0.7772
362 891 0.7308
362 892 0.0998
362 893 0.6917
362 894 0.0924
362 895 0.2958
362 896 0.0924
362 898 0.0588
362 900 0.0831
362 901 0.8281
362 903 0.2372
362 906 0.2988
362 907 0.1527
362 908 0.8006
362 909 0.3954
362 910 0.7069
362 911 0.6609
362 912 0.2018
362 913 0.3996
362 914 0.0988
362 915 0.9007
362 916 0.1586
362 917 0.0924
362 918 0.0805
362 919 0.2636
362 920 0.2068
362 921 0.0985
362 922 0.5923
362 924 0.3037
362 928 0.2711
362 929 0.4255
362 930 0.2806
362 932 0.3900
362 933 0.6958
362 934 0.2108
362 935 0.1454
362 936 0.1311
362 937 0.2150
362 938 0.6936
362 940 0.0924
362 941 0.5322
362 942 0.0457
362 943 0.3799
362 944 0.1955
362 946 0.0897
362 947 0.3113
362 948 0.2106
362 950 0.0778
362 951 0.6849
362 952 0.3506
362 953 0.2748
362 954 0.1054
362 955 0.1494
362 956 0.0828
362 957 0.1106
362 958 0.2166
362 959 0.5054
362 960 0.4847
362 962 0.0986
362 963 0.1877
362 964 0.1342
362 965 0.1243
362 966 0.0856
362 967 0.3651
362 968 0.9122
362 969 0.6627
362 971 0.6615
362 972 0.1270
362 973 0.0797
362 974 0.6239
362 976 0.0329
362 978 0.2832
362 979 0.3316
362 980 0.5342
362 981 0.0924
362 982 0.1116
362 983 0.0552
362 984 0.0457
362 985 0.1927
362 986 0.1717
362 987 0.1542
362 989 0.0870
362 990 0.0689
362 991 0.1429
362 992 0.0797
362 993 0.4481
362 994 0.9617
362 995 0.1713
362 996 0.1082
362 998 0.5864
362 999 0.0736
362 1000 0.6103
362 1001 0.0926
362 1002 0.2568
362 1003 0.5875
362 1004 0.2964
362 1005 0.4584
362 1006 0.3248
362 1007 0.2639
362 1008 0.1610
362 1010 0.2412
362 1013 0.1344
362 1014 0.1377
362 1015 0.3424
362 1016 0.1156
362 1017 0.4575
362 1018 0.0808
362 1019 0.0568
362 1020 0.7416
362 1022 0.7877
362 1023 0.0793
362 1024 0.1813
362 1026 0.1431
362 1027 0.0823
362 1028 0.0892
362 1029 0.2981
362 1030 0.8812
362 1031 0.7445
362 1032 0.1713
362 1033 0.0692
362 1034 0.0375
362 1035 0.0792
362 1036 0.1161
362 1037 0.2187
362 1038 0.1877
362 1039 0.3015
362 1040 0.0588
362 1041 0.0924
362 1042 0.0866
362 1044 0.0733
362 1045 0.1922
362 1046 0.1588
362 1047 0.1206
362 1048 0.2010
362 1049 0.0673
362 1050 0.1241
362 1051 0.4478
362 1053 0.0570
362 1055 0.3014
362 1056 0.0795
362 1057 0.2375
362 1058 0.0293
362 1059 0.1542
362 1060 0.0301
362 1061 0.1229
362 1062 0.0912
362 1063 0.4562
362 1064 0.0678
362 1065 0.0615
362 1066 0.7254
362 1067 0.8278
362 1068 0.2605
362 1069 0.4590
362 1070 0.1088
362 1071 0.3387
362 1072 0.1877
362 1073 0.1064
362 1075 0.4714
362 1076 0.1509
362 1077 0.0894
362 1078 0.1464
362 1079 0.1943
362 1080 0.3811
362 1081 0.1463
362 1082 0.3734
362 1083 0.4903
362 1084 0.1671
362 1085 0.4068
362 1087 0.1854
362 1089 0.1661
362 1090 0.0456
362 1091 0.1217
362 1093 0.1857
362 1094 0.0978
362 1095 0.0589
362 1096 0.0781
362 1097 0.1116
362 1099 0.8827
362 1102 0.1065
362 1103 0.3289
362 1104 0.6741
362 1105 0.4407
362 1106 0.1499
362 1107 0.1176
362 1108 0.1416
362 1109 0.0847
362 1110 0.0952
362 1111 0.1951
362 1113 0.0695
362 1114 0.2448
362 1115 0.0478
362 1116 0.1474
362 1117 0.1304
362 1118 0.1883
362 1119 0.0963
362 1120 0.0759
362 1121 0.2116
362 1122 0.4482
362 1123 0.4486
362 1124 0.5735
362 1125 0.0371
362 1126 0.4172
362 1127 0.1032
362 1128 0.5781
362 1129 0.1230
362 1130 0.3816
362 1131 0.1098
362 1132 0.0895
362 1133 0.0604
362 1134 0.4708
362 1135 0.4416
362 1136 0.1645
362 1138 0.1140
362 1139 0.1941
362 1141 0.0860
362 1142 0.1445
362 1143 0.7679
362 1146 0.5014
362 1147 0.0701
362 1148 0.1129
362 1150 0.3953
362 1151 0.2121
362 1152 0.2974
362 1153 0.0701
362 1154 0.2970
362 1155 0.7066
362 1156 0.1417
362 1157 0.0924
362 1158 0.5871
362 1159 0.5864
362 1160 0.0725
362 1161 0.0877
362 1162 0.3586
362 1163 0.1014
362 1165 0.5864
362 1166 0.2766
362 1167 0.0739
362 1169 0.1303
362 1172 0.0968
362 1173 0.1116
362 1174 0.1176
362 1176 0.5373
362 1177 0.7222
362 1178 0.1116
362 1180 0.0923
362 1181 0.2655
362 1182 0.5084
362 1183 0.0538
362 1184 0.2904
362 1185 0.0701
362 1186 0.2387
362 1187 0.1340
362 1188 0.1343
362 1189 0.3373
362 1191 0.3669
362 1192 0.0818
362 1193 0.0342
362 1194 0.0860
362 1195 0.1106
362 1196 0.0762
362 1197 0.4944
362 1198 0.1116
362 1199 0.1238
362 1200 0.1877
362 1201 0.7205
362 1202 0.8256
362 1203 0.6767
362 1204 0.1833
362 1205 0.6344
362 1206 0.8722
362 1208 0.0817
362 1209 0.6473
362 1210 0.8481
362 1211 0.8108
362 1212 0.4256
362 1213 0.1877
362 1214 0.6248
362 1215 0.5864
362 1216 0.1877
362 1217 0.0924
362 1218 0.6711
362 1219 0.4482
362 1221 0.1116
362 1222 0.6205
362 1223 0.4787
362 1225 0.9674
362 1226 0.6078
362 1227 0.7495
362 1228 0.2396
362 1229 0.4756
362 1230 0.4021
362 1231 0.8261
362 1232 0.2704
362 1233 0.3628
362 1234 0.3152
362 1236 0.1844
362 1237 0.8426
362 1238 0.6876
362 1240 0.1677
362 1241 0.1877
362 1242 0.8892
362 1244 0.4174
362 1245 0.3740
362 1246 0.2386
362 1247 0.8020
362 1248 0.1659
362 1249 0.0600
362 1250 0.5626
362 1251 0.1934
362 1252 0.6488
362 1253 0.0915
362 1254 0.0817
362 1255 0.0817
362 1256 0.1207
362 1257 0.0973
362 1258 0.5655
362 1259 0.1769
362 1260 0.1826
362 1262 0.0635
362 1263 0.1480
362 1265 0.1097
362 1266 0.1116
362 1267 0.1156
362 1268 0.1071
362 1269 0.4657
362 1270 0.0822
362 1271 0.2689
362 1272 0.0794
362 1273 0.1934
362 1274 0.0773
362 1275 0.1830
362 1276 0.2172
362 1278 0.1877
362 1279 0.1661
362 1280 0.1251
362 1281 0.0279
362 1282 0.2787
362 1283 0.0252
362 1284 0.2976
362 1286 0.3568
362 1287 0.0604
362 1288 0.1093
362 1289 0.0988
362 1290 0.0511
362 1292 0.1792
362 1293 0.1037
362 1296 0.1942
362 1297 0.1093
362 1298 0.0697
362 1299 0.0307
362 1300 0.0739
362 1301 0.0620
362 1303 0.0325
362 1304 0.1116
362 1305 0.1905
362 1306 0.1216
362 1307 0.0669
362 1309 0.1116
362 1310 0.0574
362 1311 0.1877
362 1313 0.0841
362 1316 0.9018
362 1318 0.1558
362 1319 0.0594
362 1322 0.0695
362 1323 0.6355
362 1324 0.1156
362 1325 0.0817
362 1326 0.6315
362 1327 0.0817
362 1330 0.3241
362 1331 0.6945
362 1333 0.1156
362 1334 0.4749
362 1335 0.4765
362 1336 0.0889
362 1337 0.1660
362 1338 0.2067
362 1340 0.6849
362 1341 0.0739
362 1342 0.8672
362 1343 0.2788
362 1344 0.4268
362 1346 0.8261
362 1348 0.7993
362 1349 0.4536
362 1350 0.0993
362 1351 0.6344
362 1352 0.2387
362 1353 0.0977
362 1354 0.0739
362 1355 0.6849
362 1356 0.1686
362 1357 0.1545
362 1360 0.6849
362 1361 0.6523
362 1362 0.5284
362 1363 0.3565
362 1364 0.3924
362 1366 0.2448
362 1367 0.9120
362 1368 0.3875
362 1369 0.7439
362 1370 0.8849
362 1372 0.4467
362 1374 0.6924
362 1375 0.7445
362 1376 0.1680
362 1377 0.1390
362 1378 0.0924
362 1379 0.1342
362 1380 0.1001
362 1382 0.0511
362 1383 0.7541
362 1384 0.4295
362 1386 0.1179
362 1387 0.1016
362 1388 0.1106
362 1389 0.0936
362 1390 0.1093
362 1393 0.2445
362 1394 0.1319
362 1395 0.3118
362 1396 0.2495
362 1397 0.3036
362 1398 0.2633
362 1399 0.0868
362 1401 0.0822
362 1402 0.0915
362 1405 0.4038
362 1406 0.0739
362 1407 0.1941
362 1408 0.0768
362 1409 0.1102
362 1411 0.0924
362 1412 0.1106
362 1413 0.0676
362 1415 0.1054
362 1416 0.0739
362 1418 0.2358
362 1419 0.2500
362 1420 0.2036
362 1421 0.3723
362 1422 0.0537
362 1423 0.0769
362 1424 0.1159
362 1425 0.0832
362 1426 0.5728
362 1427 0.0255
362 1428 0.0617
362 1431 0.1046
362 1434 0.6686
362 1435 0.1710
362 1436 0.0890
362 1437 0.3669
362 1438 0.0563
362 1439 0.4584
362 1440 0.3156
362 1441 0.0672
362 1443 0.1093
362 1445 0.0663
362 1446 0.0456
362 1448 0.1379
362 1449 0.1069
362 1451 0.1230
362 1452 0.0895
362 1454 0.1517
362 1455 0.1877
362 1456 0.0670
362 1459 0.1877
362 1460 0.2200
362 1461 0.2741
362 1462 0.2490
362 1464 0.2793
362 1465 0.1116
362 1466 0.1778
362 1468 0.1846
362 1470 0.2401
362 1472 0.1502
362 1473 0.1990
362 1474 0.1638
362 1476 0.1773
362 1477 0.1699
362 1478 0.0787
362 1479 0.2242
362 1480 0.2727
362 1481 0.2937
362 1482 0.2204
362 1484 0.1877
362 1485 0.3925
362 1486 0.1116
362 1487 0.1221
362 1490 0.0653
362 1491 0.1744
362 1492 0.1394
362 1493 0.1640
362 1494 0.2116
362 1495 0.1941
362 1496 0.0676
362 1497 0.2948
362 1498 0.0566
362 1499 0.0817
362 1500 0.0558
362 1501 0.1877
362 1503 0.3001
362 1504 0.1098
362 1505 0.0910
362 1506 0.1889
362 1507 0.2015
362 1508 0.1116
362 1511 0.1719
362 1512 0.1089
362 1513 0.0700
362 1515 0.0924
362 1516 0.3708
362 1517 0.0648
362 1518 0.0956
362 1519 0.0876
362 1520 0.8183
362 1522 0.3045
362 1525 0.1173
362 1526 0.1923
362 1527 0.1175
362 1528 0.0550
362 1529 0.2260
362 1530 0.1188
362 1531 0.1116
362 1532 0.0299
362 1535 0.1182
362 1536 0.0600
362 1537 0.2699
362 1538 0.1263
362 1540 0.1032
362 1541 0.1193
362 1542 0.1423
362 1544 0.1169
362 1545 0.1116
362 1546 0.2026
362 1547 0.0605
362 1548 0.2253
362 1549 0.1429
362 1551 0.0924
362 1552 0.2084
362 1554 0.2573
362 1555 0.1116
362 1557 0.0748
362 1560 0.0573
362 1562 0.0817
362 1565 0.1343
362 1566 0.1940
362 1567 0.2018
362 1568 0.5646
362 1569 0.6469
362 1571 0.5354
362 1572 0.3624
362 1573 0.7166
362 1574 0.1531
362 1575 0.0889
362 1576 0.4197
362 1577 0.2837
362 1578 0.5340
362 1579 0.5370
362 1580 0.5849
362 1581 0.4955
362 1583 0.1108
362 1584 0.6729
362 1585 0.6931
362 1586 0.6403
362 1587 0.3461
362 1588 0.7880
362 1589 0.1545
362 1590 0.5111
362 1591 0.6665
362 1592 0.6171
362 1593 0.5367
362 1594 0.1173
362 1595 0.1922
362 1596 0.1877
362 1597 0.4655
362 1598 0.5205
362 1599 0.5941
362 1600 0.1950
362 1601 0.6863
362 1603 0.2179
362 1604 0.2909
362 1605 0.7680
362 1606 0.6948
362 1607 0.4485
362 1608 0.4900
362 1609 0.3400
362 1610 0.4108
362 1611 0.2247
362 1612 0.6975
362 1613 0.9073
362 1614 0.0687
362 1615 0.5152
362 1616 0.1042
362 1618 0.6553
362 1619 0.1931
362 1620 0.4481
362 1621 0.9423
362 1622 0.9519
362 1623 0.1375
362 1624 0.6576
362 1625 0.1031
362 1626 0.1877
362 1627 0.1877
362 1628 0.1290
362 1629 0.4360
362 1630 0.3726
362 1632 0.5525
362 1633 0.0924
362 1634 0.5240
362 1637 0.1375
362 1638 0.4294
362 1640 0.6994
362 1641 0.7332
362 1642 0.5883
362 1644 0.0703
362 1645 0.3462
362 1646 0.0889
362 1648 0.0817
362 1649 0.0835
362 1650 0.0689
362 1652 0.1877
362 1653 0.2686
362 1654 0.1622
362 1655 0.3490
362 1656 0.1116
362 1657 0.0924
362 1658 0.0597
362 1659 0.1103
362 1660 0.0604
362 1661 0.1378
362 1662 0.0817
362 1663 0.1624
362 1664 0.0733
362 1665 0.0973
362 1666 0.1644
362 1667 0.0950
362 1668 0.1183
362 1669 0.0818
362 1670 0.1702
362 1671 0.1068
362 1672 0.4887
362 1674 0.0999
362 1675 0.0817
362 1676 0.0688
362 1677 0.1058
362 1678 0.1464
362 1679 0.1136
362 1681 0.0817
362 1682 0.0854
362 1683 0.0852
362 1684 0.1406
362 1685 0.0900
362 1686 0.1875
362 1687 0.1877
362 1688 0.1515
362 1689 0.6705
362 1690 0.0894
362 1691 0.1484
362 1692 0.5397
362 1694 0.1392
362 1695 0.0717
362 1696 0.0817
362 1697 0.0725
362 1698 0.0981
362 1699 0.0828
362 1700 0.1241
362 1701 0.0500
362 1702 0.0881
362 1703 0.0768
362 1705 0.1380
362 1706 0.0833
362 1707 0.1133
362 1709 0.4212
362 1711 0.1623
362 1712 0.8350
362 1713 0.0374
362 1714 0.3093
362 1715 0.0846
362 1716 0.1877
362 1717 0.8923
362 1718 0.0554
362 1719 0.1241
362 1720 0.1300
362 1721 0.1877
362 1723 0.0973
362 1724 0.0733
362 1725 0.1227
362 1726 0.0563
362 1728 0.0589
362 1729 0.1636
362 1730 0.1116
363 364 0.2043
363 366 0.3050
363 367 0.1975
363 368 0.1983
363 369 0.2563
363 370 0.4982
363 371 0.2667
363 372 0.3257
363 373 0.3680
363 375 0.3744
363 376 0.3611
363 377 0.3501
363 378 0.2440
363 379 0.4247
363 380 0.3797
363 381 0.2692
363 382 0.2659
363 383 0.5676
363 384 0.3752
363 385 0.3744
363 386 0.4814
363 387 0.4897
363 388 0.3797
363 389 0.2171
363 390 0.1988
363 391 0.4144
363 392 0.6469
363 393 0.3220
363 394 0.2150
363 395 0.1635
363 396 0.4401
363 397 0.2842
363 398 0.4312
363 399 0.5750
363 400 0.1924
363 402 0.2171
363 403 0.2442
363 404 0.3155
363 405 0.3240
363 406 0.4410
363 407 0.2254
363 408 0.1781
363 409 0.2138
363 411 0.3051
363 412 0.3373
363 413 0.2368
363 414 0.6102
363 415 0.4792
363 416 0.2150
363 418 0.6687
363 419 0.3796
363 420 0.3285
363 421 0.1924
363 422 0.2821
363 423 0.1694
363 424 0.4958
363 425 0.2485
363 427 0.2769
363 428 0.3317
363 430 0.2598
363 431 0.2215
363 432 0.2125
363 433 0.3155
363 434 0.6992
363 435 0.2913
363 436 0.1461
363 438 0.6623
363 439 0.4119
363 440 0.3301
363 441 0.4473
363 442 0.4145
363 443 0.1988
363 444 0.1764
363 445 0.2601
363 447 0.4286
363 449 0.3318
363 450 0.2558
363 451 0.2904
363 452 0.3025
363 453 0.2825
363 454 0.7778
363 455 0.3294
363 456 0.4802
363 457 0.2041
363 458 0.2935
363 459 0.2171
363 460 0.2446
363 461 0.3210
363 463 0.5110
363 464 0.2585
363 465 0.2980
363 466 0.6260
363 467 0.3307
363 468 0.1747
363 469 0.3181
363 470 0.2958
363 471 0.3515
363 472 0.3086
363 474 0.2040
363 475 0.5069
363 476 0.3213
363 478 0.2171
363 479 0.2171
363 480 0.2703
363 481 0.3795
363 482 0.2816
363 484 0.4356
363 485 0.3401
363 486 0.2647
363 488 0.2335
363 489 0.2006
363 490 0.3078
363 491 0.2171
363 492 0.3119
363 493 0.2653
363 494 0.1634
363 495 0.6061
363 496 0.3015
363 497 0.3260
363 498 0.3753
363 499 0.3049
363 500 0.3192
363 501 0.3728
363 503 0.3274
363 504 0.2910
363 505 0.3960
363 506 0.4258
363 507 0.2744
363 508 0.3598
363 509 0.3489
363 510 0.2353
363 511 0.5508
363 512 0.1461
363 513 0.2219
363 514 0.6445
363 515 0.5060
363 516 0.2984
363 517 0.2689
363 518 0.3340
363 519 0.3122
363 520 0.1802
363 521 0.2573
363 522 0.2528
363 523 0.3528
363 524 0.2008
363 526 0.3474
363 527 0.2141
363 528 0.2728
363 529 0.2641
363 530 0.1924
363 531 0.1990
363 532 0.2190
363 533 0.3199
363 534 0.2501
363 535 0.2294
363 536 0.6130
363 537 0.2929
363 538 0.2171
363 539 0.1763
363 540 0.4360
363 541 0.4454
363 542 0.2931
363 543 0.2814
363 544 0.3957
363 545 0.1732
363 546 0.4801
363 547 0.3910
363 548 0.3191
363 549 0.1934
363 551 0.2112
363 552 0.3069
363 553 0.4434
363 555 0.3527
363 556 0.2419
363 557 0.4708
363 558 0.4671
363 559 0.2924
363 560 0.4075
363 561 0.4619
363 562 0.2171
363 563 0.3612
363 564 0.1858
363 565 0.4029
363 566 0.2757
363 567 0.2285
363 568 0.7474
363 569 0.2568
363 570 0.2041
363 571 0.4706
363 572 0.3636
363 573 0.3038
363 574 0.1981
363 575 0.4664
363 576 0.4578
363 577 0.2685
363 578 0.3469
363 579 0.6206
363 580 0.1988
363 581 0.2335
363 582 0.2448
363 583 0.2187
363 584 0.3151
363 585 0.4645
363 586 0.3495
363 587 0.5669
363 589 0.3082
363 590 0.6591
363 591 0.3139
363 592 0.4299
363 595 0.1865
363 598 0.2150
363 599 0.2485
363 600 0.2883
363 601 0.2717
363 602 0.3640
363 604 0.2039
363 605 0.3078
363 606 0.2593
363 607 0.2721
363 608 0.2109
363 609 0.3028
363 610 0.2949
363 612 0.3176
363 613 0.2951
363 614 0.4679
363 615 0.1461
363 616 0.2955
363 617 0.1461
363 618 0.3159
363 619 0.5449
363 620 0.2006
363 621 0.4112
363 622 0.1934
363 623 0.1732
363 625 0.5025
363 626 0.2604
363 627 0.2888
363 628 0.3480
363 629 0.4750
363 630 0.2114
363 631 0.4226
363 632 0.1796
363 633 0.3391
363 634 0.4643
363 635 0.1461
363 636 0.1802
363 637 0.4073
363 638 0.2979
363 639 0.7023
363 640 0.2040
363 641 0.2542
363 642 0.3259
363 643 0.3925
363 644 0.2038
363 645 0.1915
363 646 0.3163
363 647 0.2150
363 648 0.2159
363 649 0.2215
363 650 0.4358
363 651 0.3532
363 652 0.2694
363 653 0.2852
363 654 0.2782
363 655 0.3688
363 656 0.1924
363 657 0.3092
363 658 0.3258
363 659 0.3589
363 660 0.1988
363 661 0.2549
363 662 0.3921
363 663 0.2201
363 664 0.2509
363 665 0.1851
363 666 0.1740
363 667 0.2411
363 668 0.1691
363 669 0.2434
363 670 0.2171
363 671 0.2830
363 672 0.2721
363 673 0.2647
363 674 0.2895
363 675 0.4137
363 676 0.4490
363 678 0.3405
363 679 0.3034
363 680 0.2171
363 681 0.2551
363 683 0.2574
363 684 0.2894
363 685 0.4627
363 686 0.2593
363 687 0.3518
363 688 0.2796
363 689 0.6826
363 690 0.2575
363 691 0.5592
363 692 0.2818
363 693 0.2068
363 694 0.2581
363 695 0.3815
363 696 0.3193
363 697 0.3137
363 698 0.2308
363 699 0.3563
363 700 0.3342
363 701 0.2104
363 702 0.2514
363 703 0.3621
363 704 0.2755
363 705 0.2931
363 706 0.4572
363 707 0.2429
363 708 0.1794
363 709 0.3439
363 710 0.4589
363 711 0.6775
363 712 0.2608
363 713 0.3112
363 714 0.4851
363 716 0.2150
363 717 0.2503
363 718 0.2584
363 720 0.2008
363 721 0.4272
363 722 0.3379
363 723 0.2653
363 725 0.1461
363 726 0.4282
363 727 0.3202
363 728 0.3718
363 729 0.2593
363 730 0.1714
363 731 0.2967
363 732 0.6222
363 733 0.4032
363 734 0.2784
363 735 0.4827
363 736 0.6226
363 737 0.6488
363 738 0.3105
363 740 0.3640
363 741 0.3764
363 742 0.2548
363 743 0.3254
363 744 0.2338
363 745 0.2694
363 747 0.2538
363 748 0.6732
363 749 0.2215
363 750 0.2786
363 751 0.2041
363 752 0.3441
363 753 0.5541
363 754 0.2171
363 755 0.2555
363 756 0.2161
363 757 0.4505
363 758 0.3444
363 759 0.2806
363 760 0.2006
363 761 0.2171
363 762 0.3573
363 763 0.3145
363 764 0.2315
363 765 0.2553
363 766 0.2567
363 767 0.2960
363 768 0.6308
363 769 0.2335
363 770 0.3107
363 771 0.3997
363 772 0.1915
363 773 0.2857
363 774 0.2083
363 776 0.3725
363 777 0.2751
363 778 0.3381
363 779 0.1710
363 780 0.2186
363 781 0.2845
363 782 0.4896
363 783 0.4035
363 784 0.2259
363 785 0.3159
363 786 0.3986
363 787 0.2186
363 788 0.1915
363 789 0.5337
363 791 0.2891
363 793 0.3906
363 794 0.3417
363 795 0.2186
363 796 0.5476
363 797 0.2674
363 798 0.2108
363 799 0.2967
363 801 0.2825
363 803 0.2928
363 804 0.4844
363 805 0.2489
363 806 0.2491
363 807 0.3980
363 808 0.5578
363 809 0.3424
363 810 0.4428
363 811 0.5666
363 812 0.1763
363 813 0.2747
363 814 0.4332
363 815 0.2434
363 816 0.2674
363 817 0.2621
363 818 0.1714
363 819 0.1629
363 820 0.1783
363 821 0.2756
363 822 0.3444
363 823 0.5722
363 824 0.4256
363 825 0.7900
363 827 0.2655
363 828 0.5397
363 829 0.3069
363 830 0.2454
363 831 0.6510
363 832 0.5639
363 833 0.2171
363 834 0.7082
363 835 0.2752
363 836 0.5347
363 837 0.1714
363 838 0.2531
363 839 0.1975
363 840 0.3205
363 841 0.4468
363 842 0.3254
363 843 0.4536
363 845 0.1681
363 846 0.4395
363 848 0.1812
363 849 0.4019
363 850 0.2150
363 851 0.5701
363 852 0.1988
363 853 0.2950
363 854 0.1608
363 855 0.4348
363 856 0.3468
363 857 0.2039
363 858 0.7184
363 859 0.1922
363 860 0.3048
363 861 0.3156
363 862 0.3648
363 865 0.2721
363 866 0.2479
363 867 0.3043
363 868 0.4220
363 869 0.4232
363 870 0.2732
363 871 0.2977
363 872 0.9614
363 874 0.2764
363 875 0.3231
363 876 0.3154
363 877 0.1819
363 878 0.2171
363 880 0.4821
363 881 0.2513
363 882 0.2627
363 883 0.2355
363 884 0.3199
363 885 0.2718
363 886 0.3165
363 887 0.5460
363 888 0.2471
363 889 0.3330
363 891 0.6353
363 892 0.2481
363 893 0.3863
363 894 0.2150
363 895 0.4629
363 896 0.2150
363 898 0.2912
363 900 0.2316
363 901 0.3525
363 903 0.6151
363 906 0.1988
363 907 0.2940
363 908 0.3954
363 909 0.6214
363 910 0.3177
363 911 0.2833
363 912 0.2171
363 913 0.1797
363 914 0.2950
363 915 0.3561
363 916 0.2584
363 917 0.2150
363 918 0.2605
363 919 0.3174
363 920 0.3524
363 921 0.1903
363 922 0.4009
363 924 0.1988
363 928 0.3172
363 929 0.3210
363 930 0.4123
363 932 0.1704
363 933 0.2175
363 934 0.3077
363 935 0.2762
363 936 0.2866
363 937 0.2150
363 938 0.3031
363 940 0.2150
363 941 0.3744
363 942 0.2380
363 943 0.2371
363 944 0.2171
363 946 0.2902
363 947 0.3269
363 948 0.2397
363 950 0.2573
363 951 0.2141
363 952 0.3493
363 953 0.4636
363 954 0.2802
363 955 0.4012
363 956 0.1709
363 957 0.2041
363 958 0.1915
363 959 0.4306
363 960 0.7281
363 962 0.1906
363 963 0.1461
363 964 0.1714
363 965 0.2511
363 966 0.3056
363 967 0.3851
363 968 0.5848
363 969 0.3501
363 971 0.4822
363 972 0.2189
363 973 0.3877
363 974 0.8313
363 976 0.3167
363 978 0.3019
363 979 0.5489
363 980 0.2933
363 981 0.2150
363 982 0.3069
363 983 0.2351
363 984 0.2366
363 985 0.3329
363 986 0.2933
363 987 0.3967
363 989 0.2720
363 990 0.2565
363 991 0.1845
363 992 0.1850
363 993 0.5502
363 994 0.6476
363 995 0.3481
363 996 0.2866
363 998 0.2114
363 999 0.1775
363 1000 0.2522
363 1001 0.3512
363 1002 0.5247
363 1003 0.5638
363 1004 0.6670
363 1005 0.1679
363 1006 0.3519
363 1007 0.4103
363 1008 0.2982
363 1010 0.3654
363 1013 0.2687
363 1014 0.3504
363 1015 0.2960
363 1016 0.2751
363 1017 0.2547
363 1018 0.1687
363 1019 0.2793
363 1020 0.3969
363 1022 0.3542
363 1023 0.2993
363 1024 0.3090
363 1026 0.2174
363 1027 0.2928
363 1028 0.1714
363 1029 0.2745
363 1030 0.4685
363 1031 0.2186
363 1032 0.2953
363 1033 0.1794
363 1034 0.2432
363 1035 0.2877
363 1036 0.2893
363 1037 0.2882
363 1038 0.1461
363 1039 0.4551
363 1040 0.2596
363 1041 0.2150
363 1042 0.3094
363 1044 0.1988
363 1045 0.1816
363 1046 0.1924
363 1047 0.2216
363 1048 0.4291
363 1049 0.2271
363 1050 0.2112
363 1051 0.1906
363 1053 0.2323
363 1055 0.2925
363 1056 0.3235
363 1057 0.3470
363 1058 0.2300
363 1059 0.3589
363 1060 0.2859
363 1061 0.2384
363 1062 0.1906
363 1063 0.5646
363 1064 0.3227
363 1065 0.2589
363 1066 0.3185
363 1067 0.7230
363 1068 0.3741
363 1069 0.2139
363 1070 0.2291
363 1071 0.1794
363 1072 0.1461
363 1073 0.1915
363 1075 0.5770
363 1076 0.1915
363 1077 0.1861
363 1078 0.2753
363 1079 0.3628
363 1080 0.1612
363 1081 0.2443
363 1082 0.2550
363 1083 0.6625
363 1084 0.2948
363 1085 0.2983
363 1087 0.3440
363 1089 0.3019
363 1090 0.2308
363 1091 0.2150
363 1093 0.2150
363 1094 0.2573
363 1095 0.2746
363 1096 0.1922
363 1097 0.3069
363 1099 0.8836
363 1102 0.1988
363 1103 0.1742
363 1104 0.3242
363 1105 0.6180
363 1106 0.2737
363 1107 0.1662
363 1108 0.2667
363 1109 0.1732
363 1110 0.1634
363 1111 0.3354
363 1113 0.2125
363 1114 0.2171
363 1115 0.1693
363 1116 0.2814
363 1117 0.2561
363 1118 0.1766
363 1119 0.1865
363 1120 0.2865
363 1121 0.1915
363 1122 0.1888
363 1123 0.3267
363 1124 0.2803
363 1125 0.2466
363 1126 0.3208
363 1127 0.3861
363 1128 0.6889
363 1129 0.2757
363 1130 0.5054
363 1131 0.1818
363 1132 0.2347
363 1133 0.1689
363 1134 0.1657
363 1135 0.7294
363 1136 0.3699
363 1138 0.2573
363 1139 0.2171
363 1141 0.1703
363 1142 0.3225
363 1143 0.4278
363 1146 0.3585
363 1147 0.1703
363 1148 0.1806
363 1150 0.4406
363 1151 0.3072
363 1152 0.6215
363 1153 0.1703
363 1154 0.4708
363 1155 0.3818
363 1156 0.2955
363 1157 0.2150
363 1158 0.3272
363 1159 0.2114
363 1160 0.1819
363 1161 0.2332
363 1162 0.4492
363 1163 0.4406
363 1165 0.2114
363 1166 0.2709
363 1167 0.1924
363 1169 0.3433
363 1172 0.2584
363 1173 0.3069
363 1174 0.2141
363 1176 0.3014
363 1177 0.2942
363 1178 0.3069
363 1180 0.3162
363 1181 0.2538
363 1182 0.3187
363 1183 0.2951
363 1184 0.1906
363 1185 0.1703
363 1186 0.3103
363 1187 0.2707
363 1188 0.1819
363 1189 0.2955
363 1191 0.4543
363 1192 0.2119
363 1193 0.2823
363 1194 0.1703
363 1195 0.2041
363 1196 0.1756
363 1197 0.3401
363 1198 0.3069
363 1199 0.4401
363 1200 0.1461
363 1201 0.4506
363 1202 0.3121
363 1203 0.1929
363 1204 0.2410
363 1205 0.1671
363 1206 0.5438
363 1208 0.2171
363 1209 0.3408
363 1210 0.3499
363 1211 0.4698
363 1212 0.2953
363 1213 0.1461
363 1214 0.2263
363 1215 0.2114
363 1216 0.1461
363 1217 0.2150
363 1218 0.2479
363 1219 0.1888
363 1221 0.3069
363 1222 0.1729
363 1223 0.2657
363 1225 0.6404
363 1226 0.5038
363 1227 0.3147
363 1228 0.2552
363 1229 0.2836
363 1230 0.2798
363 1231 0.2575
363 1232 0.1646
363 1233 0.1745
363 1234 0.1924
363 1236 0.2150
363 1237 0.3021
363 1238 0.3561
363 1240 0.2963
363 1241 0.1461
363 1242 0.4057
363 1244 0.1988
363 1245 0.2166
363 1246 0.1924
363 1247 0.3208
363 1248 0.2834
363 1249 0.1740
363 1250 0.3598
363 1251 0.2159
363 1252 0.2891
363 1253 0.2471
363 1254 0.2171
363 1255 0.2171
363 1256 0.4033
363 1257 0.2146
363 1258 0.4231
363 1259 0.5958
363 1260 0.3349
363 1262 0.1651
363 1263 0.3385
363 1265 0.3529
363 1266 0.3069
363 1267 0.3083
363 1268 0.4420
363 1269 0.4930
363 1270 0.3271
363 1271 0.4424
363 1272 0.2868
363 1273 0.2159
363 1274 0.2843
363 1275 0.4596
363 1276 0.2444
363 1278 0.1461
363 1279 0.3019
363 1280 0.3674
363 1281 0.2730
363 1282 0.1988
363 1283 0.2332
363 1284 0.3393
363 1286 0.2341
363 1287 0.3335
363 1288 0.1865
363 1289 0.1955
363 1290 0.1915
363 1292 0.6262
363 1293 0.3112
363 1296 0.3406
363 1297 0.1865
363 1298 0.2723
363 1299 0.1857
363 1300 0.1924
363 1301 0.1608
363 1303 0.3403
363 1304 0.3069
363 1305 0.3988
363 1306 0.1922
363 1307 0.2606
363 1309 0.3069
363 1310 0.2425
363 1311 0.1461
363 1313 0.1812
363 1316 0.9056
363 1318 0.1924
363 1319 0.1660
363 1322 0.2125
363 1323 0.3163
363 1324 0.1759
363 1325 0.2171
363 1326 0.2833
363 1327 0.2171
363 1330 0.3025
363 1331 0.2607
363 1333 0.1759
363 1334 0.2810
363 1335 0.3629
363 1336 0.1759
363 1337 0.1988
363 1338 0.1732
363 1340 0.2141
363 1341 0.1924
363 1342 0.3880
363 1343 0.2460
363 1344 0.2669
363 1346 0.2575
363 1348 0.2507
363 1349 0.2951
363 1350 0.2171
363 1351 0.1671
363 1352 0.2400
363 1353 0.1745
363 1354 0.1924
363 1355 0.2141
363 1356 0.2150
363 1357 0.1693
363 1360 0.2141
363 1361 0.2411
363 1362 0.3572
363 1363 0.2995
363 1364 0.3057
363 1366 0.1924
363 1367 0.4741
363 1368 0.3070
363 1369 0.5562
363 1370 0.5958
363 1372 0.2443
363 1374 0.4479
363 1375 0.2186
363 1376 0.2707
363 1377 0.2674
363 1378 0.2150
363 1379 0.1714
363 1380 0.2761
363 1382 0.1915
363 1383 0.3464
363 1384 0.2403
363 1386 0.1988
363 1387 0.3995
363 1388 0.2041
363 1389 0.2072
363 1390 0.1865
363 1393 0.2171
363 1394 0.3987
363 1395 0.2906
363 1396 0.2812
363 1397 0.2982
363 1398 0.5135
363 1399 0.1863
363 1401 0.2384
363 1402 0.2973
363 1405 0.5205
363 1406 0.1924
363 1407 0.2171
363 1408 0.2557
363 1409 0.1781
363 1411 0.2150
363 1412 0.2041
363 1413 0.1635
363 1415 0.2381
363 1416 0.1924
363 1418 0.2691
363 1419 0.3906
363 1420 0.2171
363 1421 0.3172
363 1422 0.1951
363 1423 0.2120
363 1424 0.2384
363 1425 0.2818
363 1426 0.7067
363 1427 0.2305
363 1428 0.2634
363 1431 0.2486
363 1434 0.7925
363 1435 0.4856
363 1436 0.1915
363 1437 0.3824
363 1438 0.1550
363 1439 0.5303
363 1440 0.5716
363 1441 0.2582
363 1443 0.1865
363 1445 0.1514
363 1446 0.2308
363 1448 0.4062
363 1449 0.2626
363 1451 0.3109
363 1452 0.2891
363 1454 0.2150
363 1455 0.1461
363 1456 0.2872
363 1459 0.1461
363 1460 0.2452
363 1461 0.1988
363 1462 0.3082
363 1464 0.2790
363 1465 0.3069
363 1466 0.2598
363 1468 0.1769
363 1470 0.1988
363 1472 0.2907
363 1473 0.2349
363 1474 0.1924
363 1476 0.2849
363 1477 0.2569
363 1478 0.2083
363 1479 0.3131
363 1480 0.3479
363 1481 0.1924
363 1482 0.3426
363 1484 0.1461
363 1485 0.4281
363 1486 0.3069
363 1487 0.2613
363 1490 0.1724
363 1491 0.2549
363 1492 0.1975
363 1493 0.2550
363 1494 0.1915
363 1495 0.2171
363 1496 0.2112
363 1497 0.4049
363 1498 0.1792
363 1499 0.2171
363 1500 0.2040
363 1501 0.1461
363 1503 0.3527
363 1504 0.1635
363 1505 0.1922
363 1506 0.2705
363 1507 0.2823
363 1508 0.3069
363 1511 0.2150
363 1512 0.2955
363 1513 0.1638
363 1515 0.2150
363 1516 0.3764
363 1517 0.2755
363 1518 0.2196
363 1519 0.3985
363 1520 0.8113
363 1522 0.3178
363 1525 0.1707
363 1526 0.3424
363 1527 0.2243
363 1528 0.3426
363 1529 0.2280
363 1530 0.2417
363 1531 0.3069
363 1532 0.1689
363 1535 0.4139
363 1536 0.2461
363 1537 0.1988
363 1538 0.2602
363 1540 0.2895
363 1541 0.2669
363 1542 0.3115
363 1544 0.1800
363 1545 0.3069
363 1546 0.3433
363 1547 0.2770
363 1548 0.3639
363 1549 0.1967
363 1551 0.2150
363 1552 0.1924
363 1554 0.3672
363 1555 0.3069
363 1557 0.1629
363 1560 0.1696
363 1562 0.2171
363 1565 0.2886
363 1566 0.1581
363 1567 0.2171
363 1568 0.1922
363 1569 0.2925
363 1571 0.2674
363 1572 0.3566
363 1573 0.2812
363 1574 0.2761
363 1575 0.1759
363 1576 0.1922
363 1577 0.2858
363 1578 0.3085
363 1579 0.2778
363 1580 0.2783
363 1581 0.3467
363 1583 0.1732
363 1584 0.1836
363 1585 0.3057
363 1586 0.1837
363 1587 0.2810
363 1588 0.4957
363 1589 0.1693
363 1590 0.2612
363 1591 0.3336
363 1592 0.3548
363 1593 0.1809
363 1594 0.1707
363 1595 0.1816
363 1596 0.1461
363 1597 0.1631
363 1598 0.2171
363 1599 0.1977
363 1600 0.2171
363 1601 0.2597
363 1603 0.2868
363 1604 0.2171
363 1605 0.3920
363 1606 0.3254
363 1607 0.2633
363 1608 0.4610
363 1609 0.1994
363 1610 0.2885
363 1611 0.2171
363 1612 0.4165
363 1613 0.5593
363 1614 0.1967
363 1615 0.1732
363 1616 0.1906
363 1618 0.6379
363 1619 0.1967
363 1620 0.1924
363 1621 0.6198
363 1622 0.6300
363 1623 0.1924
363 1624 0.4701
363 1625 0.1851
363 1626 0.1461
363 1627 0.1461
363 1628 0.2171
363 1629 0.2171
363 1630 0.2688
363 1632 0.2707
363 1633 0.2150
363 1634 0.1553
363 1637 0.1924
363 1638 0.3260
363 1640 0.2576
363 1641 0.3064
363 1642 0.2918
363 1644 0.1851
363 1645 0.2945
363 1646 0.2603
363 1648 0.2171
363 1649 0.2995
363 1650 0.2477
363 1652 0.1461
363 1653 0.4537
363 1654 0.2747
363 1655 0.4402
363 1656 0.3069
363 1657 0.2150
363 1658 0.1694
363 1659 0.2531
363 1660 0.3354
363 1661 0.2177
363 1662 0.2171
363 1663 0.1924
363 1664 0.1988
363 1665 0.2146
363 1666 0.1906
363 1667 0.3614
363 1668 0.3311
363 1669 0.2119
363 1670 0.2884
363 1671 0.2491
363 1672 0.3584
363 1674 0.2953
363 1675 0.2171
363 1676 0.2575
363 1677 0.1694
363 1678 0.3517
363 1679 0.2538
363 1681 0.2171
363 1682 0.1650
363 1683 0.2908
363 1684 0.2150
363 1685 0.3059
363 1686 0.1922
363 1687 0.1461
363 1688 0.1790
363 1689 0.8494
363 1690 0.2347
363 1691 0.3764
363 1692 0.3649
363 1694 0.3027
363 1695 0.1922
363 1696 0.2171
363 1697 0.1819
363 1698 0.1742
363 1699 0.1709
363 1700 0.2112
363 1701 0.2308
363 1702 0.2204
363 1703 0.1988
363 1705 0.1794
363 1706 0.2338
363 1707 0.3739
363 1709 0.1906
363 1711 0.2963
363 1712 0.8507
363 1713 0.2379
363 1714 0.3019
363 1715 0.2153
363 1716 0.1461
363 1717 0.8419
363 1718 0.1704
363 1719 0.2112
363 1720 0.2348
363 1721 0.1461
363 1723 0.2757
363 1724 0.1988
363 1725 0.3491
363 1726 0.1550
363 1728 0.1906
363 1729 0.2604
363 1730 0.3069
364 366 0.2970
364 367 0.1298
364 368 0.0652
364 369 0.0871
364 370 0.1060
364 371 0.6061
364 372 0.3744
364 373 0.4212
364 375 0.4031
364 376 0.4773
364 377 0.0613
364 378 0.0466
364 379 0.2694
364 380 0.7712
364 381 0.6012
364 382 0.0692
364 383 0.5666
364 384 0.0812
364 385 0.5854
364 386 0.2028
364 387 0.4184
364 388 0.2023
364 389 0.0842
364 390 0.2921
364 391 0.7855
364 392 0.1821
364 393 0.1150
364 394 0.3481
364 395 0.0907
364 396 0.5563
364 397 0.4924
364 398 0.5151
364 399 0.3321
364 400 0.1192
364 402 0.0842
364 403 0.4272
364 404 0.5214
364 405 0.0798
364 406 0.3054
364 407 0.0832
364 408 0.0820
364 409 0.6539
364 411 0.1658
364 412 0.4405
364 413 0.6328
364 414 0.1823
364 415 0.1847
364 416 0.4002
364 418 0.7456
364 419 0.4836
364 420 0.1664
364 421 0.1200
364 422 0.0868
364 423 0.1547
364 424 0.5370
364 425 0.4350
364 427 0.5926
364 428 0.3476
364 430 0.1156
364 431 0.0557
364 432 0.0733
364 433 0.4637
364 434 0.4676
364 435 0.5447
364 436 0.2043
364 438 0.4323
364 439 0.0765
364 440 0.5729
364 441 0.6387
364 442 0.2414
364 443 0.0715
364 444 0.4927
364 445 0.0524
364 447 0.1628
364 449 0.4068
364 450 0.4647
364 451 0.1332
364 452 0.0768
364 453 0.0554
364 454 0.9585
364 455 0.4012
364 456 0.3888
364 457 0.1128
364 458 0.5579
364 459 0.0842
364 460 0.3662
364 461 0.3101
364 463 0.3474
364 464 0.1060
364 465 0.1126
364 466 0.9192
364 467 0.0706
364 468 0.0904
364 469 0.5037
364 470 0.6054
364 471 0.5764
364 472 0.0751
364 474 0.0685
364 475 0.7824
364 476 0.4255
364 478 0.0842
364 479 0.2961
364 480 0.0484
364 481 0.2794
364 482 0.2539
364 484 0.5738
364 485 0.0773
364 486 0.0754
364 488 0.5999
364 489 0.0902
364 490 0.1316
364 491 0.0842
364 492 0.2795
364 493 0.0722
364 494 0.0668
364 495 0.2228
364 496 0.5433
364 497 0.1247
364 498 0.2302
364 499 0.3588
364 500 0.3594
364 501 0.1592
364 503 0.5336
364 504 0.2043
364 505 0.2479
364 506 0.3564
364 507 0.0553
364 508 0.3593
364 509 0.2543
364 510 0.0514
364 511 0.0699
364 512 0.2043
364 513 0.1875
364 514 0.2708
364 515 0.4213
364 516 0.5252
364 517 0.1029
364 518 0.1069
364 519 0.0889
364 520 0.0641
364 521 0.2773
364 522 0.0645
364 523 0.3298
364 524 0.0930
364 526 0.7846
364 527 0.2628
364 528 0.4179
364 529 0.3671
364 530 0.0756
364 531 0.3096
364 532 0.1702
364 533 0.0972
364 534 0.4129
364 535 0.0744
364 536 0.1489
364 537 0.7479
364 538 0.0842
364 539 0.0737
364 540 0.3694
364 541 0.6200
364 542 0.1384
364 543 0.1096
364 544 0.4791
364 545 0.1271
364 546 0.5544
364 547 0.4495
364 548 0.4486
364 549 0.0947
364 551 0.0689
364 552 0.1000
364 553 0.1493
364 555 0.5578
364 556 0.0583
364 557 0.3608
364 558 0.1729
364 559 0.0702
364 560 0.0995
364 561 0.3931
364 562 0.0842
364 563 0.8409
364 564 0.0610
364 565 0.1282
364 566 0.4642
364 567 0.1989
364 568 0.4675
364 569 0.0748
364 570 0.1128
364 571 0.6581
364 572 0.2721
364 573 0.1498
364 574 0.5341
364 575 0.3845
364 576 0.5313
364 577 0.5597
364 578 0.0838
364 579 0.6160
364 580 0.1080
364 581 0.4896
364 582 0.0618
364 583 0.0479
364 584 0.4542
364 585 0.7171
364 586 0.0588
364 587 0.3375
364 589 0.5384
364 590 0.8787
364 591 0.4014
364 592 0.5565
364 595 0.0988
364 598 0.1035
364 599 0.0692
364 600 0.7023
364 601 0.2130
364 602 0.5622
364 604 0.0655
364 605 0.1017
364 606 0.2348
364 607 0.6217
364 608 0.3814
364 609 0.3527
364 610 0.4331
364 612 0.2627
364 613 0.3245
364 614 0.6572
364 615 0.2043
364 616 0.0747
364 617 0.2043
364 618 0.2637
364 619 0.5790
364 620 0.0902
364 621 0.1672
364 622 0.0947
364 623 0.0353
364 625 0.3437
364 626 0.0671
364 627 0.2449
364 628 0.0946
364 629 0.3751
364 630 0.1984
364 631 0.1897
364 632 0.5532
364 633 0.7430
364 634 0.4688
364 635 0.2043
364 636 0.1077
364 637 0.8298
364 638 0.1456
364 639 0.2997
364 640 0.0685
364 641 0.5786
364 642 0.5416
364 643 0.2076
364 644 0.1679
364 645 0.1175
364 646 0.4466
364 647 0.1625
364 648 0.0943
364 649 0.0557
364 650 0.1416
364 651 0.7911
364 652 0.2100
364 653 0.5374
364 654 0.2492
364 655 0.3845
364 656 0.0756
364 657 0.1870
364 658 0.2329
364 659 0.3785
364 660 0.0715
364 661 0.3684
364 662 0.4333
364 663 0.1643
364 664 0.1381
364 665 0.1333
364 666 0.0725
364 667 0.1143
364 668 0.2157
364 669 0.4604
364 670 0.0842
364 671 0.5627
364 672 0.0841
364 673 0.0470
364 674 0.0561
364 675 0.3245
364 676 0.1400
364 678 0.3791
364 679 0.5122
364 680 0.0842
364 681 0.0861
364 683 0.0950
364 684 0.1928
364 685 0.0602
364 686 0.3767
364 687 0.7625
364 688 0.2519
364 689 0.5495
364 690 0.5691
364 691 0.5638
364 692 0.0662
364 693 0.3563
364 694 0.0854
364 695 0.3892
364 696 0.2807
364 697 0.4666
364 698 0.3220
364 699 0.3485
364 700 0.3626
364 701 0.4424
364 702 0.5999
364 703 0.5066
364 704 0.4955
364 705 0.5111
364 706 0.0821
364 707 0.0489
364 708 0.0677
364 709 0.4661
364 710 0.1983
364 711 0.7967
364 712 0.0538
364 713 0.0484
364 714 0.4564
364 716 0.3481
364 717 0.0617
364 718 0.2428
364 720 0.0930
364 721 0.3696
364 722 0.1278
364 723 0.1115
364 725 0.2043
364 726 0.6871
364 727 0.3984
364 728 0.6668
364 729 0.5558
364 730 0.0665
364 731 0.1183
364 732 0.5628
364 733 0.6810
364 734 0.4078
364 735 0.1058
364 736 0.8675
364 737 0.8219
364 738 0.4314
364 740 0.5957
364 741 0.3496
364 742 0.1390
364 743 0.5068
364 744 0.5623
364 745 0.3859
364 747 0.2426
364 748 0.3536
364 749 0.0557
364 750 0.4745
364 751 0.1128
364 752 0.8190
364 753 0.4058
364 754 0.2309
364 755 0.5526
364 756 0.5995
364 757 0.2669
364 758 0.3365
364 759 0.5474
364 760 0.0902
364 761 0.2309
364 762 0.4247
364 763 0.1272
364 764 0.0565
364 765 0.0574
364 766 0.0627
364 767 0.2401
364 768 0.8247
364 769 0.0821
364 770 0.1172
364 771 0.2583
364 772 0.0891
364 773 0.0642
364 774 0.0796
364 776 0.4188
364 777 0.1777
364 778 0.4114
364 779 0.0827
364 780 0.3891
364 781 0.3869
364 782 0.5668
364 783 0.1196
364 784 0.0537
364 785 0.1531
364 786 0.4839
364 787 0.3891
364 788 0.1730
364 789 0.6515
364 791 0.1326
364 793 0.3894
364 794 0.4507
364 795 0.3891
364 796 0.4524
364 797 0.2905
364 798 0.0703
364 799 0.6032
364 801 0.0509
364 803 0.0626
364 804 0.2075
364 805 0.6020
364 806 0.1108
364 807 0.3596
364 808 0.1759
364 809 0.3141
364 810 0.6142
364 811 0.2535
364 812 0.0737
364 813 0.3560
364 814 0.5018
364 815 0.1923
364 816 0.1431
364 817 0.1022
364 818 0.0377
364 819 0.0663
364 820 0.0709
364 821 0.1669
364 822 0.0722
364 823 0.6456
364 824 0.1380
364 825 0.7907
364 827 0.5974
364 828 0.5735
364 829 0.1000
364 830 0.0891
364 831 0.7389
364 832 0.6883
364 833 0.0842
364 834 0.6874
364 835 0.0896
364 836 0.6273
364 837 0.0665
364 838 0.5656
364 839 0.1298
364 840 0.3576
364 841 0.5816
364 842 0.0644
364 843 0.0541
364 845 0.4292
364 846 0.5248
364 848 0.1368
364 849 0.5897
364 850 0.3481
364 851 0.9825
364 852 0.1381
364 853 0.3771
364 854 0.0680
364 855 0.5139
364 856 0.0756
364 857 0.3521
364 858 0.6683
364 859 0.1227
364 860 0.0962
364 861 0.3557
364 862 0.1189
364 865 0.1728
364 866 0.1157
364 867 0.4752
364 868 0.1897
364 869 0.1595
364 870 0.5087
364 871 0.0641
364 872 0.9934
364 874 0.0595
364 875 0.0642
364 876 0.0913
364 877 0.0731
364 878 0.2189
364 880 0.2192
364 881 0.0566
364 882 0.5099
364 883 0.4362
364 884 0.3764
364 885 0.1660
364 886 0.0828
364 887 0.7057
364 888 0.3032
364 889 0.6629
364 891 0.5110
364 892 0.0851
364 893 0.6173
364 894 0.1035
364 895 0.7568
364 896 0.1035
364 898 0.0888
364 900 0.0527
364 901 0.2405
364 903 0.2401
364 906 0.2907
364 907 0.1088
364 908 0.6716
364 909 0.5612
364 910 0.4675
364 911 0.3253
364 912 0.0842
364 913 0.2010
364 914 0.0543
364 915 0.6394
364 916 0.1002
364 917 0.1035
364 918 0.4635
364 919 0.4434
364 920 0.3183
364 921 0.5271
364 922 0.5784
364 924 0.1775
364 928 0.2833
364 929 0.3975
364 930 0.6059
364 932 0.1219
364 933 0.2985
364 934 0.1451
364 935 0.5249
364 936 0.1018
364 937 0.1111
364 938 0.5167
364 940 0.1035
364 941 0.6198
364 942 0.3994
364 943 0.0983
364 944 0.4070
364 946 0.1206
364 947 0.3866
364 948 0.4083
364 950 0.5831
364 951 0.5961
364 952 0.6501
364 953 0.2497
364 954 0.0486
364 955 0.1414
364 956 0.3405
364 957 0.1128
364 958 0.1521
364 959 0.2860
364 960 0.4995
364 962 0.0703
364 963 0.2043
364 964 0.0377
364 965 0.1606
364 966 0.0663
364 967 0.1475
364 968 0.7077
364 969 0.6235
364 971 0.4169
364 972 0.1202
364 973 0.1360
364 974 0.8058
364 976 0.0762
364 978 0.1709
364 979 0.8001
364 980 0.1915
364 981 0.1035
364 982 0.1000
364 983 0.0436
364 984 0.4047
364 985 0.1742
364 986 0.1189
364 987 0.2018
364 989 0.0836
364 990 0.0492
364 991 0.0778
364 992 0.3553
364 993 0.9147
364 994 0.9063
364 995 0.7107
364 996 0.1833
364 998 0.1984
364 999 0.1231
364 1000 0.2162
364 1001 0.0932
364 1002 0.0887
364 1003 0.2040
364 1004 0.2325
364 1005 0.2372
364 1006 0.5921
364 1007 0.4424
364 1008 0.1090
364 1010 0.3011
364 1013 0.0754
364 1014 0.1644
364 1015 0.0779
364 1016 0.5445
364 1017 0.3649
364 1018 0.0725
364 1019 0.0694
364 1020 0.4588
364 1022 0.4419
364 1023 0.3518
364 1024 0.0985
364 1026 0.0917
364 1027 0.0737
364 1028 0.0665
364 1029 0.6131
364 1030 0.6354
364 1031 0.3891
364 1032 0.1292
364 1033 0.0677
364 1034 0.0506
364 1035 0.0735
364 1036 0.0425
364 1037 0.2387
364 1038 0.2043
364 1039 0.1593
364 1040 0.0597
364 1041 0.1035
364 1042 0.6113
364 1044 0.4439
364 1045 0.1494
364 1046 0.1786
364 1047 0.6008
364 1048 0.2837
364 1049 0.6020
364 1050 0.6042
364 1051 0.1348
364 1053 0.0556
364 1055 0.1163
364 1056 0.5344
364 1057 0.2815
364 1058 0.0479
364 1059 0.1178
364 1060 0.0633
364 1061 0.1036
364 1062 0.1122
364 1063 0.1418
364 1064 0.1172
364 1065 0.6174
364 1066 0.4530
364 1067 0.7060
364 1068 0.7374
364 1069 0.2092
364 1070 0.1332
364 1071 0.5149
364 1072 0.2043
364 1073 0.0687
364 1075 0.2252
364 1076 0.0891
364 1077 0.1329
364 1078 0.0741
364 1079 0.2008
364 1080 0.2939
364 1081 0.0715
364 1082 0.1925
364 1083 0.2818
364 1084 0.6272
364 1085 0.3512
364 1087 0.2346
364 1089 0.1709
364 1090 0.5394
364 1091 0.1498
364 1093 0.2659
364 1094 0.0929
364 1095 0.0693
364 1096 0.1460
364 1097 0.1000
364 1099 0.7976
364 1102 0.1239
364 1103 0.2690
364 1104 0.3469
364 1105 0.6998
364 1106 0.2648
364 1107 0.0749
364 1108 0.6070
364 1109 0.0353
364 1110 0.0668
364 1111 0.0702
364 1113 0.0733
364 1114 0.1835
364 1115 0.0632
364 1116 0.1434
364 1117 0.0599
364 1118 0.2727
364 1119 0.0605
364 1120 0.0558
364 1121 0.1175
364 1122 0.1564
364 1123 0.3259
364 1124 0.2202
364 1125 0.2434
364 1126 0.3460
364 1127 0.0798
364 1128 0.8073
364 1129 0.2510
364 1130 0.4186
364 1131 0.0670
364 1132 0.1089
364 1133 0.0681
364 1134 0.4348
364 1135 0.4812
364 1136 0.0751
364 1138 0.1810
364 1139 0.0842
364 1141 0.5099
364 1142 0.4772
364 1143 0.4698
364 1146 0.3786
364 1147 0.3610
364 1148 0.0731
364 1150 0.5475
364 1151 0.0836
364 1152 0.2293
364 1153 0.3610
364 1154 0.7670
364 1155 0.5433
364 1156 0.1994
364 1157 0.1625
364 1158 0.4988
364 1159 0.1984
364 1160 0.0731
364 1161 0.3886
364 1162 0.3524
364 1163 0.1970
364 1165 0.1984
364 1166 0.1656
364 1167 0.0756
364 1169 0.4374
364 1172 0.1551
364 1173 0.1000
364 1174 0.2628
364 1176 0.6787
364 1177 0.5684
364 1178 0.1000
364 1180 0.5148
364 1181 0.3287
364 1182 0.3487
364 1183 0.0762
364 1184 0.1243
364 1185 0.3610
364 1186 0.1139
364 1187 0.6303
364 1188 0.3264
364 1189 0.1296
364 1191 0.6387
364 1192 0.2124
364 1193 0.5842
364 1194 0.5099
364 1195 0.1128
364 1196 0.0712
364 1197 0.4436
364 1198 0.1000
364 1199 0.0843
364 1200 0.2043
364 1201 0.4990
364 1202 0.3611
364 1203 0.1495
364 1204 0.2710
364 1205 0.2536
364 1206 0.6070
364 1208 0.0842
364 1209 0.3960
364 1210 0.6458
364 1211 0.5522
364 1212 0.3372
364 1213 0.2043
364 1214 0.4517
364 1215 0.1984
364 1216 0.2043
364 1217 0.1035
364 1218 0.2788
364 1219 0.1564
364 1221 0.1000
364 1222 0.3878
364 1223 0.4107
364 1225 0.8909
364 1226 0.6314
364 1227 0.4092
364 1228 0.6022
364 1229 0.5808
364 1230 0.6005
364 1231 0.5691
364 1232 0.2331
364 1233 0.2332
364 1234 0.1871
364 1236 0.1078
364 1237 0.4602
364 1238 0.3156
364 1240 0.1163
364 1241 0.2043
364 1242 0.7453
364 1244 0.2689
364 1245 0.3939
364 1246 0.1801
364 1247 0.6999
364 1248 0.0798
364 1249 0.0725
364 1250 0.2810
364 1251 0.4841
364 1252 0.2125
364 1253 0.5076
364 1254 0.0842
364 1255 0.0842
364 1256 0.1774
364 1257 0.1920
364 1258 0.5133
364 1259 0.6285
364 1260 0.4320
364 1262 0.3868
364 1263 0.4439
364 1265 0.5116
364 1266 0.1000
364 1267 0.1139
364 1268 0.2023
364 1269 0.5313
364 1270 0.3543
364 1271 0.2505
364 1272 0.1847
364 1273 0.4841
364 1274 0.2138
364 1275 0.2334
364 1276 0.1235
364 1278 0.2043
364 1279 0.2931
364 1280 0.1000
364 1281 0.0601
364 1282 0.1354
364 1283 0.0699
364 1284 0.0998
364 1286 0.0979
364 1287 0.0563
364 1288 0.1661
364 1289 0.0572
364 1290 0.1037
364 1292 0.2366
364 1293 0.0782
364 1296 0.0408
364 1297 0.1661
364 1298 0.0610
364 1299 0.0724
364 1300 0.0756
364 1301 0.0680
364 1303 0.0655
364 1304 0.1000
364 1305 0.0534
364 1306 0.0743
364 1307 0.0813
364 1309 0.1000
364 1310 0.0435
364 1311 0.2043
364 1313 0.0653
364 1316 0.6015
364 1318 0.0756
364 1319 0.0670
364 1322 0.0733
364 1323 0.5821
364 1324 0.1353
364 1325 0.0842
364 1326 0.1745
364 1327 0.0842
364 1330 0.6018
364 1331 0.2114
364 1333 0.1353
364 1334 0.3057
364 1335 0.4563
364 1336 0.1373
364 1337 0.2250
364 1338 0.1271
364 1340 0.5961
364 1341 0.0756
364 1342 0.8031
364 1343 0.4048
364 1344 0.2093
364 1346 0.5691
364 1348 0.3110
364 1349 0.4443
364 1350 0.1213
364 1351 0.2536
364 1352 0.5376
364 1353 0.5197
364 1354 0.1786
364 1355 0.5961
364 1356 0.1035
364 1357 0.1566
364 1360 0.5961
364 1361 0.6936
364 1362 0.3904
364 1363 0.2294
364 1364 0.3471
364 1366 0.1666
364 1367 0.6114
364 1368 0.3680
364 1369 0.8168
364 1370 0.8083
364 1372 0.2906
364 1374 0.3776
364 1375 0.3891
364 1376 0.1226
364 1377 0.2905
364 1378 0.1035
364 1379 0.0377
364 1380 0.2833
364 1382 0.1037
364 1383 0.3184
364 1384 0.3554
364 1386 0.2221
364 1387 0.1421
364 1388 0.1128
364 1389 0.2048
364 1390 0.1661
364 1393 0.1492
364 1394 0.1701
364 1395 0.6395
364 1396 0.3815
364 1397 0.1909
364 1398 0.5174
364 1399 0.5064
364 1401 0.1342
364 1402 0.6676
364 1405 0.2092
364 1406 0.0756
364 1407 0.0842
364 1408 0.1589
364 1409 0.0820
364 1411 0.1705
364 1412 0.1128
364 1413 0.0907
364 1415 0.2176
364 1416 0.1021
364 1418 0.1281
364 1419 0.3205
364 1420 0.3443
364 1421 0.5766
364 1422 0.5529
364 1423 0.1918
364 1424 0.1617
364 1425 0.6510
364 1426 0.4504
364 1427 0.3795
364 1428 0.5205
364 1431 0.5210
364 1434 0.9926
364 1435 0.8549
364 1436 0.0687
364 1437 0.6478
364 1438 0.3808
364 1439 0.8785
364 1440 0.7899
364 1441 0.6224
364 1443 0.1661
364 1445 0.5175
364 1446 0.5394
364 1448 0.3240
364 1449 0.1280
364 1451 0.1483
364 1452 0.0504
364 1454 0.0965
364 1455 0.2043
364 1456 0.1222
364 1459 0.2043
364 1460 0.1261
364 1461 0.0986
364 1462 0.1935
364 1464 0.1196
364 1465 0.1000
364 1466 0.3704
364 1468 0.0936
364 1470 0.1426
364 1472 0.1101
364 1473 0.0803
364 1474 0.1786
364 1476 0.1311
364 1477 0.0415
364 1478 0.0796
364 1479 0.1884
364 1480 0.1952
364 1481 0.1200
364 1482 0.0949
364 1484 0.2043
364 1485 0.4859
364 1486 0.1000
364 1487 0.2494
364 1490 0.0590
364 1491 0.1913
364 1492 0.1298
364 1493 0.1219
364 1494 0.1175
364 1495 0.0842
364 1496 0.0689
364 1497 0.1588
364 1498 0.0658
364 1499 0.2039
364 1500 0.0685
364 1501 0.2043
364 1503 0.0938
364 1504 0.0925
364 1505 0.1071
364 1506 0.1272
364 1507 0.4145
364 1508 0.1000
364 1511 0.2245
364 1512 0.0747
364 1513 0.0641
364 1515 0.1035
364 1516 0.1544
364 1517 0.0729
364 1518 0.0672
364 1519 0.0962
364 1520 0.6683
364 1522 0.1903
364 1525 0.0632
364 1526 0.0899
364 1527 0.0684
364 1528 0.1616
364 1529 0.0748
364 1530 0.0659
364 1531 0.1000
364 1532 0.1056
364 1535 0.1414
364 1536 0.0502
364 1537 0.1381
364 1538 0.1057
364 1540 0.1474
364 1541 0.1292
364 1542 0.3064
364 1544 0.2466
364 1545 0.1000
364 1546 0.1036
364 1547 0.0681
364 1548 0.0886
364 1549 0.0773
364 1551 0.1035
364 1552 0.0756
364 1554 0.1049
364 1555 0.1000
364 1557 0.0663
364 1560 0.0744
364 1562 0.3164
364 1565 0.0605
364 1566 0.3036
364 1567 0.0842
364 1568 0.4421
364 1569 0.5091
364 1571 0.5750
364 1572 0.4146
364 1573 0.1371
364 1574 0.1049
364 1575 0.1373
364 1576 0.3941
364 1577 0.2114
364 1578 0.3565
364 1579 0.3588
364 1580 0.5211
364 1581 0.2756
364 1583 0.1097
364 1584 0.2884
364 1585 0.5808
364 1586 0.3553
364 1587 0.2273
364 1588 0.4526
364 1589 0.1566
364 1590 0.3331
364 1591 0.2755
364 1592 0.6862
364 1593 0.5173
364 1594 0.0632
364 1595 0.1494
364 1596 0.2043
364 1597 0.2446
364 1598 0.4456
364 1599 0.5793
364 1600 0.1297
364 1601 0.3193
364 1603 0.1511
364 1604 0.2111
364 1605 0.4006
364 1606 0.6030
364 1607 0.2114
364 1608 0.5748
364 1609 0.4239
364 1610 0.4434
364 1611 0.1603
364 1612 0.3915
364 1613 0.9180
364 1614 0.1329
364 1615 0.4159
364 1616 0.1729
364 1618 0.6767
364 1619 0.1323
364 1620 0.3573
364 1621 0.7927
364 1622 0.8065
364 1623 0.3612
364 1624 0.4939
364 1625 0.1936
364 1626 0.2043
364 1627 0.2043
364 1628 0.3596
364 1629 0.1934
364 1630 0.1636
364 1632 0.2903
364 1633 0.1035
364 1634 0.2471
364 1637 0.3612
364 1638 0.2720
364 1640 0.4420
364 1641 0.4166
364 1642 0.7188
364 1644 0.0688
364 1645 0.0777
364 1646 0.0700
364 1648 0.0842
364 1649 0.2547
364 1650 0.0688
364 1652 0.2043
364 1653 0.2566
364 1654 0.1461
364 1655 0.2147
364 1656 0.1000
364 1657 0.1035
364 1658 0.0674
364 1659 0.0879
364 1660 0.0869
364 1661 0.1893
364 1662 0.2039
364 1663 0.1692
364 1664 0.0794
364 1665 0.1920
364 1666 0.0882
364 1667 0.1607
364 1668 0.2871
364 1669 0.2124
364 1670 0.0812
364 1671 0.3534
364 1672 0.4014
364 1674 0.1580
364 1675 0.0842
364 1676 0.3583
364 1677 0.1547
364 1678 0.2675
364 1679 0.3618
364 1681 0.2039
364 1682 0.0665
364 1683 0.1773
364 1684 0.1028
364 1685 0.1269
364 1686 0.2138
364 1687 0.2043
364 1688 0.3001
364 1689 0.9351
364 1690 0.0881
364 1691 0.1915
364 1692 0.4405
364 1694 0.1433
364 1695 0.1871
364 1696 0.0842
364 1697 0.1554
364 1698 0.0775
364 1699 0.3405
364 1700 0.6042
364 1701 0.5201
364 1702 0.4414
364 1703 0.0715
364 1705 0.1904
364 1706 0.5456
364 1707 0.5366
364 1709 0.1267
364 1711 0.5724
364 1712 0.9935
364 1713 0.6357
364 1714 0.7156
364 1715 0.5353
364 1716 0.2043
364 1717 0.9985
364 1718 0.4936
364 1719 0.6042
364 1720 0.5126
364 1721 0.2043
364 1723 0.3720
364 1724 0.2085
364 1725 0.6317
364 1726 0.3808
364 1728 0.0885
364 1729 0.5485
364 1730 0.1000
366 367 0.0525
366 368 0.1295
366 369 0.1519
366 370 0.2502
366 371 0.1587
366 372 0.4792
366 373 0.5563
366 375 0.1683
366 376 0.1061
