414 584 0.8610
414 585 0.7607
414 586 0.5311
414 587 0.8870
414 589 0.5311
414 590 0.8952
414 591 0.2627
414 592 0.7913
414 593 0.3075
414 594 0.4494
414 595 0.6388
414 598 0.6943
414 599 0.3075
414 600 0.7691
414 601 0.5311
414 602 0.6378
414 604 0.2627
414 605 0.3075
414 606 0.5311
414 607 0.6289
414 608 0.7101
414 609 0.5427
414 610 0.6893
414 611 0.3455
414 612 0.2361
414 613 0.6465
414 614 0.9361
414 616 0.3075
414 617 0.4030
414 618 0.7015
414 619 0.8141
414 620 0.3075
414 621 0.6990
414 622 0.5427
414 623 0.5427
414 624 0.3075
414 625 0.6289
414 626 0.7458
414 627 0.6289
414 628 0.6782
414 629 0.5311
414 630 0.3075
414 631 0.6525
414 632 0.8287
414 633 0.9338
414 634 0.4852
414 635 0.4768
414 636 0.5427
414 637 0.7477
414 638 0.4494
414 639 0.9726
414 640 0.3075
414 641 0.3455
414 642 0.4494
414 643 0.8478
414 644 0.3075
414 645 0.6465
414 646 0.2627
414 647 0.5427
414 648 0.6149
414 649 0.3455
414 650 0.7482
414 651 0.7043
414 652 0.5835
414 653 0.7041
414 654 0.4535
414 655 0.6990
414 656 0.5427
414 657 0.3075
414 658 0.6149
414 659 0.8090
414 660 0.2361
414 661 0.4030
414 662 0.5311
414 663 0.5427
414 664 0.7015
414 666 0.2627
414 667 0.5427
414 668 0.5427
414 669 0.5427
414 670 0.4768
414 671 0.7812
414 672 0.3574
414 673 0.5427
414 674 0.2627
414 675 0.6943
414 676 0.6880
414 677 0.5427
414 678 0.5427
414 679 0.7705
414 680 0.5427
414 681 0.3455
414 683 0.5427
414 684 0.5311
414 685 0.8332
414 686 0.8058
414 687 0.8010
414 688 0.5427
414 689 0.9078
414 690 0.2627
414 691 0.6465
414 692 0.5315
414 693 0.3455
414 694 0.6650
414 695 0.8259
414 696 0.3075
414 697 0.5311
414 698 0.7956
414 699 0.7912
414 700 0.2627
414 701 0.3455
414 702 0.6766
414 703 0.7626
414 704 0.5283
414 705 0.3455
414 706 0.8850
414 707 0.3459
414 708 0.3075
414 709 0.4852
414 710 0.7130
414 711 0.8367
414 712 0.4852
414 713 0.2627
414 714 0.8228
414 715 0.3455
414 716 0.5382
414 717 0.4030
414 718 0.7015
414 720 0.3455
414 721 0.5427
414 722 0.4672
414 723 0.3455
414 724 0.2361
414 726 0.8925
414 727 0.5311
414 728 0.8523
414 729 0.4768
414 730 0.3455
414 731 0.6650
414 732 0.7691
414 733 0.8004
414 734 0.5427
414 735 0.7015
414 736 0.8260
414 737 0.8078
414 738 0.3075
414 740 0.3075
414 741 0.7396
414 742 0.5427
414 743 0.7664
414 744 0.8902
414 745 0.3075
414 746 0.3455
414 747 0.7636
414 748 0.9597
414 749 0.3455
414 750 0.6880
414 751 0.3075
414 752 0.9773
414 753 0.6737
414 754 0.3455
414 755 0.8771
414 756 0.3075
414 757 0.5311
414 758 0.5427
414 759 0.4494
414 760 0.5359
414 761 0.3075
414 762 0.3455
414 763 0.8131
414 764 0.5311
414 765 0.3075
414 766 0.5427
414 767 0.5427
414 768 0.8850
414 769 0.3075
414 770 0.7015
414 771 0.4399
414 772 0.5427
414 773 0.5427
414 775 0.8655
414 776 0.8727
414 777 0.5311
414 778 0.6650
414 779 0.3455
414 780 0.6737
414 781 0.2361
414 782 0.6149
414 783 0.6990
414 784 0.5311
414 785 0.6737
414 786 0.6328
414 787 0.4030
414 788 0.4768
414 789 0.7015
414 791 0.3455
414 792 0.2361
414 793 0.6461
414 794 0.6465
414 796 0.5427
414 797 0.3075
414 798 0.3075
414 799 0.8723
414 800 0.3075
414 801 0.7015
414 802 0.3075
414 803 0.6289
414 804 0.7989
414 805 0.8124
414 806 0.5427
414 807 0.5427
414 808 0.7806
414 809 0.3075
414 810 0.6943
414 811 0.7848
414 812 0.3075
414 813 0.8551
414 814 0.3075
414 815 0.4852
414 816 0.4494
414 817 0.5313
414 818 0.3075
414 819 0.6149
414 820 0.4494
414 821 0.8269
414 822 0.4494
414 823 0.7426
414 824 0.3075
414 825 0.9125
414 827 0.8163
414 828 0.5311
414 829 0.5311
414 830 0.3075
414 831 0.8675
414 832 0.9104
414 833 0.3075
414 834 0.7130
414 835 0.3075
414 836 0.7607
414 837 0.3455
414 838 0.8051
414 839 0.3075
414 840 0.3075
414 841 0.7818
414 842 0.3075
414 843 0.5427
414 844 0.3455
414 845 0.6990
414 846 0.8277
414 847 0.3455
414 848 0.6943
414 849 0.6688
414 850 0.4768
414 851 0.9877
414 852 0.5382
414 853 0.7124
414 854 0.3455
414 855 0.4852
414 856 0.4768
414 858 0.8920
414 859 0.3455
414 860 0.5311
414 861 0.6737
414 862 0.3075
414 864 0.7101
414 865 0.4852
414 866 0.6943
414 867 0.7669
414 868 0.6990
414 869 0.7773
414 870 0.7937
414 871 0.6563
414 872 0.9988
414 874 0.2361
414 875 0.2627
414 876 0.6990
414 877 0.3075
414 878 0.5311
414 880 0.7912
414 881 0.6933
414 882 0.5427
414 883 0.8600
414 884 0.3075
414 885 0.5427
414 886 0.5427
414 887 0.9071
414 888 0.3075
414 889 0.5427
414 890 0.4030
414 891 0.8944
414 892 0.3075
414 893 0.7691
414 894 0.7905
414 895 0.8279
414 896 0.3075
414 897 0.3455
414 898 0.8335
414 899 0.3075
414 900 0.3075
414 901 0.6465
414 903 0.7725
414 905 0.5427
414 906 0.3455
414 907 0.3075
414 908 0.7913
414 909 0.8812
414 910 0.3455
414 911 0.3075
414 912 0.2361
414 913 0.6990
414 914 0.4852
414 915 0.7897
414 916 0.3455
414 917 0.3075
414 918 0.6943
414 919 0.5427
414 920 0.6924
414 921 0.8216
414 922 0.4852
414 924 0.6943
414 925 0.3455
414 928 0.7905
414 929 0.7912
414 930 0.8639
414 932 0.3455
414 933 0.4768
414 934 0.5427
414 935 0.7934
414 936 0.5427
414 937 0.3455
414 938 0.6990
414 940 0.3455
414 941 0.3075
414 942 0.7045
414 943 0.5311
414 944 0.3075
414 946 0.4864
414 947 0.8151
414 948 0.3075
414 949 0.3455
414 950 0.6841
414 951 0.5427
414 952 0.8079
414 953 0.6880
414 954 0.4494
414 955 0.6650
414 956 0.3455
414 957 0.3075
414 958 0.5427
414 959 0.6465
414 960 0.9011
414 961 0.3075
414 963 0.3455
414 964 0.4768
414 965 0.5311
414 966 0.5311
414 967 0.6650
414 968 0.8352
414 969 0.5427
414 971 0.5427
414 972 0.3075
414 973 0.2627
414 974 0.9448
414 975 0.3455
414 976 0.4550
414 977 0.3075
414 978 0.5311
414 979 0.9476
414 980 0.5427
414 981 0.5427
414 982 0.3075
414 983 0.3075
414 984 0.3455
414 985 0.3075
414 986 0.2361
414 987 0.6289
414 989 0.6990
414 990 0.7691
414 991 0.3455
414 992 0.3455
414 993 0.9675
414 994 0.9421
414 995 0.9026
414 998 0.3455
414 999 0.5311
414 1000 0.3455
414 1001 0.3075
414 1002 0.6330
414 1003 0.8383
414 1004 0.9234
414 1005 0.3455
414 1006 0.5427
414 1007 0.8216
414 1008 0.5427
414 1010 0.3075
414 1012 0.3455
414 1013 0.3455
414 1014 0.7015
414 1015 0.4852
414 1016 0.3075
414 1017 0.4852
414 1018 0.3075
414 1019 0.3455
414 1020 0.7905
414 1022 0.5899
414 1023 0.8461
414 1024 0.6990
414 1025 0.3075
414 1026 0.3075
414 1027 0.5969
414 1028 0.5427
414 1029 0.8511
414 1030 0.7913
414 1031 0.3455
414 1032 0.7015
414 1033 0.8058
414 1034 0.2361
414 1035 0.3455
414 1036 0.5734
414 1037 0.5427
414 1038 0.3075
414 1039 0.5311
414 1040 0.3455
414 1041 0.3455
414 1042 0.6990
414 1043 0.2627
414 1044 0.3455
414 1045 0.5427
414 1046 0.5311
414 1047 0.6841
414 1048 0.8046
414 1049 0.6649
414 1050 0.3075
414 1051 0.3455
414 1052 0.3075
414 1053 0.2627
414 1054 0.3075
414 1055 0.4494
414 1056 0.6149
414 1057 0.5868
414 1058 0.3075
414 1059 0.5427
414 1060 0.5969
414 1061 0.2361
414 1062 0.6943
414 1063 0.8768
414 1064 0.3455
414 1065 0.6388
414 1066 0.7913
414 1067 0.8461
414 1068 0.8984
414 1069 0.3455
414 1070 0.4852
414 1071 0.5382
414 1072 0.2627
414 1073 0.3455
414 1075 0.5311
414 1076 0.2361
414 1077 0.5427
414 1078 0.3455
414 1079 0.6486
414 1080 0.4494
414 1081 0.3455
414 1082 0.5311
414 1083 0.9400
414 1084 0.7263
414 1085 0.3075
414 1087 0.3075
414 1089 0.3075
414 1090 0.8531
414 1092 0.3455
414 1093 0.6943
414 1094 0.3455
414 1095 0.3455
414 1096 0.3455
414 1099 0.9865
414 1102 0.3075
414 1103 0.5427
414 1104 0.6056
414 1105 0.9092
414 1106 0.4852
414 1107 0.3075
414 1108 0.5514
414 1109 0.5427
414 1110 0.3075
414 1111 0.5427
414 1114 0.5382
414 1115 0.3075
414 1116 0.5311
414 1117 0.6737
414 1118 0.3075
414 1119 0.5427
414 1120 0.3075
414 1121 0.3455
414 1122 0.2361
414 1123 0.5427
414 1124 0.3075
414 1125 0.4080
414 1126 0.3455
414 1127 0.3075
414 1128 0.8142
414 1129 0.4852
414 1130 0.8269
414 1131 0.3075
414 1132 0.4768
414 1133 0.6943
414 1134 0.3455
414 1135 0.9471
414 1136 0.3075
414 1138 0.8146
414 1139 0.3455
414 1141 0.5283
414 1142 0.7015
414 1143 0.7699
414 1144 0.3455
414 1145 0.3075
414 1146 0.5311
414 1147 0.7328
414 1148 0.3455
414 1149 0.3455
414 1150 0.9010
414 1151 0.3075
414 1152 0.9356
414 1153 0.4768
414 1154 0.9384
414 1155 0.3075
414 1156 0.4768
414 1157 0.3075
414 1158 0.3075
414 1159 0.3075
414 1160 0.3075
414 1161 0.3574
414 1162 0.5311
414 1163 0.7284
414 1165 0.3075
414 1166 0.3075
414 1167 0.3574
414 1169 0.8633
414 1170 0.3455
414 1172 0.3075
414 1174 0.5427
414 1176 0.5427
414 1177 0.5427
414 1178 0.3075
414 1180 0.8744
414 1181 0.5427
414 1182 0.5311
414 1183 0.3455
414 1184 0.3455
414 1185 0.4535
414 1186 0.5311
414 1187 0.7042
414 1188 0.3075
414 1189 0.6990
414 1191 0.6934
414 1192 0.3075
414 1193 0.9119
414 1194 0.3455
414 1195 0.5311
414 1196 0.3075
414 1197 0.6737
414 1198 0.3075
414 1199 0.6990
414 1200 0.6990
414 1201 0.5427
414 1202 0.6465
414 1203 0.5427
414 1204 0.4852
414 1205 0.3455
414 1206 0.8587
414 1207 0.5427
414 1208 0.5382
414 1209 0.3075
414 1210 0.7470
414 1211 0.8280
414 1212 0.3455
414 1213 0.4494
414 1214 0.3455
414 1215 0.3455
414 1216 0.3075
414 1217 0.7015
414 1218 0.3075
414 1219 0.4494
414 1220 0.3075
414 1221 0.5427
414 1222 0.3075
414 1223 0.6465
414 1224 0.3455
414 1225 0.9333
414 1226 0.7699
414 1227 0.2627
414 1228 0.2361
414 1229 0.8258
414 1231 0.2361
414 1233 0.5427
414 1235 0.6465
414 1236 0.3455
414 1237 0.3455
414 1239 0.3455
414 1240 0.8724
414 1241 0.4080
414 1242 0.8267
414 1243 0.3455
414 1244 0.3455
414 1245 0.3075
414 1246 0.3075
414 1247 0.7404
414 1248 0.5311
414 1250 0.5427
414 1251 0.4852
414 1252 0.4494
414 1253 0.3075
414 1254 0.4494
414 1255 0.3075
414 1256 0.3075
414 1257 0.3455
414 1258 0.8832
414 1259 0.6737
414 1260 0.6990
414 1262 0.5427
414 1263 0.6465
414 1265 0.6990
414 1266 0.3075
414 1267 0.3455
414 1268 0.6990
414 1269 0.8082
414 1270 0.5311
414 1271 0.4551
414 1272 0.3075
414 1274 0.3075
414 1275 0.8228
414 1276 0.5427
414 1278 0.5427
414 1279 0.2627
414 1280 0.5427
414 1281 0.3075
414 1282 0.4494
414 1283 0.4494
414 1284 0.5427
414 1286 0.7881
414 1287 0.6149
414 1288 0.4852
414 1289 0.5427
414 1290 0.3075
414 1291 0.4030
414 1292 0.9291
414 1293 0.3075
414 1295 0.3455
414 1296 0.2361
414 1297 0.3075
414 1298 0.6563
414 1299 0.3455
414 1300 0.2361
414 1301 0.4852
414 1302 0.3455
414 1303 0.7246
414 1304 0.4768
414 1305 0.6149
414 1306 0.2361
414 1307 0.2627
414 1308 0.3075
414 1310 0.2627
414 1311 0.5427
414 1312 0.5382
414 1313 0.3075
414 1315 0.3075
414 1316 0.9934
414 1318 0.3075
414 1319 0.2361
414 1320 0.3075
414 1323 0.5427
414 1324 0.3455
414 1325 0.3455
414 1326 0.6943
414 1327 0.3075
414 1328 0.3075
414 1329 0.3075
414 1330 0.5311
414 1331 0.5427
414 1332 0.3455
414 1333 0.2627
414 1334 0.3075
414 1335 0.3075
414 1336 0.3075
414 1337 0.3075
414 1339 0.3075
414 1340 0.3075
414 1341 0.3455
414 1342 0.7793
414 1343 0.3075
414 1344 0.5311
414 1345 0.3455
414 1346 0.4494
414 1347 0.3075
414 1348 0.5311
414 1349 0.4768
414 1350 0.3075
414 1351 0.3455
414 1352 0.3455
414 1353 0.2361
414 1354 0.5382
414 1355 0.3455
414 1356 0.3075
414 1357 0.3075
414 1358 0.3455
414 1359 0.3455
414 1360 0.2627
414 1361 0.4494
414 1362 0.6943
414 1363 0.5427
414 1364 0.3455
414 1365 0.3455
414 1366 0.3455
414 1367 0.5311
414 1368 0.5427
414 1369 0.8478
414 1370 0.9171
414 1371 0.3455
414 1372 0.6737
414 1373 0.3455
414 1374 0.3455
414 1376 0.3455
414 1377 0.2361
414 1379 0.3455
414 1380 0.6943
414 1381 0.3455
414 1382 0.3075
414 1383 0.3075
414 1384 0.3455
414 1385 0.3455
414 1386 0.6990
414 1387 0.4852
414 1388 0.5427
414 1389 0.4852
414 1390 0.5427
414 1392 0.3455
414 1393 0.3455
414 1394 0.5427
414 1395 0.3455
414 1396 0.5311
414 1397 0.5676
414 1398 0.6990
414 1399 0.3075
414 1401 0.3455
414 1402 0.6943
414 1405 0.5427
414 1406 0.3455
414 1407 0.6943
414 1408 0.3455
414 1409 0.5427
414 1410 0.3075
414 1411 0.3075
414 1412 0.3075
414 1413 0.3455
414 1414 0.3455
414 1415 0.4494
414 1416 0.5427
414 1418 0.2361
414 1419 0.6465
414 1421 0.7328
414 1422 0.3455
414 1423 0.3455
414 1424 0.3075
414 1425 0.6973
414 1426 0.8457
414 1427 0.6841
414 1428 0.3455
414 1430 0.5382
414 1431 0.5382
414 1433 0.5283
414 1434 0.9984
414 1435 0.9722
414 1436 0.5283
414 1437 0.8017
414 1438 0.8339
414 1439 0.8046
414 1440 0.9175
414 1441 0.6378
414 1445 0.5514
414 1446 0.4768
414 1448 0.5427
414 1449 0.5311
414 1451 0.3455
414 1452 0.5427
414 1453 0.3455
414 1454 0.3455
414 1455 0.3455
414 1456 0.5427
414 1457 0.3075
414 1458 0.3075
414 1459 0.3455
414 1460 0.5427
414 1461 0.2361
414 1462 0.3075
414 1463 0.3075
414 1464 0.5427
414 1465 0.3075
414 1466 0.7124
414 1468 0.3455
414 1470 0.3075
414 1472 0.4494
414 1473 0.5427
414 1474 0.3075
414 1476 0.6943
414 1477 0.3075
414 1478 0.3455
414 1479 0.7626
414 1481 0.3455
414 1482 0.3075
414 1484 0.5382
414 1485 0.6465
414 1486 0.2361
414 1487 0.3075
414 1490 0.5427
414 1491 0.3075
414 1493 0.6737
414 1494 0.3075
414 1495 0.3455
414 1496 0.3075
414 1497 0.3455
414 1498 0.3455
414 1499 0.5427
414 1500 0.3455
414 1501 0.3455
414 1503 0.5311
414 1504 0.7015
414 1505 0.5427
414 1506 0.3455
414 1507 0.3455
414 1510 0.3455
414 1511 0.3455
414 1512 0.5311
414 1513 0.5427
414 1514 0.3455
414 1515 0.3075
414 1516 0.7015
414 1517 0.3455
414 1518 0.5427
414 1519 0.6974
414 1520 0.9189
414 1522 0.5427
414 1525 0.3455
414 1526 0.8666
414 1527 0.5311
414 1528 0.3455
414 1529 0.7015
414 1530 0.7482
414 1531 0.3455
414 1532 0.5427
414 1534 0.3075
414 1535 0.3075
414 1536 0.4030
414 1537 0.3455
414 1538 0.7079
414 1540 0.3075
414 1541 0.5427
414 1542 0.3455
414 1544 0.3455
414 1545 0.3075
414 1546 0.5427
414 1547 0.5311
414 1548 0.6465
414 1549 0.5283
414 1550 0.3075
414 1551 0.5868
414 1552 0.3455
414 1554 0.3455
414 1555 0.3075
414 1556 0.3455
414 1560 0.2361
414 1562 0.3075
414 1565 0.3455
414 1566 0.3455
414 1567 0.3075
414 1568 0.3075
414 1569 0.6943
414 1570 0.4494
414 1571 0.3075
414 1572 0.5427
414 1573 0.3075
414 1574 0.5427
414 1575 0.3075
414 1576 0.3455
414 1577 0.5427
414 1578 0.5311
414 1579 0.3075
414 1580 0.5311
414 1581 0.3075
414 1582 0.3075
414 1583 0.5311
414 1584 0.3455
414 1585 0.6149
414 1586 0.3455
414 1587 0.3075
414 1588 0.7015
414 1589 0.3075
414 1590 0.5427
414 1591 0.4852
414 1592 0.3075
414 1593 0.6486
414 1595 0.2627
414 1596 0.3455
414 1597 0.3455
414 1598 0.5427
414 1599 0.5427
414 1601 0.3075
414 1602 0.3075
414 1603 0.5427
414 1604 0.3455
414 1605 0.3075
414 1606 0.6465
414 1607 0.3075
414 1608 0.8267
414 1609 0.3455
414 1610 0.4494
414 1611 0.3455
414 1612 0.5427
414 1613 0.8758
414 1614 0.5427
414 1615 0.4768
414 1616 0.3075
414 1618 0.8724
414 1619 0.6737
414 1621 0.7997
414 1622 0.9481
414 1623 0.5427
414 1624 0.7015
414 1625 0.3455
414 1626 0.3075
414 1627 0.2361
414 1628 0.2627
414 1630 0.5427
414 1632 0.3455
414 1633 0.4852
414 1634 0.5311
414 1635 0.3455
414 1636 0.3075
414 1637 0.5311
414 1638 0.2361
414 1639 0.3455
414 1640 0.3075
414 1641 0.4494
414 1642 0.3075
414 1643 0.3075
414 1644 0.3075
414 1645 0.5427
414 1646 0.4494
414 1647 0.4494
414 1648 0.3455
414 1649 0.5311
414 1650 0.3075
414 1651 0.3455
414 1652 0.5382
414 1653 0.6990
414 1654 0.5427
414 1655 0.5311
414 1657 0.3455
414 1658 0.3075
414 1659 0.3075
414 1660 0.6149
414 1661 0.5427
414 1662 0.3455
414 1663 0.3075
414 1664 0.3455
414 1665 0.3455
414 1666 0.3075
414 1667 0.3455
414 1668 0.6465
414 1669 0.3455
414 1670 0.3455
414 1671 0.3455
414 1672 0.3455
414 1673 0.3075
414 1674 0.6990
414 1675 0.3455
414 1676 0.4494
414 1677 0.3075
414 1678 0.6990
414 1679 0.3075
414 1680 0.3075
414 1681 0.3455
414 1682 0.3455
414 1683 0.4080
414 1684 0.4768
414 1685 0.3455
414 1686 0.3455
414 1687 0.3455
414 1688 0.3455
414 1689 0.9496
414 1691 0.4852
414 1692 0.5427
414 1693 0.3455
414 1694 0.6465
414 1695 0.3455
414 1696 0.3075
414 1697 0.3455
414 1698 0.3075
414 1699 0.3075
414 1700 0.3075
414 1701 0.3075
414 1702 0.5382
414 1703 0.4768
414 1704 0.5165
414 1705 0.5382
414 1706 0.7127
414 1707 0.8040
414 1708 0.5382
414 1709 0.3075
414 1710 0.3455
414 1711 0.5514
414 1712 0.9993
414 1713 0.8497
414 1714 0.4852
414 1715 0.2627
414 1716 0.2361
414 1717 0.9992
414 1718 0.3075
414 1719 0.4768
414 1720 0.6943
414 1721 0.4494
414 1722 0.3455
414 1723 0.4828
414 1724 0.3455
414 1725 0.3455
414 1726 0.4768
414 1729 0.3075
415 416 0.7327
415 417 0.8925
415 418 0.7311
415 419 0.7195
415 420 0.7890
415 421 0.7697
415 422 0.7311
415 423 0.8551
415 424 0.8511
415 425 0.8231
415 426 0.7195
415 427 0.7890
415 428 0.8012
415 429 0.7195
415 430 0.7195
415 431 0.7482
415 432 0.7482
415 433 0.7649
415 434 0.9578
415 435 0.7890
415 436 0.8246
415 437 0.7195
415 438 0.9713
415 439 0.7697
415 440 0.7482
415 441 0.8163
415 442 0.8663
415 443 0.8370
415 444 0.7482
415 445 0.6912
415 447 0.8614
415 448 0.7195
415 449 0.9573
415 450 0.8059
415 451 0.7482
415 452 0.7741
415 453 0.8522
415 454 0.9419
415 455 0.8819
415 456 0.8414
415 457 0.8549
415 458 0.8144
415 459 0.7482
415 460 0.8144
415 461 0.9363
415 462 0.7195
415 463 0.8793
415 464 0.8723
415 465 0.7311
415 466 0.9155
415 467 0.7311
415 468 0.6997
415 469 0.8581
415 470 0.9157
415 471 0.8616
415 472 0.8758
415 474 0.8161
415 475 0.8200
415 476 0.8739
415 478 0.8924
415 479 0.7482
415 480 0.8809
415 481 0.7311
415 482 0.7926
415 484 0.8259
415 485 0.7838
415 486 0.7195
415 487 0.7482
415 488 0.7051
415 489 0.7311
415 490 0.7273
415 491 0.7083
415 492 0.8258
415 493 0.7195
415 494 0.7533
415 495 0.8928
415 496 0.8067
415 497 0.8649
415 498 0.8355
415 499 0.8541
415 500 0.7195
415 501 0.7482
415 502 0.7195
415 503 0.7482
415 504 0.7482
415 505 0.7838
415 506 0.8200
415 507 0.7210
415 508 0.7697
415 509 0.7482
415 510 0.7482
415 511 0.9768
415 512 0.7890
415 513 0.6869
415 514 0.8439
415 515 0.8135
415 516 0.8542
415 517 0.7533
415 518 0.8777
415 519 0.8067
415 520 0.7533
415 521 0.7697
415 522 0.7697
415 523 0.7533
415 524 0.7195
415 525 0.8925
415 526 0.7890
415 527 0.7533
415 528 0.7311
415 529 0.8059
415 530 0.7927
415 531 0.7697
415 532 0.7195
415 533 0.7697
415 534 0.8194
415 535 0.6912
415 536 0.8955
415 537 0.8144
415 538 0.7195
415 539 0.7927
415 540 0.8664
415 541 0.7649
415 542 0.7890
415 543 0.7482
415 544 0.8144
415 545 0.7482
415 546 0.7890
415 548 0.7730
415 549 0.9366
415 550 0.7482
415 551 0.7697
415 552 0.8552
415 553 0.7697
415 554 0.8997
415 555 0.9258
415 556 0.8059
415 557 0.8616
415 558 0.8832
415 559 0.7311
415 560 0.8702
415 561 0.9408
415 562 0.7311
415 563 0.7827
415 564 0.7674
415 565 0.7482
415 566 0.7195
415 567 0.8522
415 568 0.9795
415 569 0.7890
415 570 0.8106
415 571 0.8931
415 572 0.8991
415 573 0.8832
415 574 0.7311
415 575 0.7649
415 576 0.7781
415 577 0.8783
415 578 0.7840
415 579 0.8259
415 581 0.7195
415 582 0.7890
415 583 0.7311
415 584 0.6425
415 585 0.8200
415 586 0.9030
415 587 0.8511
415 589 0.8552
415 590 0.8913
415 591 0.6869
415 592 0.8439
415 593 0.8059
415 594 0.7311
415 595 0.7311
415 598 0.7697
415 599 0.7482
415 600 0.8259
415 601 0.8578
415 602 0.7533
415 604 0.6869
415 605 0.7482
415 606 0.7890
415 607 0.7832
415 608 0.7311
415 609 0.8819
415 610 0.7867
415 611 0.7195
415 612 0.7327
415 613 0.7926
415 614 0.9194
415 616 0.7482
415 617 0.7273
415 618 0.8267
415 619 0.8480
415 620 0.8059
415 621 0.8823
415 622 0.9079
415 623 0.7697
415 624 0.8840
415 625 0.9114
415 626 0.8292
415 627 0.8317
415 628 0.8356
415 629 0.7890
415 630 0.7482
415 631 0.7763
415 632 0.7649
415 633 0.8484
415 634 0.7533
415 635 0.7482
415 636 0.7697
415 637 0.8316
415 638 0.7311
415 639 0.9680
415 640 0.8059
415 641 0.7195
415 642 0.8647
415 643 0.9475
415 644 0.8059
415 645 0.7926
415 646 0.6869
415 647 0.7838
415 648 0.7649
415 649 0.7195
415 650 0.9293
415 651 0.7062
415 652 0.7533
415 653 0.7502
415 654 0.8697
415 655 0.8144
415 656 0.8826
415 657 0.7482
415 658 0.8678
415 659 0.8237
415 660 0.7327
415 661 0.7273
415 662 0.7890
415 663 0.7697
415 664 0.8848
415 666 0.6869
415 667 0.8566
415 668 0.7697
415 669 0.7697
415 670 0.7482
415 671 0.8312
415 672 0.7416
415 673 0.7697
415 674 0.6869
415 675 0.7697
415 676 0.9484
415 677 0.7697
415 678 0.7697
415 679 0.7527
415 680 0.7697
415 681 0.7195
415 683 0.9012
415 684 0.8689
415 685 0.8922
415 686 0.7926
415 687 0.8067
415 688 0.7697
415 689 0.9329
415 690 0.6869
415 691 0.9158
415 692 0.7511
415 693 0.7195
415 694 0.8506
415 695 0.9019
415 696 0.7482
415 697 0.7890
415 698 0.7615
415 699 0.9207
415 700 0.6869
415 701 0.7195
415 702 0.7894
415 703 0.8782
415 704 0.6869
415 705 0.7195
415 706 0.8355
415 707 0.6679
415 708 0.9007
415 709 0.7533
415 710 0.8078
415 711 0.8834
415 712 0.7533
415 713 0.6869
415 714 0.9236
415 715 0.7195
415 716 0.7195
415 717 0.7273
415 718 0.8267
415 720 0.7195
415 721 0.9079
415 722 0.7200
415 723 0.8161
415 724 0.7327
415 726 0.9037
415 727 0.7890
415 728 0.7817
415 729 0.7482
415 730 0.7195
415 731 0.8067
415 732 0.8998
415 733 0.7674
415 734 0.7697
415 735 0.8267
415 736 0.8701
415 737 0.8617
415 738 0.7927
415 740 0.7482
415 741 0.8910
415 742 0.8826
415 743 0.8439
415 744 0.7855
415 745 0.7482
415 746 0.8370
415 747 0.7926
415 748 0.9506
415 749 0.7195
415 750 0.9352
415 751 0.7927
415 752 0.8312
415 753 0.7890
415 754 0.8161
415 755 0.7596
415 756 0.7482
415 757 0.7890
415 758 0.7697
415 759 0.7311
415 760 0.7527
415 761 0.8059
415 762 0.7195
415 763 0.8937
415 764 0.8552
415 765 0.7482
415 766 0.7697
415 767 0.7697
415 768 0.9292
415 769 0.7482
415 770 0.9064
415 771 0.6981
415 772 0.7697
415 773 0.7697
415 775 0.7163
415 776 0.8249
415 777 0.7890
415 778 0.8067
415 779 0.8161
415 780 0.7890
415 781 0.7327
415 782 0.7649
415 783 0.8144
415 784 0.7890
415 785 0.7890
415 786 0.7798
415 787 0.7273
415 788 0.8059
415 789 0.9083
415 791 0.7195
415 792 0.7327
415 793 0.9122
415 794 0.7926
415 796 0.7697
415 797 0.7482
415 798 0.7482
415 799 0.7779
415 800 0.7482
415 801 0.8267
415 802 0.7482
415 803 0.7832
415 804 0.8498
415 805 0.7102
415 806 0.7697
415 807 0.7697
415 808 0.8448
415 809 0.7482
415 810 0.7697
415 811 0.9544
415 812 0.7482
415 813 0.8917
415 814 0.7482
415 815 0.7533
415 816 0.7311
415 817 0.7409
415 818 0.7482
415 819 0.7649
415 820 0.7311
415 821 0.8739
415 822 0.7311
415 823 0.9411
415 824 0.7482
415 825 0.9238
415 827 0.7743
415 828 0.7890
415 829 0.8552
415 830 0.7482
415 831 0.7905
415 832 0.8835
415 833 0.7482
415 834 0.8078
415 835 0.7482
415 836 0.8200
415 837 0.7195
415 838 0.7122
415 839 0.7482
415 840 0.7482
415 841 0.8743
415 842 0.7482
415 843 0.8566
415 844 0.7195
415 845 0.8986
415 846 0.7409
415 847 0.7195
415 848 0.8797
415 849 0.6814
415 850 0.7482
415 851 0.9739
415 852 0.7195
415 853 0.7311
415 854 0.7195
415 855 0.7533
415 856 0.7482
415 858 0.8830
415 859 0.7195
415 860 0.8552
415 861 0.7890
415 862 0.8059
415 864 0.7311
415 865 0.8581
415 866 0.9066
415 867 0.8405
415 868 0.8144
415 869 0.8455
415 870 0.6860
415 871 0.7773
415 872 0.9986
415 874 0.7327
415 875 0.6869
415 876 0.8793
415 877 0.7482
415 878 0.7890
415 880 0.8511
415 881 0.6679
415 882 0.7697
415 883 0.7781
415 884 0.7482
415 885 0.7697
415 886 0.9079
415 887 0.9277
415 888 0.7482
415 889 0.7697
415 890 0.9256
415 891 0.9034
415 892 0.7482
415 893 0.8259
415 894 0.8543
415 895 0.8144
415 896 0.7482
415 897 0.7195
415 898 0.8241
415 899 0.7482
415 900 0.7482
415 901 0.7926
415 903 0.8410
415 905 0.7697
415 906 0.7195
415 907 0.7482
415 908 0.8439
415 909 0.8408
415 910 0.7195
415 911 0.7482
415 912 0.7327
415 913 0.8144
415 914 0.7533
415 915 0.8533
415 916 0.7195
415 917 0.7482
415 918 0.7697
415 919 0.7838
415 920 0.7533
415 921 0.7649
415 922 0.7533
415 924 0.7697
415 925 0.7195
415 928 0.8144
415 929 0.8511
415 930 0.7604
415 932 0.8161
415 933 0.7482
415 934 0.7697
415 935 0.7743
415 936 0.8566
415 937 0.7195
415 938 0.8793
415 940 0.7195
415 941 0.8059
415 942 0.7023
415 943 0.7890
415 944 0.7482
415 946 0.8795
415 947 0.7743
415 948 0.7482
415 949 0.7195
415 950 0.6912
415 951 0.7697
415 952 0.8767
415 953 0.9679
415 954 0.7311
415 955 0.8766
415 956 0.7195
415 957 0.7482
415 958 0.7697
415 959 0.7926
415 960 0.9753
415 961 0.7482
415 963 0.7195
415 964 0.7482
415 965 0.8552
415 966 0.7890
415 967 0.8506
415 968 0.9176
415 969 0.7697
415 971 0.7697
415 972 0.8378
415 973 0.8230
415 974 0.9951
415 975 0.7651
415 976 0.7023
415 977 0.8059
415 978 0.7890
415 979 0.9029
415 980 0.8566
415 981 0.8697
415 982 0.7482
415 983 0.7482
415 984 0.7195
415 985 0.8059
415 986 0.7327
415 987 0.9258
415 989 0.8144
415 990 0.9263
415 991 0.7195
415 992 0.7195
415 993 0.9532
415 994 0.8738
415 995 0.8790
415 998 0.7195
415 999 0.8689
415 1000 0.7195
415 1001 0.7482
415 1002 0.7852
415 1003 0.8125
415 1004 0.8125
415 1005 0.7195
415 1006 0.7697
415 1007 0.9244
415 1008 0.7697
415 1010 0.7482
415 1012 0.7195
415 1013 0.7195
415 1014 0.9233
415 1015 0.7533
415 1016 0.7482
415 1017 0.7533
415 1018 0.7482
415 1019 0.7195
415 1020 0.8144
415 1022 0.8570
415 1023 0.8818
415 1024 0.8231
415 1025 0.7482
415 1026 0.8059
415 1027 0.9314
415 1028 0.7697
415 1029 0.6764
415 1030 0.8439
415 1031 0.7195
415 1032 0.8267
415 1033 0.9297
415 1034 0.7327
415 1035 0.7195
415 1036 0.7627
415 1037 0.7697
415 1038 0.7482
415 1039 0.9072
415 1040 0.8161
415 1041 0.7195
415 1042 0.8793
415 1043 0.6869
415 1044 0.7195
415 1045 0.7697
415 1046 0.7890
415 1047 0.6912
415 1048 0.8720
415 1049 0.6662
415 1050 0.7482
415 1051 0.7195
415 1052 0.7482
415 1053 0.6869
415 1054 0.7482
415 1055 0.7311
415 1056 0.9205
415 1057 0.8693
415 1058 0.7482
415 1059 0.7697
415 1060 0.8507
415 1061 0.7327
415 1062 0.7697
415 1063 0.8990
415 1064 0.7195
415 1065 0.7311
415 1066 0.8439
415 1067 0.8511
415 1068 0.9189
415 1069 0.7195
415 1070 0.8755
415 1071 0.7195
415 1072 0.6869
415 1073 0.7195
415 1075 0.7890
415 1076 0.7327
415 1077 0.8566
415 1078 0.7195
415 1079 0.9205
415 1080 0.7311
415 1081 0.7195
415 1082 0.8688
415 1083 0.9439
415 1084 0.7273
415 1085 0.7482
415 1087 0.8059
415 1089 0.7482
415 1090 0.7661
415 1092 0.7195
415 1093 0.7697
415 1094 0.8733
415 1095 0.7195
415 1096 0.7195
415 1099 0.9883
415 1102 0.7482
415 1103 0.8566
415 1104 0.7743
415 1105 0.9250
415 1106 0.7533
415 1107 0.7482
415 1108 0.7482
415 1109 0.7697
415 1110 0.7482
415 1111 0.7697
415 1114 0.7195
415 1115 0.7482
415 1116 0.7890
415 1117 0.7890
415 1118 0.7482
415 1119 0.8566
415 1120 0.7482
415 1121 0.7195
415 1122 0.7327
415 1123 0.7697
415 1124 0.7482
415 1125 0.6912
415 1126 0.7195
415 1127 0.8694
415 1128 0.8668
415 1129 0.8148
415 1130 0.8259
415 1131 0.7482
415 1132 0.7482
415 1133 0.7697
415 1134 0.7195
415 1135 0.9868
415 1136 0.7482
415 1138 0.7273
415 1139 0.7195
415 1141 0.6869
415 1142 0.8267
415 1143 0.8720
415 1144 0.7195
415 1145 0.7482
415 1146 0.7890
415 1147 0.6912
415 1148 0.7195
415 1149 0.7195
415 1150 0.8835
415 1151 0.8059
415 1152 0.9403
415 1153 0.7482
415 1154 0.8468
415 1155 0.7482
415 1156 0.7482
415 1157 0.7482
415 1158 0.7482
415 1159 0.7482
415 1160 0.7482
415 1161 0.7062
415 1162 0.7890
415 1163 0.8524
415 1165 0.7482
415 1166 0.7482
415 1167 0.9134
415 1169 0.8815
415 1170 0.7195
415 1172 0.7482
415 1174 0.8819
415 1176 0.7697
415 1177 0.7697
415 1178 0.7482
415 1180 0.9191
415 1181 0.7697
415 1182 0.7890
415 1183 0.7195
415 1184 0.7195
415 1185 0.7697
415 1186 0.7890
415 1187 0.6845
415 1188 0.7482
415 1189 0.8144
415 1191 0.6837
415 1192 0.7482
415 1193 0.7061
415 1194 0.7195
415 1195 0.8258
415 1196 0.7482
415 1197 0.8552
415 1198 0.7482
415 1199 0.9357
415 1200 0.8144
415 1201 0.7697
415 1202 0.7926
415 1203 0.7697
415 1204 0.7533
415 1205 0.7195
415 1206 0.8616
415 1207 0.7697
415 1208 0.7195
415 1209 0.7482
415 1210 0.8994
415 1211 0.8637
415 1212 0.7195
415 1213 0.8647
415 1214 0.7195
415 1215 0.7195
415 1216 0.7482
415 1217 0.8267
415 1218 0.8448
415 1219 0.7311
415 1220 0.7482
415 1221 0.7697
415 1222 0.7482
415 1223 0.7926
415 1224 0.7195
415 1225 0.9278
415 1226 0.8636
415 1227 0.6869
415 1228 0.7327
415 1229 0.8267
415 1231 0.7327
415 1233 0.7697
415 1235 0.8483
415 1236 0.7195
415 1237 0.7195
415 1239 0.7195
415 1240 0.9019
415 1241 0.6912
415 1242 0.8762
415 1243 0.7195
415 1244 0.7195
415 1245 0.7482
415 1246 0.7482
415 1247 0.8009
415 1248 0.7890
415 1250 0.8566
415 1251 0.7533
415 1252 0.7311
415 1253 0.8059
415 1254 0.8723
415 1255 0.8430
415 1256 0.7482
415 1257 0.7195
415 1258 0.9319
415 1259 0.8688
415 1260 0.9473
415 1262 0.7697
415 1263 0.8827
415 1265 0.8793
415 1266 0.7482
415 1267 0.7195
415 1268 0.8936
415 1269 0.9260
415 1270 0.8688
415 1271 0.9022
415 1272 0.8378
415 1274 0.8378
415 1275 0.8737
415 1276 0.8625
415 1278 0.8625
415 1279 0.8414
415 1280 0.7697
415 1281 0.7482
415 1282 0.7311
415 1283 0.7311
415 1284 0.7697
415 1286 0.8267
415 1287 0.7649
415 1288 0.7533
415 1289 0.7697
415 1290 0.7482
415 1291 0.7273
415 1292 0.9057
415 1293 0.7482
415 1295 0.7195
415 1296 0.7327
415 1297 0.7482
415 1298 0.7773
415 1299 0.7195
415 1300 0.7327
415 1301 0.7533
415 1302 0.7195
415 1303 0.8137
415 1304 0.7482
415 1305 0.7649
415 1306 0.7327
415 1307 0.6869
415 1308 0.7482
415 1310 0.6869
415 1311 0.7697
415 1312 0.7195
415 1313 0.7482
415 1315 0.7482
415 1316 0.9832
415 1318 0.7482
415 1319 0.7327
415 1320 0.7482
415 1323 0.7697
415 1324 0.7195
415 1325 0.7195
415 1326 0.7697
415 1327 0.7482
415 1328 0.8059
415 1329 0.7482
415 1330 0.7890
415 1331 0.7697
415 1332 0.7195
415 1333 0.6869
415 1334 0.7482
415 1335 0.7482
415 1336 0.7482
415 1337 0.7482
415 1339 0.8059
415 1340 0.7482
415 1341 0.7195
415 1342 0.8460
415 1343 0.7482
415 1344 0.7890
415 1345 0.7195
415 1346 0.7311
415 1347 0.7482
415 1348 0.7890
415 1349 0.7482
415 1350 0.7482
415 1351 0.7195
415 1352 0.7195
415 1353 0.7327
415 1354 0.7195
415 1355 0.7195
415 1356 0.7482
415 1357 0.7482
415 1358 0.7195
415 1359 0.7195
415 1360 0.6869
415 1361 0.8123
415 1362 0.7697
415 1363 0.7697
415 1364 0.7195
415 1365 0.7195
415 1366 0.7195
415 1367 0.7890
415 1368 0.7697
415 1369 0.8832
415 1370 0.9128
415 1371 0.7195
415 1372 0.7890
415 1373 0.7195
415 1374 0.7195
415 1376 0.7195
415 1377 0.7327
415 1379 0.7195
415 1380 0.7697
415 1381 0.7195
415 1382 0.7482
415 1383 0.7482
415 1384 0.7195
415 1385 0.7195
415 1386 0.8836
415 1387 0.8148
415 1388 0.7838
415 1389 0.8716
415 1390 0.7697
415 1392 0.7195
415 1393 0.8551
415 1394 0.7838
415 1395 0.7195
415 1396 0.8258
415 1397 0.9231
415 1398 0.9115
415 1399 0.8059
415 1401 0.7195
415 1402 0.8566
415 1405 0.7838
415 1406 0.8161
415 1407 0.7697
415 1408 0.7195
415 1409 0.8566
415 1410 0.7482
415 1411 0.8059
415 1412 0.7927
415 1413 0.7195
415 1414 0.7195
415 1415 0.8886
415 1416 0.8566
415 1418 0.7327
415 1419 0.8483
415 1421 0.6912
415 1422 0.7195
415 1423 0.7195
415 1424 0.7482
415 1425 0.7273
415 1426 0.8841
415 1427 0.6912
415 1428 0.7195
415 1430 0.7195
415 1431 0.7195
415 1433 0.6869
415 1434 0.9889
415 1435 0.9497
415 1436 0.6869
415 1437 0.7649
415 1438 0.8658
415 1439 0.8067
415 1440 0.9272
415 1441 0.7533
415 1445 0.8059
415 1446 0.7482
415 1448 0.7697
415 1449 0.7890
415 1451 0.7195
415 1452 0.7697
415 1453 0.7195
415 1454 0.7195
415 1455 0.7195
415 1456 0.7697
415 1457 0.7482
415 1458 0.7482
415 1459 0.7195
415 1460 0.8697
415 1461 0.7327
415 1462 0.8059
415 1463 0.7482
415 1464 0.7697
415 1465 0.7482
415 1466 0.7311
415 1468 0.7195
415 1470 0.7482
415 1472 0.7311
415 1473 0.7697
415 1474 0.7482
415 1476 0.7697
415 1477 0.8448
415 1478 0.8161
415 1479 0.8067
415 1481 0.7195
415 1482 0.7482
415 1484 0.7195
415 1485 0.7926
415 1486 0.7327
415 1487 0.7482
415 1490 0.7697
415 1491 0.7482
415 1493 0.7890
415 1494 0.7482
415 1495 0.7195
415 1496 0.8059
415 1497 0.7195
415 1498 0.7195
415 1499 0.8566
415 1500 0.7195
415 1501 0.7195
415 1503 0.7890
415 1504 0.8267
415 1505 0.7697
415 1506 0.7195
415 1507 0.7195
415 1510 0.7195
415 1511 0.8161
415 1512 0.7890
415 1513 0.8566
415 1514 0.7195
415 1515 0.7482
415 1516 0.8267
415 1517 0.7195
415 1518 0.8566
415 1519 0.8140
415 1520 0.9815
415 1522 0.7697
415 1525 0.7195
415 1526 0.6886
415 1527 0.7890
415 1528 0.7195
415 1529 0.8267
415 1530 0.8023
415 1531 0.7195
415 1532 0.7838
415 1534 0.8059
415 1535 0.7482
415 1536 0.7273
415 1537 0.7195
415 1538 0.8735
415 1540 0.7482
415 1541 0.7697
415 1542 0.7195
415 1544 0.7195
415 1545 0.7482
415 1546 0.7697
415 1547 0.7890
415 1548 0.7926
415 1549 0.6869
415 1550 0.7482
415 1551 0.7700
415 1552 0.7195
415 1554 0.7195
415 1555 0.7482
415 1556 0.7195
415 1560 0.7327
415 1562 0.7482
415 1565 0.8161
415 1566 0.7195
415 1567 0.7482
415 1568 0.7482
415 1569 0.7697
415 1570 0.7311
415 1571 0.7482
415 1572 0.7697
415 1573 0.7482
415 1574 0.7697
415 1575 0.7482
415 1576 0.7195
415 1577 0.7697
415 1578 0.7890
415 1579 0.7482
415 1580 0.7890
415 1581 0.7482
415 1582 0.7482
415 1583 0.7890
415 1584 0.7195
415 1585 0.7649
415 1586 0.7195
415 1587 0.7482
415 1588 0.8267
415 1589 0.7482
415 1590 0.7697
415 1591 0.7533
415 1592 0.7482
415 1593 0.7770
415 1595 0.6869
415 1596 0.7195
415 1597 0.7195
415 1598 0.7697
415 1599 0.7697
415 1601 0.7482
415 1602 0.7482
415 1603 0.7697
415 1604 0.7195
415 1605 0.7482
415 1606 0.7926
415 1607 0.7482
415 1608 0.8762
415 1609 0.7195
415 1610 0.7311
415 1611 0.7195
415 1612 0.7697
415 1613 0.9126
415 1614 0.7697
415 1615 0.7482
415 1616 0.7482
415 1618 0.8713
415 1619 0.7890
415 1621 0.8568
415 1622 0.9732
415 1623 0.8566
415 1624 0.8841
415 1625 0.7195
415 1626 0.7482
415 1627 0.7327
415 1628 0.6869
415 1630 0.7697
415 1632 0.7195
415 1633 0.7533
415 1634 0.7890
415 1635 0.7195
415 1636 0.7482
415 1637 0.8552
415 1638 0.7327
415 1639 0.7195
415 1640 0.7482
415 1641 0.7311
415 1642 0.7482
415 1643 0.7482
415 1644 0.8853
415 1645 0.8458
415 1646 0.8907
415 1647 0.9165
415 1648 0.7195
415 1649 0.8689
415 1650 0.7482
415 1651 0.7195
415 1652 0.7195
415 1653 0.8144
415 1654 0.9237
415 1655 0.7890
415 1657 0.7195
415 1658 0.8840
415 1659 0.8214
415 1660 0.9258
415 1661 0.7838
415 1662 0.8551
415 1663 0.7482
415 1664 0.7195
415 1665 0.8161
415 1666 0.8059
415 1667 0.7195
415 1668 0.8931
415 1669 0.7195
415 1670 0.7195
415 1671 0.7195
415 1672 0.7195
415 1673 0.7482
415 1674 0.8793
415 1675 0.7195
415 1676 0.8723
415 1677 0.8059
415 1678 0.8823
415 1679 0.7927
415 1680 0.7482
415 1681 0.8161
415 1682 0.7195
415 1683 0.8730
415 1684 0.7482
415 1685 0.8161
415 1686 0.7195
415 1687 0.7195
415 1688 0.7195
415 1689 0.9977
415 1691 0.8148
415 1692 0.7838
415 1693 0.7195
415 1694 0.8483
415 1695 0.7195
415 1696 0.7482
415 1697 0.7195
415 1698 0.8059
415 1699 0.7482
415 1700 0.7482
415 1701 0.7482
415 1702 0.7195
415 1703 0.7482
415 1704 0.6869
415 1705 0.7195
415 1706 0.6679
415 1707 0.7952
415 1708 0.7195
415 1709 0.7482
415 1710 0.7195
415 1711 0.7482
415 1712 0.9935
415 1713 0.7118
415 1714 0.7533
415 1715 0.6869
415 1716 0.7327
415 1717 0.9938
415 1718 0.7482
415 1719 0.7482
415 1720 0.7697
415 1721 0.7311
415 1722 0.7195
415 1723 0.7482
415 1724 0.7195
415 1725 0.7195
415 1726 0.7482
415 1729 0.7482
416 417 0.2629
416 418 0.3738
416 419 0.2629
416 420 0.4892
416 421 0.4981
416 422 0.3738
416 423 0.2629
416 424 0.7829
416 425 0.5666
416 426 0.2629
416 427 0.4892
416 428 0.6943
416 429 0.2629
416 430 0.2629
416 431 0.2361
416 432 0.2361
416 433 0.5548
416 434 0.8509
416 435 0.4892
416 436 0.2361
416 437 0.2629
416 438 0.7068
416 439 0.4981
416 440 0.2361
416 441 0.4927
416 442 0.8264
416 443 0.2629
416 444 0.2361
416 445 0.3282
416 447 0.5801
416 448 0.2629
416 449 0.6179
416 450 0.2361
416 451 0.2361
416 452 0.5989
416 453 0.4783
416 454 0.9394
416 455 0.4981
416 456 0.5960
416 457 0.1844
416 458 0.6688
416 459 0.2361
416 460 0.6688
416 461 0.5808
416 462 0.2629
416 463 0.6688
416 464 0.3738
416 465 0.3738
416 466 0.9038
416 467 0.3738
416 468 0.3483
416 469 0.4152
416 470 0.5465
416 471 0.8265
416 472 0.8465
416 474 0.2629
416 475 0.7435
416 476 0.7523
416 478 0.1844
416 479 0.2361
416 480 0.5960
416 481 0.3738
416 482 0.5960
416 484 0.7523
416 485 0.5699
416 486 0.2629
416 487 0.2361
416 488 0.3725
416 489 0.3738
416 490 0.3313
416 491 0.3651
416 492 0.4892
416 493 0.2629
416 494 0.4152
416 495 0.8781
416 496 0.6215
416 497 0.8383
416 498 0.7260
416 499 0.6646
416 500 0.2629
416 501 0.2361
416 502 0.2629
416 503 0.2361
416 504 0.2361
416 505 0.4981
416 506 0.7435
416 507 0.4152
416 508 0.4981
416 509 0.2361
416 510 0.2361
416 511 0.7729
416 512 0.4892
416 513 0.1844
416 514 0.7814
416 515 0.7308
416 516 0.8027
416 517 0.4152
416 518 0.3738
416 519 0.6215
416 520 0.4152
416 521 0.4981
416 522 0.4981
416 523 0.4152
416 524 0.2629
416 525 0.2629
416 526 0.4892
416 527 0.4152
416 528 0.3738
416 529 0.2361
416 530 0.2361
416 531 0.4981
416 532 0.2629
416 533 0.4981
416 534 0.4903
416 535 0.3282
416 536 0.6455
416 537 0.6688
416 538 0.2629
416 539 0.2361
416 540 0.6039
416 541 0.5548
416 542 0.4892
416 543 0.2361
416 544 0.6688
416 545 0.2361
416 546 0.4892
416 548 0.5174
416 549 0.4356
416 550 0.2361
416 551 0.4981
416 552 0.4892
416 553 0.4981
416 554 0.4892
416 555 0.7554
416 556 0.2361
416 557 0.8265
416 558 0.7814
416 559 0.3738
416 560 0.6493
416 561 0.6215
416 562 0.3738
416 563 0.6012
416 564 0.4903
416 565 0.2361
416 566 0.2629
416 567 0.4981
416 568 0.9346
416 569 0.4892
416 570 0.1844
416 571 0.8272
416 572 0.7523
416 573 0.7814
416 574 0.3738
416 575 0.5548
416 576 0.6070
416 577 0.5548
416 578 0.5548
416 579 0.7523
416 581 0.2629
416 582 0.4892
416 583 0.3738
416 584 0.2747
416 585 0.7435
416 586 0.4892
416 587 0.7829
416 589 0.4892
416 590 0.8710
416 591 0.1844
416 592 0.7814
416 593 0.2361
416 594 0.3738
416 595 0.3738
416 598 0.4981
416 599 0.2361
416 600 0.7523
416 601 0.4892
416 602 0.4152
416 604 0.1844
416 605 0.2361
416 606 0.4892
416 607 0.5604
416 608 0.3738
416 609 0.4981
416 610 0.6471
416 611 0.2629
416 612 0.0723
416 613 0.5960
416 614 0.9049
416 616 0.2361
416 617 0.3313
416 618 0.6646
416 619 0.7964
416 620 0.2361
416 621 0.6688
416 622 0.4981
416 623 0.4981
416 624 0.2361
416 625 0.5604
416 626 0.7449
416 627 0.5604
416 628 0.6361
416 629 0.4892
416 630 0.2361
416 631 0.5988
416 632 0.5548
416 633 0.6194
416 634 0.4152
416 635 0.2361
416 636 0.4981
416 637 0.7467
416 638 0.3738
416 639 0.9199
416 640 0.2361
416 641 0.2629
416 642 0.3738
416 643 0.7814
416 644 0.2361
416 645 0.5960
416 646 0.1844
416 647 0.4981
416 648 0.5548
416 649 0.2629
416 650 0.7327
416 651 0.2808
416 652 0.4152
416 653 0.5290
416 654 0.4981
416 655 0.6688
416 656 0.4981
416 657 0.2361
416 658 0.5548
416 659 0.7620
416 660 0.0723
416 661 0.3313
416 662 0.4892
416 663 0.4981
416 664 0.6646
416 666 0.1844
416 667 0.4981
416 668 0.4981
416 669 0.4981
416 670 0.2361
416 671 0.6905
416 672 0.2808
416 673 0.4981
416 674 0.1844
416 675 0.4981
416 676 0.6533
416 677 0.4981
416 678 0.4981
416 679 0.4553
416 680 0.4981
416 681 0.2629
416 683 0.4981
416 684 0.4892
416 685 0.8426
416 686 0.5960
416 687 0.6215
416 688 0.4981
416 689 0.8457
416 690 0.1844
416 691 0.5960
416 692 0.4488
416 693 0.2629
416 694 0.6215
416 695 0.8435
416 696 0.2361
416 697 0.4892
416 698 0.5744
416 699 0.7829
416 700 0.1844
416 701 0.2629
416 702 0.3313
416 703 0.6215
416 704 0.1844
416 705 0.2629
416 706 0.7466
416 707 0.2618
416 708 0.2361
416 709 0.4152
416 710 0.6875
416 711 0.8499
416 712 0.4152
416 713 0.1844
416 714 0.7847
416 715 0.2629
416 716 0.2629
416 717 0.3313
416 718 0.6646
416 720 0.2629
416 721 0.4981
416 722 0.4144
416 723 0.2629
416 724 0.0723
416 726 0.7773
416 727 0.4892
416 728 0.6377
416 729 0.2361
416 730 0.2629
416 731 0.6215
416 732 0.7523
416 733 0.4903
416 734 0.4981
416 735 0.6646
416 736 0.8295
416 737 0.8168
416 738 0.2361
416 740 0.2361
416 741 0.7405
416 742 0.4981
416 743 0.7814
416 744 0.6368
416 745 0.2361
416 746 0.2629
416 747 0.5960
416 748 0.8418
416 749 0.2629
416 750 0.6533
416 751 0.2361
416 752 0.7342
416 753 0.4892
416 754 0.2629
416 755 0.5335
416 756 0.2361
416 757 0.4892
416 758 0.4981
416 759 0.3738
416 760 0.4553
416 761 0.2361
416 762 0.2629
416 763 0.8265
416 764 0.4892
416 765 0.2361
416 766 0.4981
416 767 0.4981
416 768 0.8626
416 769 0.2361
416 770 0.6646
416 771 0.3337
416 772 0.4981
416 773 0.4981
416 775 0.4231
416 776 0.5787
416 777 0.4892
416 778 0.6215
416 779 0.2629
416 780 0.4892
416 781 0.0723
416 782 0.5548
416 783 0.6688
416 784 0.4892
416 785 0.4892
416 786 0.6299
416 787 0.3313
416 788 0.2361
416 789 0.6646
416 791 0.2629
416 792 0.0723
416 793 0.6400
416 794 0.5960
416 796 0.4981
416 797 0.2361
416 798 0.2361
416 799 0.6128
416 800 0.2361
416 801 0.6646
416 802 0.2361
416 803 0.5604
416 804 0.8011
416 805 0.3845
416 806 0.4981
416 807 0.4981
416 808 0.7854
416 809 0.2361
416 810 0.4981
416 811 0.7857
416 812 0.2361
416 813 0.8703
416 814 0.2361
416 815 0.4152
416 816 0.3738
416 817 0.4356
416 818 0.2361
416 819 0.5548
416 820 0.3738
416 821 0.7523
416 822 0.3738
416 823 0.7364
416 824 0.2361
416 825 0.8619
416 827 0.5309
416 828 0.4892
416 829 0.4892
416 830 0.2361
416 831 0.6606
416 832 0.8049
416 833 0.2361
416 834 0.6875
416 835 0.2361
416 836 0.7435
416 837 0.2629
416 838 0.3389
416 839 0.2361
416 840 0.2361
416 841 0.5204
416 842 0.2361
416 843 0.4981
416 844 0.2629
416 845 0.6688
416 846 0.4356
416 847 0.2629
416 848 0.4981
416 849 0.3110
416 850 0.2361
416 851 0.6739
416 852 0.2629
416 853 0.3738
416 854 0.2629
416 855 0.4152
416 856 0.2361
416 858 0.7933
416 859 0.2629
416 860 0.4892
416 861 0.4892
416 862 0.2361
416 864 0.3738
416 865 0.4152
416 866 0.4981
416 867 0.7829
416 868 0.6688
416 869 0.7856
416 870 0.3712
416 871 0.6039
416 872 0.9926
416 874 0.0723
416 875 0.1844
416 876 0.6688
416 877 0.2361
416 878 0.4892
416 880 0.7829
416 881 0.2618
416 882 0.4981
416 883 0.6070
416 884 0.2361
416 885 0.4981
416 886 0.4981
416 887 0.8261
416 888 0.2361
416 889 0.4981
416 890 0.3313
416 891 0.9042
416 892 0.2361
416 893 0.7523
416 894 0.6688
416 895 0.6688
416 896 0.2361
416 897 0.2629
416 898 0.7331
416 899 0.2361
416 900 0.2361
416 901 0.5960
416 903 0.7792
416 905 0.4981
416 906 0.2629
416 907 0.2361
416 908 0.7814
416 909 0.6688
416 910 0.2629
416 911 0.2361
416 912 0.0723
416 913 0.6688
416 914 0.4152
416 915 0.7844
416 916 0.2629
416 917 0.2361
416 918 0.4981
416 919 0.4981
416 920 0.4152
416 921 0.5548
416 922 0.4152
416 924 0.4981
416 925 0.2629
416 928 0.6688
416 929 0.7829
416 930 0.5353
416 932 0.2629
416 933 0.2361
416 934 0.4981
416 935 0.5309
416 936 0.4981
416 937 0.2629
416 938 0.6688
416 940 0.2629
416 941 0.2361
416 942 0.3595
416 943 0.4892
416 944 0.2361
416 946 0.3928
416 947 0.5309
416 948 0.2361
416 949 0.2629
416 950 0.3282
416 951 0.4981
416 952 0.5604
416 953 0.6809
416 954 0.3738
416 955 0.6215
416 956 0.2629
416 957 0.2361
416 958 0.4981
416 959 0.5960
416 960 0.9120
416 961 0.2361
416 963 0.2629
416 964 0.2361
416 965 0.4892
416 966 0.4892
416 967 0.6215
416 968 0.8438
416 969 0.4981
416 971 0.4981
416 972 0.2361
416 973 0.1844
416 974 0.9504
416 975 0.2629
416 976 0.3595
416 977 0.2361
416 978 0.4892
416 979 0.7880
416 980 0.4981
416 981 0.4981
416 982 0.2361
416 983 0.2361
416 984 0.2629
416 985 0.2361
416 986 0.0723
416 987 0.5604
416 989 0.6688
416 990 0.7523
416 991 0.2629
416 992 0.2629
416 993 0.7963
416 994 0.8214
416 995 0.6519
416 998 0.2629
416 999 0.4892
416 1000 0.2629
416 1001 0.2361
416 1002 0.6008
416 1003 0.7074
416 1004 0.6774
416 1005 0.2629
416 1006 0.4981
416 1007 0.8254
416 1008 0.4981
416 1010 0.2361
416 1012 0.2629
416 1013 0.2629
416 1014 0.6646
416 1015 0.4152
416 1016 0.2361
416 1017 0.4152
416 1018 0.2361
416 1019 0.2629
416 1020 0.6688
416 1022 0.3313
416 1023 0.7829
416 1024 0.6688
416 1025 0.2361
416 1026 0.2361
416 1027 0.5228
416 1028 0.4981
416 1029 0.3595
416 1030 0.7814
416 1031 0.2629
416 1032 0.6646
416 1033 0.5960
416 1034 0.0723
416 1035 0.2629
416 1036 0.4927
416 1037 0.4981
416 1038 0.2361
416 1039 0.4892
416 1040 0.2629
416 1041 0.2629
416 1042 0.6688
416 1043 0.1844
416 1044 0.2629
416 1045 0.4981
416 1046 0.4892
416 1047 0.3282
416 1048 0.6215
416 1049 0.2589
416 1050 0.2361
416 1051 0.2629
416 1052 0.2361
416 1053 0.1844
416 1054 0.2361
416 1055 0.3738
416 1056 0.5548
416 1057 0.5204
416 1058 0.2361
416 1059 0.4981
416 1060 0.5228
416 1061 0.0723
416 1062 0.4981
416 1063 0.7774
416 1064 0.2629
416 1065 0.3738
416 1066 0.7814
416 1067 0.7829
416 1068 0.6581
416 1069 0.2629
416 1070 0.4152
416 1071 0.2629
416 1072 0.1844
416 1073 0.2629
416 1075 0.4892
416 1076 0.0723
416 1077 0.4981
416 1078 0.2629
416 1079 0.5987
416 1080 0.3738
416 1081 0.2629
416 1082 0.4892
416 1083 0.8995
416 1084 0.3313
416 1085 0.2361
416 1087 0.2361
416 1089 0.2361
416 1090 0.5573
416 1092 0.2629
416 1093 0.4981
416 1094 0.2629
416 1095 0.2629
416 1096 0.2629
416 1099 0.9716
416 1102 0.2361
416 1103 0.4981
416 1104 0.5309
416 1105 0.8597
416 1106 0.4152
416 1107 0.2361
416 1108 0.2361
416 1109 0.4981
416 1110 0.2361
416 1111 0.4981
416 1114 0.2629
416 1115 0.2361
416 1116 0.4892
416 1117 0.4892
416 1118 0.2361
416 1119 0.4981
416 1120 0.2361
416 1121 0.2629
416 1122 0.0723
416 1123 0.4981
416 1124 0.2361
416 1125 0.3282
416 1126 0.2629
416 1127 0.2361
416 1128 0.8272
416 1129 0.4152
416 1130 0.7523
416 1131 0.2361
416 1132 0.2361
416 1133 0.4981
416 1134 0.2629
416 1135 0.9302
416 1136 0.2361
416 1138 0.3848
416 1139 0.2629
416 1141 0.1844
416 1142 0.6646
416 1143 0.7554
416 1144 0.2629
416 1145 0.2361
416 1146 0.4892
416 1147 0.3282
416 1148 0.2629
416 1149 0.2629
416 1150 0.8049
416 1151 0.2361
416 1152 0.9440
416 1153 0.2361
416 1154 0.7750
416 1155 0.2361
416 1156 0.2361
416 1157 0.2361
416 1158 0.2361
416 1159 0.2361
416 1160 0.2361
416 1161 0.2808
416 1162 0.4892
416 1163 0.7074
416 1165 0.2361
416 1166 0.2361
416 1167 0.2808
416 1169 0.7087
416 1170 0.2629
416 1172 0.2361
416 1174 0.4981
416 1176 0.4981
416 1177 0.4981
416 1178 0.2361
416 1180 0.6372
416 1181 0.4981
416 1182 0.4892
416 1183 0.2629
416 1184 0.2629
416 1185 0.4981
416 1186 0.4892
416 1187 0.3073
416 1188 0.2361
416 1189 0.6688
416 1191 0.2979
416 1192 0.2361
416 1193 0.3855
416 1194 0.2629
416 1195 0.4892
416 1196 0.2361
416 1197 0.4892
416 1198 0.2361
416 1199 0.6688
416 1200 0.6688
416 1201 0.4981
416 1202 0.5960
416 1203 0.4981
416 1204 0.4152
416 1205 0.2629
416 1206 0.8265
416 1207 0.4981
416 1208 0.2629
416 1209 0.2361
416 1210 0.7519
416 1211 0.8354
416 1212 0.2629
416 1213 0.3738
416 1214 0.2629
416 1215 0.2629
416 1216 0.2361
416 1217 0.6646
416 1218 0.2361
416 1219 0.3738
416 1220 0.2361
416 1221 0.4981
416 1222 0.2361
416 1223 0.5960
416 1224 0.2629
416 1225 0.8910
416 1226 0.7554
416 1227 0.1844
416 1228 0.0723
416 1229 0.6646
416 1231 0.0723
416 1233 0.4981
416 1235 0.5960
416 1236 0.2629
416 1237 0.2629
416 1239 0.2629
416 1240 0.8435
416 1241 0.3282
416 1242 0.8436
416 1243 0.2629
416 1244 0.2629
416 1245 0.2361
416 1246 0.2361
416 1247 0.7214
416 1248 0.4892
416 1250 0.4981
416 1251 0.4152
416 1252 0.3738
416 1253 0.2361
416 1254 0.3738
416 1255 0.2361
416 1256 0.2361
416 1257 0.2629
416 1258 0.8597
416 1259 0.4892
416 1260 0.6967
416 1262 0.4981
416 1263 0.5960
416 1265 0.6688
416 1266 0.2361
416 1267 0.2629
416 1268 0.6688
416 1269 0.8199
416 1270 0.4892
416 1271 0.3491
416 1272 0.2361
416 1274 0.2361
416 1275 0.7847
416 1276 0.4981
416 1278 0.4981
416 1279 0.1844
416 1280 0.4981
416 1281 0.2361
416 1282 0.3738
416 1283 0.3738
416 1284 0.4981
416 1286 0.6646
416 1287 0.5548
416 1288 0.4152
416 1289 0.4981
416 1290 0.2361
416 1291 0.3313
416 1292 0.6818
416 1293 0.2361
416 1295 0.2629
416 1296 0.0723
416 1297 0.2361
416 1298 0.6039
416 1299 0.2629
416 1300 0.0723
416 1301 0.4152
416 1302 0.2629
416 1303 0.7087
416 1304 0.2361
416 1305 0.5548
416 1306 0.0723
416 1307 0.1844
416 1308 0.2361
416 1310 0.1844
416 1311 0.4981
416 1312 0.2629
416 1313 0.2361
416 1315 0.2361
416 1316 0.9758
416 1318 0.2361
416 1319 0.0723
416 1320 0.2361
416 1323 0.4981
416 1324 0.2629
416 1325 0.2629
416 1326 0.4981
416 1327 0.2361
416 1328 0.2361
416 1329 0.2361
416 1330 0.4892
416 1331 0.4981
416 1332 0.2629
416 1333 0.1844
416 1334 0.2361
416 1335 0.2361
416 1336 0.2361
416 1337 0.2361
416 1339 0.2361
416 1340 0.2361
416 1341 0.2629
416 1342 0.7866
416 1343 0.2361
416 1344 0.4892
416 1345 0.2629
416 1346 0.3738
416 1347 0.2361
416 1348 0.4892
416 1349 0.2361
416 1350 0.2361
416 1351 0.2629
416 1352 0.2629
416 1353 0.0723
416 1354 0.2629
416 1355 0.2629
416 1356 0.2361
416 1357 0.2361
416 1358 0.2629
416 1359 0.2629
416 1360 0.1844
416 1361 0.3738
416 1362 0.4981
416 1363 0.4981
416 1364 0.2629
416 1365 0.2629
416 1366 0.2629
416 1367 0.4892
416 1368 0.4981
416 1369 0.7814
416 1370 0.7882
416 1371 0.2629
416 1372 0.4892
416 1373 0.2629
416 1374 0.2629
416 1376 0.2629
416 1377 0.0723
416 1379 0.2629
416 1380 0.4981
416 1381 0.2629
416 1382 0.2361
416 1383 0.2361
416 1384 0.2629
416 1385 0.2629
416 1386 0.6688
416 1387 0.4152
416 1388 0.4981
416 1389 0.4152
416 1390 0.4981
416 1392 0.2629
416 1393 0.2629
416 1394 0.4981
416 1395 0.2629
416 1396 0.4892
416 1397 0.4856
416 1398 0.6688
416 1399 0.2361
416 1401 0.2629
416 1402 0.4981
416 1405 0.4981
416 1406 0.2629
416 1407 0.4981
416 1408 0.2629
416 1409 0.4981
416 1410 0.2361
416 1411 0.2361
416 1412 0.2361
416 1413 0.2629
416 1414 0.2629
416 1415 0.3738
416 1416 0.4981
416 1418 0.0723
416 1419 0.5960
416 1421 0.3282
416 1422 0.2629
416 1423 0.2629
416 1424 0.2361
416 1425 0.3313
416 1426 0.8597
416 1427 0.3282
416 1428 0.2629
416 1430 0.2629
416 1431 0.2629
416 1433 0.1844
416 1434 0.8302
416 1435 0.6308
416 1436 0.1844
416 1437 0.5548
416 1438 0.3677
416 1439 0.6215
416 1440 0.6850
416 1441 0.4152
416 1445 0.2361
416 1446 0.2361
416 1448 0.4981
416 1449 0.4892
416 1451 0.2629
416 1452 0.4981
416 1453 0.2629
416 1454 0.2629
416 1455 0.2629
416 1456 0.4981
416 1457 0.2361
416 1458 0.2361
416 1459 0.2629
416 1460 0.4981
416 1461 0.0723
416 1462 0.2361
416 1463 0.2361
416 1464 0.4981
416 1465 0.2361
416 1466 0.3738
416 1468 0.2629
416 1470 0.2361
416 1472 0.3738
416 1473 0.4981
416 1474 0.2361
416 1476 0.4981
416 1477 0.2361
416 1478 0.2629
416 1479 0.6215
416 1481 0.2629
416 1482 0.2361
416 1484 0.2629
416 1485 0.5960
416 1486 0.0723
416 1487 0.2361
416 1490 0.4981
416 1491 0.2361
416 1493 0.4892
416 1494 0.2361
416 1495 0.2629
416 1496 0.2361
416 1497 0.2629
416 1498 0.2629
416 1499 0.4981
416 1500 0.2629
416 1501 0.2629
416 1503 0.4892
416 1504 0.6646
416 1505 0.4981
416 1506 0.2629
416 1507 0.2629
416 1510 0.2629
416 1511 0.2629
416 1512 0.4892
416 1513 0.4981
416 1514 0.2629
416 1515 0.2361
416 1516 0.6646
416 1517 0.2629
416 1518 0.4981
416 1519 0.6935
416 1520 0.9241
416 1522 0.4981
416 1525 0.2629
416 1526 0.4176
416 1527 0.4892
416 1528 0.2629
416 1529 0.6646
416 1530 0.7327
416 1531 0.2629
416 1532 0.4981
416 1534 0.2361
416 1535 0.2361
416 1536 0.3313
416 1537 0.2629
416 1538 0.6702
416 1540 0.2361
416 1541 0.4981
416 1542 0.2629
416 1544 0.2629
416 1545 0.2361
416 1546 0.4981
416 1547 0.4892
416 1548 0.5960
416 1549 0.1844
416 1550 0.2361
416 1551 0.5204
416 1552 0.2629
416 1554 0.2629
416 1555 0.2361
416 1556 0.2629
416 1560 0.0723
416 1562 0.2361
416 1565 0.2629
416 1566 0.2629
416 1567 0.2361
416 1568 0.2361
416 1569 0.4981
416 1570 0.3738
416 1571 0.2361
416 1572 0.4981
416 1573 0.2361
416 1574 0.4981
416 1575 0.2361
416 1576 0.2629
416 1577 0.4981
416 1578 0.4892
416 1579 0.2361
416 1580 0.4892
416 1581 0.2361
416 1582 0.2361
416 1583 0.4892
416 1584 0.2629
416 1585 0.5548
416 1586 0.2629
416 1587 0.2361
416 1588 0.6646
416 1589 0.2361
416 1590 0.4981
416 1591 0.4152
416 1592 0.2361
416 1593 0.5987
416 1595 0.1844
416 1596 0.2629
416 1597 0.2629
416 1598 0.4981
416 1599 0.4981
416 1601 0.2361
416 1602 0.2361
416 1603 0.4981
416 1604 0.2629
416 1605 0.2361
416 1606 0.5960
416 1607 0.2361
416 1608 0.8436
416 1609 0.2629
416 1610 0.3738
416 1611 0.2629
416 1612 0.4981
416 1613 0.8927
416 1614 0.4981
416 1615 0.2361
416 1616 0.2361
416 1618 0.8435
416 1619 0.4892
416 1621 0.8047
416 1622 0.9034
416 1623 0.4981
416 1624 0.6646
416 1625 0.2629
416 1626 0.2361
416 1627 0.0723
416 1628 0.1844
416 1630 0.4981
416 1632 0.2629
416 1633 0.4152
416 1634 0.4892
416 1635 0.2629
416 1636 0.2361
416 1637 0.4892
416 1638 0.0723
416 1639 0.2629
416 1640 0.2361
416 1641 0.3738
416 1642 0.2361
416 1643 0.2361
416 1644 0.2361
416 1645 0.4981
416 1646 0.3738
416 1647 0.3738
416 1648 0.2629
416 1649 0.4892
416 1650 0.2361
416 1651 0.2629
416 1652 0.2629
416 1653 0.6688
416 1654 0.4981
416 1655 0.4892
416 1657 0.2629
416 1658 0.2361
416 1659 0.2361
416 1660 0.5548
416 1661 0.4981
416 1662 0.2629
416 1663 0.2361
416 1664 0.2629
416 1665 0.2629
416 1666 0.2361
416 1667 0.2629
416 1668 0.5960
416 1669 0.2629
416 1670 0.2629
416 1671 0.2629
416 1672 0.2629
416 1673 0.2361
416 1674 0.6688
416 1675 0.2629
416 1676 0.3738
416 1677 0.2361
416 1678 0.6688
416 1679 0.2361
416 1680 0.2361
416 1681 0.2629
416 1682 0.2629
416 1683 0.3282
416 1684 0.2361
416 1685 0.2629
416 1686 0.2629
416 1687 0.2629
416 1688 0.2629
416 1689 0.9550
416 1691 0.4152
416 1692 0.4981
416 1693 0.2629
416 1694 0.5960
416 1695 0.2629
416 1696 0.2361
416 1697 0.2629
416 1698 0.2361
416 1699 0.2361
416 1700 0.2361
416 1701 0.2361
416 1702 0.2629
416 1703 0.2361
416 1704 0.1844
416 1705 0.2629
416 1706 0.2618
416 1707 0.6792
416 1708 0.2629
416 1709 0.2361
416 1710 0.2629
416 1711 0.2361
416 1712 0.9517
416 1713 0.4012
416 1714 0.4152
416 1715 0.1844
416 1716 0.0723
416 1717 0.9597
416 1718 0.2361
416 1719 0.2361
416 1720 0.4981
416 1721 0.3738
416 1722 0.2629
416 1723 0.2361
416 1724 0.2629
416 1725 0.2629
416 1726 0.2361
416 1729 0.2361
417 418 0.2572
417 419 0.1545
417 420 0.5372
417 421 0.3284
417 422 0.2572
417 423 0.1545
417 424 0.7865
417 425 0.4129
417 426 0.1545
417 427 0.5372
417 428 0.6971
417 429 0.1545
417 430 0.1545
417 431 0.3455
417 432 0.3455
417 433 0.3870
417 434 0.7887
417 435 0.5372
417 436 0.3455
417 437 0.1545
417 438 0.6177
417 439 0.3284
417 440 0.3455
417 441 0.4598
417 442 0.7747
417 443 0.1545
417 444 0.3455
417 445 0.1918
417 447 0.4805
417 448 0.1545
417 449 0.5363
417 450 0.3455
417 451 0.3455
417 452 0.5412
417 453 0.4560
417 454 0.9237
417 455 0.3284
417 456 0.4708
417 457 0.2289
417 458 0.5256
417 459 0.3455
417 460 0.5256
417 461 0.8582
417 462 0.1545
417 463 0.5256
417 464 0.2572
417 465 0.2572
417 466 0.8761
417 467 0.2572
417 468 0.3578
417 469 0.4349
417 470 0.4988
417 471 0.7633
417 472 0.8081
417 474 0.1545
417 475 0.7291
417 476 0.6544
417 478 0.2289
417 479 0.3455
417 480 0.4708
417 481 0.2572
417 482 0.4708
417 484 0.6544
417 485 0.5645
417 486 0.1545
417 487 0.3455
417 488 0.3494
417 489 0.2572
417 490 0.3870
417 491 0.3520
417 492 0.5372
417 493 0.1545
417 494 0.4349
417 495 0.8332
417 496 0.6491
417 497 0.7787
417 498 0.6661
417 499 0.6923
417 500 0.1545
417 501 0.3455
417 502 0.1545
417 503 0.3455
417 504 0.3455
417 505 0.3284
417 506 0.7291
417 507 0.2696
417 508 0.3284
417 509 0.3455
417 510 0.3455
417 511 0.9577
417 512 0.5372
417 513 0.2289
417 514 0.6947
417 515 0.6679
417 516 0.7525
417 517 0.4349
417 518 0.2572
417 519 0.6491
417 520 0.4349
417 521 0.3284
417 522 0.3284
417 523 0.4349
417 524 0.1545
417 525 0.1545
417 526 0.5372
417 527 0.4349
417 528 0.2572
417 529 0.3455
417 530 0.3455
417 531 0.3284
417 532 0.1545
417 533 0.3284
417 534 0.3421
417 535 0.1918
417 536 0.5394
417 537 0.5256
417 538 0.1545
417 539 0.3455
417 540 0.4665
417 541 0.3870
417 542 0.5372
417 543 0.3455
417 544 0.5256
417 545 0.3455
417 546 0.5372
417 548 0.5454
417 549 0.7686
417 550 0.3455
417 551 0.3284
417 552 0.5372
417 553 0.3284
417 554 0.4390
417 555 0.7624
417 556 0.3455
417 557 0.7633
417 558 0.6947
417 559 0.2572
417 560 0.5042
417 561 0.6491
417 562 0.2572
417 563 0.5501
417 564 0.3421
417 565 0.3455
417 566 0.1545
417 567 0.5091
417 568 0.9130
417 569 0.5372
417 570 0.2289
417 571 0.8064
417 572 0.6544
417 573 0.6947
417 574 0.2572
417 575 0.3870
417 576 0.4663
417 577 0.3870
417 578 0.3870
417 579 0.6544
417 581 0.1545
417 582 0.5372
417 583 0.2572
417 584 0.2026
417 585 0.7291
417 586 0.5372
417 587 0.7865
417 589 0.5372
417 590 0.8306
417 591 0.2289
417 592 0.6947
417 593 0.3455
417 594 0.2572
417 595 0.2572
417 598 0.3284
417 599 0.3455
417 600 0.6544
417 601 0.5372
417 602 0.4349
417 604 0.2289
417 605 0.3455
417 606 0.5372
417 607 0.5963
417 608 0.2572
417 609 0.3284
417 610 0.5099
417 611 0.1545
417 612 0.2629
417 613 0.4708
417 614 0.8895
417 616 0.3455
417 617 0.3870
417 618 0.6923
417 619 0.7301
417 620 0.3455
417 621 0.5256
417 622 0.3284
417 623 0.3284
417 624 0.2044
417 625 0.8000
417 626 0.6703
417 627 0.5963
417 628 0.6344
417 629 0.5372
417 630 0.3455
417 631 0.6023
417 632 0.3870
417 633 0.4623
417 634 0.4349
417 635 0.3455
417 636 0.3284
417 637 0.6955
417 638 0.2572
417 639 0.9017
417 640 0.3455
417 641 0.1545
417 642 0.2572
417 643 0.6947
417 644 0.3455
417 645 0.4708
417 646 0.2289
417 647 0.3284
417 648 0.3870
417 649 0.1545
417 650 0.7195
417 651 0.3224
417 652 0.4349
417 653 0.4532
417 654 0.3284
417 655 0.5256
417 656 0.3284
417 657 0.3455
417 658 0.3870
417 659 0.7222
417 660 0.2629
417 661 0.3870
417 662 0.5372
417 663 0.3284
417 664 0.7946
417 666 0.2289
417 667 0.3284
417 668 0.3284
417 669 0.3284
417 670 0.3455
417 671 0.6590
417 672 0.3224
417 673 0.3284
417 674 0.2289
417 675 0.3284
417 676 0.6083
417 677 0.3284
417 678 0.3284
417 679 0.3514
417 680 0.3284
417 681 0.1545
417 683 0.3284
417 684 0.5372
417 685 0.8119
417 686 0.4708
417 687 0.6491
417 688 0.3284
417 689 0.8056
417 690 0.2289
417 691 0.4708
417 692 0.3588
417 693 0.1545
417 694 0.6491
417 695 0.7864
417 696 0.3455
417 697 0.5372
417 698 0.4668
417 699 0.7865
417 700 0.2289
417 701 0.1545
417 702 0.3870
417 703 0.6491
417 704 0.2289
417 705 0.1545
417 706 0.6761
417 707 0.1599
417 708 0.3455
417 709 0.4349
417 710 0.5748
417 711 0.7949
417 712 0.4349
417 713 0.2289
417 714 0.7066
417 715 0.1545
417 716 0.1545
417 717 0.3870
417 718 0.6923
417 720 0.1545
417 721 0.3284
417 722 0.5865
417 723 0.1545
417 724 0.2629
417 726 0.7436
417 727 0.5372
417 728 0.5199
417 729 0.3455
417 730 0.1545
417 731 0.6491
417 732 0.6544
417 733 0.3421
417 734 0.3284
417 735 0.6923
417 736 0.7657
417 737 0.7596
417 738 0.3455
417 740 0.3455
417 741 0.6333
417 742 0.3284
417 743 0.6947
417 744 0.6038
417 745 0.3455
417 746 0.1545
417 747 0.4708
417 748 0.7986
417 749 0.1545
417 750 0.6083
417 751 0.3455
417 752 0.6459
417 753 0.5372
417 754 0.1545
417 755 0.4669
417 756 0.3455
417 757 0.5372
417 758 0.3284
417 759 0.2572
417 760 0.3514
417 761 0.3455
417 762 0.1545
417 763 0.7633
417 764 0.5372
417 765 0.3455
417 766 0.3284
417 767 0.3284
417 768 0.8395
417 769 0.3455
417 770 0.7946
417 771 0.2826
417 772 0.3284
417 773 0.3284
417 775 0.3589
417 776 0.4210
417 777 0.5372
417 778 0.6491
417 779 0.1545
417 780 0.5372
417 781 0.2629
417 782 0.3870
417 783 0.6821
417 784 0.5372
417 785 0.5372
417 786 0.4744
417 787 0.3870
417 788 0.3455
417 789 0.6923
417 791 0.1545
417 792 0.2629
417 793 0.5865
417 794 0.4708
417 796 0.3284
417 797 0.3455
417 798 0.3455
417 799 0.5740
417 800 0.3455
417 801 0.6923
417 802 0.3455
417 803 0.5963
417 804 0.7727
417 805 0.3240
417 806 0.3284
417 807 0.3284
417 808 0.7452
417 809 0.3455
417 810 0.3284
417 811 0.7541
417 812 0.3455
417 813 0.8220
417 814 0.3455
417 815 0.4349
417 816 0.2572
417 817 0.4944
417 818 0.3455
417 819 0.3870
417 820 0.2572
417 821 0.6544
417 822 0.2572
417 823 0.7014
417 824 0.3455
417 825 0.8359
417 827 0.5118
417 828 0.5372
417 829 0.5372
417 830 0.3455
417 831 0.6342
417 832 0.7310
417 833 0.3455
417 834 0.5748
417 835 0.3455
417 836 0.7291
417 837 0.1545
417 838 0.2743
417 839 0.3455
417 840 0.3455
417 841 0.4001
417 842 0.3455
417 843 0.3284
417 844 0.1545
417 845 0.5256
417 846 0.4944
417 847 0.1545
417 848 0.3284
417 849 0.2110
417 850 0.3455
417 851 0.6005
417 852 0.1545
417 853 0.2572
417 854 0.1545
417 855 0.4349
417 856 0.3455
417 858 0.7738
417 859 0.1545
417 860 0.5372
417 861 0.5372
417 862 0.3455
417 864 0.2572
417 865 0.4349
417 866 0.3284
417 867 0.7192
417 868 0.5256
417 869 0.7353
417 870 0.2331
417 871 0.4665
417 872 0.9895
417 874 0.2629
417 875 0.2289
417 876 0.5256
417 877 0.3455
417 878 0.5372
417 880 0.7865
417 881 0.1599
417 882 0.3284
417 883 0.4663
417 884 0.3455
417 885 0.3284
417 886 0.3284
417 887 0.7820
417 888 0.3455
417 889 0.3284
417 890 0.3870
417 891 0.8727
417 892 0.3455
417 893 0.6544
417 894 0.6821
417 895 0.5256
417 896 0.3455
417 897 0.1545
417 898 0.6489
417 899 0.3455
417 900 0.3455
417 901 0.4708
417 903 0.7226
417 905 0.3284
417 906 0.1545
417 907 0.3455
417 908 0.6947
417 909 0.5742
417 910 0.1545
417 911 0.3455
417 912 0.2629
417 913 0.5256
417 914 0.4349
417 915 0.7057
417 916 0.1545
417 917 0.3455
417 918 0.3284
417 919 0.3284
417 920 0.4349
417 921 0.3870
417 922 0.4349
417 924 0.3284
417 925 0.1545
417 928 0.5256
417 929 0.7865
417 930 0.4544
417 932 0.1545
417 933 0.3455
417 934 0.3284
417 935 0.5118
417 936 0.3284
417 937 0.1545
417 938 0.5256
417 940 0.1545
417 941 0.3455
417 942 0.2359
417 943 0.5372
417 944 0.3455
417 946 0.3211
417 947 0.5118
417 948 0.3455
417 949 0.1545
417 950 0.1918
417 951 0.3284
417 952 0.5963
417 953 0.6186
417 954 0.2572
417 955 0.6491
417 956 0.1545
417 957 0.3455
417 958 0.3284
417 959 0.4708
417 960 0.8869
417 961 0.3455
417 963 0.1545
417 964 0.3455
417 965 0.5372
417 966 0.5372
417 967 0.6491
417 968 0.8010
417 969 0.3284
417 971 0.3284
417 972 0.3455
417 973 0.2289
417 974 0.9357
417 975 0.1545
417 976 0.2359
417 977 0.3455
417 978 0.5372
417 979 0.7185
417 980 0.3284
417 981 0.3284
417 982 0.3455
417 983 0.3455
417 984 0.1545
417 985 0.3455
417 986 0.2629
417 987 0.5963
417 989 0.5256
417 990 0.6544
417 991 0.1545
417 992 0.1545
417 993 0.7358
417 994 0.7988
417 995 0.5465
417 998 0.1545
417 999 0.5372
417 1000 0.1545
417 1001 0.3455
417 1002 0.5197
417 1003 0.6905
417 1004 0.5928
417 1005 0.1545
417 1006 0.3284
417 1007 0.7623
417 1008 0.3284
417 1010 0.3455
417 1012 0.1545
417 1013 0.1545
417 1014 0.6923
417 1015 0.4349
417 1016 0.3455
417 1017 0.4349
417 1018 0.3455
417 1019 0.1545
417 1020 0.5256
417 1022 0.3870
417 1023 0.7865
417 1024 0.5256
417 1025 0.3455
417 1026 0.3455
417 1027 0.8182
417 1028 0.3284
417 1029 0.3126
417 1030 0.6947
417 1031 0.1545
417 1032 0.6923
417 1033 0.4708
417 1034 0.2629
417 1035 0.1545
417 1036 0.4598
417 1037 0.3284
417 1038 0.3455
417 1039 0.5372
417 1040 0.1545
417 1041 0.1545
417 1042 0.5256
417 1043 0.2289
417 1044 0.1545
417 1045 0.3284
417 1046 0.5372
417 1047 0.1918
417 1048 0.6491
417 1049 0.2302
417 1050 0.3455
417 1051 0.1545
417 1052 0.3455
417 1053 0.2289
417 1054 0.3455
417 1055 0.2572
417 1056 0.3870
417 1057 0.4001
417 1058 0.3455
417 1059 0.3284
417 1060 0.5115
417 1061 0.2629
417 1062 0.3284
417 1063 0.7274
417 1064 0.1545
417 1065 0.2572
417 1066 0.6947
417 1067 0.7865
417 1068 0.5386
417 1069 0.1545
417 1070 0.4349
417 1071 0.1545
417 1072 0.2289
417 1073 0.1545
417 1075 0.5372
417 1076 0.2629
417 1077 0.3284
417 1078 0.1545
417 1079 0.6185
417 1080 0.2572
417 1081 0.1545
417 1082 0.5372
417 1083 0.8797
417 1084 0.3870
417 1085 0.3455
417 1087 0.3455
417 1089 0.3455
417 1090 0.4162
417 1092 0.1545
417 1093 0.3284
417 1094 0.2565
417 1095 0.1545
417 1096 0.1545
417 1099 0.9633
417 1102 0.3455
417 1103 0.3284
417 1104 0.5118
417 1105 0.8083
417 1106 0.4349
417 1107 0.3455
417 1108 0.3455
417 1109 0.3284
417 1110 0.3455
417 1111 0.3284
417 1114 0.1545
417 1115 0.3455
417 1116 0.5372
417 1117 0.5372
417 1118 0.3455
417 1119 0.3284
417 1120 0.3455
417 1121 0.1545
417 1122 0.2629
417 1123 0.3284
417 1124 0.3455
417 1125 0.1918
417 1126 0.1545
417 1127 0.3455
417 1128 0.8064
417 1129 0.4349
417 1130 0.6544
417 1131 0.3455
417 1132 0.3455
417 1133 0.3284
417 1134 0.1545
417 1135 0.9136
417 1136 0.3455
417 1138 0.3077
417 1139 0.1545
417 1141 0.2289
417 1142 0.6923
417 1143 0.7624
417 1144 0.1545
417 1145 0.3455
417 1146 0.5372
417 1147 0.1918
417 1148 0.1545
417 1149 0.1545
417 1150 0.7310
417 1151 0.3455
417 1152 0.9327
417 1153 0.3455
417 1154 0.7068
417 1155 0.3455
417 1156 0.3455
417 1157 0.3455
417 1158 0.3455
417 1159 0.3455
417 1160 0.3455
417 1161 0.3224
417 1162 0.5372
417 1163 0.6905
417 1165 0.3455
417 1166 0.3455
417 1167 0.5676
417 1169 0.7001
417 1170 0.1545
417 1172 0.3455
417 1174 0.3284
417 1176 0.3284
417 1177 0.3284
417 1178 0.3455
417 1180 0.5223
417 1181 0.3284
417 1182 0.5372
417 1183 0.1545
417 1184 0.1545
417 1185 0.3284
417 1186 0.5372
417 1187 0.2819
417 1188 0.3455
417 1189 0.5256
417 1191 0.2955
417 1192 0.3455
417 1193 0.2372
417 1194 0.1545
417 1195 0.5372
417 1196 0.3455
417 1197 0.5372
417 1198 0.3455
417 1199 0.6345
417 1200 0.5256
417 1201 0.3284
417 1202 0.4708
417 1203 0.3284
417 1204 0.4349
417 1205 0.1545
417 1206 0.7633
417 1207 0.3284
417 1208 0.1545
417 1209 0.3455
417 1210 0.7204
417 1211 0.8010
417 1212 0.1545
417 1213 0.2572
417 1214 0.1545
417 1215 0.1545
417 1216 0.3455
417 1217 0.6923
417 1218 0.3455
417 1219 0.2572
417 1220 0.3455
417 1221 0.3284
417 1222 0.3455
417 1223 0.4708
417 1224 0.1545
417 1225 0.8712
417 1226 0.7624
417 1227 0.2289
417 1228 0.2629
417 1229 0.6923
417 1231 0.2629
417 1233 0.3284
417 1235 0.4708
417 1236 0.1545
417 1237 0.1545
417 1239 0.1545
417 1240 0.7864
417 1241 0.1918
417 1242 0.8213
417 1243 0.1545
417 1244 0.1545
417 1245 0.3455
417 1246 0.3455
417 1247 0.6104
417 1248 0.5372
417 1250 0.3284
417 1251 0.4349
417 1252 0.2572
417 1253 0.3455
417 1254 0.2572
417 1255 0.3455
417 1256 0.3455
417 1257 0.1545
417 1258 0.8083
417 1259 0.5372
417 1260 0.6119
417 1262 0.3284
417 1263 0.4708
417 1265 0.5256
417 1266 0.3455
417 1267 0.1545
417 1268 0.5256
417 1269 0.7843
417 1270 0.5372
417 1271 0.4057
417 1272 0.3455
417 1274 0.3455
417 1275 0.7066
417 1276 0.3284
417 1278 0.3284
417 1279 0.2289
417 1280 0.3284
417 1281 0.3455
417 1282 0.2572
417 1283 0.2572
417 1284 0.3284
417 1286 0.6923
417 1287 0.3870
417 1288 0.4349
417 1289 0.3284
417 1290 0.3455
417 1291 0.3870
417 1292 0.6025
417 1293 0.3455
417 1295 0.1545
417 1296 0.2629
417 1297 0.3455
417 1298 0.4665
417 1299 0.1545
417 1300 0.2629
417 1301 0.4349
417 1302 0.1545
417 1303 0.7001
417 1304 0.3455
417 1305 0.3870
417 1306 0.2629
417 1307 0.2289
417 1308 0.3455
417 1310 0.2289
417 1311 0.3284
417 1312 0.1545
417 1313 0.3455
417 1315 0.3455
417 1316 0.9676
417 1318 0.3455
417 1319 0.2629
417 1320 0.3455
417 1323 0.3284
417 1324 0.1545
417 1325 0.1545
417 1326 0.3284
417 1327 0.3455
417 1328 0.3455
417 1329 0.3455
417 1330 0.5372
417 1331 0.3284
417 1332 0.1545
417 1333 0.2289
417 1334 0.3455
417 1335 0.3455
417 1336 0.3455
417 1337 0.3455
417 1339 0.3455
417 1340 0.3455
417 1341 0.1545
417 1342 0.7319
417 1343 0.3455
417 1344 0.5372
417 1345 0.1545
417 1346 0.2572
417 1347 0.3455
417 1348 0.5372
417 1349 0.3455
417 1350 0.3455
417 1351 0.1545
417 1352 0.1545
417 1353 0.2629
417 1354 0.1545
417 1355 0.1545
417 1356 0.3455
417 1357 0.3455
417 1358 0.1545
417 1359 0.1545
417 1360 0.2289
417 1361 0.2572
417 1362 0.3284
417 1363 0.3284
417 1364 0.1545
417 1365 0.1545
417 1366 0.1545
417 1367 0.5372
417 1368 0.3284
417 1369 0.6947
417 1370 0.7503
417 1371 0.1545
417 1372 0.5372
417 1373 0.1545
417 1374 0.1545
417 1376 0.1545
417 1377 0.2629
417 1379 0.1545
417 1380 0.3284
417 1381 0.1545
417 1382 0.3455
417 1383 0.3455
417 1384 0.1545
417 1385 0.1545
417 1386 0.5256
417 1387 0.4349
417 1388 0.3284
417 1389 0.4349
417 1390 0.3284
417 1392 0.1545
417 1393 0.1545
417 1394 0.3284
417 1395 0.1545
417 1396 0.5372
417 1397 0.3521
417 1398 0.5256
417 1399 0.3455
417 1401 0.1545
417 1402 0.3284
417 1405 0.3284
417 1406 0.1545
417 1407 0.3284
417 1408 0.1545
417 1409 0.3284
417 1410 0.3455
417 1411 0.3455
417 1412 0.3455
417 1413 0.1545
417 1414 0.1545
417 1415 0.2572
417 1416 0.3284
417 1418 0.2629
417 1419 0.4708
417 1421 0.1918
417 1422 0.1545
417 1423 0.1545
417 1424 0.3455
417 1425 0.3870
417 1426 0.8083
417 1427 0.1918
417 1428 0.1545
417 1430 0.1545
417 1431 0.1545
417 1433 0.2289
417 1434 0.7946
417 1435 0.5970
417 1436 0.2289
417 1437 0.3870
417 1438 0.2319
417 1439 0.6491
417 1440 0.6412
417 1441 0.4349
417 1445 0.3455
417 1446 0.3455
417 1448 0.3284
417 1449 0.5372
417 1451 0.1545
417 1452 0.3284
417 1453 0.1545
417 1454 0.1545
417 1455 0.1545
417 1456 0.3284
417 1457 0.3455
417 1458 0.3455
417 1459 0.1545
417 1460 0.5091
417 1461 0.2629
417 1462 0.3455
417 1463 0.3455
417 1464 0.3284
417 1465 0.3455
417 1466 0.2572
417 1468 0.1545
417 1470 0.3455
417 1472 0.2572
417 1473 0.3284
417 1474 0.3455
417 1476 0.3284
417 1477 0.5382
417 1478 0.1545
417 1479 0.6491
417 1481 0.1545
417 1482 0.3455
417 1484 0.1545
417 1485 0.4708
417 1486 0.2629
417 1487 0.3455
417 1490 0.3284
417 1491 0.3455
417 1493 0.5372
417 1494 0.3455
417 1495 0.1545
417 1496 0.3455
417 1497 0.1545
417 1498 0.1545
417 1499 0.3284
417 1500 0.1545
417 1501 0.1545
417 1503 0.5372
417 1504 0.6923
417 1505 0.3284
417 1506 0.1545
417 1507 0.1545
417 1510 0.1545
417 1511 0.1545
417 1512 0.5372
417 1513 0.3284
417 1514 0.1545
417 1515 0.3455
417 1516 0.6923
417 1517 0.1545
417 1518 0.3284
417 1519 0.5961
417 1520 0.9333
417 1522 0.3284
417 1525 0.1545
417 1526 0.2940
417 1527 0.6921
417 1528 0.1545
417 1529 0.6923
417 1530 0.7195
417 1531 0.1545
417 1532 0.3284
417 1534 0.3455
417 1535 0.3455
417 1536 0.3870
417 1537 0.1545
417 1538 0.5832
417 1540 0.3455
417 1541 0.3284
417 1542 0.1545
417 1544 0.1545
417 1545 0.3455
417 1546 0.3284
417 1547 0.5372
417 1548 0.4708
417 1549 0.2289
417 1550 0.3455
417 1551 0.4001
417 1552 0.1545
417 1554 0.1545
417 1555 0.3455
417 1556 0.1545
417 1560 0.2629
417 1562 0.3455
417 1565 0.1545
417 1566 0.1545
417 1567 0.3455
417 1568 0.3455
417 1569 0.3284
417 1570 0.2572
417 1571 0.3455
417 1572 0.3284
417 1573 0.3455
417 1574 0.3284
417 1575 0.3455
417 1576 0.1545
417 1577 0.3284
417 1578 0.5372
417 1579 0.3455
417 1580 0.5372
417 1581 0.3455
417 1582 0.3455
417 1583 0.5372
417 1584 0.1545
417 1585 0.3870
417 1586 0.1545
417 1587 0.3455
417 1588 0.6923
417 1589 0.3455
417 1590 0.3284
417 1591 0.4349
417 1592 0.3455
417 1593 0.6185
417 1595 0.2289
417 1596 0.1545
417 1597 0.1545
417 1598 0.3284
417 1599 0.3284
417 1601 0.3455
417 1602 0.3455
417 1603 0.3284
417 1604 0.1545
417 1605 0.3455
417 1606 0.4708
417 1607 0.3455
417 1608 0.8213
417 1609 0.1545
417 1610 0.2572
417 1611 0.1545
417 1612 0.3284
417 1613 0.8710
417 1614 0.3284
417 1615 0.3455
417 1616 0.3455
417 1618 0.7864
417 1619 0.5372
417 1621 0.7729
417 1622 0.8690
417 1623 0.3284
417 1624 0.7946
417 1625 0.1545
417 1626 0.3455
417 1627 0.2629
417 1628 0.2289
417 1630 0.3284
417 1632 0.1545
417 1633 0.4349
417 1634 0.5372
417 1635 0.1545
417 1636 0.3455
417 1637 0.5372
417 1638 0.2629
417 1639 0.1545
417 1640 0.3455
417 1641 0.2572
417 1642 0.3455
417 1643 0.3455
417 1644 0.3455
417 1645 0.3284
417 1646 0.5327
417 1647 0.2572
417 1648 0.1545
417 1649 0.5372
417 1650 0.3455
417 1651 0.1545
417 1652 0.1545
417 1653 0.5256
417 1654 0.3284
417 1655 0.5372
417 1657 0.1545
417 1658 0.3455
417 1659 0.5382
417 1660 0.6035
417 1661 0.3284
417 1662 0.1545
417 1663 0.3455
417 1664 0.1545
417 1665 0.1545
417 1666 0.3455
417 1667 0.1545
417 1668 0.4708
417 1669 0.1545
417 1670 0.1545
417 1671 0.1545
417 1672 0.1545
417 1673 0.3455
417 1674 0.5256
417 1675 0.1545
417 1676 0.2572
417 1677 0.3455
417 1678 0.5256
417 1679 0.3455
417 1680 0.3455
417 1681 0.1545
417 1682 0.1545
417 1683 0.1918
417 1684 0.3455
417 1685 0.1545
417 1686 0.1545
417 1687 0.1545
417 1688 0.1545
417 1689 0.9439
417 1691 0.4349
417 1692 0.3284
417 1693 0.1545
417 1694 0.4708
417 1695 0.1545
417 1696 0.3455
417 1697 0.1545
417 1698 0.3455
417 1699 0.3455
417 1700 0.3455
417 1701 0.3455
417 1702 0.1545
417 1703 0.3455
417 1704 0.2289
417 1705 0.1545
417 1706 0.1599
417 1707 0.5432
417 1708 0.1545
417 1709 0.3455
417 1710 0.1545
417 1711 0.3455
417 1712 0.9353
417 1713 0.4279
417 1714 0.4349
417 1715 0.2289
417 1716 0.2629
417 1717 0.9495
417 1718 0.3455
417 1719 0.3455
417 1720 0.3284
417 1721 0.2572
417 1722 0.1545
417 1723 0.3455
417 1724 0.1545
417 1725 0.1545
417 1726 0.3455
417 1729 0.3455
418 419 0.2572
418 420 0.8445
418 421 0.4637
418 422 0.6681
418 423 0.2572
418 424 0.8395
418 425 0.9231
418 426 0.2572
418 427 0.7422
418 428 0.7188
418 429 0.5291
418 430 0.2572
418 431 0.4494
418 432 0.4494
418 433 0.8203
418 434 0.9022
418 435 0.8069
418 436 0.4494
418 437 0.2572
418 438 0.9193
418 439 0.4637
418 440 0.4494
418 441 0.8760
418 442 0.9395
418 443 0.5291
418 444 0.4494
418 445 0.3023
418 447 0.6062
418 448 0.5291
418 449 0.8221
418 450 0.4494
418 451 0.7124
418 452 0.6172
418 453 0.5990
418 454 0.9884
418 455 0.4637
418 456 0.5706
418 457 0.3593
418 458 0.6433
418 459 0.4494
418 460 0.8271
418 461 0.7981
418 462 0.5291
418 463 0.8049
418 464 0.3458
418 465 0.3458
418 466 0.9822
418 467 0.3458
418 468 0.4913
418 469 0.5059
418 470 0.9542
418 471 0.8562
418 472 0.8741
418 474 0.2572
418 475 0.8613
418 476 0.8750
418 478 0.3593
418 479 0.4834
418 480 0.7877
418 481 0.3458
418 482 0.5706
418 484 0.7271
418 485 0.6715
418 486 0.2572
418 487 0.3696
418 488 0.8955
418 489 0.3458
418 490 0.5260
418 491 0.5057
418 492 0.8287
418 493 0.3467
418 494 0.5674
418 495 0.8426
418 496 0.8322
418 497 0.9134
418 498 0.7078
418 499 0.7412
418 500 0.2572
418 501 0.4494
418 502 0.2572
418 503 0.7124
418 504 0.4494
418 505 0.6827
418 506 0.8964
418 507 0.4172
418 508 0.6827
418 509 0.4494
418 510 0.4494
418 511 0.9354
418 512 0.6569
418 513 0.7132
418 514 0.7536
418 515 0.8716
418 516 0.8972
418 517 0.5674
418 518 0.3458
418 519 0.7167
418 520 0.5674
418 521 0.6717
418 522 0.4637
418 523 0.7792
418 524 0.2572
418 525 0.2572
418 526 0.6275
418 527 0.6433
418 528 0.5108
418 529 0.4494
418 530 0.4494
418 531 0.6717
418 532 0.2572
418 533 0.4637
418 534 0.8473
418 535 0.3023
418 536 0.6216
418 537 0.7794
418 538 0.3467
418 539 0.4494
418 540 0.8854
418 541 0.8170
418 542 0.8069
418 543 0.4494
418 544 0.8410
418 545 0.7124
418 546 0.6275
418 548 0.7199
418 549 0.6233
418 550 0.4494
418 551 0.6827
418 552 0.8069
418 553 0.6827
418 554 0.6275
418 555 0.7799
418 556 0.4494
418 557 0.7816
418 558 0.7536
418 559 0.3458
418 560 0.5766
418 561 0.7167
418 562 0.3458
418 563 0.9769
418 564 0.5004
418 565 0.4834
418 566 0.5327
418 567 0.4637
418 568 0.9178
418 569 0.6275
418 570 0.3593
418 571 0.8217
418 572 0.8476
418 573 0.7921
418 574 0.7419
418 575 0.8170
418 576 0.8903
418 577 0.7712
418 578 0.5369
418 579 0.8314
418 581 0.2572
418 582 0.6275
418 583 0.3458
418 584 0.9005
418 585 0.8917
418 586 0.8069
418 587 0.8829
418 589 0.7349
418 590 0.9768
418 591 0.7132
418 592 0.8667
418 593 0.4494
418 594 0.3458
418 595 0.3458
418 598 0.4637
418 599 0.4494
418 600 0.7271
418 601 0.6275
418 602 0.8298
418 604 0.3593
418 605 0.4494
418 606 0.6275
418 607 0.6826
418 608 0.7572
418 609 0.4637
418 610 0.8894
418 611 0.2572
418 612 0.3738
418 613 0.5706
418 614 0.9371
418 616 0.4494
418 617 0.5260
418 618 0.8601
418 619 0.9029
418 620 0.4494
418 621 0.6433
418 622 0.4637
418 623 0.6149
418 624 0.4494
418 625 0.6826
418 626 0.7097
418 627 0.6826
418 628 0.6729
418 629 0.6275
418 630 0.4494
418 631 0.8703
418 632 0.8509
418 633 0.9386
418 634 0.5674
418 635 0.4494
418 636 0.4637
418 637 0.9249
418 638 0.3458
418 639 0.9799
418 640 0.7124
418 641 0.5870
418 642 0.3458
418 643 0.7536
418 644 0.4494
418 645 0.7877
418 646 0.3593
418 647 0.4637
418 648 0.5369
418 649 0.2572
418 650 0.7311
418 651 0.8093
418 652 0.8076
418 653 0.8822
418 654 0.4637
418 655 0.6433
418 656 0.4637
418 657 0.7124
418 658 0.5369
418 659 0.8662
418 660 0.3738
418 661 0.5260
418 662 0.6275
418 663 0.4637
418 664 0.7412
418 666 0.3593
418 667 0.4637
418 668 0.4637
418 669 0.6827
418 670 0.4494
418 671 0.9148
418 672 0.4749
418 673 0.4637
418 674 0.3593
418 675 0.4637
418 676 0.6511
418 677 0.4637
418 678 0.4637
418 679 0.8329
418 680 0.4637
418 681 0.5291
418 683 0.4637
418 684 0.6275
418 685 0.8190
418 686 0.7946
418 687 0.8647
418 688 0.4637
418 689 0.9265
418 690 0.7132
418 691 0.5706
418 692 0.5141
418 693 0.2572
418 694 0.7167
418 695 0.8856
418 696 0.4494
418 697 0.6275
418 698 0.9312
418 699 0.7905
418 700 0.7132
418 701 0.5291
418 702 0.8350
418 703 0.8361
418 704 0.7132
418 705 0.2572
418 706 0.9144
418 707 0.2618
418 708 0.4494
418 709 0.5674
418 710 0.6595
418 711 0.9261
418 712 0.5674
418 713 0.3593
418 714 0.8833
418 715 0.2572
418 716 0.2572
418 717 0.7567
418 718 0.8601
418 720 0.2572
418 721 0.4637
418 722 0.4976
418 723 0.2572
418 724 0.3738
418 726 0.9269
418 727 0.6275
418 728 0.9124
418 729 0.7580
418 730 0.2572
418 731 0.7167
418 732 0.7696
418 733 0.8220
418 734 0.4637
418 735 0.7412
418 736 0.9713
418 737 0.9421
418 738 0.4494
418 740 0.4494
418 741 0.6843
418 742 0.4637
418 743 0.8585
418 744 0.9346
418 745 0.7513
418 746 0.5291
418 747 0.5706
418 748 0.8993
418 749 0.2572
418 750 0.9101
418 751 0.4494
418 752 0.9806
418 753 0.6569
418 754 0.2572
418 755 0.9074
418 756 0.4834
418 757 0.6275
418 758 0.4637
418 759 0.6804
418 760 0.7466
418 761 0.4494
418 762 0.2572
418 763 0.7816
418 764 0.6275
418 765 0.4494
418 766 0.4637
418 767 0.4637
418 768 0.9830
418 769 0.6388
418 770 0.7412
418 771 0.4456
418 772 0.4637
418 773 0.4637
418 775 0.8857
418 776 0.8981
418 777 0.6275
418 778 0.8541
418 779 0.2572
418 780 0.8069
418 781 0.3738
418 782 0.5369
418 783 0.6433
418 784 0.6275
418 785 0.6275
418 786 0.9072
418 787 0.5260
418 788 0.4494
418 789 0.7412
418 791 0.5291
418 792 0.3738
418 793 0.6370
418 794 0.8269
418 796 0.6827
418 797 0.7124
418 798 0.4494
418 799 0.9117
418 800 0.4494
418 801 0.7412
418 802 0.4494
418 803 0.6826
418 804 0.7900
418 805 0.8966
418 806 0.4637
418 807 0.4637
418 808 0.9078
418 809 0.6388
418 810 0.4637
418 811 0.7872
418 812 0.4494
418 813 0.9046
418 814 0.4494
418 815 0.6985
418 816 0.3458
418 817 0.6233
418 818 0.4494
418 819 0.5369
418 820 0.3458
418 821 0.7271
418 822 0.3458
418 823 0.9573
418 824 0.4494
418 825 0.9498
418 827 0.8402
418 828 0.6275
418 829 0.6275
418 830 0.4494
418 831 0.9034
418 832 0.9284
418 833 0.4494
418 834 0.8692
418 835 0.4494
418 836 0.8154
418 837 0.2572
418 838 0.8300
418 839 0.6388
418 840 0.4494
418 841 0.5427
418 842 0.4494
418 843 0.4637
418 844 0.2572
418 845 0.6433
418 846 0.8967
418 847 0.2572
418 848 0.4637
418 849 0.8402
418 850 0.7439
418 851 0.9916
418 852 0.2572
418 853 0.3458
418 854 0.2572
418 855 0.7792
418 856 0.4494
418 858 0.9224
418 859 0.2572
418 860 0.6275
418 861 0.8069
418 862 0.4494
418 864 0.6804
418 865 0.5674
418 866 0.4637
418 867 0.9049
418 868 0.8049
418 869 0.7652
418 870 0.8860
418 871 0.5994
418 872 0.9999
418 874 0.3738
418 875 0.3593
418 876 0.6433
418 877 0.4494
418 878 0.8069
418 880 0.9048
418 881 0.2618
418 882 0.7514
418 883 0.8730
418 884 0.7124
418 885 0.4637
418 886 0.4637
418 887 0.8465
418 888 0.4494
418 889 0.6827
418 890 0.5260
418 891 0.9687
418 892 0.4494
418 893 0.8476
418 894 0.6433
418 895 0.8410
418 896 0.4494
418 897 0.2572
418 898 0.8339
418 899 0.4494
418 900 0.4494
418 901 0.7502
418 903 0.7539
418 905 0.4637
418 906 0.2572
418 907 0.4494
418 908 0.8969
418 909 0.8831
418 910 0.2572
418 911 0.4494
418 912 0.3738
418 913 0.6433
418 914 0.5674
418 915 0.9768
418 916 0.2572
418 917 0.4494
418 918 0.7483
418 919 0.6827
418 920 0.5674
418 921 0.8344
418 922 0.8076
418 924 0.6149
418 925 0.2572
418 928 0.6433
418 929 0.7905
418 930 0.9064
418 932 0.2572
418 933 0.7124
418 934 0.4637
418 935 0.8987
418 936 0.6827
418 937 0.2572
418 938 0.7365
418 940 0.2572
418 941 0.4494
418 942 0.8340
418 943 0.6275
418 944 0.7376
418 946 0.4790
418 947 0.8846
418 948 0.4494
418 949 0.5291
418 950 0.7330
418 951 0.6717
418 952 0.8320
418 953 0.8837
418 954 0.3458
418 955 0.7167
418 956 0.4290
418 957 0.4494
418 958 0.4637
418 959 0.5706
418 960 0.9418
418 961 0.4494
418 963 0.2572
418 964 0.4494
418 965 0.8069
418 966 0.6275
418 967 0.7167
418 968 0.9222
418 969 0.7308
418 971 0.6149
418 972 0.7124
418 973 0.3593
418 974 0.9761
418 975 0.2572
418 976 0.3800
418 977 0.4494
418 978 0.6275
418 979 0.9553
418 980 0.6827
418 981 0.4637
418 982 0.4494
418 983 0.4494
418 984 0.4290
418 985 0.4494
418 986 0.3738
418 987 0.6826
418 989 0.8049
418 990 0.7271
418 991 0.2572
418 992 0.2572
418 993 0.9780
418 994 0.9738
418 995 0.9315
418 998 0.2572
418 999 0.6275
418 1000 0.2572
418 1001 0.4494
418 1002 0.6137
418 1003 0.7098
418 1004 0.9107
418 1005 0.2572
418 1006 0.6827
418 1007 0.9116
418 1008 0.4637
418 1010 0.7124
418 1012 0.2572
418 1013 0.2572
418 1014 0.7412
418 1015 0.5674
418 1016 0.7513
418 1017 0.7017
418 1018 0.4494
418 1019 0.2572
418 1020 0.7365
418 1022 0.5260
418 1023 0.9089
418 1024 0.8049
418 1025 0.4494
418 1026 0.4494
418 1027 0.8098
418 1028 0.4637
418 1029 0.9064
418 1030 0.8836
418 1031 0.2572
418 1032 0.7412
418 1033 0.5706
418 1034 0.3738
418 1035 0.2572
418 1036 0.5985
418 1037 0.6827
418 1038 0.4494
418 1039 0.6275
418 1040 0.2572
418 1041 0.2572
418 1042 0.6433
418 1043 0.7132
418 1044 0.2572
418 1045 0.4637
418 1046 0.6275
418 1047 0.7330
418 1048 0.7167
418 1049 0.8346
418 1050 0.4494
418 1051 0.2572
418 1052 0.4494
418 1053 0.3593
418 1054 0.4494
418 1055 0.3458
418 1056 0.5369
418 1057 0.5427
418 1058 0.4494
418 1059 0.6149
418 1060 0.6359
418 1061 0.3738
418 1062 0.4637
418 1063 0.8552
418 1064 0.2572
418 1065 0.7367
418 1066 0.8585
418 1067 0.7905
418 1068 0.9311
418 1069 0.2572
418 1070 0.5674
418 1071 0.2572
418 1072 0.3593
418 1073 0.2572
418 1075 0.6275
418 1076 0.3738
418 1077 0.6827
418 1078 0.2572
418 1079 0.6602
418 1080 0.3458
418 1081 0.2572
418 1082 0.6275
418 1083 0.8846
418 1084 0.8176
418 1085 0.7124
418 1087 0.4494
418 1089 0.4494
418 1090 0.8979
418 1092 0.2572
418 1093 0.4637
418 1094 0.2572
418 1095 0.2572
418 1096 0.2572
418 1099 0.9957
418 1102 0.4494
418 1103 0.6827
418 1104 0.8439
418 1105 0.9047
418 1106 0.5674
418 1107 0.4494
418 1108 0.7594
418 1109 0.4637
418 1110 0.4494
418 1111 0.4637
418 1114 0.2572
418 1115 0.4494
418 1116 0.7349
418 1117 0.8069
418 1118 0.4494
418 1119 0.4637
418 1120 0.4494
418 1121 0.2572
418 1122 0.3738
418 1123 0.4637
418 1124 0.4494
418 1125 0.7386
418 1126 0.2572
418 1127 0.7124
418 1128 0.8217
418 1129 0.5674
418 1130 0.7271
418 1131 0.4494
418 1132 0.4494
418 1133 0.4637
418 1134 0.2572
418 1135 0.9837
418 1136 0.4494
418 1138 0.8327
418 1139 0.2572
418 1141 0.7132
418 1142 0.7412
418 1143 0.8225
418 1144 0.2572
418 1145 0.4494
418 1146 0.6275
418 1147 0.7066
418 1148 0.2572
418 1149 0.2572
418 1150 0.9303
418 1151 0.4494
418 1152 0.9617
418 1153 0.6054
418 1154 0.9614
418 1155 0.7376
418 1156 0.4494
418 1157 0.4494
418 1158 0.4494
418 1159 0.4494
418 1160 0.4494
418 1161 0.8271
418 1162 0.6275
418 1163 0.7098
418 1165 0.4494
418 1166 0.4494
418 1167 0.7712
418 1169 0.9045
418 1170 0.5291
418 1172 0.4494
418 1174 0.6827
418 1176 0.4637
418 1177 0.6149
418 1178 0.4494
418 1180 0.9100
418 1181 0.6149
418 1182 0.8069
418 1183 0.2572
418 1184 0.2572
418 1185 0.4637
418 1186 0.7349
418 1187 0.8215
418 1188 0.6388
418 1189 0.8049
418 1191 0.8419
418 1192 0.4494
418 1193 0.9372
418 1194 0.2572
418 1195 0.6275
418 1196 0.4494
418 1197 0.6275
418 1198 0.4494
418 1199 0.6433
418 1200 0.8049
418 1201 0.4637
418 1202 0.8101
418 1203 0.7299
418 1204 0.7017
418 1205 0.2572
418 1206 0.9078
418 1207 0.4637
418 1208 0.4290
418 1209 0.7376
418 1210 0.9374
418 1211 0.9269
418 1212 0.2572
418 1213 0.3458
418 1214 0.5291
418 1215 0.2572
418 1216 0.4494
418 1217 0.8601
418 1218 0.7124
418 1219 0.6804
418 1220 0.4494
418 1221 0.4637
418 1222 0.7124
418 1223 0.8410
418 1224 0.2572
418 1225 0.9835
418 1226 0.8864
418 1227 0.7132
418 1228 0.3738
418 1229 0.8951
418 1231 0.3738
418 1233 0.6827
418 1235 0.8454
418 1236 0.2572
418 1237 0.5291
418 1239 0.2572
418 1240 0.9111
418 1241 0.6961
418 1242 0.9048
418 1243 0.2572
418 1244 0.2572
418 1245 0.4494
418 1246 0.7124
418 1247 0.8836
418 1248 0.6275
418 1250 0.4637
418 1251 0.8187
418 1252 0.3458
418 1253 0.4494
418 1254 0.3458
418 1255 0.4494
418 1256 0.4494
418 1257 0.2572
418 1258 0.8981
418 1259 0.6275
418 1260 0.9027
418 1262 0.4637
418 1263 0.5706
418 1265 0.7365
418 1266 0.4494
418 1267 0.2572
418 1268 0.7365
418 1269 0.8903
418 1270 0.6275
418 1271 0.5564
418 1272 0.4494
418 1274 0.4494
418 1275 0.8509
418 1276 0.4637
418 1278 0.4637
418 1279 0.3593
418 1280 0.4637
418 1281 0.4494
418 1282 0.3458
418 1283 0.3458
418 1284 0.6827
418 1286 0.8601
418 1287 0.5369
418 1288 0.5674
418 1289 0.4637
418 1290 0.4494
418 1291 0.5260
418 1292 0.9240
418 1293 0.4494
418 1295 0.2572
418 1296 0.3738
418 1297 0.4494
418 1298 0.5994
418 1299 0.2572
418 1300 0.3738
418 1301 0.5674
418 1302 0.5291
418 1303 0.8521
418 1304 0.4494
418 1305 0.5369
418 1306 0.3738
418 1307 0.3593
418 1308 0.4494
418 1310 0.3593
418 1311 0.4637
418 1312 0.2572
418 1313 0.4494
418 1315 0.4494
418 1316 0.9899
418 1318 0.4494
418 1319 0.3738
418 1320 0.4494
418 1323 0.6149
418 1324 0.5291
418 1325 0.2572
418 1326 0.4637
418 1327 0.6388
418 1328 0.4494
418 1329 0.4494
418 1330 0.8210
418 1331 0.4637
418 1332 0.2572
418 1333 0.5349
418 1334 0.7124
418 1335 0.4494
418 1336 0.6388
418 1337 0.4494
418 1339 0.4494
418 1340 0.4834
418 1341 0.2572
418 1342 0.9412
418 1343 0.4494
418 1344 0.6275
418 1345 0.2572
418 1346 0.6804
418 1347 0.7124
418 1348 0.8069
418 1349 0.6388
418 1350 0.7124
418 1351 0.2572
418 1352 0.2572
418 1353 0.3738
418 1354 0.2572
418 1355 0.2572
418 1356 0.6388
418 1357 0.4494
418 1358 0.2572
418 1359 0.5870
418 1360 0.5349
418 1361 0.6804
418 1362 0.4637
418 1363 0.7582
418 1364 0.5291
418 1365 0.2572
418 1366 0.2572
418 1367 0.6275
418 1368 0.4637
418 1369 0.7536
418 1370 0.9532
418 1371 0.2572
418 1372 0.8069
418 1373 0.2572
418 1374 0.2572
418 1376 0.2572
418 1377 0.3738
418 1379 0.2572
418 1380 0.4637
418 1381 0.2572
418 1382 0.7376
418 1383 0.4494
418 1384 0.5291
418 1385 0.2572
418 1386 0.6433
418 1387 0.8076
418 1388 0.4637
418 1389 0.5674
418 1390 0.6149
418 1392 0.2572
418 1393 0.2572
418 1394 0.4637
418 1395 0.2572
418 1396 0.7349
418 1397 0.4990
418 1398 0.6433
418 1399 0.6388
418 1401 0.2572
418 1402 0.6827
418 1405 0.4637
418 1406 0.2572
418 1407 0.4637
418 1408 0.2572
418 1409 0.6149
418 1410 0.4494
418 1411 0.4494
418 1412 0.4494
418 1413 0.2572
418 1414 0.2572
418 1415 0.3458
418 1416 0.4637
418 1418 0.3738
418 1419 0.5706
418 1421 0.7330
418 1422 0.2572
418 1423 0.4290
418 1424 0.4494
418 1425 0.8457
418 1426 0.9076
418 1427 0.7330
418 1428 0.5870
418 1430 0.2572
418 1431 0.5291
418 1433 0.7132
418 1434 0.9989
418 1435 0.9723
418 1436 0.7448
418 1437 0.8328
418 1438 0.8414
418 1439 0.8647
418 1440 0.9374
418 1441 0.8302
418 1445 0.7124
418 1446 0.7580
418 1448 0.4637
418 1449 0.6275
418 1451 0.2572
418 1452 0.4637
418 1453 0.2572
418 1454 0.2572
418 1455 0.2572
418 1456 0.4637
418 1457 0.4494
418 1458 0.4494
418 1459 0.2572
418 1460 0.6149
418 1461 0.3738
418 1462 0.4494
418 1463 0.4494
418 1464 0.4637
418 1465 0.4494
418 1466 0.3458
418 1468 0.2572
418 1470 0.4494
418 1472 0.6804
418 1473 0.4637
418 1474 0.4494
418 1476 0.6827
418 1477 0.6388
418 1478 0.2572
418 1479 0.7167
418 1481 0.2572
418 1482 0.4494
418 1484 0.2572
418 1485 0.5706
418 1486 0.3738
418 1487 0.4494
418 1490 0.4637
418 1491 0.7124
418 1493 0.6275
418 1494 0.4494
418 1495 0.4290
418 1496 0.4494
418 1497 0.2572
418 1498 0.2572
418 1499 0.4637
418 1500 0.2572
418 1501 0.2572
418 1503 0.8069
418 1504 0.7412
418 1505 0.4637
418 1506 0.2572
418 1507 0.2572
418 1510 0.2572
418 1511 0.2572
418 1512 0.6275
418 1513 0.4637
418 1514 0.2572
418 1515 0.4494
418 1516 0.7412
418 1517 0.2572
418 1518 0.6827
418 1519 0.6650
418 1520 0.9498
418 1522 0.4637
418 1525 0.2572
418 1526 0.3934
418 1527 0.6275
418 1528 0.2572
418 1529 0.8100
418 1530 0.7311
418 1531 0.2572
418 1532 0.4637
418 1534 0.4494
418 1535 0.7124
418 1536 0.5260
418 1537 0.2572
418 1538 0.6690
418 1540 0.4494
418 1541 0.4637
418 1542 0.2572
418 1544 0.2572
418 1545 0.4494
418 1546 0.4637
418 1547 0.6275
418 1548 0.5706
418 1549 0.3593
418 1550 0.4494
418 1551 0.5427
418 1552 0.2572
418 1554 0.2572
418 1555 0.4494
418 1556 0.2572
418 1560 0.3738
418 1562 0.6388
418 1565 0.2572
418 1566 0.2572
418 1567 0.4494
418 1568 0.7376
418 1569 0.4637
418 1570 0.6804
418 1571 0.4494
418 1572 0.4637
418 1573 0.4494
418 1574 0.6827
418 1575 0.6631
418 1576 0.2572
418 1577 0.4637
418 1578 0.6275
418 1579 0.4494
418 1580 0.8069
418 1581 0.4494
418 1582 0.4494
418 1583 0.6275
418 1584 0.5291
418 1585 0.8142
418 1586 0.5291
418 1587 0.4494
418 1588 0.8923
418 1589 0.4494
418 1590 0.6827
418 1591 0.8076
418 1592 0.4494
418 1593 0.8932
418 1595 0.7132
418 1596 0.4290
418 1597 0.2572
418 1598 0.4637
418 1599 0.6827
418 1601 0.4834
418 1602 0.4494
418 1603 0.4637
418 1604 0.5327
418 1605 0.4494
418 1606 0.8076
418 1607 0.7124
418 1608 0.9081
418 1609 0.5291
418 1610 0.3458
418 1611 0.2572
418 1612 0.6827
418 1613 0.9401
418 1614 0.4637
418 1615 0.4494
418 1616 0.4494
418 1618 0.7993
418 1619 0.6275
418 1621 0.9351
418 1622 0.9814
418 1623 0.6827
418 1624 0.8863
418 1625 0.2572
418 1626 0.4494
418 1627 0.3738
418 1628 0.3593
418 1630 0.6827
418 1632 0.2572
418 1633 0.8076
418 1634 0.6275
418 1635 0.2572
418 1636 0.4494
418 1637 0.6275
418 1638 0.3738
418 1639 0.2572
418 1640 0.4494
418 1641 0.3458
418 1642 0.7124
418 1643 0.4494
418 1644 0.4494
418 1645 0.4637
418 1646 0.3458
418 1647 0.3458
418 1648 0.2572
418 1649 0.6275
418 1650 0.4494
418 1651 0.2572
418 1652 0.2572
418 1653 0.6433
418 1654 0.4637
418 1655 0.6275
418 1657 0.2572
418 1658 0.4494
418 1659 0.4494
418 1660 0.5369
418 1661 0.4637
418 1662 0.2572
418 1663 0.7124
418 1664 0.2572
418 1665 0.2572
418 1666 0.4494
418 1667 0.2572
418 1668 0.5706
418 1669 0.2572
418 1670 0.2572
418 1671 0.2572
418 1672 0.2572
418 1673 0.4494
418 1674 0.8276
418 1675 0.2572
418 1676 0.3458
418 1677 0.7124
418 1678 0.6433
418 1679 0.4494
418 1680 0.7124
418 1681 0.2572
418 1682 0.2572
418 1683 0.3023
418 1684 0.4494
418 1685 0.2572
418 1686 0.2572
418 1687 0.2572
418 1688 0.2572
418 1689 0.9849
418 1691 0.5674
418 1692 0.4637
418 1693 0.2572
418 1694 0.8097
418 1695 0.2572
418 1696 0.4494
418 1697 0.2572
418 1698 0.4494
418 1699 0.6631
418 1700 0.7439
418 1701 0.7513
418 1702 0.5291
418 1703 0.4494
418 1704 0.7132
418 1705 0.5291
418 1706 0.6903
418 1707 0.9070
418 1708 0.2572
418 1709 0.4494
418 1710 0.2572
418 1711 0.7124
418 1712 0.9994
418 1713 0.9099
418 1714 0.5059
418 1715 0.7448
418 1716 0.3738
418 1717 0.9992
418 1718 0.7439
418 1719 0.7124
418 1720 0.6149
418 1721 0.7422
418 1722 0.2572
418 1723 0.4494
418 1724 0.2572
418 1725 0.2572
418 1726 0.6388
418 1729 0.4494
419 420 0.5372
419 421 0.3284
419 422 0.2572
419 423 0.1545
419 424 0.7865
419 425 0.4129
419 426 0.2565
419 427 0.5372
419 428 0.6971
419 429 0.1545
419 430 0.1545
419 431 0.3455
419 432 0.3455
419 433 0.3870
419 434 0.7887
419 435 0.5372
419 436 0.3455
419 437 0.1545
419 438 0.6177
419 439 0.3284
419 440 0.3455
419 441 0.4598
419 442 0.7747
419 443 0.1545
419 444 0.3455
419 445 0.1918
419 447 0.4805
419 448 0.1545
419 449 0.5363
419 450 0.3455
419 451 0.3455
419 452 0.5412
419 453 0.4560
419 454 0.9237
419 455 0.3284
419 456 0.4708
419 457 0.2289
419 458 0.5256
419 459 0.3455
419 460 0.5256
419 461 0.5397
419 462 0.1545
419 463 0.5256
419 464 0.2572
419 465 0.2572
419 466 0.8761
419 467 0.2572
419 468 0.3578
419 469 0.4349
419 470 0.4988
419 471 0.7633
419 472 0.8081
419 474 0.1545
419 475 0.7291
419 476 0.6544
419 478 0.2289
419 479 0.3455
419 480 0.4708
419 481 0.2572
419 482 0.4708
419 484 0.6544
419 485 0.5645
419 486 0.1545
419 487 0.3455
419 488 0.3494
419 489 0.2572
419 490 0.3870
419 491 0.3520
419 492 0.5372
419 493 0.1545
419 494 0.4349
419 495 0.8332
419 496 0.6491
419 497 0.7787
419 498 0.6661
419 499 0.6923
419 500 0.1545
419 501 0.3455
419 502 0.1545
419 503 0.3455
419 504 0.3455
419 505 0.3284
419 506 0.7291
419 507 0.2696
419 508 0.3284
419 509 0.5382
419 510 0.3455
419 511 0.7257
419 512 0.5372
419 513 0.2289
419 514 0.6947
419 515 0.6679
419 516 0.7525
419 517 0.4349
419 518 0.2572
419 519 0.6491
419 520 0.4349
419 521 0.3284
419 522 0.3284
419 523 0.4349
419 524 0.1545
419 525 0.1545
419 526 0.5372
419 527 0.4349
419 528 0.2572
419 529 0.3455
419 530 0.3455
419 531 0.3284
419 532 0.1545
419 533 0.3284
419 534 0.3421
419 535 0.1918
419 536 0.5394
419 537 0.6821
419 538 0.1545
419 539 0.3455
419 540 0.4665
419 541 0.3870
419 542 0.5372
419 543 0.3455
419 544 0.5256
419 545 0.3455
419 546 0.5372
419 548 0.5454
419 549 0.4944
419 550 0.3455
419 551 0.3284
419 552 0.5372
419 553 0.3284
419 554 0.5372
419 555 0.7624
419 556 0.3455
419 557 0.7633
419 558 0.6947
419 559 0.2572
419 560 0.5042
419 561 0.6491
419 562 0.2572
419 563 0.5501
419 564 0.3421
419 565 0.3455
419 566 0.1545
419 567 0.3284
419 568 0.9713
419 569 0.5372
419 570 0.2289
419 571 0.8064
419 572 0.6544
419 573 0.6947
419 574 0.2572
419 575 0.3870
419 576 0.4663
419 577 0.3870
419 578 0.3870
419 579 0.6544
419 581 0.1545
419 582 0.5372
419 583 0.2572
419 584 0.2026
419 585 0.7291
419 586 0.5372
419 587 0.8519
419 589 0.5372
419 590 0.8306
419 591 0.2289
419 592 0.6947
419 593 0.3455
419 594 0.2572
419 595 0.2572
419 598 0.3284
419 599 0.3455
419 600 0.6544
419 601 0.5372
419 602 0.4349
419 604 0.2289
419 605 0.3455
419 606 0.5372
419 607 0.5963
419 608 0.2572
419 609 0.3284
419 610 0.5099
419 611 0.1545
419 612 0.2629
419 613 0.4708
419 614 0.8895
419 616 0.3455
419 617 0.3870
419 618 0.6923
419 619 0.7301
419 620 0.3455
419 621 0.5256
419 622 0.5091
419 623 0.3284
419 624 0.3455
419 625 0.5963
419 626 0.6703
419 627 0.5963
419 628 0.6344
419 629 0.5372
419 630 0.3455
419 631 0.6023
419 632 0.3870
419 633 0.4623
419 634 0.4349
419 635 0.3455
419 636 0.3284
419 637 0.6955
419 638 0.2572
419 639 0.9017
419 640 0.3455
419 641 0.1545
419 642 0.2572
419 643 0.6947
419 644 0.3455
419 645 0.4708
419 646 0.2289
419 647 0.3284
419 648 0.3870
419 649 0.1545
419 650 0.7195
419 651 0.3224
419 652 0.4349
419 653 0.4532
419 654 0.3284
419 655 0.5256
419 656 0.3284
419 657 0.3455
419 658 0.3870
419 659 0.7222
419 660 0.2629
419 661 0.3870
419 662 0.5372
419 663 0.3284
419 664 0.6923
419 666 0.2289
419 667 0.3284
419 668 0.3284
419 669 0.3284
419 670 0.3455
419 671 0.6590
419 672 0.3224
419 673 0.3284
419 674 0.2289
419 675 0.3284
419 676 0.6083
419 677 0.3284
419 678 0.3284
419 679 0.3514
419 680 0.3284
419 681 0.1545
419 683 0.3284
419 684 0.5372
419 685 0.8119
419 686 0.4708
419 687 0.6491
419 688 0.3284
419 689 0.8056
419 690 0.2289
419 691 0.4708
419 692 0.3588
419 693 0.1545
419 694 0.7688
419 695 0.7864
419 696 0.3455
419 697 0.5372
419 698 0.4668
419 699 0.8519
419 700 0.2289
419 701 0.1545
419 702 0.3870
419 703 0.6491
419 704 0.2289
419 705 0.1545
419 706 0.6761
419 707 0.1599
419 708 0.3455
419 709 0.4349
419 710 0.5748
419 711 0.7949
419 712 0.4349
419 713 0.2289
419 714 0.7066
419 715 0.1545
419 716 0.1545
419 717 0.3870
419 718 0.6923
419 720 0.1545
419 721 0.3284
419 722 0.3804
419 723 0.1545
419 724 0.2629
419 726 0.7436
419 727 0.5372
419 728 0.5199
419 729 0.3455
419 730 0.1545
419 731 0.6491
419 732 0.6544
419 733 0.3421
419 734 0.3284
419 735 0.6923
419 736 0.7657
419 737 0.7596
419 738 0.3455
419 740 0.3455
419 741 0.6333
419 742 0.3284
419 743 0.6947
419 744 0.6038
419 745 0.3455
419 746 0.1545
419 747 0.4708
419 748 0.9074
419 749 0.1545
419 750 0.6083
419 751 0.3455
419 752 0.6459
419 753 0.5372
419 754 0.1545
419 755 0.4669
419 756 0.3455
419 757 0.5372
419 758 0.3284
419 759 0.2572
419 760 0.3514
419 761 0.3455
419 762 0.1545
419 763 0.7633
419 764 0.5372
419 765 0.3455
419 766 0.3284
419 767 0.3284
419 768 0.8395
419 769 0.5382
419 770 0.6923
419 771 0.2826
419 772 0.3284
419 773 0.3284
419 775 0.3589
419 776 0.4210
419 777 0.5372
419 778 0.6491
419 779 0.1545
419 780 0.5372
419 781 0.2629
419 782 0.3870
419 783 0.5256
419 784 0.5372
419 785 0.5372
419 786 0.4744
419 787 0.3870
419 788 0.3455
419 789 0.6923
419 791 0.1545
419 792 0.2629
419 793 0.5865
419 794 0.4708
419 796 0.3284
419 797 0.3455
419 798 0.3455
419 799 0.5740
419 800 0.3455
419 801 0.6923
419 802 0.3455
419 803 0.5963
419 804 0.7727
419 805 0.3240
419 806 0.3284
419 807 0.3284
419 808 0.7452
419 809 0.3455
419 810 0.3284
419 811 0.7541
419 812 0.3455
419 813 0.8220
419 814 0.3455
419 815 0.4349
419 816 0.2572
419 817 0.4944
419 818 0.2044
419 819 0.3870
419 820 0.2572
419 821 0.6544
419 822 0.2572
419 823 0.7014
419 824 0.3455
419 825 0.8359
419 827 0.5118
419 828 0.5372
419 829 0.5372
419 830 0.3455
419 831 0.6342
419 832 0.7310
419 833 0.3455
419 834 0.5748
419 835 0.3455
419 836 0.7291
419 837 0.1545
419 838 0.2743
419 839 0.3455
419 840 0.3455
419 841 0.4001
419 842 0.3455
419 843 0.3284
419 844 0.1545
419 845 0.5256
419 846 0.4944
419 847 0.1545
419 848 0.3284
419 849 0.2110
419 850 0.3455
419 851 0.6005
419 852 0.1545
419 853 0.2572
419 854 0.1545
419 855 0.4349
419 856 0.3455
419 858 0.7738
419 859 0.1545
419 860 0.5372
419 861 0.5372
419 862 0.3455
419 864 0.2572
419 865 0.4349
419 866 0.3284
419 867 0.7192
419 868 0.5256
419 869 0.7353
419 870 0.2331
419 871 0.4665
419 872 0.9942
419 874 0.2629
419 875 0.2289
419 876 0.5256
419 877 0.3455
419 878 0.5372
419 880 0.8519
419 881 0.1599
419 882 0.3284
419 883 0.4663
419 884 0.3455
419 885 0.3284
419 886 0.3284
419 887 0.7820
419 888 0.3455
419 889 0.3284
419 890 0.3870
419 891 0.8727
419 892 0.3455
419 893 0.6544
419 894 0.5256
419 895 0.5256
419 896 0.3455
419 897 0.1545
419 898 0.6489
419 899 0.3455
419 900 0.3455
419 901 0.4708
419 903 0.7226
419 905 0.3284
419 906 0.1545
419 907 0.3455
419 908 0.6947
419 909 0.5742
419 910 0.1545
419 911 0.3455
419 912 0.2629
419 913 0.5256
419 914 0.4349
419 915 0.7057
419 916 0.1545
419 917 0.3455
419 918 0.3284
419 919 0.3284
419 920 0.4349
419 921 0.3870
419 922 0.4349
419 924 0.3284
419 925 0.1545
419 928 0.5256
419 929 0.7865
419 930 0.4544
419 932 0.1545
419 933 0.3455
419 934 0.3284
419 935 0.5118
419 936 0.3284
419 937 0.1545
419 938 0.5256
419 940 0.1545
419 941 0.3455
419 942 0.2359
419 943 0.5372
419 944 0.3455
419 946 0.3211
419 947 0.5118
419 948 0.3455
419 949 0.1545
419 950 0.1918
419 951 0.3284
419 952 0.5963
419 953 0.6186
419 954 0.2572
419 955 0.6491
419 956 0.1545
419 957 0.3455
419 958 0.3284
419 959 0.4708
419 960 0.8869
419 961 0.3455
419 963 0.1545
419 964 0.3455
419 965 0.5372
419 966 0.5372
419 967 0.6491
419 968 0.8010
419 969 0.3284
419 971 0.3284
419 972 0.3455
419 973 0.2289
419 974 0.9357
419 975 0.1545
419 976 0.2359
419 977 0.3455
419 978 0.5372
419 979 0.7185
419 980 0.3284
419 981 0.3284
419 982 0.3455
419 983 0.3455
419 984 0.1545
419 985 0.3455
419 986 0.2629
419 987 0.5963
419 989 0.5256
419 990 0.6544
419 991 0.1545
419 992 0.1545
419 993 0.7358
419 994 0.7988
419 995 0.5465
419 998 0.1545
419 999 0.5372
419 1000 0.1545
419 1001 0.3455
419 1002 0.5197
419 1003 0.6905
419 1004 0.5928
419 1005 0.1545
419 1006 0.3284
419 1007 0.7623
419 1008 0.3284
419 1010 0.3455
419 1012 0.1545
419 1013 0.1545
419 1014 0.6923
419 1015 0.4349
419 1016 0.3455
419 1017 0.4349
419 1018 0.3455
419 1019 0.1545
419 1020 0.5256
419 1022 0.3870
419 1023 0.7865
419 1024 0.5256
419 1025 0.3455
419 1026 0.3455
419 1027 0.5115
419 1028 0.3284
419 1029 0.3126
419 1030 0.6947
419 1031 0.1545
419 1032 0.6923
419 1033 0.4708
419 1034 0.2629
419 1035 0.1545
419 1036 0.4598
419 1037 0.3284
419 1038 0.3455
419 1039 0.5372
419 1040 0.1545
419 1041 0.1545
419 1042 0.5256
419 1043 0.2289
419 1044 0.1545
419 1045 0.3284
419 1046 0.6921
419 1047 0.1918
419 1048 0.6491
419 1049 0.2302
419 1050 0.3455
419 1051 0.1545
419 1052 0.3455
419 1053 0.2289
419 1054 0.5382
419 1055 0.2572
419 1056 0.3870
419 1057 0.4001
419 1058 0.3455
419 1059 0.3284
