96 247 0.0997
96 248 0.4992
96 249 0.1925
96 250 0.5080
96 251 0.0646
96 252 0.0918
96 253 0.1492
96 254 0.5933
96 255 0.1206
96 256 0.1483
96 257 0.0533
96 258 0.1215
96 259 0.0687
96 260 0.1978
96 261 0.0722
96 262 0.7555
96 263 0.3559
96 264 0.1184
96 265 0.0773
96 266 0.5922
96 267 0.0585
96 268 0.0748
96 269 0.2932
96 270 0.3365
96 271 0.5339
96 272 0.0565
96 273 0.0481
96 274 0.0647
96 275 0.6290
96 276 0.1530
96 277 0.0802
96 278 0.5806
96 279 0.4487
96 280 0.0813
96 281 0.0916
96 282 0.0360
96 283 0.2008
96 284 0.7228
96 285 0.1994
96 286 0.2302
96 287 0.2311
96 288 0.1618
96 289 0.5462
96 290 0.5961
96 291 0.0847
96 292 0.2924
96 293 0.4873
96 294 0.0972
96 295 0.0391
96 296 0.2706
96 297 0.0861
96 298 0.4037
96 299 0.0564
96 300 0.4990
96 301 0.5271
96 302 0.0452
96 303 0.0381
96 304 0.7468
96 305 0.0604
96 306 0.0424
96 307 0.1041
96 308 0.0752
96 309 0.2497
96 310 0.0657
96 311 0.1144
96 313 0.1209
96 314 0.5402
96 315 0.0621
96 316 0.4220
96 317 0.0620
96 318 0.0591
96 319 0.0602
96 320 0.4533
96 321 0.2380
96 322 0.0668
96 323 0.1787
96 324 0.0541
96 325 0.5022
96 326 0.4540
96 327 0.1219
96 328 0.7292
96 329 0.0511
96 330 0.1569
96 331 0.0504
96 332 0.0202
96 333 0.1449
96 334 0.5593
96 335 0.1510
96 336 0.4292
96 337 0.1086
96 338 0.0611
96 339 0.4263
96 340 0.6159
96 341 0.1965
96 342 0.5073
96 343 0.1568
96 344 0.4401
96 345 0.0895
96 346 0.2117
96 347 0.0633
96 348 0.2768
96 349 0.1344
96 350 0.2082
96 351 0.0317
96 352 0.2531
96 353 0.0967
96 354 0.1254
96 355 0.0668
96 356 0.0853
96 357 0.1548
96 358 0.0860
96 359 0.4308
96 360 0.1334
96 361 0.0597
96 362 0.0554
96 363 0.4637
96 364 0.0551
96 366 0.0683
96 367 0.1296
96 368 0.3933
96 369 0.0786
96 370 0.3351
96 371 0.0466
96 372 0.1236
96 373 0.1119
96 374 0.5173
96 375 0.0827
96 376 0.0399
96 377 0.4414
96 378 0.0947
96 379 0.0831
96 380 0.3191
96 381 0.0656
96 382 0.0850
96 383 0.4519
96 384 0.5310
96 385 0.3066
96 386 0.0942
96 387 0.0276
96 388 0.1324
96 389 0.0443
96 390 0.2329
96 391 0.0483
96 392 0.6180
96 393 0.1894
96 394 0.2317
96 395 0.0727
96 396 0.0651
96 397 0.0993
96 398 0.6604
96 399 0.1904
96 400 0.1545
96 402 0.1664
96 403 0.0293
96 404 0.0870
96 405 0.1328
96 406 0.3403
96 407 0.0681
96 408 0.0479
96 409 0.0620
96 410 0.1154
96 411 0.4099
96 412 0.1118
96 413 0.0465
96 414 0.4517
96 415 0.2153
96 416 0.1305
96 418 0.5127
96 419 0.2192
96 420 0.1322
96 421 0.0757
96 422 0.3998
96 423 0.0604
96 424 0.2016
96 425 0.0463
96 426 0.1183
96 427 0.1042
96 428 0.0981
96 429 0.1167
96 430 0.0936
96 431 0.4137
96 432 0.2381
96 433 0.2073
96 434 0.2996
96 435 0.0486
96 436 0.0664
96 437 0.1265
96 438 0.0976
96 439 0.1695
96 440 0.0814
96 441 0.1048
96 442 0.1534
96 443 0.1052
96 444 0.0708
96 445 0.2508
96 447 0.0859
96 448 0.0602
96 449 0.1520
96 450 0.0780
96 451 0.1230
96 452 0.5693
96 453 0.3868
96 454 0.3430
96 455 0.0747
96 456 0.1078
96 457 0.0455
96 458 0.1225
96 459 0.0627
96 460 0.3262
96 461 0.1294
96 462 0.0686
96 463 0.2871
96 464 0.0309
96 465 0.2861
96 466 0.1324
96 467 0.3819
96 468 0.4435
96 469 0.0690
96 470 0.0479
96 471 0.2515
96 472 0.6465
96 474 0.0586
96 475 0.2092
96 476 0.1136
96 478 0.0927
96 479 0.1133
96 480 0.0522
96 481 0.1420
96 482 0.0899
96 484 0.0943
96 485 0.3825
96 486 0.0439
96 487 0.0624
96 488 0.0593
96 489 0.3758
96 490 0.3773
96 491 0.5536
96 492 0.4509
96 493 0.0437
96 494 0.1452
96 495 0.3535
96 496 0.0349
96 497 0.3663
96 498 0.5993
96 499 0.2005
96 500 0.1030
96 501 0.5418
96 502 0.0624
96 503 0.2424
96 504 0.0508
96 505 0.0367
96 506 0.0759
96 507 0.4844
96 508 0.0804
96 509 0.1244
96 510 0.2302
96 511 0.2168
96 512 0.0649
96 513 0.0762
96 514 0.6661
96 515 0.0712
96 516 0.3121
96 517 0.2085
96 518 0.1581
96 519 0.4272
96 520 0.2801
96 521 0.0983
96 522 0.1171
96 523 0.4487
96 524 0.1100
96 525 0.0790
96 526 0.0739
96 527 0.3276
96 528 0.0297
96 530 0.0470
96 531 0.1672
96 532 0.0398
96 533 0.1687
96 534 0.0640
96 535 0.0690
96 536 0.6861
96 537 0.1888
96 538 0.1991
96 539 0.0942
96 540 0.1340
96 541 0.0526
96 542 0.2866
96 544 0.0819
96 545 0.0482
96 546 0.2824
96 547 0.0471
96 548 0.0879
96 549 0.1076
96 550 0.0524
96 551 0.0907
96 552 0.0817
96 553 0.6910
96 554 0.3292
96 555 0.0916
96 556 0.3191
96 557 0.2198
96 558 0.1018
96 559 0.4527
96 560 0.6672
96 561 0.0996
96 562 0.4881
96 563 0.0723
96 564 0.4595
96 565 0.3285
96 566 0.0852
96 567 0.0973
96 568 0.9642
96 569 0.3575
96 570 0.0486
96 571 0.1244
96 572 0.1000
96 573 0.2709
96 574 0.0766
96 575 0.1058
96 576 0.0826
96 577 0.0921
96 578 0.5019
96 579 0.3752
96 580 0.0813
96 581 0.0602
96 582 0.4222
96 583 0.4692
96 584 0.0502
96 585 0.0521
96 586 0.2605
96 587 0.3364
96 589 0.1629
96 590 0.3263
96 591 0.0752
96 592 0.3979
96 593 0.0831
96 594 0.0889
96 595 0.0456
96 598 0.1863
96 599 0.2274
96 600 0.0805
96 601 0.1035
96 602 0.0844
96 604 0.3112
96 605 0.0992
96 606 0.1616
96 607 0.0915
96 608 0.0719
96 609 0.1568
96 610 0.0763
96 611 0.1182
96 612 0.0822
96 613 0.4782
96 614 0.0978
96 615 0.1129
96 616 0.2167
96 617 0.2997
96 618 0.3430
96 619 0.1565
96 620 0.3267
96 621 0.0950
96 622 0.1037
96 623 0.1438
96 624 0.0414
96 625 0.1318
96 626 0.6132
96 627 0.0504
96 628 0.5215
96 629 0.1342
96 630 0.0807
96 631 0.0349
96 632 0.0365
96 633 0.0571
96 634 0.0635
96 635 0.1439
96 636 0.1386
96 637 0.1349
96 638 0.1544
96 639 0.9239
96 640 0.1222
96 641 0.0480
96 642 0.0579
96 643 0.1886
96 644 0.0546
96 645 0.1161
96 646 0.0718
96 647 0.0947
96 648 0.4760
96 649 0.4299
96 650 0.0660
96 651 0.1703
96 652 0.0626
96 653 0.0507
96 654 0.0857
96 655 0.3731
96 656 0.0469
96 657 0.2125
96 658 0.0975
96 659 0.4739
96 660 0.0735
96 661 0.2325
96 662 0.3686
96 663 0.1429
96 664 0.1640
96 665 0.1141
96 666 0.4931
96 667 0.4614
96 668 0.4185
96 669 0.0718
96 670 0.1539
96 671 0.0434
96 672 0.3879
96 673 0.4185
96 674 0.1779
96 675 0.2288
96 676 0.2453
96 677 0.1614
96 678 0.1765
96 679 0.1501
96 680 0.4723
96 681 0.0836
96 682 0.2959
96 683 0.1944
96 684 0.0977
96 685 0.6050
96 686 0.2470
96 687 0.2135
96 688 0.0909
96 689 0.2930
96 690 0.0692
96 691 0.1043
96 692 0.5074
96 693 0.0907
96 694 0.3811
96 695 0.3494
96 696 0.1028
96 697 0.0433
96 698 0.0491
96 699 0.1570
96 700 0.0625
96 701 0.0586
96 702 0.0722
96 703 0.0739
96 704 0.0840
96 705 0.0740
96 706 0.8194
96 707 0.2930
96 708 0.1131
96 709 0.1206
96 710 0.5207
96 711 0.1601
96 712 0.3946
96 713 0.1372
96 714 0.1062
96 715 0.1271
96 716 0.0792
96 717 0.3558
96 718 0.1136
96 720 0.0537
96 721 0.1312
96 722 0.7163
96 723 0.1077
96 724 0.0989
96 725 0.0586
96 726 0.2783
96 727 0.0955
96 728 0.1930
96 729 0.0863
96 730 0.1033
96 731 0.3294
96 732 0.2687
96 733 0.0889
96 734 0.0987
96 735 0.1721
96 736 0.1550
96 737 0.3270
96 738 0.0947
96 740 0.1213
96 741 0.1662
96 742 0.0508
96 743 0.3255
96 744 0.0353
96 745 0.0685
96 746 0.1097
96 747 0.1068
96 748 0.5245
96 749 0.3526
96 750 0.0612
96 751 0.0928
96 752 0.0416
96 753 0.0599
96 754 0.1012
96 755 0.0775
96 756 0.0591
96 757 0.3378
96 758 0.1323
96 759 0.1766
96 760 0.5460
96 761 0.1125
96 762 0.0996
96 763 0.0736
96 764 0.2016
96 765 0.2996
96 766 0.3559
96 767 0.1344
96 768 0.4910
96 769 0.1191
96 770 0.2554
96 771 0.5334
96 772 0.1272
96 773 0.3994
96 774 0.0582
96 775 0.0719
96 776 0.0828
96 777 0.0541
96 778 0.1970
96 779 0.0634
96 780 0.0738
96 781 0.0996
96 782 0.2643
96 783 0.2848
96 784 0.4503
96 785 0.1058
96 786 0.0589
96 787 0.0895
96 788 0.1063
96 789 0.1873
96 791 0.0556
96 792 0.3065
96 793 0.0849
96 794 0.0633
96 795 0.0692
96 796 0.2170
96 797 0.3997
96 798 0.3865
96 799 0.2387
96 800 0.1148
96 801 0.5988
96 802 0.3871
96 803 0.5083
96 804 0.3975
96 805 0.1074
96 806 0.1993
96 807 0.1793
96 808 0.2616
96 809 0.1182
96 810 0.4724
96 811 0.8588
96 812 0.1328
96 813 0.1871
96 814 0.1025
96 815 0.0669
96 816 0.1683
96 817 0.5017
96 818 0.2943
96 819 0.4557
96 820 0.0700
96 821 0.2738
96 822 0.4109
96 823 0.3312
96 824 0.2234
96 825 0.1405
96 827 0.0853
96 828 0.0793
96 829 0.3195
96 830 0.3127
96 831 0.1064
96 832 0.3387
96 833 0.0964
96 834 0.1941
96 835 0.1111
96 836 0.0719
96 837 0.0454
96 838 0.0519
96 839 0.1823
96 840 0.0860
96 841 0.1622
96 842 0.0735
96 843 0.3061
96 844 0.0787
96 845 0.0939
96 846 0.0394
96 848 0.2113
96 849 0.0507
96 850 0.0792
96 851 0.1170
96 852 0.1077
96 853 0.2572
96 854 0.2093
96 855 0.3333
96 856 0.1333
96 857 0.0719
96 858 0.4640
96 859 0.0850
96 860 0.4014
96 861 0.1592
96 862 0.4019
96 864 0.0696
96 865 0.3149
96 866 0.1619
96 867 0.1851
96 868 0.2265
96 869 0.5284
96 870 0.0498
96 871 0.5483
96 872 0.6985
96 873 0.2196
96 874 0.0945
96 875 0.4182
96 876 0.0864
96 877 0.0961
96 878 0.2082
96 880 0.1267
96 881 0.3266
96 882 0.1015
96 883 0.1094
96 884 0.0700
96 885 0.0457
96 886 0.1533
96 887 0.1068
96 888 0.2830
96 889 0.0767
96 890 0.0676
96 891 0.3781
96 892 0.0952
96 893 0.0953
96 894 0.3548
96 895 0.1024
96 896 0.1896
96 897 0.1999
96 898 0.4992
96 899 0.3378
96 900 0.5164
96 901 0.0911
96 903 0.6606
96 905 0.0399
96 906 0.1353
96 907 0.0513
96 908 0.1849
96 909 0.2699
96 910 0.0526
96 911 0.0823
96 912 0.3526
96 913 0.1408
96 914 0.1074
96 915 0.1695
96 916 0.2791
96 917 0.0992
96 918 0.0767
96 919 0.0805
96 920 0.1697
96 921 0.0754
96 922 0.0855
96 924 0.1574
96 925 0.1119
96 928 0.2656
96 929 0.2037
96 930 0.0996
96 932 0.2776
96 933 0.0840
96 934 0.2196
96 935 0.0601
96 936 0.3394
96 937 0.1101
96 938 0.0609
96 939 0.0735
96 940 0.0714
96 941 0.0957
96 942 0.0385
96 943 0.3730
96 944 0.0971
96 946 0.0949
96 947 0.0578
96 948 0.0772
96 949 0.3214
96 950 0.0673
96 951 0.0862
96 952 0.0632
96 953 0.0803
96 954 0.1183
96 955 0.4550
96 956 0.1939
96 957 0.1051
96 958 0.0761
96 959 0.5132
96 960 0.4079
96 961 0.2276
96 962 0.0815
96 963 0.1867
96 964 0.0696
96 965 0.0463
96 966 0.0903
96 967 0.5553
96 968 0.1110
96 969 0.0776
96 971 0.2960
96 972 0.0809
96 973 0.0356
96 974 0.3576
96 975 0.0831
96 976 0.5577
96 977 0.1357
96 978 0.3634
96 979 0.0677
96 980 0.1003
96 981 0.1304
96 982 0.0798
96 983 0.4503
96 984 0.0684
96 985 0.0939
96 986 0.0356
96 987 0.0486
96 989 0.0591
96 990 0.1152
96 991 0.0493
96 992 0.2143
96 993 0.0785
96 994 0.3403
96 995 0.1136
96 996 0.1003
96 998 0.0849
96 999 0.1355
96 1000 0.0709
96 1001 0.3594
96 1002 0.7267
96 1003 0.2327
96 1004 0.7089
96 1005 0.0705
96 1006 0.1463
96 1007 0.6371
96 1008 0.1243
96 1010 0.1167
96 1013 0.3271
96 1014 0.0464
96 1015 0.1097
96 1016 0.0618
96 1017 0.0871
96 1018 0.3965
96 1019 0.1376
96 1020 0.2949
96 1022 0.0650
96 1023 0.1528
96 1024 0.0802
96 1025 0.0957
96 1026 0.1104
96 1027 0.1320
96 1028 0.3865
96 1029 0.0487
96 1030 0.0857
96 1032 0.5938
96 1033 0.1456
96 1034 0.3779
96 1035 0.1470
96 1036 0.4756
96 1037 0.1773
96 1038 0.1197
96 1039 0.3791
96 1040 0.2687
96 1041 0.0793
96 1042 0.1591
96 1043 0.0961
96 1044 0.0994
96 1045 0.1022
96 1046 0.1214
96 1047 0.0532
96 1048 0.1725
96 1049 0.0491
96 1050 0.0579
96 1051 0.1380
96 1052 0.0805
96 1053 0.4114
96 1054 0.1195
96 1055 0.0446
96 1056 0.0811
96 1057 0.3586
96 1058 0.3182
96 1059 0.5207
96 1060 0.6360
96 1061 0.1103
96 1062 0.1939
96 1063 0.1689
96 1064 0.1283
96 1065 0.0625
96 1066 0.1146
96 1067 0.1785
96 1068 0.0725
96 1069 0.1515
96 1070 0.0611
96 1072 0.4178
96 1073 0.1246
96 1075 0.1260
96 1076 0.1044
96 1077 0.1042
96 1078 0.0610
96 1079 0.0603
96 1080 0.0536
96 1081 0.3653
96 1082 0.0745
96 1083 0.3825
96 1084 0.0474
96 1085 0.1519
96 1087 0.0798
96 1089 0.0546
96 1090 0.0769
96 1091 0.0996
96 1092 0.3059
96 1094 0.1712
96 1095 0.4051
96 1096 0.0755
96 1097 0.1214
96 1099 0.7370
96 1102 0.1630
96 1103 0.1419
96 1104 0.1426
96 1105 0.1269
96 1106 0.2181
96 1107 0.0999
96 1108 0.0451
96 1109 0.1344
96 1110 0.1693
96 1111 0.4530
96 1113 0.3227
96 1114 0.1046
96 1115 0.4099
96 1116 0.1666
96 1117 0.1086
96 1118 0.0835
96 1119 0.0988
96 1120 0.2656
96 1121 0.1102
96 1122 0.1198
96 1123 0.1030
96 1125 0.0512
96 1126 0.0959
96 1127 0.4929
96 1128 0.6777
96 1129 0.1017
96 1130 0.0799
96 1131 0.2662
96 1132 0.0845
96 1133 0.2886
96 1134 0.0889
96 1135 0.7957
96 1136 0.0798
96 1138 0.0600
96 1139 0.1851
96 1141 0.0522
96 1142 0.5305
96 1143 0.3800
96 1144 0.1006
96 1145 0.1207
96 1146 0.0718
96 1147 0.0397
96 1148 0.1412
96 1149 0.0798
96 1150 0.0869
96 1151 0.0916
96 1152 0.5913
96 1153 0.0680
96 1154 0.0663
96 1155 0.1559
96 1156 0.0925
96 1157 0.2317
96 1158 0.1365
96 1159 0.0892
96 1160 0.4372
96 1161 0.0298
96 1162 0.3973
96 1163 0.7188
96 1165 0.2979
96 1166 0.0879
96 1167 0.0775
96 1169 0.0520
96 1170 0.0586
96 1172 0.0996
96 1173 0.0735
96 1174 0.0471
96 1176 0.1751
96 1177 0.0913
96 1178 0.1932
96 1180 0.1323
96 1181 0.0698
96 1182 0.1230
96 1183 0.1031
96 1184 0.0590
96 1185 0.0279
96 1186 0.1656
96 1187 0.0600
96 1188 0.1213
96 1189 0.5442
96 1191 0.1372
96 1192 0.0809
96 1193 0.0480
96 1194 0.0728
96 1195 0.2460
96 1196 0.1239
96 1197 0.3140
96 1198 0.2316
96 1199 0.0850
96 1200 0.1066
96 1201 0.2271
96 1202 0.0385
96 1203 0.1391
96 1204 0.1137
96 1205 0.1954
96 1206 0.3623
96 1207 0.1272
96 1208 0.1554
96 1209 0.1222
96 1210 0.1459
96 1211 0.0917
96 1212 0.0874
96 1213 0.0624
96 1214 0.0542
96 1215 0.0735
96 1216 0.2270
96 1217 0.1159
96 1218 0.0890
96 1219 0.1199
96 1220 0.1053
96 1221 0.1381
96 1222 0.1980
96 1223 0.0735
96 1224 0.0979
96 1225 0.4054
96 1226 0.3321
96 1227 0.0863
96 1228 0.0849
96 1229 0.0519
96 1230 0.1784
96 1231 0.0471
96 1232 0.0453
96 1233 0.0662
96 1234 0.1086
96 1235 0.0517
96 1236 0.1074
96 1237 0.0417
96 1238 0.0810
96 1240 0.1302
96 1241 0.0673
96 1242 0.1586
96 1243 0.0735
96 1244 0.1106
96 1245 0.0974
96 1246 0.0933
96 1247 0.0514
96 1248 0.4763
96 1249 0.1732
96 1250 0.0937
96 1251 0.0475
96 1252 0.1082
96 1253 0.0993
96 1254 0.0820
96 1255 0.0746
96 1256 0.1139
96 1257 0.1101
96 1258 0.4767
96 1259 0.1848
96 1260 0.1506
96 1262 0.0770
96 1263 0.1220
96 1265 0.2719
96 1266 0.0996
96 1267 0.0718
96 1268 0.0676
96 1269 0.3254
96 1270 0.0853
96 1271 0.0685
96 1272 0.2200
96 1273 0.0609
96 1274 0.1548
96 1275 0.0910
96 1276 0.1425
96 1278 0.0892
96 1279 0.0737
96 1280 0.0631
96 1281 0.2182
96 1282 0.4373
96 1283 0.4479
96 1284 0.5022
96 1286 0.1517
96 1287 0.5400
96 1288 0.1571
96 1289 0.3998
96 1290 0.3781
96 1291 0.5199
96 1292 0.9184
96 1293 0.3698
96 1295 0.4328
96 1296 0.4417
96 1297 0.3669
96 1298 0.6142
96 1299 0.4265
96 1300 0.4217
96 1301 0.4136
96 1302 0.3209
96 1303 0.6038
96 1304 0.4659
96 1305 0.4368
96 1306 0.4239
96 1307 0.0735
96 1308 0.0836
96 1309 0.3661
96 1310 0.4727
96 1311 0.0735
96 1312 0.2942
96 1313 0.2621
96 1315 0.1361
96 1316 0.9746
96 1318 0.2166
96 1319 0.2216
96 1320 0.3004
96 1322 0.2223
96 1323 0.1875
96 1324 0.0746
96 1325 0.1139
96 1326 0.1448
96 1327 0.1457
96 1328 0.0923
96 1329 0.1358
96 1330 0.0993
96 1331 0.1299
96 1332 0.1116
96 1333 0.1024
96 1334 0.0648
96 1335 0.0536
96 1336 0.0630
96 1337 0.1507
96 1338 0.2073
96 1339 0.0900
96 1340 0.1195
96 1341 0.1094
96 1342 0.0616
96 1343 0.1090
96 1344 0.1295
96 1345 0.0987
96 1346 0.0958
96 1347 0.0735
96 1348 0.0795
96 1349 0.1494
96 1350 0.1251
96 1352 0.0841
96 1353 0.0444
96 1354 0.1511
96 1355 0.0444
96 1356 0.4505
96 1357 0.0784
96 1358 0.0683
96 1359 0.1038
96 1360 0.0290
96 1361 0.0463
96 1362 0.1574
96 1363 0.2417
96 1364 0.0882
96 1365 0.0562
96 1366 0.0996
96 1367 0.0727
96 1368 0.5156
96 1369 0.4798
96 1370 0.1107
96 1372 0.1606
96 1373 0.0732
96 1374 0.0856
96 1375 0.0576
96 1376 0.0856
96 1377 0.0586
96 1378 0.0798
96 1379 0.1309
96 1380 0.1589
96 1381 0.1059
96 1382 0.1201
96 1383 0.1117
96 1384 0.0502
96 1385 0.0860
96 1386 0.1777
96 1387 0.1339
96 1388 0.1146
96 1389 0.0959
96 1390 0.0939
96 1392 0.0735
96 1393 0.0604
96 1394 0.0497
96 1395 0.1026
96 1396 0.1187
96 1397 0.1130
96 1398 0.1208
96 1399 0.1250
96 1401 0.0983
96 1402 0.0780
96 1405 0.2167
96 1406 0.1525
96 1407 0.0757
96 1408 0.1400
96 1409 0.0989
96 1410 0.0550
96 1411 0.1278
96 1412 0.0899
96 1414 0.0987
96 1415 0.0431
96 1416 0.0921
96 1419 0.1435
96 1420 0.1114
96 1421 0.0773
96 1422 0.0454
96 1423 0.0651
96 1424 0.0541
96 1425 0.0422
96 1426 0.4923
96 1427 0.0600
96 1428 0.0526
96 1430 0.0792
96 1431 0.0600
96 1433 0.0753
96 1434 0.4022
96 1435 0.0759
96 1436 0.0751
96 1437 0.0683
96 1438 0.0504
96 1439 0.3922
96 1440 0.1439
96 1441 0.0428
96 1443 0.0620
96 1446 0.0840
96 1448 0.3875
96 1449 0.1059
96 1451 0.1157
96 1452 0.3565
96 1453 0.0836
96 1454 0.0996
96 1455 0.1239
96 1456 0.1181
96 1457 0.1363
96 1458 0.1008
96 1459 0.0816
96 1460 0.1147
96 1461 0.1267
96 1462 0.1218
96 1463 0.0835
96 1464 0.0537
96 1465 0.1278
96 1466 0.0808
96 1468 0.1573
96 1470 0.1058
96 1472 0.1413
96 1473 0.1369
96 1474 0.1131
96 1475 0.0864
96 1476 0.1316
96 1477 0.0855
96 1479 0.0705
96 1480 0.1421
96 1481 0.0680
96 1482 0.2186
96 1484 0.1575
96 1485 0.1385
96 1487 0.0822
96 1488 0.0819
96 1490 0.0716
96 1491 0.0667
96 1492 0.0481
96 1493 0.0604
96 1494 0.0815
96 1495 0.2610
96 1496 0.0443
96 1497 0.1466
96 1498 0.1142
96 1499 0.3589
96 1500 0.1041
96 1501 0.4229
96 1503 0.2045
96 1504 0.1557
96 1505 0.1080
96 1506 0.1185
96 1507 0.3725
96 1508 0.1205
96 1510 0.1150
96 1511 0.2754
96 1512 0.1340
96 1513 0.2701
96 1514 0.0996
96 1515 0.0905
96 1516 0.2055
96 1517 0.2406
96 1518 0.1334
96 1519 0.7118
96 1520 0.9485
96 1522 0.4589
96 1523 0.2497
96 1525 0.1877
96 1526 0.5493
96 1527 0.5616
96 1528 0.1894
96 1529 0.3257
96 1530 0.5592
96 1531 0.2503
96 1532 0.3322
96 1534 0.2186
96 1535 0.4289
96 1536 0.4886
96 1537 0.4017
96 1538 0.5695
96 1540 0.2974
96 1541 0.4276
96 1542 0.3690
96 1544 0.0470
96 1545 0.1291
96 1546 0.4894
96 1547 0.5011
96 1548 0.4578
96 1549 0.3407
96 1550 0.1173
96 1551 0.3516
96 1552 0.1140
96 1553 0.1679
96 1554 0.4730
96 1555 0.0735
96 1556 0.3267
96 1560 0.2836
96 1562 0.3168
96 1565 0.2408
96 1566 0.2497
96 1567 0.4319
96 1568 0.1288
96 1569 0.2080
96 1570 0.1192
96 1571 0.0290
96 1572 0.1641
96 1573 0.0402
96 1574 0.1269
96 1575 0.1131
96 1577 0.2640
96 1578 0.1789
96 1579 0.2549
96 1580 0.1085
96 1581 0.0685
96 1582 0.1034
96 1583 0.1424
96 1584 0.1152
96 1585 0.1265
96 1586 0.0489
96 1587 0.1308
96 1588 0.1193
96 1589 0.0624
96 1590 0.0669
96 1591 0.0577
96 1592 0.5834
96 1593 0.0671
96 1594 0.1877
96 1595 0.1219
96 1596 0.0630
96 1597 0.0957
96 1598 0.1197
96 1599 0.0688
96 1601 0.0920
96 1602 0.0993
96 1603 0.1135
96 1604 0.0800
96 1605 0.0752
96 1606 0.2842
96 1607 0.1108
96 1608 0.1445
96 1609 0.1684
96 1610 0.0677
96 1611 0.0752
96 1612 0.1877
96 1613 0.1108
96 1614 0.1289
96 1615 0.0755
96 1616 0.0843
96 1617 0.1096
96 1618 0.4609
96 1619 0.1575
96 1620 0.1672
96 1621 0.1467
96 1622 0.2406
96 1623 0.1550
96 1624 0.1133
96 1625 0.1059
96 1626 0.0624
96 1627 0.0639
96 1628 0.1861
96 1629 0.2233
96 1630 0.1550
96 1631 0.0732
96 1632 0.1457
96 1633 0.1604
96 1634 0.0650
96 1635 0.1236
96 1636 0.1300
96 1637 0.1429
96 1638 0.0800
96 1639 0.0381
96 1640 0.0657
96 1641 0.0732
96 1642 0.0589
96 1643 0.1392
96 1644 0.0735
96 1645 0.1319
96 1646 0.0879
96 1647 0.0792
96 1648 0.1454
96 1649 0.0691
96 1650 0.1415
96 1651 0.1851
96 1652 0.0965
96 1653 0.2829
96 1654 0.1151
96 1655 0.1558
96 1656 0.0735
96 1657 0.0996
96 1658 0.1764
96 1659 0.1174
96 1660 0.0527
96 1661 0.1051
96 1662 0.0401
96 1663 0.0763
96 1664 0.0825
96 1665 0.0774
96 1666 0.1253
96 1667 0.0812
96 1668 0.0915
96 1669 0.1708
96 1670 0.0639
96 1671 0.1522
96 1672 0.0870
96 1673 0.0735
96 1674 0.0808
96 1675 0.1122
96 1676 0.0713
96 1677 0.0735
96 1678 0.0800
96 1679 0.1148
96 1680 0.1175
96 1681 0.1195
96 1682 0.0692
96 1683 0.0723
96 1684 0.1172
96 1685 0.1096
96 1686 0.0349
96 1687 0.0821
96 1688 0.1145
96 1689 0.4787
96 1690 0.0735
96 1691 0.0676
96 1692 0.1221
96 1693 0.1012
96 1694 0.1408
96 1695 0.1531
96 1696 0.1915
96 1697 0.0793
96 1698 0.0577
96 1699 0.0638
96 1700 0.1121
96 1701 0.0618
96 1702 0.0764
96 1703 0.0996
96 1704 0.2585
96 1705 0.0641
96 1706 0.0610
96 1707 0.0732
96 1709 0.0437
96 1710 0.0862
96 1711 0.0781
96 1712 0.4706
96 1713 0.1368
96 1714 0.0508
96 1715 0.0832
96 1716 0.0858
96 1717 0.3730
96 1718 0.0778
96 1719 0.0641
96 1720 0.1516
96 1721 0.0846
96 1723 0.0844
96 1724 0.1057
96 1725 0.0878
96 1726 0.0545
96 1728 0.1122
96 1729 0.0735
97 98 0.0464
97 99 0.0726
97 100 0.0413
97 101 0.0584
97 102 0.7909
97 103 0.2019
97 104 0.1947
97 105 0.6056
97 106 0.5646
97 107 0.1139
97 108 0.2162
97 109 0.0677
97 110 0.5701
97 111 0.4502
97 112 0.1443
97 113 0.5881
97 114 0.5102
97 115 0.0817
97 116 0.0864
97 117 0.3080
97 118 0.1388
97 119 0.1122
97 120 0.0624
97 121 0.6485
97 122 0.0899
97 123 0.1489
97 124 0.1408
97 125 0.2368
97 126 0.3308
97 127 0.0424
97 128 0.0773
97 129 0.4313
97 130 0.1204
97 131 0.5593
97 132 0.0759
97 133 0.0956
97 134 0.1864
97 135 0.1253
97 136 0.1595
97 137 0.1973
97 138 0.0968
97 139 0.0957
97 140 0.0766
97 142 0.1262
97 143 0.0997
97 144 0.0643
97 145 0.1246
97 146 0.2019
97 147 0.1015
97 148 0.0523
97 149 0.2501
97 150 0.0220
97 151 0.1749
97 152 0.3267
97 153 0.1982
97 154 0.0643
97 156 0.1999
97 157 0.1453
97 158 0.2832
97 159 0.8130
97 160 0.4239
97 161 0.4256
97 162 0.3348
97 163 0.1059
97 164 0.1549
97 165 0.2758
97 166 0.0973
97 167 0.2382
97 168 0.0665
97 169 0.1457
97 170 0.4070
97 171 0.1408
97 172 0.0442
97 173 0.0261
97 174 0.2547
97 175 0.0862
97 176 0.1533
97 177 0.2210
97 178 0.1717
97 179 0.2113
97 180 0.4961
97 181 0.3321
97 182 0.3193
97 183 0.6028
97 184 0.3100
97 185 0.1465
97 186 0.3605
97 187 0.2298
97 188 0.5712
97 189 0.3273
97 191 0.2766
97 192 0.1040
97 193 0.1037
97 194 0.3508
97 195 0.0672
97 196 0.1152
97 197 0.0312
97 198 0.4728
97 199 0.1869
97 200 0.4205
97 201 0.1250
97 202 0.0921
97 203 0.0936
97 204 0.1110
97 206 0.4130
97 207 0.0307
97 208 0.0237
97 209 0.0419
97 210 0.0577
97 211 0.5020
97 212 0.0656
97 213 0.0679
97 214 0.0921
97 215 0.2481
97 216 0.0754
97 217 0.1009
97 218 0.5759
97 219 0.4872
97 220 0.0650
97 221 0.0661
97 222 0.2192
97 223 0.4467
97 224 0.5367
97 225 0.2061
97 226 0.0627
97 227 0.0264
97 228 0.4173
97 229 0.0454
97 230 0.2002
97 231 0.1411
97 232 0.0838
97 233 0.1025
97 234 0.0683
97 235 0.1433
97 236 0.1047
97 237 0.0785
97 238 0.1139
97 239 0.1101
97 240 0.2917
97 241 0.2310
97 242 0.4060
97 243 0.4339
97 244 0.0650
97 245 0.0879
97 246 0.0743
97 247 0.0475
97 248 0.6138
97 249 0.0580
97 250 0.5357
97 251 0.0606
97 252 0.0409
97 253 0.1215
97 254 0.5669
97 255 0.0828
97 256 0.2361
97 257 0.0307
97 258 0.1173
97 259 0.1018
97 260 0.1127
97 261 0.1452
97 262 0.7372
97 263 0.1113
97 264 0.0997
97 265 0.1619
97 266 0.5608
97 267 0.0644
97 268 0.0463
97 269 0.2490
97 270 0.3229
97 271 0.4293
97 272 0.0884
97 273 0.0391
97 274 0.1199
97 275 0.6766
97 276 0.1045
97 277 0.0566
97 278 0.4287
97 279 0.5749
97 280 0.0577
97 281 0.1194
97 282 0.0479
97 283 0.2481
97 284 0.6746
97 285 0.1028
97 286 0.2057
97 287 0.3878
97 288 0.1000
97 289 0.5133
97 290 0.5038
97 291 0.0885
97 292 0.3408
97 293 0.6093
97 294 0.0982
97 295 0.0436
97 296 0.2353
97 297 0.1597
97 298 0.1295
97 299 0.0812
97 300 0.5028
97 301 0.5634
97 302 0.0448
97 303 0.0624
97 304 0.7767
97 305 0.1296
97 306 0.0492
97 307 0.0419
97 308 0.0656
97 309 0.1604
97 310 0.0526
97 311 0.0795
97 313 0.0966
97 314 0.5330
97 315 0.1206
97 316 0.4370
97 317 0.0733
97 318 0.0560
97 319 0.1930
97 320 0.4049
97 321 0.1181
97 322 0.0376
97 323 0.1683
97 324 0.0488
97 325 0.5121
97 326 0.4152
97 327 0.0769
97 328 0.7238
97 329 0.0644
97 330 0.1316
97 331 0.1480
97 332 0.0889
97 333 0.1541
97 334 0.4637
97 335 0.1288
97 336 0.1267
97 337 0.0579
97 338 0.1369
97 339 0.3840
97 340 0.6041
97 341 0.1240
97 342 0.5307
97 343 0.1491
97 344 0.4031
97 345 0.0485
97 346 0.2362
97 347 0.0524
97 348 0.1523
97 349 0.0560
97 350 0.2826
97 351 0.0496
97 352 0.1130
97 353 0.1109
97 354 0.1436
97 355 0.0376
97 356 0.0658
97 357 0.1359
97 358 0.1541
97 359 0.3686
97 360 0.0888
97 361 0.0670
97 362 0.0563
97 363 0.4733
97 364 0.1716
97 366 0.0711
97 367 0.0526
97 368 0.3365
97 369 0.1175
97 370 0.0661
97 371 0.0225
97 372 0.0846
97 373 0.4403
97 374 0.5475
97 375 0.0814
97 376 0.1395
97 377 0.3494
97 378 0.1103
97 379 0.0467
97 380 0.1928
97 381 0.0683
97 382 0.0988
97 383 0.4254
97 384 0.4635
97 385 0.2830
97 386 0.2171
97 387 0.1714
97 388 0.1078
97 389 0.0743
97 390 0.1478
97 391 0.2159
97 392 0.5580
97 393 0.1526
97 394 0.2116
97 395 0.0648
97 396 0.2433
97 397 0.0791
97 398 0.6900
97 399 0.0903
97 400 0.1198
97 402 0.1297
97 403 0.0670
97 404 0.0845
97 405 0.0924
97 406 0.3914
97 407 0.0619
97 408 0.0522
97 409 0.0136
97 410 0.0678
97 411 0.4386
97 412 0.1743
97 413 0.0602
97 414 0.2097
97 415 0.4611
97 416 0.0769
97 418 0.3964
97 419 0.1251
97 420 0.1532
97 421 0.0357
97 422 0.3149
97 423 0.1296
97 424 0.4849
97 425 0.1731
97 426 0.0515
97 427 0.0490
97 428 0.1345
97 429 0.0530
97 430 0.1493
97 431 0.4607
97 432 0.2666
97 433 0.0973
97 434 0.3724
97 435 0.1815
97 436 0.0958
97 437 0.0410
97 438 0.1748
97 439 0.1051
97 440 0.0690
97 441 0.1051
97 442 0.1475
97 443 0.0799
97 444 0.0831
97 445 0.1897
97 447 0.0762
97 448 0.0487
97 449 0.0675
97 450 0.0443
97 451 0.0660
97 452 0.5779
97 453 0.4519
97 454 0.4049
97 455 0.1117
97 456 0.1436
97 457 0.0630
97 458 0.0783
97 459 0.0458
97 460 0.1682
97 461 0.1064
97 462 0.0525
97 463 0.3464
97 464 0.0704
97 465 0.2386
97 466 0.1916
97 467 0.3618
97 468 0.3575
97 469 0.1053
97 470 0.1245
97 471 0.1871
97 472 0.5996
97 474 0.0540
97 475 0.0928
97 476 0.0719
97 478 0.0790
97 479 0.0823
97 480 0.0749
97 481 0.1286
97 482 0.0738
97 484 0.1049
97 485 0.4005
97 486 0.0451
97 487 0.0801
97 488 0.0178
97 489 0.3511
97 490 0.3433
97 491 0.4646
97 492 0.2017
97 493 0.0663
97 494 0.0808
97 495 0.3376
97 496 0.0491
97 497 0.3431
97 498 0.5801
97 499 0.1263
97 500 0.0885
97 501 0.3941
97 502 0.0801
97 503 0.3057
97 504 0.0678
97 505 0.0487
97 506 0.0405
97 507 0.5938
97 508 0.1130
97 509 0.0867
97 510 0.2706
97 511 0.1353
97 512 0.0731
97 513 0.1004
97 514 0.7860
97 515 0.1107
97 516 0.4671
97 517 0.1317
97 518 0.1529
97 519 0.5041
97 520 0.3970
97 521 0.1341
97 522 0.0877
97 523 0.4988
97 524 0.1378
97 525 0.0642
97 526 0.0493
97 527 0.1485
97 528 0.0192
97 530 0.0546
97 531 0.1688
97 532 0.0390
97 533 0.1082
97 534 0.1581
97 535 0.1104
97 536 0.6490
97 537 0.1959
97 538 0.1331
97 539 0.1043
97 540 0.2014
97 541 0.0710
97 542 0.2143
97 544 0.1853
97 545 0.0467
97 546 0.3475
97 547 0.1110
97 548 0.0732
97 549 0.0721
97 550 0.0355
97 551 0.0346
97 552 0.1510
97 553 0.6654
97 554 0.3423
97 555 0.1216
97 556 0.3506
97 557 0.2075
97 558 0.4344
97 559 0.3692
97 560 0.6429
97 561 0.4880
97 562 0.4298
97 563 0.0705
97 564 0.3904
97 565 0.1268
97 566 0.0577
97 567 0.0842
97 568 0.9522
97 569 0.3717
97 570 0.0622
97 571 0.1400
97 572 0.1789
97 573 0.3283
97 574 0.0189
97 575 0.0612
97 576 0.1398
97 577 0.0845
97 578 0.5062
97 579 0.2709
97 580 0.0577
97 581 0.0755
97 582 0.3375
97 583 0.4763
97 584 0.0195
97 585 0.0517
97 586 0.2861
97 587 0.1704
97 589 0.2639
97 590 0.3362
97 591 0.0831
97 592 0.3490
97 593 0.0460
97 594 0.1433
97 595 0.0635
97 598 0.1260
97 599 0.3548
97 600 0.1082
97 601 0.1482
97 602 0.3037
97 604 0.2686
97 605 0.0886
97 606 0.1568
97 607 0.1526
97 608 0.0420
97 609 0.0999
97 610 0.0960
97 611 0.0554
97 612 0.1194
97 613 0.3881
97 614 0.0860
97 615 0.0847
97 616 0.1019
97 617 0.1675
97 618 0.4611
97 619 0.0750
97 620 0.2594
97 621 0.0818
97 622 0.1054
97 623 0.1894
97 624 0.0641
97 625 0.1865
97 626 0.7349
97 627 0.0697
97 628 0.6308
97 629 0.1540
97 630 0.0516
97 631 0.0357
97 632 0.1351
97 633 0.1559
97 634 0.1163
97 635 0.2853
97 636 0.0584
97 637 0.1912
97 638 0.3291
97 639 0.9319
97 640 0.1088
97 641 0.0269
97 642 0.0863
97 643 0.1666
97 644 0.0389
97 645 0.0813
97 646 0.0498
97 647 0.1311
97 648 0.4709
97 649 0.3895
97 650 0.1485
97 651 0.1420
97 652 0.0575
97 653 0.0329
97 654 0.0886
97 655 0.4389
97 656 0.1317
97 657 0.1772
97 658 0.2789
97 659 0.5100
97 660 0.0650
97 661 0.1040
97 662 0.2685
97 663 0.0731
97 664 0.2154
97 665 0.1126
97 666 0.3312
97 667 0.5112
97 668 0.1862
97 669 0.0420
97 670 0.0708
97 671 0.1655
97 672 0.4344
97 673 0.3767
97 674 0.2331
97 675 0.1341
97 676 0.1231
97 677 0.1963
97 678 0.1138
97 679 0.0977
97 680 0.3493
97 681 0.0790
97 682 0.3826
97 683 0.1114
97 684 0.2162
97 685 0.6730
97 686 0.1388
97 687 0.3142
97 688 0.1084
97 689 0.1667
97 690 0.0776
97 691 0.1799
97 692 0.3679
97 693 0.0346
97 694 0.3168
97 695 0.3602
97 696 0.0591
97 697 0.2155
97 698 0.1218
97 699 0.0941
97 700 0.0559
97 701 0.0604
97 702 0.0368
97 703 0.0582
97 704 0.0272
97 705 0.1107
97 706 0.7219
97 707 0.1609
97 708 0.0777
97 709 0.1547
97 710 0.4442
97 711 0.2190
97 712 0.4390
97 713 0.1390
97 714 0.2034
97 715 0.0509
97 716 0.0331
97 717 0.3816
97 718 0.4052
97 720 0.0623
97 721 0.1325
97 722 0.6592
97 723 0.0907
97 724 0.0461
97 725 0.0604
97 726 0.1299
97 727 0.0561
97 728 0.1606
97 729 0.1215
97 730 0.0853
97 731 0.2384
97 732 0.1189
97 733 0.1442
97 734 0.3351
97 735 0.3704
97 736 0.2711
97 737 0.2087
97 738 0.1615
97 740 0.1490
97 741 0.0981
97 742 0.0657
97 743 0.3621
97 744 0.0968
97 745 0.0203
97 746 0.0538
97 747 0.0812
97 748 0.2134
97 749 0.3037
97 750 0.1016
97 751 0.1391
97 752 0.0509
97 753 0.0788
97 754 0.0659
97 755 0.1063
97 756 0.0440
97 757 0.1835
97 758 0.1647
97 759 0.0770
97 760 0.4732
97 761 0.0860
97 762 0.1342
97 763 0.1213
97 764 0.1605
97 765 0.1481
97 766 0.3936
97 767 0.0797
97 768 0.4950
97 769 0.0473
97 770 0.2220
97 771 0.4299
97 772 0.0940
97 773 0.3779
97 774 0.0480
97 775 0.0792
97 776 0.0409
97 777 0.0872
97 778 0.3014
97 779 0.0469
97 780 0.0488
97 781 0.0943
97 782 0.2603
97 783 0.2427
97 784 0.3611
97 785 0.1166
97 786 0.0431
97 787 0.0747
97 788 0.0754
97 789 0.4563
97 791 0.0509
97 792 0.2163
97 793 0.1472
97 794 0.0746
97 795 0.0776
97 796 0.2386
97 797 0.3302
97 798 0.4128
97 799 0.2270
97 800 0.0833
97 801 0.5354
97 802 0.3635
97 803 0.4457
97 804 0.2889
97 805 0.0468
97 806 0.2544
97 807 0.1002
97 808 0.1229
97 809 0.1544
97 810 0.4935
97 811 0.7992
97 812 0.0758
97 813 0.1649
97 814 0.0837
97 815 0.0782
97 816 0.0662
97 817 0.4150
97 818 0.3270
97 819 0.4122
97 820 0.0777
97 821 0.1470
97 822 0.3768
97 823 0.1681
97 824 0.1373
97 825 0.1675
97 827 0.0826
97 828 0.0589
97 829 0.2550
97 830 0.0835
97 831 0.1458
97 832 0.1960
97 833 0.1202
97 834 0.2489
97 835 0.0842
97 836 0.0578
97 837 0.0391
97 838 0.0210
97 839 0.0918
97 840 0.1886
97 841 0.0863
97 842 0.0650
97 843 0.2469
97 844 0.0795
97 845 0.0946
97 846 0.0456
97 848 0.1262
97 849 0.1177
97 850 0.0331
97 851 0.1130
97 852 0.0592
97 853 0.3967
97 854 0.0675
97 855 0.1953
97 856 0.0567
97 857 0.0527
97 858 0.1161
97 859 0.0414
97 860 0.1952
97 861 0.0832
97 862 0.4558
97 864 0.0190
97 865 0.3454
97 866 0.1356
97 867 0.1322
97 868 0.1411
97 869 0.6080
97 870 0.0241
97 871 0.5463
97 872 0.7312
97 873 0.1290
97 874 0.0408
97 875 0.2846
97 876 0.0846
97 877 0.0735
97 878 0.1717
97 880 0.1583
97 881 0.3528
97 882 0.0992
97 883 0.0815
97 884 0.0724
97 885 0.0520
97 886 0.1189
97 887 0.1172
97 888 0.1201
97 889 0.0492
97 890 0.0548
97 891 0.3745
97 892 0.0991
97 893 0.0525
97 894 0.4097
97 895 0.0564
97 896 0.0531
97 897 0.0679
97 898 0.6024
97 899 0.1819
97 900 0.4755
97 901 0.0858
97 903 0.7047
97 905 0.0411
97 906 0.0764
97 907 0.0649
97 908 0.1128
97 909 0.2078
97 910 0.0786
97 911 0.0708
97 912 0.3037
97 913 0.1096
97 914 0.0953
97 915 0.1279
97 916 0.1385
97 917 0.1059
97 918 0.0207
97 919 0.0788
97 920 0.3533
97 921 0.0346
97 922 0.0674
97 924 0.1300
97 925 0.0651
97 928 0.3829
97 929 0.2131
97 930 0.0455
97 932 0.1440
97 933 0.0535
97 934 0.4711
97 935 0.0327
97 936 0.4139
97 937 0.0727
97 938 0.2133
97 939 0.0650
97 940 0.0733
97 941 0.0712
97 942 0.0202
97 943 0.2184
97 944 0.1824
97 946 0.1927
97 947 0.0412
97 948 0.0220
97 949 0.1444
97 950 0.0350
97 951 0.0742
97 952 0.0553
97 953 0.0491
97 954 0.0794
97 955 0.6202
97 956 0.1208
97 957 0.1758
97 958 0.0403
97 959 0.5668
97 960 0.1945
97 961 0.0449
97 962 0.0753
97 963 0.1163
97 964 0.0688
97 965 0.0682
97 966 0.0859
97 967 0.4777
97 968 0.2017
97 969 0.0714
97 971 0.4975
97 972 0.0699
97 973 0.1355
97 974 0.4690
97 975 0.0756
97 976 0.4913
97 977 0.1635
97 978 0.3096
97 979 0.0858
97 980 0.0458
97 981 0.0906
97 982 0.0746
97 983 0.3611
97 984 0.0350
97 985 0.0677
97 986 0.1084
97 987 0.1436
97 989 0.0574
97 990 0.1326
97 991 0.0626
97 992 0.0721
97 993 0.0781
97 994 0.3750
97 995 0.1494
97 996 0.0917
97 998 0.0808
97 999 0.0995
97 1000 0.0532
97 1001 0.4808
97 1002 0.7256
97 1003 0.2552
97 1004 0.6646
97 1005 0.0586
97 1006 0.1478
97 1007 0.6424
97 1008 0.1634
97 1010 0.0530
97 1013 0.1571
97 1014 0.0425
97 1015 0.0561
97 1016 0.0183
97 1017 0.0345
97 1018 0.2276
97 1019 0.1785
97 1020 0.2506
97 1022 0.0708
97 1023 0.1211
97 1024 0.0695
97 1025 0.0821
97 1026 0.0918
97 1027 0.1464
97 1028 0.2329
97 1029 0.0335
97 1030 0.1278
97 1032 0.4914
97 1033 0.1831
97 1034 0.3545
97 1035 0.0570
97 1036 0.4846
97 1037 0.1336
97 1038 0.0918
97 1039 0.5567
97 1040 0.1550
97 1041 0.0755
97 1042 0.1246
97 1043 0.0646
97 1044 0.2263
97 1045 0.0821
97 1046 0.0919
97 1047 0.0353
97 1048 0.0873
97 1049 0.0231
97 1050 0.0434
97 1051 0.2322
97 1052 0.0597
97 1053 0.4405
97 1054 0.1214
97 1055 0.0466
97 1056 0.0810
97 1057 0.1595
97 1058 0.1188
97 1059 0.4224
97 1060 0.5853
97 1061 0.0994
97 1062 0.1002
97 1063 0.1005
97 1064 0.0903
97 1065 0.0181
97 1066 0.1608
97 1067 0.1765
97 1068 0.1008
97 1069 0.1528
97 1070 0.0719
97 1072 0.3818
97 1073 0.0719
97 1075 0.1415
97 1076 0.1404
97 1077 0.0677
97 1078 0.0628
97 1079 0.0586
97 1080 0.0569
97 1081 0.3600
97 1082 0.1106
97 1083 0.4430
97 1084 0.0212
97 1085 0.1373
97 1087 0.0746
97 1089 0.0663
97 1090 0.0405
97 1091 0.0943
97 1092 0.2162
97 1094 0.1341
97 1095 0.3808
97 1096 0.0724
97 1097 0.1214
97 1099 0.7064
97 1102 0.0865
97 1103 0.0975
97 1104 0.1083
97 1105 0.1122
97 1106 0.0945
97 1107 0.0641
97 1108 0.0426
97 1109 0.0282
97 1110 0.1355
97 1111 0.4105
97 1113 0.3316
97 1114 0.0926
97 1115 0.4669
97 1116 0.1335
97 1117 0.1347
97 1118 0.0837
97 1119 0.0769
97 1120 0.1329
97 1121 0.0469
97 1122 0.0449
97 1123 0.0822
97 1125 0.0179
97 1126 0.0695
97 1127 0.1708
97 1128 0.4017
97 1129 0.1566
97 1130 0.1732
97 1131 0.3480
97 1132 0.0554
97 1133 0.3399
97 1134 0.0916
97 1135 0.7307
97 1136 0.0746
97 1138 0.0210
97 1139 0.0651
97 1141 0.0213
97 1142 0.4451
97 1143 0.3534
97 1144 0.0932
97 1145 0.0611
97 1146 0.4248
97 1147 0.0257
97 1148 0.0643
97 1149 0.0746
97 1150 0.2068
97 1151 0.1080
97 1152 0.6462
97 1153 0.0272
97 1154 0.2217
97 1155 0.0884
97 1156 0.0987
97 1157 0.1300
97 1158 0.0888
97 1159 0.0711
97 1160 0.3738
97 1161 0.0222
97 1162 0.2212
97 1163 0.7345
97 1165 0.3516
97 1166 0.0862
97 1167 0.0649
97 1169 0.1272
97 1170 0.0604
97 1172 0.0943
97 1173 0.0650
97 1174 0.0717
97 1176 0.1917
97 1177 0.0550
97 1178 0.1705
97 1180 0.0416
97 1181 0.0895
97 1182 0.0472
97 1183 0.1427
97 1184 0.0404
97 1185 0.0230
97 1186 0.0624
97 1187 0.0321
97 1188 0.0621
97 1189 0.3832
97 1191 0.0795
97 1192 0.0698
97 1193 0.0546
97 1194 0.0687
97 1195 0.1337
97 1196 0.0432
97 1197 0.3361
97 1198 0.1573
97 1199 0.0765
97 1200 0.1077
97 1201 0.2525
97 1202 0.0616
97 1203 0.0698
97 1204 0.2335
97 1205 0.1442
97 1206 0.3069
97 1207 0.0635
97 1208 0.1473
97 1209 0.0555
97 1210 0.1162
97 1211 0.0785
97 1212 0.0798
97 1213 0.0801
97 1214 0.0682
97 1215 0.0650
97 1216 0.0818
97 1217 0.1055
97 1218 0.0661
97 1219 0.0971
97 1220 0.2120
97 1221 0.0828
97 1222 0.1559
97 1223 0.0650
97 1224 0.0416
97 1225 0.2241
97 1226 0.1187
97 1227 0.1031
97 1228 0.0544
97 1229 0.0646
97 1230 0.0432
97 1231 0.0281
97 1232 0.0347
97 1233 0.0466
97 1234 0.0538
97 1235 0.0490
97 1236 0.0972
97 1237 0.0636
97 1238 0.0827
97 1240 0.0528
97 1241 0.0705
97 1242 0.1043
97 1243 0.0650
97 1244 0.1004
97 1245 0.0431
97 1246 0.0445
97 1247 0.0511
97 1248 0.4427
97 1249 0.2282
97 1250 0.0910
97 1251 0.0387
97 1252 0.1353
97 1253 0.0918
97 1254 0.0842
97 1255 0.0860
97 1256 0.1339
97 1257 0.2055
97 1258 0.5509
97 1259 0.1074
97 1260 0.0844
97 1262 0.2442
97 1263 0.0601
97 1265 0.4587
97 1266 0.0943
97 1267 0.0525
97 1268 0.1180
97 1269 0.4084
97 1270 0.0894
97 1271 0.0705
97 1272 0.2599
97 1273 0.4606
97 1274 0.0994
97 1275 0.0660
97 1276 0.1127
97 1278 0.1078
97 1279 0.1204
97 1280 0.0799
97 1281 0.2425
97 1282 0.2066
97 1283 0.4485
97 1284 0.5116
97 1286 0.2762
97 1287 0.5874
97 1288 0.1163
97 1289 0.3149
97 1290 0.3649
97 1291 0.5098
97 1292 0.8564
97 1293 0.4132
97 1295 0.4038
97 1296 0.3889
97 1297 0.1680
97 1298 0.5638
97 1299 0.4695
97 1300 0.3758
97 1301 0.4069
97 1302 0.1666
97 1303 0.4525
97 1304 0.4662
97 1305 0.4113
97 1306 0.3240
97 1307 0.0650
97 1308 0.0760
97 1309 0.3267
97 1310 0.3830
97 1311 0.0650
97 1312 0.1936
97 1313 0.2150
97 1315 0.1234
97 1316 0.9446
97 1318 0.0758
97 1319 0.0842
97 1320 0.1786
97 1322 0.2004
97 1323 0.1283
97 1324 0.0402
97 1325 0.0862
97 1326 0.1138
97 1327 0.0917
97 1328 0.0637
97 1329 0.0831
97 1330 0.0640
97 1331 0.0508
97 1332 0.2936
97 1333 0.0713
97 1334 0.0666
97 1335 0.0936
97 1336 0.0468
97 1337 0.1108
97 1338 0.0137
97 1339 0.0611
97 1340 0.0463
97 1341 0.0972
97 1342 0.1672
97 1343 0.0641
97 1344 0.4385
97 1345 0.0831
97 1346 0.0955
97 1347 0.0650
97 1348 0.0726
97 1349 0.0758
97 1350 0.0786
97 1352 0.0669
97 1353 0.0614
97 1354 0.0589
97 1355 0.0614
97 1356 0.2469
97 1357 0.1394
97 1358 0.0497
97 1359 0.0503
97 1360 0.0362
97 1361 0.0282
97 1362 0.1094
97 1363 0.1220
97 1364 0.2187
97 1365 0.0456
97 1366 0.0943
97 1367 0.0679
97 1368 0.0698
97 1369 0.4322
97 1370 0.1095
97 1372 0.2286
97 1373 0.0500
97 1374 0.0721
97 1375 0.0903
97 1376 0.0672
97 1377 0.0604
97 1378 0.0746
97 1379 0.0825
97 1380 0.1237
97 1381 0.1432
97 1382 0.0953
97 1383 0.0845
97 1384 0.0370
97 1385 0.0787
97 1386 0.2034
97 1387 0.1408
97 1388 0.0919
97 1389 0.0763
97 1390 0.1259
97 1392 0.0650
97 1393 0.1296
97 1394 0.0903
97 1395 0.0746
97 1396 0.0747
97 1397 0.1455
97 1398 0.1450
97 1399 0.3238
97 1401 0.1101
97 1402 0.0786
97 1405 0.2606
97 1406 0.1329
97 1407 0.0815
97 1408 0.0806
97 1409 0.0713
97 1410 0.1197
97 1411 0.1313
97 1412 0.1227
97 1414 0.0831
97 1415 0.0425
97 1416 0.0739
97 1419 0.0754
97 1420 0.0567
97 1421 0.0449
97 1422 0.0403
97 1423 0.0221
97 1424 0.0627
97 1425 0.0397
97 1426 0.3465
97 1427 0.0141
97 1428 0.0406
97 1430 0.0331
97 1431 0.0141
97 1433 0.0296
97 1434 0.5353
97 1435 0.2012
97 1436 0.0672
97 1437 0.0340
97 1438 0.0220
97 1439 0.1440
97 1440 0.2634
97 1441 0.0970
97 1443 0.0503
97 1446 0.0272
97 1448 0.2999
97 1449 0.0465
97 1451 0.0485
97 1452 0.0639
97 1453 0.0760
97 1454 0.0943
97 1455 0.0789
97 1456 0.0965
97 1457 0.0581
97 1458 0.0636
97 1459 0.0664
97 1460 0.0554
97 1461 0.0829
97 1462 0.1215
97 1463 0.0438
97 1464 0.0623
97 1465 0.1361
97 1466 0.0842
97 1468 0.1252
97 1470 0.0648
97 1472 0.1232
97 1473 0.0528
97 1474 0.0792
97 1475 0.0869
97 1476 0.0845
97 1477 0.0482
97 1479 0.0984
97 1480 0.1586
97 1481 0.0593
97 1482 0.1195
97 1484 0.0855
97 1485 0.1287
97 1487 0.0751
97 1488 0.0917
97 1490 0.0396
97 1491 0.0750
97 1492 0.0391
97 1493 0.0456
97 1494 0.1011
97 1495 0.2328
97 1496 0.0743
97 1497 0.0740
97 1498 0.0856
97 1499 0.2591
97 1500 0.1172
97 1501 0.0668
97 1503 0.1850
97 1504 0.2165
97 1505 0.1020
97 1506 0.0557
97 1507 0.1193
97 1508 0.1428
97 1510 0.0568
97 1511 0.1367
97 1512 0.1105
97 1513 0.1845
97 1514 0.1119
97 1515 0.0393
97 1516 0.2492
97 1517 0.1376
97 1518 0.1224
97 1519 0.7343
97 1520 0.9052
97 1522 0.4738
97 1523 0.2884
97 1525 0.1731
97 1526 0.5208
97 1527 0.4851
97 1528 0.4975
97 1529 0.2666
97 1530 0.5804
97 1531 0.1736
97 1532 0.2952
97 1534 0.1092
97 1535 0.5104
97 1536 0.4104
97 1537 0.3371
97 1538 0.4698
97 1540 0.2075
97 1541 0.3892
97 1542 0.3515
97 1544 0.0354
97 1545 0.1104
97 1546 0.2198
97 1547 0.4795
97 1548 0.4449
97 1549 0.2942
97 1550 0.0675
97 1551 0.5280
97 1552 0.1204
97 1553 0.0916
97 1554 0.4283
97 1555 0.0650
97 1556 0.2594
97 1560 0.0725
97 1562 0.2478
97 1565 0.2065
97 1566 0.2884
97 1567 0.4254
97 1568 0.0822
97 1569 0.0882
97 1570 0.0702
97 1571 0.0362
97 1572 0.0593
97 1573 0.0413
97 1574 0.0605
97 1575 0.0831
97 1577 0.1576
97 1578 0.0886
97 1579 0.0657
97 1580 0.0888
97 1581 0.1100
97 1582 0.0644
97 1583 0.0569
97 1584 0.0725
97 1585 0.0448
97 1586 0.0654
97 1587 0.0726
97 1588 0.1658
97 1589 0.0801
97 1590 0.0482
97 1591 0.0544
97 1592 0.1113
97 1593 0.0440
97 1594 0.1731
97 1595 0.1229
97 1596 0.0468
97 1597 0.0441
97 1598 0.0776
97 1599 0.0509
97 1601 0.0824
97 1602 0.0420
97 1603 0.1021
97 1604 0.0788
97 1605 0.0618
97 1606 0.0547
97 1607 0.0875
97 1608 0.0633
97 1609 0.1722
97 1610 0.1150
97 1611 0.0618
97 1612 0.2515
97 1613 0.1251
97 1614 0.0706
97 1615 0.0576
97 1616 0.0607
97 1617 0.0496
97 1618 0.4380
97 1619 0.1548
97 1620 0.0777
97 1621 0.1373
97 1622 0.2892
97 1623 0.0935
97 1624 0.0907
97 1625 0.0465
97 1626 0.0801
97 1627 0.0438
97 1628 0.0844
97 1629 0.1109
97 1630 0.1492
97 1631 0.0527
97 1632 0.1157
97 1633 0.0826
97 1634 0.1103
97 1635 0.0556
97 1636 0.0849
97 1637 0.1010
97 1638 0.0583
97 1639 0.0624
97 1640 0.0756
97 1641 0.0695
97 1642 0.0485
97 1643 0.0942
97 1644 0.0650
97 1645 0.0917
97 1646 0.1843
97 1647 0.1515
97 1648 0.1200
97 1649 0.0492
97 1650 0.0756
97 1651 0.1422
97 1652 0.0680
97 1653 0.2862
97 1654 0.0941
97 1655 0.2921
97 1656 0.0650
97 1657 0.0943
97 1658 0.0939
97 1659 0.3313
97 1660 0.0606
97 1661 0.0821
97 1662 0.0775
97 1663 0.0643
97 1664 0.0764
97 1665 0.0732
97 1666 0.1062
97 1667 0.1656
97 1668 0.1153
97 1669 0.0958
97 1670 0.0783
97 1671 0.1057
97 1672 0.0960
97 1673 0.0650
97 1674 0.0983
97 1675 0.1313
97 1676 0.0047
97 1677 0.0650
97 1678 0.0908
97 1679 0.0833
97 1680 0.1159
97 1681 0.0997
97 1682 0.0334
97 1683 0.1437
97 1684 0.1034
97 1685 0.0826
97 1686 0.0921
97 1687 0.0758
97 1688 0.0629
97 1689 0.5637
97 1690 0.0650
97 1691 0.0785
97 1692 0.1370
97 1693 0.0570
97 1694 0.0729
97 1695 0.1341
97 1696 0.1208
97 1697 0.0871
97 1698 0.0425
97 1699 0.0327
97 1700 0.0467
97 1701 0.0183
97 1702 0.0262
97 1703 0.0943
97 1704 0.0873
97 1705 0.0301
97 1706 0.0319
97 1707 0.1481
97 1709 0.0511
97 1710 0.0742
97 1711 0.0511
97 1712 0.4608
97 1713 0.0546
97 1714 0.0235
97 1715 0.0612
97 1716 0.0564
97 1717 0.5615
97 1718 0.0438
97 1719 0.0574
97 1720 0.0823
97 1721 0.0697
97 1723 0.0749
97 1724 0.0645
97 1725 0.0339
97 1726 0.0187
97 1728 0.0432
97 1729 0.0650
98 99 0.1577
98 100 0.1447
98 101 0.5545
98 102 0.1171
98 103 0.3280
98 104 0.0720
98 105 0.0909
98 106 0.0597
98 107 0.0804
98 108 0.3405
98 109 0.1119
98 110 0.0656
98 111 0.7676
98 112 0.2160
98 113 0.0697
98 114 0.0678
98 115 0.1267
98 116 0.1993
98 117 0.6728
98 118 0.1320
98 119 0.0569
98 120 0.3563
98 121 0.0719
98 122 0.0954
98 123 0.6187
98 124 0.1626
98 125 0.5572
98 126 0.4842
98 127 0.4271
98 128 0.0765
98 129 0.0953
98 130 0.1054
98 131 0.0347
98 132 0.2047
98 133 0.4602
98 134 0.4031
98 135 0.3729
98 136 0.2517
98 137 0.2201
98 138 0.2565
98 139 0.4219
98 140 0.0683
98 142 0.0564
98 143 0.1023
98 144 0.6303
98 145 0.1019
98 146 0.0858
98 147 0.0496
98 148 0.1291
98 149 0.1782
98 150 0.0413
98 151 0.1504
98 152 0.3773
98 153 0.3983
98 154 0.0848
98 156 0.0794
98 157 0.4649
98 158 0.4787
98 159 0.2041
98 160 0.7514
98 161 0.2055
98 162 0.7870
98 163 0.0889
98 164 0.4524
98 165 0.3033
98 166 0.5927
98 167 0.3570
98 168 0.5138
98 169 0.1343
98 170 0.2837
98 171 0.1681
98 172 0.0349
98 173 0.0391
98 174 0.2285
98 175 0.0583
98 176 0.3887
98 177 0.1712
98 178 0.2866
98 179 0.1673
98 180 0.1585
98 181 0.0813
98 182 0.3173
98 183 0.2175
98 184 0.2658
98 185 0.0996
98 186 0.0425
98 187 0.2422
98 188 0.0566
98 189 0.4280
98 191 0.0560
98 192 0.1915
98 193 0.0734
98 194 0.7116
98 195 0.0670
98 196 0.1758
98 197 0.0835
98 198 0.0644
98 199 0.1883
98 200 0.1106
98 201 0.1120
98 202 0.0889
98 203 0.1476
98 204 0.0897
98 206 0.8682
98 207 0.1906
98 208 0.0319
98 209 0.0441
98 210 0.0572
98 211 0.0726
98 212 0.1281
98 213 0.3547
98 214 0.1880
98 215 0.2997
98 216 0.1945
98 217 0.1965
98 218 0.1044
98 219 0.0369
98 220 0.1052
98 221 0.4254
98 222 0.2307
98 223 0.4148
98 224 0.1972
98 225 0.4190
98 226 0.0910
98 227 0.1819
98 228 0.4674
98 229 0.0833
98 230 0.2787
98 231 0.2668
98 232 0.0405
98 233 0.1129
98 234 0.0821
98 235 0.2568
98 236 0.1791
98 237 0.0537
98 238 0.0924
98 239 0.0480
98 240 0.6412
98 241 0.3441
98 242 0.0715
98 243 0.1506
98 244 0.1052
98 245 0.0763
98 246 0.3057
98 247 0.1711
98 248 0.1206
98 249 0.2277
98 250 0.0677
98 251 0.4139
98 252 0.0487
98 253 0.2987
98 254 0.0578
98 255 0.2410
98 256 0.2040
98 257 0.1906
98 258 0.1339
98 259 0.1599
98 260 0.3474
98 261 0.1681
98 262 0.0693
98 263 0.4647
98 264 0.7494
98 265 0.1366
98 266 0.0604
98 267 0.4684
98 268 0.0758
98 269 0.5438
98 270 0.4563
98 271 0.0713
98 272 0.0472
98 273 0.3475
98 274 0.7094
98 275 0.0955
98 276 0.5023
98 277 0.0520
98 278 0.0546
98 279 0.0950
98 280 0.0661
98 281 0.0625
98 282 0.0676
98 283 0.6111
98 284 0.3120
98 285 0.5638
98 286 0.4101
98 287 0.5288
98 288 0.3632
98 289 0.0450
98 290 0.7636
98 291 0.0514
98 292 0.3022
98 293 0.0799
98 294 0.1055
98 295 0.0356
98 296 0.1898
98 297 0.1731
98 298 0.5075
98 299 0.0790
98 300 0.1441
98 301 0.2617
98 302 0.0516
98 303 0.0892
98 304 0.2785
98 305 0.0854
98 306 0.2533
98 307 0.2429
98 308 0.5322
98 309 0.6691
98 310 0.1049
98 311 0.3119
98 313 0.0754
98 314 0.1031
98 315 0.1466
98 316 0.0430
98 317 0.0597
98 318 0.1877
98 319 0.1304
98 320 0.0474
98 321 0.3601
98 322 0.4324
98 323 0.0592
98 324 0.0423
98 325 0.0483
98 326 0.1498
98 327 0.0826
98 328 0.0488
98 329 0.0803
98 330 0.0745
98 331 0.1059
98 332 0.1227
98 333 0.4471
98 334 0.1568
98 335 0.3753
98 336 0.3959
98 337 0.3621
98 338 0.1621
98 339 0.0464
98 340 0.3204
98 341 0.0832
98 342 0.0705
98 343 0.4654
98 344 0.0444
98 345 0.3379
98 346 0.5381
98 347 0.0336
98 348 0.1748
98 349 0.3321
98 350 0.1148
98 351 0.0611
98 352 0.2757
98 353 0.0681
98 354 0.3864
98 355 0.4324
98 356 0.0645
98 357 0.2045
98 358 0.2197
98 359 0.0664
98 360 0.2559
98 361 0.1163
98 362 0.1113
98 363 0.0684
98 364 0.1625
98 366 0.0682
98 367 0.5609
98 368 0.0586
98 369 0.0698
98 370 0.5948
98 371 0.0266
98 372 0.1829
98 373 0.3703
98 374 0.1727
98 375 0.0707
98 376 0.0254
98 377 0.0405
98 378 0.2930
98 379 0.1481
98 380 0.4033
98 381 0.0703
98 382 0.0606
98 383 0.4311
98 384 0.0567
98 385 0.2458
98 386 0.0979
98 387 0.1016
98 388 0.1671
98 389 0.3057
98 390 0.0818
98 391 0.1272
98 392 0.3714
98 393 0.5083
98 394 0.4598
98 395 0.0327
98 396 0.1136
98 397 0.0862
98 398 0.1312
98 399 0.1889
98 400 0.1199
98 402 0.1346
98 403 0.0318
98 404 0.0891
98 405 0.0354
98 406 0.1749
98 407 0.0420
98 408 0.1254
98 409 0.0315
98 410 0.1769
98 411 0.2823
98 412 0.2054
98 413 0.0766
98 414 0.5698
98 415 0.2154
98 416 0.0726
98 418 0.2680
98 419 0.1371
98 420 0.2111
98 421 0.0805
98 422 0.0386
98 423 0.0854
98 424 0.6201
98 425 0.0880
98 426 0.1442
98 427 0.0877
98 428 0.6767
98 429 0.0737
98 430 0.0687
98 431 0.0336
98 432 0.1127
98 433 0.0550
98 434 0.7537
98 435 0.1039
98 436 0.0466
98 437 0.2692
98 438 0.1627
98 439 0.5509
98 440 0.3502
98 441 0.1197
98 442 0.1290
98 443 0.0792
98 444 0.1518
98 445 0.0511
98 447 0.5686
98 448 0.0652
98 449 0.0898
98 450 0.2692
98 451 0.5127
98 452 0.1057
98 453 0.2339
98 454 0.5261
98 455 0.0942
98 456 0.2693
98 457 0.0778
98 458 0.4576
98 459 0.0354
98 460 0.1425
98 461 0.1337
98 462 0.0780
98 463 0.1863
98 464 0.0768
98 465 0.4130
98 466 0.3422
98 467 0.0683
98 468 0.0439
98 469 0.1297
98 470 0.0708
98 471 0.1739
98 472 0.0937
98 474 0.3334
98 475 0.0943
98 476 0.1237
98 478 0.0727
98 479 0.1106
98 480 0.2775
98 481 0.5315
98 482 0.1195
98 484 0.1216
98 485 0.0823
98 486 0.2190
98 487 0.0799
98 488 0.0366
98 489 0.3380
98 490 0.0678
98 491 0.0398
98 492 0.1383
98 493 0.3006
98 494 0.2970
98 495 0.7425
98 496 0.1261
98 497 0.3083
98 498 0.0893
98 499 0.0968
98 500 0.0371
98 501 0.0541
98 502 0.0799
98 503 0.3564
98 504 0.3890
98 505 0.0858
98 506 0.0699
98 507 0.0440
98 508 0.1008
98 509 0.4141
98 510 0.3616
98 511 0.2498
98 512 0.2444
98 513 0.1381
98 514 0.3676
98 515 0.1439
98 516 0.4046
98 517 0.2672
98 518 0.1264
98 519 0.3507
98 520 0.0846
98 521 0.3776
98 522 0.3369
98 523 0.0850
98 524 0.1672
98 525 0.0548
98 526 0.3159
98 527 0.0836
98 528 0.0342
98 530 0.0658
98 531 0.1465
98 532 0.4856
98 533 0.4128
98 534 0.1832
98 535 0.4634
98 536 0.0727
98 537 0.5194
98 538 0.1370
98 539 0.0936
98 540 0.6677
98 541 0.0457
98 542 0.6826
98 544 0.0838
98 545 0.0637
98 546 0.3064
98 547 0.0946
98 548 0.0873
98 549 0.1226
98 550 0.2135
98 551 0.2451
98 552 0.3793
98 553 0.5530
98 554 0.0547
98 555 0.1022
98 556 0.0474
98 557 0.4014
98 558 0.4236
98 559 0.0423
98 560 0.0369
98 561 0.0589
98 562 0.0435
98 563 0.0834
98 564 0.0549
98 565 0.2776
98 566 0.2981
98 567 0.0704
98 568 0.5188
98 569 0.1593
98 570 0.1378
98 571 0.1093
98 572 0.1284
98 573 0.2961
98 574 0.0326
98 575 0.1152
98 576 0.0955
98 577 0.0770
98 578 0.0392
98 579 0.5435
98 580 0.0661
98 581 0.0568
98 582 0.0569
98 583 0.0567
98 584 0.0299
98 585 0.0972
98 586 0.1915
98 587 0.7669
98 589 0.2914
98 590 0.4315
98 591 0.0648
98 592 0.3897
98 593 0.0506
98 594 0.3609
98 595 0.3914
98 598 0.2686
98 599 0.1257
98 600 0.0782
98 601 0.1081
98 602 0.0877
98 604 0.0618
98 605 0.0795
98 606 0.4810
98 607 0.1551
98 608 0.0393
98 609 0.1084
98 610 0.1126
98 611 0.1721
98 612 0.2473
98 613 0.0907
98 614 0.5565
98 615 0.0633
98 616 0.0997
98 617 0.0652
98 618 0.2790
98 619 0.1570
98 620 0.0549
98 621 0.0478
98 622 0.3827
98 623 0.2559
98 624 0.3807
98 625 0.0963
98 626 0.0873
98 627 0.0926
98 628 0.2209
98 629 0.2709
98 630 0.1137
98 631 0.0949
98 632 0.1465
98 633 0.1222
98 634 0.3167
98 635 0.3386
98 636 0.3306
98 637 0.1634
98 638 0.3939
98 639 0.2124
98 640 0.2012
98 641 0.0410
98 642 0.0604
98 643 0.0886
98 644 0.0451
98 645 0.0603
98 646 0.1552
98 647 0.1863
98 648 0.1318
98 649 0.0370
98 650 0.0863
98 651 0.0877
98 652 0.0870
98 653 0.0771
98 654 0.1726
98 655 0.6301
98 656 0.0646
98 657 0.1210
98 658 0.2154
98 659 0.2691
98 660 0.1052
98 661 0.6093
98 662 0.5493
98 663 0.4066
98 664 0.3767
98 665 0.1408
98 666 0.0937
98 667 0.1442
98 668 0.2026
98 669 0.1238
98 670 0.3916
98 671 0.0491
98 672 0.1281
98 673 0.0457
98 674 0.3045
98 675 0.2479
98 676 0.0948
98 677 0.3582
98 678 0.1392
98 679 0.0858
98 680 0.0597
98 681 0.0914
98 682 0.0879
98 683 0.1232
98 684 0.1360
98 685 0.1336
98 686 0.2736
98 687 0.3432
98 688 0.6070
98 689 0.8423
98 690 0.0872
98 691 0.2488
98 692 0.0610
98 693 0.2451
98 694 0.2506
98 695 0.4113
98 696 0.2453
98 697 0.1641
98 698 0.1976
98 699 0.4727
98 700 0.0793
98 701 0.1122
98 702 0.0447
98 703 0.0743
98 704 0.0428
98 705 0.1308
98 706 0.1236
98 707 0.1945
98 708 0.0792
98 709 0.1153
98 710 0.3298
98 711 0.1528
98 712 0.0915
98 713 0.3340
98 714 0.5311
98 715 0.0829
98 716 0.1106
98 717 0.0791
98 718 0.3978
98 720 0.2190
98 721 0.4388
98 722 0.2504
98 723 0.0816
98 724 0.4449
98 725 0.1122
98 726 0.3517
98 727 0.2532
98 728 0.3622
98 729 0.0869
98 730 0.0919
98 731 0.3606
98 732 0.2388
98 733 0.0958
98 734 0.1297
98 735 0.7232
98 736 0.2229
98 737 0.2242
98 738 0.0746
98 740 0.1845
98 741 0.6485
98 742 0.0324
98 743 0.1951
98 744 0.0679
98 745 0.0282
98 746 0.0454
98 747 0.3755
98 748 0.9085
98 749 0.0677
98 750 0.1395
98 751 0.1578
98 752 0.0558
98 753 0.0545
98 754 0.0756
98 755 0.1240
98 756 0.0430
98 757 0.1937
98 758 0.5950
98 759 0.0721
98 760 0.0716
98 761 0.0592
98 762 0.1031
98 763 0.7326
98 764 0.0495
98 765 0.1067
98 766 0.2338
98 767 0.2687
98 768 0.5150
98 769 0.4902
98 770 0.1230
98 771 0.0764
98 772 0.0777
98 773 0.0835
98 774 0.3133
98 775 0.0448
98 776 0.0320
98 777 0.0742
98 778 0.1190
98 779 0.0564
98 780 0.2987
98 781 0.1259
98 782 0.5535
98 783 0.2713
98 784 0.0425
98 785 0.4799
98 786 0.0939
98 787 0.0755
98 788 0.0399
98 789 0.1358
98 791 0.0372
98 792 0.2086
98 793 0.1802
98 794 0.0902
98 795 0.0872
98 796 0.1670
98 797 0.1640
98 798 0.0938
98 799 0.1045
98 800 0.0428
98 801 0.1091
98 802 0.0667
98 803 0.0698
98 804 0.7385
98 805 0.0563
98 806 0.3454
98 807 0.1711
98 808 0.6574
98 809 0.1343
98 810 0.0670
98 811 0.2501
98 812 0.1030
98 813 0.4344
98 814 0.1428
98 815 0.0665
98 816 0.0869
98 817 0.0416
98 818 0.0483
98 819 0.0746
98 820 0.4285
98 821 0.0881
98 822 0.0602
98 823 0.1970
98 824 0.6599
98 825 0.1959
98 827 0.0843
98 828 0.0510
98 829 0.1326
98 830 0.2895
98 831 0.1003
98 832 0.2595
98 833 0.3873
98 834 0.1607
98 835 0.0846
98 836 0.1272
98 837 0.0758
98 838 0.0295
98 839 0.0614
98 840 0.1081
98 841 0.1244
98 842 0.1052
98 843 0.4774
98 844 0.0586
98 845 0.1068
98 846 0.0437
98 848 0.0681
98 849 0.0412
98 850 0.1106
98 851 0.2843
98 852 0.1778
98 853 0.0366
98 854 0.1061
98 855 0.2092
98 856 0.6390
98 857 0.0430
98 858 0.5272
98 859 0.1916
98 860 0.0389
98 861 0.1012
98 862 0.0560
98 864 0.0316
98 865 0.2502
98 866 0.0965
98 867 0.1910
98 868 0.4911
98 869 0.1500
98 870 0.0280
98 871 0.0536
98 872 0.7445
98 873 0.1356
98 874 0.0631
98 875 0.1237
98 876 0.1906
98 877 0.1271
98 878 0.3767
98 880 0.6711
98 881 0.1043
98 882 0.1616
98 883 0.0462
98 884 0.0657
98 885 0.0533
98 886 0.1064
98 887 0.0972
98 888 0.0654
98 889 0.0391
98 890 0.0417
98 891 0.6404
98 892 0.2510
98 893 0.1712
98 894 0.2019
98 895 0.0716
98 896 0.0756
98 897 0.0632
98 898 0.0400
98 899 0.0397
98 900 0.0400
98 901 0.3055
98 903 0.0782
98 905 0.0375
98 906 0.0948
98 907 0.3574
98 908 0.2396
98 909 0.1258
98 910 0.0557
98 911 0.0732
98 912 0.0677
98 913 0.4043
98 914 0.3925
98 915 0.2200
98 916 0.1526
98 917 0.0529
98 918 0.0413
98 919 0.0975
98 920 0.2547
98 921 0.0428
98 922 0.1577
98 924 0.0887
98 925 0.0394
98 928 0.5328
98 929 0.2923
98 930 0.0536
98 932 0.0539
98 933 0.0546
98 934 0.0826
98 935 0.0428
98 936 0.5224
98 937 0.0495
98 938 0.3733
98 939 0.1052
98 940 0.0817
98 941 0.1321
98 942 0.0208
98 943 0.6695
98 944 0.1711
98 946 0.0648
98 947 0.0299
98 948 0.0589
98 949 0.0537
98 950 0.0413
98 951 0.0752
98 952 0.1467
98 953 0.0511
98 954 0.3130
98 955 0.4712
98 956 0.0667
98 957 0.0893
98 958 0.3357
98 959 0.1707
98 960 0.1978
98 961 0.4607
98 962 0.0553
98 963 0.4064
98 964 0.1250
98 965 0.0712
98 966 0.1511
98 967 0.1398
98 968 0.4107
98 969 0.0702
98 971 0.2875
98 972 0.0517
98 973 0.1176
98 974 0.5586
98 975 0.0458
98 976 0.0484
98 977 0.0621
98 978 0.5221
98 979 0.2004
98 980 0.0852
98 981 0.0708
98 982 0.0870
98 983 0.0425
98 984 0.0383
98 985 0.3967
98 986 0.0587
98 987 0.0456
98 989 0.1430
98 990 0.1607
98 991 0.2916
98 992 0.2329
98 993 0.1154
98 994 0.4936
98 995 0.1415
98 996 0.0812
98 998 0.0474
98 999 0.3549
98 1000 0.0294
98 1001 0.0672
98 1002 0.0853
98 1003 0.5217
98 1004 0.0788
98 1005 0.0781
98 1006 0.1256
98 1007 0.1444
98 1008 0.3404
98 1010 0.0737
98 1013 0.2884
98 1014 0.0572
98 1015 0.3794
98 1016 0.0293
98 1017 0.0687
98 1018 0.0742
98 1019 0.0523
98 1020 0.5178
98 1022 0.0699
98 1023 0.1737
98 1024 0.1199
98 1025 0.0764
98 1026 0.0917
98 1027 0.0613
98 1028 0.1195
98 1029 0.0553
98 1030 0.1418
98 1032 0.2736
98 1033 0.1205
98 1034 0.0416
98 1035 0.4474
98 1036 0.0413
98 1037 0.1296
98 1038 0.1319
98 1039 0.3044
98 1040 0.0927
98 1041 0.0769
98 1042 0.0807
98 1043 0.5368
98 1044 0.3636
98 1045 0.0389
98 1046 0.3846
98 1047 0.0275
98 1048 0.1077
98 1049 0.0451
98 1050 0.0477
98 1051 0.0544
98 1052 0.0873
98 1053 0.0613
98 1054 0.2242
98 1055 0.4734
98 1056 0.0713
98 1057 0.7166
98 1058 0.0783
98 1059 0.0598
98 1060 0.1583
98 1061 0.0551
98 1062 0.1699
98 1063 0.6289
98 1064 0.0526
98 1065 0.0313
98 1066 0.4300
98 1067 0.2157
98 1068 0.0374
98 1069 0.1273
98 1070 0.1024
98 1072 0.0550
98 1073 0.1271
98 1075 0.3992
98 1076 0.3022
98 1077 0.3441
98 1078 0.3281
98 1079 0.0306
98 1080 0.0541
98 1081 0.0798
98 1082 0.0775
98 1083 0.7301
98 1084 0.0275
98 1085 0.0920
98 1087 0.0870
98 1089 0.0627
98 1090 0.1323
98 1091 0.0708
98 1092 0.0605
98 1094 0.0934
98 1095 0.0683
98 1096 0.0910
98 1097 0.1402
98 1099 0.9287
98 1102 0.5627
98 1103 0.0406
98 1104 0.2236
98 1105 0.1100
98 1106 0.0714
98 1107 0.2623
98 1108 0.0247
98 1109 0.1937
98 1110 0.3012
98 1111 0.0528
98 1113 0.0700
98 1114 0.1162
98 1115 0.0636
98 1116 0.4062
98 1117 0.2972
98 1118 0.0644
98 1119 0.0776
98 1120 0.1294
98 1121 0.0709
98 1122 0.0731
98 1123 0.0690
98 1125 0.0330
98 1126 0.0551
98 1127 0.1286
98 1128 0.4644
98 1129 0.1507
98 1130 0.5981
98 1131 0.0392
98 1132 0.1407
98 1133 0.1299
98 1134 0.0885
98 1135 0.9250
98 1136 0.0571
98 1138 0.0350
98 1139 0.2026
98 1141 0.0300
98 1142 0.2929
98 1143 0.3192
98 1144 0.1902
98 1145 0.0818
98 1146 0.0539
98 1147 0.0379
98 1148 0.1974
98 1149 0.0513
98 1150 0.1116
98 1151 0.3508
98 1152 0.8546
98 1153 0.0375
98 1154 0.0830
98 1155 0.1596
98 1156 0.0883
98 1157 0.4049
98 1158 0.1282
98 1159 0.2542
98 1160 0.0445
98 1161 0.0492
98 1162 0.1220
98 1163 0.1312
98 1165 0.1499
98 1166 0.3400
98 1167 0.0837
98 1169 0.0763
98 1170 0.1122
98 1172 0.0855
98 1173 0.1052
98 1174 0.0561
98 1176 0.2875
98 1177 0.0341
98 1178 0.2856
98 1180 0.1288
98 1181 0.1046
98 1182 0.1436
98 1183 0.0416
98 1184 0.0344
98 1185 0.0359
98 1186 0.5241
98 1187 0.0282
98 1188 0.2410
98 1189 0.4690
98 1191 0.0891
98 1192 0.0679
98 1193 0.0826
98 1194 0.0601
98 1195 0.2052
98 1196 0.2484
98 1197 0.2246
98 1198 0.0648
98 1199 0.0853
98 1200 0.1803
98 1201 0.2496
98 1202 0.0782
98 1203 0.0633
98 1204 0.1152
98 1205 0.1623
98 1206 0.2966
98 1207 0.2394
98 1208 0.0547
98 1209 0.0537
98 1210 0.0899
98 1211 0.2415
98 1212 0.0346
98 1213 0.0799
98 1214 0.1009
98 1215 0.1052
98 1216 0.0718
98 1217 0.2756
98 1218 0.0735
98 1219 0.0989
98 1220 0.0508
98 1221 0.1046
98 1222 0.0949
98 1223 0.1052
98 1224 0.0456
98 1225 0.1402
98 1226 0.3295
98 1227 0.0847
98 1228 0.0866
98 1229 0.0429
98 1230 0.0832
98 1231 0.0801
98 1232 0.0701
98 1233 0.0886
98 1234 0.0631
98 1235 0.0367
98 1236 0.0790
98 1237 0.0751
98 1238 0.0747
98 1240 0.5496
98 1241 0.0589
98 1242 0.1224
98 1243 0.1052
98 1244 0.0815
98 1245 0.0720
98 1246 0.0727
98 1247 0.0455
98 1248 0.2147
98 1249 0.0847
98 1250 0.0433
98 1251 0.0553
98 1252 0.1077
98 1253 0.1147
98 1254 0.0633
98 1255 0.1002
98 1256 0.0990
98 1257 0.1545
98 1258 0.5097
98 1259 0.1348
98 1260 0.0815
98 1262 0.1084
98 1263 0.0318
98 1265 0.1021
98 1266 0.0855
98 1267 0.1453
98 1268 0.0675
98 1269 0.4543
98 1270 0.0768
98 1271 0.1062
98 1272 0.2191
98 1273 0.0641
98 1274 0.0796
98 1275 0.0538
98 1276 0.0680
98 1278 0.0841
98 1279 0.0569
98 1280 0.1220
98 1281 0.2668
98 1282 0.0552
98 1283 0.0464
98 1284 0.0483
98 1286 0.0777
98 1287 0.0608
98 1288 0.0635
98 1289 0.0386
98 1290 0.0674
98 1291 0.0662
98 1292 0.1151
98 1293 0.2238
98 1295 0.0481
98 1296 0.0877
98 1297 0.0637
98 1298 0.0681
98 1299 0.0339
98 1300 0.0516
98 1301 0.0741
98 1302 0.0889
98 1303 0.1242
98 1304 0.0965
98 1305 0.0519
98 1306 0.0379
98 1307 0.1052
98 1308 0.0713
98 1309 0.0649
98 1310 0.0430
98 1311 0.1052
98 1312 0.0552
98 1313 0.0451
98 1315 0.0985
98 1316 0.6919
98 1318 0.0977
98 1319 0.0497
98 1320 0.0330
98 1322 0.0475
98 1323 0.1229
98 1324 0.1448
98 1325 0.0747
98 1326 0.1463
98 1327 0.0812
98 1328 0.0737
98 1329 0.0754
98 1330 0.0419
98 1331 0.0650
98 1332 0.0561
98 1333 0.1386
98 1334 0.0882
98 1335 0.0743
98 1336 0.0592
98 1337 0.0804
98 1338 0.0787
98 1339 0.0678
98 1340 0.0680
98 1341 0.0561
98 1342 0.2348
98 1343 0.0658
98 1344 0.4548
98 1345 0.0690
98 1346 0.0891
98 1347 0.1052
98 1348 0.0749
98 1349 0.0623
98 1350 0.1629
98 1352 0.0902
98 1353 0.0733
98 1354 0.0915
98 1355 0.0733
98 1356 0.3187
98 1357 0.0580
98 1358 0.0651
98 1359 0.0468
98 1360 0.0452
98 1361 0.0704
98 1362 0.1382
98 1363 0.0945
98 1364 0.0491
98 1365 0.0697
98 1366 0.0855
98 1367 0.1337
98 1368 0.1988
98 1369 0.5172
98 1370 0.1997
98 1372 0.0880
98 1373 0.0652
98 1374 0.0361
98 1375 0.0597
98 1376 0.0667
98 1377 0.1122
98 1378 0.0870
98 1379 0.1195
98 1380 0.2783
98 1381 0.1006
98 1382 0.1085
98 1383 0.0814
98 1384 0.0589
98 1385 0.0700
98 1386 0.2013
98 1387 0.1074
98 1388 0.1203
98 1389 0.0610
98 1390 0.0819
98 1392 0.1052
98 1393 0.0854
98 1394 0.0736
98 1395 0.0771
98 1396 0.1377
98 1397 0.0828
98 1398 0.1120
98 1399 0.1899
98 1401 0.0813
98 1402 0.1004
98 1405 0.3234
98 1406 0.0828
98 1407 0.0725
98 1408 0.0719
98 1409 0.0662
98 1410 0.1189
98 1411 0.0731
98 1412 0.0743
98 1414 0.0690
98 1415 0.0501
98 1416 0.0895
98 1419 0.0698
98 1420 0.0466
98 1421 0.0840
98 1422 0.0515
98 1423 0.0542
98 1424 0.0698
98 1425 0.0365
98 1426 0.6416
98 1427 0.0280
98 1428 0.0494
98 1430 0.1106
98 1431 0.0280
98 1433 0.1387
98 1434 0.4655
98 1435 0.0832
98 1436 0.0661
98 1437 0.0466
98 1438 0.0212
98 1439 0.1159
98 1440 0.1230
98 1441 0.0452
98 1443 0.0559
98 1446 0.0428
98 1448 0.3287
98 1449 0.0800
98 1451 0.4270
98 1452 0.2767
98 1453 0.0713
98 1454 0.0855
98 1455 0.1421
98 1456 0.3873
98 1457 0.0889
98 1458 0.2233
98 1459 0.1016
98 1460 0.2146
98 1461 0.0890
98 1462 0.3335
98 1463 0.1408
98 1464 0.2190
98 1465 0.0816
98 1466 0.4589
98 1468 0.0460
98 1470 0.0790
98 1472 0.3147
98 1473 0.0854
98 1474 0.1355
98 1475 0.1888
98 1476 0.0639
98 1477 0.3420
98 1479 0.5488
98 1480 0.1296
98 1481 0.0824
98 1482 0.4286
98 1484 0.1169
98 1485 0.2480
98 1487 0.1864
98 1488 0.1078
98 1490 0.3327
98 1491 0.5547
98 1492 0.3475
98 1493 0.3602
98 1494 0.1751
98 1495 0.1033
98 1496 0.3057
98 1497 0.1718
98 1498 0.2618
98 1499 0.2244
98 1500 0.3114
98 1501 0.0839
98 1503 0.4715
98 1504 0.3775
98 1505 0.1553
98 1506 0.0539
98 1507 0.2456
98 1508 0.0920
98 1510 0.1600
98 1511 0.2114
98 1512 0.4416
98 1513 0.1844
98 1514 0.0513
98 1515 0.1539
98 1516 0.3620
98 1517 0.3285
98 1518 0.5247
98 1519 0.1113
98 1520 0.6130
98 1522 0.0421
98 1523 0.0584
98 1525 0.0429
98 1526 0.0482
98 1527 0.0531
98 1528 0.1029
98 1529 0.7150
98 1530 0.0668
98 1531 0.1241
98 1532 0.1225
98 1534 0.0493
98 1535 0.1425
98 1536 0.0842
98 1537 0.1007
98 1538 0.1299
98 1540 0.0618
98 1541 0.0808
98 1542 0.2105
98 1544 0.0655
98 1545 0.0764
98 1546 0.0740
98 1547 0.0556
98 1548 0.3439
98 1549 0.1243
98 1550 0.0870
98 1551 0.1598
98 1552 0.0632
98 1553 0.0855
98 1554 0.0950
98 1555 0.1052
98 1556 0.0549
98 1560 0.0464
98 1562 0.1107
98 1565 0.0804
98 1566 0.0584
98 1567 0.0522
98 1568 0.0746
98 1569 0.1138
98 1570 0.0826
98 1571 0.0452
98 1572 0.0703
98 1573 0.0361
98 1574 0.0823
98 1575 0.0748
98 1577 0.1199
98 1578 0.2824
98 1579 0.1628
98 1580 0.1014
98 1581 0.0910
98 1582 0.3090
98 1583 0.4971
98 1584 0.0753
98 1585 0.1187
98 1586 0.0801
98 1587 0.0948
98 1588 0.1443
98 1589 0.0799
98 1590 0.0582
98 1591 0.0628
98 1592 0.0923
98 1593 0.0874
98 1594 0.0429
98 1595 0.0580
98 1596 0.0592
98 1597 0.0348
98 1598 0.1101
98 1599 0.0936
98 1601 0.1350
98 1602 0.0614
98 1603 0.1041
98 1604 0.1048
98 1605 0.0882
98 1606 0.1290
98 1607 0.0967
98 1608 0.1772
98 1609 0.0613
98 1610 0.0690
98 1611 0.0882
98 1612 0.1092
98 1613 0.1457
98 1614 0.1445
98 1615 0.0659
98 1616 0.0623
98 1617 0.0532
98 1618 0.6135
98 1619 0.4144
98 1620 0.0603
98 1621 0.1988
98 1622 0.3086
98 1623 0.2868
98 1624 0.1892
98 1625 0.0800
98 1626 0.0799
98 1627 0.0536
98 1628 0.0932
98 1629 0.0589
98 1630 0.1024
98 1631 0.4418
98 1632 0.1393
98 1633 0.4711
98 1634 0.0764
98 1635 0.0707
98 1636 0.2064
98 1637 0.0829
98 1638 0.1260
98 1639 0.0892
98 1640 0.0371
98 1641 0.0667
98 1642 0.1008
98 1643 0.0867
98 1644 0.1052
98 1645 0.1129
98 1646 0.0811
98 1647 0.0601
98 1648 0.0647
98 1649 0.0605
98 1650 0.0819
98 1651 0.0809
98 1652 0.0494
98 1653 0.3982
98 1654 0.1071
98 1655 0.1332
98 1656 0.1052
98 1657 0.0855
98 1658 0.0562
98 1659 0.0673
98 1660 0.0657
98 1661 0.1163
98 1662 0.0600
98 1663 0.0739
98 1664 0.0775
98 1665 0.0806
98 1666 0.0470
98 1667 0.1149
98 1668 0.0676
98 1669 0.0810
98 1670 0.0922
98 1671 0.0693
98 1672 0.0658
98 1673 0.1052
98 1674 0.0809
98 1675 0.1002
98 1676 0.4111
98 1677 0.1052
98 1678 0.0981
98 1679 0.0428
98 1680 0.0951
98 1681 0.1206
98 1682 0.0770
98 1683 0.1126
98 1684 0.0965
98 1685 0.0962
98 1686 0.0779
98 1687 0.0524
98 1688 0.0734
98 1689 0.4591
98 1690 0.1052
98 1691 0.0706
98 1692 0.0926
98 1693 0.0683
98 1694 0.0973
98 1695 0.1324
98 1696 0.0821
98 1697 0.0913
98 1698 0.0399
98 1699 0.0357
98 1700 0.1042
98 1701 0.0293
98 1702 0.0731
98 1703 0.1089
98 1704 0.0353
98 1705 0.0234
98 1706 0.0727
98 1707 0.0696
98 1709 0.0529
98 1710 0.0752
98 1711 0.0341
98 1712 0.5551
98 1713 0.1163
98 1714 0.0536
98 1715 0.0621
98 1716 0.0524
98 1717 0.4364
98 1718 0.0450
98 1719 0.0671
98 1720 0.0879
98 1721 0.0531
98 1723 0.0542
98 1724 0.0444
98 1725 0.0500
98 1726 0.0732
98 1728 0.0476
98 1729 0.1052
99 100 0.0557
99 101 0.4256
99 102 0.3402
99 103 0.5007
99 104 0.3999
99 105 0.0635
99 106 0.2330
99 107 0.5174
99 108 0.5659
99 109 0.2075
99 110 0.0768
99 111 0.5319
99 112 0.4875
99 113 0.1108
99 114 0.0442
99 115 0.0792
99 116 0.0884
99 117 0.5060
99 118 0.2866
99 119 0.3750
99 120 0.4581
99 121 0.0791
99 122 0.3629
99 123 0.4835
99 124 0.1196
99 125 0.4768
99 126 0.3834
99 127 0.3321
99 128 0.3833
99 129 0.0643
99 130 0.1508
99 131 0.0409
99 132 0.1241
99 133 0.3919
99 134 0.7789
99 135 0.2400
99 136 0.2830
99 137 0.1984
99 138 0.1450
99 139 0.2003
99 140 0.4403
99 142 0.1007
99 143 0.1235
99 144 0.6386
99 145 0.5040
99 146 0.3722
99 147 0.5389
99 148 0.6728
99 149 0.1666
99 150 0.0830
99 151 0.3583
99 152 0.3224
99 153 0.3896
99 154 0.0960
99 156 0.0950
99 157 0.3989
99 158 0.4919
99 159 0.4000
99 160 0.7789
99 161 0.1453
99 162 0.6985
99 163 0.4012
99 164 0.3902
99 165 0.5050
99 166 0.5759
99 167 0.3554
99 168 0.3024
99 169 0.4371
99 170 0.2658
99 171 0.3348
99 172 0.0647
99 173 0.0505
99 174 0.2331
99 175 0.0680
99 176 0.4522
99 177 0.2192
99 178 0.1712
99 179 0.4638
99 180 0.1164
99 181 0.1631
99 182 0.7199
99 183 0.1391
99 184 0.2899
99 185 0.3845
99 186 0.0431
99 187 0.6540
99 188 0.1768
99 189 0.1525
99 191 0.0688
99 192 0.5024
99 193 0.0532
99 194 0.6064
99 195 0.4671
99 196 0.5616
99 197 0.1597
99 198 0.0511
99 199 0.2899
99 200 0.0909
99 201 0.4617
99 202 0.1634
99 203 0.2038
99 204 0.4197
99 206 0.6410
99 207 0.1504
99 208 0.0501
99 209 0.0994
99 210 0.0463
99 211 0.0345
99 212 0.1126
99 213 0.2761
99 214 0.0816
99 215 0.1875
99 216 0.0886
99 217 0.1379
99 218 0.2122
99 219 0.0301
99 220 0.1234
99 221 0.3675
99 222 0.1371
99 223 0.5919
99 224 0.1510
99 225 0.4077
99 226 0.4164
99 227 0.1723
99 228 0.3595
99 229 0.4369
99 230 0.1747
99 231 0.2161
99 232 0.3518
99 233 0.1299
99 234 0.3466
99 235 0.5275
99 236 0.2580
99 237 0.0782
99 238 0.1114
99 239 0.2627
99 240 0.5291
99 241 0.4103
99 242 0.0826
99 243 0.1797
99 244 0.1234
99 245 0.3364
99 246 0.3952
99 247 0.1926
99 248 0.0644
99 249 0.1697
99 250 0.0497
99 251 0.2543
99 252 0.1093
99 253 0.4112
99 254 0.1220
99 255 0.1768
99 256 0.4550
99 257 0.1504
99 258 0.2227
99 259 0.3725
99 260 0.2880
99 261 0.1992
99 262 0.2292
99 263 0.1965
99 264 0.5283
99 265 0.2582
99 266 0.1301
99 267 0.3550
99 268 0.1726
99 269 0.4712
99 270 0.3650
99 271 0.1135
99 272 0.0579
99 273 0.2203
99 274 0.4140
99 275 0.1972
99 276 0.6657
99 277 0.0635
99 278 0.0472
99 279 0.0682
99 280 0.2740
99 281 0.2500
99 282 0.3261
99 283 0.4231
99 284 0.3315
99 285 0.4072
99 286 0.7888
99 287 0.4256
99 288 0.2672
99 289 0.0253
99 290 0.7924
99 291 0.0857
99 292 0.2439
99 293 0.0619
99 294 0.1139
99 295 0.3880
99 296 0.1930
99 297 0.5285
99 298 0.2868
99 299 0.0832
99 300 0.1223
99 301 0.0832
99 302 0.0648
99 303 0.3333
99 304 0.2741
99 305 0.0390
99 306 0.3152
99 307 0.1936
99 308 0.3547
99 309 0.5231
99 310 0.0620
99 311 0.2838
99 313 0.4515
99 314 0.0749
99 315 0.4924
99 316 0.0367
99 317 0.3981
99 318 0.3306
99 319 0.2119
99 320 0.0418
99 321 0.4290
99 322 0.2138
99 323 0.2463
99 324 0.0666
99 325 0.0493
99 326 0.1053
99 327 0.0785
99 328 0.0853
99 329 0.2042
99 330 0.1416
99 331 0.3515
99 332 0.3032
99 333 0.3903
99 334 0.1030
99 335 0.3690
99 336 0.3725
99 337 0.1753
99 338 0.4961
99 339 0.0499
99 340 0.1952
99 341 0.5104
99 342 0.0453
99 343 0.2763
99 344 0.0385
99 345 0.1484
99 346 0.5638
99 347 0.0472
99 348 0.0790
99 349 0.2585
99 350 0.5688
99 351 0.3405
99 352 0.1723
99 353 0.2288
99 354 0.4631
99 355 0.2138
99 356 0.3001
99 357 0.2755
99 358 0.4934
99 359 0.0642
99 360 0.2826
99 361 0.4499
99 362 0.4483
99 363 0.0617
99 364 0.4213
99 366 0.3109
99 367 0.2703
99 368 0.0626
99 369 0.0722
99 370 0.4034
99 371 0.0598
99 372 0.5039
99 373 0.4576
99 374 0.3154
99 375 0.0972
99 376 0.0416
99 377 0.0707
99 378 0.2976
99 379 0.1921
99 380 0.3575
99 381 0.3834
99 382 0.1094
99 383 0.6434
99 384 0.1611
99 385 0.2712
99 386 0.1445
99 387 0.2051
99 388 0.1074
99 389 0.3952
99 390 0.3330
99 391 0.2612
99 392 0.2458
99 393 0.3493
99 394 0.3316
99 395 0.0416
99 396 0.1340
99 397 0.0599
99 398 0.1572
99 399 0.1527
99 400 0.2628
99 402 0.1457
99 403 0.1846
99 404 0.4540
99 405 0.1257
99 406 0.4037
99 407 0.4116
99 408 0.2462
99 409 0.0342
99 410 0.1474
99 411 0.3474
99 412 0.2102
99 413 0.4394
99 414 0.4210
99 415 0.2430
99 416 0.2145
99 418 0.2430
99 419 0.2159
99 420 0.3331
99 421 0.1512
99 422 0.0477
99 423 0.0390
99 424 0.3730
99 425 0.1513
99 426 0.1868
99 427 0.1888
99 428 0.6152
99 429 0.1212
99 430 0.1822
99 431 0.0419
99 432 0.2749
99 433 0.4472
99 434 0.7573
99 435 0.2900
99 436 0.0386
99 437 0.3559
99 438 0.1299
99 439 0.5230
99 440 0.4756
99 441 0.4335
99 442 0.4605
99 443 0.0855
99 444 0.1818
99 445 0.1536
99 447 0.4361
99 448 0.4547
99 449 0.0799
99 450 0.3452
99 451 0.4383
99 452 0.1134
99 453 0.1172
99 454 0.8164
99 455 0.0860
99 456 0.2282
99 457 0.0489
99 458 0.4096
99 459 0.0724
99 460 0.0945
99 461 0.1497
99 462 0.1908
99 463 0.3551
99 464 0.0824
99 465 0.1770
99 466 0.8675
99 467 0.0798
99 468 0.0560
99 469 0.2055
99 470 0.0929
99 471 0.4809
99 472 0.1796
99 474 0.1094
99 475 0.7302
99 476 0.4731
99 478 0.0811
99 479 0.3804
99 480 0.2211
99 481 0.5539
99 482 0.1588
99 484 0.2440
99 485 0.0884
99 486 0.2606
99 487 0.4244
99 488 0.0828
99 489 0.3309
99 490 0.1105
99 491 0.0517
99 492 0.0878
99 493 0.3208
99 494 0.3707
99 495 0.5586
99 496 0.4180
99 497 0.6057
99 498 0.0838
99 499 0.0685
99 500 0.1827
99 501 0.0411
99 502 0.4244
99 503 0.2909
99 504 0.2708
99 505 0.0418
99 506 0.4807
99 507 0.0417
99 508 0.3578
99 509 0.4077
99 510 0.2215
99 511 0.4865
99 512 0.3759
99 513 0.0692
99 514 0.4203
99 515 0.5631
99 516 0.4399
99 517 0.3826
99 518 0.1611
99 519 0.2321
99 520 0.0445
99 521 0.3425
99 522 0.2315
99 523 0.0988
99 524 0.1312
99 525 0.1271
99 526 0.3045
99 527 0.0820
99 528 0.0251
99 530 0.0380
99 531 0.4154
99 532 0.3295
99 533 0.1049
99 534 0.4526
99 535 0.3392
99 536 0.0983
99 537 0.4364
99 538 0.1747
99 539 0.1847
99 540 0.5700
99 541 0.2692
99 542 0.5343
99 544 0.3743
99 545 0.2767
99 546 0.1450
99 547 0.3469
99 548 0.4482
99 549 0.1850
99 550 0.1701
99 551 0.2083
99 552 0.4268
99 553 0.5807
99 554 0.0618
99 555 0.0713
99 556 0.0537
99 557 0.3513
99 558 0.4625
99 559 0.0330
99 560 0.0648
99 561 0.1779
99 562 0.0414
99 563 0.1752
99 564 0.1227
99 565 0.3246
99 566 0.3504
99 567 0.1364
99 568 0.5706
99 569 0.1123
99 570 0.0502
99 571 0.2176
99 572 0.0746
99 573 0.5395
99 574 0.0341
99 575 0.3983
99 576 0.0736
99 577 0.4120
99 578 0.0290
99 579 0.2910
99 580 0.2740
99 581 0.4813
99 582 0.0466
99 583 0.0355
99 584 0.0280
99 585 0.4040
99 586 0.4214
99 587 0.7130
99 589 0.3618
99 590 0.8160
99 591 0.4774
99 592 0.4111
99 593 0.0959
99 594 0.1687
99 595 0.2352
99 598 0.1527
99 599 0.2191
99 600 0.3852
99 601 0.1319
99 602 0.4050
99 604 0.1629
99 605 0.1138
99 606 0.1005
99 607 0.4028
99 608 0.0304
99 609 0.1374
99 610 0.3660
99 611 0.1354
99 612 0.5046
99 613 0.2120
99 614 0.4514
99 615 0.2309
99 616 0.1597
99 617 0.1484
99 618 0.3092
99 619 0.5623
99 620 0.0442
99 621 0.0299
99 622 0.2944
99 623 0.4212
99 624 0.3333
99 625 0.1015
99 626 0.1177
99 627 0.0427
99 628 0.1873
99 629 0.5315
99 630 0.4620
99 631 0.4518
99 632 0.0597
99 633 0.1996
99 634 0.5743
99 635 0.2528
99 636 0.1142
99 637 0.5965
99 638 0.3193
99 639 0.3706
99 640 0.1999
99 641 0.0261
99 642 0.4415
99 643 0.2662
99 644 0.2477
99 645 0.4131
99 646 0.3992
99 647 0.0501
99 648 0.1708
99 649 0.0373
99 650 0.1281
99 651 0.0477
99 652 0.0611
99 653 0.4715
99 654 0.4884
99 655 0.4469
99 656 0.1200
99 657 0.1945
99 658 0.1222
99 659 0.2833
99 660 0.1234
99 661 0.4219
99 662 0.3750
99 663 0.3749
99 664 0.6757
99 665 0.1999
99 666 0.1976
99 667 0.1378
99 668 0.3523
99 669 0.2654
99 670 0.2088
99 671 0.4321
99 672 0.0400
99 673 0.0390
99 674 0.3333
99 675 0.3032
99 676 0.4154
99 677 0.1768
99 678 0.2629
99 679 0.0648
99 680 0.0421
99 681 0.3577
99 682 0.1680
99 683 0.1189
99 684 0.4207
99 685 0.1867
99 686 0.2932
99 687 0.2948
99 688 0.3265
99 689 0.7390
99 690 0.3372
99 691 0.0993
99 692 0.0487
99 693 0.2083
99 694 0.1379
99 695 0.5062
99 696 0.1700
99 697 0.4595
99 698 0.7238
99 699 0.2620
99 700 0.2675
99 701 0.3147
99 702 0.0665
99 703 0.0848
99 704 0.0495
99 705 0.3070
99 706 0.2228
99 707 0.1621
99 708 0.0818
99 709 0.4814
99 710 0.1710
99 711 0.6445
99 712 0.1628
99 713 0.3945
99 714 0.4570
99 715 0.0995
99 716 0.0739
99 717 0.1748
99 718 0.4646
99 720 0.1564
99 721 0.3072
99 722 0.2718
99 723 0.0619
99 724 0.1935
99 725 0.3147
99 726 0.1788
99 727 0.1915
99 728 0.3363
99 729 0.0234
99 730 0.3375
99 731 0.3627
99 732 0.1964
99 733 0.4426
99 734 0.4196
99 735 0.3741
99 736 0.7520
99 737 0.6087
99 738 0.1883
99 740 0.1593
99 741 0.5386
99 742 0.0579
99 743 0.5044
99 744 0.1899
99 745 0.0262
99 746 0.1408
99 747 0.2751
99 748 0.8770
99 749 0.0463
99 750 0.2030
99 751 0.1576
99 752 0.1793
99 753 0.3809
99 754 0.0698
99 755 0.1092
99 756 0.1726
99 757 0.2977
99 758 0.4563
99 759 0.4388
99 760 0.0911
99 761 0.1127
99 762 0.4897
99 763 0.4359
99 764 0.1581
99 765 0.2039
99 766 0.0788
99 767 0.3658
99 768 0.8867
99 769 0.1690
99 770 0.2412
99 771 0.0685
99 772 0.2049
99 773 0.1236
99 774 0.1207
99 775 0.0672
99 776 0.0583
99 777 0.4557
99 778 0.4476
99 779 0.0937
99 780 0.3976
99 781 0.1058
99 782 0.5083
99 783 0.2953
99 784 0.0365
99 785 0.4383
99 786 0.6567
99 787 0.2801
99 788 0.0926
99 789 0.1178
99 791 0.0384
99 792 0.2126
99 793 0.1236
99 794 0.3648
99 795 0.3372
99 796 0.4591
99 797 0.1246
99 798 0.0600
99 799 0.0430
99 800 0.0849
99 801 0.1342
99 802 0.0557
99 803 0.0480
99 804 0.6717
99 805 0.0875
99 806 0.3893
99 807 0.4703
99 808 0.7117
99 809 0.4919
99 810 0.1907
99 811 0.3203
99 812 0.2235
99 813 0.5818
99 814 0.3748
99 815 0.3974
99 816 0.1155
99 817 0.0302
99 818 0.0847
99 819 0.0644
99 820 0.3422
99 821 0.0818
99 822 0.1095
99 823 0.5904
99 824 0.4555
99 825 0.4698
99 827 0.0712
99 828 0.1088
99 829 0.0822
99 830 0.2507
99 831 0.1488
99 832 0.1530
99 833 0.2503
99 834 0.4099
99 835 0.1096
99 836 0.4997
99 837 0.3242
99 838 0.0232
99 839 0.0902
99 840 0.3621
99 841 0.1138
99 842 0.1234
99 843 0.4530
99 844 0.4102
99 845 0.0635
99 846 0.0731
99 848 0.1328
99 849 0.0526
99 850 0.0739
99 851 0.4366
99 852 0.2912
99 853 0.3442
99 854 0.1037
99 855 0.5403
99 856 0.4064
99 857 0.0303
99 858 0.2990
99 859 0.2583
99 860 0.1263
99 861 0.1160
99 862 0.0413
99 864 0.0404
99 865 0.2581
99 866 0.2414
99 867 0.4615
99 868 0.4100
99 869 0.1908
99 870 0.0361
99 871 0.0830
99 872 0.9818
99 873 0.0916
99 874 0.1197
99 875 0.0845
99 876 0.0952
99 877 0.2291
99 878 0.1898
99 880 0.4867
99 881 0.0565
99 882 0.4302
99 883 0.0830
99 884 0.4372
99 885 0.4039
99 886 0.3387
99 887 0.0546
99 888 0.2453
99 889 0.3967
99 890 0.1300
99 891 0.7004
99 892 0.1256
99 893 0.4154
99 894 0.1243
99 895 0.0747
99 896 0.1881
99 897 0.2859
99 898 0.0524
99 899 0.0790
99 900 0.0401
99 901 0.4312
99 903 0.2208
99 905 0.4324
99 906 0.0527
99 907 0.3414
99 908 0.7292
99 909 0.1713
99 910 0.4754
99 911 0.2302
99 912 0.0463
99 913 0.3938
99 914 0.5653
99 915 0.7398
99 916 0.1344
99 917 0.1389
99 918 0.0585
99 919 0.0818
99 920 0.1187
99 921 0.0877
99 922 0.4341
99 924 0.2824
99 925 0.1145
99 928 0.3689
99 929 0.2063
99 930 0.1385
99 932 0.0936
99 933 0.2903
99 934 0.1458
99 935 0.0584
99 936 0.2918
99 937 0.2750
99 938 0.3510
99 939 0.1234
99 940 0.0559
99 941 0.3056
99 942 0.0412
99 943 0.2782
99 944 0.3800
99 946 0.0811
99 947 0.0989
99 948 0.0450
99 949 0.1005
99 950 0.0240
99 951 0.2389
99 952 0.0340
99 953 0.0832
99 954 0.4548
99 955 0.3215
99 956 0.1245
99 957 0.0861
99 958 0.1871
99 959 0.3231
99 960 0.1722
99 961 0.1531
99 962 0.0575
99 963 0.1866
99 964 0.4355
99 965 0.0754
99 966 0.3744
99 967 0.3012
99 968 0.6415
99 969 0.4498
99 971 0.1100
99 972 0.0363
99 973 0.0663
99 974 0.3996
99 975 0.1567
99 976 0.0421
99 977 0.0842
99 978 0.4630
99 979 0.2968
99 980 0.5673
99 981 0.1922
99 982 0.0902
99 983 0.0365
99 984 0.0724
99 985 0.2124
99 986 0.0438
99 987 0.1312
99 989 0.4305
99 990 0.0667
99 991 0.2746
99 992 0.2075
99 993 0.1799
99 994 0.8372
99 995 0.0771
99 996 0.1576
99 998 0.2162
99 999 0.3586
99 1000 0.1924
99 1001 0.0318
99 1002 0.1198
99 1003 0.6198
99 1004 0.1696
99 1005 0.2076
99 1006 0.1311
99 1007 0.1915
99 1008 0.4065
99 1010 0.1212
99 1013 0.2487
99 1014 0.0750
99 1015 0.4083
99 1016 0.0224
99 1017 0.3947
99 1018 0.1312
99 1019 0.1967
99 1020 0.4483
99 1022 0.4533
99 1023 0.3957
99 1024 0.1536
99 1025 0.1469
99 1026 0.1077
99 1027 0.3844
99 1028 0.3011
99 1029 0.0530
99 1030 0.5477
99 1032 0.4155
99 1033 0.1758
99 1034 0.0336
99 1035 0.2121
99 1036 0.0293
99 1037 0.3504
99 1038 0.1075
99 1039 0.4083
99 1040 0.0932
99 1041 0.0596
99 1042 0.0848
99 1043 0.3134
99 1044 0.4792
99 1045 0.1393
99 1046 0.5416
99 1047 0.0355
99 1048 0.0647
99 1049 0.0336
99 1050 0.1045
99 1051 0.1049
99 1052 0.0914
99 1053 0.0485
99 1054 0.1874
99 1055 0.3678
99 1056 0.0534
99 1057 0.4027
99 1058 0.0848
99 1059 0.0637
99 1060 0.1187
99 1061 0.1273
99 1062 0.1468
99 1063 0.3443
99 1064 0.0840
99 1065 0.0217
99 1066 0.5338
99 1067 0.5730
99 1068 0.0931
99 1069 0.3242
99 1070 0.0476
99 1072 0.0333
99 1073 0.2478
99 1075 0.4687
99 1076 0.3454
99 1077 0.3291
99 1078 0.3289
99 1079 0.0717
99 1080 0.3847
99 1081 0.0647
99 1082 0.4603
99 1083 0.5741
99 1084 0.0242
99 1085 0.2976
99 1087 0.1130
99 1089 0.4162
99 1090 0.0419
99 1091 0.1290
99 1092 0.0793
99 1094 0.2053
99 1095 0.1764
99 1096 0.2259
99 1097 0.2117
99 1099 0.9604
99 1102 0.3442
99 1103 0.2207
99 1104 0.5439
99 1105 0.1061
99 1106 0.1212
99 1107 0.3338
99 1108 0.0584
99 1109 0.1701
99 1110 0.4212
99 1111 0.0744
99 1113 0.1019
99 1114 0.2130
99 1115 0.0517
99 1116 0.2059
99 1117 0.4030
99 1118 0.1611
99 1119 0.0358
99 1120 0.2151
99 1121 0.2141
99 1122 0.1964
99 1123 0.2220
99 1125 0.0392
99 1126 0.1871
99 1127 0.1532
99 1128 0.4554
99 1129 0.0495
99 1130 0.4265
99 1131 0.0227
99 1132 0.3667
99 1133 0.1448
99 1134 0.2276
99 1135 0.9151
99 1136 0.3128
99 1138 0.0291
99 1139 0.3304
99 1141 0.0266
99 1142 0.2809
99 1143 0.3110
99 1144 0.1716
99 1145 0.1379
99 1146 0.0607
99 1147 0.0962
99 1148 0.1632
99 1149 0.0662
99 1150 0.2412
99 1151 0.1536
99 1152 0.7807
99 1153 0.0736
99 1154 0.1797
99 1155 0.3363
99 1156 0.1425
99 1157 0.2564
99 1158 0.4461
99 1159 0.3514
99 1160 0.0324
99 1161 0.0270
99 1162 0.2589
99 1163 0.1000
99 1165 0.3637
99 1166 0.3182
99 1167 0.0714
99 1169 0.1103
99 1170 0.3147
99 1172 0.1029
99 1173 0.1234
99 1174 0.0419
99 1176 0.3232
99 1177 0.2242
99 1178 0.1747
99 1180 0.0659
99 1181 0.2922
99 1182 0.2148
99 1183 0.2393
99 1184 0.2005
99 1185 0.0575
99 1186 0.5145
99 1187 0.0442
99 1188 0.1168
99 1189 0.4143
99 1191 0.0694
99 1192 0.0529
99 1193 0.0352
99 1194 0.0915
99 1195 0.3624
99 1196 0.2034
99 1197 0.2955
99 1198 0.3563
99 1199 0.1466
99 1200 0.5292
99 1201 0.4693
99 1202 0.3906
99 1203 0.0975
99 1204 0.3702
99 1205 0.3662
99 1206 0.1803
99 1207 0.1713
99 1208 0.1146
99 1209 0.0679
99 1210 0.5298
99 1211 0.5728
99 1212 0.1701
99 1213 0.4244
99 1214 0.2398
99 1215 0.1234
99 1216 0.1339
99 1217 0.4380
99 1218 0.3763
99 1219 0.4327
99 1220 0.1637
99 1221 0.4635
99 1222 0.1997
99 1223 0.1234
99 1224 0.2414
99 1225 0.8055
99 1226 0.5449
99 1227 0.4267
99 1228 0.2503
99 1229 0.1567
99 1230 0.1035
99 1231 0.3662
99 1232 0.1666
99 1233 0.3959
99 1234 0.1536
99 1235 0.3018
99 1236 0.1808
99 1237 0.4782
99 1238 0.3689
99 1240 0.4826
99 1241 0.3923
99 1242 0.5285
99 1243 0.1234
99 1244 0.2532
99 1245 0.1626
99 1246 0.1983
99 1247 0.5566
99 1248 0.4342
99 1249 0.4213
99 1250 0.1762
99 1251 0.4750
99 1252 0.5339
99 1253 0.1602
99 1254 0.0465
99 1255 0.0630
99 1256 0.1226
99 1257 0.0800
99 1258 0.6082
99 1259 0.1525
99 1260 0.0720
99 1262 0.0617
99 1263 0.0619
99 1265 0.1018
99 1266 0.1089
99 1267 0.0951
99 1268 0.1172
99 1269 0.4699
99 1270 0.1417
99 1271 0.0573
99 1272 0.0735
99 1273 0.1632
99 1274 0.0601
99 1275 0.0387
99 1276 0.1020
99 1278 0.1599
99 1279 0.0554
99 1280 0.0824
99 1281 0.0799
99 1282 0.1118
99 1283 0.0314
99 1284 0.0493
99 1286 0.0786
99 1287 0.0717
99 1288 0.0995
99 1289 0.0477
99 1290 0.0533
99 1291 0.0974
99 1292 0.4829
99 1293 0.1064
99 1295 0.0411
99 1296 0.0737
99 1297 0.0837
99 1298 0.1724
99 1299 0.0466
99 1300 0.0836
99 1301 0.0906
99 1302 0.2459
99 1303 0.2316
99 1304 0.1324
99 1305 0.0413
99 1306 0.0485
99 1307 0.1234
99 1308 0.0927
99 1309 0.1330
99 1310 0.0533
99 1311 0.1234
99 1312 0.1366
99 1313 0.1559
99 1315 0.2956
99 1316 0.6602
99 1318 0.3425
99 1319 0.0585
99 1320 0.0929
99 1322 0.0486
99 1323 0.3165
99 1324 0.1597
99 1325 0.2013
99 1326 0.0802
99 1327 0.1060
99 1328 0.0643
99 1329 0.1263
99 1330 0.3858
99 1331 0.3022
99 1332 0.0988
99 1333 0.3688
99 1334 0.3557
99 1335 0.1755
99 1336 0.0684
99 1337 0.0860
99 1338 0.2621
99 1339 0.2771
99 1340 0.1318
99 1341 0.1330
99 1342 0.5266
99 1343 0.3201
99 1344 0.6476
99 1345 0.1318
99 1346 0.3366
99 1347 0.1234
99 1348 0.4326
99 1349 0.1272
99 1350 0.2891
99 1352 0.2437
99 1353 0.3190
99 1354 0.1625
99 1355 0.3190
99 1356 0.3256
99 1357 0.2994
99 1358 0.1055
99 1359 0.1985
99 1360 0.3539
99 1361 0.3846
99 1362 0.2157
99 1363 0.1231
99 1364 0.2855
99 1365 0.1525
99 1366 0.1516
99 1367 0.5134
99 1368 0.2516
99 1369 0.5541
99 1370 0.7041
99 1372 0.3809
99 1373 0.1430
99 1374 0.0958
99 1375 0.3623
99 1376 0.1765
99 1377 0.3147
99 1378 0.0975
99 1379 0.2725
99 1380 0.3445
99 1381 0.1766
99 1382 0.0987
99 1383 0.0799
99 1384 0.1136
99 1385 0.1225
99 1386 0.1254
99 1387 0.1309
99 1388 0.2193
99 1389 0.0682
99 1390 0.1783
99 1392 0.1234
99 1393 0.0390
99 1394 0.0358
99 1395 0.0821
99 1396 0.0734
99 1397 0.1305
99 1398 0.0766
99 1399 0.0992
99 1401 0.1695
99 1402 0.0723
99 1405 0.2432
99 1406 0.0479
99 1407 0.1724
99 1408 0.0673
99 1409 0.1692
99 1410 0.0531
99 1411 0.0808
99 1412 0.0503
99 1414 0.1318
99 1415 0.0418
99 1416 0.0957
99 1419 0.0648
99 1420 0.1527
99 1421 0.0966
99 1422 0.0682
99 1423 0.0480
99 1424 0.1567
99 1425 0.0939
99 1426 0.4734
99 1427 0.0295
99 1428 0.1041
99 1430 0.0739
99 1431 0.0295
99 1433 0.0297
99 1434 0.4940
99 1435 0.1017
99 1436 0.0650
99 1437 0.0331
99 1438 0.0329
99 1439 0.0822
99 1440 0.1099
99 1441 0.0502
99 1443 0.0707
99 1446 0.0495
99 1448 0.1714
99 1449 0.1611
99 1451 0.3772
99 1452 0.1172
99 1453 0.0927
99 1454 0.1520
99 1455 0.3601
99 1456 0.3314
99 1457 0.0930
99 1458 0.3534
99 1459 0.3494
99 1460 0.2827
99 1461 0.0909
99 1462 0.3821
99 1463 0.0981
99 1464 0.1564
99 1465 0.1046
99 1466 0.2574
99 1468 0.1232
99 1470 0.2955
99 1472 0.2233
99 1473 0.1446
99 1474 0.2826
99 1475 0.2650
99 1476 0.1090
99 1477 0.1867
99 1479 0.2262
99 1480 0.2589
99 1481 0.4091
99 1482 0.4211
99 1484 0.1078
99 1485 0.1829
99 1487 0.2473
99 1488 0.1139
99 1490 0.2280
99 1491 0.2718
99 1492 0.2203
99 1493 0.0733
99 1494 0.2882
99 1495 0.2348
99 1496 0.3952
99 1497 0.2118
99 1498 0.1009
99 1499 0.1818
99 1500 0.3699
99 1501 0.2023
99 1503 0.2591
99 1504 0.4928
99 1505 0.1614
99 1506 0.0883
99 1507 0.1005
99 1508 0.2783
99 1510 0.2859
99 1511 0.2331
99 1512 0.2782
99 1513 0.1024
99 1514 0.1338
99 1515 0.3184
99 1516 0.5100
99 1517 0.4035
99 1518 0.4047
99 1519 0.2135
99 1520 0.6110
99 1522 0.0745
99 1523 0.0466
99 1525 0.1360
99 1526 0.0848
99 1527 0.0924
99 1528 0.0938
99 1529 0.4661
99 1530 0.1290
99 1531 0.1873
99 1532 0.1278
99 1534 0.0691
99 1535 0.1449
99 1536 0.0320
99 1537 0.1904
99 1538 0.1695
99 1540 0.0860
99 1541 0.1980
99 1542 0.0821
99 1544 0.2166
99 1545 0.3288
99 1546 0.0960
99 1547 0.0482
99 1548 0.0862
99 1549 0.0785
99 1550 0.3533
99 1551 0.1140
99 1552 0.1284
99 1553 0.4212
99 1554 0.0732
99 1555 0.1234
99 1556 0.0442
99 1560 0.0726
99 1562 0.1364
99 1565 0.1615
99 1566 0.0466
99 1567 0.0478
99 1568 0.1046
99 1569 0.1598
99 1570 0.1594
99 1571 0.3539
99 1572 0.2677
99 1573 0.4529
99 1574 0.2079
99 1575 0.1850
99 1577 0.1665
99 1578 0.3431
99 1579 0.1473
99 1580 0.5145
99 1581 0.2706
99 1582 0.2128
99 1583 0.1200
99 1584 0.1219
99 1585 0.2671
99 1586 0.3061
99 1587 0.2014
99 1588 0.4496
99 1589 0.4244
99 1590 0.2063
99 1591 0.6451
99 1592 0.2066
99 1593 0.4447
99 1594 0.1360
99 1595 0.1378
99 1596 0.0684
99 1597 0.2761
99 1598 0.2567
99 1599 0.3218
99 1601 0.3263
99 1602 0.1572
99 1603 0.2251
99 1604 0.3364
99 1605 0.1568
99 1606 0.4616
99 1607 0.4078
99 1608 0.4095
99 1609 0.2674
99 1610 0.4648
99 1611 0.1568
99 1612 0.4068
99 1613 0.6910
99 1614 0.2894
99 1615 0.1005
99 1616 0.2481
99 1617 0.1715
99 1618 0.3303
99 1619 0.3642
99 1620 0.1775
99 1621 0.7173
99 1622 0.8136
99 1623 0.2642
99 1624 0.4561
99 1625 0.1611
99 1626 0.4244
99 1627 0.1528
99 1628 0.4404
99 1629 0.1358
99 1630 0.1296
99 1631 0.3445
99 1632 0.1349
99 1633 0.2131
99 1634 0.4563
99 1635 0.2012
99 1636 0.2789
99 1637 0.3535
99 1638 0.3324
99 1639 0.3333
99 1640 0.6177
99 1641 0.4295
99 1642 0.3533
99 1643 0.1157
99 1644 0.1234
99 1645 0.1105
99 1646 0.0578
99 1647 0.1888
99 1648 0.1549
99 1649 0.0970
99 1650 0.0562
99 1651 0.1048
99 1652 0.1360
99 1653 0.4716
99 1654 0.0970
99 1655 0.2400
99 1656 0.1234
99 1657 0.1339
99 1658 0.0853
99 1659 0.0647
99 1660 0.0585
99 1661 0.0709
99 1662 0.0495
99 1663 0.0731
99 1664 0.0378
99 1665 0.0306
99 1666 0.0714
99 1667 0.1023
99 1668 0.1235
99 1669 0.0501
99 1670 0.0502
99 1671 0.1803
99 1672 0.1392
99 1673 0.1234
99 1674 0.0643
99 1675 0.3598
99 1676 0.1003
99 1677 0.1234
99 1678 0.1115
99 1679 0.0849
99 1680 0.1755
99 1681 0.0643
99 1682 0.0998
99 1683 0.0565
99 1684 0.1197
99 1685 0.0810
99 1686 0.0353
99 1687 0.0525
99 1688 0.0951
99 1689 0.2825
99 1690 0.1234
99 1691 0.1252
99 1692 0.1773
99 1693 0.0878
99 1694 0.1802
99 1695 0.2202
99 1696 0.1092
99 1697 0.0826
99 1698 0.0698
99 1699 0.0440
99 1700 0.0962
99 1701 0.0224
99 1702 0.0362
99 1703 0.1063
99 1704 0.1333
99 1705 0.0269
99 1706 0.0163
99 1707 0.1693
99 1709 0.0792
99 1710 0.1000
99 1711 0.0661
99 1712 0.5178
99 1713 0.1344
99 1714 0.0913
99 1715 0.3054
99 1716 0.0410
99 1717 0.5170
99 1718 0.0593
99 1719 0.0933
99 1720 0.0464
99 1721 0.0691
99 1723 0.0785
99 1724 0.0794
99 1725 0.1029
99 1726 0.0956
99 1728 0.0635
99 1729 0.1234
100 101 0.0588
100 102 0.0531
100 103 0.2593
100 104 0.1096
100 105 0.0362
100 106 0.0438
100 107 0.0467
100 108 0.3718
100 109 0.0959
100 110 0.0345
100 111 0.0634
100 112 0.1174
100 113 0.0376
100 114 0.0226
100 115 0.1673
100 116 0.1281
100 117 0.1373
100 118 0.1142
100 119 0.2060
100 120 0.6121
100 121 0.0492
100 122 0.2418
100 123 0.2951
100 124 0.3738
100 125 0.1340
100 126 0.4091
100 127 0.0609
100 128 0.2625
100 129 0.3325
100 130 0.8637
100 131 0.0302
100 132 0.4620
100 133 0.1006
100 134 0.4099
100 135 0.0765
100 136 0.0518
100 137 0.0929
100 138 0.1110
100 139 0.1149
100 140 0.3730
100 142 0.1684
100 143 0.2004
100 144 0.0444
100 145 0.1699
100 146 0.5716
100 147 0.1671
100 148 0.2975
100 149 0.1491
100 150 0.7087
100 151 0.1393
100 152 0.6405
100 153 0.2306
100 154 0.1175
100 156 0.0528
100 157 0.3174
100 158 0.1195
100 159 0.1656
100 160 0.2023
100 161 0.0393
100 162 0.1449
100 163 0.0469
100 164 0.0869
100 165 0.2534
100 166 0.0616
100 167 0.0628
100 168 0.0554
100 169 0.0762
100 170 0.1614
100 171 0.6586
100 172 0.0406
100 173 0.8188
100 174 0.0505
100 175 0.0306
100 176 0.3279
100 177 0.1654
100 178 0.3924
100 179 0.2205
100 180 0.0352
100 181 0.0341
100 182 0.3070
100 183 0.0547
100 184 0.4484
100 185 0.1292
100 186 0.0276
100 187 0.2854
100 188 0.0226
100 189 0.0598
100 191 0.0307
100 192 0.1563
100 193 0.9581
100 194 0.4887
100 195 0.0451
100 196 0.1267
100 197 0.9651
100 198 0.0345
100 199 0.9170
100 200 0.0744
100 201 0.4103
100 202 0.1168
100 203 0.0848
100 204 0.0951
100 206 0.1413
100 207 0.0714
100 208 0.7291
100 209 0.7975
100 210 0.1062
100 211 0.0769
100 212 0.3071
100 213 0.1172
100 214 0.8088
100 215 0.3456
100 216 0.7387
100 217 0.8715
100 218 0.0487
100 219 0.0182
100 220 0.2250
100 221 0.0774
100 222 0.0414
100 223 0.5249
100 224 0.0358
100 225 0.1135
100 226 0.0378
100 227 0.0900
100 228 0.2681
100 229 0.1096
100 230 0.2356
100 231 0.4888
100 232 0.2460
100 233 0.0712
100 234 0.0863
100 235 0.2192
100 236 0.1143
100 237 0.8535
100 238 0.9615
100 239 0.0495
100 240 0.0792
100 241 0.1312
100 242 0.0482
100 243 0.0469
100 244 0.2250
100 245 0.3885
100 246 0.0452
100 247 0.3517
100 248 0.0283
100 249 0.0483
100 250 0.0244
100 251 0.0643
100 252 0.0364
100 253 0.0673
100 254 0.0617
100 255 0.2012
100 256 0.1058
100 257 0.0714
100 258 0.1480
100 259 0.0616
100 260 0.0426
100 261 0.2020
100 262 0.0771
100 263 0.3731
100 264 0.1067
100 265 0.1283
100 266 0.0278
100 267 0.1036
100 268 0.4959
100 269 0.1977
100 270 0.1446
100 271 0.3393
100 272 0.3508
100 273 0.0625
100 274 0.0846
100 275 0.0438
100 276 0.2825
100 277 0.0497
100 278 0.0300
100 279 0.0345
100 280 0.0938
100 281 0.0533
100 282 0.3092
100 283 0.0964
100 284 0.3300
100 285 0.2720
100 286 0.3331
100 287 0.1033
100 288 0.1253
100 289 0.0240
100 290 0.2440
100 291 0.8988
100 292 0.7506
100 293 0.0229
100 294 0.9414
100 295 0.1791
100 296 0.4046
100 297 0.2163
100 298 0.1866
100 299 0.6027
100 300 0.0593
100 301 0.1119
100 302 0.4903
100 303 0.1089
100 304 0.0652
100 305 0.0771
100 306 0.0317
100 307 0.0586
100 308 0.1445
100 309 0.0950
100 310 0.3575
100 311 0.3653
100 313 0.0490
100 314 0.0438
100 315 0.3658
100 316 0.0210
100 317 0.0395
100 318 0.0619
100 319 0.8661
100 320 0.0221
100 321 0.4983
100 322 0.0569
100 323 0.2571
100 324 0.8639
100 325 0.0184
100 326 0.0454
100 327 0.0870
100 328 0.0328
100 329 0.4279
100 330 0.0745
100 331 0.2708
100 332 0.1329
100 333 0.0619
100 334 0.1314
100 335 0.0484
100 336 0.4654
100 337 0.0633
100 338 0.3370
100 339 0.0230
100 340 0.0889
100 341 0.0959
100 342 0.0450
100 343 0.0434
100 344 0.0244
100 345 0.1207
100 346 0.1720
100 347 0.0353
100 348 0.4262
100 349 0.0575
100 350 0.1995
100 351 0.0523
100 352 0.1232
100 353 0.0452
100 354 0.1200
100 355 0.0569
100 356 0.0130
100 357 0.3084
100 358 0.0334
100 359 0.0361
100 360 0.0897
100 361 0.0459
100 362 0.0372
100 363 0.0283
100 364 0.3062
100 366 0.2005
100 367 0.2675
100 368 0.0354
100 369 0.0484
100 370 0.2893
100 371 0.8101
100 372 0.1540
100 373 0.0968
100 374 0.1151
100 375 0.4828
100 376 0.9154
100 377 0.0285
100 378 0.1942
100 379 0.3874
100 380 0.4329
100 381 0.0867
100 382 0.0786
100 383 0.3008
100 384 0.0424
100 385 0.5199
100 386 0.1164
100 387 0.6447
100 388 0.0767
100 389 0.0452
100 390 0.2723
100 391 0.8535
100 392 0.1202
100 393 0.2893
100 394 0.2328
100 395 0.1182
100 396 0.9262
100 397 0.4111
100 398 0.0624
100 399 0.1082
100 400 0.1414
100 402 0.1332
100 403 0.9268
100 404 0.0320
100 405 0.1269
100 406 0.2161
100 407 0.0305
100 408 0.0500
100 409 0.8289
100 410 0.1093
100 411 0.0861
100 412 0.4476
100 413 0.2822
100 414 0.4133
100 415 0.2047
100 416 0.3522
100 418 0.8104
100 419 0.0934
100 420 0.1255
100 421 0.2499
100 422 0.0223
100 423 0.0771
100 424 0.2938
100 425 0.8549
100 426 0.1156
100 427 0.7900
100 428 0.0685
100 429 0.0680
100 430 0.1470
100 431 0.0221
100 432 0.0560
100 433 0.1701
100 434 0.1847
100 435 0.2216
100 436 0.0685
100 437 0.0809
100 438 0.4055
100 439 0.0801
100 440 0.0459
100 441 0.2426
100 442 0.1917
100 443 0.0618
100 444 0.0842
100 445 0.0316
100 447 0.1770
100 448 0.0566
100 449 0.1551
100 450 0.0649
100 451 0.0769
100 452 0.0406
100 453 0.1107
100 454 0.5851
100 455 0.1526
100 456 0.1302
100 457 0.1001
100 458 0.0571
100 459 0.0438
100 460 0.1020
100 461 0.1645
100 462 0.0533
100 463 0.1167
100 464 0.0387
100 465 0.0418
100 466 0.5705
100 467 0.0257
100 468 0.0276
100 469 0.6697
100 470 0.9314
100 471 0.1409
100 472 0.0397
100 474 0.2343
100 475 0.1464
100 476 0.0698
100 478 0.0626
100 479 0.1390
100 480 0.0687
100 481 0.0426
100 482 0.1078
100 484 0.6201
100 485 0.0278
100 486 0.0497
100 487 0.0386
100 488 0.7394
100 489 0.0472
100 490 0.0304
100 491 0.0356
100 492 0.6975
100 493 0.0468
100 494 0.0566
100 495 0.1496
100 496 0.3783
100 497 0.1226
100 498 0.0334
100 499 0.4518
100 500 0.1241
100 501 0.0327
100 502 0.0386
100 503 0.2466
100 504 0.0459
100 505 0.1221
100 506 0.1444
100 507 0.0194
100 508 0.0453
100 509 0.0649
100 510 0.1460
100 511 0.1838
100 512 0.1502
100 513 0.6348
100 514 0.3962
100 515 0.1143
100 516 0.2754
100 517 0.0980
100 518 0.1248
100 519 0.0699
100 520 0.0508
100 521 0.2182
100 522 0.0317
100 523 0.0453
100 524 0.0530
100 525 0.0310
100 526 0.4213
100 527 0.3384
100 528 0.7778
100 530 0.1667
100 531 0.2057
100 532 0.0476
100 533 0.0377
100 534 0.2711
100 535 0.0585
100 536 0.0428
100 537 0.2236
100 538 0.5627
100 539 0.1925
100 540 0.1392
100 541 0.4024
100 542 0.0997
100 544 0.1304
100 545 0.4545
100 546 0.2111
100 547 0.0599
100 548 0.0543
100 549 0.4423
100 550 0.0622
100 551 0.0459
100 552 0.1676
100 553 0.3072
100 554 0.0497
100 555 0.3130
100 556 0.0400
100 557 0.0549
100 558 0.3353
100 559 0.0274
100 560 0.0476
100 561 0.0228
100 562 0.0194
100 563 0.9610
100 564 0.0173
100 565 0.2046
100 566 0.1810
100 567 0.0796
100 568 0.2905
100 569 0.0888
100 570 0.2812
100 571 0.3108
100 572 0.0545
100 573 0.1878
100 574 0.7812
100 575 0.1209
100 576 0.8766
100 577 0.2975
100 578 0.0391
100 579 0.5344
100 580 0.0938
100 581 0.0417
100 582 0.0541
100 583 0.0224
100 584 0.7310
100 585 0.3619
100 586 0.1560
100 587 0.1020
100 589 0.1472
100 590 0.3972
100 591 0.0353
100 592 0.6674
100 593 0.0806
100 594 0.0591
100 595 0.0675
100 598 0.1087
100 599 0.1006
100 600 0.2703
100 601 0.0650
100 602 0.2812
100 604 0.0267
100 605 0.1711
100 606 0.0760
100 607 0.3310
100 608 0.7318
100 609 0.0650
100 610 0.0855
100 611 0.0659
100 612 0.1415
100 613 0.0410
100 614 0.3024
100 615 0.0820
100 616 0.1226
100 617 0.0408
100 618 0.0853
100 619 0.2725
100 620 0.0606
100 621 0.0541
100 622 0.2017
100 623 0.0817
100 624 0.0332
100 625 0.0787
100 626 0.0441
100 627 0.0961
100 628 0.1091
100 629 0.1657
100 630 0.0399
100 631 0.0474
100 632 0.8945
100 633 0.8794
100 634 0.1703
100 635 0.2118
100 636 0.0953
100 637 0.1841
100 638 0.0575
100 639 0.3395
100 640 0.2252
100 641 0.6178
100 642 0.0468
100 643 0.0706
100 644 0.0813
100 645 0.2362
100 646 0.0753
100 647 0.2067
100 648 0.0766
100 649 0.0184
100 650 0.0722
100 651 0.8654
100 652 0.4252
100 653 0.2640
100 654 0.4986
100 655 0.1289
100 656 0.0525
100 657 0.0640
100 658 0.1740
100 659 0.0602
100 660 0.2250
100 661 0.0959
100 662 0.1196
100 663 0.0547
100 664 0.0458
100 665 0.0650
100 666 0.0443
100 667 0.0788
100 668 0.4342
100 669 0.0640
100 670 0.1088
100 671 0.0806
100 672 0.0545
100 673 0.0164
100 674 0.0390
100 675 0.4624
100 676 0.1499
100 677 0.1039
100 678 0.0842
100 679 0.8697
100 680 0.0327
100 681 0.0885
100 682 0.0356
100 683 0.1560
100 684 0.3016
100 685 0.0515
100 686 0.3668
100 687 0.7683
100 688 0.2172
100 689 0.2354
100 690 0.0308
100 691 0.3817
100 692 0.0229
100 693 0.0459
100 694 0.1356
100 695 0.3751
100 696 0.1149
100 697 0.0389
100 698 0.2513
100 699 0.0992
100 700 0.1733
100 701 0.0691
100 702 0.8142
100 703 0.7288
100 704 0.4401
100 705 0.1102
100 706 0.1625
100 707 0.1820
100 708 0.0407
100 709 0.0558
100 710 0.0713
100 711 0.3592
100 712 0.0362
100 713 0.0708
100 714 0.0873
100 715 0.3625
100 716 0.4034
100 717 0.0446
100 718 0.0819
100 720 0.0922
100 721 0.3028
100 722 0.1481
100 723 0.0663
100 724 0.0459
100 725 0.0691
100 726 0.8567
100 727 0.0932
100 728 0.8540
100 729 0.7753
100 730 0.0504
100 731 0.1331
100 732 0.5580
100 733 0.1654
100 734 0.1943
100 735 0.0371
100 736 0.3594
100 737 0.3626
100 738 0.3125
100 740 0.2372
100 741 0.0831
100 742 0.0341
100 743 0.2243
100 744 0.9187
100 745 0.6350
100 746 0.2415
