694 1446 0.3505
694 1448 0.3027
694 1453 0.2758
694 1457 0.3229
694 1458 0.3304
694 1472 0.3229
694 1473 0.4124
694 1480 0.3072
694 1487 0.3027
694 1491 0.3984
694 1492 0.3505
694 1493 0.3027
694 1495 0.3229
694 1500 0.3229
694 1501 0.3386
694 1504 0.3229
694 1505 0.3229
694 1506 0.2628
694 1508 0.2628
694 1512 0.2514
694 1514 0.3229
694 1518 0.3229
694 1519 0.3616
694 1520 0.7868
694 1522 0.3304
694 1527 0.2907
694 1528 0.3229
694 1529 0.2628
694 1530 0.4670
694 1538 0.3229
694 1547 0.5113
694 1548 0.3027
694 1551 0.2628
694 1554 0.2514
694 1556 0.3462
694 1562 0.3027
694 1567 0.3229
694 1569 0.3027
694 1570 0.3229
694 1571 0.3229
694 1573 0.2758
694 1574 0.2628
694 1577 0.3229
694 1579 0.2514
694 1582 0.3027
694 1585 0.2628
694 1588 0.3229
694 1592 0.2514
694 1593 0.3229
694 1594 0.3304
694 1598 0.2628
694 1609 0.3117
694 1610 0.3843
694 1612 0.3229
694 1614 0.3229
694 1615 0.3229
694 1618 0.7375
694 1622 0.4883
694 1623 0.2628
694 1624 0.3229
694 1628 0.3843
694 1629 0.3229
694 1630 0.3612
694 1633 0.3304
694 1636 0.3027
694 1641 0.2758
694 1646 0.2514
694 1647 0.2758
694 1650 0.3229
694 1655 0.2628
694 1659 0.3288
694 1662 0.3763
694 1667 0.2628
694 1668 0.3229
694 1674 0.3027
694 1675 0.3429
694 1676 0.2628
694 1678 0.2628
694 1679 0.2628
694 1680 0.3027
694 1681 0.3110
694 1682 0.2628
694 1683 0.2757
694 1688 0.2628
694 1689 0.7988
694 1690 0.3229
694 1692 0.3072
694 1695 0.3229
694 1701 0.3229
694 1702 0.3505
694 1703 0.2758
694 1706 0.2514
694 1707 0.3835
694 1711 0.2514
694 1712 0.9317
694 1714 0.2628
694 1717 0.8474
694 1720 0.3288
694 1724 0.3229
694 1726 0.2758
694 1727 0.2907
694 1729 0.2628
695 696 0.6019
695 698 0.6427
695 699 0.4137
695 702 0.3229
695 704 0.4361
695 705 0.4663
695 706 0.5427
695 707 0.4663
695 710 0.4663
695 711 0.6454
695 716 0.4361
695 718 0.3513
695 721 0.3513
695 722 0.3229
695 726 0.4137
695 728 0.7752
695 729 0.4137
695 731 0.3229
695 732 0.5547
695 735 0.3513
695 736 0.7305
695 737 0.3513
695 741 0.3513
695 744 0.3513
695 748 0.7066
695 750 0.3513
695 752 0.5490
695 755 0.4207
695 758 0.3852
695 760 0.3527
695 762 0.3513
695 766 0.4137
695 768 0.7811
695 769 0.4137
695 776 0.5018
695 778 0.3513
695 783 0.5128
695 786 0.3229
695 787 0.3490
695 789 0.5547
695 791 0.3852
695 792 0.3527
695 793 0.4663
695 799 0.4361
695 801 0.7118
695 804 0.5128
695 805 0.4207
695 808 0.6542
695 809 0.4277
695 810 0.3490
695 811 0.9099
695 815 0.3513
695 816 0.4542
695 817 0.5128
695 818 0.4812
695 819 0.4137
695 822 0.3852
695 825 0.4137
695 831 0.3527
695 832 0.6003
695 834 0.6123
695 836 0.4137
695 839 0.4361
695 846 0.4137
695 849 0.3513
695 851 0.7750
695 853 0.5494
695 856 0.3513
695 858 0.4992
695 862 0.4057
695 867 0.5494
695 869 0.5128
695 872 0.8964
695 874 0.3852
695 875 0.3513
695 878 0.4542
695 882 0.3852
695 887 0.3513
695 888 0.3852
695 889 0.4137
695 891 0.7609
695 898 0.3527
695 903 0.3490
695 905 0.3852
695 908 0.3229
695 909 0.5128
695 910 0.4137
695 911 0.4137
695 914 0.3852
695 915 0.3513
695 916 0.3229
695 919 0.5494
695 920 0.4549
695 921 0.4137
695 922 0.4641
695 924 0.3513
695 936 0.4361
695 938 0.4137
695 942 0.4549
695 943 0.5304
695 944 0.3490
695 947 0.4361
695 950 0.3229
695 952 0.4361
695 953 0.3229
695 955 0.6486
695 956 0.3229
695 958 0.4137
695 959 0.4361
695 960 0.7495
695 968 0.6019
695 971 0.3852
695 974 0.8924
695 975 0.3513
695 976 0.3513
695 977 0.4137
695 979 0.6445
695 983 0.3490
695 984 0.4207
695 986 0.4137
695 987 0.5494
695 993 0.8842
695 994 0.7627
695 995 0.5437
695 996 0.3513
695 1002 0.7295
695 1003 0.8176
695 1004 0.8136
695 1006 0.3513
695 1007 0.7118
695 1008 0.3513
695 1013 0.4137
695 1018 0.4137
695 1020 0.5547
695 1023 0.6332
695 1024 0.4361
695 1027 0.3513
695 1028 0.3490
695 1029 0.5128
695 1030 0.3229
695 1036 0.3513
695 1044 0.3513
695 1045 0.4641
695 1047 0.4207
695 1052 0.4137
695 1053 0.3513
695 1057 0.3527
695 1059 0.4590
695 1060 0.7337
695 1066 0.4137
695 1067 0.4137
695 1068 0.4549
695 1070 0.4361
695 1071 0.4137
695 1075 0.3513
695 1078 0.3513
695 1079 0.5729
695 1082 0.3852
695 1085 0.4137
695 1090 0.3229
695 1092 0.3490
695 1094 0.4137
695 1099 0.9609
695 1104 0.4920
695 1105 0.6945
695 1106 0.3852
695 1113 0.4590
695 1123 0.3513
695 1127 0.3852
695 1128 0.5128
695 1129 0.5128
695 1132 0.3513
695 1133 0.3490
695 1135 0.8289
695 1136 0.3229
695 1139 0.3513
695 1141 0.4053
695 1142 0.6945
695 1143 0.5654
695 1144 0.3229
695 1147 0.3490
695 1150 0.7046
695 1151 0.6593
695 1152 0.7472
695 1153 0.4137
695 1154 0.3852
695 1155 0.3513
695 1161 0.3852
695 1162 0.3852
695 1163 0.4137
695 1176 0.3490
695 1178 0.6945
695 1180 0.5018
695 1182 0.4137
695 1183 0.3513
695 1184 0.4137
695 1186 0.3490
695 1187 0.4137
695 1189 0.3513
695 1197 0.3513
695 1199 0.5128
695 1201 0.4137
695 1206 0.3513
695 1207 0.3513
695 1209 0.3490
695 1212 0.3229
695 1213 0.3513
695 1216 0.4137
695 1223 0.5620
695 1225 0.8909
695 1228 0.3513
695 1229 0.3513
695 1230 0.3490
695 1235 0.5304
695 1240 0.6593
695 1242 0.4137
695 1247 0.3513
695 1248 0.3513
695 1249 0.4277
695 1252 0.3490
695 1256 0.4641
695 1260 0.4263
695 1265 0.6593
695 1276 0.3229
695 1278 0.4263
695 1279 0.3490
695 1282 0.4057
695 1283 0.4137
695 1286 0.4137
695 1287 0.5304
695 1288 0.3527
695 1290 0.3229
695 1292 0.8049
695 1295 0.4057
695 1297 0.3490
695 1298 0.6427
695 1301 0.3513
695 1303 0.3513
695 1310 0.4137
695 1313 0.5547
695 1316 0.9592
695 1319 0.3527
695 1323 0.3490
695 1329 0.3513
695 1330 0.3490
695 1342 0.3513
695 1343 0.4137
695 1344 0.6945
695 1348 0.4137
695 1356 0.3513
695 1358 0.3490
695 1359 0.3852
695 1363 0.3513
695 1364 0.6892
695 1368 0.3513
695 1370 0.8176
695 1375 0.3490
695 1386 0.6945
695 1388 0.3229
695 1389 0.3513
695 1390 0.4137
695 1394 0.4137
695 1395 0.5128
695 1397 0.6593
695 1402 0.5128
695 1405 0.4361
695 1406 0.3513
695 1412 0.4137
695 1414 0.4137
695 1419 0.5070
695 1421 0.4361
695 1423 0.5876
695 1426 0.6945
695 1427 0.4207
695 1428 0.5018
695 1434 0.9516
695 1435 0.7130
695 1438 0.4361
695 1439 0.3513
695 1440 0.8280
695 1446 0.4361
695 1448 0.3490
695 1453 0.3852
695 1457 0.3513
695 1458 0.4663
695 1472 0.3513
695 1473 0.5494
695 1480 0.6945
695 1487 0.3490
695 1491 0.5250
695 1492 0.4361
695 1493 0.3490
695 1495 0.3513
695 1500 0.3513
695 1501 0.4641
695 1504 0.3513
695 1505 0.3513
695 1506 0.4137
695 1508 0.4137
695 1512 0.3229
695 1514 0.3513
695 1518 0.3513
695 1519 0.4590
695 1520 0.8551
695 1522 0.4663
695 1527 0.3527
695 1528 0.3513
695 1529 0.4137
695 1530 0.5427
695 1538 0.3513
695 1547 0.6012
695 1548 0.3490
695 1551 0.4137
695 1554 0.3229
695 1556 0.4277
695 1562 0.3490
695 1567 0.3513
695 1569 0.3490
695 1570 0.3513
695 1571 0.3513
695 1573 0.3852
695 1574 0.4137
695 1577 0.3513
695 1579 0.3229
695 1582 0.3490
695 1585 0.4137
695 1588 0.3513
695 1592 0.3229
695 1593 0.3513
695 1594 0.4663
695 1598 0.4137
695 1609 0.5620
695 1610 0.4920
695 1612 0.3513
695 1614 0.3513
695 1615 0.3513
695 1618 0.8393
695 1622 0.5965
695 1623 0.4137
695 1624 0.3513
695 1628 0.4920
695 1629 0.3513
695 1630 0.5128
695 1633 0.4663
695 1636 0.3490
695 1641 0.3852
695 1646 0.3229
695 1647 0.3852
695 1650 0.3513
695 1655 0.4137
695 1659 0.6123
695 1662 0.4885
695 1667 0.4137
695 1668 0.3513
695 1674 0.3490
695 1675 0.4263
695 1676 0.4137
695 1678 0.4137
695 1679 0.4137
695 1680 0.3490
695 1681 0.5304
695 1682 0.4137
695 1683 0.4542
695 1688 0.4137
695 1689 0.9004
695 1690 0.3513
695 1692 0.6945
695 1695 0.3513
695 1701 0.3513
695 1702 0.4361
695 1703 0.3852
695 1706 0.3229
695 1707 0.4639
695 1711 0.3229
695 1712 0.9502
695 1714 0.4137
695 1717 0.8851
695 1720 0.6123
695 1724 0.3513
695 1726 0.3852
695 1727 0.3527
695 1729 0.4137
696 698 0.6118
696 699 0.6326
696 702 0.5450
696 704 0.5951
696 705 0.6007
696 706 0.9134
696 707 0.9459
696 710 0.6007
696 711 0.8964
696 716 0.5951
696 718 0.6019
696 721 0.6019
696 722 0.5450
696 726 0.6326
696 728 0.6817
696 729 0.6326
696 731 0.5450
696 732 0.6368
696 735 0.6019
696 736 0.5800
696 737 0.6019
696 741 0.6019
696 744 0.6019
696 748 0.9357
696 750 0.6019
696 752 0.7077
696 755 0.5954
696 758 0.5905
696 760 0.5351
696 762 0.6019
696 766 0.6326
696 768 0.6127
696 769 0.6326
696 776 0.5887
696 778 0.6019
696 783 0.6388
696 786 0.5450
696 787 0.8535
696 789 0.6368
696 791 0.5905
696 792 0.9271
696 793 0.6007
696 799 0.5951
696 801 0.7180
696 804 0.9607
696 805 0.5954
696 808 0.7010
696 809 0.9314
696 810 0.5972
696 811 0.7830
696 815 0.6019
696 816 0.4888
696 817 0.6388
696 818 0.5967
696 819 0.6326
696 822 0.5905
696 825 0.6326
696 831 0.5351
696 832 0.6472
696 834 0.6929
696 836 0.6326
696 839 0.8769
696 846 0.6326
696 849 0.6019
696 851 0.6853
696 853 0.5950
696 856 0.6019
696 858 0.6929
696 862 0.5959
696 867 0.9223
696 869 0.6388
696 872 0.9391
696 874 0.5905
696 875 0.6019
696 878 0.4888
696 882 0.5905
696 887 0.6019
696 888 0.5905
696 889 0.6326
696 891 0.9136
696 898 0.5351
696 903 0.5972
696 905 0.5905
696 908 0.5450
696 909 0.6388
696 910 0.6326
696 911 0.6326
696 914 0.5905
696 915 0.6019
696 916 0.5450
696 919 0.5950
696 920 0.5997
696 921 0.6326
696 922 0.9063
696 924 0.6019
696 936 0.8769
696 938 0.6326
696 942 0.5997
696 943 0.9420
696 944 0.5972
696 947 0.5951
696 950 0.5450
696 952 0.5951
696 953 0.5450
696 955 0.6562
696 956 0.5450
696 958 0.6326
696 959 0.8769
696 960 0.6573
696 968 0.9238
696 971 0.5905
696 974 0.8115
696 975 0.6019
696 976 0.6019
696 977 0.6326
696 979 0.5627
696 983 0.5972
696 984 0.5954
696 986 0.6326
696 987 0.5950
696 993 0.8234
696 994 0.9214
696 995 0.6355
696 996 0.6019
696 1002 0.6139
696 1003 0.9403
696 1004 0.6966
696 1006 0.6019
696 1007 0.7180
696 1008 0.6019
696 1013 0.6326
696 1018 0.6326
696 1020 0.9457
696 1023 0.9086
696 1024 0.5951
696 1027 0.6019
696 1028 0.5972
696 1029 0.6388
696 1030 0.5450
696 1036 0.6019
696 1044 0.6019
696 1045 0.5674
696 1047 0.5954
696 1052 0.6326
696 1053 0.6019
696 1057 0.5351
696 1059 0.5945
696 1060 0.5963
696 1066 0.6326
696 1067 0.6326
696 1068 0.5997
696 1070 0.5951
696 1071 0.6326
696 1075 0.6019
696 1078 0.6019
696 1079 0.5999
696 1082 0.5905
696 1085 0.6326
696 1090 0.5450
696 1092 0.9252
696 1094 0.6326
696 1099 0.9541
696 1104 0.9355
696 1105 0.6823
696 1106 0.5905
696 1113 0.5945
696 1123 0.6019
696 1127 0.5905
696 1128 0.6388
696 1129 0.6388
696 1132 0.6019
696 1133 0.5972
696 1135 0.7847
696 1136 0.5450
696 1139 0.6019
696 1141 0.5808
696 1142 0.6823
696 1143 0.6160
696 1144 0.5450
696 1147 0.5972
696 1150 0.6614
696 1151 0.5874
696 1152 0.9300
696 1153 0.6326
696 1154 0.5905
696 1155 0.6019
696 1161 0.5905
696 1162 0.5905
696 1163 0.6326
696 1176 0.9252
696 1178 0.6823
696 1180 0.5887
696 1182 0.6326
696 1183 0.6019
696 1184 0.6326
696 1186 0.5972
696 1187 0.6326
696 1189 0.6019
696 1197 0.6019
696 1199 0.6388
696 1201 0.6326
696 1206 0.6019
696 1207 0.6019
696 1209 0.5972
696 1212 0.5450
696 1213 0.6019
696 1216 0.9441
696 1223 0.5109
696 1225 0.8638
696 1228 0.6019
696 1229 0.6019
696 1230 0.5972
696 1235 0.6346
696 1240 0.5874
696 1242 0.6326
696 1247 0.6019
696 1248 0.6019
696 1249 0.9314
696 1252 0.8535
696 1256 0.5674
696 1260 0.5953
696 1265 0.5874
696 1276 0.5450
696 1278 0.5953
696 1279 0.5972
696 1282 0.5959
696 1283 0.6326
696 1286 0.6326
696 1287 0.6346
696 1288 0.5351
696 1290 0.5450
696 1292 0.6994
696 1295 0.5959
696 1297 0.5972
696 1298 0.6118
696 1301 0.6019
696 1303 0.6019
696 1310 0.6326
696 1313 0.6368
696 1316 0.9476
696 1319 0.9434
696 1323 0.5972
696 1329 0.6019
696 1330 0.5972
696 1342 0.6019
696 1343 0.6326
696 1344 0.6823
696 1348 0.6326
696 1356 0.6019
696 1358 0.5972
696 1359 0.9267
696 1363 0.6019
696 1364 0.9241
696 1368 0.6019
696 1370 0.6539
696 1375 0.5972
696 1386 0.6823
696 1388 0.5450
696 1389 0.6019
696 1390 0.6326
696 1394 0.6326
696 1395 0.6388
696 1397 0.5874
696 1402 0.6388
696 1405 0.5951
696 1406 0.6019
696 1412 0.6326
696 1414 0.6326
696 1419 0.6099
696 1421 0.5951
696 1423 0.6468
696 1426 0.6823
696 1427 0.5954
696 1428 0.5887
696 1434 0.9303
696 1435 0.6990
696 1438 0.5951
696 1439 0.6019
696 1440 0.6565
696 1446 0.5951
696 1448 0.5972
696 1453 0.5905
696 1457 0.6019
696 1458 0.9459
696 1472 0.6019
696 1473 0.5950
696 1480 0.6823
696 1487 0.5972
696 1491 0.6282
696 1492 0.8769
696 1493 0.5972
696 1495 0.6019
696 1500 0.6019
696 1501 0.5674
696 1504 0.6019
696 1505 0.6019
696 1506 0.6326
696 1508 0.6326
696 1512 0.5450
696 1514 0.6019
696 1518 0.6019
696 1519 0.5945
696 1520 0.9402
696 1522 0.6007
696 1527 0.5351
696 1528 0.6019
696 1529 0.6326
696 1530 0.6430
696 1538 0.6019
696 1547 0.6447
696 1548 0.5972
696 1551 0.6326
696 1554 0.5450
696 1556 0.9091
696 1562 0.5972
696 1567 0.6019
696 1569 0.5972
696 1570 0.6019
696 1571 0.6019
696 1573 0.5905
696 1574 0.6326
696 1577 0.6019
696 1579 0.5450
696 1582 0.5972
696 1585 0.6326
696 1588 0.6019
696 1592 0.5450
696 1593 0.6019
696 1594 0.9151
696 1598 0.6326
696 1609 0.5109
696 1610 0.9355
696 1612 0.6019
696 1614 0.6019
696 1615 0.6019
696 1618 0.7305
696 1622 0.5887
696 1623 0.6326
696 1624 0.6019
696 1628 0.9355
696 1629 0.6019
696 1630 0.6388
696 1633 0.9151
696 1636 0.5972
696 1641 0.5905
696 1646 0.5450
696 1647 0.5905
696 1650 0.6019
696 1655 0.6326
696 1659 0.6929
696 1662 0.6297
696 1667 0.6326
696 1668 0.6019
696 1674 0.5972
696 1675 0.5953
696 1676 0.6326
696 1678 0.6326
696 1679 0.6326
696 1680 0.5972
696 1681 0.6346
696 1682 0.6326
696 1683 0.4888
696 1688 0.6326
696 1689 0.7683
696 1690 0.6019
696 1692 0.6823
696 1695 0.6019
696 1701 0.6019
696 1702 0.5951
696 1703 0.5905
696 1706 0.5450
696 1707 0.6706
696 1711 0.5450
696 1712 0.9183
696 1714 0.6326
696 1717 0.8177
696 1720 0.9495
696 1724 0.6019
696 1726 0.5905
696 1727 0.5351
696 1729 0.6326
698 699 0.6432
698 702 0.3472
698 704 0.7205
698 705 0.7482
698 706 0.7232
698 707 0.7482
698 710 0.7482
698 711 0.7161
698 716 0.7205
698 718 0.6427
698 721 0.6427
698 722 0.3472
698 726 0.6432
698 728 0.8172
698 729 0.6432
698 731 0.3472
698 732 0.7979
698 735 0.6427
698 736 0.7531
698 737 0.6427
698 741 0.6427
698 744 0.6427
698 748 0.7372
698 750 0.6427
698 752 0.6546
698 755 0.7089
698 758 0.6986
698 760 0.6611
698 762 0.6427
698 766 0.6432
698 768 0.9601
698 769 0.6432
698 776 0.6963
698 778 0.6427
698 783 0.8134
698 786 0.3472
698 787 0.7853
698 789 0.7979
698 791 0.6986
698 792 0.6611
698 793 0.7482
698 799 0.7205
698 801 0.8382
698 804 0.8134
698 805 0.7089
698 808 0.6616
698 809 0.7143
698 810 0.7853
698 811 0.8698
698 815 0.6427
698 816 0.6386
698 817 0.8134
698 818 0.7227
698 819 0.6432
698 822 0.6986
698 825 0.6432
698 831 0.6611
698 832 0.7787
698 834 0.8182
698 836 0.6432
698 839 0.7205
698 846 0.6432
698 849 0.6427
698 851 0.7608
698 853 0.7028
698 856 0.6427
698 858 0.6791
698 862 0.6961
698 867 0.7028
698 869 0.8134
698 872 0.8240
698 874 0.6986
698 875 0.6427
698 878 0.6386
698 882 0.9502
698 887 0.6427
698 888 0.6986
698 889 0.6432
698 891 0.8169
698 898 0.6611
698 903 0.7853
698 905 0.6986
698 908 0.3472
698 909 0.8134
698 910 0.6432
698 911 0.6432
698 914 0.6986
698 915 0.6427
698 916 0.3472
698 919 0.7028
698 920 0.7453
698 921 0.6432
698 922 0.7471
698 924 0.6427
698 936 0.7205
698 938 0.6432
698 942 0.7453
698 943 0.7378
698 944 0.7853
698 947 0.7205
698 950 0.3472
698 952 0.7205
698 953 0.3472
698 955 0.7379
698 956 0.3472
698 958 0.6432
698 959 0.7205
698 960 0.8317
698 968 0.6118
698 971 0.6986
698 974 0.8864
698 975 0.6427
698 976 0.6427
698 977 0.6432
698 979 0.7738
698 983 0.7853
698 984 0.7089
698 986 0.6432
698 987 0.7028
698 993 0.8557
698 994 0.7641
698 995 0.7545
698 996 0.6427
698 1002 0.7872
698 1003 0.8023
698 1004 0.8584
698 1006 0.6427
698 1007 0.8382
698 1008 0.6427
698 1013 0.6432
698 1018 0.6432
698 1020 0.7979
698 1023 0.6590
698 1024 0.7205
698 1027 0.6427
698 1028 0.7853
698 1029 0.8134
698 1030 0.3472
698 1036 0.6427
698 1044 0.6427
698 1045 0.7471
698 1047 0.7089
698 1052 0.6432
698 1053 0.6427
698 1057 0.6611
698 1059 0.7373
698 1060 0.8215
698 1066 0.6432
698 1067 0.6432
698 1068 0.7453
698 1070 0.7205
698 1071 0.6432
698 1075 0.6427
698 1078 0.6427
698 1079 0.5764
698 1082 0.6986
698 1085 0.6432
698 1090 0.3472
698 1092 0.7853
698 1094 0.6432
698 1099 0.9436
698 1104 0.6950
698 1105 0.6845
698 1106 0.6986
698 1113 0.7373
698 1123 0.6427
698 1127 0.6986
698 1128 0.8134
698 1129 0.8134
698 1132 0.6427
698 1133 0.7853
698 1135 0.8915
698 1136 0.3472
698 1139 0.6427
698 1141 0.6105
698 1142 0.6845
698 1143 0.7060
698 1144 0.3472
698 1147 0.7853
698 1150 0.7355
698 1151 0.7570
698 1152 0.7677
698 1153 0.6432
698 1154 0.6986
698 1155 0.6427
698 1161 0.6986
698 1162 0.6986
698 1163 0.6432
698 1176 0.7853
698 1178 0.6845
698 1180 0.6963
698 1182 0.6432
698 1183 0.6427
698 1184 0.9195
698 1186 0.7853
698 1187 0.6432
698 1189 0.6427
698 1197 0.6427
698 1199 0.8134
698 1201 0.6432
698 1206 0.6427
698 1207 0.6427
698 1209 0.7853
698 1212 0.3472
698 1213 0.6427
698 1216 0.6432
698 1223 0.7234
698 1225 0.8980
698 1228 0.6427
698 1229 0.6427
698 1230 0.7853
698 1235 0.7378
698 1240 0.7570
698 1242 0.6432
698 1247 0.6427
698 1248 0.6427
698 1249 0.7143
698 1252 0.7853
698 1256 0.7471
698 1260 0.7124
698 1265 0.7570
698 1276 0.3472
698 1278 0.7124
698 1279 0.7853
698 1282 0.6961
698 1283 0.6432
698 1286 0.6432
698 1287 0.7378
698 1288 0.6611
698 1290 0.3472
698 1292 0.8229
698 1295 0.6961
698 1297 0.7853
698 1298 0.7344
698 1301 0.6427
698 1303 0.6427
698 1310 0.6432
698 1313 0.7979
698 1316 0.9476
698 1319 0.6611
698 1323 0.7853
698 1329 0.6427
698 1330 0.7853
698 1342 0.6427
698 1343 0.6432
698 1344 0.6845
698 1348 0.6432
698 1356 0.6427
698 1358 0.7853
698 1359 0.6986
698 1363 0.6427
698 1364 0.7339
698 1368 0.6427
698 1370 0.9574
698 1375 0.7853
698 1386 0.6845
698 1388 0.3472
698 1389 0.6427
698 1390 0.6432
698 1394 0.6432
698 1395 0.8134
698 1397 0.7570
698 1402 0.8134
698 1405 0.7205
698 1406 0.6427
698 1412 0.6432
698 1414 0.6432
698 1419 0.7352
698 1421 0.7205
698 1423 0.7746
698 1426 0.6845
698 1427 0.7089
698 1428 0.6963
698 1434 0.9303
698 1435 0.7204
698 1438 0.7205
698 1439 0.6427
698 1440 0.8309
698 1446 0.7205
698 1448 0.7853
698 1453 0.6986
698 1457 0.6427
698 1458 0.7482
698 1472 0.6427
698 1473 0.7028
698 1480 0.6845
698 1487 0.7853
698 1491 0.7101
698 1492 0.7205
698 1493 0.7853
698 1495 0.6427
698 1500 0.6427
698 1501 0.7471
698 1504 0.6427
698 1505 0.6427
698 1506 0.6432
698 1508 0.6432
698 1512 0.3472
698 1514 0.6427
698 1518 0.6427
698 1519 0.7373
698 1520 0.8174
698 1522 0.7482
698 1527 0.6611
698 1528 0.6427
698 1529 0.6432
698 1530 0.7232
698 1538 0.6427
698 1547 0.7272
698 1548 0.7853
698 1551 0.6432
698 1554 0.3472
698 1556 0.7616
698 1562 0.7853
698 1567 0.6427
698 1569 0.6121
698 1570 0.6427
698 1571 0.6427
698 1573 0.6986
698 1574 0.6432
698 1577 0.6427
698 1579 0.3472
698 1582 0.6121
698 1585 0.6432
698 1588 0.6427
698 1592 0.3472
698 1593 0.6427
698 1594 0.7482
698 1598 0.6432
698 1609 0.7234
698 1610 0.6950
698 1612 0.6427
698 1614 0.6427
698 1615 0.6427
698 1618 0.8335
698 1622 0.7334
698 1623 0.6432
698 1624 0.6427
698 1628 0.6950
698 1629 0.6427
698 1630 0.8134
698 1633 0.7482
698 1636 0.7853
698 1641 0.6986
698 1646 0.3472
698 1647 0.6986
698 1650 0.6427
698 1655 0.6432
698 1659 0.8182
698 1662 0.7267
698 1667 0.6432
698 1668 0.6427
698 1674 0.7853
698 1675 0.7124
698 1676 0.6432
698 1678 0.6432
698 1679 0.6432
698 1680 0.7853
698 1681 0.7378
698 1682 0.6432
698 1683 0.6386
698 1688 0.6432
698 1689 0.8782
698 1690 0.6427
698 1692 0.6845
698 1695 0.6427
698 1701 0.6427
698 1702 0.7205
698 1703 0.6986
698 1706 0.3472
698 1707 0.6295
698 1711 0.3472
698 1712 0.9183
698 1714 0.6432
698 1717 0.8177
698 1720 0.8182
698 1724 0.6427
698 1726 0.6986
698 1727 0.6611
698 1729 0.6432
699 702 0.2628
699 704 0.4626
699 705 0.5093
699 706 0.6698
699 707 0.5093
699 710 0.5093
699 711 0.7141
699 716 0.4626
699 718 0.4137
699 721 0.4137
699 722 0.2628
699 726 0.3901
699 728 0.7844
699 729 0.3901
699 731 0.2628
699 732 0.7634
699 735 0.4137
699 736 0.7436
699 737 0.4137
699 741 0.4137
699 744 0.4137
699 748 0.7815
699 750 0.4137
699 752 0.5756
699 755 0.4441
699 758 0.4400
699 760 0.5327
699 762 0.4137
699 766 0.3901
699 768 0.8351
699 769 0.3901
699 776 0.6550
699 778 0.4137
699 783 0.6392
699 786 0.2628
699 787 0.5140
699 789 0.7634
699 791 0.4400
699 792 0.5327
699 793 0.5093
699 799 0.4626
699 801 0.7651
699 804 0.6392
699 805 0.4441
699 808 0.6368
699 809 0.4526
699 810 0.5140
699 811 0.9232
699 815 0.4137
699 816 0.4919
699 817 0.6392
699 818 0.4701
699 819 0.3901
699 822 0.4400
699 825 0.3901
699 831 0.5327
699 832 0.6271
699 834 0.6030
699 836 0.3901
699 839 0.4626
699 846 0.3901
699 849 0.4137
699 851 0.8343
699 853 0.6840
699 856 0.4137
699 858 0.5301
699 862 0.4246
699 867 0.6840
699 869 0.6392
699 872 0.9225
699 874 0.4400
699 875 0.4137
699 878 0.4919
699 882 0.4400
699 887 0.4137
699 888 0.4400
699 889 0.3901
699 891 0.7862
699 898 0.5327
699 903 0.5140
699 905 0.4400
699 908 0.2628
699 909 0.6392
699 910 0.3901
699 911 0.3901
699 914 0.4400
699 915 0.4137
699 916 0.2628
699 919 0.6840
699 920 0.4952
699 921 0.3901
699 922 0.6188
699 924 0.4137
699 936 0.4626
699 938 0.3901
699 942 0.4952
699 943 0.5210
699 944 0.5140
699 947 0.4626
699 950 0.2628
699 952 0.4626
699 953 0.2628
699 955 0.6877
699 956 0.2628
699 958 0.3901
699 959 0.4626
699 960 0.8427
699 968 0.6326
699 971 0.4400
699 974 0.9082
699 975 0.4137
699 976 0.4137
699 977 0.3901
699 979 0.7203
699 983 0.5140
699 984 0.4441
699 986 0.3901
699 987 0.6840
699 993 0.9103
699 994 0.7477
699 995 0.5936
699 996 0.4137
699 1002 0.7424
699 1003 0.8465
699 1004 0.8857
699 1006 0.4137
699 1007 0.7651
699 1008 0.4137
699 1013 0.3901
699 1018 0.3901
699 1020 0.7634
699 1023 0.6094
699 1024 0.4626
699 1027 0.4137
699 1028 0.5140
699 1029 0.6392
699 1030 0.2628
699 1036 0.4137
699 1044 0.4137
699 1045 0.6188
699 1047 0.4441
699 1052 0.3901
699 1053 0.4137
699 1057 0.9306
699 1059 0.4893
699 1060 0.8025
699 1066 0.3901
699 1067 0.3901
699 1068 0.4952
699 1070 0.4626
699 1071 0.3901
699 1075 0.4137
699 1078 0.4137
699 1079 0.5642
699 1082 0.4400
699 1085 0.3901
699 1090 0.2628
699 1092 0.5140
699 1094 0.3901
699 1099 0.9588
699 1104 0.6484
699 1105 0.5487
699 1106 0.4400
699 1113 0.4893
699 1123 0.4137
699 1127 0.4400
699 1128 0.6392
699 1129 0.6392
699 1132 0.4137
699 1133 0.5140
699 1135 0.8909
699 1136 0.2628
699 1139 0.4137
699 1141 0.4270
699 1142 0.5487
699 1143 0.6994
699 1144 0.2628
699 1147 0.5140
699 1150 0.7107
699 1151 0.7152
699 1152 0.7726
699 1153 0.3901
699 1154 0.4400
699 1155 0.4137
699 1161 0.4400
699 1162 0.4400
699 1163 0.3901
699 1176 0.5140
699 1178 0.5487
699 1180 0.6550
699 1182 0.3901
699 1183 0.4137
699 1184 0.3901
699 1186 0.5140
699 1187 0.3901
699 1189 0.4137
699 1197 0.4137
699 1199 0.6392
699 1201 0.3901
699 1206 0.4137
699 1207 0.4137
699 1209 0.5140
699 1212 0.2628
699 1213 0.4137
699 1216 0.3901
699 1223 0.6753
699 1225 0.8543
699 1228 0.4137
699 1229 0.4137
699 1230 0.5140
699 1235 0.5210
699 1240 0.7152
699 1242 0.3901
699 1247 0.4137
699 1248 0.4137
699 1249 0.4526
699 1252 0.5140
699 1256 0.6188
699 1260 0.4501
699 1265 0.7152
699 1276 0.2628
699 1278 0.4501
699 1279 0.5140
699 1282 0.4246
699 1283 0.3901
699 1286 0.3901
699 1287 0.5210
699 1288 0.5327
699 1290 0.2628
699 1292 0.8418
699 1295 0.4246
699 1297 0.5140
699 1298 0.6432
699 1301 0.4137
699 1303 0.4137
699 1310 0.3901
699 1313 0.7634
699 1316 0.9686
699 1319 0.5327
699 1323 0.5140
699 1329 0.4137
699 1330 0.5140
699 1342 0.4137
699 1343 0.3901
699 1344 0.5487
699 1348 0.3901
699 1356 0.4137
699 1358 0.5140
699 1359 0.4400
699 1363 0.4137
