161 1142 0.3072
161 1143 0.3748
161 1144 0.2514
161 1147 0.3027
161 1150 0.4521
161 1151 0.3707
161 1152 0.7250
161 1153 0.2628
161 1154 0.2758
161 1155 0.3229
161 1161 0.2758
161 1162 0.2758
161 1163 0.2628
161 1176 0.3027
161 1178 0.3072
161 1180 0.3910
161 1182 0.2628
161 1183 0.3229
161 1184 0.2628
161 1186 0.3027
161 1187 0.2628
161 1189 0.3229
161 1197 0.3229
161 1199 0.3612
161 1201 0.2628
161 1206 0.3229
161 1207 0.3229
161 1209 0.3027
161 1212 0.3027
161 1213 0.3229
161 1216 0.2628
161 1223 0.3117
161 1225 0.6319
161 1228 0.3229
161 1229 0.3229
161 1230 0.3027
161 1235 0.3110
161 1240 0.3707
161 1242 0.2628
161 1247 0.3229
161 1248 0.3229
161 1249 0.3441
161 1252 0.3027
161 1256 0.3386
161 1260 0.3429
161 1265 0.3707
161 1276 0.2514
161 1278 0.3429
161 1279 0.3027
161 1282 0.3295
161 1283 0.2628
161 1286 0.2628
161 1287 0.3110
161 1288 0.2907
161 1290 0.2514
161 1292 0.7534
161 1295 0.3295
161 1297 0.3027
161 1298 0.3472
161 1301 0.3229
161 1303 0.3229
161 1310 0.2628
161 1313 0.4205
161 1316 0.9556
161 1319 0.2907
161 1323 0.3027
161 1329 0.3229
161 1330 0.3027
161 1342 0.3229
161 1343 0.2628
161 1344 0.3072
161 1348 0.2628
161 1356 0.3229
161 1358 0.3027
161 1359 0.2758
161 1363 0.3229
161 1364 0.5263
161 1368 0.3229
161 1370 0.7197
161 1375 0.3027
161 1386 0.3072
161 1388 0.2514
161 1389 0.3229
161 1390 0.2628
161 1394 0.2628
161 1395 0.3612
161 1397 0.3707
161 1402 0.3612
161 1405 0.3505
161 1406 0.3229
161 1412 0.2628
161 1414 0.2628
161 1419 0.4160
161 1421 0.3505
161 1423 0.3830
161 1426 0.3072
161 1427 0.3386
161 1428 0.3910
161 1434 0.9554
161 1435 0.6617
161 1438 0.3505
161 1439 0.3229
161 1440 0.7083
161 1446 0.3505
161 1448 0.3027
161 1453 0.2758
161 1457 0.3229
161 1458 0.3304
161 1472 0.3229
161 1473 0.4124
161 1480 0.3072
161 1487 0.3027
161 1491 0.3984
161 1492 0.3505
161 1493 0.3027
161 1495 0.3229
161 1500 0.3229
161 1501 0.3386
161 1504 0.3229
161 1505 0.3229
161 1506 0.2628
161 1508 0.2628
161 1512 0.2514
161 1514 0.3229
161 1518 0.3229
161 1519 0.3616
161 1520 0.7868
161 1522 0.3304
161 1527 0.2907
161 1528 0.3229
161 1529 0.2628
161 1530 0.4706
161 1538 0.3229
161 1547 0.5113
161 1548 0.3027
161 1551 0.2628
161 1554 0.2514
161 1556 0.3462
161 1562 0.3027
161 1567 0.3229
161 1569 0.3027
161 1570 0.3229
161 1571 0.3229
161 1573 0.2758
161 1574 0.2628
161 1577 0.3229
161 1579 0.2514
161 1582 0.3027
161 1585 0.2628
161 1588 0.3229
161 1592 0.2514
161 1593 0.3229
161 1594 0.3304
161 1598 0.2628
161 1609 0.3117
161 1610 0.3843
161 1612 0.3229
161 1614 0.3229
161 1615 0.3229
161 1618 0.7375
161 1622 0.4883
161 1623 0.2628
161 1624 0.3229
161 1628 0.3843
161 1629 0.3229
161 1630 0.3612
161 1633 0.3304
161 1636 0.3027
161 1641 0.2758
161 1646 0.2514
161 1647 0.2758
161 1650 0.3229
161 1655 0.2628
161 1659 0.3288
161 1662 0.3763
161 1667 0.2628
161 1668 0.3229
161 1674 0.3027
161 1675 0.3429
161 1676 0.2628
161 1678 0.2628
161 1679 0.2628
161 1680 0.3027
161 1681 0.3110
161 1682 0.2628
161 1683 0.2757
161 1688 0.2628
161 1689 0.7988
161 1690 0.3229
161 1692 0.3072
161 1695 0.3229
161 1701 0.3229
161 1702 0.3505
161 1703 0.2758
161 1706 0.2514
161 1707 0.3835
161 1711 0.2514
161 1712 0.9317
161 1714 0.2628
161 1717 0.8474
161 1720 0.3288
161 1724 0.3229
161 1726 0.2758
161 1727 0.2907
161 1729 0.2628
162 163 0.5797
162 165 0.6696
162 166 0.5797
162 167 0.7039
162 170 0.7339
162 172 0.7039
162 175 0.6618
162 178 0.6120
162 179 0.4235
162 180 0.5742
162 182 0.7218
162 183 0.7237
162 184 0.7042
162 185 0.7421
162 186 0.7218
162 187 0.8111
162 193 0.6205
162 196 0.6533
162 197 0.7794
162 199 0.9388
162 201 0.7807
162 204 0.8365
162 206 0.7474
162 207 0.7039
162 208 0.5660
162 210 0.7679
162 211 0.6601
162 212 0.7039
162 214 0.8319
162 215 0.7577
162 216 0.7237
162 217 0.9019
162 218 0.6696
162 224 0.6618
162 225 0.6618
162 226 0.5660
162 228 0.7237
162 229 0.5627
162 230 0.7600
162 231 0.4235
162 232 0.5797
162 233 0.6696
162 235 0.6711
162 236 0.9021
162 237 0.6616
162 238 0.6822
162 240 0.8111
162 243 0.7546
162 248 0.7039
162 249 0.7474
162 250 0.7237
162 253 0.5660
162 254 0.6018
162 258 0.7474
162 261 0.5797
162 262 0.8483
162 266 0.6533
162 267 0.4235
162 271 0.7039
162 275 0.6987
162 276 0.7277
162 281 0.6618
162 283 0.4235
162 284 0.8043
162 287 0.6618
162 290 0.8190
162 292 0.9019
162 293 0.5872
162 294 0.5041
162 297 0.8205
162 300 0.6589
162 303 0.6618
162 304 0.7781
162 305 0.5616
162 306 0.8600
162 309 0.6696
162 311 0.5660
162 314 0.6618
162 315 0.8408
162 316 0.8319
162 319 0.6618
162 321 0.8108
162 325 0.5578
162 327 0.6989
162 328 0.8045
162 331 0.5627
162 332 0.6120
162 334 0.6446
162 339 0.5742
162 340 0.7039
162 341 0.7325
162 343 0.7039
162 347 0.9077
162 348 0.7237
162 350 0.7783
162 351 0.6696
162 352 0.6618
162 353 0.7237
162 356 0.5797
162 363 0.5742
162 370 0.7421
162 376 0.5746
162 377 0.7039
162 379 0.7474
162 380 0.7039
162 381 0.6696
162 383 0.8455
162 384 0.8528
162 391 0.6616
162 392 0.7039
162 393 0.6821
162 396 0.7773
162 398 0.5797
162 399 0.7373
162 400 0.7039
162 402 0.6618
162 404 0.7039
162 406 0.7039
162 407 0.4235
162 409 0.6120
162 410 0.9193
162 412 0.7039
162 414 0.6618
162 415 0.6618
162 416 0.5660
162 418 0.7373
162 419 0.5797
162 420 0.6618
162 422 0.7237
162 424 0.8058
162 425 0.6696
162 427 0.5779
162 430 0.6696
162 434 0.7340
162 438 0.9363
162 442 0.6487
162 444 0.6696
162 447 0.7039
162 449 0.6711
162 450 0.6618
162 452 0.8221
162 454 0.8765
162 456 0.8388
162 458 0.5660
162 461 0.8388
162 463 0.7039
162 464 0.9223
162 465 0.5742
162 466 0.8880
162 467 0.5742
162 468 0.7237
162 469 0.5650
162 470 0.5660
162 472 0.7421
162 475 0.6618
162 476 0.6618
162 478 0.7237
162 480 0.6618
162 484 0.7039
162 488 0.4235
162 489 0.6763
162 491 0.5547
162 492 0.6616
162 494 0.7039
162 495 0.6618
162 496 0.6696
162 497 0.7218
162 498 0.6533
162 499 0.7807
162 503 0.6618
162 505 0.7937
162 507 0.6696
162 508 0.5799
162 509 0.6618
162 511 0.8221
162 514 0.7807
162 515 0.4235
162 516 0.6618
162 519 0.4235
162 520 0.6618
162 521 0.6618
162 529 0.4235
162 535 0.4235
162 536 0.6618
162 540 0.8319
162 541 0.6618
162 542 0.9174
162 544 0.7039
162 546 0.6618
162 551 0.6618
162 552 0.6618
162 553 0.6691
162 555 0.5660
162 560 0.6618
162 562 0.7237
162 563 0.7807
162 564 0.5990
162 565 0.9489
162 568 0.8923
162 569 0.7237
162 571 0.6618
162 573 0.6618
162 575 0.6533
162 576 0.5660
162 578 0.5547
162 579 0.7807
162 580 0.4235
162 581 0.4235
162 584 0.8999
162 586 0.4235
162 587 0.9366
162 589 0.6618
162 590 0.8249
162 592 0.7474
162 595 0.7039
162 598 0.5797
162 600 0.6120
162 601 0.7039
162 602 0.7307
162 604 0.6714
162 606 0.5797
162 607 0.6696
162 608 0.6696
162 610 0.4235
162 611 0.7039
162 612 0.5797
162 613 0.6618
162 614 0.7921
162 615 0.6618
162 618 0.5547
162 619 0.8419
162 621 0.6618
162 624 0.6696
162 626 0.6618
162 628 0.6533
162 631 0.6611
162 633 0.6618
162 637 0.7039
162 639 0.9044
162 641 0.6618
162 642 0.7039
162 648 0.5746
162 655 0.9289
162 658 0.6120
162 659 0.7421
162 662 0.7039
162 666 0.6618
162 667 0.8111
162 670 0.7039
162 671 0.4235
162 672 0.7344
162 676 0.6618
162 678 0.6618
162 680 0.6533
162 684 0.6533
162 685 0.7266
162 687 0.6618
162 688 0.6696
162 689 0.8319
162 693 0.4235
162 694 0.4235
162 695 0.6611
162 696 0.6470
162 698 0.8081
162 699 0.9323
162 702 0.4235
162 704 0.5660
162 705 0.5797
162 706 0.7221
162 707 0.5797
162 710 0.5797
162 711 0.7252
162 716 0.5660
162 718 0.6618
162 721 0.6618
162 722 0.4235
162 726 0.7039
162 728 0.8388
162 729 0.7039
162 731 0.4235
162 732 0.8319
162 735 0.6618
162 736 0.7362
162 737 0.6618
162 741 0.6618
162 744 0.6618
162 748 0.7186
162 750 0.6618
162 752 0.5471
162 755 0.8999
162 758 0.6696
162 760 0.6533
162 762 0.6618
162 766 0.7039
162 768 0.8388
162 769 0.9289
162 776 0.6616
162 778 0.6618
162 783 0.8111
162 786 0.4235
162 787 0.7237
162 789 0.8319
162 791 0.6696
162 792 0.6533
162 793 0.5797
162 799 0.5660
162 801 0.8058
162 804 0.8111
162 805 0.8999
162 808 0.5797
162 809 0.5627
162 810 0.7237
162 811 0.8881
162 815 0.6618
162 816 0.6120
162 817 0.8111
162 818 0.7118
162 819 0.7039
162 822 0.6696
162 825 0.7039
162 831 0.6533
162 832 0.7340
162 834 0.7807
162 836 0.7039
162 839 0.5660
162 846 0.7039
162 849 0.6618
162 851 0.9057
162 853 0.6691
162 856 0.6618
162 858 0.6225
162 862 0.5547
162 867 0.6691
162 869 0.8111
162 872 0.8625
162 874 0.6696
162 875 0.6618
162 878 0.9174
162 882 0.6696
162 887 0.6618
162 888 0.6696
162 889 0.7039
162 891 0.9467
162 898 0.6533
162 903 0.7237
162 905 0.6696
162 908 0.4235
162 909 0.8111
162 910 0.7039
162 911 0.9380
162 914 0.6696
162 915 0.6618
162 916 0.4235
162 919 0.6691
162 920 0.5779
162 921 0.7039
162 922 0.7218
162 924 0.6618
162 936 0.5660
162 938 0.7039
162 942 0.5779
162 943 0.7421
162 944 0.7237
162 947 0.5660
162 950 0.4235
162 952 0.5660
162 953 0.4235
162 955 0.7354
162 956 0.4235
162 958 0.7039
162 959 0.5660
162 960 0.8335
162 968 0.6470
162 971 0.6696
162 974 0.8916
162 975 0.6618
162 976 0.6618
162 977 0.7039
162 979 0.7505
162 983 0.7237
162 984 0.8999
162 986 0.7039
162 987 0.6691
162 993 0.8788
162 994 0.7599
162 995 0.6914
162 996 0.6618
162 1002 0.7578
162 1003 0.8249
162 1004 0.8642
162 1006 0.6618
162 1007 0.8058
162 1008 0.6618
162 1013 0.7039
162 1018 0.7039
162 1020 0.8319
162 1023 0.6711
162 1024 0.5660
162 1027 0.6618
162 1028 0.7237
162 1029 0.8111
162 1030 0.4235
162 1036 0.6618
162 1044 0.6618
162 1045 0.9570
162 1047 0.8999
162 1052 0.7039
162 1053 0.6618
162 1057 0.6533
162 1059 0.5742
162 1060 0.8101
162 1066 0.7039
162 1067 0.7039
162 1068 0.5779
162 1070 0.5660
162 1071 0.7039
162 1075 0.6618
162 1078 0.6618
162 1079 0.4968
162 1082 0.6696
162 1085 0.9714
162 1090 0.4235
162 1092 0.7237
162 1094 0.7039
162 1099 0.9502
162 1104 0.6611
162 1105 0.7474
162 1106 0.6696
162 1113 0.5742
162 1123 0.6618
162 1127 0.6696
162 1128 0.8111
162 1129 0.8111
162 1132 0.6618
162 1133 0.7237
162 1135 0.8973
162 1136 0.4235
162 1139 0.6618
162 1141 0.8754
162 1142 0.7474
162 1143 0.9485
162 1144 0.4235
162 1147 0.7237
162 1150 0.7301
162 1151 0.7990
162 1152 0.9112
162 1153 0.7039
162 1154 0.6696
162 1155 0.6618
162 1161 0.8464
162 1162 0.9432
162 1163 0.7039
162 1176 0.7237
162 1178 0.7474
162 1180 0.6616
162 1182 0.7039
162 1183 0.6618
162 1184 0.7039
162 1186 0.7237
162 1187 0.7039
162 1189 0.6618
162 1197 0.6618
162 1199 0.8111
162 1201 0.7039
162 1206 0.6618
162 1207 0.6618
162 1209 0.7237
162 1212 0.7237
162 1213 0.6618
162 1216 0.7039
162 1223 0.6989
162 1225 0.9052
162 1228 0.6618
162 1229 0.6618
162 1230 0.7237
162 1235 0.9706
162 1240 0.7990
162 1242 0.7039
162 1247 0.6618
162 1248 0.6618
162 1249 0.5627
162 1252 0.7237
162 1256 0.7218
162 1260 0.5616
162 1265 0.9426
162 1276 0.4235
162 1278 0.5616
162 1279 0.7237
162 1282 0.5547
162 1283 0.7039
162 1286 0.7039
162 1287 0.7421
162 1288 0.6533
162 1290 0.4235
162 1292 0.8444
162 1295 0.5547
162 1297 0.7237
162 1298 0.7398
162 1301 0.6618
162 1303 0.6618
162 1310 0.7039
162 1313 0.8319
162 1316 0.9237
162 1319 0.6533
162 1323 0.7237
162 1329 0.6618
162 1330 0.7237
162 1342 0.6618
162 1343 0.7039
162 1344 0.7474
162 1348 0.7039
162 1356 0.6618
162 1358 0.7237
162 1359 0.6696
162 1363 0.6618
162 1364 0.7549
162 1368 0.6618
162 1370 0.8249
162 1375 0.7237
162 1386 0.7474
162 1388 0.4235
162 1389 0.6618
162 1390 0.7039
162 1394 0.7039
162 1395 0.8111
162 1397 0.7990
162 1402 0.8111
162 1405 0.5660
162 1406 0.6618
162 1412 0.7039
162 1414 0.7039
162 1419 0.7218
162 1421 0.5660
162 1423 0.9019
162 1426 0.7474
162 1427 0.8999
162 1428 0.6616
162 1434 0.9576
162 1435 0.7865
162 1438 0.5660
162 1439 0.6618
162 1440 0.8216
162 1446 0.5660
162 1448 0.7237
162 1453 0.6696
162 1457 0.6618
162 1458 0.5797
162 1472 0.6618
162 1473 0.6691
162 1480 0.7474
162 1487 0.7237
162 1491 0.9190
162 1492 0.5660
162 1493 0.7237
162 1495 0.6618
162 1500 0.6618
162 1501 0.7218
162 1504 0.6618
162 1505 0.6618
162 1506 0.7039
162 1508 0.7039
162 1512 0.4235
162 1514 0.6618
162 1518 0.6618
162 1519 0.5742
162 1520 0.8365
162 1522 0.5797
162 1527 0.6533
162 1528 0.6618
162 1529 0.7039
162 1530 0.7221
162 1538 0.6618
162 1547 0.7296
162 1548 0.7237
162 1551 0.7039
162 1554 0.4235
162 1556 0.5746
162 1562 0.7237
162 1567 0.6618
162 1569 0.7237
162 1570 0.6618
162 1571 0.6618
162 1573 0.6696
162 1574 0.7039
162 1577 0.6618
162 1579 0.4235
162 1582 0.7237
162 1585 0.7039
162 1588 0.6618
162 1592 0.4235
162 1593 0.6618
162 1594 0.5797
162 1598 0.7039
162 1609 0.6989
162 1610 0.6611
162 1612 0.6618
162 1614 0.6618
162 1615 0.6618
162 1618 0.8465
162 1622 0.7407
162 1623 0.7039
162 1624 0.6618
162 1628 0.6611
162 1629 0.6618
162 1630 0.8111
162 1633 0.5797
162 1636 0.7237
162 1641 0.6696
162 1646 0.4235
162 1647 0.6696
162 1650 0.6618
162 1655 0.9380
162 1659 0.7807
162 1662 0.7031
162 1667 0.7039
162 1668 0.6618
162 1674 0.7237
162 1675 0.5616
162 1676 0.7039
162 1678 0.7039
162 1679 0.7039
162 1680 0.7237
162 1681 0.7421
162 1682 0.7039
162 1683 0.6120
162 1688 0.7039
162 1689 0.8878
162 1690 0.6618
162 1692 0.7474
162 1695 0.6618
162 1701 0.6618
162 1702 0.5660
162 1703 0.6696
162 1706 0.4235
162 1707 0.5861
162 1711 0.4235
162 1712 0.9299
162 1714 0.7039
162 1717 0.8368
162 1720 0.7807
162 1724 0.6618
162 1726 0.6696
162 1727 0.6533
162 1729 0.7039
163 165 0.6738
163 166 0.4474
163 167 0.5093
163 170 0.5304
163 172 0.5093
163 175 0.4663
163 178 0.4956
163 179 0.3304
163 180 0.4495
163 182 0.5531
163 183 0.6535
163 184 0.5264
163 185 0.7035
163 186 0.5531
163 187 0.6916
163 193 0.5242
163 196 0.5025
163 197 0.7311
163 199 0.4252
163 201 0.7278
163 204 0.7368
163 206 0.5680
163 207 0.5093
163 208 0.4443
163 210 0.7096
163 211 0.4715
163 212 0.5093
163 214 0.7501
163 215 0.6222
163 216 0.6535
163 217 0.5303
163 218 0.9386
163 224 0.4663
163 225 0.4663
163 226 0.4443
163 228 0.6535
163 229 0.4422
163 230 0.8095
163 231 0.3304
163 232 0.8906
163 233 0.6738
163 235 0.5828
163 236 0.6257
163 237 0.4745
163 238 0.5452
163 240 0.6916
163 243 0.6816
163 248 0.5093
163 249 0.5680
163 250 0.6535
163 253 0.9126
163 254 0.9238
163 258 0.5680
163 261 0.9063
163 262 0.7825
163 266 0.5025
163 267 0.3304
163 271 0.5093
163 275 0.9271
163 276 0.6044
163 281 0.4663
163 283 0.3304
163 284 0.6819
163 287 0.4663
163 290 0.9579
163 292 0.5303
163 293 0.5067
163 294 0.4362
163 297 0.7575
163 300 0.5646
163 303 0.4663
163 304 0.7570
163 305 0.4415
163 306 0.6535
163 309 0.6738
163 311 0.4443
163 314 0.4663
163 315 0.9349
163 316 0.7501
163 319 0.4663
163 321 0.6817
163 325 0.5895
163 327 0.5011
163 328 0.9275
163 331 0.4422
163 332 0.4956
163 334 0.9275
163 339 0.4495
163 340 0.5093
163 341 0.5905
163 343 0.5093
163 347 0.6981
163 348 0.6535
163 350 0.6499
163 351 0.6738
163 352 0.4663
163 353 0.6535
163 356 0.4474
163 363 0.4495
163 370 0.7035
163 376 0.4799
163 377 0.5093
163 379 0.5680
163 380 0.5093
163 381 0.6738
163 383 0.8502
163 384 0.8334
163 391 0.4745
163 392 0.5093
163 393 0.8929
163 396 0.6409
163 398 0.8906
163 399 0.5797
163 400 0.5093
163 402 0.4663
163 404 0.5093
163 406 0.5093
163 407 0.3304
163 409 0.4956
163 410 0.5839
163 412 0.5093
163 414 0.4663
163 415 0.4663
163 416 0.4443
163 418 0.5797
163 419 0.4474
163 420 0.4663
163 422 0.6535
163 424 0.7543
163 425 0.6738
163 427 0.4471
163 430 0.6738
163 434 0.9207
163 438 0.7726
163 442 0.6291
163 444 0.6738
163 447 0.5093
163 449 0.5828
163 450 0.4663
163 452 0.7320
163 454 0.7913
163 456 0.8068
163 458 0.9126
163 461 0.8068
163 463 0.5093
163 464 0.5531
163 465 0.4495
163 466 0.8695
163 467 0.4495
163 468 0.6535
163 469 0.4951
163 470 0.4443
163 472 0.7035
163 475 0.4663
163 476 0.4663
163 478 0.6535
163 480 0.4663
163 484 0.5093
163 488 0.3304
163 489 0.5882
163 491 0.4374
163 492 0.4745
163 494 0.5093
163 495 0.4663
163 496 0.6738
163 497 0.5531
163 498 0.5025
163 499 0.7278
163 503 0.4663
163 505 0.5093
163 507 0.6738
163 508 0.5007
163 509 0.4663
163 511 0.7320
163 514 0.7278
163 515 0.3304
163 516 0.4663
163 519 0.3304
163 520 0.4663
163 521 0.4663
163 529 0.3304
163 535 0.3304
163 536 0.4663
163 540 0.7501
163 541 0.4663
163 542 0.4956
163 544 0.5093
163 546 0.4663
163 551 0.4663
163 552 0.4663
163 553 0.4997
163 555 0.4443
163 560 0.4663
163 562 0.6535
163 563 0.7278
163 564 0.5477
163 565 0.4799
163 568 0.8701
163 569 0.6535
163 571 0.4663
163 573 0.4663
163 575 0.5025
163 576 0.4443
163 578 0.4374
163 579 0.7278
163 580 0.3304
163 581 0.3304
163 584 0.4405
163 586 0.3304
163 587 0.6367
163 589 0.4663
163 590 0.7824
163 592 0.5680
163 595 0.5093
163 598 0.4474
163 600 0.4956
163 601 0.5093
163 602 0.9121
163 604 0.4888
163 606 0.4474
163 607 0.6738
163 608 0.6738
163 610 0.3304
163 611 0.5093
163 612 0.9063
163 613 0.4663
163 614 0.7495
163 615 0.4663
163 618 0.4374
163 619 0.7614
163 621 0.4663
163 624 0.6738
163 626 0.4663
163 628 0.9462
163 631 0.4730
163 633 0.4663
163 637 0.5093
163 639 0.9353
163 641 0.4663
163 642 0.5093
163 648 0.9201
163 655 0.5093
163 658 0.4956
163 659 0.7035
163 662 0.5093
163 666 0.4663
163 667 0.6916
163 670 0.5093
163 671 0.3304
163 672 0.5311
163 676 0.4663
163 678 0.4663
163 680 0.5025
163 684 0.5025
163 685 0.6086
163 687 0.4663
163 688 0.6738
163 689 0.7501
163 693 0.3304
163 694 0.3304
163 695 0.4730
163 696 0.9459
163 698 0.7464
163 699 0.5797
163 702 0.3304
163 704 0.4443
163 705 0.4474
163 706 0.9392
163 707 0.9063
163 710 0.4474
163 711 0.6981
163 716 0.4443
163 718 0.4663
163 721 0.4663
163 722 0.3304
163 726 0.5093
163 728 0.8068
163 729 0.5093
163 731 0.3304
163 732 0.7501
163 735 0.4663
163 736 0.7607
163 737 0.4663
163 741 0.4663
163 744 0.4663
163 748 0.9092
163 750 0.4663
163 752 0.4589
163 755 0.4405
163 758 0.9386
163 760 0.5025
163 762 0.4663
163 766 0.5093
163 768 0.7805
163 769 0.5093
163 776 0.4745
163 778 0.4663
163 783 0.6916
163 786 0.3304
163 787 0.6535
163 789 0.7501
163 791 0.6738
163 792 0.5025
163 793 0.4474
163 799 0.4443
163 801 0.7543
163 804 0.9289
163 805 0.4405
163 808 0.4474
163 809 0.4422
163 810 0.6535
163 811 0.8860
163 815 0.4663
163 816 0.4956
163 817 0.6916
163 818 0.5423
163 819 0.5093
163 822 0.6738
163 825 0.5093
163 831 0.5025
163 832 0.5306
163 834 0.7278
163 836 0.5093
163 839 0.9126
163 846 0.5093
163 849 0.4663
163 851 0.6625
163 853 0.4997
163 856 0.4663
163 858 0.4604
163 862 0.4374
163 867 0.9134
163 869 0.6916
163 872 0.8240
163 874 0.6738
163 875 0.4663
163 878 0.4956
163 882 0.6738
163 887 0.4663
163 888 0.6738
163 889 0.5093
163 891 0.7081
163 898 0.5025
163 903 0.9277
163 905 0.6738
163 908 0.3304
163 909 0.6916
163 910 0.5093
163 911 0.5093
163 914 0.9386
163 915 0.4663
163 916 0.3304
163 919 0.4997
163 920 0.4471
163 921 0.5093
163 922 0.5531
163 924 0.4663
163 936 0.9126
163 938 0.5093
163 942 0.4471
163 943 0.9568
163 944 0.6535
163 947 0.4443
163 950 0.3304
163 952 0.4443
163 953 0.3304
163 955 0.5606
163 956 0.3304
163 958 0.5093
163 959 0.9126
163 960 0.7724
163 968 0.8901
163 971 0.6738
163 974 0.8818
163 975 0.4663
163 976 0.4663
163 977 0.5093
163 979 0.6239
163 983 0.9277
163 984 0.4405
163 986 0.5093
163 987 0.4997
163 993 0.8721
163 994 0.6991
163 995 0.5225
163 996 0.4663
163 1002 0.9166
163 1003 0.9414
163 1004 0.8189
163 1006 0.4663
163 1007 0.7543
163 1008 0.4663
163 1013 0.5093
163 1018 0.5093
163 1020 0.9400
163 1023 0.9207
163 1024 0.4443
163 1027 0.4663
163 1028 0.6535
163 1029 0.6916
163 1030 0.3304
163 1036 0.4663
163 1044 0.4663
163 1045 0.5531
163 1047 0.4405
163 1052 0.5093
163 1053 0.4663
163 1057 0.5025
163 1059 0.4495
163 1060 0.7428
163 1066 0.5093
163 1067 0.5093
163 1068 0.4471
163 1070 0.4443
163 1071 0.5093
163 1075 0.4663
163 1078 0.4663
163 1079 0.5624
163 1082 0.6738
163 1085 0.5093
163 1090 0.3304
163 1092 0.9564
163 1094 0.5093
163 1099 0.9488
163 1104 0.4730
163 1105 0.5680
163 1106 0.6738
163 1113 0.4495
163 1123 0.4663
163 1127 0.6738
163 1128 0.6916
163 1129 0.6916
163 1132 0.4663
163 1133 0.6535
163 1135 0.8589
163 1136 0.3304
163 1139 0.4663
163 1141 0.4962
163 1142 0.5680
163 1143 0.5041
163 1144 0.3304
163 1147 0.6535
163 1150 0.5442
163 1151 0.6512
163 1152 0.9029
163 1153 0.5093
163 1154 0.6738
163 1155 0.4663
163 1161 0.6738
163 1162 0.6738
163 1163 0.5093
163 1176 0.9564
163 1178 0.5680
163 1180 0.4745
163 1182 0.5093
163 1183 0.4663
163 1184 0.5093
163 1186 0.6535
163 1187 0.5093
163 1189 0.4663
163 1197 0.4663
163 1199 0.6916
163 1201 0.5093
163 1206 0.4663
163 1207 0.4663
163 1209 0.6535
163 1212 0.6535
163 1213 0.4663
163 1216 0.5093
163 1223 0.5416
163 1225 0.8317
163 1228 0.4663
163 1229 0.4663
163 1230 0.6535
163 1235 0.7035
163 1240 0.6512
163 1242 0.5093
163 1247 0.4663
163 1248 0.4663
163 1249 0.4422
163 1252 0.6535
163 1256 0.5531
163 1260 0.4415
163 1265 0.6512
163 1276 0.3304
163 1278 0.4415
163 1279 0.6535
163 1282 0.4374
163 1283 0.5093
163 1286 0.5093
163 1287 0.7035
163 1288 0.5025
163 1290 0.3304
163 1292 0.8169
163 1295 0.4374
163 1297 0.6535
163 1298 0.9161
163 1301 0.4663
163 1303 0.4663
163 1310 0.5093
163 1313 0.7501
163 1316 0.9555
163 1319 0.9462
163 1323 0.6535
163 1329 0.4663
163 1330 0.6535
163 1342 0.4663
163 1343 0.5093
163 1344 0.5680
163 1348 0.5093
163 1356 0.4663
163 1358 0.6535
163 1359 0.6738
163 1363 0.4663
163 1364 0.7401
163 1368 0.4663
163 1370 0.7824
163 1375 0.6535
163 1386 0.5680
163 1388 0.3304
163 1389 0.4663
163 1390 0.5093
163 1394 0.5093
163 1395 0.6916
163 1397 0.6512
163 1402 0.6916
163 1405 0.4443
163 1406 0.4663
163 1412 0.5093
163 1414 0.5093
163 1419 0.5742
163 1421 0.4443
163 1423 0.5303
163 1426 0.5680
163 1427 0.4405
163 1428 0.4745
163 1434 0.9303
163 1435 0.7263
163 1438 0.4443
163 1439 0.4663
163 1440 0.8178
163 1446 0.4443
163 1448 0.6535
163 1453 0.6738
163 1457 0.4663
163 1458 0.9063
163 1472 0.4663
163 1473 0.4997
163 1480 0.5680
163 1487 0.6535
163 1491 0.5188
163 1492 0.9126
163 1493 0.6535
163 1495 0.4663
163 1500 0.4663
163 1501 0.5531
163 1504 0.4663
163 1505 0.4663
163 1506 0.5093
163 1508 0.5093
163 1512 0.3304
163 1514 0.4663
163 1518 0.4663
163 1519 0.4495
163 1520 0.8910
163 1522 0.4474
163 1527 0.5025
163 1528 0.4663
163 1529 0.5093
163 1530 0.6323
163 1538 0.4663
163 1547 0.6394
163 1548 0.6535
163 1551 0.5093
163 1554 0.3304
163 1556 0.9201
163 1562 0.6535
163 1567 0.4663
163 1569 0.6535
163 1570 0.4663
163 1571 0.4663
163 1573 0.6738
163 1574 0.5093
163 1577 0.4663
163 1579 0.3304
163 1582 0.6535
163 1585 0.5093
163 1588 0.4663
163 1592 0.3304
163 1593 0.4663
163 1594 0.8906
163 1598 0.5093
163 1609 0.5416
163 1610 0.4730
163 1612 0.4663
163 1614 0.4663
163 1615 0.4663
163 1618 0.8326
163 1622 0.7251
163 1623 0.5093
163 1624 0.4663
163 1628 0.4730
163 1629 0.4663
163 1630 0.6916
163 1633 0.8906
163 1636 0.6535
163 1641 0.6738
163 1646 0.3304
163 1647 0.6738
163 1650 0.4663
163 1655 0.5093
163 1659 0.7278
163 1662 0.5177
163 1667 0.5093
163 1668 0.4663
163 1674 0.6535
163 1675 0.4415
163 1676 0.5093
163 1678 0.5093
163 1679 0.5093
163 1680 0.6535
163 1681 0.7035
163 1682 0.5093
163 1683 0.4956
163 1688 0.5093
163 1689 0.8599
163 1690 0.4663
163 1692 0.5680
163 1695 0.4663
163 1701 0.4663
163 1702 0.4443
163 1703 0.6738
163 1706 0.3304
163 1707 0.5070
163 1711 0.3304
163 1712 0.9183
163 1714 0.5093
163 1717 0.8177
163 1720 0.9286
163 1724 0.4663
163 1726 0.6738
163 1727 0.5025
163 1729 0.5093
165 166 0.6738
165 167 0.4400
165 170 0.6610
165 172 0.4400
