450 755 0.4207
450 758 0.3852
450 760 0.3527
450 762 0.3513
450 766 0.4137
450 768 0.7811
450 769 0.4137
450 776 0.5018
450 778 0.3513
450 783 0.5128
450 786 0.3229
450 787 0.3490
450 789 0.5547
450 791 0.3852
450 792 0.3527
450 793 0.4663
450 799 0.4361
450 801 0.7118
450 804 0.5128
450 805 0.4207
450 808 0.6542
450 809 0.4207
450 810 0.3490
450 811 0.9099
450 815 0.3513
450 816 0.4542
450 817 0.5128
450 818 0.4812
450 819 0.4137
450 822 0.3852
450 825 0.4137
450 831 0.3527
450 832 0.6003
450 834 0.6123
450 836 0.4137
450 839 0.4361
450 846 0.4137
450 849 0.3513
450 851 0.7750
450 853 0.5494
450 856 0.3513
450 858 0.4992
450 862 0.4057
450 867 0.5494
450 869 0.5128
450 872 0.8946
450 874 0.3852
450 875 0.3513
450 878 0.4542
450 882 0.3852
450 887 0.3513
450 888 0.3852
450 889 0.4137
450 891 0.7431
450 898 0.3527
450 903 0.3490
450 905 0.3852
450 908 0.3229
450 909 0.5128
450 910 0.4137
450 911 0.4137
450 914 0.3852
450 915 0.3513
450 916 0.3229
450 919 0.5494
450 920 0.4549
450 921 0.4137
450 922 0.4641
450 924 0.3513
450 936 0.4361
450 938 0.4137
450 942 0.4549
450 943 0.5304
450 944 0.3490
450 947 0.4361
450 950 0.3229
450 952 0.4361
450 953 0.3229
450 955 0.6486
450 956 0.3229
450 958 0.4137
450 959 0.4361
450 960 0.7495
450 968 0.6019
450 971 0.3852
450 974 0.8924
450 975 0.3513
450 976 0.3513
450 977 0.4137
450 979 0.6445
450 983 0.3490
450 984 0.4207
450 986 0.4137
450 987 0.5494
450 993 0.8842
450 994 0.7627
450 995 0.5437
450 996 0.3513
450 1002 0.7295
450 1003 0.8176
450 1004 0.8136
450 1006 0.3513
450 1007 0.7118
450 1008 0.3513
450 1013 0.4137
450 1018 0.4137
450 1020 0.5547
450 1023 0.6332
450 1024 0.4361
450 1027 0.3513
450 1028 0.3490
450 1029 0.5128
450 1030 0.3229
450 1036 0.3513
450 1044 0.3513
450 1045 0.4641
450 1047 0.4207
450 1052 0.4137
450 1053 0.3513
450 1057 0.3527
450 1059 0.4590
450 1060 0.7337
450 1066 0.4137
450 1067 0.4137
450 1068 0.4549
450 1070 0.4361
450 1071 0.4137
450 1075 0.3513
450 1078 0.3513
450 1079 0.5729
450 1082 0.3852
450 1085 0.4137
450 1090 0.3229
450 1092 0.3490
450 1094 0.4137
450 1099 0.9609
450 1104 0.4841
450 1105 0.6945
450 1106 0.3852
450 1113 0.4590
450 1123 0.3513
450 1127 0.3852
450 1128 0.5128
450 1129 0.5128
450 1132 0.3513
450 1133 0.3490
450 1135 0.8289
450 1136 0.3229
450 1139 0.3513
450 1141 0.4053
450 1142 0.6945
450 1143 0.5654
450 1144 0.3229
450 1147 0.3490
450 1150 0.7046
450 1151 0.6593
450 1152 0.7731
450 1153 0.4137
450 1154 0.3852
450 1155 0.3513
450 1161 0.3852
450 1162 0.3852
450 1163 0.4137
450 1176 0.3490
450 1178 0.6945
450 1180 0.5018
450 1182 0.4137
450 1183 0.3513
450 1184 0.4137
450 1186 0.3490
450 1187 0.4137
450 1189 0.3513
450 1197 0.3513
450 1199 0.5128
450 1201 0.4137
450 1206 0.3513
450 1207 0.3513
450 1209 0.3490
450 1212 0.3490
450 1213 0.3513
450 1216 0.4137
450 1223 0.5620
450 1225 0.8909
450 1228 0.3513
450 1229 0.3513
450 1230 0.3490
450 1235 0.5304
450 1240 0.6593
450 1242 0.4137
450 1247 0.3513
450 1248 0.3513
450 1249 0.4207
450 1252 0.3490
450 1256 0.4641
450 1260 0.4263
450 1265 0.6593
450 1276 0.3229
450 1278 0.4263
450 1279 0.3490
450 1282 0.4057
450 1283 0.4137
450 1286 0.4137
450 1287 0.5304
450 1288 0.3527
450 1290 0.3229
450 1292 0.8049
450 1295 0.4057
450 1297 0.3490
450 1298 0.6427
450 1301 0.3513
450 1303 0.3513
450 1310 0.4137
450 1313 0.5547
450 1316 0.9592
450 1319 0.3527
450 1323 0.3490
450 1329 0.3513
450 1330 0.3490
450 1342 0.3513
450 1343 0.4137
450 1344 0.6945
450 1348 0.4137
450 1356 0.3513
450 1358 0.3490
450 1359 0.3852
450 1363 0.3513
450 1364 0.6892
450 1368 0.3513
450 1370 0.8176
450 1375 0.3490
450 1386 0.6945
450 1388 0.3229
450 1389 0.3513
450 1390 0.4137
450 1394 0.4137
450 1395 0.5128
450 1397 0.6593
450 1402 0.5128
450 1405 0.4361
450 1406 0.3513
450 1412 0.4137
450 1414 0.4137
450 1419 0.5070
450 1421 0.4361
450 1423 0.5876
450 1426 0.6945
450 1427 0.4207
450 1428 0.5018
450 1434 0.9516
450 1435 0.7130
450 1438 0.4361
450 1439 0.3513
450 1440 0.8280
450 1446 0.4361
450 1448 0.3490
450 1453 0.3852
450 1457 0.3513
450 1458 0.4663
450 1472 0.3513
450 1473 0.5494
450 1480 0.6945
450 1487 0.3490
450 1491 0.5250
450 1492 0.4361
450 1493 0.3490
450 1495 0.3513
450 1500 0.3513
450 1501 0.4641
450 1504 0.3513
450 1505 0.3513
450 1506 0.4137
450 1508 0.4137
450 1512 0.3229
450 1514 0.3513
450 1518 0.3513
450 1519 0.4590
450 1520 0.8551
450 1522 0.4663
450 1527 0.3527
450 1528 0.3513
450 1529 0.4137
450 1530 0.5427
450 1538 0.3513
450 1547 0.6012
450 1548 0.3490
450 1551 0.4137
450 1554 0.3229
450 1556 0.4277
450 1562 0.3490
450 1567 0.3513
450 1569 0.3490
450 1570 0.3513
450 1571 0.3513
450 1573 0.3852
450 1574 0.4137
450 1577 0.3513
450 1579 0.3229
450 1582 0.3490
450 1585 0.4137
450 1588 0.3513
450 1592 0.3229
450 1593 0.3513
450 1594 0.4663
450 1598 0.4137
450 1609 0.5620
450 1610 0.4841
450 1612 0.3513
450 1614 0.3513
450 1615 0.3513
450 1618 0.8393
450 1622 0.5965
450 1623 0.4137
450 1624 0.3513
450 1628 0.4841
450 1629 0.3513
450 1630 0.5128
450 1633 0.4663
450 1636 0.3490
450 1641 0.3852
450 1646 0.3229
450 1647 0.3852
450 1650 0.3513
450 1655 0.4137
450 1659 0.6123
450 1662 0.4885
450 1667 0.4137
450 1668 0.3513
450 1674 0.3490
450 1675 0.4263
450 1676 0.4137
450 1678 0.4137
450 1679 0.4137
450 1680 0.3490
450 1681 0.5304
450 1682 0.4137
450 1683 0.4542
450 1688 0.4137
450 1689 0.9004
450 1690 0.3513
450 1692 0.6945
450 1695 0.3513
450 1701 0.3513
450 1702 0.4361
450 1703 0.3852
450 1706 0.3229
450 1707 0.4639
450 1711 0.3229
450 1712 0.9502
450 1714 0.4137
450 1717 0.8851
450 1720 0.6123
450 1724 0.3513
450 1726 0.3852
450 1727 0.3527
450 1729 0.4137
452 454 0.8502
452 456 0.8342
452 458 0.6943
452 461 0.8342
452 463 0.7286
452 464 0.7965
452 465 0.9383
452 466 0.8823
452 467 0.9383
452 468 0.7244
452 469 0.6764
452 470 0.6943
452 472 0.7973
452 475 0.5129
452 476 0.5129
452 478 0.7244
452 480 0.5129
452 484 0.7286
452 488 0.3753
452 489 0.6813
452 491 0.9546
452 492 0.6850
452 494 0.7286
452 495 0.5129
452 496 0.7415
452 497 0.7965
452 498 0.6825
452 499 0.8622
452 503 0.5129
452 505 0.7286
452 507 0.7415
452 508 0.6084
452 509 0.5129
452 511 0.8372
452 514 0.9388
452 515 0.3753
452 516 0.5129
452 519 0.3753
452 520 0.5129
452 521 0.5129
452 529 0.3753
452 535 0.3753
452 536 0.5129
452 540 0.8374
452 541 0.5129
452 542 0.6935
452 544 0.7286
452 546 0.5129
452 551 0.5129
452 552 0.5129
452 553 0.7072
452 555 0.6943
452 560 0.5129
452 562 0.3753
452 563 0.8622
452 564 0.9711
452 565 0.6692
452 568 0.9053
452 569 0.7244
452 571 0.5129
452 573 0.5129
452 575 0.6825
452 576 0.6943
452 578 0.9546
452 579 0.8622
452 580 0.3753
452 581 0.3753
452 584 0.6914
452 586 0.3753
452 587 0.7844
452 589 0.5129
452 590 0.8606
452 592 0.7609
452 595 0.7286
452 598 0.7263
452 600 0.3753
452 601 0.7286
452 602 0.8038
452 604 0.9509
452 606 0.7263
452 607 0.7415
452 608 0.7415
452 610 0.3753
452 611 0.7286
452 612 0.7263
452 613 0.5129
452 614 0.8190
452 615 0.5129
452 618 0.9546
452 619 0.8576
452 621 0.5129
452 624 0.7415
452 626 0.5129
452 628 0.6825
452 631 0.6755
452 633 0.5129
452 637 0.7286
452 639 0.9090
452 641 0.5129
452 642 0.7286
452 648 0.9406
452 655 0.7286
452 658 0.6935
452 659 0.7973
452 662 0.7286
452 666 0.5129
452 667 0.7968
452 670 0.7286
452 671 0.3753
452 672 0.9395
452 676 0.5129
452 678 0.5129
452 680 0.6825
452 684 0.6825
452 685 0.9567
452 687 0.5129
452 688 0.7415
452 689 0.8374
452 693 0.7415
452 694 0.3753
452 695 0.6755
452 696 0.6026
452 698 0.8338
452 699 0.8007
452 702 0.3753
452 704 0.6943
452 705 0.7263
452 706 0.9341
452 707 0.7263
452 710 0.7263
452 711 0.6922
452 716 0.6943
452 718 0.5129
452 721 0.5129
452 722 0.3753
452 726 0.7286
452 728 0.8342
452 729 0.7286
452 731 0.3753
452 732 0.8374
452 735 0.5129
452 736 0.7782
452 737 0.5129
452 741 0.5129
452 744 0.5129
452 748 0.8026
452 750 0.5129
452 752 0.6644
452 755 0.6914
452 758 0.7415
452 760 0.6825
452 762 0.5129
452 766 0.7286
452 768 0.8235
452 769 0.7286
452 776 0.6850
452 778 0.5129
452 783 0.7968
452 786 0.3753
452 787 0.7244
452 789 0.8374
452 791 0.7415
452 792 0.6825
452 793 0.7263
452 799 0.6943
452 801 0.8788
452 804 0.7968
452 805 0.6914
452 808 0.6813
452 809 0.6914
452 810 0.7244
452 811 0.9029
452 815 0.5129
452 816 0.6935
452 817 0.7968
452 818 0.7845
452 819 0.7286
452 822 0.7415
452 825 0.7286
452 831 0.6825
452 832 0.7688
452 834 0.8622
452 836 0.7286
452 839 0.6943
452 846 0.7286
452 849 0.5129
452 851 0.8320
452 853 0.7072
452 856 0.5129
452 858 0.6461
452 862 0.9546
452 867 0.7072
452 869 0.7968
452 872 0.8890
452 874 0.7415
452 875 0.5129
452 878 0.6935
452 882 0.7415
452 887 0.5129
452 888 0.7415
452 889 0.7286
452 891 0.8339
452 898 0.9536
452 903 0.9285
452 905 0.7415
452 908 0.3753
452 909 0.7968
452 910 0.7286
452 911 0.7286
452 914 0.7415
452 915 0.5129
452 916 0.3753
452 919 0.7072
452 920 0.7227
452 921 0.7286
452 922 0.7965
452 924 0.5129
452 936 0.6943
452 938 0.7286
452 942 0.7227
452 943 0.7973
452 944 0.7244
452 947 0.6943
452 950 0.3753
452 952 0.6943
452 953 0.3753
452 955 0.9398
452 956 0.3753
452 958 0.7286
452 959 0.6943
452 960 0.8542
452 968 0.6026
452 971 0.7415
452 974 0.8805
452 975 0.5129
452 976 0.5129
452 977 0.7286
452 979 0.8017
452 983 0.7244
452 984 0.6914
452 986 0.7286
452 987 0.7072
452 993 0.8886
452 994 0.8060
452 995 0.7361
452 996 0.5129
452 1002 0.9104
452 1003 0.9510
452 1004 0.9589
452 1006 0.5129
452 1007 0.8788
452 1008 0.5129
452 1013 0.7286
452 1018 0.7286
452 1020 0.8374
452 1023 0.6697
452 1024 0.6943
452 1027 0.5129
452 1028 0.7244
452 1029 0.7968
452 1030 0.3753
452 1036 0.5129
452 1044 0.5129
452 1045 0.7965
452 1047 0.6914
452 1052 0.7286
452 1053 0.5129
452 1057 0.9433
452 1059 0.9383
452 1060 0.9529
452 1066 0.7286
452 1067 0.7286
452 1068 0.7227
452 1070 0.6943
452 1071 0.7286
452 1075 0.5129
452 1078 0.5129
452 1079 0.5403
452 1082 0.7415
452 1085 0.7286
452 1090 0.3753
452 1092 0.9374
452 1094 0.7286
452 1099 0.9512
452 1104 0.6755
452 1105 0.7609
452 1106 0.7415
452 1113 0.9383
452 1123 0.5129
452 1127 0.7415
452 1128 0.7968
452 1129 0.7968
452 1132 0.5129
452 1133 0.7244
452 1135 0.8829
452 1136 0.3753
452 1139 0.5129
452 1141 0.5902
452 1142 0.7609
452 1143 0.7182
452 1144 0.3753
452 1147 0.7244
452 1150 0.7970
452 1151 0.8052
452 1152 0.8124
452 1153 0.7286
452 1154 0.7415
452 1155 0.5129
452 1161 0.7415
452 1162 0.7415
452 1163 0.7286
452 1176 0.7244
452 1178 0.7609
452 1180 0.6850
452 1182 0.7286
452 1183 0.5129
452 1184 0.7286
452 1186 0.7244
452 1187 0.7286
452 1189 0.5129
452 1197 0.5129
452 1199 0.7968
452 1201 0.7286
452 1206 0.5129
452 1207 0.5129
452 1209 0.7244
452 1212 0.7244
452 1213 0.5129
452 1216 0.7286
452 1223 0.7580
452 1225 0.9210
452 1228 0.5129
452 1229 0.5129
452 1230 0.7244
452 1235 0.7973
452 1240 0.8052
452 1242 0.7286
452 1247 0.5129
452 1248 0.5129
452 1249 0.6914
452 1252 0.7244
452 1256 0.7965
452 1260 0.6950
452 1265 0.8052
452 1276 0.3753
452 1278 0.6950
452 1279 0.7244
452 1282 0.9546
452 1283 0.7286
452 1286 0.7286
452 1287 0.9395
452 1288 0.6825
452 1290 0.3753
452 1292 0.8466
452 1295 0.9546
452 1297 0.7244
452 1298 0.7647
452 1301 0.5129
452 1303 0.5129
452 1310 0.8253
452 1313 0.8374
452 1316 0.9690
452 1319 0.6825
452 1323 0.7244
452 1329 0.5129
452 1330 0.7244
452 1342 0.5129
452 1343 0.7286
452 1344 0.7609
452 1348 0.7286
452 1356 0.5129
452 1358 0.7244
452 1359 0.7415
452 1363 0.5129
452 1364 0.7759
452 1368 0.5129
452 1370 0.8606
452 1375 0.7244
452 1386 0.7609
452 1388 0.3753
452 1389 0.5129
452 1390 0.7286
452 1394 0.7286
452 1395 0.7968
452 1397 0.8052
452 1402 0.7968
452 1405 0.6943
452 1406 0.5129
452 1412 0.7286
452 1414 0.7286
452 1419 0.7939
452 1421 0.6943
452 1423 0.7945
452 1426 0.7609
452 1427 0.6914
452 1428 0.6850
452 1434 0.9380
452 1435 0.7648
452 1438 0.6943
452 1439 0.5129
452 1440 0.8793
452 1446 0.6943
452 1448 0.7244
452 1453 0.7415
452 1457 0.5129
452 1458 0.7263
452 1472 0.5129
452 1473 0.7072
452 1480 0.7609
452 1487 0.7244
452 1491 0.7321
452 1492 0.6943
452 1493 0.7244
452 1495 0.5129
452 1500 0.5129
452 1501 0.7965
452 1504 0.5129
452 1505 0.5129
452 1506 0.7286
452 1508 0.7286
452 1512 0.3753
452 1514 0.5129
452 1518 0.5129
452 1519 0.7116
452 1520 0.9491
452 1522 0.7263
452 1527 0.9433
452 1528 0.5129
452 1529 0.7286
452 1530 0.9341
452 1538 0.5129
452 1547 0.7462
452 1548 0.7244
452 1551 0.7286
452 1554 0.3753
452 1556 0.9406
452 1562 0.7244
452 1567 0.5129
452 1569 0.7244
452 1570 0.5129
452 1571 0.5129
452 1573 0.7415
452 1574 0.7286
452 1577 0.5129
452 1579 0.3753
452 1582 0.7244
452 1585 0.7286
452 1588 0.5129
452 1592 0.3753
452 1593 0.5129
452 1594 0.7263
452 1598 0.7286
452 1609 0.7580
452 1610 0.6755
452 1612 0.5129
452 1614 0.5129
452 1615 0.5129
452 1618 0.8728
452 1622 0.7898
452 1623 0.7286
452 1624 0.5129
452 1628 0.6755
452 1629 0.5129
452 1630 0.7968
452 1633 0.7263
452 1636 0.7244
452 1641 0.7415
452 1646 0.3753
452 1647 0.7415
452 1650 0.5129
452 1655 0.7286
452 1659 0.8622
452 1662 0.7103
452 1667 0.7286
452 1668 0.5129
452 1674 0.7244
452 1675 0.6950
452 1676 0.7286
452 1678 0.7286
452 1679 0.7286
452 1680 0.7244
452 1681 0.7973
452 1682 0.7286
452 1683 0.6935
452 1688 0.7286
452 1689 0.8940
452 1690 0.5129
452 1692 0.7609
452 1695 0.5129
452 1701 0.5129
452 1702 0.6943
452 1703 0.7415
452 1706 0.3753
452 1707 0.6202
452 1711 0.3753
452 1712 0.9366
452 1714 0.7286
452 1717 0.8754
452 1720 0.8622
452 1724 0.5129
452 1726 0.7415
452 1727 0.6825
452 1729 0.7286
454 456 0.8540
454 458 0.9197
454 461 0.8540
454 463 0.8627
454 464 0.8228
454 465 0.8142
454 466 0.8863
454 467 0.8142
454 468 0.8334
454 469 0.7146
454 470 0.7761
454 472 0.8225
454 475 0.8384
454 476 0.8384
454 478 0.8334
454 480 0.8384
454 484 0.8627
454 488 0.7237
454 489 0.7183
454 491 0.7146
454 492 0.8257
454 494 0.8627
454 495 0.8384
454 496 0.7786
454 497 0.9583
454 498 0.7427
454 499 0.8697
454 503 0.8384
454 505 0.8627
454 507 0.7786
454 508 0.9321
454 509 0.8384
454 511 0.8576
454 514 0.8697
454 515 0.7237
454 516 0.8384
454 519 0.7237
454 520 0.8384
454 521 0.8384
454 529 0.7237
454 535 0.7237
454 536 0.8384
454 540 0.8669
454 541 0.8384
454 542 0.7389
454 544 0.8627
454 546 0.8384
454 551 0.8384
454 552 0.8384
454 553 0.8262
454 555 0.7761
454 560 0.8384
454 562 0.7237
454 563 0.8697
454 564 0.7146
454 565 0.8002
454 568 0.9238
454 569 0.8334
454 571 0.8384
454 573 0.8384
454 575 0.7427
454 576 0.7761
454 578 0.7146
454 579 0.8697
454 580 0.7237
454 581 0.7237
454 584 0.7146
454 586 0.7237
454 587 0.7725
454 589 0.8384
454 590 0.9670
454 592 0.8824
454 595 0.8627
454 598 0.8158
454 600 0.7237
454 601 0.8627
454 602 0.8738
454 604 0.7209
454 606 0.9336
454 607 0.9261
454 608 0.7786
454 610 0.7237
454 611 0.8627
454 612 0.8158
454 613 0.8384
454 614 0.9653
454 615 0.8384
454 618 0.7146
454 619 0.9032
454 621 0.8384
454 624 0.7786
454 626 0.8384
454 628 0.7427
454 631 0.8254
454 633 0.8384
454 637 0.8627
454 639 0.9193
454 641 0.8384
454 642 0.8627
454 648 0.8002
454 655 0.8627
454 658 0.9299
454 659 0.8225
454 662 0.8627
454 666 0.8384
454 667 0.9033
454 670 0.8627
454 671 0.7237
454 672 0.8340
454 676 0.8384
454 678 0.8384
454 680 0.7427
454 684 0.7427
454 685 0.7931
454 687 0.8384
454 688 0.7786
454 689 0.8669
454 693 0.7786
454 694 0.7237
454 695 0.8254
454 696 0.7146
454 698 0.8503
454 699 0.8096
454 702 0.7237
454 704 0.7761
454 705 0.9336
454 706 0.7367
454 707 0.8158
454 710 0.8158
454 711 0.9460
454 716 0.7761
454 718 0.8384
454 721 0.8384
454 722 0.7237
454 726 0.8627
454 728 0.8540
454 729 0.9420
454 731 0.7237
454 732 0.8669
454 735 0.8384
454 736 0.9355
454 737 0.8384
454 741 0.8384
454 744 0.8384
454 748 0.8297
454 750 0.8384
454 752 0.7146
454 755 0.7146
454 758 0.7786
454 760 0.7427
454 762 0.8384
454 766 0.8627
454 768 0.9651
454 769 0.8627
454 776 0.8257
454 778 0.8384
454 783 0.9033
454 786 0.7237
454 787 0.8334
454 789 0.8669
454 791 0.7786
454 792 0.7427
454 793 0.9336
454 799 0.7761
454 801 0.9057
454 804 0.9033
454 805 0.7146
454 808 0.7183
454 809 0.7146
454 810 0.8334
454 811 0.9406
454 815 0.8384
454 816 0.7389
454 817 0.9033
454 818 0.8261
454 819 0.8627
454 822 0.7786
454 825 0.8627
454 831 0.7427
454 832 0.8320
454 834 0.8697
454 836 0.8627
454 839 0.9197
454 846 0.8627
454 849 0.8384
454 851 0.8251
454 853 0.8262
454 856 0.8384
454 858 0.7146
454 862 0.7146
454 867 0.8262
454 869 0.9033
454 872 0.9609
454 874 0.7786
454 875 0.8384
454 878 0.7389
454 882 0.9624
454 887 0.8384
454 888 0.9624
454 889 0.8627
454 891 0.8543
454 898 0.7427
454 903 0.8334
454 905 0.7786
454 908 0.7237
454 909 0.9033
454 910 0.8627
454 911 0.8627
454 914 0.7786
454 915 0.8384
454 916 0.7237
454 919 0.9561
454 920 0.8156
454 921 0.8627
454 922 0.8228
454 924 0.8384
454 936 0.9197
454 938 0.8627
454 942 0.8156
454 943 0.8225
454 944 0.8334
454 947 0.7761
454 950 0.7237
454 952 0.7761
454 953 0.7237
454 955 0.8096
454 956 0.7237
454 958 0.8627
454 959 0.9197
454 960 0.8835
454 968 0.7146
454 971 0.7786
454 974 0.8831
454 975 0.8384
454 976 0.8384
454 977 0.8627
454 979 0.8003
454 983 0.8334
454 984 0.7146
454 986 0.8627
454 987 0.9561
454 993 0.8940
454 994 0.9432
454 995 0.7978
454 996 0.8384
454 1002 0.8132
454 1003 0.8656
454 1004 0.9123
454 1006 0.8384
454 1007 0.9057
454 1008 0.8384
454 1013 0.8627
454 1018 0.8627
454 1020 0.8669
454 1023 0.9456
454 1024 0.7761
454 1027 0.8384
454 1028 0.8334
454 1029 0.9033
454 1030 0.7237
454 1036 0.8384
454 1044 0.8384
454 1045 0.8228
454 1047 0.7146
454 1052 0.8627
454 1053 0.8384
454 1057 0.7427
454 1059 0.8142
454 1060 0.8583
454 1066 0.8627
454 1067 0.8627
454 1068 0.8156
454 1070 0.7761
454 1071 0.8627
454 1075 0.8384
454 1078 0.8384
454 1079 0.9132
454 1082 0.9603
454 1085 0.8627
454 1090 0.7237
454 1092 0.8334
454 1094 0.8627
454 1099 0.9691
454 1104 0.8254
454 1105 0.8824
454 1106 0.7786
454 1113 0.8142
454 1123 0.8384
454 1127 0.7786
454 1128 0.9033
454 1129 0.9033
454 1132 0.8384
454 1133 0.8334
454 1135 0.9234
454 1136 0.7237
454 1139 0.8384
454 1141 0.7146
454 1142 0.8824
454 1143 0.8265
454 1144 0.7237
454 1147 0.8334
454 1150 0.8736
454 1151 0.8146
454 1152 0.8445
454 1153 0.8627
454 1154 0.7786
454 1155 0.8384
454 1161 0.7786
454 1162 0.7786
454 1163 0.8627
454 1176 0.8334
454 1178 0.8824
454 1180 0.8257
454 1182 0.8627
454 1183 0.8384
454 1184 0.9495
454 1186 0.9579
454 1187 0.8627
454 1189 0.8384
454 1197 0.8384
454 1199 0.9033
454 1201 0.8627
454 1206 0.8384
454 1207 0.8384
454 1209 0.8334
454 1212 0.8334
454 1213 0.8384
454 1216 0.8627
454 1223 0.8285
454 1225 0.9427
454 1228 0.8384
454 1229 0.8384
454 1230 0.8334
454 1235 0.8225
454 1240 0.8146
454 1242 0.8627
454 1247 0.8384
454 1248 0.8384
454 1249 0.7146
454 1252 0.8334
454 1256 0.8228
454 1260 0.7146
454 1265 0.8146
454 1276 0.7237
454 1278 0.7146
454 1279 0.8334
454 1282 0.7146
454 1283 0.8627
454 1286 0.8627
454 1287 0.8225
454 1288 0.7427
454 1290 0.7237
454 1292 0.8468
454 1295 0.7146
454 1297 0.8334
454 1298 0.7684
454 1301 0.8384
454 1303 0.8384
454 1310 0.8627
454 1313 0.8669
454 1316 0.9567
454 1319 0.7427
454 1323 0.9040
454 1329 0.8384
454 1330 0.8334
454 1342 0.8384
454 1343 0.8627
454 1344 0.8824
454 1348 0.8627
454 1356 0.8384
454 1358 0.8334
454 1359 0.9624
454 1363 0.8384
454 1364 0.8263
454 1368 0.8384
454 1370 0.9501
454 1375 0.8334
454 1386 0.8824
454 1388 0.7237
454 1389 0.8384
454 1390 0.8627
454 1394 0.8627
454 1395 0.9033
454 1397 0.8146
454 1402 0.9033
454 1405 0.7761
454 1406 0.8384
454 1412 0.9420
454 1414 0.8627
454 1419 0.8077
454 1421 0.7761
454 1423 0.8306
454 1426 0.8824
454 1427 0.7146
454 1428 0.8257
454 1434 0.9485
454 1435 0.7873
454 1438 0.7761
454 1439 0.8384
454 1440 0.9023
454 1446 0.7761
454 1448 0.8334
454 1453 0.7786
454 1457 0.8384
454 1458 0.8158
454 1472 0.8384
454 1473 0.8262
454 1480 0.8824
454 1487 0.8334
454 1491 0.8269
454 1492 0.9197
454 1493 0.8334
454 1495 0.8384
454 1500 0.8384
454 1501 0.9583
454 1504 0.8384
454 1505 0.8384
454 1506 0.8627
454 1508 0.8627
454 1512 0.7237
454 1514 0.8384
454 1518 0.8384
454 1519 0.8142
454 1520 0.8679
454 1522 0.8158
454 1527 0.7427
454 1528 0.8384
454 1529 0.8627
454 1530 0.7367
454 1538 0.8384
454 1547 0.7617
454 1548 0.8334
454 1551 0.8627
454 1554 0.7237
454 1556 0.8002
454 1562 0.8334
454 1567 0.8384
454 1569 0.8334
454 1570 0.8384
454 1571 0.8384
454 1573 0.7786
454 1574 0.8627
454 1577 0.8384
454 1579 0.7237
454 1582 0.8334
454 1585 0.9495
454 1588 0.8384
454 1592 0.7237
454 1593 0.8384
454 1594 0.8158
454 1598 0.8627
454 1609 0.8285
454 1610 0.8254
454 1612 0.8384
454 1614 0.8384
454 1615 0.8384
454 1618 0.8891
454 1622 0.8982
454 1623 0.8627
454 1624 0.8384
454 1628 0.8254
454 1629 0.8384
454 1630 0.9033
454 1633 0.8158
454 1636 0.8334
454 1641 0.7786
454 1646 0.7237
454 1647 0.7786
454 1650 0.8384
454 1655 0.8627
454 1659 0.8697
454 1662 0.7576
454 1667 0.8627
454 1668 0.8384
454 1674 0.8334
454 1675 0.7146
454 1676 0.8627
454 1678 0.8627
454 1679 0.8627
454 1680 0.8334
454 1681 0.8225
454 1682 0.8627
454 1683 0.9299
454 1688 0.8627
454 1689 0.9295
454 1690 0.8384
454 1692 0.8824
454 1695 0.8384
454 1701 0.8384
454 1702 0.7761
454 1703 0.7786
454 1706 0.7237
454 1707 0.7146
454 1711 0.7237
454 1712 0.9484
454 1714 0.8627
454 1717 0.8982
454 1720 0.8697
454 1724 0.8384
454 1726 0.7786
454 1727 0.7427
454 1729 0.8627
456 458 0.7833
456 461 0.8453
456 463 0.7844
456 464 0.8278
456 465 0.7975
456 466 0.9073
456 467 0.7975
456 468 0.8061
456 469 0.7484
456 470 0.7833
456 472 0.8425
456 475 0.7752
456 476 0.7752
456 478 0.8061
456 480 0.7752
456 484 0.7844
456 488 0.4478
456 489 0.7272
456 491 0.7609
456 492 0.8105
456 494 0.7844
456 495 0.7752
456 496 0.8378
456 497 0.8278
456 498 0.8066
456 499 0.8515
456 503 0.7752
456 505 0.7844
456 507 0.8378
456 508 0.6917
456 509 0.7752
456 511 0.8546
456 514 0.8515
456 515 0.4478
456 516 0.7752
456 519 0.4478
456 520 0.7752
456 521 0.7752
456 529 0.4478
456 535 0.4478
456 536 0.7752
456 540 0.8612
456 541 0.7752
456 542 0.7876
456 544 0.7844
456 546 0.7752
456 551 0.7752
456 552 0.7752
456 553 0.8151
456 555 0.7833
456 560 0.7752
456 562 0.4478
456 563 0.8515
456 564 0.7522
456 565 0.9358
456 568 0.9160
456 569 0.8061
456 571 0.7752
456 573 0.7752
456 575 0.8066
456 576 0.7833
456 578 0.7609
456 579 0.8515
456 580 0.4478
456 581 0.4478
456 584 0.7727
456 586 0.4478
456 587 0.8392
456 589 0.7752
456 590 0.8695
456 592 0.8164
456 595 0.7844
456 598 0.8068
456 600 0.4478
456 601 0.7844
456 602 0.8491
456 604 0.7538
456 606 0.8068
456 607 0.8378
456 608 0.8378
456 610 0.4478
456 611 0.7844
456 612 0.8068
456 613 0.7752
456 614 0.8637
456 615 0.7752
456 618 0.7609
456 619 0.8802
456 621 0.7752
456 624 0.8378
456 626 0.7752
456 628 0.8066
456 631 0.8210
456 633 0.7752
456 637 0.7844
456 639 0.9319
456 641 0.7752
456 642 0.7844
456 648 0.8177
456 655 0.7844
456 658 0.7876
456 659 0.8425
456 662 0.7844
456 666 0.7752
456 667 0.8868
456 670 0.7844
456 671 0.4478
456 672 0.8498
456 676 0.7752
456 678 0.7752
456 680 0.8066
456 684 0.8066
456 685 0.7899
456 687 0.7752
456 688 0.8378
456 689 0.8612
456 693 0.8378
456 694 0.4478
456 695 0.8210
456 696 0.6817
456 698 0.8544
456 699 0.8388
456 702 0.4478
456 704 0.7833
456 705 0.8068
456 706 0.7842
456 707 0.8068
456 710 0.8068
456 711 0.7748
456 716 0.7833
456 718 0.7752
456 721 0.7752
456 722 0.4478
456 726 0.7844
456 728 0.8453
456 729 0.7844
