531 954 0.2131
531 955 0.2117
531 956 0.2613
531 960 0.6108
531 961 0.2876
531 962 0.2388
531 963 0.2187
531 964 0.3974
531 965 0.2187
531 967 0.2093
531 968 0.8740
531 969 0.2388
531 971 0.2130
531 972 0.2117
531 974 0.8653
531 976 0.2129
531 977 0.2613
531 979 0.4583
531 980 0.2850
531 981 0.2093
531 985 0.2093
531 989 0.4696
531 990 0.4472
531 993 0.2240
531 994 0.9335
531 995 0.4199
531 999 0.2117
531 1000 0.2117
531 1001 0.1907
531 1002 0.2091
531 1003 0.3315
531 1004 0.6440
531 1006 0.2117
531 1007 0.5298
531 1010 0.2093
531 1013 0.2093
531 1014 0.3698
531 1015 0.4574
531 1017 0.2778
531 1020 0.2837
531 1023 0.8623
531 1024 0.2688
531 1026 0.1886
531 1027 0.2187
531 1029 0.2359
531 1030 0.5813
531 1033 0.2207
531 1034 0.2097
531 1035 0.2073
531 1036 0.2185
531 1038 0.2187
531 1039 0.3159
531 1042 0.2606
531 1043 0.4039
531 1044 0.2613
531 1045 0.3038
531 1046 0.2130
531 1047 0.1938
531 1048 0.2213
531 1049 0.2149
531 1050 0.3590
531 1051 0.1953
531 1052 0.2117
531 1053 0.2093
531 1054 0.2117
531 1055 0.2093
531 1057 0.5442
531 1060 0.4014
531 1061 0.3071
531 1063 0.2117
531 1066 0.2613
531 1067 0.2763
531 1068 0.2117
531 1069 0.2093
531 1070 0.1886
531 1071 0.2613
531 1072 0.2613
531 1073 0.2117
531 1078 0.2207
531 1079 0.3040
531 1080 0.7722
531 1081 0.2098
531 1082 0.3152
531 1083 0.6498
531 1084 0.2207
531 1085 0.2778
531 1087 0.2177
531 1089 0.2093
531 1090 0.2117
531 1094 0.2098
531 1095 0.2093
531 1096 0.2093
531 1099 0.8311
531 1103 0.8944
531 1104 0.3802
531 1105 0.3018
531 1106 0.2405
531 1107 0.4188
531 1108 0.2149
531 1109 0.2529
531 1111 0.2613
531 1113 0.2201
531 1115 0.2185
531 1118 0.3187
531 1119 0.2209
531 1120 0.2207
531 1121 0.2613
531 1122 0.2613
531 1125 0.3273
531 1126 0.2388
531 1127 0.2187
531 1128 0.6092
531 1129 0.2117
531 1132 0.3584
531 1133 0.2098
531 1135 0.7341
531 1138 0.2117
531 1142 0.2093
531 1143 0.2785
531 1146 0.8253
531 1147 0.2002
531 1148 0.2048
531 1150 0.6117
531 1151 0.2837
531 1152 0.4226
531 1153 0.2141
531 1154 0.4614
531 1155 0.2177
531 1156 0.2117
531 1157 0.2117
531 1159 0.2177
531 1161 0.2034
531 1163 0.5449
531 1165 0.2774
531 1167 0.2369
531 1169 0.2418
531 1173 0.2093
531 1174 0.2093
531 1177 0.2177
531 1180 0.2043
531 1181 0.3834
531 1182 0.4112
531 1185 0.2185
531 1187 0.2117
531 1191 0.3788
531 1192 0.2093
531 1193 0.2075
531 1194 0.1883
531 1195 0.4839
531 1196 0.2167
531 1197 0.2117
531 1199 0.2185
531 1200 0.2117
531 1201 0.2117
531 1202 0.7698
531 1204 0.4273
531 1205 0.6785
531 1207 0.2177
531 1208 0.2527
531 1209 0.2007
531 1211 0.5556
531 1213 0.2177
531 1217 0.2093
531 1218 0.3141
531 1222 0.2093
531 1225 0.7748
531 1226 0.4188
531 1227 0.2093
531 1228 0.2093
531 1229 0.3741
531 1230 0.5597
531 1231 0.2187
531 1235 0.3048
531 1236 0.2388
531 1237 0.2093
531 1238 0.3085
531 1240 0.4377
531 1242 0.6453
531 1243 0.3349
531 1245 0.2388
531 1246 0.2117
531 1247 0.5473
531 1250 0.8076
531 1252 0.3702
531 1255 0.2117
531 1256 0.2613
531 1258 0.2381
531 1259 0.2607
531 1260 0.2837
531 1262 0.2117
531 1263 0.2613
531 1265 0.2185
531 1266 0.2093
531 1268 0.6935
531 1269 0.2805
531 1270 0.3187
531 1271 0.3253
531 1273 0.2185
531 1274 0.2117
531 1275 0.3672
531 1276 0.2405
531 1278 0.2688
531 1279 0.2207
531 1280 0.3187
531 1281 0.2093
531 1282 0.2613
531 1283 0.1953
531 1284 0.2147
531 1286 0.2043
531 1287 0.2568
531 1288 0.2177
531 1289 0.1953
531 1292 0.5762
531 1293 0.2117
531 1297 0.2388
531 1298 0.2626
531 1301 0.2117
531 1303 0.3141
531 1304 0.2613
531 1305 0.2093
531 1307 0.1969
531 1308 0.2043
531 1311 0.2093
531 1316 0.8577
531 1318 0.2117
531 1320 0.2207
531 1322 0.2388
531 1323 0.2093
531 1328 0.2185
531 1329 0.4657
531 1330 0.2093
531 1331 0.2093
531 1334 0.3498
531 1335 0.2388
531 1337 0.2613
531 1342 0.5312
531 1343 0.2613
531 1344 0.2093
531 1346 0.3085
531 1349 0.2388
531 1350 0.5378
531 1354 0.2093
531 1356 0.2117
531 1358 0.2117
531 1360 0.6457
531 1361 0.3349
531 1363 0.6457
531 1365 0.2177
531 1366 0.2117
531 1367 0.3075
531 1368 0.2117
531 1369 0.3822
531 1370 0.2785
531 1371 0.7759
531 1374 0.2388
531 1377 0.2117
531 1378 0.2785
531 1379 0.2177
531 1381 0.5760
531 1382 0.4739
531 1383 0.3085
531 1386 0.3600
531 1387 0.2837
531 1388 0.3038
531 1389 0.2117
531 1390 0.3278
531 1394 0.4739
531 1397 0.4135
531 1398 0.2618
531 1399 0.2117
531 1401 0.2117
531 1402 0.2093
531 1405 0.2433
531 1407 0.3038
531 1408 0.2187
531 1410 0.2177
531 1412 0.2177
531 1413 0.2117
531 1414 0.2117
531 1415 0.2022
531 1416 0.2093
531 1418 0.2388
531 1419 0.2297
531 1422 0.2093
531 1423 0.2149
531 1424 0.2117
531 1425 0.2093
531 1426 0.3701
531 1428 0.2300
531 1430 0.2051
531 1431 0.2149
531 1434 0.7669
531 1435 0.3814
531 1437 0.7759
531 1439 0.2093
531 1440 0.4807
531 1445 0.2210
531 1448 0.2093
531 1449 0.2093
531 1451 0.2093
531 1452 0.2388
531 1455 0.2381
531 1457 0.4375
531 1458 0.2022
531 1461 0.2093
531 1462 0.3498
531 1464 0.1897
531 1465 0.2093
531 1466 0.2073
531 1472 0.2914
531 1473 0.2093
531 1476 0.2093
531 1480 0.2177
531 1484 0.2785
531 1485 0.2187
531 1492 0.3519
531 1493 0.2177
531 1494 0.2613
531 1500 0.2117
531 1501 0.2207
531 1504 0.2552
531 1507 0.2207
531 1510 0.2914
531 1511 0.2117
531 1512 0.2207
531 1516 0.2185
531 1517 0.2546
531 1518 0.2456
531 1519 0.2715
531 1520 0.5766
531 1526 0.1989
531 1527 0.2381
531 1528 0.2117
531 1529 0.2093
531 1530 0.3267
531 1532 0.2520
531 1534 0.2093
531 1535 0.2185
531 1536 0.1907
531 1537 0.1953
531 1538 0.2929
531 1540 0.2708
531 1542 0.2117
531 1544 0.2177
531 1547 0.2117
531 1548 0.2552
531 1549 0.2388
531 1551 0.2146
531 1553 0.2388
531 1554 0.2388
531 1560 0.2187
531 1565 0.1922
531 1566 0.3121
531 1567 0.2177
531 1569 0.2837
531 1572 0.2117
531 1575 0.2161
531 1578 0.7759
531 1582 0.4273
531 1583 0.6570
531 1585 0.2177
531 1591 0.2185
531 1593 0.3702
531 1594 0.7773
531 1595 0.3075
531 1597 0.2147
531 1598 0.2093
531 1599 0.2117
531 1601 0.3085
531 1603 0.2093
531 1605 0.3085
531 1606 0.3442
531 1608 0.7059
531 1612 0.2093
531 1613 0.2093
531 1618 0.2618
531 1619 0.2613
531 1621 0.3834
531 1622 0.7654
531 1623 0.5636
531 1624 0.2577
531 1630 0.2613
531 1631 0.2388
531 1637 0.3152
531 1640 0.2613
531 1644 0.2117
531 1645 0.2093
531 1646 0.2117
531 1654 0.2207
531 1655 0.2093
531 1656 0.2093
531 1659 0.2552
531 1660 0.2533
531 1661 0.2117
531 1663 0.1886
531 1664 0.2093
531 1665 0.2185
531 1667 0.2381
531 1668 0.1886
531 1671 0.2093
531 1675 0.2195
531 1677 0.4739
531 1678 0.2117
531 1679 0.2236
531 1680 0.2177
531 1681 0.2117
531 1682 0.2185
531 1686 0.2022
531 1687 0.2185
531 1688 0.2618
531 1689 0.8948
531 1690 0.2207
531 1691 0.4201
531 1692 0.2197
531 1693 0.2177
531 1694 0.2388
531 1696 0.2117
531 1699 0.2388
531 1700 0.2093
531 1701 0.2149
531 1702 0.2051
531 1704 0.1867
531 1705 0.1883
531 1706 0.2149
531 1707 0.2034
531 1710 0.2388
531 1711 0.2034
531 1712 0.9170
531 1713 0.2093
531 1714 0.2110
531 1717 0.7195
531 1718 0.4007
531 1719 0.2215
531 1721 0.2187
531 1724 0.2388
531 1728 0.2129
531 1729 0.2388
535 536 0.2156
535 540 0.2325
535 541 0.2325
535 543 0.2361
535 544 0.3805
535 546 0.2626
535 547 0.1922
535 548 0.3834
535 551 0.2325
535 552 0.4172
535 553 0.2361
535 554 0.2268
535 555 0.4125
535 556 0.2159
535 557 0.2684
535 558 0.2666
535 559 0.2057
535 560 0.4055
535 561 0.2361
535 562 0.2159
535 563 0.2989
535 565 0.2325
535 568 0.9082
535 569 0.2325
535 571 0.2582
535 572 0.2560
535 573 0.2155
535 574 0.2361
535 575 0.2117
535 576 0.2131
535 577 0.2959
535 578 0.2325
535 579 0.3498
535 580 0.2359
535 581 0.1913
535 582 0.2325
535 584 0.2629
535 587 0.2995
535 589 0.2325
535 590 0.4122
535 591 0.2361
535 592 0.2945
535 599 0.2089
535 604 0.2300
535 605 0.2361
535 606 0.2560
535 609 0.2182
535 610 0.2361
535 612 0.2182
535 613 0.1949
535 614 0.2953
535 618 0.2359
535 619 0.3222
535 621 0.1929
535 622 0.2875
535 624 0.2155
535 625 0.2754
535 626 0.2869
535 627 0.3227
535 628 0.2361
535 629 0.2268
535 630 0.2197
535 631 0.4424
535 632 0.2852
535 633 0.2295
535 634 0.2325
535 635 0.2944
535 637 0.2829
535 639 0.8621
535 640 0.2359
535 641 0.2361
535 642 0.2198
535 643 0.3846
535 645 0.2566
535 646 0.2249
535 647 0.2361
535 648 0.2982
535 650 0.2506
535 651 0.2068
535 652 0.2829
535 654 0.2361
535 655 0.2155
535 657 0.2361
535 658 0.2711
535 659 0.2739
535 662 0.2893
535 664 0.3039
535 666 0.2325
535 667 0.3888
535 668 0.2829
535 672 0.1912
535 673 0.2361
535 674 0.2236
535 681 0.2538
535 682 0.2137
535 683 0.2361
535 684 0.2493
535 685 0.4123
535 687 0.2515
535 689 0.4897
535 690 0.1922
535 691 0.2777
535 692 0.2327
535 693 0.1890
535 694 0.2798
535 695 0.5234
535 696 0.2068
535 697 0.2460
535 698 0.2314
535 699 0.2361
535 700 0.2359
535 701 0.2359
535 702 0.1893
535 703 0.2457
535 704 0.1847
535 705 0.3390
535 706 0.4336
535 707 0.2836
535 709 0.2361
535 710 0.2361
535 711 0.4055
535 712 0.2327
535 714 0.3292
535 716 0.1890
535 718 0.2611
535 722 0.2702
535 723 0.2155
535 726 0.1957
535 727 0.2325
535 728 0.2693
535 729 0.2325
535 731 0.2325
535 732 0.3800
535 734 0.2361
535 735 0.2182
535 736 0.4564
535 737 0.3621
535 740 0.2946
535 741 0.4560
535 742 0.2050
535 743 0.2240
535 744 0.2051
535 745 0.2068
535 748 0.6599
535 750 0.2644
535 751 0.3336
535 752 0.5142
535 753 0.2476
535 754 0.2361
535 755 0.2123
535 756 0.1923
535 757 0.4506
535 758 0.1873
535 759 0.2325
535 761 0.2268
535 762 0.2268
535 763 0.3816
535 765 0.2590
535 767 0.2325
535 768 0.5147
535 769 0.2249
535 770 0.5234
535 771 0.2361
535 772 0.2361
535 773 0.2359
535 775 0.2268
535 777 0.2361
535 778 0.2361
535 779 0.2249
535 780 0.2186
535 781 0.2923
535 782 0.2361
535 783 0.2268
535 784 0.2268
535 785 0.2361
535 786 0.2326
535 789 0.2456
535 791 0.2050
535 793 0.4333
535 796 0.1922
535 797 0.2156
535 801 0.2679
535 803 0.2129
535 804 0.3227
535 805 0.1854
535 806 0.2885
535 807 0.2325
535 808 0.2068
535 809 0.2538
535 810 0.2359
535 811 0.6926
535 813 0.3623
535 814 0.1922
535 815 0.2538
535 816 0.2073
535 818 0.3336
535 821 0.4496
535 822 0.2083
535 823 0.5641
535 825 0.2361
535 827 0.2389
535 829 0.2989
535 831 0.4189
535 832 0.4035
535 834 0.2361
535 835 0.2268
535 836 0.2268
535 838 0.2058
535 844 0.2325
535 845 0.3336
535 846 0.2001
535 848 0.2538
535 849 0.2943
535 851 0.7662
535 853 0.2361
535 854 0.2325
535 855 0.2538
535 856 0.2359
535 858 0.2427
535 859 0.3763
535 860 0.2359
535 862 0.1899
535 864 0.2253
535 865 0.3336
535 867 0.2538
535 868 0.2361
535 869 0.2361
535 870 0.2325
535 871 0.3336
535 872 0.9409
535 876 0.2945
535 880 0.3724
535 882 0.2268
535 883 0.1854
535 884 0.2135
535 885 0.2325
535 886 0.2236
535 887 0.2148
535 889 0.2155
535 890 0.2325
535 891 0.6739
535 893 0.2361
535 894 0.2361
535 895 0.2325
535 896 0.2268
535 898 0.2138
535 899 0.2325
535 900 0.2361
535 901 0.2606
535 903 0.3690
535 905 0.2538
535 907 0.3191
535 908 0.2882
535 909 0.3036
535 910 0.2359
535 911 0.3061
535 914 0.2178
535 915 0.2719
535 917 0.2361
535 918 0.2293
535 919 0.2268
535 920 0.2268
535 921 0.2327
535 922 0.3061
535 924 0.2684
535 928 0.2361
535 929 0.2538
535 933 0.2361
535 935 0.2596
535 936 0.2989
535 938 0.2216
535 940 0.2361
535 941 0.2821
535 942 0.2123
535 943 0.2361
535 948 0.2361
535 950 0.1785
535 951 0.2359
535 952 0.2520
535 953 0.5234
535 954 0.2186
535 955 0.2268
535 956 0.2359
535 960 0.6415
535 961 0.3075
535 962 0.2538
535 963 0.2249
535 964 0.2809
535 965 0.2249
535 967 0.2361
535 968 0.5329
535 969 0.2538
535 971 0.2236
535 972 0.2268
535 974 0.8326
535 976 0.2129
535 977 0.2359
535 979 0.5287
535 980 0.2156
535 981 0.2361
535 985 0.2361
535 989 0.2760
535 990 0.4933
535 993 0.2307
535 994 0.6986
535 995 0.5568
535 999 0.2268
535 1000 0.2268
535 1001 0.1912
535 1002 0.2245
535 1003 0.3825
535 1004 0.4786
535 1006 0.2268
535 1007 0.6180
535 1010 0.2361
535 1013 0.2361
535 1014 0.4189
535 1015 0.3021
535 1017 0.2117
535 1020 0.3061
535 1023 0.2497
535 1024 0.1929
535 1026 0.1943
535 1027 0.2249
535 1029 0.2819
535 1030 0.3503
535 1033 0.2327
535 1034 0.2126
535 1035 0.2175
535 1036 0.2155
535 1038 0.2249
535 1039 0.3046
535 1042 0.2644
535 1043 0.2418
535 1044 0.2359
535 1045 0.2989
535 1046 0.2236
535 1047 0.2118
535 1048 0.2554
535 1049 0.1917
535 1050 0.2215
535 1051 0.1899
535 1052 0.2268
535 1053 0.2361
535 1054 0.2268
535 1055 0.2361
535 1057 0.4767
535 1060 0.3877
535 1061 0.2461
535 1063 0.2268
535 1066 0.2359
535 1067 0.2769
535 1068 0.2268
535 1069 0.2361
535 1070 0.1943
535 1071 0.2359
535 1072 0.2359
535 1073 0.2268
535 1078 0.2327
535 1079 0.3547
535 1080 0.2737
535 1081 0.2156
535 1082 0.2320
535 1083 0.7482
535 1084 0.2327
535 1085 0.2117
535 1087 0.2325
535 1089 0.2361
535 1090 0.2268
535 1094 0.2156
535 1095 0.2361
535 1096 0.2361
535 1099 0.8802
535 1103 0.2958
535 1104 0.4737
535 1105 0.3584
535 1106 0.2437
535 1107 0.3971
535 1108 0.1917
535 1109 0.2710
535 1111 0.2359
535 1113 0.2281
535 1115 0.2155
535 1118 0.2875
535 1119 0.2329
535 1120 0.2327
535 1121 0.2359
535 1122 0.2359
535 1125 0.1893
535 1126 0.2538
535 1127 0.2249
535 1128 0.3971
535 1129 0.2268
535 1132 0.2359
535 1133 0.2156
535 1135 0.8002
535 1138 0.2268
535 1142 0.2361
535 1143 0.3110
535 1146 0.2135
535 1147 0.1854
535 1148 0.2062
535 1150 0.6394
535 1151 0.3061
535 1152 0.4172
535 1153 0.2168
535 1154 0.5187
535 1155 0.2325
535 1156 0.2268
535 1157 0.2268
535 1159 0.2325
535 1161 0.1873
535 1163 0.6430
535 1165 0.2876
535 1167 0.2724
535 1169 0.2876
535 1173 0.2361
535 1174 0.2361
535 1177 0.2325
535 1180 0.2154
535 1181 0.2843
535 1182 0.2538
535 1185 0.2155
535 1187 0.2268
535 1191 0.2452
535 1192 0.2361
535 1193 0.2225
535 1194 0.2044
535 1195 0.4405
535 1196 0.2298
535 1197 0.2268
535 1199 0.2155
535 1200 0.2268
535 1201 0.2268
535 1202 0.2914
535 1204 0.2538
535 1205 0.2755
535 1207 0.2325
535 1208 0.2216
535 1209 0.2019
535 1211 0.2726
535 1213 0.2325
535 1217 0.2361
535 1218 0.3336
535 1222 0.2361
535 1225 0.5826
535 1226 0.2875
535 1227 0.2361
535 1228 0.2361
535 1229 0.4569
535 1230 0.2186
535 1231 0.2249
535 1235 0.2684
535 1236 0.2538
535 1237 0.2361
535 1238 0.1922
535 1240 0.4156
535 1242 0.3915
535 1243 0.2197
535 1245 0.2538
535 1246 0.2268
535 1247 0.2249
535 1250 0.2637
535 1252 0.2462
535 1255 0.2268
535 1256 0.2359
535 1258 0.2829
535 1259 0.2799
535 1260 0.3061
535 1262 0.2268
535 1263 0.2359
535 1265 0.2155
535 1266 0.2361
535 1268 0.4413
535 1269 0.3237
535 1270 0.2875
535 1271 0.2500
535 1273 0.2155
535 1274 0.2268
535 1275 0.3739
535 1276 0.2437
535 1278 0.1929
535 1279 0.2327
535 1280 0.2875
535 1281 0.2361
535 1282 0.2359
535 1283 0.1899
535 1284 0.2350
535 1286 0.2205
535 1287 0.2779
535 1288 0.2325
535 1289 0.1899
535 1292 0.5996
535 1293 0.2268
535 1297 0.2538
535 1298 0.2687
535 1301 0.2268
535 1303 0.3336
535 1304 0.2359
535 1305 0.2361
535 1307 0.2084
535 1308 0.2205
535 1311 0.2361
535 1316 0.8900
535 1318 0.2268
535 1320 0.2327
535 1322 0.2538
535 1323 0.2361
535 1328 0.2155
535 1329 0.3110
535 1330 0.2361
535 1331 0.2361
535 1334 0.2249
535 1335 0.2538
535 1337 0.2359
535 1342 0.4457
535 1343 0.2359
535 1344 0.2361
535 1346 0.1922
535 1349 0.2538
535 1350 0.2538
535 1354 0.2361
535 1356 0.2268
535 1358 0.2268
535 1360 0.1923
535 1361 0.2197
535 1363 0.1923
535 1365 0.2325
535 1366 0.2268
535 1367 0.2105
535 1368 0.2268
535 1369 0.3846
535 1370 0.3110
535 1371 0.2129
535 1374 0.2538
535 1377 0.2268
535 1378 0.3110
535 1379 0.2325
535 1381 0.2236
535 1382 0.2359
535 1383 0.1922
535 1386 0.2626
535 1387 0.3061
535 1388 0.2989
535 1389 0.2268
535 1390 0.2073
535 1394 0.2359
535 1397 0.3103
535 1398 0.2923
535 1399 0.2268
535 1401 0.2268
535 1402 0.2361
535 1405 0.2534
535 1407 0.2989
535 1408 0.2249
535 1410 0.2325
535 1412 0.2325
535 1413 0.2268
535 1414 0.2268
535 1415 0.2182
535 1416 0.2361
535 1418 0.2538
535 1419 0.2549
535 1422 0.2361
535 1423 0.1917
535 1424 0.2268
535 1425 0.2361
535 1426 0.4621
535 1428 0.2415
535 1430 0.1890
535 1431 0.1917
535 1434 0.8541
535 1435 0.5161
535 1437 0.2129
535 1439 0.2361
535 1440 0.3202
535 1445 0.2189
535 1448 0.2361
535 1449 0.2361
535 1451 0.2361
535 1452 0.2538
535 1455 0.2829
535 1457 0.3038
535 1458 0.2182
535 1461 0.2361
535 1462 0.2249
535 1464 0.2060
535 1465 0.2361
535 1466 0.2175
535 1472 0.2962
535 1473 0.2361
535 1476 0.2361
535 1480 0.2325
535 1484 0.3110
535 1485 0.2249
535 1492 0.1873
535 1493 0.2325
535 1494 0.2359
535 1500 0.2268
535 1501 0.2327
535 1504 0.2900
535 1507 0.2327
535 1510 0.2962
535 1511 0.2268
535 1512 0.2327
535 1516 0.2155
535 1517 0.2666
535 1518 0.2761
535 1519 0.2621
535 1520 0.6793
535 1526 0.2173
535 1527 0.2829
535 1528 0.2268
535 1529 0.2361
535 1530 0.4045
535 1532 0.2931
535 1534 0.2361
535 1535 0.2155
535 1536 0.1912
535 1537 0.1899
535 1538 0.2959
535 1540 0.3152
535 1542 0.2268
535 1544 0.2325
535 1547 0.2268
535 1548 0.2900
535 1549 0.2538
535 1551 0.2466
535 1553 0.2538
535 1554 0.2538
535 1560 0.2249
535 1565 0.2159
535 1566 0.2216
535 1567 0.2325
535 1569 0.3061
535 1572 0.2268
535 1575 0.2255
535 1578 0.2129
535 1582 0.2538
535 1583 0.3046
535 1585 0.2325
535 1591 0.2155
535 1593 0.2462
535 1594 0.2044
535 1595 0.2105
535 1597 0.2350
535 1598 0.2361
535 1599 0.2268
535 1601 0.1922
535 1603 0.2361
535 1605 0.1922
535 1606 0.3609
535 1608 0.4180
535 1612 0.2361
535 1613 0.2361
535 1618 0.2923
535 1619 0.2359
535 1621 0.2843
535 1622 0.5743
535 1623 0.2327
535 1624 0.2982
535 1630 0.2359
535 1631 0.2538
535 1637 0.2320
535 1640 0.2359
535 1644 0.2268
535 1645 0.2361
535 1646 0.2268
535 1654 0.2327
535 1655 0.2361
535 1656 0.2361
535 1659 0.2900
535 1660 0.2802
535 1661 0.2268
535 1663 0.1943
535 1664 0.2361
535 1665 0.2155
535 1667 0.2829
535 1668 0.1943
535 1671 0.2361
535 1675 0.2032
535 1677 0.2359
535 1678 0.2268
535 1679 0.2408
535 1680 0.2325
535 1681 0.2268
535 1682 0.2155
535 1686 0.2182
535 1687 0.2155
535 1688 0.2923
535 1689 0.8763
535 1690 0.2327
535 1691 0.3751
535 1692 0.2311
535 1693 0.2325
535 1694 0.2538
535 1696 0.2268
535 1699 0.2538
535 1700 0.2361
535 1701 0.1917
535 1702 0.1890
535 1704 0.2123
535 1705 0.2044
535 1706 0.1917
535 1707 0.1873
535 1710 0.2538
535 1711 0.1873
535 1712 0.9247
535 1713 0.2361
535 1714 0.2137
535 1717 0.8139
535 1718 0.2327
535 1719 0.2476
535 1721 0.2249
535 1724 0.2538
535 1728 0.2129
535 1729 0.2538
536 540 0.2226
536 541 0.2226
536 543 0.2061
536 544 0.3091
536 546 0.2235
536 547 0.2184
536 548 0.3287
536 551 0.2226
536 552 0.7680
536 553 0.2061
536 554 0.2156
536 555 0.3720
536 556 0.1887
536 557 0.4085
536 558 0.2513
536 559 0.4083
536 560 0.5517
536 561 0.2061
536 562 0.1887
536 563 0.2440
536 565 0.2226
536 568 0.9582
536 569 0.2226
536 571 0.2593
536 572 0.2305
536 573 0.2211
536 574 0.2061
536 575 0.2098
536 576 0.2025
536 577 0.3025
536 578 0.2226
536 579 0.2850
536 580 0.2615
536 581 0.1880
536 582 0.2226
536 584 0.2404
536 587 0.3932
536 589 0.2226
536 590 0.3519
536 591 0.2061
536 592 0.2386
536 599 0.6320
536 604 0.4975
536 605 0.2061
536 606 0.2305
536 609 0.2006
536 610 0.2061
536 612 0.2776
536 613 0.8085
536 614 0.2420
536 618 0.2615
536 619 0.2775
536 621 0.1875
536 622 0.3242
536 624 0.2211
536 625 0.2687
536 626 0.9075
536 627 0.2880
536 628 0.2061
536 629 0.2156
536 630 0.1936
536 631 0.2303
536 632 0.2402
536 633 0.2878
536 634 0.2226
536 635 0.2551
536 637 0.2431
536 639 0.9484
536 640 0.2615
536 641 0.2061
536 642 0.2121
536 643 0.3884
536 645 0.2309
536 646 0.2241
536 647 0.2061
536 648 0.8398
536 650 0.2321
536 651 0.2064
536 652 0.2431
536 654 0.2061
536 655 0.2211
536 657 0.2061
536 658 0.2764
536 659 0.8597
536 662 0.3604
536 664 0.2655
536 666 0.2226
536 667 0.8925
536 668 0.2431
536 672 0.7956
536 673 0.2061
536 674 0.2019
536 681 0.2533
536 682 0.4415
536 683 0.2061
536 684 0.2248
536 685 0.6848
536 687 0.2304
536 689 0.5231
536 690 0.2184
536 691 0.2570
536 692 0.2219
536 693 0.1971
536 694 0.8899
536 695 0.4989
536 696 0.2064
536 697 0.2555
536 698 0.2204
536 699 0.2061
536 700 0.2615
536 701 0.2615
536 702 0.1914
536 703 0.2280
536 704 0.1987
536 705 0.3563
536 706 0.8238
536 707 0.2340
536 709 0.2061
536 710 0.2061
536 711 0.4303
536 712 0.2219
536 714 0.2748
536 716 0.1971
536 718 0.2219
536 722 0.6458
536 723 0.2211
536 726 0.3768
536 727 0.2226
536 728 0.2621
536 729 0.2226
536 731 0.2226
536 732 0.3138
536 734 0.2061
536 735 0.2776
536 736 0.3857
536 737 0.2896
536 740 0.2422
536 741 0.4125
536 742 0.1912
536 743 0.2151
536 744 0.2150
536 745 0.2064
536 748 0.5887
536 750 0.2682
536 751 0.3191
536 752 0.4287
536 753 0.2222
536 754 0.2061
536 755 0.1898
536 756 0.1940
536 757 0.6195
536 758 0.2060
536 759 0.2226
536 761 0.2156
536 762 0.2156
536 763 0.4005
536 765 0.2374
536 767 0.2226
536 768 0.4439
536 769 0.2241
536 770 0.4989
536 771 0.2061
536 772 0.2061
536 773 0.2615
536 775 0.2156
536 777 0.2061
536 778 0.2061
536 779 0.2241
536 780 0.2172
536 781 0.3112
536 782 0.2061
536 783 0.2156
536 784 0.2156
536 785 0.2061
536 786 0.2131
536 789 0.2175
536 791 0.1912
536 793 0.4234
536 796 0.2184
536 797 0.6359
536 801 0.8377
536 803 0.3385
536 804 0.4277
536 805 0.2035
536 806 0.2475
536 807 0.2226
536 808 0.2064
536 809 0.2533
536 810 0.2615
536 811 0.9163
536 813 0.3061
536 814 0.2184
536 815 0.2533
536 816 0.1910
536 818 0.3191
536 821 0.4551
536 822 0.8892
536 823 0.5581
536 825 0.2118
536 827 0.2254
536 829 0.3052
536 831 0.3780
536 832 0.3644
536 834 0.2061
536 835 0.2156
536 836 0.2156
536 838 0.1934
536 844 0.2226
536 845 0.3191
536 846 0.2167
536 848 0.2533
536 849 0.2474
536 851 0.7596
536 853 0.2061
536 854 0.2226
536 855 0.2533
536 856 0.2615
536 858 0.2145
536 859 0.2241
536 860 0.4856
536 862 0.4450
536 864 0.2045
536 865 0.3191
536 867 0.2533
536 868 0.2061
536 869 0.2061
536 870 0.2226
536 871 0.4429
536 872 0.9398
536 876 0.2422
536 880 0.2354
536 882 0.2156
536 883 0.2035
536 884 0.1905
536 885 0.2226
536 886 0.2019
536 887 0.2159
536 889 0.2211
536 890 0.2226
536 891 0.5971
536 893 0.2061
536 894 0.2061
536 895 0.2226
536 896 0.2156
536 898 0.2845
536 899 0.2226
536 900 0.2061
536 901 0.2464
536 903 0.5807
536 905 0.2533
536 907 0.3209
536 908 0.2418
536 909 0.2680
536 910 0.2615
536 911 0.2903
536 914 0.2105
536 915 0.2258
536 917 0.2061
536 918 0.2071
536 919 0.2156
536 920 0.2156
536 921 0.2219
536 922 0.2903
536 924 0.3061
536 928 0.2061
536 929 0.2533
536 933 0.2061
536 935 0.2252
536 936 0.3052
536 938 0.2145
536 940 0.2061
536 941 0.2941
536 942 0.1898
536 943 0.2061
536 948 0.2061
536 950 0.1803
536 951 0.2615
536 952 0.2203
536 953 0.4989
536 954 0.2172
536 955 0.2156
536 956 0.2615
536 960 0.6426
536 961 0.2675
536 962 0.2533
536 963 0.2241
536 964 0.2433
536 965 0.2241
536 967 0.2061
536 968 0.5102
536 969 0.2533
536 971 0.2019
536 972 0.2156
536 974 0.7986
536 976 0.3385
536 977 0.4856
536 979 0.4611
536 980 0.2086
536 981 0.2061
536 985 0.2061
536 989 0.2296
536 990 0.4502
536 993 0.2151
536 994 0.6164
536 995 0.5206
536 999 0.2156
536 1000 0.2156
536 1001 0.7956
536 1002 0.8439
536 1003 0.3301
536 1004 0.8659
536 1006 0.2156
536 1007 0.9383
536 1010 0.2061
536 1013 0.2061
536 1014 0.3780
536 1015 0.2521
536 1017 0.2098
536 1020 0.2903
536 1023 0.2526
536 1024 0.1875
536 1026 0.1903
536 1027 0.2241
536 1029 0.2964
536 1030 0.2611
536 1033 0.2219
536 1034 0.7069
536 1035 0.2002
536 1036 0.5395
536 1038 0.4862
536 1039 0.3191
536 1042 0.2644
536 1043 0.2278
536 1044 0.2615
536 1045 0.3052
536 1046 0.2019
536 1047 0.1963
536 1048 0.2230
536 1049 0.2195
536 1050 0.2165
536 1051 0.4450
536 1052 0.2156
536 1053 0.2061
536 1054 0.2156
536 1055 0.2061
536 1057 0.2636
536 1060 0.6073
536 1061 0.2287
536 1063 0.2156
536 1066 0.2615
536 1067 0.2658
536 1068 0.2156
536 1069 0.2061
536 1070 0.1903
536 1071 0.2615
536 1072 0.2615
536 1073 0.3416
536 1078 0.2219
536 1079 0.3076
536 1080 0.2439
536 1081 0.3205
536 1082 0.2316
536 1083 0.6538
536 1084 0.2219
536 1085 0.2098
536 1087 0.2226
536 1089 0.2061
536 1090 0.2156
536 1094 0.2086
536 1095 0.2061
536 1096 0.2061
536 1099 0.6685
536 1103 0.2504
536 1104 0.3654
536 1105 0.3180
536 1106 0.2589
536 1107 0.4925
536 1108 0.2195
536 1109 0.2448
536 1111 0.2615
536 1113 0.8610
536 1115 0.3017
536 1118 0.3242
536 1119 0.2170
536 1120 0.2219
536 1121 0.2615
536 1122 0.2615
536 1125 0.1914
536 1126 0.2533
536 1127 0.2241
536 1128 0.4260
536 1129 0.2156
536 1132 0.2615
536 1133 0.6359
536 1135 0.6985
536 1138 0.2156
536 1142 0.2061
536 1143 0.2956
536 1146 0.1905
536 1147 0.2035
536 1148 0.2048
536 1150 0.6105
536 1151 0.2903
536 1152 0.3219
536 1153 0.2059
536 1154 0.4553
536 1155 0.2226
536 1156 0.2156
536 1157 0.2156
536 1159 0.2226
536 1161 0.2061
536 1163 0.8603
536 1165 0.3853
536 1167 0.2331
536 1169 0.2392
536 1173 0.2061
536 1174 0.2061
536 1177 0.2226
536 1180 0.2038
536 1181 0.2334
536 1182 0.2533
536 1185 0.2211
536 1187 0.2156
536 1191 0.2282
536 1192 0.2061
536 1193 0.2106
536 1194 0.1885
536 1195 0.3910
536 1196 0.2267
536 1197 0.2156
536 1199 0.2211
536 1200 0.2156
536 1201 0.2156
536 1202 0.2401
536 1204 0.2533
536 1205 0.2560
536 1207 0.2226
536 1208 0.2145
536 1209 0.2021
536 1211 0.2669
536 1213 0.2226
536 1217 0.2061
536 1218 0.3191
536 1222 0.2061
536 1225 0.5634
536 1226 0.3173
536 1227 0.2061
536 1228 0.2061
536 1229 0.4256
536 1230 0.2172
536 1231 0.2241
536 1235 0.3061
536 1236 0.2533
536 1237 0.2061
536 1238 0.2184
536 1240 0.3334
536 1242 0.3627
536 1243 0.1936
536 1245 0.2533
536 1246 0.2156
536 1247 0.2241
536 1250 0.2374
536 1252 0.2274
536 1255 0.2156
536 1256 0.2615
536 1258 0.2431
536 1259 0.2657
536 1260 0.2903
536 1262 0.2156
536 1263 0.2615
536 1265 0.2211
536 1266 0.2061
536 1268 0.4454
536 1269 0.2800
536 1270 0.3242
536 1271 0.2189
536 1273 0.2211
536 1274 0.2156
536 1275 0.3740
536 1276 0.2589
536 1278 0.1875
536 1279 0.2219
536 1280 0.3242
536 1281 0.2061
536 1282 0.2615
536 1283 0.4450
536 1284 0.3555
536 1286 0.2466
536 1287 0.8943
536 1288 0.2226
536 1289 0.4450
536 1292 0.9041
536 1293 0.2156
536 1297 0.2533
536 1298 0.5613
536 1301 0.2156
536 1303 0.3191
536 1304 0.4737
536 1305 0.2061
536 1307 0.8109
536 1308 0.2466
536 1311 0.2061
536 1316 0.9603
536 1318 0.4444
536 1320 0.3298
536 1322 0.5854
536 1323 0.2061
536 1328 0.2211
536 1329 0.2956
536 1330 0.2061
536 1331 0.2061
536 1334 0.2241
536 1335 0.2533
536 1337 0.2615
536 1342 0.3761
536 1343 0.2615
536 1344 0.2061
536 1346 0.2184
536 1349 0.2533
536 1350 0.2533
536 1354 0.2061
536 1356 0.2156
536 1358 0.2156
536 1360 0.1940
536 1361 0.1936
536 1363 0.1940
536 1365 0.2226
536 1366 0.2156
536 1367 0.2075
536 1368 0.2156
536 1369 0.3884
536 1370 0.2956
536 1371 0.2067
536 1374 0.2533
536 1377 0.2156
536 1378 0.2956
536 1379 0.2226
536 1381 0.2824
536 1382 0.2615
536 1383 0.2184
536 1386 0.2235
536 1387 0.2903
536 1388 0.3052
536 1389 0.2156
536 1390 0.1910
536 1394 0.2615
536 1397 0.3003
536 1398 0.2675
536 1399 0.2156
536 1401 0.2156
536 1402 0.2061
536 1405 0.2421
536 1407 0.3052
536 1408 0.2241
536 1410 0.2226
536 1412 0.2226
536 1413 0.2156
536 1414 0.2156
536 1415 0.2006
536 1416 0.2061
536 1418 0.2533
536 1419 0.2302
536 1422 0.2061
536 1423 0.2195
536 1424 0.2156
536 1425 0.2061
536 1426 0.3668
536 1428 0.2308
536 1430 0.1971
536 1431 0.2195
536 1434 0.7734
536 1435 0.3829
536 1437 0.2067
536 1439 0.2061
536 1440 0.2752
536 1445 0.2193
536 1448 0.2061
536 1449 0.2061
536 1451 0.2061
536 1452 0.2533
536 1455 0.2431
536 1457 0.3655
536 1458 0.2776
536 1461 0.2061
536 1462 0.3314
536 1464 0.1897
536 1465 0.2061
536 1466 0.2002
536 1472 0.2799
536 1473 0.2061
536 1476 0.2061
536 1480 0.2226
536 1484 0.2956
536 1485 0.2241
536 1492 0.2060
536 1493 0.2226
536 1494 0.2615
536 1500 0.2156
536 1501 0.3298
536 1504 0.2431
536 1507 0.2219
536 1510 0.3578
536 1511 0.3416
536 1512 0.2219
536 1516 0.2211
536 1517 0.2513
536 1518 0.2320
536 1519 0.9288
536 1520 0.9302
536 1526 0.8437
536 1527 0.2431
536 1528 0.3416
536 1529 0.2061
536 1530 0.8620
536 1532 0.6926
536 1534 0.2061
536 1535 0.3017
536 1536 0.7956
536 1537 0.4450
536 1538 0.3483
536 1540 0.2921
536 1542 0.2740
536 1544 0.2226
536 1547 0.4444
536 1548 0.3551
536 1549 0.2784
536 1551 0.6167
536 1553 0.2784
536 1554 0.2533
536 1560 0.2241
536 1565 0.1887
536 1566 0.2145
536 1567 0.2226
536 1569 0.2903
536 1572 0.2156
536 1575 0.2261
536 1578 0.2067
536 1582 0.2533
536 1583 0.3191
536 1585 0.2226
536 1591 0.2211
536 1593 0.2274
536 1594 0.1885
536 1595 0.2075
536 1597 0.2257
536 1598 0.2061
536 1599 0.2156
536 1601 0.2184
536 1603 0.2061
536 1605 0.2184
536 1606 0.2727
536 1608 0.4321
536 1612 0.2061
536 1613 0.2061
536 1618 0.3784
536 1619 0.2615
536 1621 0.2334
536 1622 0.4631
536 1623 0.2219
536 1624 0.2532
536 1630 0.2615
536 1631 0.2533
536 1637 0.2316
536 1640 0.2615
536 1644 0.2156
536 1645 0.2061
536 1646 0.2156
536 1654 0.2219
536 1655 0.2061
536 1656 0.2061
536 1659 0.2431
536 1660 0.2411
536 1661 0.2156
536 1663 0.1903
536 1664 0.2061
536 1665 0.2211
536 1667 0.2431
536 1668 0.1903
536 1671 0.2061
536 1675 0.2226
536 1677 0.2615
536 1678 0.2156
536 1679 0.2217
536 1680 0.2226
536 1681 0.2156
536 1682 0.2211
536 1686 0.2006
536 1687 0.2211
536 1688 0.2675
536 1689 0.8269
536 1690 0.2219
536 1691 0.4170
536 1692 0.2233
536 1693 0.2226
536 1694 0.2533
536 1696 0.2156
536 1699 0.2533
536 1700 0.2061
536 1701 0.2195
536 1702 0.1971
536 1704 0.1898
536 1705 0.1885
536 1706 0.2195
536 1707 0.2061
536 1710 0.2533
536 1711 0.2061
536 1712 0.9157
536 1713 0.2061
536 1714 0.2097
536 1717 0.6803
536 1718 0.2219
536 1719 0.2230
536 1721 0.2241
536 1724 0.2533
536 1728 0.2067
536 1729 0.2533
540 541 0.2150
540 543 0.2456
540 544 0.3353
540 546 0.2484
540 547 0.2051
540 548 0.3215
540 551 0.2150
540 552 0.3925
540 553 0.2456
540 554 0.2325
540 555 0.3656
540 556 0.2215
540 557 0.2510
540 558 0.2585
540 559 0.2370
540 560 0.3255
540 561 0.2456
540 562 0.2215
540 563 0.3213
540 565 0.2150
540 568 0.9011
540 569 0.2150
540 571 0.2737
540 572 0.2563
540 573 0.2235
540 574 0.2456
540 575 0.2177
540 576 0.2209
540 577 0.3106
540 578 0.2150
540 579 0.3634
540 580 0.2263
540 581 0.2144
540 582 0.2150
540 584 0.2631
540 587 0.3127
540 589 0.2150
540 590 0.4321
540 591 0.2456
540 592 0.3121
540 599 0.2475
540 604 0.2541
540 605 0.2456
540 606 0.2563
540 609 0.2156
540 610 0.2456
540 612 0.2156
540 613 0.2138
540 614 0.2669
540 618 0.2263
540 619 0.2806
540 621 0.2112
540 622 0.2640
540 624 0.2235
540 625 0.2677
540 626 0.2758
540 627 0.3328
540 628 0.2456
540 629 0.2325
540 630 0.2243
540 631 0.2706
540 632 0.2355
540 633 0.2540
540 634 0.2150
540 635 0.2560
540 637 0.2496
540 639 0.8528
540 640 0.2263
540 641 0.2456
540 642 0.2152
540 643 0.3306
540 645 0.3008
540 646 0.2208
540 647 0.2456
540 648 0.3176
540 650 0.2409
540 651 0.2130
540 652 0.2496
540 654 0.2456
540 655 0.2235
540 657 0.2456
540 658 0.3164
540 659 0.2963
540 662 0.2756
540 664 0.3386
540 666 0.2150
540 667 0.3422
540 668 0.2496
540 672 0.2033
540 673 0.2456
540 674 0.2147
540 681 0.2351
540 682 0.2125
540 683 0.2456
540 684 0.2254
540 685 0.3726
540 687 0.2790
540 689 0.5514
540 690 0.2051
540 691 0.2461
540 692 0.2228
540 693 0.1988
540 694 0.2826
540 695 0.4555
540 696 0.2130
540 697 0.2735
540 698 0.2676
540 699 0.2456
540 700 0.2263
540 701 0.2263
540 702 0.2019
540 703 0.2366
540 704 0.2084
540 705 0.3697
540 706 0.4892
540 707 0.2386
540 709 0.2456
540 710 0.2456
540 711 0.3812
540 712 0.2228
540 714 0.3581
540 716 0.1988
540 718 0.2469
540 722 0.2726
540 723 0.2235
540 726 0.2259
540 727 0.2150
540 728 0.3068
540 729 0.2150
540 731 0.2150
540 732 0.3300
540 734 0.2456
540 735 0.2156
540 736 0.5195
540 737 0.4025
540 740 0.2659
540 741 0.4300
540 742 0.2233
540 743 0.2403
540 744 0.2198
540 745 0.2130
540 748 0.6385
540 750 0.2704
540 751 0.2920
540 752 0.5628
540 753 0.2263
540 754 0.2456
540 755 0.2230
540 756 0.2043
540 757 0.4690
540 758 0.1982
540 759 0.2150
540 761 0.2325
540 762 0.2325
540 763 0.3314
540 765 0.2861
540 767 0.2150
540 768 0.5166
540 769 0.2208
540 770 0.4555
540 771 0.2456
540 772 0.2456
540 773 0.2263
540 775 0.2325
540 777 0.2456
540 778 0.2456
540 779 0.2208
540 780 0.2165
540 781 0.2426
540 782 0.2456
540 783 0.2325
540 784 0.2325
540 785 0.2456
540 786 0.2650
540 789 0.2331
540 791 0.2233
540 793 0.4411
540 796 0.2051
540 797 0.2226
540 801 0.3014
540 803 0.2182
540 804 0.3069
540 805 0.1964
540 806 0.3120
540 807 0.2150
540 808 0.2130
540 809 0.2351
540 810 0.2263
540 811 0.6602
540 813 0.3496
540 814 0.2051
540 815 0.2351
540 816 0.2252
540 818 0.2920
540 821 0.3948
540 822 0.2428
540 823 0.5582
540 825 0.2250
540 827 0.2156
540 829 0.2624
540 831 0.3463
540 832 0.3190
540 834 0.2456
540 835 0.2325
540 836 0.2325
540 838 0.2336
540 844 0.2150
540 845 0.2920
540 846 0.2141
540 848 0.2351
540 849 0.2671
540 851 0.7589
540 853 0.2456
540 854 0.2150
540 855 0.2351
540 856 0.2263
540 858 0.2305
540 859 0.2208
540 860 0.2263
540 862 0.1997
540 864 0.2484
540 865 0.2920
540 867 0.2351
540 868 0.2456
540 869 0.2456
540 870 0.2150
540 871 0.2920
540 872 0.9476
540 876 0.2659
540 880 0.4066
540 882 0.2325
540 883 0.1964
540 884 0.2241
540 885 0.2150
540 886 0.2147
540 887 0.2200
540 889 0.2235
540 890 0.2150
540 891 0.6441
540 893 0.2456
540 894 0.2456
540 895 0.2150
540 896 0.2325
540 898 0.2172
540 899 0.2150
540 900 0.2456
540 901 0.2713
540 903 0.3407
540 905 0.2351
540 907 0.2681
540 908 0.2598
540 909 0.2659
540 910 0.2263
540 911 0.2750
540 914 0.2257
540 915 0.2554
540 917 0.2456
540 918 0.2475
540 919 0.2325
540 920 0.2325
540 921 0.2228
540 922 0.2750
540 924 0.2510
540 928 0.2456
540 929 0.2351
540 933 0.2456
540 935 0.2693
540 936 0.2624
540 938 0.2159
540 940 0.2456
540 941 0.2622
540 942 0.2230
540 943 0.2456
540 948 0.2456
540 950 0.2027
540 951 0.2263
540 952 0.2377
540 953 0.4555
540 954 0.2165
540 955 0.2325
540 956 0.2263
540 960 0.5983
540 961 0.2988
540 962 0.2351
540 963 0.2208
540 964 0.3085
540 965 0.2208
540 967 0.2456
540 968 0.5224
540 969 0.2351
540 971 0.2147
540 972 0.2325
540 974 0.8482
540 976 0.2182
540 977 0.2263
540 979 0.5435
540 980 0.2226
540 981 0.2456
540 985 0.2456
540 989 0.2978
540 990 0.4421
540 993 0.2561
540 994 0.6913
540 995 0.5267
540 999 0.2325
540 1000 0.2325
540 1001 0.2033
540 1002 0.2568
540 1003 0.3199
540 1004 0.5116
540 1006 0.2325
540 1007 0.5855
540 1010 0.2456
540 1013 0.2456
540 1014 0.3463
540 1015 0.3267
540 1017 0.2177
540 1020 0.2750
540 1023 0.2826
540 1024 0.2112
540 1026 0.2120
540 1027 0.2208
540 1029 0.2464
540 1030 0.2910
540 1033 0.2228
540 1034 0.2120
540 1035 0.2078
540 1036 0.2235
540 1038 0.2208
540 1039 0.3284
540 1042 0.2477
540 1043 0.2177
540 1044 0.2263
540 1045 0.2624
540 1046 0.2147
540 1047 0.2358
540 1048 0.2364
540 1049 0.2038
540 1050 0.2282
540 1051 0.1997
540 1052 0.2325
540 1053 0.2456
540 1054 0.2325
540 1055 0.2456
540 1057 0.2791
540 1060 0.3629
540 1061 0.2393
540 1063 0.2325
540 1066 0.2263
540 1067 0.3028
540 1068 0.2325
540 1069 0.2456
540 1070 0.2120
540 1071 0.2263
540 1072 0.2263
540 1073 0.2325
540 1078 0.2228
540 1079 0.4076
540 1080 0.3051
540 1081 0.2226
540 1082 0.2355
540 1083 0.6484
540 1084 0.2228
540 1085 0.2177
540 1087 0.2150
540 1089 0.2456
540 1090 0.2325
540 1094 0.2226
540 1095 0.2456
540 1096 0.2456
540 1099 0.8614
540 1103 0.2621
540 1104 0.4159
540 1105 0.3517
540 1106 0.2689
540 1107 0.3155
540 1108 0.2038
540 1109 0.3068
540 1111 0.2263
540 1113 0.2325
540 1115 0.2235
540 1118 0.2640
540 1119 0.2673
540 1120 0.2228
540 1121 0.2263
540 1122 0.2263
540 1125 0.2019
540 1126 0.2351
540 1127 0.2208
540 1128 0.3155
540 1129 0.2325
540 1132 0.2263
540 1133 0.2226
540 1135 0.7670
540 1138 0.2325
540 1142 0.2456
540 1143 0.2676
540 1146 0.2241
540 1147 0.1964
540 1148 0.2144
540 1150 0.6074
540 1151 0.2750
540 1152 0.3930
540 1153 0.2239
540 1154 0.4903
540 1155 0.2150
540 1156 0.2325
540 1157 0.2325
540 1159 0.2150
540 1161 0.1973
540 1163 0.6113
540 1165 0.2855
540 1167 0.2610
540 1169 0.2410
540 1173 0.2456
540 1174 0.2456
540 1177 0.2150
540 1180 0.2327
540 1181 0.2750
540 1182 0.2351
540 1185 0.2235
540 1187 0.2325
540 1191 0.2178
540 1192 0.2456
540 1193 0.2527
540 1194 0.2218
540 1195 0.3771
540 1196 0.3023
540 1197 0.2325
540 1199 0.2235
540 1200 0.2325
540 1201 0.2325
540 1202 0.3234
540 1204 0.2351
540 1205 0.2650
540 1207 0.2150
540 1208 0.2159
540 1209 0.2074
540 1211 0.3115
540 1213 0.2150
540 1217 0.2456
540 1218 0.2920
540 1222 0.2456
540 1225 0.5764
540 1226 0.2640
540 1227 0.2456
540 1228 0.2456
540 1229 0.4517
540 1230 0.2165
540 1231 0.2208
540 1235 0.2510
540 1236 0.2351
540 1237 0.2456
540 1238 0.2051
540 1240 0.3827
540 1242 0.4118
540 1243 0.2243
540 1245 0.2351
540 1246 0.2325
540 1247 0.2208
540 1250 0.2791
540 1252 0.2373
540 1255 0.2325
540 1256 0.2263
540 1258 0.2496
540 1259 0.2497
540 1260 0.2750
540 1262 0.2325
540 1263 0.2263
540 1265 0.2235
540 1266 0.2456
540 1268 0.3849
540 1269 0.3088
540 1270 0.2640
540 1271 0.2307
540 1273 0.2235
540 1274 0.2325
540 1275 0.3010
540 1276 0.2689
540 1278 0.2112
540 1279 0.2228
540 1280 0.2640
540 1281 0.2456
540 1282 0.2263
540 1283 0.1997
540 1284 0.2242
540 1286 0.2175
540 1287 0.2868
540 1288 0.2150
540 1289 0.1997
540 1292 0.6021
540 1293 0.2325
540 1297 0.2351
540 1298 0.3216
540 1301 0.2325
540 1303 0.2920
540 1304 0.2263
540 1305 0.2456
540 1307 0.2407
540 1308 0.2175
540 1311 0.2456
540 1316 0.8821
540 1318 0.2325
540 1320 0.2228
540 1322 0.2351
540 1323 0.2456
540 1328 0.2235
540 1329 0.2676
540 1330 0.2456
540 1331 0.2456
540 1334 0.2208
540 1335 0.2351
540 1337 0.2263
540 1342 0.4601
540 1343 0.2263
540 1344 0.2456
540 1346 0.2051
540 1349 0.2351
540 1350 0.2351
540 1354 0.2456
540 1356 0.2325
540 1358 0.2325
540 1360 0.2043
540 1361 0.2243
540 1363 0.2043
540 1365 0.2150
540 1366 0.2325
540 1367 0.2151
540 1368 0.2325
540 1369 0.3306
540 1370 0.2676
540 1371 0.2182
540 1374 0.2351
540 1377 0.2325
540 1378 0.2676
540 1379 0.2150
540 1381 0.2147
540 1382 0.2263
540 1383 0.2051
540 1386 0.2484
540 1387 0.2750
540 1388 0.2624
540 1389 0.2325
540 1390 0.2252
540 1394 0.2263
540 1397 0.3684
540 1398 0.2426
540 1399 0.2325
540 1401 0.2325
540 1402 0.2456
540 1405 0.2801
540 1407 0.2624
540 1408 0.2208
540 1410 0.2150
540 1412 0.2150
540 1413 0.2325
540 1414 0.2325
540 1415 0.2156
540 1416 0.2456
540 1418 0.2351
540 1419 0.2527
540 1422 0.2456
540 1423 0.2038
540 1424 0.2325
540 1425 0.2456
540 1426 0.3658
540 1428 0.2305
540 1430 0.1988
540 1431 0.2038
540 1434 0.8373
540 1435 0.4406
540 1437 0.2182
540 1439 0.2456
540 1440 0.3703
540 1445 0.2253
540 1448 0.2456
540 1449 0.2456
540 1451 0.2456
540 1452 0.2351
540 1455 0.2496
540 1457 0.3115
540 1458 0.2156
540 1461 0.2456
540 1462 0.2208
540 1464 0.2236
540 1465 0.2456
540 1466 0.2078
540 1472 0.3121
540 1473 0.2456
540 1476 0.2456
540 1480 0.2150
540 1484 0.2676
540 1485 0.2208
540 1492 0.1982
540 1493 0.2150
540 1494 0.2263
540 1500 0.2325
540 1501 0.2228
540 1504 0.2393
540 1507 0.2228
540 1510 0.3121
540 1511 0.2325
540 1512 0.2228
540 1516 0.2235
540 1517 0.2585
540 1518 0.2274
540 1519 0.2857
540 1520 0.6778
540 1526 0.2428
540 1527 0.2496
540 1528 0.2325
540 1529 0.2456
540 1530 0.3727
540 1532 0.3190
540 1534 0.2456
540 1535 0.2235
540 1536 0.2033
540 1537 0.1997
540 1538 0.3106
540 1540 0.3538
540 1542 0.2325
540 1544 0.2150
540 1547 0.2325
540 1548 0.2393
540 1549 0.2351
540 1551 0.3018
540 1553 0.2351
540 1554 0.2351
540 1560 0.2208
540 1565 0.2215
540 1566 0.2159
540 1567 0.2150
540 1569 0.2750
540 1572 0.2325
540 1575 0.2190
540 1578 0.2182
540 1582 0.2351
540 1583 0.3284
540 1585 0.2150
540 1591 0.2235
540 1593 0.2373
540 1594 0.2218
540 1595 0.2151
540 1597 0.2242
540 1598 0.2456
540 1599 0.2325
540 1601 0.2051
540 1603 0.2456
540 1605 0.2051
540 1606 0.3058
540 1608 0.4126
540 1612 0.2456
540 1613 0.2456
540 1618 0.2426
540 1619 0.2263
540 1621 0.2750
540 1622 0.5387
540 1623 0.2228
540 1624 0.2933
540 1630 0.2263
540 1631 0.2351
540 1637 0.2355
540 1640 0.2263
540 1644 0.2325
540 1645 0.2456
540 1646 0.2325
540 1654 0.2228
540 1655 0.2456
540 1656 0.2456
540 1659 0.2393
540 1660 0.2509
540 1661 0.2325
540 1663 0.2120
540 1664 0.2456
540 1665 0.2235
540 1667 0.2496
540 1668 0.2120
540 1671 0.2456
540 1675 0.2300
540 1677 0.2263
540 1678 0.2325
540 1679 0.2721
540 1680 0.2150
540 1681 0.2325
540 1682 0.2235
540 1686 0.2156
540 1687 0.2235
540 1688 0.2426
540 1689 0.8851
540 1690 0.2228
540 1691 0.3765
540 1692 0.2383
540 1693 0.2150
540 1694 0.2351
540 1696 0.2325
540 1699 0.2351
540 1700 0.2456
540 1701 0.2038
540 1702 0.1988
540 1704 0.2230
540 1705 0.2218
540 1706 0.2038
540 1707 0.1973
540 1710 0.2351
540 1711 0.1973
540 1712 0.9323
540 1713 0.2456
540 1714 0.2100
540 1717 0.8130
540 1718 0.2228
540 1719 0.2259
540 1721 0.2208
540 1724 0.2351
540 1728 0.2182
540 1729 0.2351
541 543 0.2456
541 544 0.3353
541 546 0.2484
541 547 0.2051
541 548 0.3215
541 551 0.2150
541 552 0.3925
541 553 0.2456
541 554 0.2325
541 555 0.3656
541 556 0.2215
541 557 0.2510
541 558 0.2585
541 559 0.2370
541 560 0.3255
541 561 0.2456
541 562 0.2215
541 563 0.3213
541 565 0.2150
541 568 0.9011
541 569 0.2150
541 571 0.2737
541 572 0.2563
541 573 0.2235
541 574 0.2456
541 575 0.2177
541 576 0.2209
541 577 0.3106
541 578 0.2150
541 579 0.3634
541 580 0.2263
541 581 0.2144
541 582 0.2150
541 584 0.2631
541 587 0.3127
541 589 0.2150
541 590 0.4321
541 591 0.2456
541 592 0.3121
541 599 0.2475
541 604 0.2541
541 605 0.2456
541 606 0.2563
541 609 0.2156
541 610 0.2456
541 612 0.2156
541 613 0.2138
541 614 0.2669
541 618 0.2263
541 619 0.2806
541 621 0.2112
541 622 0.2640
541 624 0.2235
541 625 0.2677
541 626 0.2758
541 627 0.3328
541 628 0.2456
541 629 0.2325
541 630 0.2243
541 631 0.2706
541 632 0.2355
541 633 0.2540
541 634 0.2150
541 635 0.2560
541 637 0.2496
541 639 0.8528
541 640 0.2263
541 641 0.2456
541 642 0.2152
541 643 0.3306
541 645 0.3008
541 646 0.2208
541 647 0.2456
541 648 0.3176
541 650 0.2409
541 651 0.2130
541 652 0.2496
541 654 0.2456
541 655 0.2235
541 657 0.2456
541 658 0.3164
541 659 0.2963
541 662 0.2756
541 664 0.3386
541 666 0.2150
541 667 0.3422
541 668 0.2496
541 672 0.2033
541 673 0.2456
541 674 0.2147
541 681 0.2351
541 682 0.2125
541 683 0.2456
541 684 0.2254
541 685 0.3726
541 687 0.2790
541 689 0.5514
541 690 0.2051
541 691 0.2461
541 692 0.2228
541 693 0.1988
541 694 0.2826
541 695 0.4555
541 696 0.2130
541 697 0.2735
541 698 0.2676
541 699 0.2456
541 700 0.2263
541 701 0.2263
541 702 0.2019
541 703 0.2366
541 704 0.2084
541 705 0.3697
541 706 0.4892
541 707 0.2386
541 709 0.2456
541 710 0.2456
541 711 0.3812
541 712 0.2228
541 714 0.3581
541 716 0.1988
541 718 0.2469
541 722 0.2726
541 723 0.2235
541 726 0.2259
541 727 0.2150
541 728 0.3068
541 729 0.2150
541 731 0.2150
541 732 0.3300
541 734 0.2456
541 735 0.2156
541 736 0.5195
541 737 0.4025
541 740 0.2659
541 741 0.4300
541 742 0.2233
541 743 0.2403
541 744 0.2198
541 745 0.2130
541 748 0.6385
541 750 0.2704
541 751 0.2920
541 752 0.5628
541 753 0.2263
541 754 0.2456
541 755 0.2230
541 756 0.2043
541 757 0.4690
541 758 0.1982
541 759 0.2150
541 761 0.2325
541 762 0.2325
541 763 0.3314
541 765 0.2861
541 767 0.2150
541 768 0.5166
541 769 0.2208
541 770 0.4555
541 771 0.2456
541 772 0.2456
541 773 0.2263
541 775 0.2325
541 777 0.2456
541 778 0.2456
541 779 0.2208
541 780 0.2165
541 781 0.2426
541 782 0.2456
541 783 0.2325
541 784 0.2325
541 785 0.2456
541 786 0.2650
541 789 0.2331
541 791 0.2233
541 793 0.4411
541 796 0.2051
541 797 0.2226
541 801 0.3014
541 803 0.2182
541 804 0.3069
541 805 0.1964
541 806 0.3120
541 807 0.2150
541 808 0.2130
541 809 0.2351
541 810 0.2263
541 811 0.6602
541 813 0.3496
541 814 0.2051
541 815 0.2351
541 816 0.2252
541 818 0.2920
541 821 0.3948
541 822 0.2428
541 823 0.5582
541 825 0.2250
541 827 0.2156
541 829 0.2624
541 831 0.3463
541 832 0.3190
541 834 0.2456
541 835 0.2325
541 836 0.2325
541 838 0.2336
541 844 0.2150
541 845 0.2920
541 846 0.2141
541 848 0.2351
541 849 0.2671
541 851 0.7589
541 853 0.2456
541 854 0.2150
541 855 0.2351
541 856 0.2263
541 858 0.2305
541 859 0.2208
541 860 0.2263
541 862 0.1997
541 864 0.2484
541 865 0.2920
541 867 0.2351
541 868 0.2456
541 869 0.2456
541 870 0.2150
541 871 0.2920
541 872 0.9476
541 876 0.2659
541 880 0.4066
541 882 0.2325
541 883 0.1964
541 884 0.2241
541 885 0.2150
541 886 0.2147
541 887 0.2200
541 889 0.2235
541 890 0.2150
541 891 0.6441
541 893 0.2456
541 894 0.2456
541 895 0.2150
541 896 0.2325
541 898 0.2172
541 899 0.2150
541 900 0.2456
541 901 0.2713
541 903 0.3407
541 905 0.2351
541 907 0.2681
541 908 0.2598
541 909 0.2659
541 910 0.2263
541 911 0.2750
541 914 0.2257
541 915 0.2554
541 917 0.2456
541 918 0.2475
541 919 0.2325
541 920 0.2325
541 921 0.2228
541 922 0.2750
541 924 0.2510
541 928 0.2456
541 929 0.2351
541 933 0.2456
541 935 0.2693
541 936 0.2624
541 938 0.2159
541 940 0.2456
541 941 0.2622
541 942 0.2230
541 943 0.2456
541 948 0.2456
541 950 0.2027
541 951 0.2263
541 952 0.2377
541 953 0.4555
541 954 0.2165
541 955 0.2325
541 956 0.2263
541 960 0.5983
541 961 0.2988
541 962 0.2351
541 963 0.2208
541 964 0.3085
541 965 0.2208
541 967 0.2456
541 968 0.5224
541 969 0.2351
541 971 0.2147
541 972 0.2325
541 974 0.8482
541 976 0.2182
541 977 0.2263
541 979 0.5435
541 980 0.2226
541 981 0.2456
541 985 0.2456
541 989 0.2978
541 990 0.4421
541 993 0.2561
541 994 0.6913
541 995 0.5267
541 999 0.2325
541 1000 0.2325
541 1001 0.2033
541 1002 0.2568
541 1003 0.3199
541 1004 0.5116
541 1006 0.2325
541 1007 0.5855
541 1010 0.2456
541 1013 0.2456
541 1014 0.3463
541 1015 0.3267
541 1017 0.2177
541 1020 0.2750
541 1023 0.2826
541 1024 0.2112
541 1026 0.2120
541 1027 0.2208
541 1029 0.2464
541 1030 0.2910
541 1033 0.2228
541 1034 0.2120
541 1035 0.2078
541 1036 0.2235
541 1038 0.2208
541 1039 0.3284
541 1042 0.2477
541 1043 0.2177
541 1044 0.2263
541 1045 0.2624
541 1046 0.2147
541 1047 0.2358
541 1048 0.2364
541 1049 0.2038
541 1050 0.2282
541 1051 0.1997
541 1052 0.2325
541 1053 0.2456
541 1054 0.2325
541 1055 0.2456
541 1057 0.2791
541 1060 0.3629
541 1061 0.2393
541 1063 0.2325
541 1066 0.2263
541 1067 0.3028
541 1068 0.2325
541 1069 0.2456
541 1070 0.2120
541 1071 0.2263
541 1072 0.2263
541 1073 0.2325
541 1078 0.2228
541 1079 0.4076
541 1080 0.3051
541 1081 0.2226
541 1082 0.2355
541 1083 0.6484
541 1084 0.2228
541 1085 0.2177
541 1087 0.2150
541 1089 0.2456
541 1090 0.2325
541 1094 0.2226
541 1095 0.2456
541 1096 0.2456
541 1099 0.8614
541 1103 0.2621
541 1104 0.4159
541 1105 0.3517
541 1106 0.2689
541 1107 0.3155
541 1108 0.2038
541 1109 0.3068
541 1111 0.2263
541 1113 0.2325
541 1115 0.2235
541 1118 0.2640
541 1119 0.2673
541 1120 0.2228
541 1121 0.2263
541 1122 0.2263
541 1125 0.2019
541 1126 0.2351
541 1127 0.2208
541 1128 0.3155
541 1129 0.2325
541 1132 0.2263
541 1133 0.2226
541 1135 0.7670
541 1138 0.2325
541 1142 0.2456
541 1143 0.2676
541 1146 0.2241
541 1147 0.1964
541 1148 0.2144
541 1150 0.6074
541 1151 0.2750
541 1152 0.3930
541 1153 0.2239
541 1154 0.4903
541 1155 0.2150
541 1156 0.2325
541 1157 0.2325
541 1159 0.2150
541 1161 0.1973
541 1163 0.6113
541 1165 0.2855
541 1167 0.2610
541 1169 0.2410
541 1173 0.2456
541 1174 0.2456
541 1177 0.2150
541 1180 0.2327
541 1181 0.2750
541 1182 0.2351
541 1185 0.2235
541 1187 0.2325
541 1191 0.2178
541 1192 0.2456
541 1193 0.2527
541 1194 0.2218
541 1195 0.3771
541 1196 0.3023
541 1197 0.2325
541 1199 0.2235
541 1200 0.2325
541 1201 0.2325
541 1202 0.3234
541 1204 0.2351
541 1205 0.2650
541 1207 0.2150
541 1208 0.2159
541 1209 0.2074
541 1211 0.3115
541 1213 0.2150
541 1217 0.2456
541 1218 0.2920
541 1222 0.2456
541 1225 0.5764
541 1226 0.2640
541 1227 0.2456
541 1228 0.2456
541 1229 0.4517
541 1230 0.2165
541 1231 0.2208
541 1235 0.2510
541 1236 0.2351
541 1237 0.2456
541 1238 0.2051
541 1240 0.3827
541 1242 0.4118
541 1243 0.2243
541 1245 0.2351
541 1246 0.2325
541 1247 0.2208
541 1250 0.2791
541 1252 0.2373
541 1255 0.2325
541 1256 0.2263
541 1258 0.2496
541 1259 0.2497
541 1260 0.2750
541 1262 0.2325
541 1263 0.2263
541 1265 0.2235
541 1266 0.2456
541 1268 0.3849
541 1269 0.3088
541 1270 0.2640
541 1271 0.2307
541 1273 0.2235
541 1274 0.2325
541 1275 0.3010
541 1276 0.2689
541 1278 0.2112
541 1279 0.2228
541 1280 0.2640
541 1281 0.2456
541 1282 0.2263
541 1283 0.1997
541 1284 0.2242
541 1286 0.2175
541 1287 0.2868
541 1288 0.2150
541 1289 0.1997
541 1292 0.6021
541 1293 0.2325
541 1297 0.2351
541 1298 0.3216
541 1301 0.2325
541 1303 0.2920
541 1304 0.2263
541 1305 0.2456
541 1307 0.2407
541 1308 0.2175
541 1311 0.2456
541 1316 0.8821
541 1318 0.2325
541 1320 0.2228
541 1322 0.2351
541 1323 0.2456
541 1328 0.2235
541 1329 0.2676
541 1330 0.2456
541 1331 0.2456
541 1334 0.2208
541 1335 0.2351
541 1337 0.2263
541 1342 0.4601
541 1343 0.2263
541 1344 0.2456
541 1346 0.2051
541 1349 0.2351
541 1350 0.2351
541 1354 0.2456
541 1356 0.2325
541 1358 0.2325
541 1360 0.2043
541 1361 0.2243
541 1363 0.2043
541 1365 0.2150
541 1366 0.2325
541 1367 0.2151
541 1368 0.2325
541 1369 0.3306
541 1370 0.2676
541 1371 0.2182
541 1374 0.2351
541 1377 0.2325
541 1378 0.2676
541 1379 0.2150
541 1381 0.2147
541 1382 0.2263
541 1383 0.2051
541 1386 0.2484
541 1387 0.2750
541 1388 0.2624
541 1389 0.2325
541 1390 0.2252
541 1394 0.2263
541 1397 0.3684
541 1398 0.2426
541 1399 0.2325
541 1401 0.2325
541 1402 0.2456
541 1405 0.2801
541 1407 0.2624
541 1408 0.2208
541 1410 0.2150
541 1412 0.2150
541 1413 0.2325
541 1414 0.2325
541 1415 0.2156
541 1416 0.2456
541 1418 0.2351
541 1419 0.2527
541 1422 0.2456
541 1423 0.2038
541 1424 0.2325
541 1425 0.2456
541 1426 0.3658
541 1428 0.2305
541 1430 0.1988
541 1431 0.2038
541 1434 0.8373
541 1435 0.4406
541 1437 0.2182
541 1439 0.2456
541 1440 0.3703
541 1445 0.2253
541 1448 0.2456
541 1449 0.2456
541 1451 0.2456
541 1452 0.2351
541 1455 0.2496
541 1457 0.3115
541 1458 0.2156
541 1461 0.2456
541 1462 0.2208
541 1464 0.2236
541 1465 0.2456
541 1466 0.2078
541 1472 0.3121
541 1473 0.2456
541 1476 0.2456
541 1480 0.2150
541 1484 0.2676
541 1485 0.2208
541 1492 0.1982
541 1493 0.2150
541 1494 0.2263
541 1500 0.2325
541 1501 0.2228
541 1504 0.2393
541 1507 0.2228
541 1510 0.3121
541 1511 0.2325
541 1512 0.2228
541 1516 0.2235
541 1517 0.2585
541 1518 0.2274
541 1519 0.2857
541 1520 0.6778
541 1526 0.2428
541 1527 0.2496
541 1528 0.2325
541 1529 0.2456
541 1530 0.3727
541 1532 0.3190
541 1534 0.2456
541 1535 0.2235
541 1536 0.2033
541 1537 0.1997
541 1538 0.3106
541 1540 0.3538
541 1542 0.2325
541 1544 0.2150
541 1547 0.2325
541 1548 0.2393
541 1549 0.2351
541 1551 0.3018
541 1553 0.2351
541 1554 0.2351
541 1560 0.2208
541 1565 0.2215
541 1566 0.2159
541 1567 0.2150
541 1569 0.2750
541 1572 0.2325
541 1575 0.2190
541 1578 0.2182
541 1582 0.2351
541 1583 0.3284
541 1585 0.2150
