871 974 0.8969
871 976 0.2265
871 977 0.2265
871 979 0.7040
871 980 0.2265
871 981 0.2265
871 985 0.2265
871 989 0.3323
871 990 0.5014
871 993 0.6524
871 994 0.8422
871 995 0.7504
871 999 0.2265
871 1000 0.2265
871 1001 0.2265
871 1002 0.3323
871 1003 0.3415
871 1004 0.6740
871 1006 0.2265
871 1007 0.7480
871 1010 0.2265
871 1013 0.2265
871 1014 0.3415
871 1015 0.3415
871 1017 0.2265
871 1020 0.3323
871 1023 0.3323
871 1024 0.2265
871 1026 0.2265
871 1027 0.2265
871 1029 0.3323
871 1030 0.3415
871 1033 0.2265
871 1034 0.2265
871 1035 0.2265
871 1036 0.2265
871 1038 0.2265
871 1039 0.3323
871 1042 0.3323
871 1043 0.3323
871 1044 0.2265
871 1045 0.3323
871 1046 0.2265
871 1047 0.3323
871 1048 0.3323
871 1049 0.2265
871 1050 0.2715
871 1051 0.2265
871 1052 0.2265
871 1053 0.2265
871 1054 0.2265
871 1055 0.2265
871 1057 0.3415
871 1060 0.3415
871 1061 0.3323
871 1063 0.2265
871 1066 0.2265
871 1067 0.3323
871 1068 0.2265
871 1069 0.2265
871 1070 0.2265
871 1071 0.2265
871 1072 0.2265
871 1073 0.2265
871 1078 0.2265
871 1079 0.3415
871 1080 0.3323
871 1081 0.2265
871 1082 0.2265
871 1083 0.6858
871 1084 0.2265
871 1085 0.2265
871 1087 0.2456
871 1089 0.2265
871 1090 0.2265
871 1094 0.2265
871 1095 0.2265
871 1096 0.2265
871 1099 0.9499
871 1103 0.3415
871 1104 0.5014
871 1105 0.3415
871 1106 0.3323
871 1107 0.3415
871 1108 0.2265
871 1109 0.3323
871 1111 0.2265
871 1113 0.3323
871 1115 0.2265
871 1118 0.3323
871 1119 0.3323
871 1120 0.2265
871 1121 0.2265
871 1122 0.2265
871 1125 0.2265
871 1126 0.2265
871 1127 0.2265
871 1128 0.3415
871 1129 0.2265
871 1132 0.2265
871 1133 0.2265
871 1135 0.7700
871 1138 0.2265
871 1142 0.2265
871 1143 0.3323
871 1146 0.2265
871 1147 0.2265
871 1148 0.2265
871 1150 0.6858
871 1151 0.3323
871 1152 0.3415
871 1153 0.3415
871 1154 0.5295
871 1155 0.2456
871 1156 0.2265
871 1157 0.2265
871 1159 0.2456
871 1161 0.2265
871 1163 0.7618
871 1165 0.3323
871 1167 0.3323
871 1169 0.3323
871 1173 0.2265
871 1174 0.2265
871 1177 0.2456
871 1180 0.2715
871 1181 0.3323
871 1182 0.2265
871 1185 0.2265
871 1187 0.2265
871 1191 0.3323
871 1192 0.2265
871 1193 0.4208
871 1194 0.2265
871 1195 0.3415
871 1196 0.3323
871 1197 0.2265
871 1199 0.2265
871 1200 0.2265
871 1201 0.2265
871 1202 0.3415
871 1204 0.2265
871 1205 0.3323
871 1207 0.2456
871 1208 0.2265
871 1209 0.2265
871 1211 0.3415
871 1213 0.2456
871 1217 0.2265
871 1218 0.3323
871 1222 0.2265
871 1225 0.5295
871 1226 0.3323
871 1227 0.2265
871 1228 0.2265
871 1229 0.5014
871 1230 0.2265
871 1231 0.2265
871 1235 0.3323
871 1236 0.2265
871 1237 0.2265
871 1238 0.2456
871 1240 0.3415
871 1242 0.3415
871 1243 0.2265
871 1245 0.2265
871 1246 0.2265
871 1247 0.2265
871 1250 0.3323
871 1252 0.2265
871 1255 0.2265
871 1256 0.2265
871 1258 0.3323
871 1259 0.3323
871 1260 0.3323
871 1262 0.2265
871 1263 0.2265
871 1265 0.2265
871 1266 0.2265
871 1268 0.5014
871 1269 0.2965
871 1270 0.3323
871 1271 0.3323
871 1273 0.2265
871 1274 0.2265
871 1275 0.3415
871 1276 0.3323
871 1278 0.2265
871 1279 0.2265
871 1280 0.3323
871 1281 0.2265
871 1282 0.2265
871 1283 0.2265
871 1284 0.2265
871 1286 0.2265
871 1287 0.3415
871 1288 0.2456
871 1289 0.2265
871 1292 0.7808
871 1293 0.2265
871 1297 0.2265
871 1298 0.3415
871 1301 0.2265
871 1303 0.3323
871 1304 0.2265
871 1305 0.2265
871 1307 0.3323
871 1308 0.2265
871 1311 0.2265
871 1316 0.9596
871 1318 0.2265
871 1320 0.2265
871 1322 0.2265
871 1323 0.2265
871 1328 0.2265
871 1329 0.3323
871 1330 0.2265
871 1331 0.2265
871 1334 0.2265
871 1335 0.2265
871 1337 0.2265
871 1342 0.5295
871 1343 0.2265
871 1344 0.2265
871 1346 0.2456
871 1349 0.2265
871 1350 0.2265
871 1354 0.2265
871 1356 0.2265
871 1358 0.2265
871 1360 0.2265
871 1361 0.2265
871 1363 0.2265
871 1365 0.2456
871 1366 0.2265
871 1367 0.2265
871 1368 0.2265
871 1369 0.3415
871 1370 0.2265
871 1371 0.2265
871 1374 0.2265
871 1377 0.2265
871 1378 0.3323
871 1379 0.2456
871 1381 0.2265
871 1382 0.2265
871 1383 0.2456
871 1386 0.3323
871 1387 0.3323
871 1388 0.3323
871 1389 0.2265
871 1390 0.2265
871 1394 0.2265
871 1397 0.3890
871 1398 0.3323
871 1399 0.2265
871 1401 0.2265
871 1402 0.2265
871 1405 0.3323
871 1407 0.3323
871 1408 0.2265
871 1410 0.2456
871 1412 0.2456
871 1413 0.2265
871 1414 0.2265
871 1415 0.2265
871 1416 0.2265
871 1418 0.2265
871 1419 0.3323
871 1422 0.2265
871 1423 0.2265
871 1424 0.2265
871 1425 0.2265
871 1426 0.5295
871 1428 0.3323
871 1430 0.2265
871 1431 0.2265
871 1434 0.9273
871 1435 0.6259
871 1437 0.2265
871 1439 0.2265
871 1440 0.6858
871 1445 0.3323
871 1448 0.2265
871 1449 0.2265
871 1451 0.2265
871 1452 0.2265
871 1455 0.3323
871 1457 0.3323
871 1458 0.3323
871 1461 0.2265
871 1462 0.2265
871 1464 0.2265
871 1465 0.2265
871 1466 0.2265
871 1472 0.3323
871 1473 0.2265
871 1476 0.2265
871 1480 0.2456
871 1484 0.3323
871 1485 0.2265
871 1492 0.2265
871 1493 0.2456
871 1494 0.2265
871 1500 0.2265
871 1501 0.2265
871 1504 0.3323
871 1507 0.2265
871 1510 0.3323
871 1511 0.2265
871 1512 0.2265
871 1516 0.2265
871 1517 0.3323
871 1518 0.3323
871 1519 0.4208
871 1520 0.8364
871 1526 0.3323
871 1527 0.3323
871 1528 0.2265
871 1529 0.2265
871 1530 0.5295
871 1532 0.3323
871 1534 0.2265
871 1535 0.2265
871 1536 0.2265
871 1537 0.2265
871 1538 0.3415
871 1540 0.3323
871 1542 0.2265
871 1544 0.2456
871 1547 0.2265
871 1548 0.3323
871 1549 0.2265
871 1551 0.3323
871 1553 0.2265
871 1554 0.2265
871 1560 0.2265
871 1565 0.2265
871 1566 0.2265
871 1567 0.2456
871 1569 0.3323
871 1572 0.2265
871 1575 0.2265
871 1578 0.2265
871 1582 0.2265
871 1583 0.3323
871 1585 0.2456
871 1591 0.2265
871 1593 0.2265
871 1594 0.2265
871 1595 0.2265
871 1597 0.2265
871 1598 0.2265
871 1599 0.2265
871 1601 0.2456
871 1603 0.2265
871 1605 0.2456
871 1606 0.3415
871 1608 0.5014
871 1612 0.2265
871 1613 0.2265
871 1618 0.3323
871 1619 0.2265
871 1621 0.3323
871 1622 0.7040
871 1623 0.2265
871 1624 0.3323
871 1630 0.2265
871 1631 0.2265
871 1637 0.2265
871 1640 0.2265
871 1644 0.2265
871 1645 0.2265
871 1646 0.2265
871 1654 0.2265
871 1655 0.2265
871 1656 0.2265
871 1659 0.3323
871 1660 0.3323
871 1661 0.2265
871 1663 0.2265
871 1664 0.2265
871 1665 0.2265
871 1667 0.3323
871 1668 0.2265
871 1671 0.2265
871 1675 0.3323
871 1677 0.2265
871 1678 0.2265
871 1679 0.3323
871 1680 0.2456
871 1681 0.2265
871 1682 0.2265
871 1686 0.2265
871 1687 0.2265
871 1688 0.3323
871 1689 0.8845
871 1690 0.2265
871 1691 0.3415
871 1692 0.2715
871 1693 0.2456
871 1694 0.2265
871 1696 0.2265
871 1699 0.2265
871 1700 0.2265
871 1701 0.2265
871 1702 0.2265
871 1704 0.2265
871 1705 0.2265
871 1706 0.2265
871 1707 0.2265
871 1710 0.2265
871 1711 0.2265
871 1712 0.9733
871 1713 0.2265
871 1714 0.2265
871 1717 0.9625
871 1718 0.2265
871 1719 0.3323
871 1721 0.2265
871 1724 0.2265
871 1728 0.2265
871 1729 0.2265
872 876 0.9677
872 880 0.9799
872 882 0.9729
872 883 0.9729
872 884 0.9729
872 885 0.9729
872 886 0.9706
872 887 0.9726
872 889 0.9677
872 890 0.9729
872 891 0.9828
872 893 0.9677
872 894 0.9677
872 895 0.9729
872 896 0.9677
872 898 0.9677
872 899 0.9729
872 900 0.9677
872 901 0.9753
872 903 0.9756
872 905 0.9677
872 907 0.9756
872 908 0.9711
872 909 0.9756
872 910 0.9677
872 911 0.9753
872 914 0.9726
872 915 0.9785
872 917 0.9677
872 918 0.9753
872 919 0.9677
872 920 0.9677
872 921 0.9677
872 922 0.9753
872 924 0.9753
872 928 0.9677
872 929 0.9685
872 933 0.9677
872 935 0.9784
872 936 0.9753
872 938 0.9677
872 940 0.9677
872 941 0.9753
872 942 0.9706
872 943 0.9677
872 948 0.9677
872 950 0.9744
872 951 0.9677
872 952 0.9750
872 953 0.9799
872 954 0.9677
872 955 0.9677
872 956 0.9677
872 960 0.9828
872 961 0.9753
872 962 0.9677
872 963 0.9677
872 964 0.9776
872 965 0.9677
872 967 0.9677
872 968 0.9830
872 969 0.9677
872 971 0.9677
872 972 0.9677
872 974 0.9818
872 976 0.9677
872 977 0.9677
872 979 0.9825
872 980 0.9677
872 981 0.9677
872 985 0.9677
872 989 0.9767
872 990 0.9799
872 993 0.9822
872 994 0.9818
872 995 0.9817
872 999 0.9677
872 1000 0.9685
872 1001 0.9677
872 1002 0.9753
872 1003 0.9756
872 1004 0.9801
872 1006 0.9677
872 1007 0.9808
872 1010 0.9677
872 1013 0.9677
872 1014 0.9756
872 1015 0.9769
872 1017 0.9677
872 1020 0.9753
872 1023 0.9767
872 1024 0.9706
872 1026 0.9677
872 1027 0.9706
872 1029 0.9753
872 1030 0.9756
872 1033 0.9677
872 1034 0.9677
872 1035 0.9677
872 1036 0.9677
872 1038 0.9677
872 1039 0.9753
872 1042 0.9753
872 1043 0.9753
872 1044 0.9677
872 1045 0.9753
872 1046 0.9677
872 1047 0.9753
872 1048 0.9753
872 1049 0.9677
872 1050 0.9726
872 1051 0.9677
872 1052 0.9677
872 1053 0.9677
872 1054 0.9677
872 1055 0.9677
872 1057 0.9756
872 1060 0.9756
872 1061 0.9767
872 1063 0.9677
872 1066 0.9677
872 1067 0.9753
872 1068 0.9677
872 1069 0.9677
872 1070 0.9677
872 1071 0.9677
872 1072 0.9677
872 1073 0.9677
872 1078 0.9677
872 1079 0.9756
872 1080 0.9753
872 1081 0.9677
872 1082 0.9677
872 1083 0.9821
872 1084 0.9677
872 1085 0.9677
872 1087 0.9729
872 1089 0.9677
872 1090 0.9677
872 1094 0.9677
872 1095 0.9677
872 1096 0.9677
872 1099 0.9810
872 1103 0.9782
872 1104 0.9782
872 1105 0.9756
872 1106 0.9753
872 1107 0.9756
872 1108 0.9677
872 1109 0.9753
872 1111 0.9677
872 1113 0.9753
872 1115 0.9677
872 1118 0.9753
872 1119 0.9753
872 1120 0.9677
872 1121 0.9706
872 1122 0.9677
872 1125 0.9677
872 1126 0.9677
872 1127 0.9677
872 1128 0.9756
872 1129 0.9677
872 1132 0.9677
872 1133 0.9677
872 1135 0.9827
872 1138 0.9677
872 1142 0.9677
872 1143 0.9753
872 1146 0.9706
872 1147 0.9677
872 1148 0.9677
872 1150 0.9802
872 1151 0.9753
872 1152 0.9756
872 1153 0.9756
872 1154 0.9796
872 1155 0.9729
872 1156 0.9677
872 1157 0.9677
872 1159 0.9729
872 1161 0.9677
872 1163 0.9834
872 1165 0.9753
872 1167 0.9753
872 1169 0.9753
872 1173 0.9677
872 1174 0.9677
872 1177 0.9729
872 1180 0.9726
872 1181 0.9776
872 1182 0.9677
872 1185 0.9677
872 1187 0.9677
872 1191 0.9753
872 1192 0.9677
872 1193 0.9781
872 1194 0.9677
872 1195 0.9756
872 1196 0.9753
872 1197 0.9677
872 1199 0.9677
872 1200 0.9677
872 1201 0.9677
872 1202 0.9756
872 1204 0.9677
872 1205 0.9767
872 1207 0.9729
872 1208 0.9677
872 1209 0.9677
872 1211 0.9753
872 1213 0.9729
872 1217 0.9677
872 1218 0.9753
872 1222 0.9677
872 1225 0.9796
872 1226 0.9753
872 1227 0.9677
872 1228 0.9677
872 1229 0.9799
872 1230 0.9677
872 1231 0.9706
872 1235 0.9753
872 1236 0.9677
872 1237 0.9677
872 1238 0.9729
872 1240 0.9756
872 1242 0.9756
872 1243 0.9679
872 1245 0.9677
872 1246 0.9677
872 1247 0.9708
872 1250 0.9753
872 1252 0.9677
872 1255 0.9677
872 1256 0.9677
872 1258 0.9753
872 1259 0.9753
872 1260 0.9753
872 1262 0.9677
872 1263 0.9677
872 1265 0.9677
872 1266 0.9677
872 1268 0.9808
872 1269 0.9740
872 1270 0.9753
872 1271 0.9767
872 1273 0.9677
872 1274 0.9677
872 1275 0.9756
872 1276 0.9753
872 1278 0.9706
872 1279 0.9677
872 1280 0.9753
872 1281 0.9677
872 1282 0.9706
872 1283 0.9677
872 1284 0.9677
872 1286 0.9677
872 1287 0.9756
872 1288 0.9729
872 1289 0.9677
872 1292 0.9817
872 1293 0.9677
872 1297 0.9677
872 1298 0.9756
872 1301 0.9677
872 1303 0.9753
872 1304 0.9677
872 1305 0.9677
872 1307 0.9753
872 1308 0.9677
872 1311 0.9677
872 1316 0.9813
872 1318 0.9677
872 1320 0.9677
872 1322 0.9677
872 1323 0.9677
872 1328 0.9677
872 1329 0.9753
872 1330 0.9677
872 1331 0.9677
872 1334 0.9679
872 1335 0.9677
872 1337 0.9677
872 1342 0.9798
872 1343 0.9677
872 1344 0.9677
872 1346 0.9729
872 1349 0.9677
872 1350 0.9677
872 1354 0.9677
872 1356 0.9677
872 1358 0.9677
872 1360 0.9677
872 1361 0.9679
872 1363 0.9677
872 1365 0.9729
872 1366 0.9677
872 1367 0.9708
872 1368 0.9677
872 1369 0.9756
872 1370 0.9677
872 1371 0.9677
872 1374 0.9677
872 1377 0.9677
872 1378 0.9767
872 1379 0.9729
872 1381 0.9677
872 1382 0.9677
872 1383 0.9729
872 1386 0.9753
872 1387 0.9753
872 1388 0.9753
872 1389 0.9677
872 1390 0.9677
872 1394 0.9677
872 1397 0.9785
872 1398 0.9753
872 1399 0.9677
872 1401 0.9677
872 1402 0.9677
872 1405 0.9753
872 1407 0.9753
872 1408 0.9677
872 1410 0.9729
872 1412 0.9729
872 1413 0.9677
872 1414 0.9677
872 1415 0.9677
872 1416 0.9677
872 1418 0.9677
872 1419 0.9753
872 1422 0.9677
872 1423 0.9677
872 1424 0.9677
872 1425 0.9677
872 1426 0.9818
872 1428 0.9753
872 1430 0.9679
872 1431 0.9677
872 1434 0.9819
872 1435 0.9806
872 1437 0.9677
872 1439 0.9677
872 1440 0.9821
872 1445 0.9753
872 1448 0.9677
872 1449 0.9677
872 1451 0.9677
872 1452 0.9677
872 1455 0.9753
872 1457 0.9753
872 1458 0.9753
872 1461 0.9677
872 1462 0.9677
872 1464 0.9677
872 1465 0.9677
872 1466 0.9677
872 1472 0.9753
872 1473 0.9677
872 1476 0.9677
872 1480 0.9729
872 1484 0.9753
872 1485 0.9706
872 1492 0.9677
872 1493 0.9729
872 1494 0.9706
872 1500 0.9677
872 1501 0.9677
872 1504 0.9753
872 1507 0.9677
872 1510 0.9753
872 1511 0.9677
872 1512 0.9677
872 1516 0.9677
872 1517 0.9753
872 1518 0.9753
872 1519 0.9777
872 1520 0.9815
872 1526 0.9753
872 1527 0.9753
872 1528 0.9677
872 1529 0.9677
872 1530 0.9796
872 1532 0.9753
872 1534 0.9677
872 1535 0.9677
872 1536 0.9677
872 1537 0.9677
872 1538 0.9756
872 1540 0.9753
872 1542 0.9677
872 1544 0.9729
872 1547 0.9677
872 1548 0.9753
872 1549 0.9677
872 1551 0.9753
872 1553 0.9677
872 1554 0.9677
872 1560 0.9677
872 1565 0.9677
872 1566 0.9677
872 1567 0.9729
872 1569 0.9688
872 1572 0.9677
872 1575 0.9677
872 1578 0.9677
872 1582 0.9677
872 1583 0.9753
872 1585 0.9729
872 1591 0.9677
872 1593 0.9677
872 1594 0.9677
872 1595 0.9708
872 1597 0.9677
872 1598 0.9677
872 1599 0.9685
872 1601 0.9729
872 1603 0.9677
872 1605 0.9729
872 1606 0.9791
872 1608 0.9799
872 1612 0.9677
872 1613 0.9677
872 1618 0.9753
872 1619 0.9708
872 1621 0.9776
872 1622 0.9844
872 1623 0.9677
872 1624 0.9711
872 1630 0.9677
872 1631 0.9677
872 1637 0.9677
872 1640 0.9677
872 1644 0.9677
872 1645 0.9677
872 1646 0.9677
872 1654 0.9677
872 1655 0.9677
872 1656 0.9677
872 1659 0.9753
872 1660 0.9753
872 1661 0.9677
872 1663 0.9677
872 1664 0.9677
872 1665 0.9677
872 1667 0.9753
872 1668 0.9677
872 1671 0.9677
872 1675 0.9753
872 1677 0.9677
872 1678 0.9677
872 1679 0.9753
872 1680 0.9729
872 1681 0.9677
872 1682 0.9677
872 1686 0.9677
872 1687 0.9677
872 1688 0.9753
872 1689 0.9809
872 1690 0.9677
872 1691 0.9756
872 1692 0.9726
872 1693 0.9729
872 1694 0.9677
872 1696 0.9677
872 1699 0.9677
872 1700 0.9677
872 1701 0.9677
872 1702 0.9679
872 1704 0.9706
872 1705 0.9677
872 1706 0.9677
872 1707 0.9677
872 1710 0.9677
872 1711 0.9677
872 1712 0.9807
872 1713 0.9677
872 1714 0.9677
872 1717 0.9809
872 1718 0.9677
872 1719 0.9753
872 1721 0.9706
872 1724 0.9677
872 1728 0.9677
872 1729 0.9677
876 880 0.5014
876 882 0.2456
876 883 0.2456
876 884 0.2456
876 885 0.2456
876 886 0.2265
876 887 0.2715
876 889 0.2265
876 890 0.2456
876 891 0.7040
876 893 0.2265
876 894 0.2265
876 895 0.2456
876 896 0.2265
876 898 0.2265
876 899 0.2456
876 900 0.2265
876 901 0.3323
876 903 0.3415
876 905 0.2265
876 907 0.3415
876 908 0.3323
876 909 0.3415
876 910 0.2265
876 911 0.3323
876 914 0.2715
876 915 0.3323
876 917 0.2265
876 918 0.3323
876 919 0.2265
876 920 0.2265
876 921 0.2265
876 922 0.3323
876 924 0.3323
876 928 0.2265
876 929 0.2265
876 933 0.2265
876 935 0.4193
876 936 0.3323
876 938 0.2265
876 940 0.2265
876 941 0.3323
876 942 0.2265
876 943 0.2265
876 948 0.2265
876 950 0.2965
876 951 0.2265
876 952 0.3415
876 953 0.5014
876 954 0.2265
876 955 0.2265
876 956 0.2265
876 960 0.7040
876 961 0.3323
876 962 0.2265
876 963 0.2265
876 964 0.3323
876 965 0.2265
876 967 0.2265
876 968 0.6858
876 969 0.2265
876 971 0.2265
876 972 0.2265
876 974 0.8969
876 976 0.2265
876 977 0.2265
876 979 0.7040
876 980 0.2265
876 981 0.2265
876 985 0.2265
876 989 0.3323
876 990 0.5014
876 993 0.6524
876 994 0.8422
876 995 0.7504
876 999 0.2265
876 1000 0.2265
876 1001 0.2265
876 1002 0.3323
876 1003 0.3415
876 1004 0.6740
876 1006 0.2265
876 1007 0.7480
876 1010 0.2265
876 1013 0.2265
876 1014 0.3415
876 1015 0.3415
876 1017 0.2265
876 1020 0.3323
876 1023 0.3323
876 1024 0.2265
876 1026 0.2265
876 1027 0.2265
876 1029 0.3323
876 1030 0.3415
876 1033 0.2265
876 1034 0.2265
876 1035 0.2265
876 1036 0.2265
876 1038 0.2265
876 1039 0.3323
876 1042 0.3323
876 1043 0.3323
876 1044 0.2265
876 1045 0.3323
876 1046 0.2265
876 1047 0.3323
876 1048 0.3323
876 1049 0.2265
876 1050 0.2715
876 1051 0.2265
876 1052 0.2265
876 1053 0.2265
876 1054 0.2265
876 1055 0.2265
876 1057 0.3415
876 1060 0.3415
876 1061 0.3323
876 1063 0.2265
876 1066 0.2265
876 1067 0.3323
876 1068 0.2265
876 1069 0.2265
876 1070 0.2265
876 1071 0.2265
876 1072 0.2265
876 1073 0.2265
876 1078 0.2265
876 1079 0.3415
876 1080 0.3323
876 1081 0.2265
876 1082 0.2265
876 1083 0.6858
876 1084 0.2265
876 1085 0.2265
876 1087 0.2456
876 1089 0.2265
876 1090 0.2265
876 1094 0.2265
876 1095 0.2265
876 1096 0.2265
876 1099 0.9499
876 1103 0.3415
876 1104 0.5014
876 1105 0.3415
876 1106 0.3323
876 1107 0.3415
876 1108 0.2265
876 1109 0.3323
876 1111 0.2265
876 1113 0.3323
876 1115 0.2265
876 1118 0.3323
876 1119 0.3323
876 1120 0.2265
876 1121 0.2265
876 1122 0.2265
876 1125 0.2265
876 1126 0.2265
876 1127 0.2265
876 1128 0.3415
876 1129 0.2265
876 1132 0.2265
876 1133 0.2265
876 1135 0.7700
876 1138 0.2265
876 1142 0.2265
876 1143 0.3323
876 1146 0.2265
876 1147 0.2265
876 1148 0.2265
876 1150 0.6858
876 1151 0.3323
876 1152 0.3415
876 1153 0.3415
876 1154 0.5295
876 1155 0.2456
876 1156 0.2265
876 1157 0.2265
876 1159 0.2456
876 1161 0.2265
876 1163 0.7618
876 1165 0.3323
876 1167 0.3323
876 1169 0.3323
876 1173 0.2265
876 1174 0.2265
876 1177 0.2456
876 1180 0.2715
876 1181 0.3323
876 1182 0.2265
876 1185 0.2265
876 1187 0.2265
876 1191 0.3323
876 1192 0.2265
876 1193 0.4208
876 1194 0.2265
876 1195 0.3415
876 1196 0.3323
876 1197 0.2265
876 1199 0.2265
876 1200 0.2265
876 1201 0.2265
876 1202 0.3415
876 1204 0.2265
876 1205 0.3323
876 1207 0.2456
876 1208 0.2265
876 1209 0.2265
876 1211 0.3415
876 1213 0.2456
876 1217 0.2265
876 1218 0.3323
876 1222 0.2265
876 1225 0.5295
876 1226 0.3323
876 1227 0.2265
876 1228 0.2265
876 1229 0.5014
876 1230 0.2265
876 1231 0.2265
876 1235 0.3323
876 1236 0.2265
876 1237 0.2265
876 1238 0.2456
876 1240 0.3415
876 1242 0.3415
876 1243 0.2265
876 1245 0.2265
876 1246 0.2265
876 1247 0.2265
876 1250 0.3323
876 1252 0.2265
876 1255 0.2265
876 1256 0.2265
876 1258 0.3323
876 1259 0.3323
876 1260 0.3323
876 1262 0.2265
876 1263 0.2265
876 1265 0.2265
876 1266 0.2265
876 1268 0.5014
876 1269 0.2965
876 1270 0.3323
876 1271 0.3323
876 1273 0.2265
876 1274 0.2265
876 1275 0.3415
876 1276 0.3323
876 1278 0.2265
876 1279 0.2265
876 1280 0.3323
876 1281 0.2265
876 1282 0.2265
876 1283 0.2265
876 1284 0.2265
876 1286 0.2265
876 1287 0.3415
876 1288 0.2456
876 1289 0.2265
876 1292 0.7808
876 1293 0.2265
876 1297 0.2265
876 1298 0.3415
876 1301 0.2265
876 1303 0.3323
876 1304 0.2265
876 1305 0.2265
876 1307 0.3323
876 1308 0.2265
876 1311 0.2265
876 1316 0.9596
876 1318 0.2265
876 1320 0.2265
876 1322 0.2265
876 1323 0.2265
876 1328 0.2265
876 1329 0.3323
876 1330 0.2265
876 1331 0.2265
876 1334 0.2265
876 1335 0.2265
876 1337 0.2265
876 1342 0.5295
876 1343 0.2265
876 1344 0.2265
876 1346 0.2456
876 1349 0.2265
876 1350 0.2265
876 1354 0.2265
876 1356 0.2265
876 1358 0.2265
876 1360 0.2265
876 1361 0.2265
876 1363 0.2265
876 1365 0.2456
876 1366 0.2265
876 1367 0.2265
876 1368 0.2265
876 1369 0.3415
876 1370 0.2265
876 1371 0.2265
876 1374 0.2265
876 1377 0.2265
876 1378 0.3323
876 1379 0.2456
876 1381 0.2265
876 1382 0.2265
876 1383 0.2456
876 1386 0.3323
876 1387 0.3323
876 1388 0.3323
876 1389 0.2265
876 1390 0.2265
876 1394 0.2265
876 1397 0.3890
876 1398 0.3323
876 1399 0.2265
876 1401 0.2265
876 1402 0.2265
876 1405 0.3323
876 1407 0.3323
876 1408 0.2265
876 1410 0.2456
876 1412 0.2456
876 1413 0.2265
876 1414 0.2265
876 1415 0.2265
876 1416 0.2265
876 1418 0.2265
876 1419 0.3323
876 1422 0.2265
876 1423 0.2265
876 1424 0.2265
876 1425 0.2265
876 1426 0.5295
876 1428 0.3323
876 1430 0.2265
876 1431 0.2265
876 1434 0.9273
876 1435 0.6259
876 1437 0.2265
876 1439 0.2265
876 1440 0.6858
876 1445 0.3323
876 1448 0.2265
876 1449 0.2265
876 1451 0.2265
876 1452 0.2265
876 1455 0.3323
876 1457 0.3323
876 1458 0.3323
876 1461 0.2265
876 1462 0.2265
876 1464 0.2265
876 1465 0.2265
876 1466 0.2265
876 1472 0.3323
876 1473 0.2265
876 1476 0.2265
876 1480 0.2456
876 1484 0.3323
876 1485 0.2265
876 1492 0.2265
876 1493 0.2456
876 1494 0.2265
876 1500 0.2265
876 1501 0.2265
876 1504 0.3323
876 1507 0.2265
876 1510 0.3323
876 1511 0.2265
876 1512 0.2265
876 1516 0.2265
876 1517 0.3323
876 1518 0.3323
876 1519 0.4208
876 1520 0.8364
876 1526 0.3323
876 1527 0.3323
876 1528 0.2265
876 1529 0.2265
876 1530 0.5295
876 1532 0.3323
876 1534 0.2265
876 1535 0.2265
876 1536 0.2265
876 1537 0.2265
876 1538 0.3415
876 1540 0.3323
876 1542 0.2265
876 1544 0.2456
876 1547 0.2265
876 1548 0.3323
876 1549 0.2265
876 1551 0.3323
876 1553 0.2265
876 1554 0.2265
876 1560 0.2265
876 1565 0.2265
876 1566 0.2265
876 1567 0.2456
876 1569 0.3323
876 1572 0.2265
876 1575 0.2265
876 1578 0.2265
876 1582 0.2265
876 1583 0.3323
876 1585 0.2456
876 1591 0.2265
876 1593 0.2265
876 1594 0.2265
876 1595 0.2265
876 1597 0.2265
876 1598 0.2265
876 1599 0.2265
876 1601 0.2456
876 1603 0.2265
876 1605 0.2456
876 1606 0.3415
876 1608 0.5014
876 1612 0.2265
876 1613 0.2265
876 1618 0.3323
876 1619 0.2265
876 1621 0.3323
876 1622 0.7040
876 1623 0.2265
876 1624 0.3323
876 1630 0.2265
876 1631 0.2265
876 1637 0.2265
876 1640 0.2265
876 1644 0.2265
876 1645 0.2265
876 1646 0.2265
876 1654 0.2265
876 1655 0.2265
876 1656 0.2265
876 1659 0.3323
876 1660 0.3323
876 1661 0.2265
876 1663 0.2265
876 1664 0.2265
876 1665 0.2265
876 1667 0.3323
876 1668 0.2265
876 1671 0.2265
876 1675 0.3323
876 1677 0.2265
876 1678 0.2265
876 1679 0.3323
876 1680 0.2456
876 1681 0.2265
876 1682 0.2265
876 1686 0.2265
876 1687 0.2265
876 1688 0.3323
876 1689 0.8845
876 1690 0.2265
876 1691 0.3415
876 1692 0.2715
876 1693 0.2456
876 1694 0.2265
876 1696 0.2265
876 1699 0.2265
876 1700 0.2265
876 1701 0.2265
876 1702 0.2265
876 1704 0.2265
876 1705 0.2265
876 1706 0.2265
876 1707 0.2265
876 1710 0.2265
876 1711 0.2265
876 1712 0.9733
876 1713 0.2265
876 1714 0.2265
876 1717 0.9625
876 1718 0.2265
876 1719 0.3323
876 1721 0.2265
876 1724 0.2265
876 1728 0.2265
876 1729 0.2265
880 882 0.4019
880 883 0.4019
880 884 0.4019
880 885 0.4019
880 886 0.5014
880 887 0.4867
880 889 0.5014
880 890 0.4019
880 891 0.8096
880 893 0.5014
880 894 0.5014
880 895 0.4019
880 896 0.5014
880 898 0.5014
880 899 0.4019
880 900 0.5014
880 901 0.5325
880 903 0.6908
880 905 0.5014
880 907 0.6908
880 908 0.5325
880 909 0.6908
880 910 0.5014
880 911 0.5325
880 914 0.4867
880 915 0.5325
880 917 0.5014
880 918 0.5325
880 919 0.5014
880 920 0.5014
880 921 0.5014
880 922 0.5325
880 924 0.5325
880 928 0.5014
880 929 0.5014
880 933 0.5014
880 935 0.7188
880 936 0.5325
880 938 0.5014
880 940 0.5014
880 941 0.5325
880 942 0.5014
880 943 0.5014
880 948 0.5014
880 950 0.6330
880 951 0.5014
880 952 0.6908
880 953 0.6981
880 954 0.5014
880 955 0.5014
880 956 0.5014
880 960 0.8096
880 961 0.5325
880 962 0.5014
880 963 0.5014
880 964 0.5325
880 965 0.5014
880 967 0.5014
880 968 0.7710
880 969 0.5014
880 971 0.5589
880 972 0.5014
880 974 0.9254
880 976 0.5014
880 977 0.5014
880 979 0.8119
880 980 0.5014
880 981 0.5014
880 985 0.5014
880 989 0.5325
880 990 0.6981
880 993 0.7570
880 994 0.8912
880 995 0.8302
880 999 0.5014
880 1000 0.5014
880 1001 0.5014
880 1002 0.5325
880 1003 0.7050
880 1004 0.7997
880 1006 0.5014
880 1007 0.8068
880 1010 0.5014
880 1013 0.5014
880 1014 0.6908
880 1015 0.6908
880 1017 0.5014
880 1020 0.5325
880 1023 0.5325
880 1024 0.5014
880 1026 0.5014
880 1027 0.5014
880 1029 0.5325
880 1030 0.6908
880 1033 0.5014
880 1034 0.5014
880 1035 0.5197
880 1036 0.5014
880 1038 0.5014
880 1039 0.5325
880 1042 0.5325
880 1043 0.5325
880 1044 0.5014
880 1045 0.5325
880 1046 0.5589
880 1047 0.5325
880 1048 0.5325
880 1049 0.5014
880 1050 0.4867
880 1051 0.5014
880 1052 0.5014
880 1053 0.5014
880 1054 0.5014
880 1055 0.5014
880 1057 0.6908
880 1060 0.6908
880 1061 0.5325
880 1063 0.5014
880 1066 0.5014
880 1067 0.5325
880 1068 0.5014
880 1069 0.5014
880 1070 0.5014
880 1071 0.5014
880 1072 0.5014
880 1073 0.5014
880 1078 0.5589
880 1079 0.6908
880 1080 0.5325
880 1081 0.5014
880 1082 0.5014
880 1083 0.7783
880 1084 0.5014
880 1085 0.5014
880 1087 0.4019
880 1089 0.5014
880 1090 0.5014
880 1094 0.5014
880 1095 0.5014
880 1096 0.5014
880 1099 0.9688
880 1103 0.6908
880 1104 0.6981
880 1105 0.6908
880 1106 0.5325
880 1107 0.6908
880 1108 0.5014
880 1109 0.5325
880 1111 0.5014
880 1113 0.5325
880 1115 0.5014
880 1118 0.5325
880 1119 0.5325
880 1120 0.5014
880 1121 0.5014
880 1122 0.5014
880 1125 0.5014
880 1126 0.5014
880 1127 0.5014
880 1128 0.6908
880 1129 0.5014
880 1132 0.5014
880 1133 0.5014
880 1135 0.8228
880 1138 0.5014
880 1142 0.5014
880 1143 0.5325
880 1146 0.5014
880 1147 0.5014
880 1148 0.5014
880 1150 0.7710
880 1151 0.5230
880 1152 0.6908
880 1153 0.6908
880 1154 0.7553
880 1155 0.4019
880 1156 0.5014
880 1157 0.5014
880 1159 0.4019
880 1161 0.5014
880 1163 0.8165
880 1165 0.5325
880 1167 0.5325
880 1169 0.5325
880 1173 0.5014
880 1174 0.5014
880 1177 0.4019
880 1180 0.4867
880 1181 0.5325
880 1182 0.5014
880 1185 0.5014
880 1187 0.5014
880 1191 0.5325
880 1192 0.5014
880 1193 0.6780
880 1194 0.5014
880 1195 0.6908
880 1196 0.5325
880 1197 0.5014
880 1199 0.5014
880 1200 0.5014
880 1201 0.5014
880 1202 0.6908
880 1204 0.5014
880 1205 0.5325
880 1207 0.4019
880 1208 0.5014
880 1209 0.5014
880 1211 0.6908
880 1213 0.4019
880 1217 0.5014
880 1218 0.5325
880 1222 0.5014
880 1225 0.7553
880 1226 0.5325
880 1227 0.5014
880 1228 0.5014
880 1229 0.6981
880 1230 0.5014
880 1231 0.5014
880 1235 0.5325
880 1236 0.5014
880 1237 0.5014
880 1238 0.4019
880 1240 0.6908
880 1242 0.6908
880 1243 0.5014
880 1245 0.5014
880 1246 0.5014
880 1247 0.5014
880 1250 0.5325
880 1252 0.5014
880 1255 0.5014
880 1256 0.5014
880 1258 0.5325
880 1259 0.5325
880 1260 0.5325
880 1262 0.5014
880 1263 0.5014
880 1265 0.5014
880 1266 0.5014
880 1268 0.6981
880 1269 0.6330
880 1270 0.5325
880 1271 0.5325
880 1273 0.5014
880 1274 0.5014
880 1275 0.6908
880 1276 0.5325
880 1278 0.5014
880 1279 0.5014
880 1280 0.5325
880 1281 0.5014
880 1282 0.5014
880 1283 0.5014
880 1284 0.5014
880 1286 0.5589
880 1287 0.6908
880 1288 0.4019
880 1289 0.5014
880 1292 0.8322
880 1293 0.5014
880 1297 0.5014
880 1298 0.6908
880 1301 0.5014
880 1303 0.5325
880 1304 0.5014
880 1305 0.5014
880 1307 0.5325
880 1308 0.5589
880 1311 0.5014
880 1316 0.9782
880 1318 0.5014
880 1320 0.5014
880 1322 0.5014
880 1323 0.5014
880 1328 0.5014
880 1329 0.5325
880 1330 0.5014
880 1331 0.5014
880 1334 0.5014
880 1335 0.5014
880 1337 0.5014
880 1342 0.7553
880 1343 0.5014
880 1344 0.5014
880 1346 0.4019
880 1349 0.5014
880 1350 0.5014
880 1354 0.5014
880 1356 0.5014
880 1358 0.5014
880 1360 0.5014
880 1361 0.5014
880 1363 0.5014
880 1365 0.4019
880 1366 0.5014
880 1367 0.5014
880 1368 0.5014
880 1369 0.6908
880 1370 0.5014
880 1371 0.5014
880 1374 0.5014
880 1377 0.5014
880 1378 0.5325
880 1379 0.4019
880 1381 0.5014
880 1382 0.5014
880 1383 0.4019
880 1386 0.5325
880 1387 0.5325
880 1388 0.5325
880 1389 0.5014
880 1390 0.5014
880 1394 0.5014
880 1397 0.6294
880 1398 0.5325
880 1399 0.5014
880 1401 0.5014
880 1402 0.5014
880 1405 0.5325
880 1407 0.5325
880 1408 0.5014
880 1410 0.4019
880 1412 0.4019
880 1413 0.5014
880 1414 0.5014
880 1415 0.5014
880 1416 0.5014
880 1418 0.5014
880 1419 0.5325
880 1422 0.5014
880 1423 0.5014
880 1424 0.5014
880 1425 0.5014
880 1426 0.7553
880 1428 0.5325
880 1430 0.5014
880 1431 0.5014
880 1434 0.9584
880 1435 0.7903
880 1437 0.5014
880 1439 0.5014
880 1440 0.7710
880 1445 0.5325
880 1448 0.5014
880 1449 0.5014
880 1451 0.5014
880 1452 0.5014
880 1455 0.5325
880 1457 0.5325
880 1458 0.5325
880 1461 0.5014
880 1462 0.5014
880 1464 0.3518
880 1465 0.5014
880 1466 0.5197
880 1472 0.5562
880 1473 0.5014
880 1476 0.5014
880 1480 0.4019
880 1484 0.5325
880 1485 0.5014
880 1492 0.5014
880 1493 0.4019
880 1494 0.5014
880 1500 0.5589
880 1501 0.3518
880 1504 0.5325
880 1507 0.5014
880 1510 0.5325
880 1511 0.5014
880 1512 0.5014
880 1516 0.5014
880 1517 0.5325
880 1518 0.5325
880 1519 0.6780
880 1520 0.8743
880 1526 0.5325
880 1527 0.5325
880 1528 0.5014
880 1529 0.5014
880 1530 0.7553
880 1532 0.5325
880 1534 0.5014
880 1535 0.5014
880 1536 0.5014
880 1537 0.5014
880 1538 0.6908
880 1540 0.5325
880 1542 0.5014
880 1544 0.4019
880 1547 0.5014
880 1548 0.5325
880 1549 0.5014
880 1551 0.5562
880 1553 0.5014
880 1554 0.5014
880 1560 0.5014
880 1565 0.5014
880 1566 0.5014
880 1567 0.4019
880 1569 0.5325
880 1572 0.5014
880 1575 0.5014
880 1578 0.5014
880 1582 0.5014
880 1583 0.5325
880 1585 0.4019
880 1591 0.5014
880 1593 0.5014
880 1594 0.5014
880 1595 0.5014
880 1597 0.5014
880 1598 0.5014
880 1599 0.5014
880 1601 0.4019
880 1603 0.5014
880 1605 0.4019
880 1606 0.6908
880 1608 0.6981
880 1612 0.5014
880 1613 0.5014
880 1618 0.5230
880 1619 0.5014
880 1621 0.5325
880 1622 0.8096
880 1623 0.5014
880 1624 0.5325
880 1630 0.5014
880 1631 0.5014
880 1637 0.5014
880 1640 0.5014
880 1644 0.5014
880 1645 0.5014
880 1646 0.5014
880 1654 0.5014
880 1655 0.5014
880 1656 0.5014
880 1659 0.5325
880 1660 0.5325
880 1661 0.5014
880 1663 0.5014
880 1664 0.5014
880 1665 0.5014
880 1667 0.5325
880 1668 0.5014
880 1671 0.5014
880 1675 0.5325
880 1677 0.5014
880 1678 0.5014
880 1679 0.5325
880 1680 0.4019
880 1681 0.5014
880 1682 0.5014
880 1686 0.5014
880 1687 0.5014
880 1688 0.5325
880 1689 0.9331
880 1690 0.5014
880 1691 0.6908
880 1692 0.4867
880 1693 0.4019
880 1694 0.5014
880 1696 0.5014
880 1699 0.5014
880 1700 0.5014
880 1701 0.5014
880 1702 0.5014
880 1704 0.5014
880 1705 0.5014
880 1706 0.5014
880 1707 0.5014
880 1710 0.5014
880 1711 0.5014
880 1712 0.9781
880 1713 0.5014
880 1714 0.5014
880 1717 0.9735
880 1718 0.5014
880 1719 0.5325
880 1721 0.5014
880 1724 0.5014
880 1728 0.5014
880 1729 0.5014
882 883 0.2150
882 884 0.2150
882 885 0.2150
882 886 0.2456
882 887 0.2375
882 889 0.2456
882 890 0.2150
882 891 0.7280
882 893 0.2456
882 894 0.2456
882 895 0.2150
882 896 0.2456
882 898 0.2456
882 899 0.2150
882 900 0.2456
882 901 0.2496
882 903 0.3883
882 905 0.2456
882 907 0.3883
882 908 0.2496
882 909 0.3883
882 910 0.2456
882 911 0.2496
882 914 0.2375
882 915 0.2496
882 917 0.2456
882 918 0.2496
882 919 0.2456
882 920 0.2456
882 921 0.2456
882 922 0.2496
882 924 0.2496
882 928 0.2456
882 929 0.2456
882 933 0.2456
882 935 0.4626
882 936 0.2496
882 938 0.2456
882 940 0.2456
882 941 0.2496
882 942 0.2456
882 943 0.2456
882 948 0.2456
882 950 0.3244
882 951 0.2456
882 952 0.3883
882 953 0.4019
882 954 0.2456
882 955 0.2456
882 956 0.2456
882 960 0.7280
882 961 0.2496
882 962 0.2456
882 963 0.2456
882 964 0.2496
882 965 0.2456
882 967 0.2456
882 968 0.5924
882 969 0.2456
882 971 0.2456
882 972 0.2456
882 974 0.8986
882 976 0.2456
882 977 0.2456
882 979 0.7280
882 980 0.2456
882 981 0.2456
882 985 0.2456
882 989 0.2496
882 990 0.4019
882 993 0.5443
882 994 0.8610
882 995 0.7584
882 999 0.2456
882 1000 0.2456
882 1001 0.2456
882 1002 0.2496
882 1003 0.3883
882 1004 0.7001
882 1006 0.2456
882 1007 0.7191
882 1010 0.2456
882 1013 0.2456
882 1014 0.3883
882 1015 0.3883
882 1017 0.2456
882 1020 0.2496
882 1023 0.2496
882 1024 0.2456
882 1026 0.2456
882 1027 0.2456
882 1029 0.2496
882 1030 0.3883
882 1033 0.2456
882 1034 0.2456
882 1035 0.2456
882 1036 0.2456
882 1038 0.2456
882 1039 0.2496
882 1042 0.2496
882 1043 0.2496
882 1044 0.2456
882 1045 0.2496
882 1046 0.2456
882 1047 0.2496
882 1048 0.2496
882 1049 0.2456
882 1050 0.2375
882 1051 0.2456
882 1052 0.2456
882 1053 0.2456
882 1054 0.2456
882 1055 0.2456
882 1057 0.3883
882 1060 0.3883
882 1061 0.2496
882 1063 0.2456
882 1066 0.2456
882 1067 0.2496
882 1068 0.2456
882 1069 0.2456
882 1070 0.2456
882 1071 0.2456
882 1072 0.2456
882 1073 0.2456
882 1078 0.2456
882 1079 0.3883
882 1080 0.2496
882 1081 0.2456
882 1082 0.2456
882 1083 0.5924
882 1084 0.2456
882 1085 0.2456
882 1087 0.2150
882 1089 0.2456
882 1090 0.2456
882 1094 0.2456
882 1095 0.2456
882 1096 0.2456
882 1099 0.9443
882 1103 0.3883
882 1104 0.4019
882 1105 0.3883
882 1106 0.2496
882 1107 0.3883
882 1108 0.2456
882 1109 0.2496
882 1111 0.2456
882 1113 0.2496
882 1115 0.2456
882 1118 0.2496
882 1119 0.2496
882 1120 0.2456
882 1121 0.2456
882 1122 0.2456
882 1125 0.2456
882 1126 0.2456
882 1127 0.2456
882 1128 0.3883
882 1129 0.2456
882 1132 0.2456
882 1133 0.2456
882 1135 0.7949
882 1138 0.2456
882 1142 0.2456
882 1143 0.2496
882 1146 0.2456
882 1147 0.2456
882 1148 0.2456
882 1150 0.5924
882 1151 0.2496
882 1152 0.3883
882 1153 0.3883
882 1154 0.5691
882 1155 0.2150
882 1156 0.2456
882 1157 0.2456
882 1159 0.2150
882 1161 0.2456
882 1163 0.7451
882 1165 0.2496
882 1167 0.2496
882 1169 0.2496
882 1173 0.2456
882 1174 0.2456
882 1177 0.2150
882 1180 0.2375
882 1181 0.2496
882 1182 0.2456
882 1185 0.2456
882 1187 0.2456
882 1191 0.2496
882 1192 0.2456
882 1193 0.3553
882 1194 0.2456
882 1195 0.3883
882 1196 0.2496
882 1197 0.2456
882 1199 0.2456
882 1200 0.2456
882 1201 0.2456
882 1202 0.3883
882 1204 0.2456
882 1205 0.2496
882 1207 0.2150
882 1208 0.2456
882 1209 0.2456
882 1211 0.3883
882 1213 0.2150
882 1217 0.2456
882 1218 0.2496
882 1222 0.2456
882 1225 0.5691
882 1226 0.2496
882 1227 0.2456
882 1228 0.2456
882 1229 0.4019
882 1230 0.2456
882 1231 0.2456
882 1235 0.2496
882 1236 0.2456
882 1237 0.2456
882 1238 0.2150
882 1240 0.3883
882 1242 0.3883
882 1243 0.2456
882 1245 0.2456
882 1246 0.2456
882 1247 0.2456
882 1250 0.2496
882 1252 0.2456
882 1255 0.2456
882 1256 0.2456
882 1258 0.2496
882 1259 0.2496
882 1260 0.2496
882 1262 0.2456
882 1263 0.2456
882 1265 0.2456
882 1266 0.2456
882 1268 0.4019
882 1269 0.3244
882 1270 0.2496
882 1271 0.2496
882 1273 0.2456
882 1274 0.2456
882 1275 0.3883
882 1276 0.2496
882 1278 0.2456
882 1279 0.2456
882 1280 0.2496
882 1281 0.2456
882 1282 0.2456
882 1283 0.2456
882 1284 0.2456
882 1286 0.2456
882 1287 0.3883
882 1288 0.2150
882 1289 0.2456
882 1292 0.7594
882 1293 0.2456
882 1297 0.2456
882 1298 0.3883
882 1301 0.2456
882 1303 0.2496
882 1304 0.2456
882 1305 0.2456
882 1307 0.2496
882 1308 0.2456
882 1311 0.2456
882 1316 0.9652
882 1318 0.2456
882 1320 0.2456
882 1322 0.2456
882 1323 0.2456
882 1328 0.2456
882 1329 0.2496
882 1330 0.2456
882 1331 0.2456
882 1334 0.2456
882 1335 0.2456
882 1337 0.2456
882 1342 0.5691
882 1343 0.2456
882 1344 0.2456
882 1346 0.2150
882 1349 0.2456
882 1350 0.2456
882 1354 0.2456
882 1356 0.2456
882 1358 0.2456
882 1360 0.2456
882 1361 0.2456
882 1363 0.2456
882 1365 0.2150
882 1366 0.2456
882 1367 0.2456
882 1368 0.2456
882 1369 0.3883
882 1370 0.2456
882 1371 0.2456
882 1374 0.2456
882 1377 0.2456
882 1378 0.2496
882 1379 0.2150
882 1381 0.2456
882 1382 0.2456
882 1383 0.2150
882 1386 0.2496
882 1387 0.2496
882 1388 0.2496
882 1389 0.2456
882 1390 0.2456
882 1394 0.2456
882 1397 0.3226
882 1398 0.2496
882 1399 0.2456
882 1401 0.2456
882 1402 0.2456
882 1405 0.2496
882 1407 0.2496
882 1408 0.2456
882 1410 0.2150
882 1412 0.2150
882 1413 0.2456
882 1414 0.2456
882 1415 0.2456
882 1416 0.2456
882 1418 0.2456
882 1419 0.2496
882 1422 0.2456
882 1423 0.2456
882 1424 0.2456
882 1425 0.2456
882 1426 0.5691
882 1428 0.2496
882 1430 0.2456
882 1431 0.2456
882 1434 0.9343
882 1435 0.6628
882 1437 0.2456
882 1439 0.2456
882 1440 0.5924
882 1445 0.2496
882 1448 0.2456
882 1449 0.2456
882 1451 0.2456
882 1452 0.2456
882 1455 0.2496
882 1457 0.2496
882 1458 0.2496
882 1461 0.2456
882 1462 0.2456
882 1464 0.2456
882 1465 0.2456
882 1466 0.2456
882 1472 0.2496
882 1473 0.2456
882 1476 0.2456
882 1480 0.2150
882 1484 0.2496
882 1485 0.2456
882 1492 0.2456
882 1493 0.2150
882 1494 0.2456
882 1500 0.2456
882 1501 0.2456
882 1504 0.2496
882 1507 0.2456
882 1510 0.2496
882 1511 0.2456
882 1512 0.2456
882 1516 0.2456
882 1517 0.2496
882 1518 0.2496
882 1519 0.3553
882 1520 0.8347
882 1526 0.2496
882 1527 0.2496
882 1528 0.2456
882 1529 0.2456
882 1530 0.5691
882 1532 0.2496
882 1534 0.2456
882 1535 0.2456
882 1536 0.2456
882 1537 0.2456
882 1538 0.3883
882 1540 0.2496
882 1542 0.2456
882 1544 0.2150
882 1547 0.2456
882 1548 0.2496
882 1549 0.2456
882 1551 0.2496
882 1553 0.2456
882 1554 0.2456
882 1560 0.2456
882 1565 0.2456
882 1566 0.2456
882 1567 0.2150
882 1569 0.2496
882 1572 0.2456
882 1575 0.2456
882 1578 0.2456
882 1582 0.2456
882 1583 0.2496
882 1585 0.2150
882 1591 0.2456
882 1593 0.2456
882 1594 0.2456
882 1595 0.2456
882 1597 0.2456
882 1598 0.2456
882 1599 0.2456
882 1601 0.2150
882 1603 0.2456
882 1605 0.2150
882 1606 0.3883
882 1608 0.4019
882 1612 0.2456
882 1613 0.2456
882 1618 0.2496
882 1619 0.2456
882 1621 0.2496
882 1622 0.7280
882 1623 0.2456
882 1624 0.2496
882 1630 0.2456
882 1631 0.2456
882 1637 0.2456
882 1640 0.2456
882 1644 0.2456
882 1645 0.2456
882 1646 0.2456
882 1654 0.2456
882 1655 0.2456
882 1656 0.2456
882 1659 0.2496
882 1660 0.2496
882 1661 0.2456
882 1663 0.2456
882 1664 0.2456
882 1665 0.2456
882 1667 0.2496
882 1668 0.2456
882 1671 0.2456
882 1675 0.2496
882 1677 0.2456
882 1678 0.2456
882 1679 0.2496
882 1680 0.2150
882 1681 0.2456
882 1682 0.2456
882 1686 0.2456
882 1687 0.2456
882 1688 0.2496
882 1689 0.8969
882 1690 0.2456
882 1691 0.3883
882 1692 0.2375
882 1693 0.2150
882 1694 0.2456
882 1696 0.2456
882 1699 0.2456
882 1700 0.2456
882 1701 0.2456
882 1702 0.2456
882 1704 0.2456
882 1705 0.2456
882 1706 0.2456
882 1707 0.2456
882 1710 0.2456
882 1711 0.2456
882 1712 0.9777
882 1713 0.2456
882 1714 0.2456
882 1717 0.9606
882 1718 0.2456
882 1719 0.2496
882 1721 0.2456
882 1724 0.2456
882 1728 0.2456
882 1729 0.2456
883 884 0.2150
883 885 0.2150
883 886 0.2456
883 887 0.2375
883 889 0.2456
883 890 0.2150
883 891 0.7280
883 893 0.2456
883 894 0.2456
883 895 0.2150
883 896 0.2456
883 898 0.2456
883 899 0.2150
883 900 0.2456
883 901 0.2496
883 903 0.3883
883 905 0.2456
883 907 0.3883
883 908 0.2496
883 909 0.3883
883 910 0.2456
883 911 0.2496
883 914 0.2375
883 915 0.2496
883 917 0.2456
883 918 0.2496
883 919 0.2456
883 920 0.2456
883 921 0.2456
883 922 0.2496
883 924 0.2496
883 928 0.2456
883 929 0.2456
883 933 0.2456
883 935 0.4626
883 936 0.2496
883 938 0.2456
883 940 0.2456
883 941 0.2496
883 942 0.2456
883 943 0.2456
883 948 0.2456
883 950 0.3244
883 951 0.2456
883 952 0.3883
883 953 0.4019
883 954 0.2456
883 955 0.2456
883 956 0.2456
883 960 0.7280
883 961 0.2496
883 962 0.2456
883 963 0.2456
883 964 0.2496
883 965 0.2456
883 967 0.2456
883 968 0.5924
883 969 0.2456
883 971 0.2456
883 972 0.2456
883 974 0.8986
883 976 0.2456
883 977 0.2456
883 979 0.7280
883 980 0.2456
883 981 0.2456
883 985 0.2456
883 989 0.2496
883 990 0.4019
883 993 0.5443
883 994 0.8610
883 995 0.7584
883 999 0.2456
883 1000 0.2456
883 1001 0.2456
883 1002 0.2496
883 1003 0.3883
883 1004 0.7001
883 1006 0.2456
883 1007 0.7191
883 1010 0.2456
883 1013 0.2456
883 1014 0.3883
883 1015 0.3883
883 1017 0.2456
883 1020 0.2496
883 1023 0.2496
883 1024 0.2456
883 1026 0.2456
883 1027 0.2456
883 1029 0.2496
883 1030 0.3883
883 1033 0.2456
883 1034 0.2456
883 1035 0.2456
883 1036 0.2456
883 1038 0.2456
883 1039 0.2496
883 1042 0.2496
883 1043 0.2496
883 1044 0.2456
883 1045 0.2496
883 1046 0.2456
883 1047 0.2496
883 1048 0.2496
883 1049 0.2456
883 1050 0.2375
883 1051 0.2456
883 1052 0.2456
883 1053 0.2456
883 1054 0.2456
883 1055 0.2456
883 1057 0.3883
883 1060 0.3883
883 1061 0.2496
883 1063 0.2456
883 1066 0.2456
883 1067 0.2496
883 1068 0.2456
883 1069 0.2456
883 1070 0.2456
883 1071 0.2456
883 1072 0.2456
883 1073 0.2456
883 1078 0.2456
883 1079 0.3883
883 1080 0.2496
883 1081 0.2456
883 1082 0.2456
883 1083 0.5924
883 1084 0.2456
883 1085 0.2456
883 1087 0.2150
883 1089 0.2456
883 1090 0.2456
883 1094 0.2456
883 1095 0.2456
883 1096 0.2456
883 1099 0.9443
883 1103 0.3883
883 1104 0.4019
883 1105 0.3883
883 1106 0.2496
883 1107 0.3883
883 1108 0.2456
883 1109 0.2496
883 1111 0.2456
883 1113 0.2496
883 1115 0.2456
883 1118 0.2496
883 1119 0.2496
883 1120 0.2456
883 1121 0.2456
883 1122 0.2456
883 1125 0.2456
883 1126 0.2456
883 1127 0.2456
883 1128 0.3883
883 1129 0.2456
883 1132 0.2456
883 1133 0.2456
883 1135 0.7949
883 1138 0.2456
883 1142 0.2456
883 1143 0.2496
883 1146 0.2456
883 1147 0.2456
883 1148 0.2456
883 1150 0.5924
883 1151 0.2496
883 1152 0.3883
883 1153 0.3883
883 1154 0.5691
883 1155 0.2150
883 1156 0.2456
883 1157 0.2456
883 1159 0.2150
883 1161 0.2456
883 1163 0.7451
883 1165 0.2496
883 1167 0.2496
883 1169 0.2496
883 1173 0.2456
883 1174 0.2456
883 1177 0.2150
883 1180 0.2375
883 1181 0.2496
883 1182 0.2456
883 1185 0.2456
883 1187 0.2456
883 1191 0.2496
883 1192 0.2456
883 1193 0.3553
883 1194 0.2456
883 1195 0.3883
883 1196 0.2496
883 1197 0.2456
883 1199 0.2456
883 1200 0.2456
883 1201 0.2456
883 1202 0.3883
883 1204 0.2456
883 1205 0.2496
883 1207 0.2150
883 1208 0.2456
883 1209 0.2456
883 1211 0.3883
883 1213 0.2150
883 1217 0.2456
883 1218 0.2496
883 1222 0.2456
883 1225 0.5691
883 1226 0.2496
883 1227 0.2456
883 1228 0.2456
883 1229 0.4019
883 1230 0.2456
883 1231 0.2456
883 1235 0.2496
883 1236 0.2456
883 1237 0.2456
883 1238 0.2150
883 1240 0.3883
883 1242 0.3883
883 1243 0.2456
883 1245 0.2456
883 1246 0.2456
883 1247 0.2456
883 1250 0.2496
883 1252 0.2456
883 1255 0.2456
883 1256 0.2456
883 1258 0.2496
883 1259 0.2496
883 1260 0.2496
883 1262 0.2456
883 1263 0.2456
883 1265 0.2456
883 1266 0.2456
883 1268 0.4019
883 1269 0.3244
883 1270 0.2496
883 1271 0.2496
883 1273 0.2456
883 1274 0.2456
883 1275 0.3883
883 1276 0.2496
883 1278 0.2456
883 1279 0.2456
883 1280 0.2496
883 1281 0.2456
883 1282 0.2456
883 1283 0.2456
883 1284 0.2456
883 1286 0.2456
883 1287 0.3883
883 1288 0.2150
883 1289 0.2456
883 1292 0.7594
883 1293 0.2456
883 1297 0.2456
883 1298 0.3883
883 1301 0.2456
883 1303 0.2496
883 1304 0.2456
883 1305 0.2456
883 1307 0.2496
883 1308 0.2456
883 1311 0.2456
883 1316 0.9652
883 1318 0.2456
883 1320 0.2456
883 1322 0.2456
883 1323 0.2456
883 1328 0.2456
883 1329 0.2496
883 1330 0.2456
883 1331 0.2456
883 1334 0.2456
883 1335 0.2456
883 1337 0.2456
883 1342 0.5691
883 1343 0.2456
883 1344 0.2456
883 1346 0.2150
883 1349 0.2456
883 1350 0.2456
883 1354 0.2456
883 1356 0.2456
883 1358 0.2456
883 1360 0.2456
883 1361 0.2456
883 1363 0.2456
883 1365 0.2150
883 1366 0.2456
883 1367 0.2456
883 1368 0.2456
883 1369 0.3883
883 1370 0.2456
883 1371 0.2456
883 1374 0.2456
883 1377 0.2456
883 1378 0.2496
883 1379 0.2150
883 1381 0.2456
883 1382 0.2456
883 1383 0.2150
883 1386 0.2496
883 1387 0.2496
883 1388 0.2496
883 1389 0.2456
883 1390 0.2456
883 1394 0.2456
883 1397 0.3226
883 1398 0.2496
883 1399 0.2456
883 1401 0.2456
883 1402 0.2456
883 1405 0.2496
883 1407 0.2496
883 1408 0.2456
883 1410 0.2150
883 1412 0.2150
883 1413 0.2456
883 1414 0.2456
883 1415 0.2456
883 1416 0.2456
883 1418 0.2456
883 1419 0.2496
883 1422 0.2456
883 1423 0.2456
883 1424 0.2456
883 1425 0.2456
883 1426 0.5691
883 1428 0.2496
883 1430 0.2456
883 1431 0.2456
883 1434 0.9343
883 1435 0.6628
883 1437 0.2456
883 1439 0.2456
883 1440 0.5924
883 1445 0.2496
883 1448 0.2456
883 1449 0.2456
883 1451 0.2456
883 1452 0.2456
883 1455 0.2496
883 1457 0.2496
883 1458 0.2496
883 1461 0.2456
883 1462 0.2456
883 1464 0.2456
883 1465 0.2456
883 1466 0.2456
883 1472 0.2496
883 1473 0.2456
883 1476 0.2456
883 1480 0.2150
883 1484 0.2496
883 1485 0.2456
883 1492 0.2456
883 1493 0.2150
883 1494 0.2456
883 1500 0.2456
883 1501 0.2456
883 1504 0.2496
883 1507 0.2456
883 1510 0.2496
883 1511 0.2456
883 1512 0.2456
883 1516 0.2456
883 1517 0.2496
883 1518 0.2496
883 1519 0.3553
883 1520 0.8347
883 1526 0.2496
883 1527 0.2496
883 1528 0.2456
883 1529 0.2456
883 1530 0.5691
883 1532 0.2496
883 1534 0.2456
883 1535 0.2456
883 1536 0.2456
883 1537 0.2456
883 1538 0.3883
883 1540 0.2496
883 1542 0.2456
883 1544 0.2150
883 1547 0.2456
883 1548 0.2496
883 1549 0.2456
883 1551 0.2496
883 1553 0.2456
883 1554 0.2456
883 1560 0.2456
883 1565 0.2456
883 1566 0.2456
883 1567 0.2150
883 1569 0.2496
883 1572 0.2456
883 1575 0.2456
883 1578 0.2456
883 1582 0.2456
883 1583 0.2496
883 1585 0.2150
883 1591 0.2456
883 1593 0.2456
883 1594 0.2456
883 1595 0.2456
883 1597 0.2456
883 1598 0.2456
883 1599 0.2456
883 1601 0.2150
883 1603 0.2456
883 1605 0.2150
883 1606 0.3883
883 1608 0.4019
883 1612 0.2456
883 1613 0.2456
883 1618 0.2496
883 1619 0.2456
883 1621 0.2496
883 1622 0.7280
883 1623 0.2456
883 1624 0.2496
883 1630 0.2456
883 1631 0.2456
883 1637 0.2456
883 1640 0.2456
883 1644 0.2456
883 1645 0.2456
883 1646 0.2456
883 1654 0.2456
883 1655 0.2456
883 1656 0.2456
883 1659 0.2496
883 1660 0.2496
883 1661 0.2456
883 1663 0.2456
883 1664 0.2456
883 1665 0.2456
883 1667 0.2496
883 1668 0.2456
883 1671 0.2456
883 1675 0.2496
883 1677 0.2456
883 1678 0.2456
883 1679 0.2496
883 1680 0.2150
883 1681 0.2456
883 1682 0.2456
883 1686 0.2456
883 1687 0.2456
883 1688 0.2496
883 1689 0.8969
883 1690 0.2456
883 1691 0.3883
883 1692 0.2375
883 1693 0.2150
883 1694 0.2456
883 1696 0.2456
883 1699 0.2456
883 1700 0.2456
883 1701 0.2456
883 1702 0.2456
883 1704 0.2456
883 1705 0.2456
883 1706 0.2456
883 1707 0.2456
883 1710 0.2456
883 1711 0.2456
883 1712 0.9777
883 1713 0.2456
883 1714 0.2456
883 1717 0.9606
883 1718 0.2456
883 1719 0.2496
883 1721 0.2456
883 1724 0.2456
883 1728 0.2456
883 1729 0.2456
884 885 0.2150
884 886 0.2456
884 887 0.2375
884 889 0.2456
884 890 0.2150
884 891 0.7280
884 893 0.2456
884 894 0.2456
884 895 0.2150
884 896 0.2456
884 898 0.2456
884 899 0.2150
884 900 0.2456
884 901 0.2496
884 903 0.3883
884 905 0.2456
884 907 0.3883
884 908 0.2496
884 909 0.3883
884 910 0.2456
884 911 0.2496
884 914 0.2375
884 915 0.2496
884 917 0.2456
884 918 0.2496
884 919 0.2456
884 920 0.2456
884 921 0.2456
884 922 0.2496
884 924 0.2496
884 928 0.2456
884 929 0.2456
884 933 0.2456
884 935 0.4626
884 936 0.2496
884 938 0.2456
884 940 0.2456
884 941 0.2496
884 942 0.2456
884 943 0.2456
884 948 0.2456
884 950 0.3244
884 951 0.2456
884 952 0.3883
884 953 0.4019
884 954 0.2456
884 955 0.2456
884 956 0.2456
884 960 0.7280
884 961 0.2496
884 962 0.2456
884 963 0.2456
884 964 0.2496
884 965 0.2456
884 967 0.2456
884 968 0.5924
884 969 0.2456
884 971 0.2456
884 972 0.2456
884 974 0.8986
884 976 0.2456
884 977 0.2456
884 979 0.7280
884 980 0.2456
884 981 0.2456
884 985 0.2456
884 989 0.2496
884 990 0.4019
884 993 0.5443
884 994 0.8610
884 995 0.7584
884 999 0.2456
884 1000 0.2456
884 1001 0.2456
884 1002 0.2496
884 1003 0.3883
884 1004 0.7001
884 1006 0.2456
884 1007 0.7191
884 1010 0.2456
884 1013 0.2456
884 1014 0.3883
884 1015 0.3883
884 1017 0.2456
884 1020 0.2496
884 1023 0.2496
884 1024 0.2456
884 1026 0.2456
884 1027 0.2456
884 1029 0.2496
884 1030 0.3883
884 1033 0.2456
884 1034 0.2456
884 1035 0.2456
884 1036 0.2456
884 1038 0.2456
884 1039 0.2496
884 1042 0.2496
884 1043 0.2496
884 1044 0.2456
884 1045 0.2496
884 1046 0.2456
884 1047 0.2496
884 1048 0.2496
884 1049 0.2456
884 1050 0.2375
884 1051 0.2456
884 1052 0.2456
884 1053 0.2456
884 1054 0.2456
884 1055 0.2456
884 1057 0.3883
884 1060 0.3883
884 1061 0.2496
884 1063 0.2456
884 1066 0.2456
884 1067 0.2496
884 1068 0.2456
884 1069 0.2456
884 1070 0.2456
884 1071 0.2456
884 1072 0.2456
884 1073 0.2456
884 1078 0.2456
884 1079 0.3883
884 1080 0.2496
884 1081 0.2456
884 1082 0.2456
884 1083 0.5924
884 1084 0.2456
884 1085 0.2456
884 1087 0.2150
884 1089 0.2456
884 1090 0.2456
884 1094 0.2456
884 1095 0.2456
884 1096 0.2456
884 1099 0.9443
884 1103 0.3883
884 1104 0.4019
884 1105 0.3883
884 1106 0.2496
884 1107 0.3883
884 1108 0.2456
884 1109 0.2496
884 1111 0.2456
884 1113 0.2496
884 1115 0.2456
884 1118 0.2496
884 1119 0.2496
884 1120 0.2456
884 1121 0.2456
884 1122 0.2456
884 1125 0.2456
884 1126 0.2456
884 1127 0.2456
884 1128 0.3883
884 1129 0.2456
884 1132 0.2456
884 1133 0.2456
884 1135 0.7949
884 1138 0.2456
884 1142 0.2456
884 1143 0.2496
884 1146 0.2456
884 1147 0.2456
884 1148 0.2456
884 1150 0.5924
884 1151 0.2496
884 1152 0.3883
884 1153 0.3883
884 1154 0.5691
884 1155 0.2150
884 1156 0.2456
884 1157 0.2456
884 1159 0.2150
884 1161 0.2456
884 1163 0.7451
884 1165 0.2496
884 1167 0.2496
884 1169 0.2496
884 1173 0.2456
884 1174 0.2456
884 1177 0.2150
884 1180 0.2375
884 1181 0.2496
884 1182 0.2456
884 1185 0.2456
884 1187 0.2456
884 1191 0.2496
884 1192 0.2456
884 1193 0.3553
884 1194 0.2456
884 1195 0.3883
884 1196 0.2496
884 1197 0.2456
884 1199 0.2456
884 1200 0.2456
884 1201 0.2456
884 1202 0.3883
884 1204 0.2456
884 1205 0.2496
884 1207 0.2150
884 1208 0.2456
884 1209 0.2456
884 1211 0.3883
884 1213 0.2150
884 1217 0.2456
884 1218 0.2496
884 1222 0.2456
884 1225 0.5691
884 1226 0.2496
884 1227 0.2456
884 1228 0.2456
884 1229 0.4019
884 1230 0.2456
884 1231 0.2456
884 1235 0.2496
884 1236 0.2456
884 1237 0.2456
884 1238 0.2150
884 1240 0.3883
884 1242 0.3883
884 1243 0.2456
884 1245 0.2456
884 1246 0.2456
884 1247 0.2456
884 1250 0.2496
884 1252 0.2456
884 1255 0.2456
884 1256 0.2456
884 1258 0.2496
884 1259 0.2496
884 1260 0.2496
884 1262 0.2456
884 1263 0.2456
884 1265 0.2456
884 1266 0.2456
884 1268 0.4019
884 1269 0.3244
884 1270 0.2496
884 1271 0.2496
884 1273 0.2456
884 1274 0.2456
884 1275 0.3883
884 1276 0.2496
884 1278 0.2456
884 1279 0.2456
884 1280 0.2496
884 1281 0.2456
884 1282 0.2456
884 1283 0.2456
884 1284 0.2456
884 1286 0.2456
884 1287 0.3883
884 1288 0.2150
884 1289 0.2456
884 1292 0.7594
884 1293 0.2456
884 1297 0.2456
884 1298 0.3883
884 1301 0.2456
884 1303 0.2496
884 1304 0.2456
884 1305 0.2456
884 1307 0.2496
884 1308 0.2456
884 1311 0.2456
884 1316 0.9652
884 1318 0.2456
884 1320 0.2456
884 1322 0.2456
884 1323 0.2456
884 1328 0.2456
884 1329 0.2496
884 1330 0.2456
884 1331 0.2456
884 1334 0.2456
884 1335 0.2456
884 1337 0.2456
884 1342 0.5691
884 1343 0.2456
884 1344 0.2456
884 1346 0.2150
884 1349 0.2456
884 1350 0.2456
884 1354 0.2456
884 1356 0.2456
884 1358 0.2456
884 1360 0.2456
884 1361 0.2456
884 1363 0.2456
884 1365 0.2150
884 1366 0.2456
884 1367 0.2456
884 1368 0.2456
884 1369 0.3883
884 1370 0.2456
884 1371 0.2456
884 1374 0.2456
884 1377 0.2456
884 1378 0.2496
884 1379 0.2150
884 1381 0.2456
884 1382 0.2456
884 1383 0.2150
884 1386 0.2496
884 1387 0.2496
884 1388 0.2496
884 1389 0.2456
884 1390 0.2456
884 1394 0.2456
884 1397 0.3226
884 1398 0.2496
884 1399 0.2456
884 1401 0.2456
884 1402 0.2456
884 1405 0.2496
884 1407 0.2496
884 1408 0.2456
884 1410 0.2150
884 1412 0.2150
884 1413 0.2456
884 1414 0.2456
884 1415 0.2456
884 1416 0.2456
884 1418 0.2456
884 1419 0.2496
884 1422 0.2456
884 1423 0.2456
884 1424 0.2456
884 1425 0.2456
884 1426 0.5691
884 1428 0.2496
884 1430 0.2456
884 1431 0.2456
884 1434 0.9343
884 1435 0.6628
884 1437 0.2456
884 1439 0.2456
884 1440 0.5924
884 1445 0.2496
884 1448 0.2456
884 1449 0.2456
884 1451 0.2456
884 1452 0.2456
884 1455 0.2496
884 1457 0.2496
884 1458 0.2496
884 1461 0.2456
884 1462 0.2456
884 1464 0.2456
884 1465 0.2456
884 1466 0.2456
884 1472 0.2496
884 1473 0.2456
884 1476 0.2456
884 1480 0.2150
884 1484 0.2496
884 1485 0.2456
884 1492 0.2456
884 1493 0.2150
884 1494 0.2456
884 1500 0.2456
884 1501 0.2456
884 1504 0.2496
884 1507 0.2456
884 1510 0.2496
884 1511 0.2456
884 1512 0.2456
884 1516 0.2456
884 1517 0.2496
884 1518 0.2496
884 1519 0.3553
884 1520 0.8347
