689 1493 0.5514
689 1494 0.5846
689 1500 0.7182
689 1501 0.5474
689 1504 0.6752
689 1507 0.5474
689 1510 0.5440
689 1511 0.6265
689 1512 0.5474
689 1516 0.5549
689 1517 0.5913
689 1518 0.6858
689 1519 0.5911
689 1520 0.7997
689 1526 0.4959
689 1527 0.6487
689 1528 0.6265
689 1529 0.5407
689 1530 0.6495
689 1532 0.5450
689 1534 0.5407
689 1535 0.5456
689 1536 0.5132
689 1537 0.5050
689 1538 0.5503
689 1540 0.6227
689 1542 0.6265
689 1544 0.5514
689 1547 0.6265
689 1548 0.5834
689 1549 0.5489
689 1551 0.6178
689 1553 0.5489
689 1554 0.7405
689 1560 0.5527
689 1565 0.5028
689 1566 0.5385
689 1567 0.5514
689 1569 0.6282
689 1572 0.6265
689 1575 0.5399
689 1578 0.5181
689 1582 0.5489
689 1583 0.5745
689 1585 0.5514
689 1591 0.5456
689 1593 0.5836
689 1594 0.4962
689 1595 0.5124
689 1597 0.5664
689 1598 0.5407
689 1599 0.6265
689 1601 0.4817
689 1603 0.5407
689 1605 0.4817
689 1606 0.6124
689 1608 0.7417
689 1612 0.5407
689 1613 0.5407
689 1618 0.6214
689 1619 0.5846
689 1621 0.6078
689 1622 0.6938
689 1623 0.5474
689 1624 0.5331
689 1630 0.5846
689 1631 0.5489
689 1637 0.5320
689 1640 0.5846
689 1644 0.6265
689 1645 0.5407
689 1646 0.6265
689 1654 0.5474
689 1655 0.5407
689 1656 0.5407
689 1659 0.5834
689 1660 0.5539
689 1661 0.6265
689 1663 0.5063
689 1664 0.5407
689 1665 0.5456
689 1667 0.6487
689 1668 0.5063
689 1671 0.5407
689 1675 0.5424
689 1677 0.5846
689 1678 0.6265
689 1679 0.5490
689 1680 0.5514
689 1681 0.6265
689 1682 0.5456
689 1686 0.5039
689 1687 0.5456
689 1688 0.6214
689 1689 0.8712
689 1690 0.5474
689 1691 0.6548
689 1692 0.5494
689 1693 0.5514
689 1694 0.5489
689 1696 0.6265
689 1699 0.5489
689 1700 0.5407
689 1701 0.4839
689 1702 0.5042
689 1704 0.5005
689 1705 0.4962
689 1706 0.4839
689 1707 0.4979
689 1710 0.5489
689 1711 0.4979
689 1712 0.9117
689 1713 0.5407
689 1714 0.5377
689 1717 0.8350
689 1718 0.5474
689 1719 0.5699
689 1721 0.5527
689 1724 0.5489
689 1728 0.5181
689 1729 0.5489
690 691 0.2461
690 692 0.2228
690 693 0.1988
690 694 0.2156
690 695 0.3155
690 696 0.2130
690 697 0.2236
690 698 0.2678
690 699 0.2456
690 700 0.2263
690 701 0.2263
690 702 0.2019
690 703 0.2366
690 704 0.2084
690 705 0.3697
690 706 0.4892
690 707 0.2386
690 709 0.2456
690 710 0.2456
690 711 0.3812
690 712 0.2228
690 714 0.3581
690 716 0.1988
690 718 0.2469
690 722 0.2726
690 723 0.2235
690 726 0.2259
690 727 0.2150
690 728 0.3068
690 729 0.2150
690 731 0.2150
690 732 0.3300
690 734 0.2456
690 735 0.2156
690 736 0.5195
690 737 0.4025
690 740 0.2659
690 741 0.4300
690 742 0.2233
690 743 0.2404
690 744 0.2198
690 745 0.2130
690 748 0.6385
690 750 0.2704
690 751 0.2920
690 752 0.5628
690 753 0.2266
690 754 0.2456
690 755 0.2230
690 756 0.2043
690 757 0.4690
690 758 0.1982
690 759 0.2150
690 761 0.2325
690 762 0.2325
690 763 0.3314
690 765 0.2861
690 767 0.2150
690 768 0.5166
690 769 0.2208
690 770 0.4555
690 771 0.2456
690 772 0.2456
690 773 0.2351
690 775 0.2325
690 777 0.2496
690 778 0.2456
690 779 0.2208
690 780 0.2165
690 781 0.2426
690 782 0.2456
690 783 0.2325
690 784 0.2325
690 785 0.2456
690 786 0.2652
690 789 0.2333
690 791 0.2233
690 793 0.4411
690 796 0.2054
690 797 0.2226
690 801 0.3014
690 803 0.2182
690 804 0.3069
690 805 0.1964
690 806 0.3120
690 807 0.2150
690 808 0.2130
690 809 0.2351
690 810 0.2263
690 811 0.6602
690 813 0.3496
690 814 0.2054
690 815 0.2351
690 816 0.2252
690 818 0.2920
690 821 0.3948
690 822 0.2567
690 823 0.5587
690 825 0.2250
690 827 0.2156
690 829 0.2624
690 831 0.3463
690 832 0.3190
690 834 0.2456
690 835 0.2325
690 836 0.2325
690 838 0.2336
690 844 0.2150
690 845 0.2920
690 846 0.2141
690 848 0.2351
690 849 0.2671
690 851 0.7589
690 853 0.2456
690 854 0.2351
690 855 0.2351
690 856 0.2263
690 858 0.2305
690 859 0.2208
690 860 0.2263
690 862 0.1997
690 864 0.2484
690 865 0.2920
690 867 0.2351
690 868 0.2456
690 869 0.2456
690 870 0.2150
690 871 0.2920
690 872 0.9468
690 876 0.2659
690 880 0.4066
690 882 0.2325
690 883 0.1964
690 884 0.2241
690 885 0.2150
690 886 0.2147
690 887 0.2200
690 889 0.2235
690 890 0.2150
690 891 0.6441
690 893 0.2456
690 894 0.2456
690 895 0.2150
690 896 0.2325
690 898 0.2172
690 899 0.2150
690 900 0.2456
690 901 0.2713
690 903 0.3407
690 905 0.2351
690 907 0.2681
690 908 0.2598
690 909 0.2659
690 910 0.2263
690 911 0.2750
690 914 0.2257
690 915 0.2559
690 917 0.2456
690 918 0.2475
690 919 0.2325
690 920 0.2325
690 921 0.2228
690 922 0.2750
690 924 0.2510
690 928 0.2456
690 929 0.2351
690 933 0.2456
690 935 0.2693
690 936 0.2624
690 938 0.2159
690 940 0.2456
690 941 0.2622
690 942 0.2230
690 943 0.2456
690 948 0.2456
690 950 0.2027
690 951 0.2263
690 952 0.2377
690 953 0.4555
690 954 0.2165
690 955 0.2325
690 956 0.2263
690 960 0.5983
690 961 0.2988
690 962 0.2351
690 963 0.2208
690 964 0.3085
690 965 0.2208
690 967 0.2456
690 968 0.5224
690 969 0.2351
690 971 0.2147
690 972 0.2325
690 974 0.8482
690 976 0.2182
690 977 0.2263
690 979 0.5435
690 980 0.2226
690 981 0.2456
690 985 0.2456
690 989 0.2978
690 990 0.4421
690 993 0.2561
690 994 0.6913
690 995 0.5267
690 999 0.2325
690 1000 0.2325
690 1001 0.2033
690 1002 0.2568
690 1003 0.3199
690 1004 0.5116
690 1006 0.2325
690 1007 0.5855
690 1010 0.2456
690 1013 0.2456
690 1014 0.3463
690 1015 0.3267
690 1017 0.2177
690 1020 0.2920
690 1023 0.2826
690 1024 0.2112
690 1026 0.2120
690 1027 0.2208
690 1029 0.2464
690 1030 0.2910
690 1033 0.2228
690 1034 0.2120
690 1035 0.2078
690 1036 0.2235
690 1038 0.2208
690 1039 0.3284
690 1042 0.2477
690 1043 0.2177
690 1044 0.2263
690 1045 0.2624
690 1046 0.2147
690 1047 0.2358
690 1048 0.2364
690 1049 0.2038
690 1050 0.2282
690 1051 0.1997
690 1052 0.2325
690 1053 0.2456
690 1054 0.2325
690 1055 0.2456
690 1057 0.2791
690 1060 0.3629
690 1061 0.2393
690 1063 0.2325
690 1066 0.2263
690 1067 0.3028
690 1068 0.2325
690 1069 0.2456
690 1070 0.2120
690 1071 0.2263
690 1072 0.2263
690 1073 0.2325
690 1078 0.2228
690 1079 0.4076
690 1080 0.3051
690 1081 0.2226
690 1082 0.2360
690 1083 0.6484
690 1084 0.2228
690 1085 0.2177
690 1087 0.2150
690 1089 0.2456
690 1090 0.2325
690 1094 0.2226
690 1095 0.2456
690 1096 0.2456
690 1099 0.8614
690 1103 0.2621
690 1104 0.4159
690 1105 0.3517
690 1106 0.2689
690 1107 0.3155
690 1108 0.2038
690 1109 0.3068
690 1111 0.2263
690 1113 0.2325
690 1115 0.2235
690 1118 0.2640
690 1119 0.2673
690 1120 0.2228
690 1121 0.2263
690 1122 0.2263
690 1125 0.2019
690 1126 0.2351
690 1127 0.2208
690 1128 0.3155
690 1129 0.2325
690 1132 0.2263
690 1133 0.2226
690 1135 0.7670
690 1138 0.2325
690 1142 0.2456
690 1143 0.2676
690 1146 0.2241
690 1147 0.1964
690 1148 0.2144
690 1150 0.6074
690 1151 0.2750
690 1152 0.3930
690 1153 0.2239
690 1154 0.4903
690 1155 0.2150
690 1156 0.2325
690 1157 0.2325
690 1159 0.2150
690 1161 0.1973
690 1163 0.6113
690 1165 0.2855
690 1167 0.2610
690 1169 0.2410
690 1173 0.2456
690 1174 0.2456
690 1177 0.2150
690 1180 0.2327
690 1181 0.2750
690 1182 0.2351
690 1185 0.2235
690 1187 0.2325
690 1191 0.2178
690 1192 0.2456
690 1193 0.2527
690 1194 0.2218
690 1195 0.3771
690 1196 0.3023
690 1197 0.2325
690 1199 0.2235
690 1200 0.2325
690 1201 0.2325
690 1202 0.3234
690 1204 0.2351
690 1205 0.2650
690 1207 0.2150
690 1208 0.2159
690 1209 0.2074
690 1211 0.3186
690 1213 0.2150
690 1217 0.2456
690 1218 0.2920
690 1222 0.2456
690 1225 0.5764
690 1226 0.2640
690 1227 0.2456
690 1228 0.2456
690 1229 0.4517
690 1230 0.2165
690 1231 0.2208
690 1235 0.2510
690 1236 0.2351
690 1237 0.2456
690 1238 0.2054
690 1240 0.3827
690 1242 0.4118
690 1243 0.2243
690 1245 0.2351
690 1246 0.2325
690 1247 0.2208
690 1250 0.2791
690 1252 0.2378
690 1255 0.2325
690 1256 0.2263
690 1258 0.2496
690 1259 0.2497
690 1260 0.2750
690 1262 0.2325
690 1263 0.2263
690 1265 0.2235
690 1266 0.2456
690 1268 0.3849
690 1269 0.3088
690 1270 0.2640
690 1271 0.2307
690 1273 0.2235
690 1274 0.2325
690 1275 0.3010
690 1276 0.2689
690 1278 0.2112
690 1279 0.2228
690 1280 0.2640
690 1281 0.2456
690 1282 0.2263
690 1283 0.1997
690 1284 0.2242
690 1286 0.2175
690 1287 0.2868
690 1288 0.2150
690 1289 0.1997
690 1292 0.6021
690 1293 0.2325
690 1297 0.2351
690 1298 0.3216
690 1301 0.2325
690 1303 0.2920
690 1304 0.2263
690 1305 0.2456
690 1307 0.2407
690 1308 0.2175
690 1311 0.2456
690 1316 0.8821
690 1318 0.2325
690 1320 0.2228
690 1322 0.2351
690 1323 0.2456
690 1328 0.2235
690 1329 0.2676
690 1330 0.2456
690 1331 0.2325
690 1334 0.2208
690 1335 0.2351
690 1337 0.2263
690 1342 0.4601
690 1343 0.2263
690 1344 0.2456
690 1346 0.2054
690 1349 0.2351
690 1350 0.2351
690 1354 0.2456
690 1356 0.2325
690 1358 0.2325
690 1360 0.2043
690 1361 0.2243
690 1363 0.2043
690 1365 0.2150
690 1366 0.2325
690 1367 0.2151
690 1368 0.2325
690 1369 0.3306
690 1370 0.2676
690 1371 0.2182
690 1374 0.2351
690 1377 0.2325
690 1378 0.2676
690 1379 0.2150
690 1381 0.2147
690 1382 0.2263
690 1383 0.2054
690 1386 0.2484
690 1387 0.2750
690 1388 0.2624
690 1389 0.2325
690 1390 0.2252
690 1394 0.2263
690 1397 0.3684
690 1398 0.2426
690 1399 0.2325
690 1401 0.2325
690 1402 0.2456
690 1405 0.2801
690 1407 0.2624
690 1408 0.2208
690 1410 0.2150
690 1412 0.2150
690 1413 0.2325
690 1414 0.2325
690 1415 0.2156
690 1416 0.2456
690 1418 0.2351
690 1419 0.2527
690 1422 0.2456
690 1423 0.2038
690 1424 0.2325
690 1425 0.2456
690 1426 0.3658
690 1428 0.2305
690 1430 0.1988
690 1431 0.2038
690 1434 0.8373
690 1435 0.4406
690 1437 0.2182
690 1439 0.2456
690 1440 0.3703
690 1445 0.2253
690 1448 0.2456
690 1449 0.2456
690 1451 0.2456
690 1452 0.2351
690 1455 0.2496
690 1457 0.3115
690 1458 0.2695
690 1461 0.2456
690 1462 0.2208
690 1464 0.2236
690 1465 0.2456
690 1466 0.2078
690 1472 0.3121
690 1473 0.2456
690 1476 0.2456
690 1480 0.2150
690 1484 0.2676
690 1485 0.2208
690 1492 0.1982
690 1493 0.2150
690 1494 0.2263
690 1500 0.2325
690 1501 0.2228
690 1504 0.2393
690 1507 0.2228
690 1510 0.3121
690 1511 0.2325
690 1512 0.2228
690 1516 0.2235
690 1517 0.2585
690 1518 0.2274
690 1519 0.2877
690 1520 0.6848
690 1526 0.2428
690 1527 0.2496
690 1528 0.2325
690 1529 0.2456
690 1530 0.3727
690 1532 0.3190
690 1534 0.2456
690 1535 0.2235
690 1536 0.2033
690 1537 0.1997
690 1538 0.3106
690 1540 0.3538
690 1542 0.2325
690 1544 0.2150
690 1547 0.2325
690 1548 0.2393
690 1549 0.2351
690 1551 0.3018
690 1553 0.2351
690 1554 0.2351
690 1560 0.2208
690 1565 0.2215
690 1566 0.2159
690 1567 0.2150
690 1569 0.2750
690 1572 0.2325
690 1575 0.2190
690 1578 0.2182
690 1582 0.2351
690 1583 0.3284
690 1585 0.2150
690 1591 0.2235
690 1593 0.2378
690 1594 0.2218
690 1595 0.2151
690 1597 0.2242
690 1598 0.2456
690 1599 0.2325
690 1601 0.2054
690 1603 0.2456
690 1605 0.2054
690 1606 0.3058
690 1608 0.4126
690 1612 0.2456
690 1613 0.2456
690 1618 0.2426
690 1619 0.2263
690 1621 0.2750
690 1622 0.5391
690 1623 0.2228
690 1624 0.2933
690 1630 0.2263
690 1631 0.2351
690 1637 0.2360
690 1640 0.2263
690 1644 0.2325
690 1645 0.2456
690 1646 0.2325
690 1654 0.2228
690 1655 0.2456
690 1656 0.2456
690 1659 0.2393
690 1660 0.2509
690 1661 0.2325
690 1663 0.2120
690 1664 0.2456
690 1665 0.2235
690 1667 0.2496
690 1668 0.2120
690 1671 0.2456
690 1675 0.2300
690 1677 0.2263
690 1678 0.2325
690 1679 0.2721
690 1680 0.2150
690 1681 0.2325
690 1682 0.2235
690 1686 0.2156
690 1687 0.2235
690 1688 0.2426
690 1689 0.8851
690 1690 0.2228
690 1691 0.3765
690 1692 0.2383
690 1693 0.2150
690 1694 0.2351
690 1696 0.2325
690 1699 0.2351
690 1700 0.2456
690 1701 0.2038
690 1702 0.1988
690 1704 0.2230
690 1705 0.2218
690 1706 0.2038
690 1707 0.1973
690 1710 0.2351
690 1711 0.1973
690 1712 0.9323
690 1713 0.2456
690 1714 0.2100
690 1717 0.8130
690 1718 0.2228
690 1719 0.2259
690 1721 0.2208
690 1724 0.2351
690 1728 0.2182
690 1729 0.2351
691 692 0.2719
691 693 0.2272
691 694 0.2337
691 695 0.4574
691 696 0.2481
691 697 0.2215
691 698 0.3586
691 699 0.2381
691 700 0.2714
691 701 0.2714
691 702 0.2216
691 703 0.2779
691 704 0.2210
691 705 0.3744
691 706 0.4437
691 707 0.2631
691 709 0.2381
691 710 0.2381
691 711 0.4396
691 712 0.2719
691 714 0.3252
691 716 0.2272
691 718 0.2506
691 722 0.2656
691 723 0.2657
691 726 0.2199
691 727 0.2461
691 728 0.2890
691 729 0.2461
691 731 0.2461
691 732 0.4400
691 734 0.2381
691 735 0.2337
691 736 0.4524
691 737 0.3514
691 740 0.3244
691 741 0.4528
691 742 0.2223
691 743 0.2834
691 744 0.2416
691 745 0.2481
691 748 0.6817
691 750 0.3424
691 751 0.3837
691 752 0.4949
691 753 0.3881
691 754 0.2381
691 755 0.2222
691 756 0.2248
691 757 0.5152
691 758 0.3309
691 759 0.2461
691 761 0.2777
691 762 0.2777
691 763 0.4181
691 765 0.2829
691 767 0.2461
691 768 0.5948
691 769 0.2690
691 770 0.6345
691 771 0.2381
691 772 0.2381
691 773 0.2661
691 775 0.2777
691 777 0.3131
691 778 0.2381
691 779 0.2690
691 780 0.2600
691 781 0.3125
691 782 0.2381
691 783 0.2777
691 784 0.2777
691 785 0.2381
691 786 0.3938
691 789 0.3424
691 791 0.2223
691 793 0.4818
691 796 0.3103
691 797 0.2570
691 801 0.2919
691 803 0.2489
691 804 0.3390
691 805 0.2229
691 806 0.2948
691 807 0.2461
691 808 0.2481
691 809 0.2661
691 810 0.2714
691 811 0.5773
691 813 0.4019
691 814 0.3103
691 815 0.2661
691 816 0.2233
691 818 0.3837
691 821 0.4961
691 822 0.2311
691 823 0.7171
691 825 0.2592
691 827 0.2515
691 829 0.3664
691 831 0.4302
691 832 0.4332
691 834 0.2381
691 835 0.2777
691 836 0.2777
691 838 0.2157
691 844 0.2461
691 845 0.3837
691 846 0.2461
691 848 0.2661
691 849 0.2945
691 851 0.7637
691 853 0.2381
691 854 0.2661
691 855 0.2661
691 856 0.2714
691 858 0.2633
691 859 0.2690
691 860 0.2714
691 862 0.2276
691 864 0.2286
691 865 0.3837
691 867 0.2661
691 868 0.2381
691 869 0.2381
691 870 0.2461
691 871 0.3837
691 872 0.9371
691 876 0.3244
691 880 0.3656
691 882 0.2777
691 883 0.2229
691 884 0.2231
691 885 0.2461
691 886 0.8018
691 887 0.2591
691 889 0.2657
691 890 0.2461
691 891 0.6833
691 893 0.2381
691 894 0.2381
691 895 0.2461
691 896 0.2777
691 898 0.2571
691 899 0.2461
691 900 0.2381
691 901 0.4589
691 903 0.3526
691 905 0.2661
691 907 0.5706
691 908 0.3077
691 909 0.3170
691 910 0.2714
691 911 0.3743
691 914 0.3549
691 915 0.4169
691 917 0.2381
691 918 0.2353
691 919 0.2777
691 920 0.2777
691 921 0.2719
691 922 0.3743
691 924 0.5951
691 928 0.2381
691 929 0.2661
691 933 0.2381
691 935 0.2726
691 936 0.3664
691 938 0.2599
691 940 0.2381
691 941 0.3392
691 942 0.2222
691 943 0.2381
691 948 0.2381
691 950 0.2003
691 951 0.2714
691 952 0.2725
691 953 0.5351
691 954 0.2600
691 955 0.4201
691 956 0.2714
691 960 0.6808
691 961 0.3126
691 962 0.2661
691 963 0.2690
691 964 0.2913
691 965 0.2690
691 967 0.2381
691 968 0.5642
691 969 0.2661
691 971 0.2389
691 972 0.2777
691 974 0.8350
691 976 0.2489
691 977 0.2714
691 979 0.5880
691 980 0.2570
691 981 0.2381
691 985 0.2381
691 989 0.2778
691 990 0.5583
691 993 0.2417
691 994 0.6875
691 995 0.5707
691 999 0.2777
691 1000 0.2777
691 1001 0.2239
691 1002 0.2443
691 1003 0.3524
691 1004 0.4935
691 1006 0.2777
691 1007 0.5529
691 1010 0.2381
691 1013 0.2381
691 1014 0.4302
691 1015 0.3831
691 1017 0.2607
691 1020 0.3837
691 1023 0.2876
691 1024 0.2168
691 1026 0.2201
691 1027 0.2690
691 1029 0.2567
691 1030 0.3869
691 1033 0.4701
691 1034 0.2526
691 1035 0.2338
691 1036 0.2657
691 1038 0.2690
691 1039 0.3732
691 1042 0.3218
691 1043 0.4096
691 1044 0.2714
691 1045 0.3664
691 1046 0.2389
691 1047 0.2190
691 1048 0.2528
691 1049 0.2476
691 1050 0.2407
691 1051 0.2276
691 1052 0.2777
691 1053 0.2381
691 1054 0.2777
691 1055 0.2381
691 1057 0.4846
691 1060 0.4459
691 1061 0.2853
691 1063 0.2777
691 1066 0.2714
691 1067 0.3193
691 1068 0.2777
691 1069 0.2381
691 1070 0.2201
691 1071 0.2714
691 1072 0.2714
691 1073 0.2777
691 1078 0.2719
691 1079 0.3691
691 1080 0.2886
691 1081 0.2570
691 1082 0.3208
691 1083 0.6809
691 1084 0.2719
691 1085 0.2607
691 1087 0.2461
691 1089 0.2381
691 1090 0.2777
691 1094 0.3083
691 1095 0.2381
691 1096 0.2381
691 1099 0.8651
691 1103 0.3079
691 1104 0.4929
691 1105 0.3469
691 1106 0.2844
691 1107 0.4570
691 1108 0.2476
691 1109 0.2900
691 1111 0.2714
691 1113 0.2635
691 1115 0.2657
691 1118 0.3587
691 1119 0.2454
691 1120 0.2719
691 1121 0.2714
691 1122 0.2714
691 1125 0.2216
691 1126 0.2661
691 1127 0.2690
691 1128 0.4574
691 1129 0.2777
691 1132 0.2714
691 1133 0.2570
691 1135 0.7822
691 1138 0.2777
691 1142 0.2381
691 1143 0.3654
691 1146 0.2231
691 1147 0.2229
691 1148 0.2418
691 1150 0.6559
691 1151 0.3743
691 1152 0.3973
691 1153 0.2347
691 1154 0.5090
691 1155 0.2461
691 1156 0.2777
691 1157 0.2777
691 1159 0.2461
691 1161 0.2253
691 1163 0.5971
691 1165 0.3591
691 1167 0.3741
691 1169 0.2655
691 1173 0.2381
691 1174 0.2381
691 1177 0.2461
691 1180 0.2285
691 1181 0.2951
691 1182 0.2661
691 1185 0.2657
691 1187 0.2777
691 1191 0.2564
691 1192 0.2381
691 1193 0.2364
691 1194 0.2198
691 1195 0.4657
691 1196 0.2578
691 1197 0.2777
691 1199 0.3572
691 1200 0.2777
691 1201 0.2777
691 1202 0.2839
691 1204 0.2661
691 1205 0.3435
691 1207 0.2461
691 1208 0.2599
691 1209 0.2388
691 1211 0.3083
691 1213 0.2461
691 1217 0.2381
691 1218 0.5255
691 1222 0.2381
691 1225 0.5823
691 1226 0.5425
691 1227 0.2381
691 1228 0.2381
691 1229 0.4860
691 1230 0.2600
691 1231 0.2690
691 1235 0.3288
691 1236 0.2661
691 1237 0.2381
691 1238 0.3103
691 1240 0.4293
691 1242 0.3917
691 1243 0.2263
691 1245 0.2661
691 1246 0.2777
691 1247 0.2690
691 1250 0.2816
691 1252 0.3735
691 1255 0.2777
691 1256 0.2714
691 1258 0.3131
691 1259 0.2937
691 1260 0.3743
691 1262 0.2777
691 1263 0.2714
691 1265 0.2657
691 1266 0.2381
691 1268 0.4866
691 1269 0.3457
691 1270 0.3587
691 1271 0.2466
691 1273 0.2657
691 1274 0.2777
691 1275 0.4316
691 1276 0.2844
691 1278 0.2168
691 1279 0.3867
691 1280 0.3587
691 1281 0.2381
691 1282 0.2714
691 1283 0.2276
691 1284 0.2595
691 1286 0.2354
691 1287 0.2893
691 1288 0.2461
691 1289 0.2276
691 1292 0.5624
691 1293 0.2777
691 1297 0.2661
691 1298 0.2868
691 1301 0.2777
691 1303 0.3837
691 1304 0.2714
691 1305 0.2381
691 1307 0.2235
691 1308 0.2354
691 1311 0.2381
691 1316 0.8889
691 1318 0.2777
691 1320 0.2719
691 1322 0.2661
691 1323 0.2381
691 1328 0.2657
691 1329 0.3654
691 1330 0.2381
691 1331 0.2777
691 1334 0.2690
691 1335 0.2661
691 1337 0.2714
691 1342 0.4223
691 1343 0.2714
691 1344 0.2381
691 1346 0.3103
691 1349 0.2661
691 1350 0.2661
691 1354 0.2381
691 1356 0.2777
691 1358 0.2777
691 1360 0.2248
691 1361 0.2263
691 1363 0.2248
691 1365 0.2461
691 1366 0.2777
691 1367 0.2465
691 1368 0.2777
691 1369 0.4407
691 1370 0.3654
691 1371 0.2489
691 1374 0.2661
691 1377 0.2777
691 1378 0.4868
691 1379 0.2461
691 1381 0.2389
691 1382 0.2714
691 1383 0.3103
691 1386 0.2530
691 1387 0.3743
691 1388 0.3664
691 1389 0.2777
691 1390 0.2233
691 1394 0.2714
691 1397 0.3474
691 1398 0.4437
691 1399 0.2777
691 1401 0.2777
691 1402 0.2381
691 1405 0.5216
691 1407 0.3664
691 1408 0.2690
691 1410 0.2461
691 1412 0.2461
691 1413 0.2777
691 1414 0.2777
691 1415 0.2337
691 1416 0.2381
691 1418 0.2661
691 1419 0.2910
691 1422 0.2381
691 1423 0.2476
691 1424 0.2777
691 1425 0.2381
691 1426 0.4373
691 1428 0.2963
691 1430 0.2272
691 1431 0.2476
691 1434 0.8113
691 1435 0.4817
691 1437 0.2489
691 1439 0.2381
691 1440 0.3245
691 1445 0.2478
691 1448 0.2381
691 1449 0.2381
691 1451 0.2381
691 1452 0.4153
691 1455 0.3131
691 1457 0.2943
691 1458 0.2934
691 1461 0.2381
691 1462 0.2690
691 1464 0.2215
691 1465 0.2381
691 1466 0.2338
691 1472 0.3261
691 1473 0.2381
691 1476 0.2381
691 1480 0.2461
691 1484 0.3654
691 1485 0.2690
691 1492 0.3309
691 1493 0.2461
691 1494 0.2714
691 1500 0.2777
691 1501 0.2719
691 1504 0.2650
691 1507 0.2719
691 1510 0.3261
691 1511 0.2777
691 1512 0.2719
691 1516 0.2657
691 1517 0.3204
691 1518 0.2595
691 1519 0.2731
691 1520 0.6467
691 1526 0.2249
691 1527 0.3131
691 1528 0.2777
691 1529 0.2381
691 1530 0.4253
691 1532 0.2900
691 1534 0.2381
691 1535 0.2657
691 1536 0.2239
691 1537 0.2276
691 1538 0.3474
691 1540 0.3368
691 1542 0.2777
691 1544 0.2461
691 1547 0.2777
691 1548 0.2650
691 1549 0.2661
691 1551 0.2391
691 1553 0.2661
691 1554 0.2661
691 1560 0.2690
691 1565 0.2217
691 1566 0.2599
691 1567 0.2461
691 1569 0.4110
691 1572 0.2777
691 1575 0.2611
691 1578 0.2489
691 1582 0.2661
691 1583 0.3732
691 1585 0.2461
691 1591 0.2657
691 1593 0.3735
691 1594 0.2198
691 1595 0.2465
691 1597 0.2595
691 1598 0.2381
691 1599 0.2777
691 1601 0.3103
691 1603 0.2381
691 1605 0.3103
691 1606 0.3219
691 1608 0.5093
691 1612 0.2381
691 1613 0.2381
691 1618 0.3125
691 1619 0.4547
691 1621 0.2951
691 1622 0.4844
691 1623 0.2719
691 1624 0.2984
691 1630 0.2714
691 1631 0.2661
691 1637 0.3208
691 1640 0.2714
691 1644 0.2777
691 1645 0.2381
691 1646 0.2777
691 1654 0.4701
691 1655 0.2381
691 1656 0.2381
691 1659 0.3236
691 1660 0.5434
691 1661 0.2777
691 1663 0.2201
691 1664 0.2381
691 1665 0.2657
691 1667 0.3131
691 1668 0.2201
691 1671 0.2381
691 1675 0.2524
691 1677 0.2714
691 1678 0.2777
691 1679 0.2501
691 1680 0.2461
691 1681 0.2777
691 1682 0.3572
691 1686 0.2337
691 1687 0.2657
691 1688 0.3125
691 1689 0.8562
691 1690 0.2719
691 1691 0.4576
691 1692 0.2687
691 1693 0.2461
691 1694 0.2661
691 1696 0.2777
691 1699 0.2661
691 1700 0.2381
691 1701 0.2476
691 1702 0.2272
691 1704 0.2222
691 1705 0.2198
691 1706 0.2476
691 1707 0.2253
691 1710 0.2661
691 1711 0.2253
691 1712 0.9173
691 1713 0.2381
691 1714 0.2539
691 1717 0.7765
691 1718 0.2719
691 1719 0.2486
691 1721 0.2690
691 1724 0.2661
691 1728 0.2489
691 1729 0.2661
692 693 0.2210
692 694 0.3347
692 695 0.4145
692 696 0.2182
692 697 0.2238
692 698 0.2302
692 699 0.2177
692 700 0.2234
692 701 0.2234
692 702 0.2165
692 703 0.2610
692 704 0.2002
692 705 0.3172
692 706 0.8065
692 707 0.2700
692 709 0.2177
692 710 0.2177
692 711 0.3697
692 712 0.2552
692 714 0.4492
692 716 0.2210
692 718 0.2348
692 722 0.2648
692 723 0.2240
692 726 0.1979
692 727 0.2228
692 728 0.2603
692 729 0.2228
692 731 0.2228
692 732 0.3091
692 734 0.2177
692 735 0.3347
692 736 0.3851
692 737 0.3306
692 740 0.2911
692 741 0.3728
692 742 0.2213
692 743 0.2260
692 744 0.2184
692 745 0.2182
692 748 0.8558
692 750 0.2681
692 751 0.2941
692 752 0.4714
692 753 0.2319
692 754 0.2177
692 755 0.2234
692 756 0.2206
692 757 0.9042
692 758 0.3133
692 759 0.2228
692 761 0.2754
692 762 0.2327
692 763 0.3468
692 765 0.3997
692 767 0.2228
692 768 0.4563
692 769 0.2285
692 770 0.4768
692 771 0.2177
692 772 0.2177
692 773 0.2562
692 775 0.2327
692 777 0.2642
692 778 0.2177
692 779 0.2285
692 780 0.3475
692 781 0.2773
692 782 0.2177
692 783 0.2327
692 784 0.2327
692 785 0.2177
692 786 0.2282
692 789 0.2422
692 791 0.2213
692 793 0.4266
692 796 0.2182
692 797 0.3298
692 801 0.2300
692 803 0.3090
692 804 0.2570
692 805 0.2154
692 806 0.2584
692 807 0.2228
692 808 0.2182
692 809 0.2562
692 810 0.2234
692 811 0.7923
692 813 0.5372
692 814 0.2182
692 815 0.2562
692 816 0.2254
692 818 0.2941
692 821 0.5864
692 822 0.5365
692 823 0.5192
692 825 0.2313
692 827 0.2287
692 829 0.3132
692 831 0.3707
692 832 0.3701
692 834 0.2177
692 835 0.2327
692 836 0.2327
692 838 0.1931
692 844 0.2228
692 845 0.2941
692 846 0.2264
692 848 0.2562
692 849 0.2539
692 851 0.6711
692 853 0.2177
692 854 0.2937
692 855 0.2562
692 856 0.2234
692 858 0.2388
692 859 0.2285
692 860 0.2234
692 862 0.4534
692 864 0.2226
692 865 0.2941
692 867 0.2562
692 868 0.2177
692 869 0.2177
692 870 0.2228
692 871 0.2941
692 872 0.9335
692 876 0.2911
692 880 0.6001
692 882 0.2327
692 883 0.2154
692 884 0.2246
692 885 0.2228
692 886 0.2354
692 887 0.2313
692 889 0.2240
692 890 0.2228
692 891 0.6671
692 893 0.2177
692 894 0.2177
692 895 0.2228
692 896 0.2327
692 898 0.4336
692 899 0.2228
692 900 0.2177
692 901 0.2755
692 903 0.5780
692 905 0.2562
692 907 0.4717
692 908 0.2860
692 909 0.2540
692 910 0.2234
692 911 0.2862
692 914 0.3437
692 915 0.2349
692 917 0.2177
692 918 0.2251
692 919 0.2327
692 920 0.2327
692 921 0.2113
692 922 0.2862
692 924 0.2667
692 928 0.2177
692 929 0.2562
692 933 0.2177
692 935 0.2554
692 936 0.3132
692 938 0.2154
692 940 0.2177
692 941 0.4270
692 942 0.2234
692 943 0.2177
692 948 0.2177
692 950 0.1789
692 951 0.2234
692 952 0.2463
692 953 0.4768
692 954 0.2237
692 955 0.2327
692 956 0.2234
692 960 0.7344
692 961 0.4251
692 962 0.2562
692 963 0.2285
692 964 0.2828
692 965 0.2285
692 967 0.2177
692 968 0.4488
692 969 0.2562
692 971 0.2354
692 972 0.2327
692 974 0.8641
692 976 0.3090
692 977 0.2234
692 979 0.4455
692 980 0.2219
692 981 0.2177
692 985 0.2177
692 989 0.2639
692 990 0.4551
692 993 0.2325
692 994 0.6488
692 995 0.4898
692 999 0.2327
692 1000 0.2327
692 1001 0.2189
692 1002 0.5604
692 1003 0.3255
692 1004 0.5872
692 1006 0.2327
692 1007 0.6985
692 1010 0.2177
692 1013 0.2177
692 1014 0.3707
692 1015 0.3534
692 1017 0.2207
692 1020 0.2941
692 1023 0.2469
692 1024 0.2188
692 1026 0.8971
692 1027 0.2285
692 1029 0.2655
692 1030 0.3223
692 1033 0.3665
692 1034 0.2207
692 1035 0.2285
692 1036 0.2240
692 1038 0.2689
692 1039 0.3013
692 1042 0.2644
692 1043 0.3661
692 1044 0.2234
692 1045 0.3132
692 1046 0.2354
692 1047 0.2130
692 1048 0.2376
692 1049 0.2186
692 1050 0.2434
692 1051 0.4534
692 1052 0.2327
692 1053 0.2177
692 1054 0.2327
692 1055 0.2177
692 1057 0.4673
692 1060 0.3778
692 1061 0.3363
692 1063 0.2327
692 1066 0.2234
692 1067 0.4922
692 1068 0.2327
692 1069 0.2177
692 1070 0.8971
692 1071 0.2234
692 1072 0.2234
692 1073 0.2327
692 1078 0.2113
692 1079 0.5140
692 1080 0.2583
692 1081 0.3298
692 1082 0.2644
692 1083 0.6964
692 1084 0.2113
692 1085 0.2207
692 1087 0.2228
692 1089 0.2177
692 1090 0.2327
692 1094 0.2219
692 1095 0.2177
692 1096 0.2177
692 1099 0.9197
692 1103 0.2420
692 1104 0.4459
692 1105 0.3187
692 1106 0.9092
692 1107 0.4145
692 1108 0.2186
692 1109 0.2719
692 1111 0.2969
692 1113 0.5294
692 1115 0.2240
692 1118 0.2827
692 1119 0.2232
692 1120 0.2113
692 1121 0.2234
692 1122 0.2234
692 1125 0.2165
692 1126 0.2562
692 1127 0.3702
692 1128 0.5883
692 1129 0.2327
692 1132 0.2234
692 1133 0.3298
692 1135 0.7638
692 1138 0.2327
692 1142 0.2177
692 1143 0.3036
692 1146 0.2246
692 1147 0.2154
692 1148 0.2228
692 1150 0.5955
692 1151 0.2862
692 1152 0.4640
692 1153 0.2339
692 1154 0.4567
692 1155 0.2228
692 1156 0.2327
692 1157 0.2327
692 1159 0.2228
692 1161 0.2225
692 1163 0.6043
692 1165 0.3511
692 1167 0.2906
692 1169 0.2742
692 1173 0.2177
692 1174 0.2177
692 1177 0.2228
692 1180 0.2152
692 1181 0.2582
692 1182 0.2562
692 1185 0.2240
692 1187 0.2327
692 1191 0.2287
692 1192 0.2177
692 1193 0.2192
692 1194 0.2225
692 1195 0.3852
692 1196 0.2226
692 1197 0.2327
692 1199 0.2240
692 1200 0.2327
692 1201 0.2327
692 1202 0.2905
692 1204 0.2562
692 1205 0.2834
692 1207 0.2228
692 1208 0.2154
692 1209 0.2231
692 1211 0.3095
692 1213 0.2228
692 1217 0.2177
692 1218 0.2941
692 1222 0.2177
692 1225 0.5713
692 1226 0.2827
692 1227 0.2177
692 1228 0.2177
692 1229 0.4019
692 1230 0.2237
692 1231 0.2285
692 1235 0.2667
692 1236 0.2562
692 1237 0.2177
692 1238 0.2182
692 1240 0.4034
692 1242 0.3863
692 1243 0.2401
692 1245 0.2562
692 1246 0.2327
692 1247 0.2285
692 1250 0.2765
692 1252 0.2616
692 1255 0.2327
692 1256 0.2234
692 1258 0.2642
692 1259 0.2717
692 1260 0.2862
692 1262 0.2327
692 1263 0.2234
692 1265 0.2240
692 1266 0.2177
692 1268 0.4136
692 1269 0.9089
692 1270 0.2827
692 1271 0.2301
692 1273 0.2240
692 1274 0.2327
692 1275 0.3150
692 1276 0.9092
692 1278 0.2188
692 1279 0.2113
692 1280 0.2827
692 1281 0.2177
692 1282 0.2234
692 1283 0.4534
692 1284 0.2212
692 1286 0.3084
692 1287 0.3027
692 1288 0.2228
692 1289 0.4534
692 1292 0.9058
692 1293 0.2327
692 1297 0.2562
692 1298 0.2593
692 1301 0.2327
692 1303 0.5131
692 1304 0.2969
692 1305 0.2177
692 1307 0.4972
692 1308 0.3084
692 1311 0.2177
692 1316 0.9143
692 1318 0.2327
692 1320 0.2638
692 1322 0.2562
692 1323 0.2177
692 1328 0.2240
692 1329 0.3036
692 1330 0.2177
692 1331 0.2327
692 1334 0.2285
692 1335 0.2562
692 1337 0.2234
692 1342 0.3788
692 1343 0.2234
692 1344 0.2177
692 1346 0.2182
692 1349 0.2562
692 1350 0.2562
692 1354 0.2177
692 1356 0.2327
692 1358 0.2327
692 1360 0.2206
692 1361 0.2401
692 1363 0.2206
692 1365 0.2228
692 1366 0.2327
692 1367 0.2277
692 1368 0.2327
692 1369 0.4033
692 1370 0.3036
692 1371 0.2186
692 1374 0.2562
692 1377 0.2327
692 1378 0.3036
692 1379 0.2228
692 1381 0.2354
692 1382 0.2234
692 1383 0.2182
692 1386 0.2368
692 1387 0.2862
692 1388 0.3132
692 1389 0.2327
692 1390 0.2254
692 1394 0.2234
692 1397 0.5637
692 1398 0.2773
692 1399 0.2327
692 1401 0.2327
692 1402 0.2177
692 1405 0.9061
692 1407 0.3132
692 1408 0.2285
692 1410 0.2228
692 1412 0.2228
692 1413 0.2327
692 1414 0.2327
692 1415 0.2307
692 1416 0.2177
692 1418 0.2562
692 1419 0.2531
692 1422 0.2177
692 1423 0.2186
692 1424 0.2327
692 1425 0.2177
692 1426 0.4059
692 1428 0.2357
692 1430 0.2210
692 1431 0.2186
692 1434 0.7520
692 1435 0.3786
692 1437 0.2186
692 1439 0.2177
692 1440 0.2988
692 1445 0.2292
692 1448 0.2177
692 1449 0.2177
692 1451 0.2177
692 1452 0.2562
692 1455 0.2642
692 1457 0.3735
692 1458 0.3966
692 1461 0.2177
692 1462 0.2285
692 1464 0.2238
692 1465 0.2177
692 1466 0.2285
692 1472 0.3041
692 1473 0.2177
692 1476 0.2177
692 1480 0.2228
692 1484 0.3036
692 1485 0.2285
692 1492 0.3133
692 1493 0.2228
692 1494 0.2234
692 1500 0.2327
692 1501 0.3665
692 1504 0.3786
692 1507 0.2113
692 1510 0.3041
692 1511 0.2327
692 1512 0.2113
692 1516 0.2240
692 1517 0.4795
692 1518 0.2614
692 1519 0.9096
692 1520 0.8285
692 1526 0.4216
692 1527 0.2642
692 1528 0.2327
692 1529 0.2177
692 1530 0.8965
692 1532 0.3270
692 1534 0.2177
692 1535 0.2240
692 1536 0.2189
692 1537 0.4534
692 1538 0.3763
692 1540 0.3008
692 1542 0.2327
692 1544 0.2228
692 1547 0.2327
692 1548 0.3786
692 1549 0.2562
692 1551 0.3260
692 1553 0.2562
692 1554 0.2562
692 1560 0.3702
692 1565 0.3600
692 1566 0.2154
692 1567 0.2228
692 1569 0.2862
692 1572 0.2327
692 1575 0.2150
692 1578 0.2186
692 1582 0.2562
692 1583 0.3224
692 1585 0.2228
692 1591 0.2240
692 1593 0.2616
692 1594 0.2225
692 1595 0.2277
692 1597 0.2212
692 1598 0.2177
692 1599 0.2327
692 1601 0.2182
692 1603 0.2177
692 1605 0.2182
692 1606 0.3281
692 1608 0.4466
692 1612 0.2177
692 1613 0.2177
692 1618 0.4201
692 1619 0.2234
692 1621 0.2582
692 1622 0.4658
692 1623 0.2113
692 1624 0.2974
692 1630 0.2234
692 1631 0.2562
692 1637 0.2644
692 1640 0.2234
692 1644 0.2327
692 1645 0.2177
692 1646 0.2327
692 1654 0.3665
692 1655 0.2177
692 1656 0.2177
692 1659 0.2735
692 1660 0.2579
692 1661 0.2327
692 1663 0.8971
692 1664 0.2177
692 1665 0.2240
692 1667 0.2642
692 1668 0.8971
692 1671 0.2177
692 1675 0.2236
692 1677 0.2234
692 1678 0.2327
692 1679 0.9065
692 1680 0.2228
692 1681 0.2754
692 1682 0.2240
692 1686 0.2307
692 1687 0.2240
692 1688 0.2773
692 1689 0.9101
692 1690 0.2113
692 1691 0.3756
692 1692 0.8895
692 1693 0.2228
692 1694 0.2562
692 1696 0.2327
692 1699 0.2562
692 1700 0.2177
692 1701 0.2186
692 1702 0.2210
692 1704 0.2234
692 1705 0.2225
692 1706 0.2186
692 1707 0.2225
692 1710 0.2562
692 1711 0.2225
692 1712 0.9084
692 1713 0.2177
692 1714 0.2123
692 1717 0.7786
692 1718 0.2113
692 1719 0.2316
692 1721 0.2285
692 1724 0.2562
692 1728 0.2186
692 1729 0.2562
693 694 0.1899
693 695 0.3570
693 696 0.1903
693 697 0.1782
693 698 0.2575
693 699 0.1863
693 700 0.2168
693 701 0.2168
693 702 0.7594
693 703 0.8391
693 704 0.9637
693 705 0.3446
693 706 0.3677
693 707 0.2190
693 709 0.1863
693 710 0.1863
693 711 0.6987
693 712 0.2210
693 714 0.4510
693 716 0.3722
693 718 0.2062
693 722 0.2148
693 723 0.2286
693 726 0.9554
693 727 0.1988
693 728 0.7709
693 729 0.1988
693 731 0.1988
693 732 0.4327
693 734 0.1863
693 735 0.1899
693 736 0.3424
693 737 0.6286
693 740 0.9306
693 741 0.3439
693 742 0.2339
693 743 0.7272
693 744 0.9627
693 745 0.7938
693 748 0.5050
693 750 0.4894
693 751 0.2659
693 752 0.9627
693 753 0.2756
693 754 0.1863
693 755 0.6970
693 756 0.2266
693 757 0.3730
693 758 0.1662
693 759 0.1988
693 761 0.1890
693 762 0.1890
693 763 0.3448
693 765 0.2638
693 767 0.1988
693 768 0.6921
693 769 0.2276
693 770 0.4411
693 771 0.1863
693 772 0.1863
693 773 0.2099
693 775 0.1890
693 777 0.2129
693 778 0.1863
693 779 0.3309
693 780 0.2215
693 781 0.4905
693 782 0.1863
693 783 0.1890
693 784 0.1890
693 785 0.1863
693 786 0.2812
693 789 0.2686
693 791 0.2339
693 793 0.3626
693 796 0.2213
693 797 0.1971
693 801 0.2300
693 803 0.1929
693 804 0.2473
693 805 0.9351
693 806 0.2482
693 807 0.1988
693 808 0.1903
693 809 0.2099
693 810 0.9459
693 811 0.4688
693 813 0.4092
693 814 0.2213
693 815 0.2099
693 816 0.2601
693 818 0.2659
693 821 0.4138
693 822 0.1907
693 823 0.5937
693 825 0.9658
693 827 0.9293
693 829 0.2478
693 831 0.5668
693 832 0.9519
693 834 0.1863
693 835 0.1890
693 836 0.1890
693 838 0.9631
693 844 0.1988
693 845 0.2659
693 846 0.9657
693 848 0.2099
693 849 0.9677
693 851 0.9337
693 853 0.1863
693 854 0.2099
693 855 0.2099
693 856 0.2168
693 858 0.9435
693 859 0.2276
693 860 0.2168
693 862 0.1662
693 864 0.8851
693 865 0.9422
693 867 0.2099
693 868 0.1863
693 869 0.1863
693 870 0.1988
693 871 0.2659
693 872 0.9597
693 876 0.2316
693 880 0.3011
693 882 0.1890
693 883 0.9351
693 884 0.2526
693 885 0.1988
693 886 0.1942
693 887 0.7942
693 889 0.2286
693 890 0.1988
693 891 0.7630
693 893 0.1863
693 894 0.1863
693 895 0.1988
693 896 0.1890
693 898 0.2221
693 899 0.1988
693 900 0.1863
693 901 0.2742
693 903 0.2690
693 905 0.2099
693 907 0.2528
693 908 0.6293
693 909 0.9381
693 910 0.2168
693 911 0.2703
693 914 0.1855
693 915 0.4860
693 917 0.1863
693 918 0.8659
693 919 0.1890
693 920 0.1890
693 921 0.3179
693 922 0.5998
693 924 0.2489
693 928 0.1863
693 929 0.4655
693 933 0.1863
693 935 0.9534
693 936 0.2478
693 938 0.2139
693 940 0.1863
693 941 0.2679
693 942 0.6970
693 943 0.1863
693 948 0.1863
693 950 0.7886
693 951 0.2168
693 952 0.2999
693 953 0.4411
693 954 0.2215
693 955 0.1890
693 956 0.2168
693 960 0.7433
693 961 0.3815
693 962 0.2099
693 963 0.2276
693 964 0.6246
693 965 0.3309
693 967 0.1863
693 968 0.7706
693 969 0.2099
693 971 0.1942
693 972 0.2800
693 974 0.9596
693 976 0.1929
693 977 0.2168
693 979 0.8434
693 980 0.1971
693 981 0.1863
693 985 0.1863
693 989 0.2301
693 990 0.4125
693 993 0.8977
693 994 0.7461
693 995 0.9548
693 999 0.1890
693 1000 0.3391
693 1001 0.1701
693 1002 0.2043
693 1003 0.2930
693 1004 0.4225
693 1006 0.1890
693 1007 0.4561
693 1010 0.1863
693 1013 0.1863
693 1014 0.3189
693 1015 0.4908
693 1017 0.2051
693 1020 0.2659
693 1023 0.4135
693 1024 0.2270
693 1026 0.1735
693 1027 0.2276
693 1029 0.7139
693 1030 0.3309
693 1033 0.2210
693 1034 0.2004
693 1035 0.1880
693 1036 0.2286
693 1038 0.2276
693 1039 0.2801
693 1042 0.2532
693 1043 0.1980
693 1044 0.9459
693 1045 0.4216
693 1046 0.1942
693 1047 0.9548
693 1048 0.2784
693 1049 0.8411
693 1050 0.7595
693 1051 0.1662
693 1052 0.1890
693 1053 0.1863
693 1054 0.1890
693 1055 0.1863
693 1057 0.2241
693 1060 0.3275
693 1061 0.2555
693 1063 0.1890
693 1066 0.2168
693 1067 0.9466
693 1068 0.1890
693 1069 0.1863
693 1070 0.1735
693 1071 0.2168
693 1072 0.2168
693 1073 0.1890
693 1078 0.2210
693 1079 0.6429
693 1080 0.2437
693 1081 0.1971
693 1082 0.2699
693 1083 0.6121
693 1084 0.3179
693 1085 0.2051
693 1087 0.1988
693 1089 0.1863
693 1090 0.4323
693 1094 0.1971
693 1095 0.1863
693 1096 0.1863
693 1099 0.8556
693 1103 0.3945
693 1104 0.5122
693 1105 0.8399
693 1106 0.3406
693 1107 0.3570
693 1108 0.8411
693 1109 0.2486
693 1111 0.2168
693 1113 0.1959
693 1115 0.2286
693 1118 0.7521
693 1119 0.2182
693 1120 0.2210
693 1121 0.2168
693 1122 0.2168
693 1125 0.7594
693 1126 0.5182
693 1127 0.2276
693 1128 0.3570
693 1129 0.1890
693 1132 0.2168
693 1133 0.1971
693 1135 0.6781
693 1138 0.1890
693 1142 0.1863
693 1143 0.2417
693 1146 0.2526
693 1147 0.9351
693 1148 0.1885
693 1150 0.8443
693 1151 0.2703
693 1152 0.2955
693 1153 0.9637
693 1154 0.9735
693 1155 0.1988
693 1156 0.1890
693 1157 0.1890
693 1159 0.1988
693 1161 0.9669
693 1163 0.4728
693 1165 0.2679
693 1167 0.2480
693 1169 0.5741
693 1173 0.1863
693 1174 0.1863
693 1177 0.1988
693 1180 0.9050
693 1181 0.5483
693 1182 0.2099
693 1185 0.2884
693 1187 0.3407
693 1191 0.7709
693 1192 0.1863
693 1193 0.7254
693 1194 0.9677
693 1195 0.5035
693 1196 0.9510
693 1197 0.1890
693 1199 0.2286
693 1200 0.1890
693 1201 0.5289
693 1202 0.2156
693 1204 0.2961
693 1205 0.2300
693 1207 0.1988
693 1208 0.4904
693 1209 0.8050
693 1211 0.2350
693 1213 0.1988
693 1217 0.1863
693 1218 0.2659
693 1222 0.1863
693 1225 0.5312
693 1226 0.2691
693 1227 0.1863
693 1228 0.1863
693 1229 0.9604
693 1230 0.2215
693 1231 0.2276
693 1235 0.2489
693 1236 0.2099
693 1237 0.1863
693 1238 0.2213
693 1240 0.6042
693 1242 0.5431
693 1243 0.1863
693 1245 0.2099
693 1246 0.4574
693 1247 0.2276
693 1250 0.3069
693 1252 0.2578
693 1255 0.2800
693 1256 0.2168
693 1258 0.2129
693 1259 0.3555
693 1260 0.2703
693 1262 0.2800
693 1263 0.2168
693 1265 0.2884
693 1266 0.1863
693 1268 0.4168
693 1269 0.2481
693 1270 0.3701
693 1271 0.2751
693 1273 0.2884
693 1274 0.1890
693 1275 0.4499
693 1276 0.2219
693 1278 0.2270
693 1279 0.2210
693 1280 0.3959
693 1281 0.1863
693 1282 0.2168
693 1283 0.1662
693 1284 0.2038
693 1286 0.1922
693 1287 0.2092
693 1288 0.1988
693 1289 0.1662
693 1292 0.4877
693 1293 0.1890
693 1297 0.2961
693 1298 0.2416
693 1301 0.1890
693 1303 0.2659
693 1304 0.2168
693 1305 0.1863
693 1307 0.1774
693 1308 0.1922
693 1311 0.1863
693 1316 0.8644
693 1318 0.1890
693 1320 0.2210
693 1322 0.2099
693 1323 0.1863
693 1328 0.2286
693 1329 0.2417
693 1330 0.1863
693 1331 0.1890
693 1334 0.2276
693 1335 0.3248
693 1337 0.2168
693 1342 0.3372
693 1343 0.2168
693 1344 0.1863
693 1346 0.2213
693 1349 0.2099
693 1350 0.2099
693 1354 0.1863
693 1356 0.1890
693 1358 0.1890
693 1360 0.2266
693 1361 0.1863
693 1363 0.2266
693 1365 0.1988
693 1366 0.1890
693 1367 0.5471
693 1368 0.1890
693 1369 0.5388
693 1370 0.2417
693 1371 0.1929
693 1374 0.2099
693 1377 0.1890
693 1378 0.2417
693 1379 0.1988
693 1381 0.3815
693 1382 0.3261
693 1383 0.2213
693 1386 0.2808
693 1387 0.2703
693 1388 0.2478
693 1389 0.1890
693 1390 0.2601
693 1394 0.3261
693 1397 0.5471
693 1398 0.2591
693 1399 0.1890
693 1401 0.1890
693 1402 0.1863
693 1405 0.2378
693 1407 0.2478
693 1408 0.3309
693 1410 0.1988
693 1412 0.1988
693 1413 0.2800
693 1414 0.1890
693 1415 0.4726
693 1416 0.1863
693 1418 0.5655
693 1419 0.2609
693 1422 0.1863
693 1423 0.8411
693 1424 0.1890
693 1425 0.1863
693 1426 0.9639
693 1428 0.8149
693 1430 0.3722
693 1431 0.8411
693 1434 0.9532
693 1435 0.9620
693 1437 0.1929
693 1439 0.1863
693 1440 0.9667
693 1445 0.8636
693 1448 0.1863
693 1449 0.1863
693 1451 0.1863
693 1452 0.2099
693 1455 0.2129
693 1457 0.2464
693 1458 0.2171
693 1461 0.1863
693 1462 0.2276
693 1464 0.1782
693 1465 0.1863
693 1466 0.1880
693 1472 0.2551
693 1473 0.1863
693 1476 0.1863
693 1480 0.1988
693 1484 0.2417
693 1485 0.2276
693 1492 0.1662
693 1493 0.1988
693 1494 0.2168
693 1500 0.1890
693 1501 0.2210
693 1504 0.2236
693 1507 0.4586
693 1510 0.5087
693 1511 0.1890
693 1512 0.4586
693 1516 0.2286
693 1517 0.2247
693 1518 0.2148
693 1519 0.2065
693 1520 0.6233
693 1526 0.1825
693 1527 0.2129
693 1528 0.1890
693 1529 0.1863
693 1530 0.2984
693 1532 0.3553
693 1534 0.1863
693 1535 0.2286
693 1536 0.1701
693 1537 0.1662
693 1538 0.2703
693 1540 0.5107
693 1542 0.1890
693 1544 0.1988
693 1547 0.1890
693 1548 0.2236
693 1549 0.2099
693 1551 0.2255
693 1553 0.2099
693 1554 0.2099
693 1560 0.2276
693 1565 0.1825
693 1566 0.5392
693 1567 0.1988
693 1569 0.4768
693 1572 0.1890
693 1575 0.3486
693 1578 0.1929
693 1582 0.2961
693 1583 0.2801
693 1585 0.1988
693 1591 0.2286
693 1593 0.2578
693 1594 0.2439
693 1595 0.5471
693 1597 0.3589
693 1598 0.1863
693 1599 0.3391
693 1601 0.2213
693 1603 0.1863
693 1605 0.2213
693 1606 0.6748
693 1608 0.3958
693 1612 0.1863
693 1613 0.1863
693 1618 0.2591
693 1619 0.2168
693 1621 0.2152
693 1622 0.6063
693 1623 0.2210
693 1624 0.4552
693 1630 0.2168
693 1631 0.2099
693 1637 0.2699
693 1640 0.2168
693 1644 0.1890
693 1645 0.1863
693 1646 0.1890
693 1654 0.2210
693 1655 0.1863
693 1656 0.1863
693 1659 0.2236
693 1660 0.2422
693 1661 0.1890
693 1663 0.1735
693 1664 0.1863
693 1665 0.2286
693 1667 0.2129
693 1668 0.1735
693 1671 0.1863
693 1675 0.9546
693 1677 0.3261
693 1678 0.1890
693 1679 0.3573
693 1680 0.1988
693 1681 0.1890
693 1682 0.2286
693 1686 0.4726
693 1687 0.2286
693 1688 0.3671
693 1689 0.9629
693 1690 0.4586
693 1691 0.9526
693 1692 0.1984
693 1693 0.1988
693 1694 0.9302
693 1696 0.1890
693 1699 0.2862
693 1700 0.1863
693 1701 0.8411
693 1702 0.3722
693 1704 0.6970
693 1705 0.9677
693 1706 0.8411
693 1707 0.9669
693 1710 0.2862
693 1711 0.9669
693 1712 0.9632
693 1713 0.1863
693 1714 0.8029
693 1717 0.9488
693 1718 0.9448
693 1719 0.8591
693 1721 0.2276
693 1724 0.3999
693 1728 0.7549
693 1729 0.5696
694 695 0.4078
694 696 0.3327
694 697 0.5941
694 698 0.2723
694 699 0.2130
694 700 0.2541
694 701 0.3373
694 702 0.1899
694 703 0.3029
694 704 0.1838
694 705 0.3288
694 706 0.3662
694 707 0.2211
694 709 0.2130
694 710 0.2130
694 711 0.4551
694 712 0.3347
694 714 0.5893
694 716 0.1899
694 718 0.6381
694 722 0.2143
694 723 0.2076
694 726 0.2503
694 727 0.2156
694 728 0.5771
694 729 0.2156
694 731 0.2156
694 732 0.2973
694 734 0.2130
694 735 0.3289
694 736 0.3982
694 737 0.3532
694 740 0.2310
694 741 0.7424
694 742 0.4661
694 743 0.2214
694 744 0.2091
694 745 0.1992
694 748 0.9107
694 750 0.2454
694 751 0.3140
694 752 0.4434
694 753 0.2836
694 754 0.2130
694 755 0.1826
694 756 0.1917
694 757 0.4362
694 758 0.5671
694 759 0.2156
694 761 0.3875
694 762 0.2182
694 763 0.3678
694 765 0.3172
694 767 0.2156
694 768 0.5148
694 769 0.7835
694 770 0.4630
694 771 0.2130
694 772 0.2130
694 773 0.2428
694 775 0.2182
694 777 0.2481
694 778 0.2130
694 779 0.2179
694 780 0.3407
694 781 0.2582
694 782 0.2130
694 783 0.2182
694 784 0.2182
694 785 0.2130
694 786 0.8044
694 789 0.2579
694 791 0.4661
694 793 0.3858
694 796 0.2340
694 797 0.2006
694 801 0.2526
694 803 0.2007
694 804 0.3398
694 805 0.1875
694 806 0.4658
694 807 0.2156
694 808 0.3327
694 809 0.2428
694 810 0.4099
694 811 0.6978
694 813 0.7436
694 814 0.2340
694 815 0.2428
694 816 0.1848
694 818 0.3140
694 821 0.6710
694 822 0.1914
694 823 0.5579
694 825 0.2037
694 827 0.2182
694 829 0.2969
694 831 0.3730
694 832 0.3591
694 834 0.2130
694 835 0.2182
694 836 0.2182
694 838 0.2338
694 844 0.2156
694 845 0.3140
694 846 0.2019
694 848 0.2428
694 849 0.2407
694 851 0.6962
694 853 0.2130
694 854 0.2428
694 855 0.2428
694 856 0.4099
694 858 0.2071
694 859 0.2179
694 860 0.2541
694 862 0.1903
694 864 0.2228
694 865 0.3347
694 867 0.2428
694 868 0.2130
694 869 0.2130
694 870 0.2156
694 871 0.3140
694 872 0.9452
694 876 0.2310
694 880 0.8154
694 882 0.2182
694 883 0.1875
694 884 0.2608
694 885 0.2156
694 886 0.1899
694 887 0.2097
694 889 0.2076
694 890 0.2156
694 891 0.8744
694 893 0.2130
694 894 0.2130
694 895 0.2156
694 896 0.2182
694 898 0.2069
694 899 0.2156
694 900 0.2130
694 901 0.2368
694 903 0.2883
694 905 0.2428
694 907 0.6174
694 908 0.2298
694 909 0.2524
694 910 0.2541
694 911 0.3125
694 914 0.7011
694 915 0.3176
694 917 0.2130
694 918 0.2463
694 919 0.2182
694 920 0.2182
694 921 0.2307
694 922 0.3125
694 924 0.2979
694 928 0.2130
694 929 0.2428
694 933 0.2130
694 935 0.2810
694 936 0.2969
694 938 0.5734
694 940 0.2130
694 941 0.4648
694 942 0.1826
694 943 0.2130
694 948 0.2130
694 950 0.2367
694 951 0.2541
694 952 0.2126
694 953 0.4630
694 954 0.2113
694 955 0.2182
694 956 0.2541
694 960 0.6359
694 961 0.5682
694 962 0.2428
694 963 0.2179
694 964 0.2341
694 965 0.2179
694 967 0.2130
694 968 0.5055
694 969 0.2428
694 971 0.3285
694 972 0.2182
694 974 0.8387
694 976 0.2007
694 977 0.2541
694 979 0.5667
694 980 0.2006
694 981 0.2130
694 985 0.2130
694 989 0.2325
694 990 0.4278
694 993 0.2356
694 994 0.8803
694 995 0.5084
694 999 0.4461
694 1000 0.2182
694 1001 0.1912
694 1002 0.2422
694 1003 0.4588
694 1004 0.3833
694 1006 0.2182
694 1007 0.4837
694 1010 0.2130
694 1013 0.2130
694 1014 0.3730
694 1015 0.5508
694 1017 0.2022
694 1020 0.3140
694 1023 0.3241
694 1024 0.1842
694 1026 0.3356
694 1027 0.2179
694 1029 0.2185
694 1030 0.2482
694 1033 0.2307
694 1034 0.2055
694 1035 0.2394
694 1036 0.2076
694 1038 0.2179
694 1039 0.2991
694 1042 0.2965
694 1043 0.6508
694 1044 0.4099
694 1045 0.2969
694 1046 0.3285
694 1047 0.3173
694 1048 0.5248
694 1049 0.2565
694 1050 0.2143
694 1051 0.1903
694 1052 0.2182
694 1053 0.2130
694 1054 0.2182
694 1055 0.2130
694 1057 0.6164
694 1060 0.3621
694 1061 0.4193
694 1063 0.2182
694 1066 0.4434
694 1067 0.7810
694 1068 0.2182
694 1069 0.2130
694 1070 0.3356
694 1071 0.2541
694 1072 0.2541
694 1073 0.2182
694 1078 0.2948
694 1079 0.2996
694 1080 0.2331
694 1081 0.2006
694 1082 0.2395
694 1083 0.6518
694 1084 0.2307
694 1085 0.2022
694 1087 0.2156
694 1089 0.2130
694 1090 0.2182
694 1094 0.2006
694 1095 0.2130
694 1096 0.2130
694 1099 0.9236
694 1103 0.2843
694 1104 0.3577
694 1105 0.3439
694 1106 0.4809
694 1107 0.4078
694 1108 0.2565
694 1109 0.5424
694 1111 0.2541
694 1113 0.2504
694 1115 0.2076
694 1118 0.3099
694 1119 0.8550
694 1120 0.3549
694 1121 0.2541
694 1122 0.4099
694 1125 0.1899
694 1126 0.2428
694 1127 0.2179
694 1128 0.4078
694 1129 0.3075
694 1132 0.2541
694 1133 0.2006
694 1135 0.8637
694 1138 0.2182
694 1142 0.2130
694 1143 0.2849
694 1146 0.2608
694 1147 0.1875
694 1148 0.5304
694 1150 0.6089
694 1151 0.3934
694 1152 0.5078
694 1153 0.1959
694 1154 0.4448
694 1155 0.2156
694 1156 0.2182
694 1157 0.2182
694 1159 0.2156
694 1161 0.1883
694 1163 0.5552
694 1165 0.2561
694 1167 0.2221
694 1169 0.2227
694 1173 0.2130
694 1174 0.2130
694 1177 0.2156
694 1180 0.1991
694 1181 0.2200
694 1182 0.2428
694 1185 0.2076
694 1187 0.2182
694 1191 0.2213
694 1192 0.2130
694 1193 0.2408
694 1194 0.1826
694 1195 0.3854
694 1196 0.2237
694 1197 0.2182
694 1199 0.2076
694 1200 0.2182
694 1201 0.2182
694 1202 0.2483
694 1204 0.2428
694 1205 0.2405
694 1207 0.2156
694 1208 0.2138
694 1209 0.1880
694 1211 0.2614
694 1213 0.2156
694 1217 0.2130
694 1218 0.3140
694 1222 0.2130
694 1225 0.5519
694 1226 0.3099
694 1227 0.2130
694 1228 0.2130
694 1229 0.4100
694 1230 0.2113
694 1231 0.2179
694 1235 0.2979
694 1236 0.2428
694 1237 0.2130
694 1238 0.2340
694 1240 0.4797
694 1242 0.3389
694 1243 0.1837
694 1245 0.2428
694 1246 0.2182
694 1247 0.2179
694 1250 0.2342
694 1252 0.2797
694 1255 0.2182
694 1256 0.2541
694 1258 0.2481
694 1259 0.2420
694 1260 0.3125
694 1262 0.2182
694 1263 0.2541
694 1265 0.2076
694 1266 0.2130
694 1268 0.4203
694 1269 0.4810
694 1270 0.3099
694 1271 0.2162
694 1273 0.2076
694 1274 0.3075
694 1275 0.3599
694 1276 0.4809
694 1278 0.1842
694 1279 0.2307
694 1280 0.3099
694 1281 0.2130
694 1282 0.4099
694 1283 0.1903
694 1284 0.2350
694 1286 0.3145
694 1287 0.2329
694 1288 0.2156
694 1289 0.1903
694 1292 0.4765
694 1293 0.2182
694 1297 0.2428
694 1298 0.2490
694 1301 0.2182
694 1303 0.3140
694 1304 0.2541
694 1305 0.2130
694 1307 0.1963
694 1308 0.3145
694 1311 0.2130
694 1316 0.8490
694 1318 0.2182
694 1320 0.2307
694 1322 0.2428
694 1323 0.2130
694 1328 0.8066
694 1329 0.2849
694 1330 0.2130
694 1331 0.2182
694 1334 0.2179
694 1335 0.2428
694 1337 0.2541
694 1342 0.3602
694 1343 0.2541
694 1344 0.2130
694 1346 0.2340
694 1349 0.2428
694 1350 0.2428
694 1354 0.2130
694 1356 0.2182
694 1358 0.2182
694 1360 0.1917
694 1361 0.1837
694 1363 0.1917
694 1365 0.2156
694 1366 0.2182
694 1367 0.1973
694 1368 0.2182
694 1369 0.3674
694 1370 0.2849
694 1371 0.2007
694 1374 0.2428
694 1377 0.2182
694 1378 0.2849
694 1379 0.2156
694 1381 0.1899
694 1382 0.2541
694 1383 0.2340
694 1386 0.2148
694 1387 0.3125
694 1388 0.2969
694 1389 0.2182
694 1390 0.1848
694 1394 0.2541
694 1397 0.2830
694 1398 0.2582
694 1399 0.2182
694 1401 0.2182
694 1402 0.2130
694 1405 0.4360
694 1407 0.2969
694 1408 0.2179
694 1410 0.2156
694 1412 0.2156
694 1413 0.2182
694 1414 0.2182
694 1415 0.2588
694 1416 0.2130
694 1418 0.2428
694 1419 0.5367
694 1422 0.2130
694 1423 0.2565
694 1424 0.2182
694 1425 0.2130
694 1426 0.3453
694 1428 0.2351
694 1430 0.1899
694 1431 0.2565
694 1434 0.5707
694 1435 0.3618
694 1437 0.2007
694 1439 0.2130
694 1440 0.2721
694 1445 0.2557
694 1448 0.2130
694 1449 0.2130
694 1451 0.2130
694 1452 0.2428
694 1455 0.2481
694 1457 0.2407
694 1458 0.3870
694 1461 0.2130
694 1462 0.4642
694 1464 0.5941
694 1465 0.2130
694 1466 0.2394
694 1472 0.4076
694 1473 0.2130
694 1476 0.2130
694 1480 0.2156
694 1484 0.2849
694 1485 0.2179
694 1492 0.5671
694 1493 0.2156
694 1494 0.2541
694 1500 0.2182
694 1501 0.3549
694 1504 0.3801
694 1507 0.2307
694 1510 0.2794
694 1511 0.2182
694 1512 0.2307
694 1516 0.2076
694 1517 0.3436
694 1518 0.5896
694 1519 0.2229
694 1520 0.6278
694 1526 0.1910
694 1527 0.2481
694 1528 0.2182
694 1529 0.2130
694 1530 0.3654
694 1532 0.2666
694 1534 0.2130
694 1535 0.2076
694 1536 0.1912
694 1537 0.1903
694 1538 0.4522
694 1540 0.2636
694 1542 0.2182
694 1544 0.2156
694 1547 0.2182
694 1548 0.2219
694 1549 0.2428
694 1551 0.3372
694 1553 0.2428
694 1554 0.2428
694 1560 0.2179
694 1565 0.1833
694 1566 0.2138
694 1567 0.2156
694 1569 0.3125
694 1572 0.2182
694 1575 0.2225
694 1578 0.2007
694 1582 0.2428
694 1583 0.2991
694 1585 0.2156
694 1591 0.2076
694 1593 0.2797
694 1594 0.1826
694 1595 0.1973
694 1597 0.2350
694 1598 0.2130
694 1599 0.2182
694 1601 0.2340
694 1603 0.2130
694 1605 0.2340
694 1606 0.2881
694 1608 0.4184
694 1612 0.2130
694 1613 0.2130
694 1618 0.4110
694 1619 0.2541
694 1621 0.2200
694 1622 0.4082
694 1623 0.2307
694 1624 0.2517
694 1630 0.2541
694 1631 0.2428
694 1637 0.2395
694 1640 0.2541
694 1644 0.2182
694 1645 0.2130
694 1646 0.2182
694 1654 0.2307
694 1655 0.2130
694 1656 0.2130
694 1659 0.2219
694 1660 0.2217
694 1661 0.2182
694 1663 0.3356
694 1664 0.2130
694 1665 0.8066
694 1667 0.2481
694 1668 0.3356
694 1671 0.2130
694 1675 0.2632
694 1677 0.2541
694 1678 0.2182
694 1679 0.4064
694 1680 0.2156
694 1681 0.3875
694 1682 0.2076
694 1686 0.2588
694 1687 0.2076
694 1688 0.3010
694 1689 0.8886
694 1690 0.2307
694 1691 0.3820
694 1692 0.4146
694 1693 0.2156
694 1694 0.2428
694 1696 0.2182
694 1699 0.2428
694 1700 0.2130
694 1701 0.2565
694 1702 0.1899
694 1704 0.1826
694 1705 0.1826
694 1706 0.2565
694 1707 0.1883
694 1710 0.2428
694 1711 0.1883
694 1712 0.9183
694 1713 0.2130
694 1714 0.2069
694 1717 0.3938
694 1718 0.2307
694 1719 0.3028
694 1721 0.2179
694 1724 0.2428
694 1728 0.2967
694 1729 0.2428
695 696 0.4093
695 697 0.3616
695 698 0.8879
695 699 0.3915
695 700 0.4104
695 701 0.4104
695 702 0.3470
695 703 0.5145
695 704 0.2898
695 705 0.7159
695 706 0.5502
695 707 0.4276
695 709 0.3915
695 710 0.3915
695 711 0.6132
695 712 0.4145
695 714 0.4825
695 716 0.3570
695 718 0.4159
695 722 0.3544
695 723 0.4281
695 726 0.2898
695 727 0.3155
695 728 0.4090
695 729 0.3155
695 731 0.3155
695 732 0.5328
695 734 0.3915
695 735 0.4078
695 736 0.5110
695 737 0.6693
695 740 0.4991
