284 391 0.3341
284 392 0.3261
284 393 0.3054
284 396 0.3034
284 398 0.8181
284 399 0.3371
284 400 0.3324
284 403 0.3021
284 404 0.3354
284 405 0.3097
284 406 0.7570
284 408 0.3418
284 409 0.2895
284 413 0.3315
284 414 0.3188
284 415 0.3803
284 418 0.3865
284 420 0.3261
284 425 0.2832
284 427 0.3609
284 428 0.3223
284 432 0.3247
284 433 0.3261
284 434 0.3445
284 436 0.3261
284 438 0.3060
284 439 0.3247
284 440 0.3261
284 442 0.3239
284 445 0.9146
284 447 0.3416
284 449 0.3135
284 450 0.3865
284 451 0.3188
284 452 0.9633
284 453 0.8388
284 454 0.3409
284 455 0.3492
284 456 0.3241
284 457 0.3261
284 458 0.3054
284 459 0.3058
284 460 0.3372
284 461 0.3261
284 463 0.3568
284 464 0.3324
284 465 0.3188
284 466 0.3122
284 467 0.3261
284 468 0.8395
284 470 0.2799
284 472 0.9589
284 475 0.3653
284 476 0.3150
284 479 0.3261
284 481 0.3376
284 482 0.3261
284 485 0.9393
284 487 0.3188
284 488 0.2815
284 489 0.3261
284 490 0.3609
284 491 0.3865
284 492 0.3055
284 494 0.3054
284 495 0.3577
284 498 0.3609
284 499 0.3372
284 501 0.9572
284 505 0.3458
284 506 0.3149
284 507 0.9310
284 508 0.3261
284 509 0.3261
284 511 0.3312
284 513 0.2919
284 514 0.3247
284 515 0.3324
284 517 0.3261
284 519 0.8223
284 521 0.3054
284 522 0.3492
284 523 0.7256
284 525 0.3184
284 526 0.3149
284 528 0.2836
284 531 0.3149
284 534 0.3184
284 536 0.9386
284 537 0.3376
284 538 0.3054
284 540 0.4040
284 541 0.3372
284 542 0.3247
284 545 0.3184
284 546 0.3324
284 548 0.3324
284 554 0.8160
284 555 0.3261
284 556 0.3247
284 557 0.3261
284 558 0.3492
284 559 0.8866
284 560 0.8995
284 561 0.3261
284 562 0.3261
284 563 0.2841
284 564 0.9094
284 568 0.9568
284 569 0.9183
284 570 0.3134
284 572 0.3395
284 573 0.3331
284 574 0.2821
284 575 0.3865
284 576 0.3568
284 577 0.3184
284 579 0.3769
284 581 0.3054
284 582 0.9494
284 583 0.8590
284 584 0.2866
284 585 0.3261
284 586 0.3247
284 587 0.3667
284 589 0.3492
284 590 0.3150
284 593 0.3149
284 594 0.3865
284 595 0.3188
284 600 0.3184
284 601 0.3261
284 602 0.3492
284 607 0.3247
284 608 0.3054
284 612 0.3273
284 613 0.9599
284 617 0.3865
284 618 0.7747
284 619 0.3149
284 621 0.3664
284 623 0.3054
284 625 0.3247
284 626 0.9551
284 627 0.3033
284 628 0.9750
284 631 0.3288
284 632 0.2842
284 633 0.2813
284 634 0.3365
284 637 0.3683
284 638 0.3188
284 639 0.9670
284 641 0.3198
284 642 0.3184
284 643 0.3358
284 645 0.2938
284 646 0.3419
284 648 0.8592
284 649 0.8846
284 650 0.3320
284 651 0.3167
284 653 0.3665
284 655 0.3261
284 656 0.3054
284 657 0.8401
284 658 0.3389
284 660 0.3054
284 662 0.3247
284 663 0.3261
284 664 0.3184
284 666 0.8994
284 669 0.3134
284 671 0.3149
284 673 0.8799
284 675 0.3247
284 676 0.3373
284 677 0.3865
284 679 0.2919
284 680 0.9038
284 681 0.3865
284 684 0.3865
284 685 0.9744
284 687 0.3247
284 688 0.3609
284 689 0.3064
284 692 0.8390
284 694 0.3261
284 695 0.3247
284 696 0.3247
284 697 0.3247
284 698 0.3167
284 702 0.3124
284 703 0.3865
284 704 0.2919
284 705 0.3349
284 706 0.9610
284 709 0.3184
284 711 0.3141
284 712 0.9100
284 713 0.3372
284 714 0.3184
284 716 0.3247
284 718 0.3247
284 721 0.3380
284 722 0.9329
284 723 0.3149
284 726 0.2872
284 727 0.3247
284 732 0.3232
284 733 0.3297
284 734 0.3123
284 735 0.3402
284 736 0.3308
284 737 0.3324
284 738 0.3247
284 740 0.3564
284 741 0.3174
284 743 0.3261
284 744 0.2816
284 745 0.3171
284 747 0.6792
284 748 0.3144
284 750 0.3149
284 751 0.3486
284 752 0.2841
284 753 0.3515
284 755 0.2819
284 757 0.3261
284 758 0.3501
284 761 0.3609
284 762 0.3261
284 763 0.3836
284 764 0.3054
284 767 0.3247
284 768 0.3153
284 770 0.3261
284 771 0.8541
284 772 0.3247
284 773 0.3247
284 775 0.2876
284 776 0.3144
284 777 0.3261
284 778 0.3609
284 780 0.3545
284 782 0.3609
284 783 0.3247
284 784 0.8162
284 785 0.3470
284 786 0.3055
284 787 0.3149
284 789 0.3865
284 791 0.3865
284 793 0.3197
284 794 0.3261
284 796 0.3364
284 798 0.3247
284 799 0.3261
284 801 0.9107
284 803 0.9699
284 804 0.3143
284 805 0.3609
284 806 0.3247
284 808 0.3417
284 809 0.3351
284 810 0.7026
284 811 0.9677
284 814 0.3346
284 815 0.3054
284 817 0.3865
284 818 0.9378
284 819 0.8276
284 821 0.3184
284 822 0.7977
284 823 0.3806
284 825 0.3247
284 827 0.3184
284 828 0.3492
284 829 0.3261
284 831 0.3247
284 832 0.3699
284 836 0.3283
284 838 0.3024
284 839 0.3247
284 840 0.3865
284 841 0.3324
284 842 0.8552
284 843 0.3261
284 845 0.3247
284 846 0.3261
284 849 0.3372
284 851 0.2825
284 852 0.3261
284 854 0.3247
284 855 0.3324
284 856 0.3324
284 858 0.3261
284 860 0.6490
284 862 0.3247
284 864 0.2914
284 865 0.3261
284 867 0.3054
284 869 0.7098
284 870 0.3315
284 871 0.7701
284 872 0.3054
284 874 0.3054
284 876 0.3184
284 878 0.3261
284 880 0.3182
284 881 0.9441
284 883 0.3059
284 884 0.3188
284 886 0.3609
284 887 0.2805
284 889 0.3550
284 890 0.3175
284 891 0.3122
284 892 0.3261
284 893 0.3247
284 894 0.3247
284 895 0.3162
284 896 0.3315
284 897 0.3247
284 898 0.8779
284 900 0.3247
284 901 0.3372
284 903 0.9310
284 905 0.3054
284 906 0.3247
284 907 0.3261
284 908 0.3054
284 909 0.3090
284 910 0.3486
284 912 0.5822
284 913 0.3247
284 914 0.3417
284 915 0.3089
284 919 0.3865
284 921 0.2870
284 922 0.3247
284 924 0.3149
284 930 0.3167
284 934 0.3324
284 935 0.3246
284 936 0.3261
284 938 0.3432
284 940 0.3315
284 942 0.2806
284 943 0.3134
284 947 0.2832
284 948 0.3865
284 950 0.3126
284 951 0.3324
284 953 0.3196
284 954 0.3427
284 957 0.3247
284 958 0.3134
284 959 0.3054
284 960 0.3054
284 964 0.3865
284 965 0.3149
284 966 0.3773
284 967 0.3261
284 968 0.3461
284 974 0.3792
284 976 0.9700
284 977 0.3247
284 979 0.2813
284 980 0.3247
284 982 0.3247
284 986 0.3261
284 987 0.3418
284 989 0.3609
284 990 0.3054
284 993 0.2813
284 994 0.3201
284 995 0.2879
284 996 0.3261
284 999 0.3247
284 1000 0.3865
284 1001 0.8816
284 1002 0.9654
284 1003 0.3732
284 1004 0.9688
284 1006 0.3261
284 1007 0.9835
284 1008 0.3261
284 1013 0.3247
284 1014 0.3657
284 1015 0.3150
284 1016 0.3070
284 1017 0.3149
284 1019 0.3261
284 1020 0.3564
284 1022 0.3164
284 1023 0.3865
284 1024 0.3188
284 1026 0.3247
284 1027 0.3315
284 1029 0.2869
284 1030 0.3562
284 1032 0.3247
284 1033 0.3261
284 1036 0.8595
284 1037 0.3324
284 1042 0.3676
284 1043 0.3184
284 1046 0.3261
284 1048 0.3667
284 1049 0.3261
284 1053 0.3247
284 1056 0.3274
284 1058 0.6568
284 1059 0.7033
284 1060 0.8201
284 1061 0.3324
284 1062 0.3261
284 1063 0.3300
284 1065 0.2855
284 1066 0.3372
284 1068 0.2811
284 1070 0.3189
284 1072 0.3865
284 1078 0.3162
284 1079 0.3930
284 1080 0.3149
284 1082 0.3058
284 1083 0.3980
284 1084 0.3324
284 1085 0.3247
284 1087 0.3247
284 1094 0.3261
284 1099 0.3281
284 1103 0.3247
284 1104 0.3247
284 1105 0.3365
284 1106 0.3372
284 1107 0.3247
284 1108 0.3261
284 1111 0.6151
284 1117 0.3865
284 1119 0.3184
284 1123 0.3247
284 1125 0.2906
284 1126 0.3247
284 1128 0.3324
284 1129 0.3280
284 1130 0.3340
284 1131 0.8846
284 1133 0.7747
284 1134 0.3247
284 1135 0.3489
284 1138 0.3211
284 1141 0.3241
284 1147 0.3050
284 1149 0.3247
284 1150 0.3261
284 1151 0.3865
284 1154 0.2813
284 1155 0.3247
284 1157 0.3261
284 1159 0.3324
284 1160 0.9365
284 1161 0.3167
284 1162 0.3261
284 1163 0.8930
284 1166 0.3261
284 1167 0.3372
284 1169 0.2799
284 1174 0.3247
284 1180 0.2819
284 1182 0.3261
284 1186 0.3054
284 1187 0.3172
284 1189 0.3609
284 1191 0.3324
284 1192 0.3247
284 1193 0.2819
284 1194 0.2981
284 1195 0.3454
284 1198 0.3247
284 1199 0.3247
284 1200 0.3865
284 1201 0.3247
284 1204 0.3261
284 1206 0.3247
284 1210 0.3699
284 1211 0.3703
284 1212 0.3247
284 1213 0.3865
284 1217 0.3247
284 1218 0.3184
284 1219 0.3247
284 1221 0.3247
284 1223 0.3261
284 1225 0.3393
284 1229 0.3247
284 1231 0.3187
284 1233 0.3247
284 1235 0.3261
284 1240 0.3681
284 1241 0.3149
284 1242 0.4164
284 1247 0.3575
284 1251 0.3247
284 1252 0.3249
284 1254 0.3261
284 1255 0.3054
284 1257 0.3261
284 1258 0.3247
284 1260 0.3606
284 1263 0.3324
284 1265 0.3489
284 1267 0.3247
284 1268 0.3865
284 1270 0.3354
284 1271 0.3072
284 1273 0.3184
284 1274 0.3261
284 1275 0.3735
284 1276 0.3188
284 1279 0.3247
284 1280 0.3149
284 1283 0.8071
284 1284 0.8276
284 1287 0.9198
284 1288 0.8186
284 1289 0.8665
284 1291 0.9660
284 1292 0.9753
284 1298 0.9339
284 1299 0.9026
284 1301 0.8323
284 1303 0.9399
284 1304 0.7077
284 1305 0.8592
284 1310 0.8655
284 1316 0.9583
284 1319 0.8160
284 1326 0.3247
284 1327 0.3184
284 1334 0.3247
284 1335 0.3247
284 1341 0.3247
284 1342 0.3486
284 1344 0.3609
284 1349 0.3184
284 1350 0.3247
284 1363 0.3247
284 1367 0.4006
284 1368 0.3729
284 1370 0.3469
284 1372 0.3315
284 1374 0.3261
284 1386 0.3324
284 1387 0.3184
284 1388 0.3315
284 1389 0.3188
284 1396 0.3261
284 1397 0.3354
284 1401 0.3054
284 1402 0.3247
284 1405 0.3307
284 1407 0.3261
284 1409 0.3261
284 1410 0.3241
284 1412 0.3198
284 1415 0.3261
284 1416 0.3349
284 1419 0.3492
284 1423 0.2919
284 1425 0.3261
284 1426 0.3247
284 1427 0.3261
284 1428 0.3492
284 1433 0.3054
284 1434 0.2836
284 1435 0.2821
284 1437 0.3067
284 1438 0.2986
284 1439 0.3349
284 1440 0.2896
284 1441 0.3222
284 1449 0.3261
284 1452 0.3247
284 1458 0.3184
284 1460 0.3865
284 1464 0.3247
284 1466 0.3865
284 1473 0.3261
284 1479 0.3134
284 1482 0.3261
284 1485 0.3324
284 1491 0.3317
284 1493 0.3184
284 1497 0.3261
284 1499 0.3247
284 1500 0.3184
284 1503 0.3345
284 1504 0.3609
284 1510 0.3247
284 1513 0.8859
284 1516 0.3568
284 1517 0.3247
284 1519 0.9432
284 1520 0.9444
284 1522 0.8903
284 1526 0.9817
284 1527 0.8383
284 1529 0.3609
284 1530 0.8603
284 1532 0.3865
284 1536 0.3247
284 1538 0.9302
284 1540 0.3865
284 1545 0.3247
284 1546 0.3865
284 1547 0.9703
284 1548 0.8186
284 1550 0.3247
284 1551 0.8094
284 1554 0.8160
284 1555 0.3247
284 1567 0.3247
284 1568 0.3261
284 1571 0.3324
284 1573 0.3261
284 1574 0.3247
284 1577 0.3324
284 1578 0.3261
284 1579 0.3261
284 1581 0.3054
284 1582 0.3865
284 1583 0.3486
284 1588 0.3486
284 1591 0.3628
284 1593 0.3757
284 1598 0.3261
284 1599 0.3261
284 1604 0.3247
284 1606 0.3467
284 1608 0.3376
284 1610 0.3261
284 1612 0.3261
284 1613 0.3394
284 1615 0.3261
284 1618 0.3184
284 1619 0.3247
284 1621 0.3715
284 1622 0.3186
284 1623 0.3149
284 1624 0.3261
284 1626 0.3054
284 1628 0.3315
284 1629 0.3184
284 1630 0.3865
284 1631 0.3247
284 1633 0.3247
284 1637 0.3261
284 1640 0.3609
284 1641 0.3261
284 1642 0.3261
284 1645 0.3261
284 1649 0.3349
284 1655 0.3247
284 1661 0.3261
284 1663 0.3293
284 1664 0.3865
284 1668 0.3906
284 1669 0.3492
284 1674 0.3383
284 1675 0.3247
284 1678 0.3324
284 1679 0.3149
284 1683 0.3280
284 1685 0.3247
284 1687 0.3100
284 1688 0.3054
284 1689 0.3124
284 1691 0.3261
284 1692 0.3372
284 1694 0.3054
284 1699 0.3184
284 1701 0.3070
284 1702 0.3167
284 1706 0.2919
284 1707 0.2859
284 1708 0.3053
284 1712 0.2816
284 1713 0.3287
284 1714 0.2902
284 1715 0.3261
284 1717 0.2816
284 1718 0.3261
284 1719 0.3247
284 1720 0.3315
284 1725 0.3261
285 286 0.3653
285 287 0.4153
285 289 0.2855
285 290 0.3190
285 291 0.2819
285 292 0.3192
285 293 0.3894
285 294 0.2815
285 295 0.2267
285 296 0.2208
285 297 0.4264
285 300 0.3364
285 301 0.2208
285 302 0.2363
285 303 0.2971
285 304 0.2833
285 308 0.3877
285 309 0.2208
285 313 0.2267
285 314 0.3219
285 315 0.4700
285 316 0.3363
285 317 0.2498
285 318 0.2894
285 319 0.4069
285 324 0.3139
285 326 0.2208
285 327 0.3117
285 328 0.2851
285 329 0.2401
285 330 0.2894
285 331 0.2894
285 332 0.2971
285 334 0.3028
285 336 0.2267
285 338 0.2417
285 339 0.3341
285 340 0.3413
285 341 0.3997
285 342 0.3089
285 344 0.2450
285 346 0.3159
285 347 0.3418
285 348 0.1890
285 350 0.2208
285 351 0.2982
285 353 0.2589
285 354 0.3159
285 358 0.2982
285 359 0.3302
285 360 0.2991
285 361 0.4220
285 362 0.3447
285 363 0.2932
285 364 0.4143
285 366 0.2961
285 367 0.2267
285 368 0.2208
285 369 0.2208
285 370 0.2208
285 371 0.2815
285 372 0.3039
285 373 0.2894
285 375 0.2515
285 376 0.2975
285 377 0.4106
285 379 0.4040
285 380 0.2920
285 381 0.3036
285 383 0.4092
285 384 0.2833
285 386 0.4702
285 387 0.3203
285 388 0.2894
285 389 0.2208
285 391 0.3350
285 392 0.2267
285 393 0.2894
285 396 0.3221
285 398 0.3366
285 399 0.4047
285 400 0.2920
285 403 0.2984
285 404 0.2623
285 405 0.3856
285 406 0.2267
285 408 0.4019
285 409 0.2988
285 413 0.3039
285 414 0.2982
285 415 0.3014
285 418 0.1890
285 420 0.2267
285 425 0.2832
285 427 0.2234
285 428 0.3535
285 432 0.2208
285 433 0.2267
285 434 0.3739
285 436 0.2267
285 438 0.3057
285 439 0.2208
285 440 0.2267
285 442 0.3309
285 445 0.3348
285 447 0.3707
285 449 0.3139
285 450 0.1890
285 451 0.2982
285 452 0.3417
285 453 0.2988
285 454 0.3640
285 455 0.2986
285 456 0.2414
285 457 0.2267
285 458 0.2894
285 459 0.3028
285 460 0.3159
285 461 0.2267
285 463 0.2741
285 464 0.2560
285 465 0.2982
285 466 0.3143
285 467 0.2267
285 468 0.3044
285 470 0.2799
285 472 0.4074
285 475 0.4122
285 476 0.3844
285 479 0.2267
285 481 0.3103
285 482 0.2267
285 485 0.3791
285 487 0.2982
285 488 0.2815
285 489 0.2267
285 490 0.2234
285 491 0.1890
285 492 0.3334
285 494 0.2894
285 495 0.3861
285 498 0.2234
285 499 0.3159
285 501 0.3717
285 505 0.3961
285 506 0.3001
285 507 0.2847
285 508 0.2267
285 509 0.2267
285 511 0.4230
285 513 0.2919
285 514 0.2208
285 515 0.2920
285 517 0.2267
285 519 0.4084
285 521 0.2894
285 522 0.2986
285 523 0.3707
285 525 0.2971
285 526 0.3001
285 528 0.2836
285 531 0.3001
285 534 0.2971
285 536 0.2864
285 537 0.3103
285 538 0.2894
285 540 0.2664
285 541 0.3159
285 542 0.2208
285 545 0.2971
285 546 0.2920
285 548 0.2560
285 554 0.3873
285 555 0.2267
285 556 0.2208
285 557 0.2267
285 558 0.2986
285 559 0.3915
285 560 0.2844
285 561 0.2267
285 562 0.2267
285 563 0.2841
285 564 0.3437
285 568 0.3652
285 569 0.2927
285 570 0.2991
285 572 0.3937
285 573 0.3962
285 574 0.2821
285 575 0.1890
285 576 0.2741
285 577 0.2971
285 579 0.4071
285 581 0.2894
285 582 0.3820
285 583 0.3441
285 584 0.2866
285 585 0.2267
285 586 0.2208
285 587 0.2648
285 589 0.2986
285 590 0.3244
285 593 0.3001
285 594 0.1890
285 595 0.2982
285 600 0.2971
285 601 0.2267
285 602 0.2986
285 607 0.2208
285 608 0.2894
285 612 0.3600
285 613 0.2865
285 617 0.1890
285 618 0.2894
285 619 0.3001
285 621 0.4103
285 623 0.2894
285 625 0.2208
285 626 0.2851
285 627 0.3057
285 628 0.3796
285 631 0.3407
285 632 0.2842
285 633 0.2813
285 634 0.3719
285 637 0.3665
285 638 0.2982
285 639 0.2850
285 641 0.2984
285 642 0.2971
285 643 0.3963
285 645 0.2905
285 646 0.4147
285 648 0.2991
285 649 0.3873
285 650 0.3839
285 651 0.3502
285 653 0.4293
285 655 0.2267
285 656 0.2894
285 657 0.2515
285 658 0.3581
285 660 0.2894
285 662 0.2208
285 663 0.2267
285 664 0.2971
285 666 0.3678
285 669 0.2991
285 671 0.3001
285 673 0.2470
285 675 0.2208
285 676 0.4090
285 677 0.1890
285 679 0.2919
285 680 0.3974
285 681 0.1890
285 684 0.1890
285 685 0.3484
285 687 0.2208
285 688 0.2234
285 689 0.3116
285 692 0.2953
285 694 0.2267
285 695 0.2208
285 696 0.2208
285 697 0.2208
285 698 0.3736
285 702 0.3104
285 703 0.1890
285 704 0.2919
285 705 0.2961
285 706 0.2852
285 709 0.2971
285 711 0.3210
285 712 0.3936
285 713 0.3159
285 714 0.2971
285 716 0.2208
285 718 0.2208
285 721 0.2523
285 722 0.2823
285 723 0.3001
285 726 0.2989
285 727 0.2208
285 732 0.3211
285 733 0.3489
285 734 0.2453
285 735 0.3926
285 736 0.3679
285 737 0.2920
285 738 0.2208
285 740 0.2592
285 741 0.3738
285 743 0.2267
285 744 0.2816
285 745 0.3518
285 747 0.2986
285 748 0.3239
285 750 0.3001
285 751 0.3117
285 752 0.2841
285 753 0.3734
285 755 0.2819
285 757 0.2267
285 758 0.2551
285 761 0.2234
285 762 0.2267
285 763 0.2729
285 764 0.2894
285 767 0.2208
285 768 0.3198
285 770 0.2267
285 771 0.2919
285 772 0.2208
285 773 0.2208
285 775 0.2876
285 776 0.3494
285 777 0.2267
285 778 0.2234
285 780 0.3736
285 782 0.2234
285 783 0.2208
285 784 0.3235
285 785 0.3364
285 786 0.3055
285 787 0.3001
285 789 0.1890
285 791 0.1890
285 793 0.3284
285 794 0.2267
285 796 0.4054
285 798 0.2208
285 799 0.2267
285 801 0.3496
285 803 0.2978
285 804 0.3761
285 805 0.2234
285 806 0.2208
285 808 0.4855
285 809 0.4057
285 810 0.2267
285 811 0.2845
285 814 0.3383
285 815 0.2894
285 817 0.1890
285 818 0.3816
285 819 0.2969
285 821 0.2971
285 822 0.3295
285 823 0.4454
285 825 0.2208
285 827 0.2971
285 828 0.2986
285 829 0.2267
285 831 0.2208
285 832 0.2757
285 836 0.3759
285 838 0.3320
285 839 0.2208
285 840 0.1890
285 841 0.2920
285 842 0.2444
285 843 0.2267
285 845 0.2208
285 846 0.2267
285 849 0.3159
285 851 0.2825
285 852 0.2267
285 854 0.2208
285 855 0.2920
285 856 0.2920
285 858 0.2267
285 860 0.2267
285 862 0.2208
285 864 0.2920
285 865 0.2267
285 867 0.2894
285 869 0.3036
285 870 0.4034
285 871 0.3528
285 872 0.2894
285 874 0.2894
285 876 0.2971
285 878 0.2267
285 880 0.3530
285 881 0.3465
285 883 0.2458
285 884 0.2982
285 886 0.2234
285 887 0.2805
285 889 0.3142
285 890 0.3849
285 891 0.3225
285 892 0.2267
285 893 0.2208
285 894 0.2208
285 895 0.3644
285 896 0.3039
285 897 0.2208
285 898 0.3507
285 900 0.2208
285 901 0.3159
285 903 0.2999
285 905 0.2894
285 906 0.2208
285 907 0.2267
285 908 0.2894
285 909 0.3293
285 910 0.3117
285 912 0.2894
285 913 0.2208
285 914 0.4040
285 915 0.3095
285 919 0.1890
285 921 0.2870
285 922 0.2208
285 924 0.3001
285 930 0.3502
285 934 0.2920
285 935 0.3699
285 936 0.2267
285 938 0.2514
285 940 0.3039
285 942 0.2806
285 943 0.2991
285 947 0.2832
285 948 0.1890
285 950 0.3295
285 951 0.2920
285 953 0.3334
285 954 0.3984
285 957 0.2208
285 958 0.2991
285 959 0.2894
285 960 0.3054
285 964 0.1890
285 965 0.3001
285 966 0.4265
285 967 0.2267
285 968 0.4036
285 974 0.5462
285 976 0.3320
285 977 0.2208
285 979 0.2813
285 980 0.2208
285 982 0.2208
285 986 0.2267
285 987 0.3952
285 989 0.2234
285 990 0.2894
285 993 0.2813
285 994 0.3318
285 995 0.2969
285 996 0.2267
285 999 0.2208
285 1000 0.1890
285 1001 0.3567
285 1002 0.2830
285 1003 0.3894
285 1004 0.2847
285 1006 0.2267
285 1007 0.3290
285 1008 0.2267
285 1013 0.2208
285 1014 0.4142
285 1015 0.3595
285 1016 0.2371
285 1017 0.3001
285 1019 0.2267
285 1020 0.2592
285 1022 0.2574
285 1023 0.1890
285 1024 0.2982
285 1026 0.2208
285 1027 0.3039
285 1029 0.2869
285 1030 0.2726
285 1032 0.2208
285 1033 0.2267
285 1036 0.4179
285 1037 0.2920
285 1042 0.4224
285 1043 0.2971
285 1046 0.2267
285 1048 0.2648
285 1049 0.2267
285 1053 0.2208
285 1056 0.3663
285 1058 0.2971
285 1059 0.2971
285 1060 0.2930
285 1061 0.2920
285 1062 0.2267
285 1063 0.2453
285 1065 0.2855
285 1066 0.3159
285 1068 0.2811
285 1070 0.3169
285 1072 0.1890
285 1078 0.3877
285 1079 0.4528
285 1080 0.3001
285 1082 0.3028
285 1083 0.2673
285 1084 0.2920
285 1085 0.2208
285 1087 0.2208
285 1094 0.2267
285 1099 0.3405
285 1103 0.2208
285 1104 0.2208
285 1105 0.3678
285 1106 0.3159
285 1107 0.2208
285 1108 0.2267
285 1111 0.2267
285 1117 0.1890
285 1119 0.2971
285 1123 0.2208
285 1125 0.2906
285 1126 0.2208
285 1128 0.2560
285 1129 0.4157
285 1130 0.4136
285 1131 0.3873
285 1133 0.2894
285 1134 0.2208
285 1135 0.4301
285 1138 0.4090
285 1141 0.2414
285 1147 0.3219
285 1149 0.2208
285 1150 0.2267
285 1151 0.1890
285 1154 0.2813
285 1155 0.2208
285 1157 0.2267
285 1159 0.2560
285 1160 0.4154
285 1161 0.3502
285 1162 0.2267
285 1163 0.2860
285 1166 0.2267
285 1167 0.3159
285 1169 0.2799
285 1174 0.2208
285 1180 0.2819
285 1182 0.2267
285 1186 0.2894
285 1187 0.3729
285 1189 0.2234
285 1191 0.2920
285 1192 0.2208
285 1193 0.2819
285 1194 0.3170
285 1195 0.2493
285 1198 0.2208
285 1199 0.2208
285 1200 0.1890
285 1201 0.2208
285 1204 0.2267
285 1206 0.2208
285 1210 0.2757
285 1211 0.3889
285 1212 0.2208
285 1213 0.1890
285 1217 0.2208
285 1218 0.2971
285 1219 0.2208
285 1221 0.2208
285 1223 0.2267
285 1225 0.3565
285 1229 0.2208
285 1231 0.3915
285 1233 0.2208
285 1235 0.2267
285 1240 0.3256
285 1241 0.3001
285 1242 0.4292
285 1247 0.3587
285 1251 0.2208
285 1252 0.3128
285 1254 0.2267
285 1255 0.2894
285 1257 0.2267
285 1258 0.2208
285 1260 0.3764
285 1263 0.2920
285 1265 0.4070
285 1267 0.2208
285 1268 0.1890
285 1270 0.2623
285 1271 0.3073
285 1273 0.2971
285 1274 0.2267
285 1275 0.4097
285 1276 0.2982
285 1279 0.2208
285 1280 0.3001
285 1283 0.3637
285 1284 0.2969
285 1287 0.3630
285 1288 0.3160
285 1289 0.3116
285 1291 0.3245
285 1292 0.2848
285 1298 0.2841
285 1299 0.3184
285 1301 0.2991
285 1303 0.3314
285 1304 0.2414
285 1305 0.2991
285 1310 0.3846
285 1316 0.2857
285 1319 0.3873
285 1326 0.2208
285 1327 0.2971
285 1334 0.2208
285 1335 0.2208
285 1341 0.2208
285 1342 0.3117
285 1344 0.2234
285 1349 0.2971
285 1350 0.2208
285 1363 0.2208
285 1367 0.3981
285 1368 0.2777
285 1370 0.3829
285 1372 0.3453
285 1374 0.2267
285 1386 0.2920
285 1387 0.2971
285 1388 0.3039
285 1389 0.2982
285 1396 0.2267
285 1397 0.4294
285 1401 0.2894
285 1402 0.2208
285 1405 0.3342
285 1407 0.2267
285 1409 0.2267
285 1410 0.2414
285 1412 0.2984
285 1415 0.2267
285 1416 0.2961
285 1419 0.2986
285 1423 0.2919
285 1425 0.2267
285 1426 0.2208
285 1427 0.2267
285 1428 0.2986
285 1433 0.2894
285 1434 0.2836
285 1435 0.2821
285 1437 0.3239
285 1438 0.3324
285 1439 0.2961
285 1440 0.2896
285 1441 0.3820
285 1449 0.2267
285 1452 0.2208
285 1458 0.2971
285 1460 0.1890
285 1464 0.2208
285 1466 0.1890
285 1473 0.2267
285 1479 0.2991
285 1482 0.2267
285 1485 0.2920
285 1491 0.2517
285 1493 0.2971
285 1497 0.2267
285 1499 0.2208
285 1500 0.2971
285 1503 0.3634
285 1504 0.2234
285 1510 0.2208
285 1513 0.2517
285 1516 0.2741
285 1517 0.2208
285 1519 0.2860
285 1520 0.2986
285 1522 0.4122
285 1526 0.3232
285 1527 0.3873
285 1529 0.2234
285 1530 0.3287
285 1532 0.1890
285 1536 0.2208
285 1538 0.2879
285 1540 0.1890
285 1545 0.2208
285 1546 0.1890
285 1547 0.3554
285 1548 0.3160
285 1550 0.2208
285 1551 0.3287
285 1554 0.3873
285 1555 0.2208
285 1567 0.2208
285 1568 0.2267
285 1571 0.2920
285 1573 0.2267
285 1574 0.2208
285 1577 0.2920
285 1578 0.2267
285 1579 0.2267
285 1581 0.2894
285 1582 0.1890
285 1583 0.3117
285 1588 0.3117
285 1591 0.2561
285 1593 0.4165
285 1598 0.2267
285 1599 0.2267
285 1604 0.2208
285 1606 0.3858
285 1608 0.3103
285 1610 0.2267
285 1612 0.2267
285 1613 0.4486
285 1615 0.2267
285 1618 0.2971
285 1619 0.2208
285 1621 0.4106
285 1622 0.3254
285 1623 0.3001
285 1624 0.2267
285 1626 0.2894
285 1628 0.3039
285 1629 0.2971
285 1630 0.1890
285 1631 0.2208
285 1633 0.2208
285 1637 0.2267
285 1640 0.2234
285 1641 0.2267
285 1642 0.2267
285 1645 0.2267
285 1649 0.2961
285 1655 0.2208
285 1661 0.2267
285 1663 0.3315
285 1664 0.1890
285 1668 0.3991
285 1669 0.2986
285 1674 0.3036
285 1675 0.2208
285 1678 0.2920
285 1679 0.3001
285 1683 0.3905
285 1685 0.2208
285 1687 0.3859
285 1688 0.2894
285 1689 0.3189
285 1691 0.2267
285 1692 0.3159
285 1694 0.2894
285 1699 0.2971
285 1701 0.2371
285 1702 0.3502
285 1706 0.2919
285 1707 0.2859
285 1708 0.3213
285 1712 0.2816
285 1713 0.3911
285 1714 0.2902
285 1715 0.2267
285 1717 0.2816
285 1718 0.2267
285 1719 0.2208
285 1720 0.3039
285 1725 0.2267
286 287 0.3884
286 289 0.2855
286 290 0.3167
286 291 0.2819
286 292 0.2916
286 293 0.3375
286 294 0.2815
286 295 0.3643
286 296 0.3467
286 297 0.9670
286 300 0.3410
286 301 0.3467
286 302 0.3387
286 303 0.3561
286 304 0.2833
286 308 0.3508
286 309 0.3467
286 313 0.3643
286 314 0.3081
286 315 0.9746
286 316 0.3213
286 317 0.9395
286 318 0.3518
286 319 0.3305
286 324 0.3070
286 326 0.3467
286 327 0.3823
286 328 0.2851
286 329 0.3425
286 330 0.3518
286 331 0.9092
286 332 0.3561
286 334 0.3395
286 336 0.3643
286 338 0.9414
286 339 0.3026
286 340 0.2947
286 341 0.9062
286 342 0.3089
286 344 0.3352
286 346 0.3764
286 347 0.3636
286 348 0.3653
286 350 0.3467
286 351 0.9866
286 353 0.3604
286 354 0.3764
286 358 0.9808
286 359 0.3285
286 360 0.3443
286 361 0.9623
286 362 0.9823
286 363 0.2932
286 364 0.9562
286 366 0.3351
286 367 0.3643
286 368 0.3467
286 369 0.3467
286 370 0.3467
286 371 0.2815
286 372 0.3718
286 373 0.9469
286 375 0.3836
286 376 0.2877
286 377 0.3790
286 379 0.4023
286 380 0.3809
286 381 0.9735
286 383 0.9277
286 384 0.2833
286 386 0.3650
286 387 0.2987
286 388 0.3518
286 389 0.3467
286 391 0.9610
286 392 0.3643
286 393 0.3518
286 396 0.3030
286 398 0.3017
286 399 0.3457
286 400 0.3809
286 403 0.3207
286 404 0.9827
286 405 0.3416
286 406 0.3643
286 408 0.3736
286 409 0.2893
286 413 0.3718
286 414 0.3530
286 415 0.4229
286 418 0.3653
286 420 0.3643
286 425 0.2832
286 427 0.3989
286 428 0.3268
286 432 0.3467
286 433 0.3643
286 434 0.3425
286 436 0.3643
286 438 0.3057
286 439 0.3467
286 440 0.3643
286 442 0.9410
286 445 0.3079
286 447 0.3542
286 449 0.3156
286 450 0.3653
286 451 0.3530
286 452 0.3364
286 453 0.2988
286 454 0.9613
286 455 0.3892
286 456 0.3549
286 457 0.3643
286 458 0.3518
286 459 0.3395
286 460 0.9393
286 461 0.3643
286 463 0.3956
286 464 0.3735
286 465 0.3530
286 466 0.9779
286 467 0.3643
286 468 0.3670
286 470 0.2799
286 472 0.3405
286 475 0.9500
286 476 0.9290
286 479 0.3643
286 481 0.3784
286 482 0.3643
286 485 0.3331
286 487 0.8222
286 488 0.2815
286 489 0.3643
286 490 0.3989
286 491 0.3653
286 492 0.3070
286 494 0.3518
286 495 0.3718
286 498 0.3989
286 499 0.3764
286 501 0.3369
286 505 0.3669
286 506 0.8811
286 507 0.2847
286 508 0.3643
286 509 0.3643
286 511 0.3432
286 513 0.2919
286 514 0.3467
286 515 0.3809
286 517 0.3643
286 519 0.3644
286 521 0.3518
286 522 0.3892
286 523 0.3239
286 525 0.3561
286 526 0.9701
286 528 0.2836
286 531 0.9023
286 534 0.3561
286 536 0.2864
286 537 0.3784
286 538 0.3518
286 540 0.4347
286 541 0.9693
286 542 0.3467
286 545 0.3561
286 546 0.3809
286 548 0.8530
286 554 0.3517
286 555 0.3643
286 556 0.3467
286 557 0.3643
286 558 0.3892
286 559 0.3414
286 560 0.2844
286 561 0.3643
286 562 0.3643
286 563 0.2841
286 564 0.3391
286 568 0.3162
286 569 0.2927
286 570 0.3443
286 572 0.3410
286 573 0.3540
286 574 0.2821
286 575 0.3653
286 576 0.3956
286 577 0.3561
286 579 0.3944
286 581 0.9182
286 582 0.3311
286 583 0.3005
286 584 0.2866
286 585 0.3643
286 586 0.3467
286 587 0.3875
286 589 0.9427
286 590 0.9380
286 593 0.3521
286 594 0.3653
286 595 0.3530
286 600 0.3561
286 601 0.3643
286 602 0.9608
286 607 0.3467
286 608 0.3518
286 612 0.9775
286 613 0.2865
286 617 0.3653
286 618 0.3518
286 619 0.9701
286 621 0.3869
286 623 0.3518
286 625 0.3467
286 626 0.2851
286 627 0.3055
286 628 0.3340
286 631 0.8923
286 632 0.2842
286 633 0.2813
286 634 0.9948
286 637 0.9850
286 638 0.3530
286 639 0.2850
286 641 0.3465
286 642 0.3561
286 643 0.3561
286 645 0.9477
286 646 0.9925
286 648 0.3443
286 649 0.3517
286 650 0.3341
286 651 0.3185
286 653 0.9414
286 655 0.3643
286 656 0.3518
286 657 0.3836
286 658 0.3341
286 660 0.3518
286 662 0.3467
286 663 0.3643
286 664 0.3561
286 666 0.3498
286 669 0.3443
286 671 0.8811
286 673 0.3708
286 675 0.3467
286 676 0.3512
286 677 0.3653
286 679 0.2919
286 680 0.3621
286 681 0.3653
286 684 0.3653
286 685 0.3188
286 687 0.3467
286 688 0.3989
286 689 0.3060
286 692 0.2953
286 694 0.3643
286 695 0.3467
286 696 0.3467
286 697 0.3467
286 698 0.9574
286 702 0.3308
286 703 0.3653
286 704 0.2919
286 705 0.3738
286 706 0.2852
286 709 0.9778
286 711 0.9785
286 712 0.3405
286 713 0.3764
286 714 0.3561
286 716 0.3467
286 718 0.3467
286 721 0.3657
286 722 0.2823
286 723 0.3521
286 726 0.2876
286 727 0.3467
286 732 0.3444
286 733 0.9283
286 734 0.9835
286 735 0.3422
286 736 0.9762
286 737 0.3809
286 738 0.3467
286 740 0.3961
286 741 0.3180
286 743 0.3643
286 744 0.2816
286 745 0.3166
286 747 0.3892
286 748 0.3141
286 750 0.3521
286 751 0.3823
286 752 0.2841
286 753 0.9923
286 755 0.2819
286 757 0.3643
286 758 0.3814
286 761 0.3989
286 762 0.9360
286 763 0.4232
286 764 0.3518
286 767 0.3467
286 768 0.8931
286 770 0.3643
286 771 0.2919
286 772 0.3467
286 773 0.3467
286 775 0.2876
286 776 0.3169
286 777 0.9351
286 778 0.3989
286 780 0.9913
286 782 0.3989
286 783 0.3467
286 784 0.3025
286 785 0.3599
286 786 0.9813
286 787 0.3521
286 789 0.3653
286 791 0.3653
286 793 0.3226
286 794 0.3643
286 796 0.3692
286 798 0.3467
286 799 0.3643
286 801 0.3232
286 803 0.2978
286 804 0.3175
286 805 0.3989
286 806 0.3467
286 808 0.3275
286 809 0.9785
286 810 0.3643
286 811 0.2845
286 814 0.9885
286 815 0.3518
286 817 0.3653
286 818 0.3328
286 819 0.3396
286 821 0.3561
286 822 0.3161
286 823 0.9908
286 825 0.3467
286 827 0.3561
286 828 0.3892
286 829 0.3643
286 831 0.3467
286 832 0.3940
286 836 0.9045
286 838 0.3057
286 839 0.3467
286 840 0.3653
286 841 0.3809
286 842 0.3465
286 843 0.3643
286 845 0.3467
286 846 0.3643
286 849 0.3764
286 851 0.2825
286 852 0.3643
286 854 0.3467
286 855 0.3809
286 856 0.3809
286 858 0.3643
286 860 0.3643
286 862 0.3467
286 864 0.2915
286 865 0.3643
286 867 0.9092
286 869 0.3779
286 870 0.3400
286 871 0.3285
286 872 0.3518
286 874 0.3518
286 876 0.3561
286 878 0.3643
286 880 0.3220
286 881 0.3025
286 883 0.3470
286 884 0.9686
286 886 0.3989
286 887 0.2805
286 889 0.3965
286 890 0.3445
286 891 0.3138
286 892 0.3643
286 893 0.3467
286 894 0.3467
286 895 0.3165
286 896 0.3718
286 897 0.3467
286 898 0.2994
286 900 0.3467
286 901 0.3764
286 903 0.2999
286 905 0.3518
286 906 0.3467
286 907 0.3643
286 908 0.9322
286 909 0.3077
286 910 0.9797
286 912 0.3518
286 913 0.3467
286 914 0.3464
286 915 0.9892
286 919 0.3653
286 921 0.2870
286 922 0.3467
286 924 0.9671
286 930 0.3185
286 934 0.3809
286 935 0.3250
286 936 0.3643
286 938 0.3785
286 940 0.3718
286 942 0.2806
286 943 0.3443
286 947 0.2832
286 948 0.3653
286 950 0.3395
286 951 0.3809
286 953 0.3196
286 954 0.3638
286 957 0.3467
286 958 0.3443
286 959 0.3518
286 960 0.3054
286 964 0.3653
286 965 0.3521
286 966 0.3571
286 967 0.3643
286 968 0.9640
286 974 0.3531
286 976 0.3159
286 977 0.3467
286 979 0.2813
286 980 0.3467
286 982 0.3467
286 986 0.3643
286 987 0.3391
286 989 0.3989
286 990 0.3518
286 993 0.2813
286 994 0.9586
286 995 0.2883
286 996 0.3643
286 999 0.3467
286 1000 0.3653
286 1001 0.3566
286 1002 0.2830
286 1003 0.3534
286 1004 0.2847
286 1006 0.3643
286 1007 0.3201
286 1008 0.3643
286 1013 0.3467
286 1014 0.3450
286 1015 0.3171
286 1016 0.3456
286 1017 0.9023
286 1019 0.3643
286 1020 0.9365
286 1022 0.3556
286 1023 0.3653
286 1024 0.3530
286 1026 0.3467
286 1027 0.3718
286 1029 0.2869
286 1030 0.9763
286 1032 0.3467
286 1033 0.3643
286 1036 0.3484
286 1037 0.3809
286 1042 0.3883
286 1043 0.3561
286 1046 0.3643
286 1048 0.3875
286 1049 0.3643
286 1053 0.3467
286 1056 0.3235
286 1058 0.3561
286 1059 0.3561
286 1060 0.2930
286 1061 0.3809
286 1062 0.3643
286 1063 0.3688
286 1065 0.2855
286 1066 0.3764
286 1068 0.2811
286 1070 0.3374
286 1072 0.3653
286 1078 0.3508
286 1079 0.3572
286 1080 0.9575
286 1082 0.9001
286 1083 0.4246
286 1084 0.3809
286 1085 0.3467
286 1087 0.3467
286 1094 0.3643
286 1099 0.3489
286 1103 0.3467
286 1104 0.3467
286 1105 0.3498
286 1106 0.3764
286 1107 0.3467
286 1108 0.3643
286 1111 0.3643
286 1117 0.3653
286 1119 0.3561
286 1123 0.3467
286 1125 0.2906
286 1126 0.3467
286 1128 0.3735
286 1129 0.3376
286 1130 0.3334
286 1131 0.3517
286 1133 0.3518
286 1134 0.3467
286 1135 0.3433
286 1138 0.3316
286 1141 0.3549
286 1147 0.3028
286 1149 0.3467
286 1150 0.3643
286 1151 0.3653
286 1154 0.2813
286 1155 0.3467
286 1157 0.3643
286 1159 0.9368
286 1160 0.3378
286 1161 0.3185
286 1162 0.3643
286 1163 0.2860
286 1166 0.3643
286 1167 0.3764
286 1169 0.2799
286 1174 0.3467
286 1180 0.2819
286 1182 0.3643
286 1186 0.3518
286 1187 0.3283
286 1189 0.3989
286 1191 0.3809
286 1192 0.3467
286 1193 0.2819
286 1194 0.2970
286 1195 0.3779
286 1198 0.3467
286 1199 0.3467
286 1200 0.3653
286 1201 0.3467
286 1204 0.3643
286 1206 0.3467
286 1210 0.8387
286 1211 0.9848
286 1212 0.3467
286 1213 0.3653
286 1217 0.3467
286 1218 0.9371
286 1219 0.3467
286 1221 0.3467
286 1223 0.3643
286 1225 0.8820
286 1229 0.3467
286 1231 0.9389
286 1233 0.3467
286 1235 0.3643
286 1240 0.4087
286 1241 0.9098
286 1242 0.9308
286 1247 0.9705
286 1251 0.3467
286 1252 0.9499
286 1254 0.3643
286 1255 0.3518
286 1257 0.3643
286 1258 0.3467
286 1260 0.3775
286 1263 0.3809
286 1265 0.3783
286 1267 0.3467
286 1268 0.3653
286 1270 0.3675
286 1271 0.3073
286 1273 0.3561
286 1274 0.3643
286 1275 0.3550
286 1276 0.3530
286 1279 0.3467
286 1280 0.3521
286 1283 0.3285
286 1284 0.3396
286 1287 0.3346
286 1288 0.3365
286 1289 0.2982
286 1291 0.3152
286 1292 0.2848
286 1298 0.2841
286 1299 0.3054
286 1301 0.3443
286 1303 0.3273
286 1304 0.3549
286 1305 0.3443
286 1310 0.3482
286 1316 0.2857
286 1319 0.3517
286 1326 0.3467
286 1327 0.3561
286 1334 0.3467
286 1335 0.3467
286 1341 0.3467
286 1342 0.9797
286 1344 0.3989
286 1349 0.3561
286 1350 0.3467
286 1363 0.3467
286 1367 0.9717
286 1368 0.4123
286 1370 0.9433
286 1372 0.9268
286 1374 0.3643
286 1386 0.3809
286 1387 0.3561
286 1388 0.3718
286 1389 0.3530
286 1396 0.3643
286 1397 0.3342
286 1401 0.3518
286 1402 0.3467
286 1405 0.3369
286 1407 0.3643
286 1409 0.3643
286 1410 0.3549
286 1412 0.3465
286 1415 0.3643
286 1416 0.3738
286 1419 0.3892
286 1423 0.2919
286 1425 0.3643
286 1426 0.3467
286 1427 0.3643
286 1428 0.3892
286 1433 0.3518
286 1434 0.2836
286 1435 0.2821
286 1437 0.3087
286 1438 0.2991
286 1439 0.3738
286 1440 0.2896
286 1441 0.3449
286 1449 0.3643
286 1452 0.3467
286 1458 0.3561
286 1460 0.3653
286 1464 0.3467
286 1466 0.3653
286 1473 0.3643
286 1479 0.3443
286 1482 0.3643
286 1485 0.3809
286 1491 0.3720
286 1493 0.9778
286 1497 0.3643
286 1499 0.3467
286 1500 0.3561
286 1503 0.3510
286 1504 0.3989
286 1510 0.3467
286 1513 0.3720
286 1516 0.3956
286 1517 0.3467
286 1519 0.2860
286 1520 0.2983
286 1522 0.3779
286 1526 0.3038
286 1527 0.3517
286 1529 0.3989
286 1530 0.3053
286 1532 0.3653
286 1536 0.3467
286 1538 0.2879
286 1540 0.3653
286 1545 0.3467
286 1546 0.3653
286 1547 0.3207
286 1548 0.3365
286 1550 0.3467
286 1551 0.3079
286 1554 0.3517
286 1555 0.3467
286 1567 0.3467
286 1568 0.3643
286 1571 0.3809
286 1573 0.3643
286 1574 0.3467
286 1577 0.3809
286 1578 0.9271
286 1579 0.3643
286 1581 0.9292
286 1582 0.3653
286 1583 0.9716
286 1588 0.9710
286 1591 0.9787
286 1593 0.9399
286 1598 0.3643
286 1599 0.3643
286 1604 0.3467
286 1606 0.9481
286 1608 0.3784
286 1610 0.3643
286 1612 0.3643
286 1613 0.9619
286 1615 0.3643
286 1618 0.3561
286 1619 0.3467
286 1621 0.9005
286 1622 0.9614
286 1623 0.9596
286 1624 0.3643
286 1626 0.3518
286 1628 0.3718
286 1629 0.3561
286 1630 0.3653
286 1631 0.3467
286 1633 0.3467
286 1637 0.3643
286 1640 0.3989
286 1641 0.3643
286 1642 0.3643
286 1645 0.3643
286 1649 0.3738
286 1655 0.3467
286 1661 0.3643
286 1663 0.3572
286 1664 0.3653
286 1668 0.4009
286 1669 0.3892
286 1674 0.3779
286 1675 0.3467
286 1678 0.3809
286 1679 0.3521
286 1683 0.3384
286 1685 0.3467
286 1687 0.3434
286 1688 0.3518
286 1689 0.3159
286 1691 0.3643
286 1692 0.3764
286 1694 0.3518
286 1699 0.3561
286 1701 0.3456
286 1702 0.3185
286 1706 0.2919
286 1707 0.2859
286 1708 0.3342
286 1712 0.2816
286 1713 0.3464
286 1714 0.2902
286 1715 0.3643
286 1717 0.2816
286 1718 0.3643
286 1719 0.3467
286 1720 0.3718
286 1725 0.3643
287 289 0.2855
287 290 0.9794
287 291 0.2819
287 292 0.3004
287 293 0.3922
287 294 0.2815
287 295 0.3574
287 296 0.3537
287 297 0.3680
287 300 0.3787
287 301 0.3537
287 302 0.3540
287 303 0.8358
287 304 0.2833
287 308 0.9133
287 309 0.3537
287 313 0.3574
287 314 0.3099
287 315 0.4538
287 316 0.3671
287 317 0.3806
287 318 0.3329
287 319 0.3761
287 324 0.3409
287 326 0.3537
287 327 0.3887
287 328 0.2851
287 329 0.8955
287 330 0.3329
287 331 0.3329
287 332 0.3511
287 334 0.3502
287 336 0.3574
287 338 0.3701
287 339 0.3145
287 340 0.2986
287 341 0.3991
287 342 0.3152
287 344 0.3594
287 346 0.7177
287 347 0.3862
287 348 0.4153
287 350 0.3537
287 351 0.3556
287 353 0.3748
287 354 0.3749
287 358 0.3556
287 359 0.3904
287 360 0.7899
287 361 0.3693
287 362 0.3821
287 363 0.2932
287 364 0.4235
287 366 0.3349
287 367 0.6989
287 368 0.3537
287 369 0.3537
287 370 0.3537
287 371 0.2815
287 372 0.3678
287 373 0.3329
287 375 0.3864
287 376 0.2878
287 377 0.4111
287 379 0.4671
287 380 0.3651
287 381 0.3746
287 383 0.4143
287 384 0.2833
287 386 0.4288
287 387 0.3208
287 388 0.3329
287 389 0.3537
287 391 0.3902
287 392 0.3574
287 393 0.6513
287 396 0.3176
287 398 0.3135
287 399 0.4079
287 400 0.3651
287 403 0.3463
287 404 0.3815
287 405 0.3636
287 406 0.3574
287 408 0.3994
287 409 0.2893
287 413 0.3678
287 414 0.8616
287 415 0.4164
287 418 0.4153
287 420 0.3574
287 425 0.2832
287 427 0.3954
287 428 0.9665
287 432 0.3537
287 433 0.3574
287 434 0.9776
287 436 0.3574
287 438 0.3057
287 439 0.3537
287 440 0.3574
287 442 0.3309
287 445 0.3136
287 447 0.9462
287 449 0.3139
287 450 0.4153
287 451 0.8616
287 452 0.3653
287 453 0.2988
287 454 0.3640
287 455 0.3862
287 456 0.3705
287 457 0.3574
287 458 0.6513
287 459 0.3502
287 460 0.3749
287 461 0.3574
287 463 0.3934
287 464 0.3777
287 465 0.8616
287 466 0.3143
287 467 0.3574
287 468 0.3604
287 470 0.2799
287 472 0.4133
287 475 0.4302
287 476 0.3751
287 479 0.3574
287 481 0.3684
287 482 0.3574
287 485 0.3763
287 487 0.3556
287 488 0.2815
287 489 0.3574
287 490 0.3954
287 491 0.4153
287 492 0.3371
287 494 0.3329
287 495 0.4273
287 498 0.3954
287 499 0.3749
287 501 0.3976
287 505 0.4075
287 506 0.3444
287 507 0.2847
287 508 0.3574
287 509 0.3574
287 511 0.4034
287 513 0.2919
287 514 0.3537
287 515 0.3651
287 517 0.5919
287 519 0.3906
287 521 0.3329
287 522 0.3862
287 523 0.3690
287 525 0.3511
287 526 0.3444
287 528 0.2836
287 531 0.3444
287 534 0.3511
287 536 0.2864
287 537 0.6838
287 538 0.3329
287 540 0.7920
287 541 0.3749
287 542 0.3537
287 545 0.3511
287 546 0.3651
287 548 0.3777
287 554 0.3909
287 555 0.3574
287 556 0.3537
287 557 0.3574
287 558 0.3862
287 559 0.3891
287 560 0.2844
287 561 0.3574
287 562 0.3574
287 563 0.2841
287 564 0.3687
287 568 0.3348
287 569 0.2927
287 570 0.3559
287 572 0.3749
287 573 0.8804
287 574 0.2821
287 575 0.4153
287 576 0.3934
287 577 0.3511
287 579 0.4195
287 581 0.3329
287 582 0.3617
287 583 0.3041
287 584 0.2866
287 585 0.3574
287 586 0.3537
287 587 0.8448
287 589 0.3862
287 590 0.3244
287 593 0.3444
287 594 0.4153
287 595 0.8102
287 600 0.3511
287 601 0.3574
287 602 0.3862
287 607 0.3537
287 608 0.3329
287 612 0.3629
287 613 0.2865
287 617 0.4153
287 618 0.3329
287 619 0.3444
287 621 0.4173
287 623 0.3329
287 625 0.3537
287 626 0.2851
287 627 0.3057
287 628 0.3644
287 631 0.3697
287 632 0.2842
287 633 0.2813
287 634 0.3935
287 637 0.4344
287 638 0.8616
287 639 0.2850
287 641 0.3388
287 642 0.3511
287 643 0.4128
287 645 0.3245
287 646 0.4056
287 648 0.3559
287 649 0.3909
287 650 0.3766
287 651 0.3537
287 653 0.4194
287 655 0.3574
287 656 0.3329
287 657 0.3864
287 658 0.3915
287 660 0.3329
287 662 0.3537
287 663 0.3574
287 664 0.3511
287 666 0.3993
287 669 0.3559
287 671 0.3444
287 673 0.3811
287 675 0.3537
287 676 0.3919
287 677 0.4153
287 679 0.2919
287 680 0.4077
287 681 0.4153
287 684 0.4153
287 685 0.3280
287 687 0.3537
287 688 0.3954
287 689 0.9511
287 692 0.2953
287 694 0.3574
287 695 0.3537
287 696 0.3537
287 697 0.3537
287 698 0.3238
287 702 0.3632
287 703 0.4153
287 704 0.2919
287 705 0.3650
287 706 0.6388
287 709 0.3511
287 711 0.3210
287 712 0.3976
287 713 0.5033
287 714 0.7624
287 716 0.3537
287 718 0.3537
287 721 0.8498
287 722 0.2823
287 723 0.3444
287 726 0.2890
287 727 0.3537
287 732 0.3752
287 733 0.3782
287 734 0.3551
287 735 0.9584
287 736 0.3643
287 737 0.3651
287 738 0.3537
287 740 0.3970
287 741 0.9803
287 743 0.3574
287 744 0.2816
287 745 0.3404
287 747 0.3862
287 748 0.8485
287 750 0.3444
287 751 0.3887
287 752 0.2841
287 753 0.4071
287 755 0.2819
287 757 0.3574
287 758 0.8189
287 761 0.3954
287 762 0.3574
287 763 0.8161
287 764 0.7058
287 767 0.3537
287 768 0.3198
287 770 0.3574
287 771 0.2919
287 772 0.3537
287 773 0.3537
287 775 0.2876
287 776 0.3256
287 777 0.3574
287 778 0.3954
287 780 0.4068
287 782 0.3954
287 783 0.3537
