618 919 0.2894
618 921 0.2870
618 922 0.2628
618 924 0.2762
618 930 0.3254
618 934 0.2832
618 935 0.3642
618 936 0.2696
618 938 0.3320
618 940 0.2854
618 942 0.2806
618 943 0.3096
618 947 0.2832
618 948 0.2894
618 950 0.3237
618 951 0.2832
618 953 0.3334
618 954 0.3596
618 957 0.2628
618 958 0.3096
618 959 0.2646
618 960 0.3054
618 964 0.2894
618 965 0.2762
618 966 0.3756
618 967 0.2696
618 968 0.3331
618 974 0.4854
618 976 0.9900
618 977 0.2628
618 979 0.2813
618 980 0.2628
618 982 0.2628
618 986 0.2696
618 987 0.3886
618 989 0.2865
618 990 0.2646
618 993 0.2813
618 994 0.3318
618 995 0.2890
618 996 0.2696
618 999 0.2628
618 1000 0.2894
618 1001 0.3493
618 1002 0.9608
618 1003 0.3950
618 1004 0.9173
618 1006 0.2696
618 1007 0.3290
618 1008 0.2696
618 1013 0.2628
618 1014 0.4005
618 1015 0.3322
618 1016 0.3062
618 1017 0.2762
618 1019 0.2696
618 1020 0.3265
618 1022 0.3184
618 1023 0.2894
618 1024 0.3093
618 1026 0.2628
618 1027 0.2854
618 1029 0.2869
618 1030 0.3335
618 1032 0.2628
618 1033 0.2696
618 1036 0.8985
618 1037 0.2832
618 1042 0.3373
618 1043 0.2759
618 1046 0.2696
618 1048 0.3658
618 1049 0.2696
618 1053 0.2628
618 1056 0.3452
618 1058 0.2759
618 1059 0.2759
618 1060 0.2930
618 1061 0.2832
618 1062 0.2696
618 1063 0.3210
618 1065 0.2855
618 1066 0.2876
618 1068 0.2811
618 1070 0.3229
618 1072 0.2894
618 1078 0.3064
618 1079 0.4100
618 1080 0.2762
618 1082 0.2782
618 1083 0.3823
618 1084 0.2832
618 1085 0.2628
618 1087 0.2628
618 1094 0.2696
618 1099 0.3630
618 1103 0.2628
618 1104 0.2628
618 1105 0.3393
618 1106 0.2876
618 1107 0.2628
618 1108 0.2696
618 1111 0.2696
618 1117 0.2894
618 1119 0.2759
618 1123 0.2628
618 1125 0.2906
618 1126 0.2628
618 1128 0.3175
618 1129 0.3378
618 1130 0.3800
618 1131 0.8392
618 1133 0.3373
618 1134 0.2628
618 1135 0.4109
618 1138 0.3412
618 1141 0.3134
618 1147 0.3077
618 1149 0.2628
618 1150 0.2696
618 1151 0.2894
618 1154 0.2813
618 1155 0.2628
618 1157 0.2696
618 1159 0.3175
618 1160 0.8846
618 1161 0.3254
618 1162 0.2696
618 1163 0.9620
618 1166 0.2696
618 1167 0.2876
618 1169 0.2799
618 1174 0.2628
618 1180 0.2819
618 1182 0.2696
618 1186 0.2646
618 1187 0.3252
618 1189 0.2865
618 1191 0.2832
618 1192 0.2628
618 1193 0.2819
618 1194 0.3121
618 1195 0.3430
618 1198 0.2628
618 1199 0.2894
618 1200 0.2894
618 1201 0.2628
618 1204 0.2696
618 1206 0.2628
618 1210 0.3399
618 1211 0.3953
618 1212 0.2628
618 1213 0.2894
618 1217 0.2628
618 1218 0.2759
618 1219 0.2628
618 1221 0.2628
618 1223 0.2696
618 1225 0.3565
618 1229 0.2628
618 1231 0.3231
618 1233 0.2628
618 1235 0.2696
618 1240 0.3420
618 1241 0.2762
618 1242 0.4399
618 1247 0.3502
618 1251 0.2628
618 1252 0.3263
618 1254 0.2696
618 1255 0.2646
618 1257 0.2696
618 1258 0.2628
618 1260 0.3528
618 1263 0.2832
618 1265 0.3491
618 1267 0.2628
618 1268 0.2894
618 1270 0.3235
618 1271 0.3073
618 1273 0.2759
618 1274 0.2696
618 1275 0.3863
618 1276 0.3093
618 1279 0.2628
618 1280 0.2762
618 1283 0.9493
618 1284 0.5714
618 1287 0.8814
618 1288 0.8890
618 1289 0.9789
618 1291 0.3229
618 1292 0.9364
618 1298 0.2841
618 1299 0.9266
618 1301 0.3096
618 1303 0.7893
618 1304 0.3134
618 1305 0.6017
618 1310 0.7959
618 1316 0.8860
618 1319 0.8392
618 1326 0.2628
618 1327 0.2759
618 1334 0.2628
618 1335 0.2628
618 1341 0.2628
618 1342 0.3264
618 1344 0.2865
618 1349 0.2759
618 1350 0.2628
618 1363 0.2628
618 1367 0.4038
618 1368 0.3392
618 1370 0.3829
618 1372 0.3593
618 1374 0.2696
618 1386 0.2832
618 1387 0.2759
618 1388 0.2854
618 1389 0.3093
618 1396 0.2696
618 1397 0.3940
618 1401 0.2646
618 1402 0.2628
618 1405 0.3413
618 1407 0.2696
618 1409 0.2696
618 1410 0.3134
618 1412 0.2794
618 1415 0.2696
618 1416 0.2833
618 1419 0.2860
618 1423 0.2919
618 1425 0.2696
618 1426 0.2628
618 1427 0.2696
618 1428 0.2860
618 1433 0.2646
618 1434 0.2836
618 1435 0.2821
618 1437 0.3118
618 1438 0.3198
618 1439 0.2833
618 1440 0.2896
618 1441 0.3493
618 1449 0.2696
618 1452 0.2628
618 1458 0.2759
618 1460 0.2894
618 1464 0.2628
618 1466 0.2894
618 1473 0.2696
618 1479 0.3096
618 1482 0.2696
618 1485 0.2832
618 1491 0.3259
618 1493 0.2759
618 1497 0.2696
618 1499 0.2628
618 1500 0.2762
618 1503 0.3404
618 1504 0.2865
618 1510 0.2628
618 1513 0.3165
618 1516 0.3609
618 1517 0.2628
618 1519 0.9093
618 1520 0.2986
618 1522 0.3602
618 1526 0.9802
618 1527 0.7588
618 1529 0.2865
618 1530 0.9536
618 1532 0.2894
618 1536 0.2628
618 1538 0.9797
618 1540 0.2894
618 1545 0.2628
618 1546 0.2894
618 1547 0.9307
618 1548 0.8890
618 1550 0.2628
618 1551 0.9788
618 1554 0.8392
618 1555 0.2628
618 1567 0.2628
618 1568 0.2696
618 1571 0.2832
618 1573 0.2696
618 1574 0.2628
618 1577 0.2832
618 1578 0.2696
618 1579 0.2696
618 1581 0.2646
618 1582 0.2894
618 1583 0.3264
618 1588 0.3264
618 1591 0.3375
618 1593 0.3564
618 1598 0.2696
618 1599 0.2696
618 1604 0.2628
618 1606 0.3979
618 1608 0.3230
618 1610 0.2696
618 1612 0.2696
618 1613 0.3961
618 1615 0.2696
618 1618 0.2759
618 1619 0.2628
618 1621 0.3597
618 1622 0.3254
618 1623 0.2762
618 1624 0.2696
618 1626 0.2646
618 1628 0.2854
618 1629 0.2759
618 1630 0.2894
618 1631 0.2628
618 1633 0.2628
618 1637 0.2696
618 1640 0.2865
618 1641 0.2696
618 1642 0.2696
618 1645 0.2696
618 1649 0.2833
618 1655 0.2628
618 1661 0.2696
618 1663 0.3257
618 1664 0.2894
618 1668 0.3609
618 1669 0.2860
618 1674 0.2646
618 1675 0.2628
618 1678 0.2832
618 1679 0.2762
618 1683 0.3448
618 1685 0.2628
618 1687 0.3050
618 1688 0.2646
618 1689 0.3189
618 1691 0.2696
618 1692 0.2876
618 1694 0.2646
618 1699 0.2759
618 1701 0.3062
618 1702 0.3254
618 1706 0.2919
618 1707 0.2859
618 1708 0.3163
618 1712 0.2816
618 1713 0.3230
618 1714 0.2902
618 1715 0.2696
618 1717 0.2816
618 1718 0.2696
618 1719 0.2628
618 1720 0.2854
618 1725 0.2696
619 621 0.2937
619 623 0.2762
619 625 0.3001
619 626 0.2851
619 627 0.3057
619 628 0.3633
619 631 0.9266
619 632 0.2842
619 633 0.2813
619 634 0.9593
619 637 0.8965
619 638 0.3112
619 639 0.2849
619 641 0.2937
619 642 0.5515
619 643 0.3418
619 645 0.4831
619 646 0.9747
619 648 0.3113
619 649 0.3316
619 650 0.3665
619 651 0.3267
619 653 0.9617
619 655 0.2850
619 656 0.2762
619 657 0.3289
619 658 0.3497
619 660 0.2762
619 662 0.2831
619 663 0.2850
619 664 0.2903
619 666 0.3405
619 669 0.3113
619 671 0.2903
619 673 0.3240
619 675 0.2831
619 676 0.3480
619 677 0.3001
619 679 0.2919
619 680 0.3400
619 681 0.3001
619 684 0.3001
619 685 0.3298
619 687 0.2831
619 688 0.3004
619 689 0.3116
619 692 0.2953
619 694 0.2850
619 695 0.2831
619 696 0.2831
619 697 0.2831
619 698 0.9726
619 702 0.3223
619 703 0.3001
619 704 0.2919
619 705 0.3106
619 706 0.2852
619 709 0.2966
619 711 0.9717
619 712 0.3418
619 713 0.3205
619 714 0.2966
619 716 0.2831
619 718 0.2831
619 721 0.3377
619 722 0.2823
619 723 0.2903
619 726 0.2902
619 727 0.2831
619 732 0.3287
619 733 0.8971
619 734 0.7954
619 735 0.3637
619 736 0.9622
619 737 0.2896
619 738 0.2831
619 740 0.3249
619 741 0.3275
619 743 0.2850
619 744 0.2816
619 745 0.3380
619 747 0.3327
619 748 0.3193
619 750 0.2903
619 751 0.3284
619 752 0.2841
619 753 0.9174
619 755 0.2819
619 757 0.2850
619 758 0.3261
619 761 0.3004
619 762 0.2850
619 763 0.3529
619 764 0.2762
619 767 0.2831
619 768 0.9441
619 770 0.2850
619 771 0.2919
619 772 0.2831
619 773 0.2831
619 775 0.2876
619 776 0.3265
619 777 0.2850
619 778 0.3004
619 780 0.9038
619 782 0.3004
619 783 0.2831
619 784 0.3061
619 785 0.3439
619 786 0.9600
619 787 0.2903
619 789 0.3001
619 791 0.3001
619 793 0.3284
619 794 0.2850
619 796 0.8469
619 798 0.2831
619 799 0.2850
619 801 0.3378
619 803 0.2978
619 804 0.3265
619 805 0.3004
619 806 0.2831
619 808 0.4291
619 809 0.8587
619 810 0.2850
619 811 0.2845
619 814 0.9260
619 815 0.2762
619 817 0.3001
619 818 0.3319
619 819 0.3088
619 821 0.2762
619 822 0.3241
619 823 0.9028
619 825 0.2831
619 827 0.2966
619 828 0.3327
619 829 0.2850
619 831 0.2831
619 832 0.3374
619 836 0.9730
619 838 0.3138
619 839 0.2831
619 840 0.3001
619 841 0.2896
619 842 0.3195
619 843 0.2850
619 845 0.2831
619 846 0.2850
619 849 0.3205
619 851 0.2825
619 852 0.2850
619 854 0.2831
619 855 0.2896
619 856 0.2896
619 858 0.2850
619 860 0.2850
619 862 0.2831
619 864 0.2923
619 865 0.2850
619 867 0.2762
619 869 0.3143
619 870 0.3483
619 871 0.3446
619 872 0.4642
619 874 0.2762
619 876 0.2966
619 878 0.2850
619 880 0.3293
619 881 0.3069
619 883 0.3013
619 884 0.5963
619 886 0.3004
619 887 0.2805
619 889 0.3358
619 890 0.3170
619 891 0.3239
619 892 0.2850
619 893 0.2831
619 894 0.2831
619 895 0.3462
619 896 0.3067
619 897 0.2831
619 898 0.3062
619 900 0.2831
619 901 0.3205
619 903 0.2999
619 905 0.2762
619 906 0.2831
619 907 0.2850
619 908 0.2762
619 909 0.3103
619 910 0.3802
619 912 0.2762
619 913 0.2831
619 914 0.3427
619 915 0.9816
619 919 0.3001
619 921 0.2870
619 922 0.2831
619 924 0.2903
619 930 0.3267
619 934 0.2896
619 935 0.3558
619 936 0.2850
619 938 0.3372
619 940 0.3067
619 942 0.2806
619 943 0.3113
619 947 0.2832
619 948 0.3001
619 950 0.3240
619 951 0.2896
619 953 0.3331
619 954 0.3450
619 957 0.2831
619 958 0.3113
619 959 0.2762
619 960 0.3054
619 964 0.3001
619 965 0.2903
619 966 0.3701
619 967 0.2850
619 968 0.9269
619 974 0.4617
619 976 0.3174
619 977 0.2831
619 979 0.2813
619 980 0.2831
619 982 0.2831
619 986 0.2850
619 987 0.3800
619 989 0.3004
619 990 0.2762
619 993 0.2813
619 994 0.9925
619 995 0.2883
619 996 0.2850
619 999 0.2831
619 1000 0.3001
619 1001 0.3448
619 1002 0.2830
619 1003 0.3903
619 1004 0.2847
619 1006 0.2850
619 1007 0.3290
619 1008 0.2850
619 1013 0.2831
619 1014 0.3892
619 1015 0.3268
619 1016 0.3080
619 1017 0.5689
619 1019 0.2850
619 1020 0.6781
619 1022 0.3215
619 1023 0.3001
619 1024 0.3112
619 1026 0.2831
619 1027 0.3067
619 1029 0.2869
619 1030 0.3354
619 1032 0.2831
619 1033 0.2850
619 1036 0.3503
619 1037 0.2896
619 1042 0.3662
619 1043 0.2966
619 1046 0.2850
619 1048 0.3777
619 1049 0.2850
619 1053 0.2831
619 1056 0.3449
619 1058 0.2966
619 1059 0.2966
619 1060 0.2930
619 1061 0.2896
619 1062 0.2850
619 1063 0.3225
619 1065 0.2855
619 1066 0.3205
619 1068 0.2811
619 1070 0.3292
619 1072 0.3001
619 1078 0.3162
619 1079 0.4077
619 1080 0.2903
619 1082 0.2945
619 1083 0.3833
619 1084 0.2896
619 1085 0.2831
619 1087 0.2831
619 1094 0.2850
619 1099 0.3593
619 1103 0.2831
619 1104 0.2831
619 1105 0.3405
619 1106 0.3205
619 1107 0.2831
619 1108 0.2850
619 1111 0.2850
619 1117 0.3001
619 1119 0.2966
619 1123 0.2831
619 1125 0.2906
619 1126 0.2831
619 1128 0.3221
619 1129 0.3435
619 1130 0.3628
619 1131 0.3316
619 1133 0.2762
619 1134 0.2831
619 1135 0.4028
619 1138 0.3428
619 1141 0.3170
619 1147 0.3137
619 1149 0.2831
619 1150 0.2850
619 1151 0.3001
619 1154 0.2813
619 1155 0.2831
619 1157 0.2850
619 1159 0.6214
619 1160 0.3491
619 1161 0.3267
619 1162 0.2850
619 1163 0.2860
619 1166 0.2850
619 1167 0.3205
619 1169 0.2799
619 1174 0.2831
619 1180 0.2819
619 1182 0.2850
619 1186 0.2762
619 1187 0.3239
619 1189 0.3004
619 1191 0.2896
619 1192 0.2831
619 1193 0.2819
619 1194 0.3083
619 1195 0.8274
619 1198 0.2831
619 1199 0.3001
619 1200 0.3001
619 1201 0.2831
619 1204 0.2850
619 1206 0.2831
619 1210 0.3374
619 1211 0.9767
619 1212 0.2831
619 1213 0.3001
619 1217 0.2831
619 1218 0.6327
619 1219 0.2831
619 1221 0.2831
619 1223 0.2850
619 1225 0.9675
619 1229 0.2831
619 1231 0.9057
619 1233 0.2831
619 1235 0.4669
619 1240 0.3569
619 1241 0.6397
619 1242 0.8985
619 1247 0.3541
619 1251 0.2831
619 1252 0.7232
619 1254 0.2850
619 1255 0.2762
619 1257 0.2850
619 1258 0.2831
619 1260 0.3442
619 1263 0.2896
619 1265 0.3485
619 1267 0.2831
619 1268 0.3001
619 1270 0.3314
619 1271 0.3073
619 1273 0.2966
619 1274 0.2850
619 1275 0.3849
619 1276 0.3112
619 1279 0.2831
619 1280 0.2903
619 1283 0.3381
619 1284 0.3088
619 1287 0.3451
619 1288 0.3282
619 1289 0.3009
619 1291 0.3201
619 1292 0.2847
619 1298 0.2841
619 1299 0.3066
619 1301 0.3113
619 1303 0.3311
619 1304 0.3170
619 1305 0.3113
619 1310 0.3287
619 1316 0.2857
619 1319 0.3316
619 1326 0.2831
619 1327 0.2966
619 1334 0.2831
619 1335 0.2831
619 1341 0.2831
619 1342 0.3284
619 1344 0.3004
619 1349 0.2966
619 1350 0.2831
619 1363 0.2831
619 1367 0.9334
619 1368 0.3546
619 1370 0.9568
619 1372 0.8760
619 1374 0.2850
619 1386 0.2896
619 1387 0.2966
619 1388 0.3067
619 1389 0.3112
619 1396 0.2850
619 1397 0.3743
619 1401 0.2762
619 1402 0.2831
619 1405 0.3423
619 1407 0.2850
619 1409 0.2850
619 1410 0.3170
619 1412 0.2937
619 1415 0.2850
619 1416 0.3106
619 1419 0.3327
619 1423 0.2919
619 1425 0.2850
619 1426 0.2831
619 1427 0.2850
619 1428 0.3327
619 1433 0.2762
619 1434 0.2836
619 1435 0.2821
619 1437 0.3107
619 1438 0.3131
619 1439 0.3106
619 1440 0.2896
619 1441 0.3291
619 1449 0.2850
619 1452 0.2831
619 1458 0.2966
619 1460 0.3001
619 1464 0.2831
619 1466 0.3001
619 1473 0.2850
619 1479 0.3113
619 1482 0.2850
619 1485 0.2896
619 1491 0.3250
619 1493 0.2966
619 1497 0.2850
619 1499 0.2831
619 1500 0.2903
619 1503 0.3328
619 1504 0.3004
619 1510 0.2831
619 1513 0.3145
619 1516 0.3661
619 1517 0.2831
619 1519 0.2860
619 1520 0.2986
619 1522 0.3628
619 1526 0.3138
619 1527 0.3316
619 1529 0.3004
619 1530 0.3187
619 1532 0.3001
619 1536 0.2831
619 1538 0.2879
619 1540 0.3001
619 1545 0.2831
619 1546 0.3001
619 1547 0.3400
619 1548 0.3282
619 1550 0.2831
619 1551 0.3191
619 1554 0.3316
619 1555 0.2831
619 1567 0.2831
619 1568 0.2850
619 1571 0.2896
619 1573 0.2850
619 1574 0.2831
619 1577 0.2896
619 1578 0.2850
619 1579 0.4733
619 1581 0.2762
619 1582 0.3001
619 1583 0.3284
619 1588 0.3284
619 1591 0.3493
619 1593 0.8291
619 1598 0.2850
619 1599 0.2850
619 1604 0.2831
619 1606 0.9520
619 1608 0.3225
619 1610 0.2850
619 1612 0.2850
619 1613 0.9635
619 1615 0.2850
619 1618 0.2966
619 1619 0.2831
619 1621 0.8802
619 1622 0.9821
619 1623 0.2903
619 1624 0.2850
619 1626 0.2762
619 1628 0.3067
619 1629 0.2966
619 1630 0.3001
619 1631 0.2831
619 1633 0.2831
619 1637 0.2850
619 1640 0.3004
619 1641 0.2850
619 1642 0.2850
619 1645 0.2850
619 1649 0.3106
619 1655 0.2831
619 1661 0.2850
619 1663 0.3257
619 1664 0.3001
619 1668 0.3661
619 1669 0.3327
619 1674 0.2762
619 1675 0.2831
619 1678 0.2896
619 1679 0.2903
619 1683 0.3399
619 1685 0.2831
619 1687 0.3144
619 1688 0.2762
619 1689 0.3189
619 1691 0.2850
619 1692 0.3205
619 1694 0.2762
619 1699 0.2966
619 1701 0.3080
619 1702 0.3267
619 1706 0.2919
619 1707 0.2859
619 1708 0.3160
619 1712 0.2816
619 1713 0.3333
619 1714 0.2902
619 1715 0.2850
619 1717 0.2816
619 1718 0.2850
619 1719 0.2831
619 1720 0.3067
619 1725 0.2850
621 623 0.2794
621 625 0.2984
621 626 0.2851
621 627 0.9812
621 628 0.3575
621 631 0.3266
621 632 0.2842
621 633 0.2813
621 634 0.3486
621 637 0.3534
621 638 0.2935
621 639 0.2849
621 641 0.2637
621 642 0.2699
621 643 0.3352
621 645 0.2701
621 646 0.3668
621 648 0.2925
621 649 0.3116
621 650 0.9414
621 651 0.3201
621 653 0.3789
621 655 0.2783
621 656 0.2794
621 657 0.3148
621 658 0.8744
621 660 0.2794
621 662 0.2976
621 663 0.2783
621 664 0.2937
621 666 0.3313
621 669 0.2925
621 671 0.2937
621 673 0.3043
621 675 0.2976
621 676 0.3392
621 677 0.2984
621 679 0.2919
621 680 0.3292
621 681 0.2984
621 684 0.2984
621 685 0.3261
621 687 0.2976
621 688 0.2937
621 689 0.3104
621 692 0.2953
621 694 0.2783
621 695 0.2976
621 696 0.2976
621 697 0.2976
621 698 0.3226
621 702 0.3071
621 703 0.2984
621 704 0.2919
621 705 0.2896
621 706 0.2852
621 709 0.2699
621 711 0.3210
621 712 0.3355
621 713 0.3190
621 714 0.2699
621 716 0.2976
621 718 0.2976
621 721 0.3191
621 722 0.2823
621 723 0.5339
621 726 0.2883
621 727 0.2976
621 732 0.9295
621 733 0.3304
621 734 0.3048
621 735 0.3540
621 736 0.3389
621 737 0.2954
621 738 0.2976
621 740 0.6666
621 741 0.3252
621 743 0.2783
621 744 0.2816
621 745 0.3334
621 747 0.2844
621 748 0.3188
621 750 0.6265
621 751 0.6046
621 752 0.2841
621 753 0.3398
621 755 0.2819
621 757 0.2783
621 758 0.3223
621 761 0.2937
621 762 0.2783
621 763 0.3633
621 764 0.2794
621 767 0.2976
621 768 0.3198
621 770 0.2783
621 771 0.2919
621 772 0.2976
621 773 0.2976
621 775 0.2876
621 776 0.3264
621 777 0.2783
621 778 0.2937
621 780 0.3406
621 782 0.2937
621 783 0.2976
621 784 0.3009
621 785 0.3319
621 786 0.3055
621 787 0.2937
621 789 0.2984
621 791 0.2984
621 793 0.7723
621 794 0.2783
621 796 0.3313
621 798 0.2976
621 799 0.2783
621 801 0.3332
621 803 0.2978
621 804 0.3241
621 805 0.2937
621 806 0.2976
621 808 0.4470
621 809 0.3301
621 810 0.2783
621 811 0.2845
621 814 0.3252
621 815 0.2794
621 817 0.2984
621 818 0.3215
621 819 0.2896
621 821 0.2794
621 822 0.3186
621 823 0.3775
621 825 0.2976
621 827 0.2699
621 828 0.2844
621 829 0.2783
621 831 0.2976
621 832 0.3586
621 836 0.3440
621 838 0.3130
621 839 0.2976
621 840 0.2984
621 841 0.2954
621 842 0.3027
621 843 0.2783
621 845 0.2976
621 846 0.2783
621 849 0.3190
621 851 0.2825
621 852 0.2783
621 854 0.2976
621 855 0.2954
621 856 0.2954
621 858 0.2783
621 860 0.2783
621 862 0.2976
621 864 0.2917
621 865 0.2783
621 867 0.2794
621 869 0.3135
621 870 0.3385
621 871 0.3348
621 872 0.2794
621 874 0.2794
621 876 0.2699
621 878 0.2783
621 880 0.3273
621 881 0.3049
621 883 0.3050
621 884 0.2935
621 886 0.2937
621 887 0.2805
621 889 0.3432
621 890 0.3075
621 891 0.3224
621 892 0.2783
621 893 0.2976
621 894 0.2976
621 895 0.3325
621 896 0.3041
621 897 0.2976
621 898 0.3039
621 900 0.2976
621 901 0.3190
621 903 0.2999
621 905 0.2794
621 906 0.2976
621 907 0.2783
621 908 0.2794
621 909 0.3050
621 910 0.3175
621 912 0.2794
621 913 0.2976
621 914 0.3371
621 915 0.3095
621 919 0.2984
621 921 0.2870
621 922 0.2976
621 924 0.2937
621 930 0.3201
621 934 0.2954
621 935 0.3425
621 936 0.2783
621 938 0.3178
621 940 0.3041
621 942 0.2806
621 943 0.2925
621 947 0.2832
621 948 0.2984
621 950 0.3092
621 951 0.2954
621 953 0.9883
621 954 0.3375
621 957 0.2976
621 958 0.2925
621 959 0.2794
621 960 0.9891
621 964 0.2984
621 965 0.2937
621 966 0.3679
621 967 0.2783
621 968 0.3376
621 974 0.8427
621 976 0.3164
621 977 0.2976
621 979 0.2813
621 980 0.2976
621 982 0.2976
621 986 0.2783
621 987 0.9733
621 989 0.2937
621 990 0.2794
621 993 0.2813
621 994 0.3318
621 995 0.2876
621 996 0.2783
621 999 0.2976
621 1000 0.2984
621 1001 0.3375
621 1002 0.2830
621 1003 0.3707
621 1004 0.2847
621 1006 0.2783
621 1007 0.3290
621 1008 0.2783
621 1013 0.2976
621 1014 0.8767
621 1015 0.3258
621 1016 0.2981
621 1017 0.2937
621 1019 0.2783
621 1020 0.6052
621 1022 0.3201
621 1023 0.2984
621 1024 0.6250
621 1026 0.2976
621 1027 0.3041
621 1029 0.2869
621 1030 0.3549
621 1032 0.2976
621 1033 0.2783
621 1036 0.3469
621 1037 0.2954
621 1042 0.3613
621 1043 0.2699
621 1046 0.2783
621 1048 0.5795
621 1049 0.2783
621 1053 0.2976
621 1056 0.9649
621 1058 0.2699
621 1059 0.2699
621 1060 0.2930
621 1061 0.2954
621 1062 0.2783
621 1063 0.3008
621 1065 0.2855
621 1066 0.3190
621 1068 0.2811
621 1070 0.7936
621 1072 0.2984
621 1078 0.3213
621 1079 0.7896
621 1080 0.2937
621 1082 0.2934
621 1083 0.3989
621 1084 0.2954
621 1085 0.2976
621 1087 0.2976
621 1094 0.2783
621 1099 0.3512
621 1103 0.2976
621 1104 0.2976
621 1105 0.3313
621 1106 0.3190
621 1107 0.2976
621 1108 0.2783
621 1111 0.2783
621 1117 0.2984
621 1119 0.2699
621 1123 0.2976
621 1125 0.2906
621 1126 0.2976
621 1128 0.3218
621 1129 0.9018
621 1130 0.3678
621 1131 0.3116
621 1133 0.2794
621 1134 0.2976
621 1135 0.3780
621 1138 0.3272
621 1141 0.2969
621 1147 0.3092
621 1149 0.2976
621 1150 0.2783
621 1151 0.2984
621 1154 0.2813
621 1155 0.2976
621 1157 0.2783
621 1159 0.3218
621 1160 0.3389
621 1161 0.3201
621 1162 0.2783
621 1163 0.2860
621 1166 0.2783
621 1167 0.3190
621 1169 0.2799
621 1174 0.2976
621 1180 0.2819
621 1182 0.2783
621 1186 0.2794
621 1187 0.3137
621 1189 0.2937
621 1191 0.2954
621 1192 0.2976
621 1193 0.2819
621 1194 0.3047
621 1195 0.3233
621 1198 0.2976
621 1199 0.2984
621 1200 0.2984
621 1201 0.2976
621 1204 0.2783
621 1206 0.2976
621 1210 0.3586
621 1211 0.3648
621 1212 0.2976
621 1213 0.2984
621 1217 0.2976
621 1218 0.2699
621 1219 0.2976
621 1221 0.2976
621 1223 0.2783
621 1225 0.3516
621 1229 0.2976
621 1231 0.3263
621 1233 0.2976
621 1235 0.2783
621 1240 0.3252
621 1241 0.2937
621 1242 0.4013
621 1247 0.3455
621 1251 0.2976
621 1252 0.3155
621 1254 0.3412
621 1255 0.2794
621 1257 0.2783
621 1258 0.2976
621 1260 0.8175
621 1263 0.2954
621 1265 0.7094
621 1267 0.2976
621 1268 0.2984
621 1270 0.3277
621 1271 0.9766
621 1273 0.4680
621 1274 0.2783
621 1275 0.3825
621 1276 0.5574
621 1279 0.2976
621 1280 0.6265
621 1283 0.3318
621 1284 0.2896
621 1287 0.3395
621 1288 0.3088
621 1289 0.3001
621 1291 0.3135
621 1292 0.2847
621 1298 0.2841
621 1299 0.3058
621 1301 0.2925
621 1303 0.3300
621 1304 0.2969
621 1305 0.2925
621 1310 0.3091
621 1316 0.2857
621 1319 0.3116
621 1326 0.2976
621 1327 0.2699
621 1334 0.2976
621 1335 0.2976
621 1341 0.2976
621 1342 0.3175
621 1344 0.2937
621 1349 0.2699
621 1350 0.2976
621 1363 0.2976
621 1367 0.3711
621 1368 0.3752
621 1370 0.3709
621 1372 0.3311
621 1374 0.2783
621 1386 0.2954
621 1387 0.2699
621 1388 0.3041
621 1389 0.2935
621 1396 0.2783
621 1397 0.9450
621 1401 0.2794
621 1402 0.2976
621 1405 0.9029
621 1407 0.2783
621 1409 0.2783
621 1410 0.2969
621 1412 0.3662
621 1415 0.2783
621 1416 0.2896
621 1419 0.2844
621 1423 0.2919
621 1425 0.2783
621 1426 0.2976
621 1427 0.2783
621 1428 0.2844
621 1433 0.2794
621 1434 0.2836
621 1435 0.2821
621 1437 0.3098
621 1438 0.3122
621 1439 0.2896
621 1440 0.2896
621 1441 0.3241
621 1449 0.2783
621 1452 0.2976
621 1458 0.2699
621 1460 0.2984
621 1464 0.2976
621 1466 0.2984
621 1473 0.2783
621 1479 0.2925
621 1482 0.2783
621 1485 0.2954
621 1491 0.3100
621 1493 0.2699
621 1497 0.2783
621 1499 0.2976
621 1500 0.2937
621 1503 0.3328
621 1504 0.2937
621 1510 0.2976
621 1513 0.3093
621 1516 0.3364
621 1517 0.2976
621 1519 0.2860
621 1520 0.2986
621 1522 0.3399
621 1526 0.3095
621 1527 0.3116
621 1529 0.2937
621 1530 0.3142
621 1532 0.2984
621 1536 0.2976
621 1538 0.2879
621 1540 0.2984
621 1545 0.2976
621 1546 0.2984
621 1547 0.3358
621 1548 0.3088
621 1550 0.2976
621 1551 0.3147
621 1554 0.3116
621 1555 0.2976
621 1567 0.2976
621 1568 0.2783
621 1571 0.2954
621 1573 0.2783
621 1574 0.2976
621 1577 0.2954
621 1578 0.2783
621 1579 0.2783
621 1581 0.2794
621 1582 0.2984
621 1583 0.3175
621 1588 0.3175
621 1591 0.3313
621 1593 0.3464
621 1598 0.2783
621 1599 0.2783
621 1604 0.2976
621 1606 0.3677
621 1608 0.3032
621 1610 0.2783
621 1612 0.2783
621 1613 0.3714
621 1615 0.2783
621 1618 0.2699
621 1619 0.2976
621 1621 0.3394
621 1622 0.3241
621 1623 0.2937
621 1624 0.2783
621 1626 0.2794
621 1628 0.3041
621 1629 0.2699
621 1630 0.2984
621 1631 0.2976
621 1633 0.2976
621 1637 0.2783
621 1640 0.2937
621 1641 0.2783
621 1642 0.2783
621 1645 0.2783
621 1649 0.2896
621 1655 0.2976
621 1661 0.2783
621 1663 0.8382
621 1664 0.2984
621 1668 0.3364
621 1669 0.2844
621 1674 0.2794
621 1675 0.2976
621 1678 0.2954
621 1679 0.2937
621 1683 0.8281
621 1685 0.2976
621 1687 0.7545
621 1688 0.4449
621 1689 0.9711
621 1691 0.2783
621 1692 0.3190
621 1694 0.2794
621 1699 0.2699
621 1701 0.2981
621 1702 0.3201
621 1706 0.2919
621 1707 0.2859
621 1708 0.3089
621 1712 0.2816
621 1713 0.3246
621 1714 0.2902
621 1715 0.2783
621 1717 0.2816
621 1718 0.2783
621 1719 0.2976
621 1720 0.5134
621 1725 0.2783
623 625 0.2894
623 626 0.2851
623 627 0.3057
623 628 0.3691
623 631 0.3378
623 632 0.2842
623 633 0.2813
623 634 0.3627
623 637 0.3707
623 638 0.6010
623 639 0.2849
623 641 0.2794
623 642 0.2759
623 643 0.3642
623 645 0.2675
623 646 0.3767
623 648 0.3096
623 649 0.3354
623 650 0.3754
623 651 0.3254
623 653 0.4107
623 655 0.2696
623 656 0.2646
623 657 0.3291
623 658 0.3458
623 660 0.2646
623 662 0.2628
623 663 0.2696
623 664 0.2762
623 666 0.3393
623 669 0.3096
623 671 0.2762
623 673 0.3232
623 675 0.2628
623 676 0.3384
623 677 0.2894
623 679 0.2919
623 680 0.3414
623 681 0.2894
623 684 0.2894
623 685 0.3313
623 687 0.2628
623 688 0.2865
623 689 0.9722
623 692 0.2953
623 694 0.2696
623 695 0.2628
623 696 0.2628
623 697 0.2628
623 698 0.3300
623 702 0.3164
623 703 0.2894
623 704 0.2919
623 705 0.2833
623 706 0.2852
623 709 0.2759
623 711 0.3210
623 712 0.3440
623 713 0.2876
623 714 0.2759
623 716 0.2628
623 718 0.2628
623 721 0.7252
623 722 0.2823
623 723 0.2762
623 726 0.2923
623 727 0.2628
623 732 0.3257
623 733 0.3449
623 734 0.3080
623 735 0.9664
623 736 0.3494
623 737 0.2832
623 738 0.2628
623 740 0.3265
623 741 0.9868
623 743 0.2696
623 744 0.2816
623 745 0.3434
623 747 0.2860
623 748 0.9774
623 750 0.2762
623 751 0.3264
623 752 0.2841
623 753 0.3502
623 755 0.2819
623 757 0.2696
623 758 0.3172
623 761 0.2865
623 762 0.2696
623 763 0.3370
623 764 0.2646
623 767 0.2628
623 768 0.3198
623 770 0.2696
623 771 0.2919
623 772 0.2628
623 773 0.2628
623 775 0.2876
623 776 0.3345
623 777 0.2696
623 778 0.2865
623 780 0.3499
623 782 0.2865
623 783 0.2628
623 784 0.3047
623 785 0.8325
623 786 0.3055
623 787 0.2762
623 789 0.2894
623 791 0.2894
623 793 0.3284
623 794 0.2696
623 796 0.3275
623 798 0.2628
623 799 0.2696
623 801 0.3316
623 803 0.2978
623 804 0.9649
623 805 0.2865
623 806 0.2628
623 808 0.9656
623 809 0.3451
623 810 0.2696
623 811 0.2845
623 814 0.3422
623 815 0.2646
623 817 0.2894
623 818 0.3330
623 819 0.3071
623 821 0.2646
623 822 0.3284
623 823 0.4004
623 825 0.2628
623 827 0.2759
623 828 0.2860
623 829 0.2696
623 831 0.2628
623 832 0.3399
623 836 0.3536
623 838 0.3199
623 839 0.2628
623 840 0.2894
623 841 0.2832
623 842 0.3191
623 843 0.2696
623 845 0.2628
623 846 0.2696
623 849 0.2876
623 851 0.2825
623 852 0.2696
623 854 0.2628
623 855 0.2832
623 856 0.2832
623 858 0.2696
623 860 0.2696
623 862 0.2628
623 864 0.2920
623 865 0.2696
623 867 0.2646
623 869 0.3117
623 870 0.3516
623 871 0.3508
623 872 0.2646
623 874 0.2646
623 876 0.2759
623 878 0.2696
623 880 0.9678
623 881 0.3107
623 883 0.3081
623 884 0.3093
623 886 0.2865
623 887 0.2805
623 889 0.2941
623 890 0.3255
623 891 0.9813
623 892 0.2696
623 893 0.2628
623 894 0.2628
623 895 0.3547
623 896 0.2854
623 897 0.2628
623 898 0.3110
623 900 0.2628
623 901 0.2876
623 903 0.2999
623 905 0.2646
623 906 0.2628
623 907 0.2696
623 908 0.2646
623 909 0.3098
623 910 0.3264
623 912 0.2646
623 913 0.2628
623 914 0.9396
623 915 0.3095
623 919 0.2894
623 921 0.2870
623 922 0.2628
623 924 0.2762
623 930 0.3254
623 934 0.2832
623 935 0.3642
623 936 0.2696
623 938 0.6687
623 940 0.2854
623 942 0.2806
623 943 0.5921
623 947 0.2832
623 948 0.2894
623 950 0.3237
623 951 0.2832
623 953 0.3334
623 954 0.8280
623 957 0.2628
623 958 0.5203
623 959 0.2646
623 960 0.3054
623 964 0.2894
623 965 0.2762
623 966 0.8591
623 967 0.2696
623 968 0.3331
623 974 0.4854
623 976 0.3187
623 977 0.2628
623 979 0.2813
623 980 0.2628
623 982 0.2628
623 986 0.2696
623 987 0.3886
623 989 0.2865
623 990 0.2646
623 993 0.2813
623 994 0.3318
623 995 0.2890
623 996 0.2696
623 999 0.2628
623 1000 0.2894
623 1001 0.3493
623 1002 0.2830
623 1003 0.8983
623 1004 0.2847
623 1006 0.2696
623 1007 0.3290
623 1008 0.2696
623 1013 0.2628
623 1014 0.4005
623 1015 0.9726
623 1016 0.3062
623 1017 0.2762
623 1019 0.2696
623 1020 0.3265
623 1022 0.3184
623 1023 0.2894
623 1024 0.3093
623 1026 0.2628
623 1027 0.2854
623 1029 0.2869
623 1030 0.3335
623 1032 0.2628
623 1033 0.2696
623 1036 0.3445
623 1037 0.2832
623 1042 0.3373
623 1043 0.3722
623 1046 0.3330
623 1048 0.3658
623 1049 0.2696
623 1053 0.2628
623 1056 0.3452
623 1058 0.2759
623 1059 0.2759
623 1060 0.2930
623 1061 0.2832
623 1062 0.3330
623 1063 0.7223
623 1065 0.2855
623 1066 0.2876
623 1068 0.2811
623 1070 0.3229
623 1072 0.2894
623 1078 0.7506
623 1079 0.4100
623 1080 0.2762
623 1082 0.2782
623 1083 0.3823
623 1084 0.2832
623 1085 0.2628
623 1087 0.2628
623 1094 0.2696
623 1099 0.9372
623 1103 0.2628
623 1104 0.2628
623 1105 0.3393
623 1106 0.2876
623 1107 0.2628
623 1108 0.2696
623 1111 0.2696
623 1117 0.2894
623 1119 0.2759
623 1123 0.2628
623 1125 0.2906
623 1126 0.2628
623 1128 0.3175
623 1129 0.3378
623 1130 0.9276
623 1131 0.3354
623 1133 0.2646
623 1134 0.2628
623 1135 0.9517
623 1138 0.3412
623 1141 0.3134
623 1147 0.3077
623 1149 0.2628
623 1150 0.2696
623 1151 0.2894
623 1154 0.2813
623 1155 0.2628
623 1157 0.2696
623 1159 0.3175
623 1160 0.3358
623 1161 0.3254
623 1162 0.2696
623 1163 0.2860
623 1166 0.2696
623 1167 0.2876
623 1169 0.2799
623 1174 0.2628
623 1180 0.2819
623 1182 0.2696
623 1186 0.2646
623 1187 0.3252
623 1189 0.2865
623 1191 0.2832
623 1192 0.2628
623 1193 0.2819
623 1194 0.3121
623 1195 0.3430
623 1198 0.2628
623 1199 0.2894
623 1200 0.2894
623 1201 0.2628
623 1204 0.2696
623 1206 0.2628
623 1210 0.3399
623 1211 0.3953
623 1212 0.2628
623 1213 0.2894
623 1217 0.2628
623 1218 0.2759
623 1219 0.2628
623 1221 0.2628
623 1223 0.2696
623 1225 0.3565
623 1229 0.2628
623 1231 0.3231
623 1233 0.2628
623 1235 0.2696
623 1240 0.3420
623 1241 0.2762
623 1242 0.4399
623 1247 0.3502
623 1251 0.2628
623 1252 0.3263
623 1254 0.2696
623 1255 0.2646
623 1257 0.2696
623 1258 0.2628
623 1260 0.3528
623 1263 0.2832
623 1265 0.3491
623 1267 0.2628
623 1268 0.2894
623 1270 0.3235
623 1271 0.3073
623 1273 0.2759
623 1274 0.2696
623 1275 0.3863
623 1276 0.3093
623 1279 0.2628
623 1280 0.2762
623 1283 0.3379
623 1284 0.3071
623 1287 0.3449
623 1288 0.3220
623 1289 0.3019
623 1291 0.3229
623 1292 0.2847
623 1298 0.2841
623 1299 0.3075
623 1301 0.3096
623 1303 0.3314
623 1304 0.3134
623 1305 0.3096
623 1310 0.3327
623 1316 0.2857
623 1319 0.3354
623 1326 0.2628
623 1327 0.2759
623 1334 0.2628
623 1335 0.2628
623 1341 0.2628
623 1342 0.3264
623 1344 0.2865
623 1349 0.2759
623 1350 0.2628
623 1363 0.2628
623 1367 0.4038
623 1368 0.3392
623 1370 0.3829
623 1372 0.3593
623 1374 0.2696
623 1386 0.2832
623 1387 0.2759
623 1388 0.2854
623 1389 0.3093
623 1396 0.2696
623 1397 0.3940
623 1401 0.2646
623 1402 0.2628
623 1405 0.3413
623 1407 0.2696
623 1409 0.2696
623 1410 0.3134
623 1412 0.2794
623 1415 0.2696
623 1416 0.2833
623 1419 0.2860
623 1423 0.2919
623 1425 0.2696
623 1426 0.2628
623 1427 0.2696
623 1428 0.2860
623 1433 0.2646
623 1434 0.2836
623 1435 0.2821
623 1437 0.3118
623 1438 0.3198
623 1439 0.2833
623 1440 0.2896
623 1441 0.3493
623 1449 0.2696
623 1452 0.2628
623 1458 0.2759
623 1460 0.2894
623 1464 0.2628
623 1466 0.2894
623 1473 0.2696
623 1479 0.5203
623 1482 0.2696
623 1485 0.2832
623 1491 0.3259
623 1493 0.2759
623 1497 0.2696
623 1499 0.2628
623 1500 0.2762
623 1503 0.7096
623 1504 0.2865
623 1510 0.2628
623 1513 0.3165
623 1516 0.3609
623 1517 0.2628
623 1519 0.2860
623 1520 0.2986
623 1522 0.3602
623 1526 0.3089
623 1527 0.3354
623 1529 0.2865
623 1530 0.3125
623 1532 0.2894
623 1536 0.2628
623 1538 0.2879
623 1540 0.2894
623 1545 0.2628
623 1546 0.2894
623 1547 0.3458
623 1548 0.3220
623 1550 0.2628
623 1551 0.3232
623 1554 0.3354
623 1555 0.2628
623 1567 0.2628
623 1568 0.2696
623 1571 0.2832
623 1573 0.2696
623 1574 0.2628
623 1577 0.2832
623 1578 0.2696
623 1579 0.2696
623 1581 0.2646
623 1582 0.2894
623 1583 0.3264
623 1588 0.3264
623 1591 0.3375
623 1593 0.3564
623 1598 0.2696
623 1599 0.2696
623 1604 0.2628
623 1606 0.3979
623 1608 0.3230
623 1610 0.2696
623 1612 0.2696
623 1613 0.3961
623 1615 0.2696
623 1618 0.2759
623 1619 0.2628
623 1621 0.3597
623 1622 0.3254
623 1623 0.2762
623 1624 0.2696
623 1626 0.2646
623 1628 0.2854
623 1629 0.2759
623 1630 0.2894
623 1631 0.2628
623 1633 0.2628
623 1637 0.2696
623 1640 0.2865
623 1641 0.2696
623 1642 0.2696
623 1645 0.2696
623 1649 0.2833
623 1655 0.2628
623 1661 0.2696
623 1663 0.3257
623 1664 0.2894
623 1668 0.3609
623 1669 0.2860
623 1674 0.2646
623 1675 0.2628
623 1678 0.2832
623 1679 0.2762
623 1683 0.3448
623 1685 0.2628
623 1687 0.3050
623 1688 0.2646
623 1689 0.3189
623 1691 0.2696
623 1692 0.2876
623 1694 0.2646
623 1699 0.2759
623 1701 0.3062
623 1702 0.3254
623 1706 0.2919
623 1707 0.2859
623 1708 0.3163
623 1712 0.2816
623 1713 0.3230
623 1714 0.2902
623 1715 0.2696
623 1717 0.2816
623 1718 0.2696
623 1719 0.2628
623 1720 0.2854
623 1725 0.2696
625 626 0.2851
625 627 0.3057
625 628 0.3796
625 631 0.3407
625 632 0.2842
625 633 0.2813
625 634 0.3719
625 637 0.3665
625 638 0.2982
625 639 0.2849
625 641 0.2984
625 642 0.2971
625 643 0.3963
625 645 0.2905
625 646 0.4147
625 648 0.2991
625 649 0.3873
625 650 0.3839
625 651 0.3502
625 653 0.4293
625 655 0.2267
625 656 0.2894
625 657 0.2515
625 658 0.3597
625 660 0.2894
625 662 0.2208
625 663 0.2267
625 664 0.3001
625 666 0.3678
625 669 0.2991
625 671 0.3001
625 673 0.2470
625 675 0.2208
625 676 0.4090
625 677 0.1890
625 679 0.2919
625 680 0.3974
625 681 0.1890
625 684 0.1890
625 685 0.3484
625 687 0.2208
625 688 0.2234
625 689 0.3116
625 692 0.2953
625 694 0.2267
625 695 0.2208
625 696 0.2208
625 697 0.2208
625 698 0.3736
625 702 0.3104
625 703 0.1890
625 704 0.2919
625 705 0.2961
625 706 0.2852
625 709 0.2971
625 711 0.3210
625 712 0.3936
625 713 0.3159
625 714 0.2971
625 716 0.2208
625 718 0.2208
625 721 0.2523
625 722 0.2823
625 723 0.3001
625 726 0.2989
625 727 0.2208
625 732 0.3211
625 733 0.3489
625 734 0.2453
625 735 0.3926
625 736 0.3679
625 737 0.2920
625 738 0.2208
625 740 0.2592
625 741 0.3738
625 743 0.2267
625 744 0.2816
625 745 0.3518
625 747 0.2986
625 748 0.3193
625 750 0.3001
625 751 0.3117
625 752 0.2841
625 753 0.3734
625 755 0.2819
625 757 0.2267
625 758 0.4014
625 761 0.2234
625 762 0.2267
625 763 0.2729
625 764 0.2894
625 767 0.2208
625 768 0.3198
625 770 0.2267
625 771 0.2919
625 772 0.2208
625 773 0.2208
625 775 0.2876
625 776 0.3494
625 777 0.2267
625 778 0.2234
625 780 0.3736
625 782 0.2234
625 783 0.2208
625 784 0.3235
625 785 0.3364
625 786 0.3055
625 787 0.3001
625 789 0.1890
625 791 0.1890
625 793 0.3284
625 794 0.2267
625 796 0.4054
625 798 0.2208
625 799 0.2267
625 801 0.3496
625 803 0.2978
625 804 0.3761
625 805 0.2234
625 806 0.2208
625 808 0.4855
625 809 0.4057
625 810 0.2267
625 811 0.2845
625 814 0.3383
625 815 0.2894
625 817 0.1890
625 818 0.3816
625 819 0.2969
625 821 0.2894
625 822 0.3295
625 823 0.4454
625 825 0.2208
625 827 0.2971
625 828 0.2986
625 829 0.2267
625 831 0.2208
625 832 0.2757
625 836 0.3759
625 838 0.3320
625 839 0.2208
625 840 0.1890
625 841 0.2920
625 842 0.2444
625 843 0.2267
625 845 0.2208
625 846 0.2267
625 849 0.3159
625 851 0.2825
625 852 0.2267
625 854 0.2208
625 855 0.2920
625 856 0.2920
625 858 0.2267
625 860 0.2267
625 862 0.2208
625 864 0.2920
625 865 0.2267
625 867 0.2894
625 869 0.3036
625 870 0.4034
625 871 0.3528
625 872 0.2894
625 874 0.2894
625 876 0.2971
625 878 0.2267
625 880 0.3530
625 881 0.3465
625 883 0.2458
625 884 0.2982
625 886 0.2234
625 887 0.2805
625 889 0.3142
625 890 0.3849
625 891 0.3225
625 892 0.2267
625 893 0.2208
625 894 0.2208
625 895 0.3644
625 896 0.3039
625 897 0.2208
625 898 0.3507
625 900 0.2208
625 901 0.3159
625 903 0.2999
625 905 0.2894
625 906 0.2208
625 907 0.2267
625 908 0.2894
625 909 0.3293
625 910 0.3117
625 912 0.2894
625 913 0.2208
625 914 0.3550
625 915 0.3095
625 919 0.1890
625 921 0.2870
625 922 0.2208
625 924 0.3001
625 930 0.3502
625 934 0.2920
625 935 0.3699
625 936 0.2267
625 938 0.2514
625 940 0.3039
625 942 0.2806
625 943 0.2991
625 947 0.2832
625 948 0.1890
625 950 0.3295
625 951 0.2920
625 953 0.3334
625 954 0.3984
625 957 0.2208
625 958 0.2991
625 959 0.2894
625 960 0.3054
625 964 0.1890
625 965 0.3001
625 966 0.3888
625 967 0.2267
625 968 0.4036
625 974 0.5462
625 976 0.3320
625 977 0.2208
625 979 0.2813
625 980 0.2208
625 982 0.2208
625 986 0.2267
625 987 0.3952
625 989 0.2234
625 990 0.2894
625 993 0.2813
625 994 0.3318
625 995 0.2969
625 996 0.2267
625 999 0.2208
625 1000 0.1890
625 1001 0.3567
625 1002 0.2830
625 1003 0.3894
625 1004 0.2847
625 1006 0.2267
625 1007 0.3290
625 1008 0.2267
625 1013 0.2208
625 1014 0.4142
625 1015 0.3740
625 1016 0.2371
625 1017 0.3001
625 1019 0.2267
625 1020 0.2592
625 1022 0.2574
625 1023 0.1890
625 1024 0.2982
625 1026 0.2208
625 1027 0.3039
625 1029 0.2869
625 1030 0.2726
625 1032 0.2208
625 1033 0.2267
625 1036 0.4179
625 1037 0.2920
625 1042 0.4224
625 1043 0.2971
625 1046 0.2267
625 1048 0.2648
625 1049 0.2267
625 1053 0.2208
625 1056 0.3663
625 1058 0.2971
625 1059 0.2971
625 1060 0.2930
625 1061 0.2920
625 1062 0.2267
625 1063 0.2453
625 1065 0.2855
625 1066 0.3159
625 1068 0.2811
625 1070 0.3169
625 1072 0.1890
625 1078 0.3877
625 1079 0.4528
625 1080 0.3001
625 1082 0.3028
625 1083 0.3996
625 1084 0.2920
625 1085 0.2208
625 1087 0.2208
625 1094 0.2267
625 1099 0.4146
625 1103 0.2208
625 1104 0.2208
625 1105 0.3678
625 1106 0.3159
625 1107 0.2208
625 1108 0.2267
625 1111 0.2267
625 1117 0.1890
625 1119 0.2971
625 1123 0.2208
625 1125 0.2906
625 1126 0.2208
625 1128 0.2560
625 1129 0.4157
625 1130 0.4136
625 1131 0.3873
625 1133 0.2894
625 1134 0.2208
625 1135 0.4301
625 1138 0.4090
625 1141 0.2414
625 1147 0.3219
625 1149 0.2208
625 1150 0.2267
625 1151 0.1890
625 1154 0.2813
625 1155 0.2208
625 1157 0.2267
625 1159 0.2560
625 1160 0.4154
625 1161 0.3502
625 1162 0.2267
625 1163 0.2860
625 1166 0.2267
625 1167 0.3159
625 1169 0.2799
625 1174 0.2208
625 1180 0.2819
625 1182 0.2267
625 1186 0.2894
625 1187 0.3729
625 1189 0.2234
625 1191 0.2920
625 1192 0.2208
625 1193 0.2819
625 1194 0.3170
625 1195 0.2493
625 1198 0.2208
625 1199 0.1890
625 1200 0.1890
625 1201 0.2208
625 1204 0.2267
625 1206 0.2208
625 1210 0.2757
625 1211 0.3889
625 1212 0.2208
625 1213 0.1890
625 1217 0.2208
625 1218 0.2971
625 1219 0.2208
625 1221 0.2208
625 1223 0.2267
625 1225 0.3565
625 1229 0.2208
625 1231 0.3915
625 1233 0.2208
625 1235 0.2267
625 1240 0.3256
625 1241 0.3001
625 1242 0.4292
625 1247 0.3587
625 1251 0.2208
625 1252 0.3128
625 1254 0.2267
625 1255 0.2894
625 1257 0.2267
625 1258 0.2208
625 1260 0.3764
625 1263 0.2920
625 1265 0.4070
625 1267 0.2208
625 1268 0.1890
625 1270 0.2623
625 1271 0.3073
625 1273 0.2971
625 1274 0.2267
625 1275 0.4097
625 1276 0.2982
625 1279 0.2208
625 1280 0.3001
625 1283 0.3637
625 1284 0.2969
625 1287 0.3630
625 1288 0.3160
625 1289 0.3116
625 1291 0.3245
625 1292 0.2847
625 1298 0.2841
625 1299 0.3184
625 1301 0.2991
625 1303 0.3314
625 1304 0.2414
625 1305 0.2991
625 1310 0.3846
625 1316 0.2857
625 1319 0.3873
625 1326 0.2208
625 1327 0.2971
625 1334 0.2208
625 1335 0.2208
625 1341 0.2208
625 1342 0.3117
625 1344 0.2234
625 1349 0.2971
625 1350 0.2208
625 1363 0.2208
625 1367 0.3981
625 1368 0.2777
625 1370 0.3829
625 1372 0.3453
625 1374 0.2267
625 1386 0.2920
625 1387 0.2971
625 1388 0.3039
625 1389 0.2982
625 1396 0.2267
625 1397 0.4294
625 1401 0.2894
625 1402 0.2208
625 1405 0.3342
625 1407 0.2267
625 1409 0.2267
625 1410 0.2414
625 1412 0.2984
625 1415 0.2267
625 1416 0.2961
625 1419 0.2986
625 1423 0.2919
625 1425 0.2267
625 1426 0.2208
625 1427 0.2267
625 1428 0.2986
625 1433 0.2894
625 1434 0.2836
625 1435 0.2821
625 1437 0.3239
625 1438 0.3324
625 1439 0.2961
625 1440 0.2896
625 1441 0.3820
625 1449 0.2267
625 1452 0.2208
625 1458 0.2971
625 1460 0.1890
625 1464 0.2208
625 1466 0.1890
625 1473 0.2267
625 1479 0.2991
625 1482 0.2267
625 1485 0.2920
625 1491 0.2498
625 1493 0.2971
625 1497 0.2267
625 1499 0.2208
625 1500 0.3001
625 1503 0.3634
625 1504 0.2234
625 1510 0.2208
625 1513 0.2517
625 1516 0.2603
625 1517 0.2208
625 1519 0.2860
625 1520 0.2986
625 1522 0.4122
625 1526 0.3232
625 1527 0.3873
625 1529 0.2234
625 1530 0.3287
625 1532 0.1890
625 1536 0.2208
625 1538 0.2879
625 1540 0.1890
625 1545 0.2208
625 1546 0.1890
625 1547 0.3554
625 1548 0.3160
625 1550 0.2208
625 1551 0.3287
625 1554 0.3873
625 1555 0.2208
625 1567 0.2208
625 1568 0.2267
625 1571 0.2920
625 1573 0.2267
625 1574 0.2208
625 1577 0.2920
625 1578 0.2267
625 1579 0.2267
625 1581 0.2894
625 1582 0.1890
625 1583 0.3117
625 1588 0.3117
625 1591 0.2561
625 1593 0.4165
625 1598 0.2267
625 1599 0.2267
625 1604 0.2208
625 1606 0.3858
625 1608 0.3103
625 1610 0.2267
625 1612 0.2267
625 1613 0.4486
625 1615 0.2267
625 1618 0.2971
625 1619 0.2208
625 1621 0.4106
625 1622 0.3254
625 1623 0.3001
625 1624 0.2267
625 1626 0.2894
625 1628 0.3039
625 1629 0.2971
625 1630 0.1890
625 1631 0.2208
625 1633 0.2208
625 1637 0.2267
625 1640 0.2234
625 1641 0.2267
625 1642 0.2267
625 1645 0.2267
625 1649 0.2961
625 1655 0.2208
625 1661 0.2267
625 1663 0.3315
625 1664 0.1890
625 1668 0.2603
625 1669 0.2986
625 1674 0.2894
625 1675 0.2208
625 1678 0.2920
625 1679 0.3001
