393 1089 0.1768
393 1090 0.1556
393 1092 0.1874
393 1094 0.3925
393 1097 0.1669
393 1099 0.9655
393 1103 0.2110
393 1104 0.2587
393 1105 0.2723
393 1106 0.3433
393 1107 0.3026
393 1108 0.0546
393 1111 0.1956
393 1113 0.2042
393 1116 0.7279
393 1117 0.6563
393 1118 0.1887
393 1119 0.1778
393 1123 0.2525
393 1124 0.1807
393 1125 0.0674
393 1126 0.1669
393 1127 0.2603
393 1128 0.1964
393 1129 0.2728
393 1130 0.8772
393 1131 0.1545
393 1133 0.1952
393 1134 0.1999
393 1135 0.9745
393 1136 0.5494
393 1138 0.1864
393 1141 0.2246
393 1142 0.4213
393 1143 0.4229
393 1144 0.1936
393 1145 0.1807
393 1146 0.1863
393 1147 0.2416
393 1148 0.3870
393 1150 0.1665
393 1151 0.6839
393 1152 0.9070
393 1153 0.1617
393 1154 0.1759
393 1155 0.2110
393 1156 0.1669
393 1157 0.2267
393 1158 0.4163
393 1159 0.1766
393 1160 0.1659
393 1161 0.1271
393 1162 0.1849
393 1163 0.1753
393 1165 0.2393
393 1166 0.2573
393 1167 0.4705
393 1169 0.1737
393 1172 0.4873
393 1174 0.1964
393 1177 0.1572
393 1180 0.1705
393 1181 0.1347
393 1182 0.2199
393 1183 0.2584
393 1185 0.2756
393 1186 0.6745
393 1187 0.1375
393 1188 0.6527
393 1189 0.3842
393 1191 0.0849
393 1192 0.2673
393 1193 0.1757
393 1194 0.1868
393 1195 0.1978
393 1196 0.1992
393 1197 0.0546
393 1199 0.4211
393 1200 0.2399
393 1201 0.3705
393 1202 0.1242
393 1203 0.1750
393 1204 0.5368
393 1205 0.0546
393 1206 0.2767
393 1207 0.2196
393 1208 0.2567
393 1209 0.1466
393 1210 0.2120
393 1211 0.1395
393 1212 0.2672
393 1213 0.0546
393 1214 0.2091
393 1217 0.4628
393 1218 0.5686
393 1219 0.1807
393 1220 0.1999
393 1221 0.2618
393 1222 0.2600
393 1223 0.0611
393 1225 0.0484
393 1226 0.2773
393 1227 0.1651
393 1228 0.1806
393 1229 0.3326
393 1230 0.1694
393 1231 0.1933
393 1233 0.1849
393 1235 0.1871
393 1237 0.2326
393 1240 0.2843
393 1241 0.1804
393 1242 0.2842
393 1244 0.4163
393 1247 0.2374
393 1248 0.3427
393 1250 0.4543
393 1251 0.1807
393 1252 0.2330
393 1254 0.2110
393 1255 0.2120
393 1256 0.2675
393 1257 0.1807
393 1258 0.3168
393 1259 0.2291
393 1260 0.3309
393 1262 0.2616
393 1263 0.1572
393 1265 0.1712
393 1266 0.2110
393 1267 0.2511
393 1268 0.2673
393 1269 0.3749
393 1270 0.1998
393 1271 0.1680
393 1272 0.1999
393 1273 0.2145
393 1274 0.1915
393 1275 0.2357
393 1276 0.2868
393 1278 0.1826
393 1279 0.2345
393 1280 0.1694
393 1282 0.1552
393 1283 0.2201
393 1284 0.1677
393 1286 0.2605
393 1287 0.1845
393 1288 0.2115
393 1289 0.1869
393 1291 0.0487
393 1292 0.0746
393 1293 0.2851
393 1295 0.1666
393 1297 0.2908
393 1298 0.0349
393 1299 0.2478
393 1300 0.1936
393 1301 0.1807
393 1303 0.2605
393 1304 0.1435
393 1305 0.2074
393 1307 0.1748
393 1308 0.0546
393 1310 0.1842
393 1311 0.2085
393 1312 0.1954
393 1313 0.1679
393 1315 0.1807
393 1316 0.1284
393 1318 0.2088
393 1320 0.1986
393 1322 0.1787
393 1323 0.2372
393 1324 0.6141
393 1326 0.3122
393 1327 0.1978
393 1328 0.1991
393 1330 0.5026
393 1331 0.2120
393 1332 0.1807
393 1333 0.6727
393 1335 0.3367
393 1339 0.1936
393 1340 0.1694
393 1341 0.1807
393 1342 0.1027
393 1343 0.2120
393 1344 0.7366
393 1346 0.1798
393 1347 0.2072
393 1348 0.2110
393 1349 0.4702
393 1350 0.2110
393 1352 0.2476
393 1354 0.1807
393 1355 0.2112
393 1356 0.4822
393 1360 0.2018
393 1361 0.2291
393 1362 0.3741
393 1363 0.2232
393 1364 0.3009
393 1367 0.1632
393 1368 0.3683
393 1369 0.5927
393 1370 0.2414
393 1372 0.1632
393 1375 0.1592
393 1376 0.2110
393 1378 0.1669
393 1379 0.5261
393 1380 0.1807
393 1381 0.2120
393 1383 0.2252
393 1384 0.0546
393 1386 0.3011
393 1387 0.2621
393 1388 0.2354
393 1389 0.1778
393 1390 0.2773
393 1394 0.1831
393 1395 0.2476
393 1396 0.2088
393 1397 0.2529
393 1398 0.3763
393 1402 0.1826
393 1405 0.2232
393 1406 0.2200
393 1407 0.4411
393 1408 0.1599
393 1409 0.1959
393 1410 0.2285
393 1411 0.1807
393 1412 0.2110
393 1413 0.1695
393 1415 0.2110
393 1416 0.2364
393 1418 0.4080
393 1419 0.2629
393 1420 0.2183
393 1421 0.1922
393 1422 0.1953
393 1423 0.2107
393 1425 0.1979
393 1426 0.2250
393 1427 0.1605
393 1428 0.1617
393 1431 0.0546
393 1433 0.1617
393 1434 0.4403
393 1435 0.0736
393 1436 0.1708
393 1437 0.1744
393 1438 0.1909
393 1439 0.1895
393 1440 0.1740
393 1441 0.3117
393 1445 0.2349
393 1446 0.2292
393 1448 0.3228
393 1449 0.7095
393 1451 0.5100
393 1452 0.5447
393 1456 0.6315
393 1457 0.2148
393 1458 0.7876
393 1460 0.0546
393 1461 0.1669
393 1462 0.1669
393 1464 0.8304
393 1466 0.6439
393 1468 0.4993
393 1470 0.6374
393 1472 0.1669
393 1473 0.3453
393 1474 0.5461
393 1477 0.5318
393 1479 0.7736
393 1480 0.3573
393 1482 0.5681
393 1484 0.1988
393 1485 0.1807
393 1487 0.0546
393 1488 0.4325
393 1490 0.2110
393 1491 0.7934
393 1493 0.6664
393 1494 0.6100
393 1496 0.0546
393 1497 0.1669
393 1498 0.1823
393 1499 0.2221
393 1501 0.2200
393 1503 0.8970
393 1504 0.8526
393 1507 0.2481
393 1508 0.1823
393 1510 0.5616
393 1512 0.4268
393 1513 0.1947
393 1515 0.1823
393 1516 0.6817
393 1517 0.2232
393 1518 0.6413
393 1519 0.1685
393 1520 0.0699
393 1522 0.2239
393 1526 0.1795
393 1527 0.2037
393 1528 0.3585
393 1529 0.7104
393 1530 0.0649
393 1531 0.1669
393 1532 0.1616
393 1535 0.2538
393 1536 0.2351
393 1538 0.0516
393 1540 0.2152
393 1541 0.4239
393 1542 0.2016
393 1544 0.2088
393 1547 0.2041
393 1548 0.1596
393 1549 0.1947
393 1550 0.1807
393 1551 0.1209
393 1554 0.4137
393 1562 0.2120
393 1567 0.1924
393 1568 0.1694
393 1569 0.1669
393 1570 0.4080
393 1571 0.5974
393 1573 0.1449
393 1574 0.3440
393 1577 0.2053
393 1578 0.1807
393 1579 0.2513
393 1580 0.1948
393 1581 0.2519
393 1582 0.2331
393 1583 0.2988
393 1585 0.3072
393 1587 0.1807
393 1588 0.3339
393 1590 0.1313
393 1591 0.2443
393 1593 0.2916
393 1594 0.2120
393 1595 0.2378
393 1596 0.2107
393 1598 0.1999
393 1599 0.3239
393 1602 0.2291
393 1603 0.3299
393 1604 0.1669
393 1605 0.1946
393 1606 0.2757
393 1607 0.1804
393 1608 0.3059
393 1609 0.1717
393 1612 0.2531
393 1613 0.4685
393 1614 0.2316
393 1615 0.1999
393 1616 0.2200
393 1618 0.8395
393 1619 0.4867
393 1621 0.4376
393 1622 0.1760
393 1623 0.3800
393 1624 0.2555
393 1625 0.2110
393 1626 0.1999
393 1627 0.1628
393 1628 0.2419
393 1629 0.2110
393 1630 0.2599
393 1633 0.6592
393 1634 0.2440
393 1636 0.3882
393 1637 0.2568
393 1638 0.1674
393 1639 0.0546
393 1640 0.3234
393 1641 0.2951
393 1642 0.0546
393 1643 0.2110
393 1644 0.2390
393 1645 0.2603
393 1646 0.3451
393 1647 0.1884
393 1648 0.1669
393 1649 0.4060
393 1650 0.1669
393 1651 0.3557
393 1652 0.2584
393 1653 0.2669
393 1654 0.2845
393 1655 0.2586
393 1658 0.1823
393 1660 0.4496
393 1661 0.7048
393 1663 0.2110
393 1664 0.2313
393 1665 0.1544
393 1666 0.1999
393 1667 0.2110
393 1668 0.2056
393 1669 0.1617
393 1671 0.2291
393 1672 0.2110
393 1674 0.2770
393 1676 0.2088
393 1678 0.1684
393 1679 0.1715
393 1680 0.1936
393 1682 0.1976
393 1683 0.3364
393 1685 0.1669
393 1688 0.1999
393 1689 0.2894
393 1690 0.2399
393 1691 0.3323
393 1692 0.1848
393 1693 0.0546
393 1694 0.2528
393 1695 0.1999
393 1697 0.2077
393 1698 0.0546
393 1699 0.2110
393 1700 0.2952
393 1701 0.2399
393 1702 0.1849
393 1704 0.2088
393 1705 0.1703
393 1706 0.1641
393 1707 0.0482
393 1708 0.2051
393 1709 0.1592
393 1711 0.2081
393 1712 0.4530
393 1713 0.1405
393 1714 0.1684
393 1715 0.1900
393 1716 0.2349
393 1717 0.2770
393 1718 0.1901
393 1720 0.1897
393 1721 0.2110
393 1723 0.1708
393 1725 0.1807
393 1728 0.1999
394 395 0.1481
394 396 0.1601
394 397 0.2195
394 398 0.4365
394 399 0.4403
394 400 0.4790
394 402 0.1539
394 403 0.1566
394 404 0.1680
394 405 0.1566
394 406 0.1310
394 407 0.1976
394 408 0.2145
394 409 0.1546
394 410 0.1436
394 411 0.7112
394 412 0.1622
394 413 0.1748
394 414 0.2244
394 415 0.2180
394 418 0.3004
394 419 0.4381
394 420 0.4053
394 421 0.3619
394 422 0.4094
394 424 0.1598
394 425 0.1685
394 426 0.3357
394 427 0.2344
394 428 0.6144
394 431 0.2890
394 432 0.3424
394 433 0.1883
394 434 0.6884
394 435 0.2247
394 436 0.1592
394 438 0.5549
394 439 0.4262
394 440 0.3203
394 441 0.2089
394 442 0.3089
394 443 0.1310
394 444 0.1436
394 445 0.3550
394 447 0.7437
394 448 0.1692
394 449 0.3690
394 450 0.3401
394 451 0.5382
394 452 0.3417
394 453 0.4536
394 454 0.2285
394 455 0.2078
394 456 0.2167
394 458 0.4931
394 459 0.1581
394 460 0.3755
394 461 0.2126
394 462 0.1310
394 463 0.3619
394 464 0.2346
394 465 0.6690
394 466 0.2719
394 467 0.3122
394 468 0.3744
394 470 0.1719
394 471 0.1763
394 472 0.2292
394 475 0.2261
394 476 0.2402
394 478 0.1315
394 479 0.2354
394 480 0.5082
394 481 0.4786
394 482 0.1801
394 484 0.3963
394 485 0.2842
394 486 0.3859
394 487 0.1558
394 488 0.1568
394 489 0.3791
394 490 0.4000
394 491 0.6099
394 492 0.2629
394 494 0.5714
394 495 0.5729
394 496 0.1581
394 497 0.1527
394 498 0.2963
394 499 0.1627
394 501 0.4296
394 503 0.6933
394 504 0.3830
394 505 0.3519
394 506 0.1629
394 507 0.2555
394 508 0.1633
394 509 0.3244
394 510 0.4635
394 511 0.2327
394 512 0.1533
394 513 0.1576
394 514 0.5378
394 515 0.1446
394 516 0.1424
394 517 0.5151
394 518 0.1457
394 519 0.2893
394 520 0.2745
394 521 0.4932
394 522 0.3124
394 523 0.1666
394 526 0.1906
394 527 0.3799
394 528 0.1843
394 529 0.2119
394 530 0.4803
394 531 0.1712
394 533 0.1310
394 534 0.1676
394 535 0.1310
394 536 0.4214
394 537 0.5730
394 538 0.1310
394 539 0.1463
394 540 0.6536
394 541 0.1310
394 542 0.4772
394 544 0.1826
394 545 0.1618
394 546 0.3124
394 547 0.2195
394 548 0.1707
394 549 0.2195
394 550 0.4065
394 551 0.5669
394 552 0.2960
394 554 0.4051
394 555 0.5190
394 556 0.4156
394 557 0.1500
394 558 0.5629
394 559 0.4369
394 560 0.4258
394 561 0.3006
394 562 0.2958
394 563 0.2060
394 564 0.5206
394 566 0.1799
394 568 0.8691
394 569 0.3207
394 570 0.5034
394 571 0.2676
394 572 0.2227
394 573 0.6207
394 574 0.2565
394 575 0.3478
394 576 0.2255
394 577 0.1601
394 578 0.3640
394 579 0.5051
394 581 0.1742
394 582 0.3387
394 583 0.3580
394 584 0.1600
394 585 0.2092
394 586 0.2143
394 587 0.7159
394 589 0.1791
394 590 0.2460
394 591 0.1791
394 592 0.4046
394 593 0.4211
394 594 0.3894
394 595 0.4830
394 598 0.1629
394 599 0.3225
394 600 0.2203
394 601 0.1679
394 602 0.3233
394 604 0.4609
394 606 0.4765
394 607 0.1546
394 608 0.1316
394 609 0.1750
394 610 0.3297
394 611 0.1493
394 612 0.2195
394 613 0.4064
394 614 0.3913
394 616 0.1612
394 617 0.4333
394 619 0.2279
394 621 0.2858
394 623 0.1870
394 625 0.2324
394 626 0.3514
394 627 0.4808
394 628 0.3123
394 629 0.2001
394 630 0.1576
394 631 0.2734
394 632 0.2027
394 633 0.1791
394 634 0.4786
394 635 0.4156
394 636 0.1436
394 637 0.2469
394 638 0.4527
394 639 0.8478
394 641 0.1629
394 642 0.1688
394 643 0.4250
394 644 0.1629
394 645 0.3304
394 646 0.1728
394 647 0.1463
394 648 0.3367
394 649 0.4379
394 650 0.5444
394 651 0.1879
394 652 0.1500
394 653 0.2817
394 654 0.1832
394 655 0.5037
394 656 0.1522
394 657 0.3227
394 658 0.3251
394 659 0.3817
394 660 0.1520
394 661 0.3966
394 662 0.3491
394 663 0.4605
394 664 0.6868
394 666 0.4758
394 667 0.3463
394 668 0.1851
394 669 0.2942
394 670 0.1310
394 671 0.1497
394 672 0.2925
394 673 0.2590
394 674 0.3602
394 675 0.1500
394 676 0.2004
394 677 0.1436
394 678 0.3619
394 679 0.1047
394 680 0.3970
394 681 0.3732
394 682 0.3655
394 683 0.2300
394 684 0.4222
394 685 0.2494
394 686 0.5567
394 687 0.2421
394 688 0.4624
394 689 0.4821
394 690 0.1576
394 691 0.2178
394 692 0.3227
394 693 0.3905
394 694 0.3116
394 695 0.5057
394 696 0.4581
394 697 0.4706
394 698 0.1960
394 699 0.6036
394 700 0.1616
394 702 0.1536
394 703 0.1690
394 704 0.1611
394 705 0.1525
394 706 0.5001
394 707 0.4322
394 708 0.1520
394 709 0.1750
394 710 0.4367
394 711 0.2231
394 712 0.4457
394 714 0.2601
394 715 0.1376
394 716 0.1629
394 717 0.3015
394 718 0.4280
394 720 0.4531
394 721 0.1289
394 722 0.4510
394 723 0.3932
394 724 0.2195
394 725 0.2656
394 726 0.1778
394 727 0.1629
394 728 0.2135
394 729 0.2605
394 730 0.2942
394 731 0.5278
394 732 0.3231
394 733 0.2152
394 734 0.3660
394 735 0.4537
394 736 0.2520
394 737 0.4042
394 738 0.1607
394 740 0.3025
394 741 0.7379
394 742 0.4385
394 743 0.1943
394 744 0.1736
394 745 0.1493
394 747 0.5217
394 748 0.7648
394 749 0.3173
394 750 0.4008
394 751 0.2251
394 752 0.1968
394 753 0.2031
394 754 0.3664
394 755 0.0933
394 757 0.2052
394 758 0.4520
394 759 0.3342
394 760 0.3612
394 761 0.2942
394 762 0.2195
394 763 0.6835
394 764 0.4167
394 765 0.4103
394 766 0.3764
394 767 0.1609
394 768 0.0987
394 769 0.5615
394 770 0.3316
394 771 0.3115
394 772 0.1831
394 773 0.3634
394 775 0.1592
394 776 0.1980
394 777 0.5225
394 778 0.3801
394 779 0.1590
394 780 0.1828
394 782 0.2443
394 783 0.1500
394 784 0.3209
394 785 0.4266
394 786 0.2757
394 787 0.1299
394 789 0.1758
394 791 0.4236
394 792 0.2942
394 793 0.2524
394 794 0.4401
394 795 0.1576
394 796 0.1487
394 797 0.4186
394 798 0.4406
394 799 0.1911
394 801 0.4280
394 803 0.2589
394 804 0.7738
394 805 0.2640
394 806 0.4492
394 807 0.2251
394 808 0.7589
394 809 0.3468
394 810 0.5512
394 811 0.7141
394 813 0.3659
394 814 0.1841
394 815 0.1480
394 816 0.2280
394 817 0.3174
394 818 0.4082
394 819 0.4789
394 820 0.4548
394 821 0.3397
394 822 0.4075
394 823 0.2531
394 825 0.3288
394 827 0.1687
394 828 0.2195
394 829 0.1629
394 831 0.1633
394 832 0.2108
394 833 0.3830
394 834 0.4165
394 835 0.1497
394 836 0.1818
394 838 0.1692
394 839 0.1629
394 840 0.1533
394 841 0.1988
394 842 0.5070
394 843 0.3751
394 844 0.3638
394 845 0.2365
394 846 0.2431
394 849 0.1990
394 850 0.1526
394 851 0.2493
394 852 0.2563
394 854 0.1436
394 855 0.2609
394 856 0.4082
394 858 0.3516
394 859 0.3244
394 860 0.4548
394 861 0.1665
394 862 0.3830
394 864 0.1713
394 865 0.4934
394 866 0.1436
394 867 0.2159
394 868 0.5688
394 869 0.4453
394 870 0.2029
394 871 0.4134
394 872 0.2836
394 875 0.4548
394 876 0.4904
394 877 0.1310
394 878 0.2331
394 880 0.5284
394 881 0.4021
394 882 0.3073
394 883 0.1629
394 884 0.2195
394 885 0.1645
394 886 0.2012
394 887 0.2264
394 889 0.2328
394 890 0.1925
394 891 0.5743
394 892 0.4840
394 893 0.4957
394 894 0.1887
394 895 0.1964
394 896 0.3659
394 898 0.3080
394 899 0.4302
394 900 0.4464
394 901 0.1806
394 903 0.5220
394 905 0.1372
394 906 0.1733
394 907 0.3794
394 908 0.2388
394 909 0.2289
394 910 0.1703
394 911 0.1629
394 912 0.3302
394 913 0.4197
394 914 0.4652
394 915 0.2216
394 916 0.1629
394 918 0.1754
394 919 0.2087
394 920 0.1436
394 921 0.2370
394 922 0.5707
394 924 0.2073
394 928 0.4628
394 929 0.1500
394 930 0.1828
394 933 0.1630
394 934 0.1310
394 935 0.1595
394 936 0.4601
394 937 0.1629
394 938 0.5316
394 939 0.3863
394 940 0.1895
394 941 0.1648
394 942 0.1608
394 943 0.3388
394 944 0.1436
394 946 0.2142
394 947 0.1570
394 948 0.1477
394 950 0.1643
394 951 0.1372
394 952 0.2015
394 953 0.2691
394 954 0.6392
394 955 0.4514
394 957 0.2385
394 958 0.1629
394 959 0.5084
394 960 0.6547
394 961 0.3265
394 962 0.1629
394 964 0.2095
394 965 0.2950
394 966 0.4721
394 967 0.4275
394 968 0.2236
394 969 0.1533
394 971 0.2546
394 972 0.2195
394 973 0.2907
394 974 0.7162
394 976 0.2637
394 977 0.1493
394 978 0.5246
394 979 0.1842
394 980 0.1994
394 981 0.1500
394 983 0.3086
394 984 0.1559
394 985 0.1629
394 986 0.2195
394 987 0.2340
394 989 0.1918
394 990 0.1657
394 992 0.1347
394 993 0.1982
394 994 0.2122
394 995 0.1836
394 996 0.1629
394 999 0.4784
394 1000 0.2195
394 1001 0.3840
394 1002 0.5996
394 1003 0.6631
394 1004 0.4969
394 1005 0.2195
394 1006 0.2482
394 1007 0.7163
394 1008 0.2956
394 1010 0.3592
394 1013 0.1500
394 1014 0.2898
394 1015 0.5241
394 1016 0.1509
394 1017 0.1427
394 1018 0.3640
394 1019 0.2195
394 1020 0.4526
394 1022 0.2282
394 1023 0.4428
394 1024 0.1657
394 1026 0.3238
394 1027 0.1915
394 1028 0.2942
394 1029 0.2502
394 1030 0.2098
394 1032 0.5357
394 1033 0.1963
394 1034 0.2195
394 1035 0.4630
394 1036 0.3026
394 1037 0.1289
394 1038 0.2195
394 1039 0.2152
394 1040 0.2195
394 1041 0.1811
394 1042 0.4577
394 1043 0.5075
394 1044 0.2195
394 1045 0.1678
394 1047 0.2091
394 1048 0.4562
394 1049 0.2230
394 1050 0.1789
394 1051 0.3063
394 1052 0.1289
394 1053 0.4970
394 1054 0.1533
394 1055 0.4017
394 1056 0.3557
394 1057 0.6111
394 1058 0.3054
394 1059 0.4350
394 1060 0.3721
394 1061 0.2035
394 1062 0.1500
394 1063 0.4561
394 1064 0.1522
394 1065 0.1475
394 1066 0.3308
394 1067 0.5180
394 1068 0.1596
394 1070 0.2168
394 1072 0.3396
394 1075 0.3565
394 1076 0.4217
394 1077 0.4448
394 1078 0.4662
394 1079 0.4827
394 1080 0.1700
394 1081 0.3729
394 1082 0.1996
394 1083 0.6450
394 1084 0.1727
394 1085 0.1500
394 1087 0.1629
394 1089 0.1644
394 1090 0.2428
394 1092 0.3496
394 1094 0.2202
394 1097 0.1500
394 1099 0.6772
394 1103 0.1310
394 1104 0.2052
394 1105 0.3614
394 1106 0.2775
394 1107 0.1310
394 1108 0.2195
394 1111 0.4157
394 1113 0.3238
394 1116 0.3205
394 1117 0.4266
394 1118 0.3455
394 1119 0.3641
394 1123 0.1707
394 1124 0.1629
394 1125 0.1640
394 1126 0.1500
394 1127 0.1836
394 1128 0.1973
394 1129 0.3153
394 1130 0.6090
394 1131 0.4379
394 1133 0.4271
394 1134 0.1436
394 1135 0.6959
394 1136 0.4628
394 1138 0.1609
394 1141 0.1265
394 1142 0.2000
394 1143 0.3442
394 1144 0.3286
394 1145 0.1629
394 1146 0.1947
394 1147 0.1464
394 1148 0.1629
394 1150 0.2202
394 1151 0.4491
394 1152 0.7447
394 1153 0.2279
394 1154 0.0783
394 1155 0.1310
394 1156 0.1500
394 1157 0.1656
394 1158 0.2942
394 1159 0.1711
394 1160 0.4455
394 1161 0.1673
394 1162 0.1828
394 1163 0.5500
394 1165 0.4214
394 1166 0.1674
394 1167 0.1723
394 1169 0.1733
394 1172 0.1436
394 1174 0.2207
394 1177 0.1572
394 1180 0.1705
394 1181 0.1543
394 1182 0.3791
394 1183 0.1330
394 1185 0.1551
394 1186 0.4641
394 1187 0.1691
394 1188 0.3621
394 1189 0.2293
394 1191 0.2097
394 1192 0.4222
394 1193 0.1883
394 1194 0.1410
394 1195 0.1784
394 1196 0.1624
394 1197 0.2195
394 1199 0.1840
394 1200 0.1347
394 1201 0.1888
394 1202 0.1572
394 1203 0.1983
394 1204 0.3973
394 1205 0.2195
394 1206 0.3597
394 1207 0.1533
394 1208 0.2026
394 1209 0.1759
394 1210 0.2603
394 1211 0.2644
394 1212 0.1678
394 1213 0.2195
394 1214 0.3848
394 1217 0.4233
394 1218 0.2253
394 1219 0.1800
394 1220 0.1436
394 1221 0.2391
394 1222 0.1798
394 1223 0.1895
394 1225 0.2422
394 1226 0.4311
394 1227 0.1663
394 1228 0.1791
394 1229 0.2435
394 1230 0.1493
394 1231 0.1469
394 1233 0.1591
394 1235 0.2065
394 1237 0.1824
394 1240 0.2905
394 1241 0.1759
394 1242 0.2033
394 1244 0.2942
394 1247 0.2022
394 1248 0.4624
394 1250 0.3150
394 1251 0.1629
394 1252 0.2499
394 1254 0.1310
394 1255 0.1268
394 1256 0.5003
394 1257 0.1629
394 1258 0.3495
394 1259 0.1227
394 1260 0.4458
394 1262 0.3577
394 1263 0.1572
394 1265 0.1599
394 1266 0.1310
394 1267 0.1672
394 1268 0.1899
394 1269 0.2668
394 1270 0.1736
394 1271 0.2972
394 1272 0.3134
394 1273 0.1539
394 1274 0.1549
394 1275 0.3231
394 1276 0.5050
394 1278 0.1807
394 1279 0.2761
394 1280 0.1493
394 1282 0.3953
394 1283 0.3565
394 1284 0.5898
394 1286 0.4452
394 1287 0.2723
394 1288 0.3567
394 1289 0.2776
394 1291 0.2583
394 1292 0.7916
394 1293 0.3376
394 1295 0.2352
394 1297 0.4037
394 1298 0.2152
394 1299 0.3041
394 1300 0.3286
394 1301 0.1629
394 1303 0.4976
394 1304 0.2673
394 1305 0.4030
394 1307 0.3764
394 1308 0.2195
394 1310 0.4679
394 1311 0.4128
394 1312 0.1268
394 1313 0.4340
394 1315 0.1629
394 1316 0.8947
394 1318 0.3886
394 1320 0.3524
394 1322 0.4262
394 1323 0.1463
394 1324 0.4666
394 1326 0.1648
394 1327 0.1784
394 1328 0.3754
394 1330 0.6204
394 1331 0.1268
394 1332 0.3247
394 1333 0.5176
394 1335 0.2215
394 1339 0.2878
394 1340 0.1493
394 1341 0.1629
394 1342 0.1992
394 1343 0.1268
394 1344 0.3895
394 1346 0.1797
394 1347 0.1301
394 1348 0.1310
394 1349 0.1533
394 1350 0.1310
394 1352 0.1322
394 1354 0.1629
394 1355 0.1752
394 1356 0.4648
394 1360 0.1349
394 1361 0.1665
394 1362 0.1525
394 1363 0.1832
394 1364 0.3124
394 1367 0.1874
394 1368 0.2219
394 1369 0.5230
394 1370 0.2386
394 1372 0.1665
394 1375 0.3620
394 1376 0.1310
394 1378 0.1500
394 1379 0.3691
394 1380 0.1629
394 1381 0.1268
394 1383 0.1791
394 1384 0.2195
394 1386 0.2316
394 1387 0.3667
394 1388 0.1926
394 1389 0.3191
394 1390 0.1791
394 1394 0.3658
394 1395 0.1322
394 1396 0.1289
394 1397 0.4223
394 1398 0.1858
394 1402 0.1807
394 1405 0.1832
394 1406 0.1954
394 1407 0.3249
394 1408 0.2950
394 1409 0.4385
394 1410 0.1917
394 1411 0.1629
394 1412 0.1310
394 1413 0.1592
394 1415 0.1310
394 1416 0.1747
394 1418 0.1322
394 1419 0.3857
394 1420 0.1629
394 1421 0.1706
394 1422 0.1335
394 1423 0.3340
394 1425 0.1888
394 1426 0.3196
394 1427 0.2338
394 1428 0.1557
394 1431 0.2195
394 1433 0.1557
394 1434 0.3085
394 1435 0.1941
394 1436 0.1892
394 1437 0.2024
394 1438 0.1593
394 1439 0.2388
394 1440 0.2181
394 1441 0.2144
394 1445 0.1341
394 1446 0.1488
394 1448 0.3265
394 1449 0.5471
394 1451 0.1490
394 1452 0.2159
394 1456 0.3856
394 1457 0.4134
394 1458 0.5965
394 1460 0.2195
394 1461 0.1500
394 1462 0.1500
394 1464 0.5697
394 1466 0.3905
394 1468 0.3494
394 1470 0.4877
394 1472 0.1500
394 1473 0.1436
394 1474 0.1268
394 1477 0.3606
394 1479 0.5939
394 1480 0.1310
394 1482 0.3401
394 1484 0.1629
394 1485 0.1629
394 1487 0.2195
394 1488 0.2563
394 1490 0.1310
394 1491 0.5015
394 1493 0.3921
394 1494 0.3861
394 1496 0.2195
394 1497 0.1500
394 1498 0.1268
394 1499 0.1629
394 1501 0.1954
394 1503 0.6242
394 1504 0.5697
394 1507 0.1746
394 1508 0.1268
394 1510 0.4445
394 1512 0.5008
394 1513 0.3766
394 1515 0.1268
394 1516 0.5705
394 1517 0.1832
394 1518 0.4673
394 1519 0.6414
394 1520 0.7224
394 1522 0.3700
394 1526 0.2589
394 1527 0.3804
394 1528 0.2563
394 1529 0.4588
394 1530 0.3758
394 1531 0.1500
394 1532 0.4798
394 1535 0.4531
394 1536 0.3870
394 1538 0.3222
394 1540 0.3900
394 1541 0.7309
394 1542 0.4655
394 1544 0.3323
394 1547 0.5701
394 1548 0.3724
394 1549 0.3766
394 1550 0.3194
394 1551 0.3601
394 1554 0.3730
394 1562 0.3221
394 1567 0.3937
394 1568 0.1493
394 1569 0.1500
394 1570 0.1322
394 1571 0.1533
394 1573 0.1567
394 1574 0.1672
394 1577 0.2334
394 1578 0.1629
394 1579 0.1831
394 1580 0.2414
394 1581 0.1931
394 1582 0.1715
394 1583 0.1868
394 1585 0.1657
394 1587 0.1629
394 1588 0.2271
394 1590 0.1732
394 1591 0.1665
394 1593 0.1969
394 1594 0.2706
394 1595 0.2020
394 1596 0.3340
394 1598 0.1436
394 1599 0.1552
394 1602 0.1227
394 1603 0.1549
394 1604 0.1500
394 1605 0.1576
394 1606 0.3259
394 1607 0.1759
394 1608 0.3217
394 1609 0.3832
394 1612 0.1652
394 1613 0.3596
394 1614 0.1318
394 1615 0.1436
394 1616 0.1954
394 1618 0.4900
394 1619 0.2545
394 1621 0.2673
394 1622 0.4728
394 1623 0.1670
394 1624 0.2473
394 1625 0.1310
394 1626 0.1436
394 1627 0.1590
394 1628 0.1561
394 1629 0.1310
394 1630 0.2015
394 1633 0.2267
394 1634 0.1736
394 1636 0.1268
394 1637 0.2124
394 1638 0.1747
394 1639 0.2195
394 1640 0.1785
394 1641 0.1612
394 1642 0.2195
394 1643 0.1310
394 1644 0.1310
394 1645 0.1836
394 1646 0.1499
394 1647 0.1699
394 1648 0.1500
394 1649 0.1858
394 1650 0.1500
394 1651 0.1310
394 1652 0.1330
394 1653 0.2696
394 1654 0.1520
394 1655 0.1629
394 1658 0.1268
394 1660 0.1688
394 1661 0.3536
394 1663 0.2563
394 1664 0.1681
394 1665 0.3145
394 1666 0.1436
394 1667 0.1310
394 1668 0.4108
394 1669 0.1520
394 1671 0.2389
394 1672 0.1310
394 1674 0.4923
394 1676 0.2527
394 1678 0.1963
394 1679 0.1754
394 1680 0.1324
394 1682 0.2978
394 1683 0.4902
394 1685 0.1500
394 1688 0.3265
394 1689 0.7026
394 1690 0.1347
394 1691 0.4780
394 1692 0.1756
394 1693 0.2195
394 1694 0.3335
394 1695 0.1436
394 1697 0.1494
394 1698 0.2195
394 1699 0.1310
394 1700 0.1636
394 1701 0.1347
394 1702 0.1761
394 1704 0.3688
394 1705 0.2512
394 1706 0.1800
394 1707 0.1795
394 1708 0.1641
394 1709 0.1475
394 1711 0.2278
394 1712 0.3249
394 1713 0.1957
394 1714 0.1099
394 1715 0.1262
394 1716 0.1341
394 1717 0.3071
394 1718 0.1707
394 1720 0.3254
394 1721 0.1310
394 1723 0.1892
394 1725 0.1629
394 1728 0.1436
395 396 0.1349
395 397 0.1102
395 398 0.1621
395 399 0.7654
395 400 0.1466
395 402 0.1681
395 403 0.0608
395 404 0.1311
395 405 0.1103
395 406 0.1613
395 407 0.2019
395 408 0.6923
395 409 0.1546
395 410 0.1376
395 411 0.3803
395 412 0.1528
395 413 0.1376
395 414 0.1879
395 415 0.1582
395 418 0.1300
395 419 0.1322
395 420 0.1116
395 421 0.1690
395 422 0.1132
395 424 0.1390
395 425 0.1333
395 426 0.1193
395 427 0.1853
395 428 0.2189
395 431 0.1529
395 432 0.1258
395 433 0.2015
395 434 0.3522
395 435 0.1527
395 436 0.5765
395 438 0.8494
395 439 0.1306
395 440 0.1700
395 441 0.1876
395 442 0.1776
395 443 0.1613
395 444 0.1376
395 445 0.1304
395 447 0.2009
395 448 0.1594
395 449 0.8975
395 450 0.1237
395 451 0.1544
395 452 0.0377
395 453 0.1336
395 454 0.2473
395 455 0.6773
395 456 0.1739
395 458 0.1053
395 459 0.1502
395 460 0.1459
395 461 0.2559
395 462 0.1613
395 463 0.2655
395 464 0.6548
395 465 0.1731
395 466 0.2687
395 467 0.1562
395 468 0.1753
395 470 0.1719
395 471 0.1479
395 472 0.1714
395 475 0.2190
395 476 0.2302
395 478 0.1408
395 479 0.1365
395 480 0.1491
395 481 0.1545
395 482 0.1771
395 484 0.1450
395 485 0.1674
395 486 0.1497
395 487 0.1332
395 488 0.1568
395 489 0.1280
395 490 0.1365
395 491 0.1713
395 492 0.1271
395 494 0.1470
395 495 0.3076
395 496 0.1770
395 497 0.1522
395 498 0.1641
395 499 0.6302
395 501 0.2373
395 503 0.1836
395 504 0.1553
395 505 0.4504
395 506 0.1209
395 507 0.1829
395 508 0.1521
395 509 0.2099
395 510 0.1362
395 511 0.6122
395 512 0.4634
395 513 0.1576
395 514 0.4014
395 515 0.1481
395 516 0.3433
395 517 0.2773
395 518 0.1537
395 519 0.1380
395 520 0.1399
395 521 0.2012
395 522 0.1209
395 523 0.1533
395 526 0.2049
395 527 0.6739
395 528 0.1661
395 529 0.1510
395 530 0.6372
395 531 0.1312
395 533 0.1613
395 534 0.1824
395 535 0.1613
395 536 0.1869
395 537 0.1590
395 538 0.1613
395 539 0.1817
395 540 0.2142
395 541 0.1613
395 542 0.1517
395 544 0.1800
395 545 0.1637
395 546 0.1209
395 547 0.1102
395 548 0.1577
395 549 0.1102
395 550 0.1242
395 551 0.1894
395 552 0.2017
395 554 0.1199
395 555 0.4619
395 556 0.1256
395 557 0.1420
395 558 0.1995
395 559 0.1249
395 560 0.1693
395 561 0.7484
395 562 0.2121
395 563 0.2060
395 564 0.1324
395 566 0.1740
395 568 0.0807
395 569 0.2112
395 570 0.6002
395 571 0.2421
395 572 0.8255
395 573 0.1592
395 574 0.2205
395 575 0.2458
395 576 0.1735
395 577 0.1402
395 578 0.1476
395 579 0.5680
395 581 0.1738
395 582 0.1687
395 583 0.1621
395 584 0.0429
395 585 0.1591
395 586 0.1923
395 587 0.2296
395 589 0.1587
395 590 0.2328
395 591 0.1551
395 592 0.1817
395 593 0.4389
395 594 0.1259
395 595 0.1474
395 598 0.1209
395 599 0.1401
395 600 0.1843
395 601 0.5542
395 602 0.1851
395 604 0.0708
395 606 0.1364
395 607 0.1458
395 608 0.1328
395 609 0.1583
395 610 0.1525
395 611 0.1193
395 612 0.1102
395 613 0.1804
395 614 0.2755
395 616 0.1673
395 617 0.1217
395 619 0.1945
395 621 0.5718
395 623 0.1557
395 625 0.2595
395 626 0.1689
395 627 0.5675
395 628 0.1713
395 629 0.2186
395 630 0.1177
395 631 0.1839
395 632 0.1668
395 633 0.1758
395 634 0.1813
395 635 0.1376
395 636 0.1376
395 637 0.1977
395 638 0.1812
395 639 0.1108
395 641 0.1209
395 642 0.1542
395 643 0.2073
395 644 0.1209
395 645 0.1770
395 646 0.1187
395 647 0.1817
395 648 0.1891
395 649 0.1233
395 650 0.8178
395 651 0.1609
395 652 0.1420
395 653 0.1320
395 654 0.1717
395 655 0.2554
395 656 0.5624
395 657 0.1466
395 658 0.6048
395 659 0.1765
395 660 0.1258
395 661 0.1264
395 662 0.1501
395 663 0.2012
395 664 0.2430
395 666 0.1682
395 667 0.1518
395 668 0.1596
395 669 0.1326
395 670 0.1613
395 671 0.1425
395 672 0.1261
395 673 0.2246
395 674 0.1534
395 675 0.1420
395 676 0.1659
395 677 0.1376
395 678 0.1690
395 679 0.1531
395 680 0.1123
395 681 0.1584
395 682 0.1380
395 683 0.5453
395 684 0.2041
395 685 0.1743
395 686 0.1657
395 687 0.1655
395 688 0.2319
395 689 0.2944
395 690 0.1177
395 691 0.4110
395 692 0.2308
395 693 0.1612
395 694 0.1897
395 695 0.1724
395 696 0.1946
395 697 0.1271
395 698 0.1914
395 699 0.2109
395 700 0.1376
395 702 0.3262
395 703 0.1592
395 704 0.1567
395 705 0.1649
395 706 0.1777
395 707 0.1335
395 708 0.1258
395 709 0.1583
395 710 0.1947
395 711 0.2160
395 712 0.1515
395 714 0.2298
395 715 0.1067
395 716 0.1209
395 717 0.1567
395 718 0.1720
395 720 0.1567
395 721 0.1285
395 722 0.1622
395 723 0.6096
395 724 0.1102
395 725 0.1346
395 726 0.1538
395 727 0.1209
395 728 0.1879
395 729 0.1594
395 730 0.1326
395 731 0.1604
395 732 0.8119
395 733 0.1518
395 734 0.3554
395 735 0.1697
395 736 0.2279
395 737 0.2036
395 738 0.1222
395 740 0.6642
395 741 0.2979
395 742 0.6078
395 743 0.1403
395 744 0.1729
395 745 0.1197
395 747 0.2429
395 748 0.2077
395 749 0.1262
395 750 0.7068
395 751 0.4706
395 752 0.0842
395 753 0.1944
395 754 0.4792
395 755 0.1638
395 757 0.1771
395 758 0.2511
395 759 0.1286
395 760 0.1268
395 761 0.4546
395 762 0.1102
395 763 0.1788
395 764 0.1493
395 765 0.1621
395 766 0.1388
395 767 0.1539
395 768 0.1752
395 769 0.1921
395 770 0.3157
395 771 0.1759
395 772 0.1860
395 773 0.1207
395 775 0.1592
395 776 0.1855
395 777 0.2115
395 778 0.2632
395 779 0.5504
395 780 0.1676
395 782 0.1777
395 783 0.1420
395 784 0.1532
395 785 0.1420
395 786 0.2254
395 787 0.1420
395 789 0.1221
395 791 0.5980
395 792 0.1326
395 793 0.8957
395 794 0.4085
395 795 0.1177
395 796 0.1735
395 797 0.1673
395 798 0.1798
395 799 0.1620
395 801 0.1644
395 803 0.1675
395 804 0.1666
395 805 0.1777
395 806 0.1992
395 807 0.1977
395 808 0.2038
395 809 0.1942
395 810 0.1698
395 811 0.1876
395 813 0.1587
395 814 0.1362
395 815 0.1472
395 816 0.6063
395 817 0.1680
395 818 0.0982
395 819 0.1296
395 820 0.1585
395 821 0.4974
395 822 0.1194
395 823 0.2290
395 825 0.2933
395 827 0.1955
395 828 0.1102
395 829 0.1209
395 831 0.1423
395 832 0.2040
395 833 0.1553
395 834 0.2932
395 835 0.1486
395 836 0.1833
395 838 0.1585
395 839 0.1209
395 840 0.1429
395 841 0.5454
395 842 0.2398
395 843 0.1818
395 844 0.1429
395 845 0.6087
395 846 0.1970
395 849 0.1684
395 850 0.1134
395 851 0.2068
395 852 0.1613
395 854 0.1376
395 855 0.1615
395 856 0.1778
395 858 0.1975
395 859 0.1563
395 860 0.1534
395 861 0.1421
395 862 0.1988
395 864 0.1827
395 865 0.1336
395 866 0.1376
395 867 0.3100
395 868 0.2321
395 869 0.1720
395 870 0.1655
395 871 0.1780
395 872 0.2483
395 875 0.1531
395 876 0.1631
395 877 0.1613
395 878 0.2090
395 880 0.3262
395 881 0.1253
395 882 0.4426
395 883 0.1596
395 884 0.1102
395 885 0.1478
395 886 0.1356
395 887 0.1608
395 889 0.2306
395 890 0.1669
395 891 0.2272
395 892 0.1403
395 893 0.2037
395 894 0.1842
395 895 0.1058
395 896 0.1425
395 898 0.1756
395 899 0.1636
395 900 0.1399
395 901 0.2146
395 903 0.1570
395 905 0.1481
395 906 0.1878
395 907 0.1371
395 908 0.2177
395 909 0.2518
395 910 0.1634
395 911 0.1954
395 912 0.1258
395 913 0.3081
395 914 0.1593
395 915 0.2100
395 916 0.1209
395 918 0.1892
395 919 0.5761
395 920 0.1376
395 921 0.1856
395 922 0.1690
395 924 0.2062
395 928 0.1977
395 929 0.1420
395 930 0.1574
395 933 0.1782
395 934 0.1613
395 935 0.1595
395 936 0.1764
395 937 0.1209
395 938 0.1724
395 939 0.1319
395 940 0.5185
395 941 0.4195
395 942 0.1608
395 943 0.1489
395 944 0.1376
395 946 0.4619
395 947 0.1570
395 948 0.1512
395 950 0.1260
395 951 0.1481
395 952 0.1125
395 953 0.8907
395 954 0.1796
395 955 0.1334
395 957 0.4906
395 958 0.1209
395 959 0.1632
395 960 0.9460
395 961 0.2781
395 962 0.1209
395 964 0.1315
395 965 0.5393
395 966 0.1776
395 967 0.1550
395 968 0.2219
395 969 0.4634
395 971 0.2504
395 972 0.1102
395 973 0.5191
395 974 0.9775
395 976 0.1700
395 977 0.1193
395 978 0.3376
395 979 0.1842
395 980 0.1624
395 981 0.1420
395 983 0.1295
395 984 0.1248
395 985 0.1209
395 986 0.1102
395 987 0.4997
395 989 0.4293
395 990 0.2989
395 992 0.1324
395 993 0.0648
395 994 0.2034
395 995 0.1761
395 996 0.2769
395 999 0.1680
395 1000 0.1102
395 1001 0.1111
395 1002 0.1660
395 1003 0.2395
395 1004 0.1733
395 1005 0.1102
395 1006 0.5770
395 1007 0.1269
395 1008 0.1859
395 1010 0.4059
395 1013 0.1420
395 1014 0.7654
395 1015 0.1370
395 1016 0.1473
395 1017 0.1538
395 1018 0.1858
395 1019 0.1102
395 1020 0.2013
395 1022 0.2053
395 1023 0.1571
395 1024 0.6996
395 1026 0.5629
395 1027 0.2259
395 1028 0.1326
395 1029 0.1356
395 1030 0.2936
395 1032 0.2331
395 1033 0.1389
395 1034 0.1102
395 1035 0.1683
395 1036 0.1726
395 1037 0.1285
395 1038 0.1102
395 1039 0.3673
395 1040 0.1102
395 1041 0.5707
395 1042 0.5487
395 1043 0.1607
395 1044 0.1102
395 1045 0.1710
395 1047 0.1679
395 1048 0.6881
395 1049 0.1146
395 1050 0.1658
395 1051 0.1589
395 1052 0.5056
395 1053 0.1274
395 1054 0.4634
395 1055 0.1485
395 1056 0.7595
395 1057 0.2433
395 1058 0.1578
395 1059 0.1335
395 1060 0.2525
395 1061 0.3544
395 1062 0.1420
395 1063 0.1584
395 1064 0.4108
395 1065 0.1440
395 1066 0.2352
395 1067 0.2538
395 1068 0.1596
395 1070 0.7006
395 1072 0.1161
395 1075 0.2800
395 1076 0.1541
395 1077 0.1527
395 1078 0.1395
395 1079 0.6507
395 1080 0.1281
395 1081 0.1561
395 1082 0.2174
395 1083 0.2285
395 1084 0.1303
395 1085 0.1420
395 1087 0.2481
395 1089 0.1424
395 1090 0.2639
395 1092 0.1102
395 1094 0.2348
395 1097 0.1420
395 1099 0.1282
395 1103 0.1613
395 1104 0.1652
395 1105 0.3435
395 1106 0.7755
395 1107 0.1613
395 1108 0.1102
395 1111 0.1910
395 1113 0.1320
395 1116 0.2001
395 1117 0.1261
395 1118 0.1611
395 1119 0.5654
395 1123 0.1549
395 1124 0.1209
395 1125 0.1792
395 1126 0.1420
395 1127 0.1461
395 1128 0.2160
395 1129 0.6570
395 1130 0.1893
395 1131 0.1233
395 1133 0.1751
395 1134 0.1376
395 1135 0.3668
395 1136 0.1977
395 1138 0.1537
395 1141 0.1299
395 1142 0.3318
395 1143 0.4633
395 1144 0.1348
395 1145 0.1209
395 1146 0.1896
395 1147 0.1195
395 1148 0.1209
395 1150 0.1891
395 1151 0.1612
395 1152 0.2298
395 1153 0.1663
395 1154 0.1598
395 1155 0.1613
395 1156 0.1420
395 1157 0.1790
395 1158 0.1326
395 1159 0.1448
395 1160 0.1677
395 1161 0.1152
395 1162 0.1582
395 1163 0.1800
395 1165 0.2250
395 1166 0.1543
395 1167 0.1505
395 1169 0.1174
395 1172 0.1376
395 1174 0.1738
395 1177 0.1113
395 1180 0.1705
395 1181 0.1491
395 1182 0.1808
395 1183 0.1374
395 1185 0.1430
395 1186 0.1547
395 1187 0.1317
395 1188 0.1401
395 1189 0.2392
395 1191 0.1873
395 1192 0.5085
395 1193 0.0470
395 1194 0.1127
395 1195 0.1535
395 1196 0.1467
395 1197 0.1102
395 1199 0.3771
395 1200 0.1324
395 1201 0.2132
395 1202 0.1416
395 1203 0.1462
395 1204 0.1487
395 1205 0.1102
395 1206 0.2262
395 1207 0.1429
395 1208 0.2603
395 1209 0.1486
395 1210 0.2334
395 1211 0.2397
395 1212 0.1710
395 1213 0.1102
395 1214 0.4096
395 1217 0.2333
395 1218 0.1748
395 1219 0.1525
395 1220 0.1376
395 1221 0.2503
395 1222 0.1775
395 1223 0.1341
395 1225 0.2289
395 1226 0.4534
395 1227 0.1376
395 1228 0.1530
395 1229 0.1794
395 1230 0.1193
395 1231 0.1550
395 1233 0.1495
395 1235 0.1662
395 1237 0.2058
395 1240 0.4788
395 1241 0.1623
395 1242 0.1564
395 1244 0.1326
395 1247 0.2215
395 1248 0.1989
395 1250 0.2960
395 1251 0.1209
395 1252 0.2378
395 1254 0.1613
395 1255 0.3565
395 1256 0.5714
395 1257 0.1209
395 1258 0.5890
395 1259 0.1543
395 1260 0.8109
395 1262 0.2178
395 1263 0.4758
395 1265 0.4400
395 1266 0.4039
395 1267 0.3872
395 1268 0.2982
395 1269 0.4600
395 1270 0.5451
395 1271 0.5724
395 1272 0.1376
395 1273 0.5469
395 1274 0.5421
395 1275 0.7077
395 1276 0.3578
395 1278 0.5264
395 1279 0.4860
395 1280 0.3650
395 1282 0.1243
395 1283 0.1061
395 1284 0.1049
395 1286 0.2274
395 1287 0.1812
395 1288 0.1049
395 1289 0.1544
395 1291 0.2002
395 1292 0.1922
395 1293 0.1453
395 1295 0.2009
395 1297 0.1815
395 1298 0.1712
395 1299 0.1216
395 1300 0.1348
395 1301 0.1209
395 1303 0.1840
395 1304 0.1472
395 1305 0.1460
395 1307 0.1388
395 1308 0.1102
395 1310 0.1158
395 1311 0.1487
395 1312 0.1326
395 1313 0.1439
395 1315 0.1209
395 1316 0.2215
395 1318 0.1285
395 1320 0.1362
395 1322 0.1110
395 1323 0.1817
395 1324 0.1148
395 1326 0.2663
395 1327 0.1535
395 1328 0.3871
395 1330 0.1806
395 1331 0.1326
395 1332 0.1209
395 1333 0.2056
395 1335 0.1900
395 1339 0.1348
395 1340 0.1193
395 1341 0.1209
395 1342 0.1769
395 1343 0.1326
395 1344 0.3444
395 1346 0.1684
395 1347 0.1352
395 1348 0.1613
395 1349 0.1429
395 1350 0.1613
395 1352 0.3479
395 1354 0.1209
395 1355 0.2458
395 1356 0.1900
395 1360 0.1259
395 1361 0.3743
395 1362 0.1444
395 1363 0.1717
395 1364 0.1209
395 1367 0.1709
395 1368 0.1900
395 1369 0.2773
395 1370 0.4024
395 1372 0.1334
395 1375 0.4491
395 1376 0.1613
395 1378 0.1420
395 1379 0.1543
395 1380 0.1209
395 1381 0.1326
395 1383 0.4055
395 1384 0.1102
395 1386 0.6427
395 1387 0.6326
395 1388 0.7909
395 1389 0.5955
395 1390 0.3046
395 1394 0.5433
395 1395 0.3479
395 1396 0.5056
395 1397 0.8208
395 1398 0.4303
395 1402 0.5264
395 1405 0.1717
395 1406 0.6413
395 1407 0.1504
395 1408 0.5393
395 1409 0.6078
395 1410 0.5578
395 1411 0.1209
395 1412 0.3995
395 1413 0.5765
395 1415 0.4623
395 1416 0.4599
395 1418 0.1320
395 1419 0.5671
395 1420 0.1209
395 1421 0.1871
395 1422 0.1318
395 1423 0.5976
395 1425 0.1738
395 1426 0.2199
395 1427 0.1951
395 1428 0.1116
395 1431 0.1102
395 1433 0.1116
395 1434 0.4031
395 1435 0.1941
395 1436 0.1493
395 1437 0.2173
395 1438 0.1061
395 1439 0.4128
395 1440 0.2837
395 1441 0.1605
395 1445 0.1414
395 1446 0.1669
395 1448 0.1376
395 1449 0.1809
395 1451 0.1372
395 1452 0.1613
395 1456 0.1446
395 1457 0.1245
395 1458 0.1524
395 1460 0.1102
395 1461 0.1420
395 1462 0.1420
395 1464 0.1395
395 1466 0.1612
395 1468 0.1348
395 1470 0.1349
395 1472 0.1420
395 1473 0.1376
395 1474 0.1326
395 1477 0.1538
395 1479 0.1869
395 1480 0.1613
395 1482 0.1374
395 1484 0.1209
395 1485 0.1209
395 1487 0.1102
395 1488 0.1613
395 1490 0.1613
395 1491 0.1932
395 1493 0.1937
395 1494 0.1247
395 1496 0.1102
395 1497 0.1420
395 1498 0.1326
395 1499 0.1209
395 1501 0.1371
395 1503 0.1697
395 1504 0.1738
395 1507 0.1617
395 1508 0.1326
395 1510 0.1364
395 1512 0.1505
395 1513 0.1438
395 1515 0.1326
395 1516 0.2054
395 1517 0.1717
395 1518 0.1892
395 1519 0.1685
395 1520 0.0640
395 1522 0.1810
395 1526 0.1747
395 1527 0.1292
395 1528 0.1613
395 1529 0.2264
395 1530 0.1582
395 1531 0.1420
395 1532 0.1688
395 1535 0.1567
395 1536 0.1790
395 1538 0.1746
395 1540 0.1197
395 1541 0.4074
395 1542 0.1425
395 1544 0.1285
395 1547 0.1787
395 1548 0.1113
395 1549 0.1438
395 1550 0.1209
395 1551 0.1590
395 1554 0.1392
395 1562 0.1326
395 1567 0.1453
395 1568 0.1193
395 1569 0.1420
395 1570 0.1320
395 1571 0.1429
395 1573 0.1521
395 1574 0.1459
395 1577 0.1729
395 1578 0.1209
395 1579 0.1860
395 1580 0.1950
395 1581 0.2101
395 1582 0.1611
395 1583 0.1598
395 1585 0.1492
395 1587 0.1209
395 1588 0.1773
395 1590 0.1400
395 1591 0.1397
395 1593 0.1767
395 1594 0.1326
395 1595 0.1411
395 1596 0.5976
395 1598 0.1376
395 1599 0.1541
395 1602 0.1543
395 1603 0.1526
395 1604 0.1420
395 1605 0.1177
395 1606 0.1628
395 1607 0.1623
395 1608 0.3366
395 1609 0.1516
395 1612 0.1501
395 1613 0.2427
395 1614 0.1337
395 1615 0.1376
395 1616 0.1371
395 1618 0.4377
395 1619 0.2343
395 1621 0.2564
395 1622 0.2947
395 1623 0.1476
395 1624 0.2168
395 1625 0.1613
395 1626 0.1376
395 1627 0.1148
395 1628 0.1719
395 1629 0.1613
395 1630 0.2237
395 1633 0.1931
395 1634 0.1368
395 1636 0.1326
395 1637 0.1963
395 1638 0.1486
395 1639 0.1102
395 1640 0.1664
395 1641 0.1673
395 1642 0.1102
395 1643 0.1613
395 1644 0.1613
395 1645 0.1461
395 1646 0.1457
395 1647 0.5073
395 1648 0.1420
395 1649 0.3985
395 1650 0.1420
395 1651 0.1613
395 1652 0.1374
395 1653 0.5159
395 1654 0.2913
395 1655 0.1954
395 1658 0.1326
395 1660 0.3274
395 1661 0.2763
395 1663 0.3643
395 1664 0.5711
395 1665 0.5462
395 1666 0.1376
395 1667 0.3887
395 1668 0.8854
395 1669 0.5508
395 1671 0.1543
395 1672 0.1613
395 1674 0.4292
395 1676 0.3894
395 1678 0.1389
395 1679 0.6077
395 1680 0.1348
395 1682 0.5016
395 1683 0.6525
395 1685 0.1420
395 1688 0.3759
395 1689 0.9602
395 1690 0.4086
395 1691 0.6962
395 1692 0.6173
395 1693 0.1102
395 1694 0.7274
395 1695 0.3055
395 1697 0.6258
395 1698 0.1102
395 1699 0.1613
395 1700 0.1452
395 1701 0.1324
395 1702 0.1234
395 1704 0.1285
395 1705 0.2061
395 1706 0.1654
395 1707 0.1368
395 1708 0.1562
395 1709 0.1440
395 1711 0.2158
395 1712 0.2723
395 1713 0.1750
395 1714 0.1735
395 1715 0.1262
395 1716 0.1414
395 1717 0.3074
395 1718 0.1475
395 1720 0.1677
395 1721 0.1613
395 1723 0.1493
395 1725 0.1209
395 1728 0.1376
396 397 0.0939
396 398 0.1265
396 399 0.3053
396 400 0.2097
396 402 0.1601
396 403 0.5952
396 404 0.1218
396 405 0.1356
396 406 0.1454
396 407 0.1745
396 408 0.1485
396 409 0.8032
396 410 0.1237
396 411 0.1621
396 412 0.4038
396 413 0.1687
396 414 0.3777
396 415 0.1560
396 418 0.4620
396 419 0.1542
396 420 0.1500
396 421 0.3208
396 422 0.1500
396 424 0.1647
396 425 0.8587
396 426 0.1486
396 427 0.6827
396 428 0.1838
396 431 0.1467
396 432 0.1464
396 433 0.1770
396 434 0.2947
396 435 0.2636
396 436 0.1383
396 438 0.1374
396 439 0.1299
396 440 0.1695
396 441 0.2157
396 442 0.1049
396 443 0.1454
396 444 0.1237
396 445 0.1307
396 447 0.2291
396 448 0.1437
396 449 0.0564
396 450 0.1323
396 451 0.1392
396 452 0.1538
396 453 0.1173
396 454 0.0999
396 455 0.1484
396 456 0.1908
396 458 0.1235
396 459 0.1247
396 460 0.1580
396 461 0.1749
396 462 0.1454
396 463 0.2282
396 464 0.1451
396 465 0.1304
396 466 0.0997
396 467 0.1677
396 468 0.1573
396 470 0.8806
396 471 0.1081
396 472 0.1571
396 475 0.0679
396 476 0.0616
396 478 0.1347
396 479 0.1417
396 480 0.1179
396 481 0.2577
396 482 0.4223
396 484 0.3535
396 485 0.1544
396 486 0.1204
396 487 0.1379
396 488 0.6969
396 489 0.1462
396 490 0.1368
396 491 0.1072
396 492 0.5616
396 494 0.1287
396 495 0.2762
396 496 0.2717
396 497 0.0639
396 498 0.1546
396 499 0.1499
396 501 0.2377
396 503 0.2466
396 504 0.1651
396 505 0.1643
396 506 0.1398
396 507 0.1703
396 508 0.1496
396 509 0.1354
396 510 0.1358
396 511 0.2071
396 512 0.3292
396 513 0.8084
396 514 0.2634
396 515 0.1095
396 516 0.1436
396 517 0.1548
396 518 0.1557
396 519 0.1091
396 520 0.1503
396 521 0.2416
396 522 0.1398
396 523 0.1510
396 526 0.1768
396 527 0.1499
396 528 0.6520
396 529 0.3835
396 530 0.1267
396 531 0.1387
396 533 0.1454
396 534 0.0455
396 535 0.1454
396 536 0.1730
396 537 0.2423
396 538 0.1454
396 539 0.2232
396 540 0.4398
396 541 0.1454
396 542 0.1528
396 544 0.1215
396 545 0.3602
396 546 0.1398
396 547 0.0939
396 548 0.1576
396 549 0.0939
396 550 0.1120
396 551 0.1574
396 552 0.1990
396 554 0.1071
396 555 0.4941
396 556 0.1259
396 557 0.1573
396 558 0.3030
396 559 0.1247
396 560 0.1585
396 561 0.0660
396 562 0.1741
396 563 0.9639
396 564 0.1416
396 566 0.1559
396 568 0.1909
396 569 0.1738
396 570 0.1459
396 571 0.2377
396 572 0.0385
396 573 0.1448
396 574 0.6091
396 575 0.3030
396 576 0.8466
396 577 0.0750
396 578 0.1741
396 579 0.4131
396 581 0.1083
396 582 0.1990
396 583 0.1480
396 584 0.8617
396 585 0.3095
396 586 0.2025
396 587 0.2531
396 589 0.1630
396 590 0.1596
396 591 0.1620
396 592 0.3944
396 593 0.1419
396 594 0.1484
396 595 0.1911
396 598 0.1398
396 599 0.1296
396 600 0.2717
396 601 0.1208
396 602 0.2192
396 604 0.1257
396 606 0.1697
396 607 0.2148
396 608 0.4194
396 609 0.1811
396 610 0.1288
396 611 0.2974
396 612 0.0939
396 613 0.1652
396 614 0.2245
396 616 0.3466
396 617 0.1075
396 619 0.2259
396 621 0.0503
396 623 0.1756
396 625 0.2773
396 626 0.1590
396 627 0.1823
396 628 0.2002
396 629 0.2287
396 630 0.1202
396 631 0.1299
396 632 0.8226
396 633 0.8964
396 634 0.1450
396 635 0.1237
396 636 0.1237
396 637 0.0784
396 638 0.0983
396 639 0.2512
396 641 0.3692
396 642 0.1515
396 643 0.2245
396 644 0.1398
396 645 0.1605
396 646 0.1213
396 647 0.4246
396 648 0.1765
396 649 0.1457
396 650 0.1826
396 651 0.8196
396 652 0.1573
396 653 0.1727
396 654 0.1419
396 655 0.2645
396 656 0.1238
396 657 0.1304
396 658 0.1259
396 659 0.2366
396 660 0.1464
396 661 0.1388
396 662 0.1712
396 663 0.3591
396 664 0.3296
396 666 0.1391
396 667 0.1507
396 668 0.1771
396 669 0.1627
396 670 0.1454
396 671 0.0730
396 672 0.1581
396 673 0.0620
396 674 0.1243
396 675 0.1573
396 676 0.1990
396 677 0.2009
396 678 0.1744
396 679 0.7816
396 680 0.1132
396 681 0.1402
396 682 0.1256
396 683 0.3285
396 684 0.1842
396 685 0.1565
396 686 0.2374
396 687 0.5119
396 688 0.3649
396 689 0.2324
396 690 0.1202
396 691 0.1901
396 692 0.1783
396 693 0.1293
396 694 0.1645
396 695 0.1957
396 696 0.3101
396 697 0.1452
396 698 0.0597
396 699 0.1785
396 700 0.1421
396 702 0.4608
396 703 0.8125
396 704 0.6593
396 705 0.1370
396 706 0.1691
396 707 0.1602
396 708 0.1464
396 709 0.1811
396 710 0.1251
396 711 0.0592
396 712 0.1495
396 714 0.2134
396 715 0.4109
396 716 0.1398
396 717 0.0914
396 718 0.1512
396 720 0.1434
396 721 0.1587
396 722 0.1576
396 723 0.1268
396 724 0.0939
396 725 0.1023
396 726 0.5344
396 727 0.1398
396 728 0.8433
396 729 0.6095
396 730 0.1627
396 731 0.1785
396 732 0.0946
396 733 0.2960
396 734 0.1634
396 735 0.1429
396 736 0.1047
396 737 0.1721
396 738 0.1448
396 740 0.0703
396 741 0.2872
396 742 0.1304
396 743 0.1333
396 744 0.8561
396 745 0.4261
396 747 0.1789
396 748 0.0881
396 749 0.1243
396 750 0.1475
396 751 0.1373
396 752 0.9666
396 753 0.3109
396 754 0.1464
396 755 0.8699
396 757 0.1966
396 758 0.3255
396 759 0.3135
396 760 0.1060
396 761 0.1627
396 762 0.0939
396 763 0.1435
396 764 0.1506
396 765 0.1086
396 766 0.1247
396 767 0.1718
396 768 0.0806
396 769 0.1633
396 770 0.1426
396 771 0.1597
396 772 0.2188
396 773 0.1131
396 775 0.8296
396 776 0.6118
396 777 0.1857
396 778 0.3189
396 779 0.1384
396 780 0.1301
396 782 0.1618
396 783 0.1573
396 784 0.1457
396 785 0.1605
396 786 0.0526
396 787 0.1529
396 789 0.4954
396 791 0.1050
396 792 0.1627
396 793 0.0590
396 794 0.1685
396 795 0.1202
396 796 0.4788
396 797 0.1738
396 798 0.1265
396 799 0.7584
396 801 0.1569
396 803 0.1578
396 804 0.2165
396 805 0.7366
396 806 0.1472
396 807 0.1531
396 808 0.1400
396 809 0.2241
396 810 0.1797
396 811 0.1726
396 813 0.1630
396 814 0.1515
396 815 0.1515
396 816 0.1796
396 817 0.1596
396 818 0.1136
396 819 0.1543
396 820 0.2631
396 821 0.1710
396 822 0.1237
396 823 0.1017
396 825 0.6383
396 827 0.5850
396 828 0.0939
396 829 0.1398
396 831 0.4806
396 832 0.4037
396 833 0.1651
396 834 0.2002
396 835 0.1611
396 836 0.0861
396 838 0.7861
396 839 0.1398
396 840 0.1330
396 841 0.1353
396 842 0.1462
396 843 0.1602
396 844 0.1330
396 845 0.3611
396 846 0.7815
396 849 0.8540
396 850 0.5056
396 851 0.9917
396 852 0.1454
396 854 0.1237
396 855 0.1534
396 856 0.1378
396 858 0.5600
396 859 0.1767
396 860 0.1764
396 861 0.1289
396 862 0.1618
396 864 0.4585
396 865 0.1610
396 866 0.1237
396 867 0.1841
396 868 0.2504
396 869 0.1639
396 870 0.7982
396 871 0.1914
396 872 0.1395
396 875 0.1121
396 876 0.1943
396 877 0.1454
396 878 0.3521
396 880 0.0682
396 881 0.1246
396 882 0.1435
396 883 0.7145
396 884 0.0939
396 885 0.1639
396 886 0.1387
396 887 0.7925
396 889 0.1346
396 890 0.1803
396 891 0.2760
396 892 0.1765
396 893 0.2640
396 894 0.4339
396 895 0.4999
396 896 0.1646
396 898 0.1613
396 899 0.1105
396 900 0.1386
396 901 0.1775
396 903 0.1618
396 905 0.2808
396 906 0.4362
396 907 0.1903
396 908 0.2961
396 909 0.6767
396 910 0.2196
396 911 0.1709
396 912 0.1464
396 913 0.3823
396 914 0.1686
396 915 0.0649
396 916 0.1398
396 918 0.6104
396 919 0.2568
396 920 0.1237
396 921 0.5710
396 922 0.1862
396 924 0.1744
396 928 0.1531
396 929 0.1573
396 930 0.5331
396 933 0.2086
396 934 0.1454
396 935 0.8938
396 936 0.1359
396 937 0.1398
396 938 0.1727
396 939 0.1355
396 940 0.2227
396 941 0.1753
396 942 0.7716
396 943 0.1594
396 944 0.1237
396 946 0.2524
396 947 0.8236
396 948 0.3926
396 950 0.5572
396 951 0.2808
396 952 0.5498
396 953 0.0907
396 954 0.1755
396 955 0.1566
396 957 0.1767
396 958 0.1398
396 959 0.1431
396 960 0.2421
396 961 0.1237
396 962 0.1398
396 964 0.1321
396 965 0.1395
396 966 0.1674
396 967 0.1542
396 968 0.2146
396 969 0.3292
396 971 0.4107
396 972 0.0939
396 973 0.1736
396 974 0.3687
396 976 0.1575
396 977 0.2974
396 978 0.3514
396 979 0.9015
396 980 0.1204
396 981 0.1573
396 983 0.1446
396 984 0.5791
396 985 0.2384
396 986 0.0939
396 987 0.2248
396 989 0.2780
396 990 0.1532
396 992 0.1391
396 993 0.9644
396 994 0.0514
396 995 0.9059
396 996 0.2233
396 999 0.3312
396 1000 0.0939
396 1001 0.1228
396 1002 0.1025
396 1003 0.2421
396 1004 0.1610
396 1005 0.0939
396 1006 0.2922
396 1007 0.1341
396 1008 0.1688
396 1010 0.1564
396 1013 0.1573
396 1014 0.1505
396 1015 0.1259
396 1016 0.5899
396 1017 0.1414
396 1018 0.1407
396 1019 0.0939
396 1020 0.5191
396 1022 0.3348
396 1023 0.1663
396 1024 0.2618
396 1026 0.1626
396 1027 0.1913
396 1028 0.1627
396 1029 0.7243
396 1030 0.3032
396 1032 0.1602
396 1033 0.1550
396 1034 0.0939
396 1035 0.1305
396 1036 0.2038
396 1037 0.3525
396 1038 0.0939
396 1039 0.1851
396 1040 0.0939
396 1041 0.1751
396 1042 0.3280
396 1043 0.1371
396 1044 0.0939
396 1045 0.3093
396 1047 0.7510
396 1048 0.2394
396 1049 0.7716
396 1050 0.5824
396 1051 0.1305
396 1052 0.1587
396 1053 0.1245
396 1054 0.3292
396 1055 0.1219
396 1056 0.1747
396 1057 0.2129
396 1058 0.1508
396 1059 0.1899
396 1060 0.1714
396 1061 0.1860
396 1062 0.1573
396 1063 0.1215
396 1064 0.1544
396 1065 0.3764
396 1066 0.0896
396 1067 0.1642
396 1068 0.9083
396 1070 0.1487
396 1072 0.1442
396 1075 0.3314
396 1076 0.1663
396 1077 0.1600
396 1078 0.1115
396 1079 0.1753
396 1080 0.1378
396 1081 0.2465
396 1082 0.2279
396 1083 0.2118
396 1084 0.4620
396 1085 0.1573
396 1087 0.1398
396 1089 0.1592
396 1090 0.4527
396 1092 0.1109
396 1094 0.2255
396 1097 0.1573
396 1099 0.2499
396 1103 0.1454
396 1104 0.2108
396 1105 0.4477
396 1106 0.0911
396 1107 0.1454
396 1108 0.0939
396 1111 0.1771
396 1113 0.1562
396 1116 0.1564
396 1117 0.1171
396 1118 0.3113
396 1119 0.1146
396 1123 0.4148
396 1124 0.1398
396 1125 0.6357
396 1126 0.1573
396 1127 0.1607
396 1128 0.4509
396 1129 0.1824
396 1130 0.0931
396 1131 0.1457
396 1133 0.1269
396 1134 0.1237
396 1135 0.2785
396 1136 0.1531
396 1138 0.5075
396 1141 0.5172
396 1142 0.1972
396 1143 0.1917
396 1144 0.1217
396 1145 0.1398
396 1146 0.1682
396 1147 0.5783
396 1148 0.1398
396 1150 0.6256
396 1151 0.1524
396 1152 0.2622
396 1153 0.6881
396 1154 0.9447
396 1155 0.1454
396 1156 0.1573
396 1157 0.1819
396 1158 0.1627
396 1159 0.1459
396 1160 0.1142
396 1161 0.4591
396 1162 0.1238
396 1163 0.1623
396 1165 0.2677
396 1166 0.1821
396 1167 0.1635
396 1169 0.5087
396 1172 0.1237
396 1174 0.4680
396 1177 0.1352
396 1180 0.9251
396 1181 0.2847
396 1182 0.1602
396 1183 0.1451
396 1185 0.5159
396 1186 0.1736
396 1187 0.5042
396 1188 0.1433
396 1189 0.4919
396 1191 0.7281
396 1192 0.3983
396 1193 0.8758
396 1194 0.5389
396 1195 0.1710
396 1196 0.4155
396 1197 0.0939
396 1199 0.1037
396 1200 0.1391
396 1201 0.3923
396 1202 0.1492
396 1203 0.2702
396 1204 0.1699
396 1205 0.0939
396 1206 0.2557
396 1207 0.3538
396 1208 0.4752
396 1209 0.4070
396 1210 0.1867
396 1211 0.2600
396 1212 0.5214
396 1213 0.0939
396 1214 0.1536
396 1217 0.4330
396 1218 0.1247
396 1219 0.1705
396 1220 0.1237
396 1221 0.4340
396 1222 0.1554
396 1223 0.0216
396 1225 0.0565
396 1226 0.2292
396 1227 0.1569
396 1228 0.1312
396 1229 0.3218
396 1230 0.1486
396 1231 0.1436
396 1233 0.1444
396 1235 0.1266
396 1237 0.1445
396 1240 0.1911
396 1241 0.1308
396 1242 0.1566
396 1244 0.1627
396 1247 0.0894
396 1248 0.2431
396 1250 0.1678
396 1251 0.1398
396 1252 0.3370
396 1254 0.2490
396 1255 0.1627
396 1256 0.2163
396 1257 0.1398
396 1258 0.4202
396 1259 0.3748
396 1260 0.0851
396 1262 0.5169
396 1263 0.1352
396 1265 0.3921
396 1266 0.2239
396 1267 0.1580
396 1268 0.1946
396 1269 0.0685
396 1270 0.1720
396 1271 0.1054
396 1272 0.1237
396 1273 0.0970
396 1274 0.0940
396 1275 0.1357
396 1276 0.1797
396 1278 0.1211
396 1279 0.1348
396 1280 0.1486
396 1282 0.1476
396 1283 0.1136
396 1284 0.1229
396 1286 0.2085
396 1287 0.2139
396 1288 0.1141
396 1289 0.1612
396 1291 0.1840
396 1292 0.1796
396 1293 0.1303
396 1295 0.1695
396 1297 0.1928
396 1298 0.1562
396 1299 0.1546
396 1300 0.1217
396 1301 0.1398
396 1303 0.1756
396 1304 0.1704
396 1305 0.1655
396 1307 0.1247
396 1308 0.0939
396 1310 0.1200
396 1311 0.1521
396 1312 0.1627
396 1313 0.1587
396 1315 0.1398
396 1316 0.2002
396 1318 0.1587
396 1320 0.1529
396 1322 0.1226
396 1323 0.2232
396 1324 0.1481
396 1326 0.3111
396 1327 0.1710
396 1328 0.1523
396 1330 0.4474
396 1331 0.1627
396 1332 0.1398
396 1333 0.2107
396 1335 0.4161
396 1339 0.4317
396 1340 0.1486
396 1341 0.1398
396 1342 0.1963
396 1343 0.3539
396 1344 0.4066
396 1346 0.1756
396 1347 0.1509
396 1348 0.1454
396 1349 0.1330
396 1350 0.2785
396 1352 0.4728
396 1354 0.1398
396 1355 0.3083
396 1356 0.1992
396 1360 0.0590
396 1361 0.1474
396 1362 0.4655
396 1363 0.2758
396 1364 0.1398
396 1367 0.2205
396 1368 0.4263
396 1369 0.3840
396 1370 0.1692
396 1372 0.1351
396 1375 0.1493
396 1376 0.2785
396 1378 0.1573
396 1379 0.1821
396 1380 0.1398
396 1381 0.1627
396 1383 0.4528
396 1384 0.0939
396 1386 0.1601
396 1387 0.1241
396 1388 0.1909
396 1389 0.0904
396 1390 0.1630
396 1394 0.3203
396 1395 0.4728
396 1396 0.1587
396 1397 0.1770
396 1398 0.2192
396 1402 0.1211
396 1405 0.1419
396 1406 0.4511
396 1407 0.1640
396 1408 0.1395
396 1409 0.1304
396 1410 0.0939
396 1411 0.1398
396 1412 0.1454
396 1413 0.1383
396 1415 0.1454
396 1416 0.1682
396 1418 0.4495
396 1419 0.1439
396 1420 0.1398
396 1421 0.6989
396 1422 0.4338
396 1423 0.1359
396 1425 0.4752
396 1426 0.4101
396 1427 0.5999
396 1428 0.4265
396 1431 0.0939
396 1433 0.4265
396 1434 0.9937
396 1435 0.9733
396 1436 0.4558
396 1437 0.6744
396 1438 0.5497
396 1439 0.4646
396 1440 0.6443
396 1441 0.5119
396 1445 0.4276
396 1446 0.5453
396 1448 0.1237
396 1449 0.2992
396 1451 0.1571
396 1452 0.1995
396 1456 0.1558
396 1457 0.1387
396 1458 0.1429
396 1460 0.0939
396 1461 0.1573
396 1462 0.1573
396 1464 0.1417
396 1466 0.1293
396 1468 0.1217
396 1470 0.1531
396 1472 0.1573
396 1473 0.1237
396 1474 0.1627
396 1477 0.1497
396 1479 0.2378
396 1480 0.1454
396 1482 0.1687
396 1484 0.1398
396 1485 0.1398
396 1487 0.0939
396 1488 0.1454
396 1490 0.1454
396 1491 0.1366
396 1493 0.1563
396 1494 0.1363
396 1496 0.0939
396 1497 0.1573
396 1498 0.1627
396 1499 0.1398
396 1501 0.1903
396 1503 0.1456
396 1504 0.1807
396 1507 0.3805
396 1508 0.1627
396 1510 0.1584
396 1512 0.1753
396 1513 0.1493
396 1515 0.1627
396 1516 0.1904
396 1517 0.1419
396 1518 0.1863
396 1519 0.1595
396 1520 0.1643
396 1522 0.1637
396 1526 0.2035
396 1527 0.1270
396 1528 0.1454
396 1529 0.2644
396 1530 0.1661
396 1531 0.1573
396 1532 0.1627
396 1535 0.1434
396 1536 0.1819
396 1538 0.1902
396 1540 0.1288
396 1541 0.1713
396 1542 0.1891
396 1544 0.1587
396 1547 0.1391
396 1548 0.1425
396 1549 0.1493
396 1550 0.1398
396 1551 0.1651
396 1554 0.1602
396 1562 0.1627
396 1567 0.1493
396 1568 0.1486
396 1569 0.1573
396 1570 0.4495
396 1571 0.1330
396 1573 0.1195
396 1574 0.2953
396 1577 0.3119
396 1578 0.1398
396 1579 0.4209
396 1580 0.1522
396 1581 0.4321
396 1582 0.1613
396 1583 0.1481
396 1585 0.3312
396 1587 0.1398
396 1588 0.1858
396 1590 0.3452
396 1591 0.1150
396 1593 0.2704
396 1594 0.1627
396 1595 0.1363
396 1596 0.1359
396 1598 0.1237
396 1599 0.2740
396 1602 0.3952
396 1603 0.1445
396 1604 0.1573
396 1605 0.1202
396 1606 0.2405
396 1607 0.1308
396 1608 0.4505
396 1609 0.1549
396 1612 0.1336
396 1613 0.2664
396 1614 0.1431
396 1615 0.1237
396 1616 0.1903
396 1618 0.5124
396 1619 0.1755
396 1621 0.5011
396 1622 0.1330
396 1623 0.1731
396 1624 0.3281
396 1625 0.3255
396 1626 0.1237
396 1627 0.1481
396 1628 0.1644
396 1629 0.1454
396 1630 0.2287
396 1633 0.2779
396 1634 0.1371
396 1636 0.1627
396 1637 0.2398
396 1638 0.1878
396 1639 0.0939
396 1640 0.1592
396 1641 0.1738
396 1642 0.0939
396 1643 0.3927
396 1644 0.1454
396 1645 0.1607
396 1646 0.1459
396 1647 0.3468
396 1648 0.1573
396 1649 0.2192
396 1650 0.1573
396 1651 0.1454
396 1652 0.1451
396 1653 0.2641
396 1654 0.1464
396 1655 0.1709
396 1658 0.1627
396 1660 0.2213
396 1661 0.2701
396 1663 0.1454
396 1664 0.1375
396 1665 0.1320
396 1666 0.1237
396 1667 0.1454
396 1668 0.0600
396 1669 0.1464
396 1671 0.1381
396 1672 0.3261
396 1674 0.1658
396 1676 0.1587
396 1678 0.1550
396 1679 0.1655
396 1680 0.4320
396 1682 0.1123
396 1683 0.1755
396 1685 0.1573
396 1688 0.1237
396 1689 0.3355
396 1690 0.1391
396 1691 0.2135
396 1692 0.1264
396 1693 0.0939
396 1694 0.2288
396 1695 0.1237
396 1697 0.0690
396 1698 0.0939
396 1699 0.2701
396 1700 0.5874
396 1701 0.4368
396 1702 0.6229
396 1704 0.1587
396 1705 0.5759
396 1706 0.6922
396 1707 0.7612
396 1708 0.6653
396 1709 0.3764
396 1711 0.6167
396 1712 0.9946
396 1713 0.8878
396 1714 0.8132
396 1715 0.3748
396 1716 0.4276
396 1717 0.9970
396 1718 0.4287
396 1720 0.4628
396 1721 0.3261
396 1723 0.4558
396 1725 0.3948
396 1728 0.2316
397 398 0.1316
397 399 0.1950
397 400 0.2008
397 402 0.2271
397 403 0.2275
397 404 0.1664
397 405 0.1574
397 406 0.1683
397 407 0.1368
397 408 0.2350
397 409 0.1546
397 410 0.1571
397 411 0.3688
397 412 0.2811
397 413 0.1715
397 414 0.3404
397 415 0.3757
397 418 0.1701
397 419 0.2389
397 420 0.1574
397 421 0.2269
397 422 0.1190
397 424 0.1684
397 425 0.1685
397 426 0.2116
397 427 0.0987
397 428 0.1066
397 431 0.1349
397 432 0.2092
397 433 0.1272
397 434 0.3900
397 435 0.2276
397 436 0.1122
397 438 0.4922
397 439 0.1733
397 440 0.0990
397 441 0.1195
397 442 0.5868
397 443 0.1683
397 444 0.1571
397 445 0.2146
397 447 0.3874
397 448 0.1150
397 449 0.2450
397 450 0.2030
397 451 0.0750
397 452 0.1550
397 453 0.0611
397 454 0.2647
397 455 0.3161
397 456 0.3344
397 458 0.2738
397 459 0.1009
397 460 0.2878
397 461 0.2614
397 462 0.1683
397 463 0.1550
397 464 0.1533
397 465 0.1449
397 466 0.2719
397 467 0.4742
397 468 0.4608
397 470 0.1719
397 471 0.3344
397 472 0.1743
397 475 0.1112
397 476 0.2101
397 478 0.1870
397 479 0.2103
397 480 0.2053
397 481 0.1700
397 482 0.2785
397 484 0.1873
397 485 0.1737
397 486 0.1904
397 487 0.2176
397 488 0.1568
397 489 0.2987
397 490 0.2280
397 491 0.0889
397 492 0.0463
397 494 0.1108
397 495 0.4251
397 496 0.4700
397 497 0.2124
397 498 0.4378
397 499 0.1066
397 501 0.3136
397 503 0.2883
397 504 0.1447
397 505 0.3279
397 506 0.0957
397 507 0.2774
397 508 0.2525
397 509 0.3252
397 510 0.1753
397 511 0.6797
397 512 0.2631
397 513 0.1576
397 514 0.3095
397 515 0.2058
397 516 0.2244
397 517 0.1940
397 518 0.2989
397 519 0.1008
397 520 0.2276
397 521 0.1500
397 522 0.0957
397 523 0.1533
397 526 0.1432
397 527 0.5444
397 528 0.4468
397 529 0.0724
397 530 0.3038
397 531 0.0642
397 533 0.1683
397 534 0.0961
397 535 0.1683
397 536 0.1869
397 537 0.3372
397 538 0.1683
397 539 0.2820
397 540 0.2730
397 541 0.1683
397 542 0.2081
397 544 0.1126
397 545 0.3055
397 546 0.0957
397 547 0.1044
397 548 0.1985
397 549 0.1044
397 550 0.1489
397 551 0.2811
397 552 0.2499
397 554 0.1484
397 555 0.1202
397 556 0.0640
397 557 0.1121
397 558 0.2214
397 559 0.0593
397 560 0.1693
397 561 0.1753
397 562 0.2021
397 563 0.2060
397 564 0.0695
397 566 0.1171
397 568 0.2137
397 569 0.1959
397 570 0.1055
397 571 0.3313
397 572 0.0356
397 573 0.2611
397 574 0.1125
397 575 0.2440
397 576 0.2615
397 577 0.1078
397 578 0.1865
397 579 0.2039
397 581 0.1126
397 582 0.2383
397 583 0.4416
397 584 0.1600
397 585 0.3546
397 586 0.3298
397 587 0.6829
397 589 0.2116
397 590 0.2765
397 591 0.2448
397 592 0.2820
397 593 0.2930
397 594 0.1165
397 595 0.2286
397 598 0.0957
397 599 0.0910
397 600 0.3229
397 601 0.1108
397 602 0.1209
397 604 0.2018
397 606 0.1734
397 607 0.1868
397 608 0.2835
397 609 0.1496
397 610 0.2860
397 611 0.2116
397 612 0.1044
397 613 0.3799
397 614 0.1701
397 616 0.3036
397 617 0.1463
397 619 0.2213
397 621 0.5878
397 623 0.1952
397 625 0.0844
397 626 0.1689
397 627 0.1067
397 628 0.2419
397 629 0.1874
397 630 0.0710
397 631 0.2874
397 632 0.1713
397 633 0.1791
397 634 0.3196
397 635 0.1571
397 636 0.1571
397 637 0.1077
397 638 0.2956
397 639 0.2016
397 641 0.0957
397 642 0.1368
397 643 0.2376
397 644 0.0957
397 645 0.3126
397 646 0.0769
397 647 0.2820
397 648 0.2954
397 649 0.1144
397 650 0.1658
397 651 0.2384
397 652 0.1121
397 653 0.2564
397 654 0.1693
397 655 0.4098
397 656 0.2626
397 657 0.0739
397 658 0.2138
397 659 0.2583
397 660 0.2092
397 661 0.2088
397 662 0.1978
397 663 0.3510
397 664 0.3927
397 666 0.0839
397 667 0.2072
397 668 0.1584
397 669 0.2440
397 670 0.1683
397 671 0.0662
397 672 0.1455
397 673 0.0293
397 674 0.1924
397 675 0.1121
397 676 0.3172
397 677 0.1571
397 678 0.2269
397 679 0.1531
397 680 0.0382
397 681 0.1140
397 682 0.1842
397 683 0.1855
397 684 0.1508
397 685 0.1800
397 686 0.3646
397 687 0.3076
397 688 0.1509
397 689 0.2785
397 690 0.0710
397 691 0.2556
397 692 0.2039
397 693 0.1814
397 694 0.3171
397 695 0.1527
397 696 0.2323
397 697 0.2069
397 698 0.1960
397 699 0.2024
397 700 0.2241
397 702 0.1337
397 703 0.1749
397 704 0.2084
397 705 0.6303
397 706 0.1777
397 707 0.3346
397 708 0.2092
397 709 0.1496
397 710 0.3555
397 711 0.2231
397 712 0.2297
397 714 0.1580
397 715 0.1542
397 716 0.0957
397 717 0.2104
397 718 0.1528
397 720 0.2335
397 721 0.2410
397 722 0.1622
397 723 0.1939
397 724 0.1044
397 725 0.2106
397 726 0.2897
397 727 0.0957
397 728 0.3668
397 729 0.2080
397 730 0.2440
397 731 0.2438
397 732 0.5570
397 733 0.2639
397 734 0.1827
397 735 0.6349
397 736 0.2520
397 737 0.1483
397 738 0.1141
397 740 0.2504
397 741 0.4359
397 742 0.2935
397 743 0.0675
397 744 0.1736
397 745 0.2553
397 747 0.2344
397 748 0.3194
397 749 0.1969
397 750 0.1553
397 751 0.0903
397 752 0.1968
397 753 0.3534
397 754 0.2092
397 755 0.1638
397 757 0.2052
397 758 0.3078
397 759 0.3037
397 760 0.5500
397 761 0.2440
397 762 0.1044
397 763 0.3222
397 764 0.2012
397 765 0.1327
397 766 0.5770
397 767 0.1869
397 768 0.2219
397 769 0.1342
397 770 0.2168
397 771 0.1903
397 772 0.2786
397 773 0.0465
397 775 0.1592
397 776 0.3718
397 777 0.2378
397 778 0.2608
397 779 0.1125
397 780 0.2222
397 782 0.1496
397 783 0.1121
397 784 0.1352
397 785 0.1882
397 786 0.2492
397 787 0.1854
397 789 0.1498
397 791 0.2956
397 792 0.2440
397 793 0.2964
397 794 0.1129
397 795 0.0710
397 796 0.2820
397 797 0.3036
397 798 0.1856
397 799 0.3818
397 801 0.1460
397 803 0.1678
397 804 0.5104
397 805 0.2797
397 806 0.1657
397 807 0.1474
397 808 0.3051
397 809 0.1786
397 810 0.2575
397 811 0.1876
397 813 0.2116
397 814 0.2238
397 815 0.1800
397 816 0.1143
397 817 0.4599
397 818 0.2743
397 819 0.2375
397 820 0.1902
397 821 0.2586
397 822 0.2549
397 823 0.2531
397 825 0.4771
397 827 0.0907
397 828 0.1044
397 829 0.0957
397 831 0.2201
397 832 0.3187
397 833 0.1447
397 834 0.3570
397 835 0.1786
397 836 0.6578
397 838 0.1850
397 839 0.0957
397 840 0.2631
397 841 0.2257
397 842 0.1228
397 843 0.1269
397 844 0.2631
397 845 0.2339
397 846 0.1048
397 849 0.4582
397 850 0.2964
397 851 0.2493
397 852 0.1683
397 854 0.1571
397 855 0.1570
397 856 0.1252
397 858 0.1848
397 859 0.1495
397 860 0.1938
397 861 0.2275
397 862 0.1074
397 864 0.2219
397 865 0.1569
397 866 0.1571
397 867 0.2406
397 868 0.3567
397 869 0.4731
397 870 0.4784
397 871 0.2075
397 872 0.2836
397 875 0.1117
397 876 0.2399
397 877 0.1683
397 878 0.1612
397 880 0.3828
397 881 0.2120
397 882 0.1643
397 883 0.1629
397 884 0.1044
397 885 0.1661
397 886 0.3082
397 887 0.4848
397 889 0.1490
397 890 0.1407
397 891 0.3103
397 892 0.1956
397 893 0.0740
397 894 0.2151
397 895 0.3076
397 896 0.1251
397 898 0.2596
397 899 0.1342
397 900 0.2048
397 901 0.1250
397 903 0.2257
397 905 0.2195
397 906 0.2266
397 907 0.2455
397 908 0.3824
397 909 0.1907
397 910 0.2219
397 911 0.1841
397 912 0.2092
397 913 0.3068
397 914 0.0723
397 915 0.2216
397 916 0.0957
397 918 0.4954
397 919 0.1871
397 920 0.1571
397 921 0.1003
397 922 0.3112
397 924 0.2134
397 928 0.1474
397 929 0.1121
397 930 0.1297
397 933 0.2333
397 934 0.1683
397 935 0.1595
397 936 0.2206
397 937 0.0957
397 938 0.2537
397 939 0.2362
397 940 0.2264
397 941 0.1925
397 942 0.1608
397 943 0.2126
397 944 0.1571
397 946 0.1917
397 947 0.1570
397 948 0.1354
397 950 0.0979
397 951 0.2195
397 952 0.3530
397 953 0.3855
397 954 0.2128
397 955 0.0806
397 957 0.1175
397 958 0.0957
397 959 0.1059
397 960 0.3078
397 961 0.1571
397 962 0.0957
397 964 0.2152
397 965 0.1835
397 966 0.1071
397 967 0.2958
397 968 0.4070
397 969 0.2631
397 971 0.2756
397 972 0.1044
397 973 0.3274
397 974 0.6056
397 976 0.1719
397 977 0.2116
397 978 0.4199
397 979 0.1842
397 980 0.1914
397 981 0.1121
397 983 0.2204
397 984 0.1431
397 985 0.0957
397 986 0.1044
397 987 0.1491
397 989 0.1441
397 990 0.2079
397 992 0.2908
397 993 0.1982
397 994 0.2122
397 995 0.1836
397 996 0.0957
397 999 0.2016
397 1000 0.1044
397 1001 0.1828
397 1002 0.1660
397 1003 0.2209
397 1004 0.1733
397 1005 0.1044
397 1006 0.3693
397 1007 0.1621
397 1008 0.1080
397 1010 0.1647
397 1013 0.1121
397 1014 0.2104
397 1015 0.0926
397 1016 0.2188
397 1017 0.2252
397 1018 0.1415
397 1019 0.1044
397 1020 0.1966
397 1022 0.2026
397 1023 0.1448
397 1024 0.2671
397 1026 0.1861
397 1027 0.2877
397 1028 0.2440
397 1029 0.2825
397 1030 0.2373
397 1032 0.1268
397 1033 0.1067
397 1034 0.1044
397 1035 0.1984
397 1036 0.2422
397 1037 0.2410
397 1038 0.1044
397 1039 0.1287
397 1040 0.1044
397 1041 0.1553
397 1042 0.3730
397 1043 0.0881
397 1044 0.1044
397 1045 0.2182
397 1047 0.1100
397 1048 0.2807
397 1049 0.1228
397 1050 0.2205
397 1051 0.0918
397 1052 0.2410
397 1053 0.1701
397 1054 0.2631
397 1055 0.2975
397 1056 0.1960
397 1057 0.1534
397 1058 0.1407
397 1059 0.1638
397 1060 0.0339
397 1061 0.2431
397 1062 0.1121
397 1063 0.0869
397 1064 0.1974
397 1065 0.2045
397 1066 0.1154
397 1067 0.4269
397 1068 0.1596
397 1070 0.1409
397 1072 0.1214
397 1075 0.1949
397 1076 0.1359
397 1077 0.2245
397 1078 0.1033
397 1079 0.3507
397 1080 0.0677
397 1081 0.1922
397 1082 0.3287
397 1083 0.1286
397 1084 0.2991
397 1085 0.1121
397 1087 0.0957
397 1089 0.1380
397 1090 0.2205
397 1092 0.1625
397 1094 0.3341
397 1097 0.1121
397 1099 0.2535
397 1103 0.1683
397 1104 0.2778
397 1105 0.4432
397 1106 0.2563
397 1107 0.1683
397 1108 0.1044
397 1111 0.1383
397 1113 0.2413
397 1116 0.1493
397 1117 0.1780
397 1118 0.1319
397 1119 0.1120
397 1123 0.3286
397 1124 0.0957
397 1125 0.0712
397 1126 0.1121
397 1127 0.1892
397 1128 0.1406
397 1129 0.2348
397 1130 0.5329
397 1131 0.1144
397 1133 0.1415
397 1134 0.1571
397 1135 0.3927
397 1136 0.1474
397 1138 0.2379
397 1141 0.1726
397 1142 0.2482
397 1143 0.1229
397 1144 0.1542
397 1145 0.0957
397 1146 0.2157
397 1147 0.1373
397 1148 0.0957
397 1150 0.2395
397 1151 0.1659
397 1152 0.2633
397 1153 0.2602
397 1154 0.1840
397 1155 0.1683
397 1156 0.1121
397 1157 0.2656
397 1158 0.2440
397 1159 0.0649
397 1160 0.1412
397 1161 0.1404
397 1162 0.1274
397 1163 0.2078
397 1165 0.3015
397 1166 0.1955
397 1167 0.1356
397 1169 0.0772
397 1172 0.1571
397 1174 0.0942
397 1177 0.1581
397 1180 0.1705
397 1181 0.2180
397 1182 0.2078
397 1183 0.2874
397 1185 0.2235
397 1186 0.0700
397 1187 0.1544
397 1188 0.1286
397 1189 0.2831
397 1191 0.2559
397 1192 0.2172
397 1193 0.2412
397 1194 0.0671
397 1195 0.2346
397 1196 0.2178
397 1197 0.1044
397 1199 0.3025
397 1200 0.2908
397 1201 0.3677
397 1202 0.2231
397 1203 0.0691
397 1204 0.1407
397 1205 0.1044
397 1206 0.3163
397 1207 0.2631
397 1208 0.3070
397 1209 0.1951
397 1210 0.1420
397 1211 0.4298
397 1212 0.2182
397 1213 0.1044
397 1214 0.1064
397 1217 0.2781
397 1218 0.1468
397 1219 0.1457
397 1220 0.1571
397 1221 0.1522
397 1222 0.1158
397 1223 0.3386
397 1225 0.2422
397 1226 0.4070
397 1227 0.1501
397 1228 0.1673
397 1229 0.2949
397 1230 0.2116
397 1231 0.2318
397 1233 0.0953
397 1235 0.1838
397 1237 0.3410
397 1240 0.2063
397 1241 0.1820
397 1242 0.3230
397 1244 0.2440
397 1247 0.0901
397 1248 0.2625
397 1250 0.1063
397 1251 0.0957
397 1252 0.1454
397 1254 0.1683
397 1255 0.2440
397 1256 0.2543
397 1257 0.0957
397 1258 0.4708
397 1259 0.1645
397 1260 0.3881
397 1262 0.0628
397 1263 0.1581
397 1265 0.1232
397 1266 0.1683
397 1267 0.2878
397 1268 0.2490
397 1269 0.3496
397 1270 0.1493
397 1271 0.1164
397 1272 0.1571
397 1273 0.2230
397 1274 0.0695
397 1275 0.0924
397 1276 0.2973
397 1278 0.1402
397 1279 0.3588
397 1280 0.2116
397 1282 0.1144
397 1283 0.2327
397 1284 0.0769
397 1286 0.2290
397 1287 0.2525
397 1288 0.2265
397 1289 0.1641
397 1291 0.3064
397 1292 0.1922
397 1293 0.0735
397 1295 0.1839
397 1297 0.1832
397 1298 0.2285
397 1299 0.1354
397 1300 0.1542
397 1301 0.0957
397 1303 0.4884
397 1304 0.0869
397 1305 0.1010
397 1307 0.5770
397 1308 0.1044
397 1310 0.1654
397 1311 0.1855
397 1312 0.2440
397 1313 0.1676
397 1315 0.0957
397 1316 0.2268
397 1318 0.2410
397 1320 0.1837
397 1322 0.2920
397 1323 0.2820
397 1324 0.1606
397 1326 0.1925
397 1327 0.2346
397 1328 0.1490
397 1330 0.1414
397 1331 0.2440
397 1332 0.0957
397 1333 0.2846
397 1335 0.3163
397 1339 0.1542
397 1340 0.2116
397 1341 0.0957
397 1342 0.1060
397 1343 0.2440
397 1344 0.3569
397 1346 0.1389
397 1347 0.2432
397 1348 0.1683
397 1349 0.2631
397 1350 0.1683
397 1352 0.2930
397 1354 0.0957
397 1355 0.1748
397 1356 0.3163
397 1360 0.0643
397 1361 0.3422
397 1362 0.1891
397 1363 0.1693
397 1364 0.0957
397 1367 0.3071
397 1368 0.3256
397 1369 0.4369
397 1370 0.1649
397 1372 0.0631
397 1375 0.1168
397 1376 0.1683
397 1378 0.1121
397 1379 0.1955
397 1380 0.0957
397 1381 0.2440
397 1383 0.2116
397 1384 0.1044
397 1386 0.3249
397 1387 0.0596
397 1388 0.1925
397 1389 0.6087
397 1390 0.2116
397 1394 0.2022
397 1395 0.2930
397 1396 0.2410
397 1397 0.1674
397 1398 0.2152
397 1402 0.1402
397 1405 0.1693
397 1406 0.2455
397 1407 0.1021
397 1408 0.1835
397 1409 0.2935
397 1410 0.0468
397 1411 0.0957
397 1412 0.1683
397 1413 0.1122
397 1415 0.1683
397 1416 0.2348
397 1418 0.2930
397 1419 0.1120
397 1420 0.0957
397 1421 0.0739
397 1422 0.1769
397 1423 0.1877
397 1425 0.1120
397 1426 0.1116
397 1427 0.0999
397 1428 0.1574
397 1431 0.1044
397 1433 0.1574
397 1434 0.3085
397 1435 0.1941
397 1436 0.1044
397 1437 0.2148
397 1438 0.2746
397 1439 0.1360
397 1440 0.2655
397 1441 0.2290
397 1445 0.2907
397 1446 0.0847
397 1448 0.1571
397 1449 0.1316
397 1451 0.3024
397 1452 0.1931
397 1456 0.2067
397 1457 0.2979
397 1458 0.0961
397 1460 0.1044
397 1461 0.1121
397 1462 0.1121
397 1464 0.3440
397 1466 0.1814
397 1468 0.1542
397 1470 0.0813
397 1472 0.1121
397 1473 0.1571
397 1474 0.2440
397 1477 0.1898
397 1479 0.3443
397 1480 0.1683
397 1482 0.1714
397 1484 0.0957
397 1485 0.0957
397 1487 0.1044
397 1488 0.1683
397 1490 0.1683
397 1491 0.2206
397 1493 0.1286
397 1494 0.2605
397 1496 0.1044
397 1497 0.1121
397 1498 0.2440
397 1499 0.0957
397 1501 0.2455
397 1503 0.1330
397 1504 0.2945
397 1507 0.2480
397 1508 0.2440
397 1510 0.2434
397 1512 0.1925
397 1513 0.2166
397 1515 0.2440
397 1516 0.3571
397 1517 0.1693
397 1518 0.2077
397 1519 0.1685
397 1520 0.1940
397 1522 0.1571
397 1526 0.2451
397 1527 0.0772
397 1528 0.1683
397 1529 0.1607
397 1530 0.1681
397 1531 0.1121
397 1532 0.1814
397 1535 0.2335
397 1536 0.2656
397 1538 0.1924
397 1540 0.2553
397 1541 0.1072
397 1542 0.1819
397 1544 0.2410
397 1547 0.0670
397 1548 0.2023
397 1549 0.2166
397 1550 0.0957
397 1551 0.2551
397 1554 0.3076
397 1562 0.2440
397 1567 0.1793
397 1568 0.2116
397 1569 0.1121
397 1570 0.2930
397 1571 0.2631
397 1573 0.1739
397 1574 0.2878
397 1577 0.1925
397 1578 0.0957
397 1579 0.2786
397 1580 0.0956
397 1581 0.2345
397 1582 0.2218
397 1583 0.2975
397 1585 0.1673
397 1587 0.0957
397 1588 0.3711
397 1590 0.1589
397 1591 0.0516
397 1593 0.3086
397 1594 0.2440
397 1595 0.0734
397 1596 0.1877
397 1598 0.1571
397 1599 0.2069
397 1602 0.1645
397 1603 0.1397
397 1604 0.1121
397 1605 0.0710
397 1606 0.2671
397 1607 0.1820
397 1608 0.1736
397 1609 0.1409
397 1612 0.0497
397 1613 0.6488
397 1614 0.2844
397 1615 0.1571
397 1616 0.2455
397 1618 0.5108
397 1619 0.1731
397 1621 0.7013
397 1622 0.5645
397 1623 0.1841
397 1624 0.4175
397 1625 0.1683
397 1626 0.1571
397 1627 0.1606
397 1628 0.1847
397 1629 0.1683
397 1630 0.1964
397 1633 0.3184
397 1634 0.1669
397 1636 0.2440
397 1637 0.2671
397 1638 0.1041
397 1639 0.1044
397 1640 0.1802
397 1641 0.3036
397 1642 0.1044
397 1643 0.1683
397 1644 0.1683
397 1645 0.1892
397 1646 0.1822
397 1647 0.1873
397 1648 0.1121
397 1649 0.2152
397 1650 0.1121
397 1651 0.1683
397 1652 0.2874
397 1653 0.2512
397 1654 0.2092
397 1655 0.1841
397 1658 0.2440
397 1660 0.1680
397 1661 0.1388
397 1663 0.1683
397 1664 0.0489
397 1665 0.1560
397 1666 0.1571
397 1667 0.1683
397 1668 0.0535
397 1669 0.2092
397 1671 0.1645
397 1672 0.1683
397 1674 0.3462
397 1676 0.2410
397 1678 0.1067
397 1679 0.1163
397 1680 0.1542
397 1682 0.1948
397 1683 0.1744
397 1685 0.1121
397 1688 0.1571
397 1689 0.3881
397 1690 0.2908
397 1691 0.0598
397 1692 0.6239
397 1693 0.1044
397 1694 0.3729
397 1695 0.1571
397 1697 0.0736
397 1698 0.1044
397 1699 0.1683
397 1700 0.2319
397 1701 0.2908
397 1702 0.3235
397 1704 0.2410
397 1705 0.1106
397 1706 0.3975
397 1707 0.1795
397 1708 0.0766
397 1709 0.2045
397 1711 0.0865
397 1712 0.3249
397 1713 0.1957
397 1714 0.1897
397 1715 0.1530
397 1716 0.2907
397 1717 0.3071
397 1718 0.1517
397 1720 0.1075
397 1721 0.1683
397 1723 0.1044
397 1725 0.0957
397 1728 0.1571
398 399 0.2109
398 400 0.2875
398 402 0.1616
398 403 0.2269
398 404 0.1800
398 405 0.1962
398 406 0.2823
398 407 0.2653
398 408 0.2085
398 409 0.1527
398 410 0.1877
398 411 0.4319
398 412 0.1655
398 413 0.2565
398 414 0.3264
398 415 0.1866
398 418 0.1949
398 419 0.5930
398 420 0.1959
398 421 0.2670
398 422 0.6854
398 424 0.1987
398 425 0.1537
398 426 0.1941
398 427 0.1524
398 428 0.0951
398 431 0.6029
398 432 0.1756
398 433 0.1759
398 434 0.3081
398 435 0.1228
398 436 0.1482
398 438 0.2189
398 439 0.1404
398 440 0.1667
398 441 0.1911
398 442 0.2076
398 443 0.1303
398 444 0.1877
398 445 0.8094
398 447 0.1261
398 448 0.1517
398 449 0.2069
398 450 0.1450
398 451 0.1536
398 452 0.9449
398 453 0.6758
398 454 0.2237
398 455 0.1689
398 456 0.2275
398 458 0.1400
398 459 0.1509
398 460 0.2899
398 461 0.1735
398 462 0.1303
398 463 0.2230
398 464 0.1962
398 465 0.2435
398 466 0.2301
398 467 0.7404
398 468 0.8531
398 470 0.0469
398 471 0.2488
398 472 0.9015
398 475 0.2796
398 476 0.2779
398 478 0.1487
398 479 0.1517
398 480 0.1428
398 481 0.1603
398 482 0.2188
398 484 0.2612
398 485 0.7332
398 486 0.1309
398 487 0.1654
398 488 0.1544
398 489 0.1478
398 490 0.7377
398 491 0.6981
398 492 0.2480
398 494 0.2129
398 495 0.2364
398 496 0.2406
398 497 0.1967
398 498 0.7832
398 499 0.1555
398 501 0.7055
398 503 0.3327
398 504 0.1672
398 505 0.2557
398 506 0.1496
398 507 0.8427
398 508 0.2183
398 509 0.1575
398 510 0.1364
398 511 0.2651
398 512 0.1423
398 513 0.1548
398 514 0.4467
398 515 0.1462
398 516 0.1862
398 517 0.2200
398 518 0.1718
398 519 0.7203
398 520 0.8134
398 521 0.3541
398 522 0.1496
398 523 0.8720
398 526 0.1798
398 527 0.2985
398 528 0.1506
398 529 0.1500
398 530 0.1512
398 531 0.1380
398 533 0.1303
398 534 0.2641
398 535 0.1303
398 536 0.9717
398 537 0.1922
398 538 0.1303
398 539 0.2029
398 540 0.1897
398 541 0.3004
398 542 0.3929
398 544 0.1656
398 545 0.1801
398 546 0.1496
398 547 0.1316
398 548 0.1605
398 549 0.1316
398 550 0.1457
398 551 0.2811
398 552 0.4730
398 554 0.5295
398 555 0.2196
398 556 0.5060
398 557 0.1534
398 558 0.2322
398 559 0.4878
398 560 0.8994
398 561 0.3213
398 562 0.8820
398 563 0.1791
398 564 0.4903
398 566 0.1586
398 568 0.9936
398 569 0.8085
398 570 0.2214
398 571 0.2953
398 572 0.1922
398 573 0.1878
398 574 0.1545
398 575 0.2653
398 576 0.1524
398 577 0.1634
398 578 0.7274
398 579 0.1818
398 581 0.1388
398 582 0.8057
398 583 0.7830
398 584 0.0409
398 585 0.0394
398 586 0.2252
398 587 0.2569
398 589 0.1689
398 590 0.2362
398 591 0.1596
398 592 0.2029
398 593 0.1854
398 594 0.2927
398 595 0.1483
398 598 0.1496
398 599 0.7909
398 600 0.1816
398 601 0.1598
398 602 0.1579
398 604 0.6003
398 606 0.5533
398 607 0.1526
398 608 0.1498
398 609 0.1927
398 610 0.1866
398 611 0.1941
398 612 0.1316
398 613 0.8786
398 614 0.2911
398 616 0.1907
398 617 0.5884
398 619 0.2026
398 621 0.1971
398 623 0.1783
398 625 0.1861
398 626 0.9094
398 627 0.1234
398 628 0.8384
398 629 0.1802
398 630 0.1547
398 631 0.1209
398 632 0.0348
398 633 0.0739
398 634 0.2060
398 635 0.1877
398 636 0.1877
398 637 0.0558
398 638 0.2000
398 639 0.9902
398 641 0.1496
398 642 0.1920
398 643 0.2259
398 644 0.1496
398 645 0.2519
398 646 0.1552
398 647 0.2029
398 648 0.7953
398 649 0.5605
398 650 0.2179
398 651 0.0396
398 652 0.1534
398 653 0.1214
398 654 0.1979
398 655 0.4282
398 656 0.1768
398 657 0.5925
398 658 0.1448
398 659 0.2081
398 660 0.1756
398 661 0.0898
398 662 0.1612
398 663 0.2269
398 664 0.2045
398 666 0.5533
398 667 0.4585
398 668 0.1980
398 669 0.1828
398 670 0.2101
398 671 0.0484
398 672 0.7422
398 673 0.7481
398 674 0.1372
398 675 0.1534
398 676 0.2428
398 677 0.1877
398 678 0.1973
398 679 0.1512
398 680 0.6234
398 681 0.2056
398 682 0.6700
398 683 0.1986
398 684 0.2457
398 685 0.8587
398 686 0.2555
398 687 0.2801
398 688 0.2191
398 689 0.0422
398 690 0.1547
398 691 0.1770
398 692 0.8311
398 693 0.1482
398 694 0.8859
398 695 0.3051
398 696 0.2096
398 697 0.1585
398 698 0.1739
398 699 0.3713
398 700 0.1704
398 702 0.1920
398 703 0.0538
398 704 0.1500
398 705 0.2099
398 706 0.9249
398 707 0.6595
398 708 0.1756
398 709 0.1927
398 710 0.5650
398 711 0.1422
398 712 0.6838
398 714 0.2182
398 715 0.1582
398 716 0.1496
398 717 0.5852
398 718 0.2054
398 720 0.5431
398 721 0.1576
398 722 0.9413
398 723 0.1408
398 724 0.1316
398 725 0.0921
398 726 0.2102
398 727 0.1496
398 728 0.1559
398 729 0.1509
398 730 0.1828
398 731 0.2951
398 732 0.3723
398 733 0.1720
398 734 0.1747
398 735 0.2242
398 736 0.1898
398 737 0.2832
398 738 0.1628
398 740 0.2212
398 741 0.1547
398 742 0.1398
398 743 0.1404
398 744 0.1602
398 745 0.1441
398 747 0.5033
398 748 0.1977
398 749 0.5833
398 750 0.1384
398 751 0.1639
398 752 0.1788
398 753 0.3060
398 754 0.1756
398 755 0.1558
398 757 0.2288
398 758 0.1742
398 759 0.1589
398 760 0.6206
398 761 0.1828
398 762 0.1316
398 763 0.2794
398 764 0.5204
398 765 0.5187
398 766 0.6037
398 767 0.1767
398 768 0.2159
398 769 0.1544
398 770 0.1746
398 771 0.8533
398 772 0.2362
398 773 0.6169
398 775 0.1564
398 776 0.1613
398 777 0.5478
398 778 0.2286
398 779 0.1640
398 780 0.1704
398 782 0.1858
398 783 0.1534
398 784 0.6711
398 785 0.1996
398 786 0.0496
398 787 0.1510
398 789 0.1282
398 791 0.1535
398 792 0.1828
398 793 0.2003
398 794 0.2003
398 795 0.1547
398 796 0.2048
398 797 0.3339
398 798 0.5387
398 799 0.0397
398 801 0.7236
398 803 0.8921
398 804 0.0836
398 805 0.1516
398 806 0.1384
398 807 0.1970
398 808 0.2077
398 809 0.2092
398 810 0.7008
398 811 0.9837
398 813 0.1801
398 814 0.1607
398 815 0.1582
398 816 0.1815
398 817 0.8673
398 818 0.5504
398 819 0.5855
398 820 0.1549
398 821 0.1672
398 822 0.5030
398 823 0.0885
398 825 0.1706
398 827 0.2455
398 828 0.1316
398 829 0.1496
398 831 0.2070
398 832 0.1985
398 833 0.1672
398 834 0.2204
398 835 0.1693
398 836 0.2139
398 838 0.1510
398 839 0.1496
398 840 0.1423
398 841 0.1563
398 842 0.4584
398 843 0.1705
398 844 0.1423
398 845 0.3174
398 846 0.1585
398 849 0.1535
398 850 0.1289
398 851 0.2374
398 852 0.1303
398 854 0.3883
398 855 0.1464
398 856 0.1679
398 858 0.2363
398 859 0.1839
398 860 0.5428
398 861 0.1693
398 862 0.8604
398 864 0.1913
398 865 0.6319
398 866 0.1877
398 867 0.1794
398 868 0.2602
398 869 0.7441
398 870 0.0449
398 871 0.8636
398 872 0.2048
398 875 0.6457
398 876 0.2252
398 877 0.2195
398 878 0.2398
398 880 0.1999
398 881 0.6720
398 882 0.2202
398 883 0.1515
398 884 0.1316
398 885 0.1616
398 886 0.1658
398 887 0.1523
398 889 0.1927
398 890 0.1666
398 891 0.2765
398 892 0.3038
398 893 0.2214
398 894 0.2280
398 895 0.1681
398 896 0.1795
398 898 0.8757
398 899 0.4523
398 900 0.7627
398 901 0.3058
398 903 0.9433
398 905 0.1808
398 906 0.1968
398 907 0.2527
398 908 0.2274
398 909 0.3429
398 910 0.1682
398 911 0.1456
398 912 0.5077
398 913 0.1818
398 914 0.1463
398 915 0.1081
398 916 0.1496
398 918 0.3186
398 919 0.1591
398 920 0.1877
398 921 0.1525
398 922 0.1286
398 924 0.1666
398 928 0.3764
398 929 0.1534
398 930 0.1279
398 933 0.1424
398 934 0.5383
398 935 0.1539
398 936 0.1671
398 937 0.1496
398 938 0.1705
398 939 0.1617
398 940 0.2020
398 941 0.1950
398 942 0.1569
