1597 1636 0.3143
1597 1637 0.2101
1597 1639 0.2663
1597 1640 0.3954
1597 1643 0.1534
1597 1644 0.1910
1597 1645 0.1657
1597 1646 0.1600
1597 1647 0.2062
1597 1648 0.1753
1597 1649 0.2107
1597 1650 0.1525
1597 1651 0.1547
1597 1653 0.1838
1597 1654 0.1547
1597 1657 0.1753
1597 1658 0.1600
1597 1659 0.2163
1597 1661 0.1753
1597 1662 0.1560
1597 1663 0.1222
1597 1665 0.1661
1597 1667 0.1600
1597 1668 0.1239
1597 1671 0.1845
1597 1672 0.2337
1597 1673 0.1854
1597 1674 0.2043
1597 1675 0.1633
1597 1676 0.1547
1597 1678 0.2088
1597 1679 0.1659
1597 1680 0.2238
1597 1681 0.2337
1597 1683 0.2171
1597 1685 0.1600
1597 1687 0.2116
1597 1689 0.7848
1597 1690 0.2147
1597 1691 0.1987
1597 1692 0.2353
1597 1693 0.1773
1597 1694 0.1845
1597 1696 0.1845
1597 1697 0.1570
1597 1698 0.1633
1597 1700 0.1547
1597 1701 0.1547
1597 1702 0.1547
1597 1703 0.1867
1597 1704 0.1497
1597 1705 0.1379
1597 1707 0.1860
1597 1709 0.2058
1597 1710 0.1547
1597 1711 0.1547
1597 1712 0.8140
1597 1713 0.1794
1597 1714 0.1023
1597 1715 0.1547
1597 1716 0.1547
1597 1717 0.7780
1597 1718 0.2731
1597 1719 0.1547
1597 1720 0.1845
1597 1721 0.1547
1597 1722 0.1547
1597 1724 0.1899
1597 1725 0.1845
1597 1726 0.1547
1597 1728 0.1753
1597 1730 0.1838
1598 1599 0.1821
1598 1602 0.2071
1598 1603 0.2010
1598 1604 0.1441
1598 1606 0.1949
1598 1608 0.4044
1598 1609 0.1968
1598 1610 0.2155
1598 1611 0.2008
1598 1612 0.2141
1598 1613 0.3700
1598 1615 0.1868
1598 1616 0.1831
1598 1618 0.2935
1598 1619 0.1868
1598 1620 0.2010
1598 1621 0.3604
1598 1622 0.1865
1598 1623 0.2395
1598 1624 0.3786
1598 1625 0.1958
1598 1626 0.2056
1598 1628 0.2010
1598 1629 0.1821
1598 1630 0.2296
1598 1631 0.2056
1598 1632 0.2211
1598 1633 0.2193
1598 1634 0.1762
1598 1636 0.2296
1598 1637 0.2071
1598 1639 0.1441
1598 1640 0.1774
1598 1643 0.1999
1598 1644 0.1954
1598 1645 0.2158
1598 1646 0.2010
1598 1647 0.1759
1598 1648 0.2071
1598 1649 0.1958
1598 1650 0.2071
1598 1651 0.2056
1598 1653 0.1810
1598 1654 0.2056
1598 1657 0.2071
1598 1658 0.2010
1598 1659 0.1968
1598 1661 0.2071
1598 1662 0.1564
1598 1663 0.1367
1598 1665 0.2280
1598 1667 0.2010
1598 1668 0.1933
1598 1671 0.1821
1598 1672 0.1821
1598 1673 0.2893
1598 1674 0.2215
1598 1675 0.2071
1598 1676 0.2056
1598 1678 0.1995
1598 1679 0.1996
1598 1680 0.2008
1598 1681 0.1821
1598 1683 0.2408
1598 1685 0.2010
1598 1687 0.1979
1598 1689 0.8645
1598 1690 0.1761
1598 1691 0.2057
1598 1692 0.2392
1598 1693 0.1937
1598 1694 0.1821
1598 1696 0.1821
1598 1697 0.2415
1598 1698 0.2071
1598 1700 0.2056
1598 1701 0.2056
1598 1702 0.2056
1598 1703 0.1947
1598 1704 0.2189
1598 1705 0.1907
1598 1707 0.2252
1598 1709 0.2228
1598 1710 0.2056
1598 1711 0.2056
1598 1712 0.8494
1598 1713 0.1880
1598 1714 0.1847
1598 1715 0.2056
1598 1716 0.2056
1598 1717 0.7276
1598 1718 0.2155
1598 1719 0.2056
1598 1720 0.1821
1598 1721 0.2056
1598 1722 0.2056
1598 1724 0.1861
1598 1725 0.1821
1598 1726 0.2056
1598 1728 0.2071
1598 1730 0.1810
1599 1602 0.1821
1599 1603 0.2033
1599 1604 0.2107
1599 1606 0.1883
1599 1608 0.3628
1599 1609 0.1814
1599 1610 0.2281
1599 1611 0.2527
1599 1612 0.1494
1599 1613 0.5954
1599 1615 0.1799
1599 1616 0.2105
1599 1618 0.3095
1599 1619 0.1799
1599 1620 0.2033
1599 1621 0.4931
1599 1622 0.5970
1599 1623 0.2248
1599 1624 0.4599
1599 1625 0.1860
1599 1626 0.2218
1599 1628 0.2033
1599 1629 0.1877
1599 1630 0.2091
1599 1631 0.2218
1599 1632 0.2206
1599 1633 0.2786
1599 1634 0.4710
1599 1636 0.2215
1599 1637 0.1894
1599 1639 0.2107
1599 1640 0.2538
1599 1643 0.1988
1599 1644 0.1912
1599 1645 0.1916
1599 1646 0.2033
1599 1647 0.1788
1599 1648 0.1821
1599 1649 0.1787
1599 1650 0.1875
1599 1651 0.2218
1599 1653 0.1889
1599 1654 0.2218
1599 1657 0.1821
1599 1658 0.2033
1599 1659 0.1814
1599 1661 0.1821
1599 1662 0.1708
1599 1663 0.1414
1599 1665 0.1958
1599 1667 0.2033
1599 1668 0.1748
1599 1671 0.1877
1599 1672 0.2045
1599 1673 0.2338
1599 1674 0.2322
1599 1675 0.1875
1599 1676 0.2218
1599 1678 0.2264
1599 1679 0.1749
1599 1680 0.2127
1599 1681 0.2045
1599 1683 0.2174
1599 1685 0.2033
1599 1687 0.1833
1599 1689 0.8755
1599 1690 0.1911
1599 1691 0.1875
1599 1692 0.2207
1599 1693 0.1870
1599 1694 0.1877
1599 1696 0.1877
1599 1697 0.2360
1599 1698 0.1875
1599 1700 0.2218
1599 1701 0.2218
1599 1702 0.2218
1599 1703 0.1879
1599 1704 0.1924
1599 1705 0.1688
1599 1707 0.2005
1599 1709 0.1860
1599 1710 0.2218
1599 1711 0.2218
1599 1712 0.8463
1599 1713 0.1670
1599 1714 0.1474
1599 1715 0.2218
1599 1716 0.2218
1599 1717 0.7696
1599 1718 0.2512
1599 1719 0.2218
1599 1720 0.1992
1599 1721 0.2218
1599 1722 0.2218
1599 1724 0.1857
1599 1725 0.1992
1599 1726 0.2218
1599 1728 0.1821
1599 1730 0.1889
1602 1603 0.2010
1602 1604 0.1504
1602 1606 0.1949
1602 1608 0.4044
1602 1609 0.1968
1602 1610 0.2155
1602 1611 0.2008
1602 1612 0.2141
1602 1613 0.3700
1602 1615 0.1861
1602 1616 0.1831
1602 1618 0.2935
1602 1619 0.1861
1602 1620 0.2010
1602 1621 0.3604
1602 1622 0.3215
1602 1623 0.2395
1602 1624 0.3786
1602 1625 0.1958
1602 1626 0.2056
1602 1628 0.2010
1602 1629 0.1821
1602 1630 0.2367
1602 1631 0.2056
1602 1632 0.2211
1602 1633 0.2193
1602 1634 0.1640
1602 1636 0.2296
1602 1637 0.2071
1602 1639 0.1504
1602 1640 0.2374
1602 1643 0.1999
1602 1644 0.1954
1602 1645 0.2158
1602 1646 0.2010
1602 1647 0.1759
1602 1648 0.2071
1602 1649 0.1958
1602 1650 0.2071
1602 1651 0.2056
1602 1653 0.1810
1602 1654 0.2056
1602 1657 0.2071
1602 1658 0.2010
1602 1659 0.1968
1602 1661 0.2071
1602 1662 0.1564
1602 1663 0.1367
1602 1665 0.2280
1602 1667 0.2010
1602 1668 0.1933
1602 1671 0.1821
1602 1672 0.1821
1602 1673 0.2893
1602 1674 0.2215
1602 1675 0.1923
1602 1676 0.2056
1602 1678 0.1995
1602 1679 0.1996
1602 1680 0.2008
1602 1681 0.1821
1602 1683 0.2408
1602 1685 0.2010
1602 1687 0.1979
1602 1689 0.8645
1602 1690 0.1761
1602 1691 0.2057
1602 1692 0.2392
1602 1693 0.1937
1602 1694 0.1821
1602 1696 0.1821
1602 1697 0.2415
1602 1698 0.1923
1602 1700 0.2056
1602 1701 0.2056
1602 1702 0.2056
1602 1703 0.1947
1602 1704 0.2082
1602 1705 0.2244
1602 1707 0.2252
1602 1709 0.2228
1602 1710 0.2056
1602 1711 0.2056
1602 1712 0.8660
1602 1713 0.2779
1602 1714 0.1497
1602 1715 0.2056
1602 1716 0.2056
1602 1717 0.8210
1602 1718 0.2377
1602 1719 0.2056
1602 1720 0.1821
1602 1721 0.2056
1602 1722 0.2056
1602 1724 0.1861
1602 1725 0.1821
1602 1726 0.2056
1602 1728 0.2071
1602 1730 0.1810
1603 1604 0.2005
1603 1606 0.2865
1603 1608 0.5682
1603 1609 0.1917
1603 1610 0.2014
1603 1611 0.2694
1603 1612 0.2032
1603 1613 0.4500
1603 1615 0.2004
1603 1616 0.1968
1603 1618 0.3316
1603 1619 0.2004
1603 1620 0.1763
1603 1621 0.4896
1603 1622 0.6070
1603 1623 0.2167
1603 1624 0.3730
1603 1625 0.1904
1603 1626 0.2483
1603 1628 0.1754
1603 1629 0.2033
1603 1630 0.2356
1603 1631 0.2483
1603 1632 0.1985
1603 1633 0.2487
1603 1634 0.1431
1603 1636 0.2218
1603 1637 0.2010
1603 1639 0.2005
1603 1640 0.3057
1603 1643 0.1779
1603 1644 0.1720
1603 1645 0.2025
1603 1646 0.1763
1603 1647 0.2015
1603 1648 0.2010
1603 1649 0.1910
1603 1650 0.1885
1603 1651 0.2483
1603 1653 0.2020
1603 1654 0.2483
1603 1657 0.2010
1603 1658 0.1763
1603 1659 0.1917
1603 1661 0.2010
1603 1662 0.1877
1603 1663 0.1658
1603 1665 0.2340
1603 1667 0.1763
1603 1668 0.1984
1603 1671 0.2033
1603 1672 0.2033
1603 1673 0.2473
1603 1674 0.2056
1603 1675 0.1885
1603 1676 0.2483
1603 1678 0.2313
1603 1679 0.2022
1603 1680 0.2319
1603 1681 0.2033
1603 1683 0.2446
1603 1685 0.1763
1603 1687 0.1996
1603 1689 0.8800
1603 1690 0.2100
1603 1691 0.2072
1603 1692 0.2391
1603 1693 0.1706
1603 1694 0.2033
1603 1696 0.2033
1603 1697 0.2008
1603 1698 0.1885
1603 1700 0.2483
1603 1701 0.2483
1603 1702 0.2483
1603 1703 0.1717
1603 1704 0.1801
1603 1705 0.1653
1603 1707 0.2295
1603 1709 0.1999
1603 1710 0.2483
1603 1711 0.2483
1603 1712 0.8977
1603 1713 0.2631
1603 1714 0.1525
1603 1715 0.2483
1603 1716 0.2483
1603 1717 0.8355
1603 1718 0.2370
1603 1719 0.2483
1603 1720 0.2033
1603 1721 0.2483
1603 1722 0.2483
1603 1724 0.2071
1603 1725 0.2033
1603 1726 0.2483
1603 1728 0.2010
1603 1730 0.2020
1604 1606 0.2417
1604 1608 0.5833
1604 1609 0.1478
1604 1610 0.2334
1604 1611 0.2026
1604 1612 0.4039
1604 1613 0.5198
1604 1615 0.3177
1604 1616 0.2621
1604 1618 0.3762
1604 1619 0.3177
1604 1620 0.1588
1604 1621 0.5060
1604 1622 0.8192
1604 1623 0.2008
1604 1624 0.5957
1604 1625 0.2016
1604 1626 0.1497
1604 1628 0.1588
1604 1629 0.1417
1604 1630 0.2174
1604 1631 0.1497
1604 1632 0.1912
1604 1633 0.2850
1604 1634 0.3691
1604 1636 0.1607
1604 1637 0.2222
1604 1639 0.3426
1604 1640 0.3852
1604 1643 0.1527
1604 1644 0.1518
1604 1645 0.1407
1604 1646 0.1588
1604 1647 0.2093
1604 1648 0.1504
1604 1649 0.1305
1604 1650 0.1451
1604 1651 0.1497
1604 1653 0.1344
1604 1654 0.1497
1604 1657 0.1504
1604 1658 0.1588
1604 1659 0.1521
1604 1661 0.1504
1604 1662 0.1119
1604 1663 0.1228
1604 1665 0.1246
1604 1667 0.1588
1604 1668 0.3027
1604 1671 0.1342
1604 1672 0.2107
1604 1673 0.1497
1604 1674 0.1575
1604 1675 0.1681
1604 1676 0.1497
1604 1678 0.1661
1604 1679 0.1805
1604 1680 0.1782
1604 1681 0.2107
1604 1683 0.1829
1604 1685 0.1588
1604 1687 0.1306
1604 1689 0.9287
1604 1690 0.1585
1604 1691 0.1784
1604 1692 0.2445
1604 1693 0.1581
1604 1694 0.1417
1604 1696 0.1417
1604 1697 0.1383
1604 1698 0.1681
1604 1700 0.1497
1604 1701 0.1497
1604 1702 0.1497
1604 1703 0.1515
1604 1704 0.1107
1604 1705 0.1168
1604 1707 0.1483
1604 1709 0.1639
1604 1710 0.1497
1604 1711 0.1497
1604 1712 0.9591
1604 1713 0.2318
1604 1714 0.1592
1604 1715 0.1497
1604 1716 0.1497
1604 1717 0.9392
1604 1718 0.3628
1604 1719 0.1497
1604 1720 0.1417
1604 1721 0.1497
1604 1722 0.1497
1604 1724 0.1308
1604 1725 0.2437
1604 1726 0.1497
1604 1728 0.1504
1604 1730 0.1385
1606 1608 0.4823
1606 1609 0.2008
1606 1610 0.1996
1606 1611 0.2653
1606 1612 0.2139
1606 1613 0.5664
1606 1615 0.2645
1606 1616 0.2054
1606 1618 0.2513
1606 1619 0.2645
1606 1620 0.2244
1606 1621 0.4374
1606 1622 0.7481
1606 1623 0.2430
1606 1624 0.4795
1606 1625 0.1965
1606 1626 0.1666
1606 1628 0.1686
1606 1629 0.1722
1606 1630 0.2519
1606 1631 0.1666
1606 1632 0.2341
1606 1633 0.1735
1606 1634 0.2292
1606 1636 0.2428
1606 1637 0.1949
1606 1639 0.2417
1606 1640 0.2357
1606 1643 0.2717
1606 1644 0.1600
1606 1645 0.1536
1606 1646 0.1686
1606 1647 0.1747
1606 1648 0.1949
1606 1649 0.1723
1606 1650 0.1669
1606 1651 0.1666
1606 1653 0.1933
1606 1654 0.1666
1606 1657 0.1949
1606 1658 0.1686
1606 1659 0.1766
1606 1661 0.1949
1606 1662 0.1335
1606 1663 0.1252
1606 1665 0.1823
1606 1667 0.1686
1606 1668 0.2972
1606 1671 0.2103
1606 1672 0.2186
1606 1673 0.2064
1606 1674 0.2092
1606 1675 0.1966
1606 1676 0.1666
1606 1678 0.2466
1606 1679 0.1689
1606 1680 0.3539
1606 1681 0.2186
1606 1683 0.1378
1606 1685 0.1686
1606 1687 0.1743
1606 1689 0.9639
1606 1690 0.2184
1606 1691 0.2252
1606 1692 0.2544
1606 1693 0.1834
1606 1694 0.1722
1606 1696 0.1722
1606 1697 0.1580
1606 1698 0.1966
1606 1700 0.1666
1606 1701 0.1666
1606 1702 0.1666
1606 1703 0.1662
1606 1704 0.1542
1606 1705 0.1810
1606 1707 0.2840
1606 1709 0.1842
1606 1710 0.1666
1606 1711 0.1666
1606 1712 0.9842
1606 1713 0.3229
1606 1714 0.2782
1606 1715 0.1666
1606 1716 0.1666
1606 1717 0.9290
1606 1718 0.2980
1606 1719 0.1666
1606 1720 0.1722
1606 1721 0.1666
1606 1722 0.1666
1606 1724 0.1766
1606 1725 0.1962
1606 1726 0.1666
1606 1728 0.1949
1606 1730 0.1992
1608 1609 0.3450
1608 1610 0.5437
1608 1611 0.6095
1608 1612 0.4038
1608 1613 0.8691
1608 1615 0.4976
1608 1616 0.2637
1608 1618 0.4026
1608 1619 0.4976
1608 1620 0.3583
1608 1621 0.7644
1608 1622 0.9118
1608 1623 0.3733
1608 1624 0.7602
1608 1625 0.5452
1608 1626 0.3541
1608 1628 0.5023
1608 1629 0.2987
1608 1630 0.5450
1608 1631 0.3541
1608 1632 0.3932
1608 1633 0.7392
1608 1634 0.5709
1608 1636 0.3004
1608 1637 0.3394
1608 1639 0.5833
1608 1640 0.6832
1608 1643 0.3957
1608 1644 0.3219
1608 1645 0.3291
1608 1646 0.3502
1608 1647 0.4224
1608 1648 0.4044
1608 1649 0.2884
1608 1650 0.2886
1608 1651 0.3541
1608 1653 0.3639
1608 1654 0.3541
1608 1657 0.4044
1608 1658 0.3502
1608 1659 0.3117
1608 1661 0.3166
1608 1662 0.2524
1608 1663 0.6959
1608 1665 0.3904
1608 1667 0.3502
1608 1668 0.6770
1608 1671 0.3163
1608 1672 0.2879
1608 1673 0.4018
1608 1674 0.4003
1608 1675 0.3503
1608 1676 0.3541
1608 1678 0.3889
1608 1679 0.4962
1608 1680 0.5124
1608 1681 0.2879
1608 1683 0.3791
1608 1685 0.3502
1608 1687 0.4105
1608 1689 0.9698
1608 1690 0.5011
1608 1691 0.2307
1608 1692 0.4874
1608 1693 0.3078
1608 1694 0.3740
1608 1696 0.3274
1608 1697 0.2113
1608 1698 0.3503
1608 1700 0.3541
1608 1701 0.3541
1608 1702 0.3541
1608 1703 0.2858
1608 1704 0.3440
1608 1705 0.3896
1608 1707 0.2466
1608 1709 0.3128
1608 1710 0.3541
1608 1711 0.3541
1608 1712 0.9896
1608 1713 0.5308
1608 1714 0.4423
1608 1715 0.3541
1608 1716 0.3541
1608 1717 0.8751
1608 1718 0.4578
1608 1719 0.3541
1608 1720 0.3163
1608 1721 0.3541
1608 1722 0.3541
1608 1724 0.2460
1608 1725 0.2684
1608 1726 0.3541
1608 1728 0.4044
1608 1730 0.3518
1609 1610 0.1836
1609 1611 0.1968
1609 1612 0.2000
1609 1613 0.5275
1609 1615 0.1633
1609 1616 0.1609
1609 1618 0.3335
1609 1619 0.1633
1609 1620 0.1917
1609 1621 0.3831
1609 1622 0.5503
1609 1623 0.2169
1609 1624 0.3468
1609 1625 0.1783
1609 1626 0.1376
1609 1628 0.1917
1609 1629 0.1814
1609 1630 0.2125
1609 1631 0.1376
1609 1632 0.2023
1609 1633 0.1597
1609 1634 0.5884
1609 1636 0.2125
1609 1637 0.1968
1609 1639 0.1478
1609 1640 0.1679
1609 1643 0.1905
1609 1644 0.1741
1609 1645 0.1903
1609 1646 0.1917
1609 1647 0.2354
1609 1648 0.1968
1609 1649 0.1876
1609 1650 0.1811
1609 1651 0.1376
1609 1653 0.1837
1609 1654 0.1376
1609 1657 0.1968
1609 1658 0.2037
1609 1659 0.2140
1609 1661 0.1968
1609 1662 0.2420
1609 1663 0.1595
1609 1665 0.2279
1609 1667 0.1917
1609 1668 0.2677
1609 1671 0.1825
1609 1672 0.1814
1609 1673 0.2223
1609 1674 0.2753
1609 1675 0.1811
1609 1676 0.1376
1609 1678 0.2365
1609 1679 0.2576
1609 1680 0.2192
1609 1681 0.1814
1609 1683 0.2926
1609 1685 0.1917
1609 1687 0.2077
1609 1689 0.9132
1609 1690 0.2402
1609 1691 0.2334
1609 1692 0.2442
1609 1693 0.2125
1609 1694 0.1814
1609 1696 0.1814
1609 1697 0.2723
1609 1698 0.1811
1609 1700 0.1376
1609 1701 0.1376
1609 1702 0.1376
1609 1703 0.1737
1609 1704 0.1594
1609 1705 0.1733
1609 1707 0.2702
1609 1709 0.2122
1609 1710 0.1376
1609 1711 0.1376
1609 1712 0.8819
1609 1713 0.2202
1609 1714 0.1010
1609 1715 0.1376
1609 1716 0.1376
1609 1717 0.8681
1609 1718 0.1988
1609 1719 0.1376
1609 1720 0.1814
1609 1721 0.1376
1609 1722 0.1376
1609 1724 0.1588
1609 1725 0.1864
1609 1726 0.1376
1609 1728 0.2125
1609 1730 0.1754
1610 1611 0.2844
1610 1612 0.1805
1610 1613 0.5900
1610 1615 0.2006
1610 1616 0.2249
1610 1618 0.3668
1610 1619 0.2006
1610 1620 0.2014
1610 1621 0.5979
1610 1622 0.7516
1610 1623 0.2148
1610 1624 0.5411
1610 1625 0.2298
1610 1626 0.1464
1610 1628 0.2080
1610 1629 0.1929
1610 1630 0.2214
1610 1631 0.1464
1610 1632 0.2046
1610 1633 0.2839
1610 1634 0.5013
1610 1636 0.2697
1610 1637 0.2326
1610 1639 0.2334
1610 1640 0.4102
1610 1643 0.1846
1610 1644 0.1777
1610 1645 0.1824
1610 1646 0.2014
1610 1647 0.1993
1610 1648 0.2155
1610 1649 0.1824
1610 1650 0.1602
1610 1651 0.1464
1610 1653 0.1866
1610 1654 0.1464
1610 1657 0.2155
1610 1658 0.2014
1610 1659 0.1836
1610 1661 0.2155
1610 1662 0.1936
1610 1663 0.1846
1610 1665 0.2308
1610 1667 0.2014
1610 1668 0.1660
1610 1671 0.1929
1610 1672 0.2076
1610 1673 0.1876
1610 1674 0.2109
1610 1675 0.1602
1610 1676 0.1464
1610 1678 0.2207
1610 1679 0.1891
1610 1680 0.2080
1610 1681 0.2076
1610 1683 0.2327
1610 1685 0.2014
1610 1687 0.2180
1610 1689 0.8290
1610 1690 0.2399
1610 1691 0.2244
1610 1692 0.2414
1610 1693 0.1730
1610 1694 0.1929
1610 1696 0.1929
1610 1697 0.2009
1610 1698 0.1602
1610 1700 0.1464
1610 1701 0.1464
1610 1702 0.1464
1610 1703 0.1767
1610 1704 0.1733
1610 1705 0.1465
1610 1707 0.2232
1610 1709 0.2254
1610 1710 0.1464
1610 1711 0.1464
1610 1712 0.8351
1610 1713 0.2069
1610 1714 0.1414
1610 1715 0.1464
1610 1716 0.1464
1610 1717 0.6643
1610 1718 0.2206
1610 1719 0.1464
1610 1720 0.1948
1610 1721 0.1464
1610 1722 0.1464
1610 1724 0.1717
1610 1725 0.1929
1610 1726 0.1464
1610 1728 0.2155
1610 1730 0.1866
1611 1612 0.3290
1611 1613 0.5668
1611 1615 0.2867
1611 1616 0.2358
1611 1618 0.4974
1611 1619 0.2867
1611 1620 0.2319
1611 1621 0.5306
1611 1622 0.7120
1611 1623 0.2504
1611 1624 0.4796
1611 1625 0.1814
1611 1626 0.1774
1611 1628 0.2319
1611 1629 0.2127
1611 1630 0.2384
1611 1631 0.1774
1611 1632 0.2402
1611 1633 0.2079
1611 1634 0.2527
1611 1636 0.2384
1611 1637 0.2008
1611 1639 0.2026
1611 1640 0.3618
1611 1643 0.2260
1611 1644 0.2042
1611 1645 0.2121
1611 1646 0.2319
1611 1647 0.1993
1611 1648 0.2008
1611 1649 0.1903
1611 1650 0.2228
1611 1651 0.1774
1611 1653 0.2063
1611 1654 0.1774
1611 1657 0.2008
1611 1658 0.2319
1611 1659 0.2192
1611 1661 0.2008
1611 1662 0.2036
1611 1663 0.1733
1611 1665 0.2029
1611 1667 0.2319
1611 1668 0.2133
1611 1671 0.2300
1611 1672 0.2527
1611 1673 0.2292
1611 1674 0.2731
1611 1675 0.2228
1611 1676 0.1774
1611 1678 0.2403
1611 1679 0.2102
1611 1680 0.2215
1611 1681 0.2527
1611 1683 0.4862
1611 1685 0.2319
1611 1687 0.2411
1611 1689 0.8381
1611 1690 0.2371
1611 1691 0.2728
1611 1692 0.3076
1611 1693 0.1939
1611 1694 0.2127
1611 1696 0.2127
1611 1697 0.2314
1611 1698 0.2228
1611 1700 0.1774
1611 1701 0.1774
1611 1702 0.1774
1611 1703 0.1987
1611 1704 0.1876
1611 1705 0.2138
1611 1707 0.2380
1611 1709 0.2461
1611 1710 0.1774
1611 1711 0.1774
1611 1712 0.8777
1611 1713 0.3392
1611 1714 0.1420
1611 1715 0.1774
1611 1716 0.1774
1611 1717 0.6941
1611 1718 0.3560
1611 1719 0.1774
1611 1720 0.2127
1611 1721 0.1774
1611 1722 0.1774
1611 1724 0.1949
1611 1725 0.2127
1611 1726 0.1774
1611 1728 0.2008
1611 1730 0.2063
1612 1613 0.6178
1612 1615 0.1507
1612 1616 0.2271
1612 1618 0.4085
1612 1619 0.1507
1612 1620 0.2032
1612 1621 0.5929
1612 1622 0.6613
1612 1623 0.2757
1612 1624 0.5742
1612 1625 0.2416
1612 1626 0.1875
1612 1628 0.2032
1612 1629 0.2282
1612 1630 0.2436
1612 1631 0.1875
1612 1632 0.2536
1612 1633 0.2126
1612 1634 0.4938
1612 1636 0.2777
1612 1637 0.2169
1612 1639 0.4039
1612 1640 0.3511
1612 1643 0.1991
1612 1644 0.1792
1612 1645 0.2318
1612 1646 0.2032
1612 1647 0.2206
1612 1648 0.2141
1612 1649 0.1972
1612 1650 0.1947
1612 1651 0.1875
1612 1653 0.2206
1612 1654 0.1875
1612 1657 0.2141
1612 1658 0.2032
1612 1659 0.2000
1612 1661 0.2141
1612 1662 0.2540
1612 1663 0.1775
1612 1665 0.2384
1612 1667 0.2032
1612 1668 0.2334
1612 1671 0.2282
1612 1672 0.1494
1612 1673 0.2149
1612 1674 0.3144
1612 1675 0.1947
1612 1676 0.1875
1612 1678 0.2586
1612 1679 0.2466
1612 1680 0.2552
1612 1681 0.1494
1612 1683 0.2925
1612 1685 0.2032
1612 1687 0.3389
1612 1689 0.8187
1612 1690 0.2677
1612 1691 0.3267
1612 1692 0.3667
1612 1693 0.1754
1612 1694 0.2282
1612 1696 0.2282
1612 1697 0.2789
1612 1698 0.1947
1612 1700 0.1875
1612 1701 0.1875
1612 1702 0.1875
1612 1703 0.1766
1612 1704 0.1816
1612 1705 0.1878
1612 1707 0.3220
1612 1709 0.2189
1612 1710 0.1875
1612 1711 0.1875
1612 1712 0.8469
1612 1713 0.3436
1612 1714 0.1538
1612 1715 0.1875
1612 1716 0.1875
1612 1717 0.7501
1612 1718 0.3220
1612 1719 0.1875
1612 1720 0.2413
1612 1721 0.1875
1612 1722 0.1875
1612 1724 0.2109
1612 1725 0.2282
1612 1726 0.1875
1612 1728 0.2141
1612 1730 0.2206
1613 1615 0.5938
1613 1616 0.6540
1613 1618 0.4365
1613 1619 0.5938
1613 1620 0.4281
1613 1621 0.6728
1613 1622 0.7900
1613 1623 0.5569
1613 1624 0.7049
1613 1625 0.5159
1613 1626 0.3928
1613 1628 0.3267
1613 1629 0.3732
1613 1630 0.5105
1613 1631 0.3928
1613 1632 0.6911
1613 1633 0.6159
1613 1634 0.7401
1613 1636 0.5253
1613 1637 0.5297
1613 1639 0.5198
1613 1640 0.6256
1613 1643 0.5235
1613 1644 0.3778
1613 1645 0.4680
1613 1646 0.3267
1613 1647 0.3205
1613 1648 0.3700
1613 1649 0.3456
1613 1650 0.3362
1613 1651 0.3928
1613 1653 0.3888
1613 1654 0.3928
1613 1657 0.3700
1613 1658 0.3267
1613 1659 0.4058
1613 1661 0.4616
1613 1662 0.3782
1613 1663 0.3955
1613 1665 0.4843
1613 1667 0.3267
1613 1668 0.7807
1613 1671 0.5924
1613 1672 0.5954
1613 1673 0.4058
1613 1674 0.5964
1613 1675 0.2666
1613 1676 0.3928
1613 1678 0.4908
1613 1679 0.4235
1613 1680 0.4417
1613 1681 0.5954
1613 1683 0.3627
1613 1685 0.3267
1613 1687 0.5845
1613 1689 0.9796
1613 1690 0.5455
1613 1691 0.3951
1613 1692 0.5214
1613 1693 0.4290
1613 1694 0.3887
1613 1696 0.4266
1613 1697 0.4173
1613 1698 0.2666
1613 1700 0.3928
1613 1701 0.3928
1613 1702 0.3928
1613 1703 0.4741
1613 1704 0.5498
1613 1705 0.4138
1613 1707 0.5550
1613 1709 0.4076
1613 1710 0.3928
1613 1711 0.3928
1613 1712 0.9790
1613 1713 0.5870
1613 1714 0.4097
1613 1715 0.3928
1613 1716 0.3928
1613 1717 0.9068
1613 1718 0.4809
1613 1719 0.3928
1613 1720 0.4369
1613 1721 0.3928
1613 1722 0.3928
1613 1724 0.3903
1613 1725 0.3960
1613 1726 0.3928
1613 1728 0.3700
1613 1730 0.4172
1615 1616 0.2024
1615 1618 0.3523
1615 1619 0.1497
1615 1620 0.2071
1615 1621 0.5212
1615 1622 0.6813
1615 1623 0.2824
1615 1624 0.4502
1615 1625 0.2184
1615 1626 0.1598
1615 1628 0.2175
1615 1629 0.1857
1615 1630 0.2253
1615 1631 0.1598
1615 1632 0.2020
1615 1633 0.2397
1615 1634 0.4694
1615 1636 0.2228
1615 1637 0.1846
1615 1639 0.3177
1615 1640 0.4317
1615 1643 0.1888
1615 1644 0.1784
1615 1645 0.1783
1615 1646 0.2071
1615 1647 0.2353
1615 1648 0.1861
1615 1649 0.1630
1615 1650 0.2117
1615 1651 0.1598
1615 1653 0.1752
1615 1654 0.1598
1615 1657 0.1861
1615 1658 0.2071
1615 1659 0.1633
1615 1661 0.1861
1615 1662 0.1657
1615 1663 0.1334
1615 1665 0.1666
1615 1667 0.2071
1615 1668 0.2144
1615 1671 0.1857
1615 1672 0.1799
1615 1673 0.2019
1615 1674 0.2044
1615 1675 0.2117
1615 1676 0.1598
1615 1678 0.2230
1615 1679 0.2419
1615 1680 0.2188
1615 1681 0.1799
1615 1683 0.2099
1615 1685 0.2071
1615 1687 0.1967
1615 1689 0.8878
1615 1690 0.1840
1615 1691 0.2238
1615 1692 0.2586
1615 1693 0.1882
1615 1694 0.1857
1615 1696 0.1857
1615 1697 0.1832
1615 1698 0.2117
1615 1700 0.1598
1615 1701 0.1598
1615 1702 0.1598
1615 1703 0.1782
1615 1704 0.1366
1615 1705 0.1885
1615 1707 0.1907
1615 1709 0.2093
1615 1710 0.1598
1615 1711 0.1598
1615 1712 0.8490
1615 1713 0.1872
1615 1714 0.1221
1615 1715 0.1598
1615 1716 0.1598
1615 1717 0.7686
1615 1718 0.2178
1615 1719 0.1598
1615 1720 0.1852
1615 1721 0.1598
1615 1722 0.1598
1615 1724 0.1707
1615 1725 0.1852
1615 1726 0.1598
1615 1728 0.1861
1615 1730 0.1752
1616 1618 0.3454
1616 1619 0.2024
1616 1620 0.2041
1616 1621 0.5228
1616 1622 0.7078
1616 1623 0.2311
1616 1624 0.4757
1616 1625 0.1859
1616 1626 0.1595
1616 1628 0.2041
1616 1629 0.1833
1616 1630 0.1985
1616 1631 0.1595
1616 1632 0.1991
1616 1633 0.2655
1616 1634 0.5316
1616 1636 0.2368
1616 1637 0.1919
1616 1639 0.2621
1616 1640 0.2522
1616 1643 0.1933
1616 1644 0.1747
1616 1645 0.1924
1616 1646 0.2041
1616 1647 0.1648
1616 1648 0.1831
1616 1649 0.1570
1616 1650 0.2026
1616 1651 0.1595
1616 1653 0.1694
1616 1654 0.1595
1616 1657 0.1831
1616 1658 0.2041
1616 1659 0.1609
1616 1661 0.1831
1616 1662 0.1558
1616 1663 0.1157
1616 1665 0.1576
1616 1667 0.2041
1616 1668 0.1470
1616 1671 0.1833
1616 1672 0.2105
1616 1673 0.1907
1616 1674 0.1945
1616 1675 0.2026
1616 1676 0.1595
1616 1678 0.2204
1616 1679 0.1611
1616 1680 0.1857
1616 1681 0.2105
1616 1683 0.1988
1616 1685 0.2041
1616 1687 0.1856
1616 1689 0.8395
1616 1690 0.1877
1616 1691 0.2073
1616 1692 0.2380
1616 1693 0.1695
1616 1694 0.1833
1616 1696 0.1833
1616 1697 0.1753
1616 1698 0.2026
1616 1700 0.1595
1616 1701 0.1595
1616 1702 0.1595
1616 1703 0.1713
1616 1704 0.1362
1616 1705 0.1812
1616 1707 0.2101
1616 1709 0.1984
1616 1710 0.1595
1616 1711 0.1595
1616 1712 0.8377
1616 1713 0.1821
1616 1714 0.1163
1616 1715 0.1595
1616 1716 0.1595
1616 1717 0.6723
1616 1718 0.2132
1616 1719 0.1595
1616 1720 0.1857
1616 1721 0.1595
1616 1722 0.1595
1616 1724 0.1685
1616 1725 0.1833
1616 1726 0.1595
1616 1728 0.1831
1616 1730 0.1694
1618 1619 0.3523
1618 1620 0.3316
1618 1621 0.6219
1618 1622 0.4108
1618 1623 0.4496
1618 1624 0.5944
1618 1625 0.3285
1618 1626 0.3174
1618 1628 0.3316
1618 1629 0.3095
1618 1630 0.3967
1618 1631 0.3174
1618 1632 0.3855
1618 1633 0.2972
1618 1634 0.2608
1618 1636 0.3967
1618 1637 0.2935
1618 1639 0.3762
1618 1640 0.2410
1618 1643 0.3202
1618 1644 0.3667
1618 1645 0.2865
1618 1646 0.3316
1618 1647 0.3784
1618 1648 0.2935
1618 1649 0.3285
1618 1650 0.3769
1618 1651 0.3174
1618 1653 0.3017
1618 1654 0.3174
1618 1657 0.2935
1618 1658 0.4433
1618 1659 0.3263
1618 1661 0.2935
1618 1662 0.2898
1618 1663 0.3044
1618 1665 0.2964
1618 1667 0.3316
1618 1668 0.3567
1618 1671 0.3250
1618 1672 0.3095
1618 1673 0.3293
1618 1674 0.4953
1618 1675 0.3769
1618 1676 0.3174
1618 1678 0.3685
1618 1679 0.3335
1618 1680 0.4104
1618 1681 0.3095
1618 1683 0.2118
1618 1685 0.3316
1618 1687 0.3076
1618 1689 0.8245
1618 1690 0.3076
1618 1691 0.3811
1618 1692 0.4769
1618 1693 0.3545
1618 1694 0.3095
1618 1696 0.3095
1618 1697 0.3873
1618 1698 0.3769
1618 1700 0.3174
1618 1701 0.3174
1618 1702 0.3174
1618 1703 0.3592
1618 1704 0.2770
1618 1705 0.2734
1618 1707 0.3172
1618 1709 0.4918
1618 1710 0.3174
1618 1711 0.3174
1618 1712 0.8517
1618 1713 0.3503
1618 1714 0.2474
1618 1715 0.3174
1618 1716 0.3174
1618 1717 0.8308
1618 1718 0.3705
1618 1719 0.3174
1618 1720 0.3095
1618 1721 0.3174
1618 1722 0.3174
1618 1724 0.3188
1618 1725 0.3095
1618 1726 0.3174
1618 1728 0.3053
1618 1730 0.3017
1619 1620 0.2071
1619 1621 0.5212
1619 1622 0.6813
1619 1623 0.2824
1619 1624 0.4502
1619 1625 0.2184
1619 1626 0.1598
1619 1628 0.2175
1619 1629 0.1857
1619 1630 0.2253
1619 1631 0.1598
1619 1632 0.2020
1619 1633 0.2397
1619 1634 0.4694
1619 1636 0.2228
1619 1637 0.1846
1619 1639 0.3177
1619 1640 0.4317
1619 1643 0.1888
1619 1644 0.1784
1619 1645 0.1783
1619 1646 0.2071
1619 1647 0.2353
1619 1648 0.1861
1619 1649 0.1630
1619 1650 0.2117
1619 1651 0.1598
1619 1653 0.1752
1619 1654 0.1598
1619 1657 0.1861
1619 1658 0.2071
1619 1659 0.1633
1619 1661 0.1861
1619 1662 0.1657
1619 1663 0.1334
1619 1665 0.1666
1619 1667 0.2071
1619 1668 0.2144
1619 1671 0.1857
1619 1672 0.1799
1619 1673 0.2019
1619 1674 0.2044
1619 1675 0.2117
1619 1676 0.1598
1619 1678 0.2230
1619 1679 0.2419
1619 1680 0.2188
1619 1681 0.1799
1619 1683 0.2099
1619 1685 0.2071
1619 1687 0.1967
1619 1689 0.8878
1619 1690 0.1840
1619 1691 0.2238
1619 1692 0.2586
1619 1693 0.1882
1619 1694 0.1857
1619 1696 0.1857
1619 1697 0.1832
1619 1698 0.2117
1619 1700 0.1598
1619 1701 0.1598
1619 1702 0.1598
1619 1703 0.1782
1619 1704 0.1366
1619 1705 0.1885
1619 1707 0.1907
1619 1709 0.2093
1619 1710 0.1598
1619 1711 0.1598
1619 1712 0.8490
1619 1713 0.1872
1619 1714 0.1221
1619 1715 0.1598
1619 1716 0.1598
1619 1717 0.7686
1619 1718 0.2178
1619 1719 0.1598
1619 1720 0.1852
1619 1721 0.1598
1619 1722 0.1598
1619 1724 0.1707
1619 1725 0.1852
1619 1726 0.1598
1619 1728 0.1861
1619 1730 0.1752
1620 1621 0.4837
1620 1622 0.3215
1620 1623 0.2167
1620 1624 0.3730
1620 1625 0.1910
1620 1626 0.2483
1620 1628 0.1763
1620 1629 0.2033
1620 1630 0.2343
1620 1631 0.2483
1620 1632 0.2066
1620 1633 0.1697
1620 1634 0.3536
1620 1636 0.2218
1620 1637 0.2010
1620 1639 0.1588
1620 1640 0.2231
1620 1643 0.1814
1620 1644 0.1720
1620 1645 0.2025
1620 1646 0.1763
1620 1647 0.2015
1620 1648 0.2010
1620 1649 0.1910
1620 1650 0.1885
1620 1651 0.2483
1620 1653 0.2020
1620 1654 0.2483
1620 1657 0.2010
1620 1658 0.1763
1620 1659 0.1917
1620 1661 0.2010
1620 1662 0.1877
1620 1663 0.1875
1620 1665 0.2340
1620 1667 0.1763
1620 1668 0.1892
1620 1671 0.2033
1620 1672 0.2253
1620 1673 0.2473
1620 1674 0.1982
1620 1675 0.2341
1620 1676 0.2483
1620 1678 0.2313
1620 1679 0.2022
1620 1680 0.2204
1620 1681 0.2253
1620 1683 0.2446
1620 1685 0.1763
1620 1687 0.1996
1620 1689 0.8077
1620 1690 0.2360
1620 1691 0.2072
1620 1692 0.2391
1620 1693 0.1706
1620 1694 0.2033
1620 1696 0.2253
1620 1697 0.2008
1620 1698 0.2341
1620 1700 0.2483
1620 1701 0.2483
1620 1702 0.2483
1620 1703 0.1978
1620 1704 0.2840
1620 1705 0.2376
1620 1707 0.4141
1620 1709 0.2270
1620 1710 0.2483
1620 1711 0.2483
1620 1712 0.9561
1620 1713 0.4667
1620 1714 0.4939
1620 1715 0.2483
1620 1716 0.2483
1620 1717 0.9804
1620 1718 0.2950
1620 1719 0.2483
1620 1720 0.1999
1620 1721 0.2483
1620 1722 0.2483
1620 1724 0.2071
1620 1725 0.2033
1620 1726 0.2483
1620 1728 0.2010
1620 1730 0.1926
1621 1622 0.9302
1621 1623 0.4560
1621 1624 0.7399
1621 1625 0.4559
1621 1626 0.3823
1621 1628 0.4036
1621 1629 0.3618
1621 1630 0.4766
1621 1631 0.3823
1621 1632 0.4642
1621 1633 0.4910
1621 1634 0.4624
1621 1636 0.4957
1621 1637 0.4038
1621 1639 0.5060
1621 1640 0.5837
1621 1643 0.4570
1621 1644 0.4046
1621 1645 0.3867
1621 1646 0.4036
1621 1647 0.4365
1621 1648 0.3604
1621 1649 0.4355
1621 1650 0.3984
1621 1651 0.3823
1621 1653 0.3487
1621 1654 0.3823
1621 1657 0.3604
1621 1658 0.4036
1621 1659 0.3831
1621 1661 0.3604
1621 1662 0.3298
1621 1663 0.2891
1621 1665 0.5059
1621 1667 0.4036
1621 1668 0.5805
1621 1671 0.3618
1621 1672 0.4931
1621 1673 0.4645
1621 1674 0.4943
1621 1675 0.3984
1621 1676 0.3823
1621 1678 0.4323
1621 1679 0.3799
1621 1680 0.5399
1621 1681 0.4931
1621 1683 0.4158
1621 1685 0.4036
1621 1687 0.4915
1621 1689 0.8641
1621 1690 0.5095
1621 1691 0.4305
1621 1692 0.3914
1621 1693 0.4450
1621 1694 0.4505
1621 1696 0.3618
1621 1697 0.3576
1621 1698 0.3984
1621 1700 0.3823
1621 1701 0.3823
1621 1702 0.3823
1621 1703 0.3943
1621 1704 0.3510
1621 1705 0.3520
1621 1707 0.4938
1621 1709 0.4381
1621 1710 0.3823
1621 1711 0.3823
1621 1712 0.9748
1621 1713 0.7402
1621 1714 0.2865
1621 1715 0.3823
1621 1716 0.3823
1621 1717 0.9374
1621 1718 0.5061
1621 1719 0.3823
1621 1720 0.4791
1621 1721 0.3823
1621 1722 0.3823
1621 1724 0.3782
1621 1725 0.3618
1621 1726 0.3823
1621 1728 0.3604
1621 1730 0.4307
1622 1623 0.7543
1622 1624 0.7284
1622 1625 0.6570
1622 1626 0.3215
1622 1628 0.2919
1622 1629 0.3215
1622 1630 0.6098
1622 1631 0.3215
1622 1632 0.3666
1622 1633 0.8429
1622 1634 0.8961
1622 1636 0.8758
1622 1637 0.3139
1622 1639 0.8192
1622 1640 0.7446
1622 1643 0.3215
1622 1644 0.3215
1622 1645 0.6377
1622 1646 0.3215
1622 1647 0.4643
1622 1648 0.3215
1622 1649 0.2901
1622 1650 0.3215
1622 1651 0.3215
1622 1653 0.1801
1622 1654 0.3215
1622 1657 0.3215
1622 1658 0.2184
1622 1659 0.1932
1622 1661 0.3215
1622 1662 0.1642
1622 1663 0.8164
1622 1665 0.1665
1622 1667 0.3215
1622 1668 0.7263
1622 1671 0.2035
1622 1672 0.6110
1622 1673 0.1750
1622 1674 0.7540
1622 1675 0.2137
1622 1676 0.3215
1622 1678 0.2487
1622 1679 0.3874
1622 1680 0.3984
1622 1681 0.6110
1622 1683 0.2135
1622 1685 0.3215
1622 1687 0.7411
1622 1689 0.8894
1622 1690 0.2205
1622 1691 0.3855
1622 1692 0.2730
1622 1693 0.3005
1622 1694 0.4751
1622 1696 0.3215
1622 1697 0.1490
1622 1698 0.2137
1622 1700 0.3215
1622 1701 0.3215
1622 1702 0.3215
1622 1703 0.4186
1622 1704 0.7572
1622 1705 0.1668
1622 1707 0.5219
1622 1709 0.3809
1622 1710 0.3215
1622 1711 0.3215
1622 1712 0.9606
1622 1713 0.8041
1622 1714 0.1946
1622 1715 0.3215
1622 1716 0.3215
1622 1717 0.9198
1622 1718 0.5155
1622 1719 0.3215
1622 1720 0.6943
1622 1721 0.3215
1622 1722 0.3215
1622 1724 0.1682
1622 1725 0.4239
1622 1726 0.3215
1622 1728 0.3215
1622 1730 0.3215
1623 1624 0.4996
1623 1625 0.2162
1623 1626 0.1634
1623 1628 0.2167
1623 1629 0.2138
1623 1630 0.2447
1623 1631 0.1634
1623 1632 0.2327
1623 1633 0.1791
1623 1634 0.2853
1623 1636 0.2447
1623 1637 0.2395
1623 1639 0.2008
1623 1640 0.3607
1623 1643 0.2117
1623 1644 0.2000
1623 1645 0.2084
1623 1646 0.2167
1623 1647 0.2912
1623 1648 0.2395
1623 1649 0.2162
1623 1650 0.2036
1623 1651 0.1634
1623 1653 0.2128
1623 1654 0.1634
1623 1657 0.2395
1623 1658 0.2167
1623 1659 0.2169
1623 1661 0.2395
1623 1662 0.2234
1623 1663 0.1932
1623 1665 0.3371
1623 1667 0.2167
1623 1668 0.2001
1623 1671 0.2138
1623 1672 0.2248
1623 1673 0.2563
1623 1674 0.2517
1623 1675 0.2036
1623 1676 0.1634
1623 1678 0.2454
1623 1679 0.2806
1623 1680 0.2504
1623 1681 0.2248
1623 1683 0.2874
1623 1685 0.2167
1623 1687 0.2323
1623 1689 0.8056
1623 1690 0.2672
1623 1691 0.2378
1623 1692 0.2740
1623 1693 0.1982
1623 1694 0.2138
1623 1696 0.2138
1623 1697 0.2497
1623 1698 0.2036
1623 1700 0.1634
1623 1701 0.1634
1623 1702 0.1634
1623 1703 0.1996
1623 1704 0.2201
1623 1705 0.1824
1623 1707 0.2692
1623 1709 0.2344
1623 1710 0.1634
1623 1711 0.1634
1623 1712 0.9262
1623 1713 0.2967
1623 1714 0.1697
1623 1715 0.1634
1623 1716 0.1634
1623 1717 0.8549
1623 1718 0.3170
1623 1719 0.1634
1623 1720 0.2138
1623 1721 0.1634
1623 1722 0.1634
1623 1724 0.2253
1623 1725 0.2138
1623 1726 0.1634
1623 1728 0.2395
1623 1730 0.2128
1624 1625 0.4162
1624 1626 0.3385
1624 1628 0.3730
1624 1629 0.3363
1624 1630 0.4976
1624 1631 0.3385
1624 1632 0.4660
1624 1633 0.4425
1624 1634 0.7295
1624 1636 0.5082
1624 1637 0.4623
1624 1639 0.5957
1624 1640 0.5905
1624 1643 0.3654
1624 1644 0.4850
1624 1645 0.4712
1624 1646 0.4306
1624 1647 0.4376
1624 1648 0.3786
1624 1649 0.4300
1624 1650 0.3593
1624 1651 0.3385
1624 1653 0.3297
1624 1654 0.3385
1624 1657 0.3786
1624 1658 0.3730
1624 1659 0.3468
1624 1661 0.3786
1624 1662 0.5282
1624 1663 0.3461
1624 1665 0.4485
1624 1667 0.3730
1624 1668 0.3351
1624 1671 0.3363
1624 1672 0.4599
1624 1673 0.4818
1624 1674 0.6575
1624 1675 0.4051
1624 1676 0.3385
1624 1678 0.3847
1624 1679 0.3949
1624 1680 0.4229
1624 1681 0.4599
1624 1683 0.3809
1624 1685 0.3730
1624 1687 0.4348
1624 1689 0.8616
1624 1690 0.4650
1624 1691 0.4525
1624 1692 0.4833
1624 1693 0.3921
1624 1694 0.3363
1624 1696 0.3363
1624 1697 0.4632
1624 1698 0.4051
1624 1700 0.3385
1624 1701 0.3385
1624 1702 0.3385
1624 1703 0.4032
1624 1704 0.5114
1624 1705 0.3154
1624 1707 0.3714
1624 1709 0.4634
1624 1710 0.3385
1624 1711 0.3385
1624 1712 0.8551
1624 1713 0.3580
1624 1714 0.2439
1624 1715 0.3385
1624 1716 0.3385
1624 1717 0.7043
1624 1718 0.3794
1624 1719 0.3385
1624 1720 0.4499
1624 1721 0.3385
1624 1722 0.3385
1624 1724 0.3833
1624 1725 0.3363
1624 1726 0.3385
1624 1728 0.3786
1624 1730 0.3297
1625 1626 0.1372
1625 1628 0.1910
1625 1629 0.1787
1625 1630 0.2110
1625 1631 0.1372
1625 1632 0.2040
1625 1633 0.2371
1625 1634 0.2680
1625 1636 0.2110
1625 1637 0.1958
1625 1639 0.2016
1625 1640 0.2946
1625 1643 0.1894
1625 1644 0.1754
1625 1645 0.1892
1625 1646 0.1910
1625 1647 0.1776
1625 1648 0.1958
1625 1649 0.1721
1625 1650 0.1759
1625 1651 0.1372
1625 1653 0.1760
1625 1654 0.1372
1625 1657 0.1958
1625 1658 0.1910
1625 1659 0.1783
1625 1661 0.1958
1625 1662 0.1722
1625 1663 0.1482
1625 1665 0.2033
1625 1667 0.1910
1625 1668 0.1338
1625 1671 0.1787
1625 1672 0.1860
1625 1673 0.1966
1625 1674 0.2138
1625 1675 0.1759
1625 1676 0.1372
1625 1678 0.2083
1625 1679 0.1718
1625 1680 0.1903
1625 1681 0.1860
1625 1683 0.3525
1625 1685 0.1910
1625 1687 0.1808
1625 1689 0.8107
1625 1690 0.2121
1625 1691 0.1958
1625 1692 0.2275
1625 1693 0.1691
1625 1694 0.1787
1625 1696 0.1787
1625 1697 0.1773
1625 1698 0.1759
1625 1700 0.1372
1625 1701 0.1372
1625 1702 0.1372
1625 1703 0.1738
1625 1704 0.1635
1625 1705 0.1719
1625 1707 0.1929
1625 1709 0.2114
1625 1710 0.1372
1625 1711 0.1372
1625 1712 0.8912
1625 1713 0.2152
1625 1714 0.1182
1625 1715 0.1372
1625 1716 0.1372
1625 1717 0.8812
1625 1718 0.2660
1625 1719 0.1372
1625 1720 0.1787
1625 1721 0.1372
1625 1722 0.1372
1625 1724 0.1630
1625 1725 0.1787
1625 1726 0.1372
1625 1728 0.1958
1625 1730 0.1760
1626 1628 0.2483
1626 1629 0.2218
1626 1630 0.1515
1626 1631 0.1037
1626 1632 0.1970
1626 1633 0.2365
1626 1634 0.1402
1626 1636 0.1515
1626 1637 0.2056
1626 1639 0.1497
1626 1640 0.1682
1626 1643 0.2457
1626 1644 0.1681
1626 1645 0.1466
1626 1646 0.2483
1626 1647 0.1848
1626 1648 0.2056
1626 1649 0.1372
1626 1650 0.1411
1626 1651 0.1037
1626 1653 0.2198
1626 1654 0.1037
1626 1657 0.2056
1626 1658 0.2483
1626 1659 0.1376
1626 1661 0.2056
1626 1662 0.1710
1626 1663 0.1540
1626 1665 0.1864
1626 1667 0.2483
1626 1668 0.1601
1626 1671 0.2218
1626 1672 0.2218
1626 1673 0.2006
1626 1674 0.1793
1626 1675 0.1411
1626 1676 0.1037
1626 1678 0.2464
1626 1679 0.2820
1626 1680 0.1774
1626 1681 0.2218
1626 1683 0.3291
1626 1685 0.2483
1626 1687 0.1759
1626 1689 0.8645
1626 1690 0.1589
1626 1691 0.1386
1626 1692 0.1548
1626 1693 0.1690
1626 1694 0.2218
1626 1696 0.2218
1626 1697 0.2632
1626 1698 0.1411
1626 1700 0.1037
1626 1701 0.1037
1626 1702 0.1037
1626 1703 0.1676
1626 1704 0.2360
1626 1705 0.1633
1626 1707 0.3187
1626 1709 0.1983
1626 1710 0.1037
1626 1711 0.1037
1626 1712 0.8494
1626 1713 0.2914
1626 1714 0.2537
1626 1715 0.1037
1626 1716 0.1037
1626 1717 0.7276
1626 1718 0.1428
1626 1719 0.1037
1626 1720 0.2218
1626 1721 0.1037
1626 1722 0.1037
1626 1724 0.1598
1626 1725 0.2218
1626 1726 0.1037
1626 1728 0.2056
1626 1730 0.2198
1628 1629 0.2033
1628 1630 0.2218
1628 1631 0.2483
1628 1632 0.1985
1628 1633 0.2187
1628 1634 0.1384
1628 1636 0.2343
1628 1637 0.2010
1628 1639 0.1588
1628 1640 0.3617
1628 1643 0.1779
1628 1644 0.1720
1628 1645 0.2025
1628 1646 0.1763
1628 1647 0.2235
1628 1648 0.2010
1628 1649 0.1910
1628 1650 0.1885
1628 1651 0.2483
1628 1653 0.2020
1628 1654 0.2483
1628 1657 0.2010
1628 1658 0.1763
1628 1659 0.1917
1628 1661 0.2010
1628 1662 0.1877
1628 1663 0.1645
1628 1665 0.2340
1628 1667 0.1763
1628 1668 0.1464
1628 1671 0.2033
1628 1672 0.2033
1628 1673 0.2473
1628 1674 0.1982
1628 1675 0.1885
1628 1676 0.2483
1628 1678 0.2313
1628 1679 0.2028
1628 1680 0.2319
1628 1681 0.2033
1628 1683 0.2446
1628 1685 0.1763
1628 1687 0.1996
1628 1689 0.8207
1628 1690 0.2100
1628 1691 0.2072
1628 1692 0.2391
1628 1693 0.1706
1628 1694 0.2033
1628 1696 0.2033
1628 1697 0.2008
1628 1698 0.1885
1628 1700 0.2483
1628 1701 0.2483
1628 1702 0.2483
1628 1703 0.1717
1628 1704 0.1801
1628 1705 0.1653
1628 1707 0.2295
1628 1709 0.1999
1628 1710 0.2483
1628 1711 0.2483
1628 1712 0.8494
1628 1713 0.2631
1628 1714 0.1844
1628 1715 0.2483
1628 1716 0.2483
1628 1717 0.7276
1628 1718 0.2172
1628 1719 0.2483
1628 1720 0.2033
1628 1721 0.2483
1628 1722 0.2483
1628 1724 0.2071
1628 1725 0.2033
1628 1726 0.2483
1628 1728 0.2010
1628 1730 0.2020
1629 1630 0.2091
1629 1631 0.2218
1629 1632 0.2206
1629 1633 0.2086
1629 1634 0.1790
1629 1636 0.2091
1629 1637 0.1821
1629 1639 0.1417
1629 1640 0.1828
1629 1643 0.1988
1629 1644 0.1912
1629 1645 0.1943
1629 1646 0.2033
1629 1647 0.1788
1629 1648 0.1821
1629 1649 0.1787
1629 1650 0.1875
1629 1651 0.2218
1629 1653 0.1889
1629 1654 0.2218
1629 1657 0.1821
1629 1658 0.2033
1629 1659 0.1814
1629 1661 0.1821
1629 1662 0.1708
1629 1663 0.1447
1629 1665 0.1958
1629 1667 0.2033
1629 1668 0.1608
1629 1671 0.1877
1629 1672 0.1877
1629 1673 0.2338
1629 1674 0.2194
1629 1675 0.1875
1629 1676 0.2218
1629 1678 0.2264
1629 1679 0.1749
1629 1680 0.2127
1629 1681 0.1877
1629 1683 0.2174
1629 1685 0.2033
1629 1687 0.1763
1629 1689 0.8645
1629 1690 0.1911
1629 1691 0.1875
1629 1692 0.2207
1629 1693 0.1870
1629 1694 0.1877
1629 1696 0.1877
1629 1697 0.2360
1629 1698 0.1875
1629 1700 0.2218
1629 1701 0.2218
1629 1702 0.2218
1629 1703 0.1879
1629 1704 0.2081
1629 1705 0.1688
1629 1707 0.1986
1629 1709 0.2221
1629 1710 0.2218
1629 1711 0.2218
1629 1712 0.8494
1629 1713 0.2334
1629 1714 0.1474
1629 1715 0.2218
1629 1716 0.2218
1629 1717 0.7276
1629 1718 0.1896
1629 1719 0.2218
1629 1720 0.1877
1629 1721 0.2218
1629 1722 0.2218
1629 1724 0.1857
1629 1725 0.1877
1629 1726 0.2218
1629 1728 0.1821
1629 1730 0.1889
1630 1631 0.1515
1630 1632 0.2466
1630 1633 0.2080
1630 1634 0.1858
1630 1636 0.2358
1630 1637 0.2296
1630 1639 0.2174
1630 1640 0.2355
1630 1643 0.2235
1630 1644 0.2101
1630 1645 0.2197
1630 1646 0.2218
1630 1647 0.3027
1630 1648 0.2296
1630 1649 0.2708
1630 1650 0.2167
1630 1651 0.1515
1630 1653 0.2315
1630 1654 0.1515
1630 1657 0.2296
1630 1658 0.2218
1630 1659 0.2321
1630 1661 0.2296
1630 1662 0.2043
1630 1663 0.3736
1630 1665 0.2451
1630 1667 0.2218
1630 1668 0.4069
1630 1671 0.2091
1630 1672 0.2091
1630 1673 0.3479
1630 1674 0.2854
1630 1675 0.1929
1630 1676 0.1515
1630 1678 0.2378
1630 1679 0.4552
1630 1680 0.3007
1630 1681 0.2091
1630 1683 0.3179
1630 1685 0.2218
1630 1687 0.2788
1630 1689 0.9448
1630 1690 0.4065
1630 1691 0.2951
1630 1692 0.3483
1630 1693 0.2693
1630 1694 0.2215
1630 1696 0.1879
1630 1697 0.2531
1630 1698 0.1929
1630 1700 0.1515
1630 1701 0.1515
1630 1702 0.1515
1630 1703 0.2360
1630 1704 0.1559
1630 1705 0.2402
1630 1707 0.3258
1630 1709 0.2483
1630 1710 0.1515
1630 1711 0.1515
1630 1712 0.9736
1630 1713 0.4483
1630 1714 0.3874
1630 1715 0.1515
1630 1716 0.1515
1630 1717 0.9240
1630 1718 0.2558
1630 1719 0.1515
1630 1720 0.2091
1630 1721 0.1515
1630 1722 0.1515
1630 1724 0.2215
1630 1725 0.2091
1630 1726 0.1515
1630 1728 0.2296
1630 1730 0.2231
1631 1632 0.1970
1631 1633 0.2365
1631 1634 0.1402
1631 1636 0.1515
1631 1637 0.2056
1631 1639 0.1497
1631 1640 0.1682
1631 1643 0.2457
1631 1644 0.1681
1631 1645 0.1466
1631 1646 0.2483
1631 1647 0.1848
1631 1648 0.2056
1631 1649 0.1372
1631 1650 0.1411
1631 1651 0.1037
1631 1653 0.2198
1631 1654 0.1037
1631 1657 0.2056
1631 1658 0.2483
1631 1659 0.1376
1631 1661 0.2056
1631 1662 0.1710
1631 1663 0.1540
1631 1665 0.1864
1631 1667 0.2483
1631 1668 0.1601
1631 1671 0.2218
1631 1672 0.2218
1631 1673 0.2006
1631 1674 0.1793
1631 1675 0.1411
1631 1676 0.1037
1631 1678 0.2464
1631 1679 0.2820
1631 1680 0.1774
1631 1681 0.2218
1631 1683 0.3291
1631 1685 0.2483
1631 1687 0.1759
1631 1689 0.8645
1631 1690 0.1589
1631 1691 0.1386
1631 1692 0.1548
1631 1693 0.1690
1631 1694 0.2218
1631 1696 0.2218
1631 1697 0.2632
1631 1698 0.1411
1631 1700 0.1037
1631 1701 0.1037
1631 1702 0.1037
1631 1703 0.1676
1631 1704 0.2360
1631 1705 0.1633
1631 1707 0.3187
1631 1709 0.1983
1631 1710 0.1037
1631 1711 0.1037
1631 1712 0.8494
1631 1713 0.2914
1631 1714 0.2537
1631 1715 0.1037
1631 1716 0.1037
1631 1717 0.7276
1631 1718 0.1428
1631 1719 0.1037
1631 1720 0.2218
1631 1721 0.1037
1631 1722 0.1037
1631 1724 0.1598
1631 1725 0.2218
1631 1726 0.1037
1631 1728 0.2056
1631 1730 0.2198
1632 1633 0.1789
1632 1634 0.5716
1632 1636 0.2466
1632 1637 0.2211
1632 1639 0.1912
1632 1640 0.2170
1632 1643 0.1958
1632 1644 0.1939
1632 1645 0.2057
1632 1646 0.1985
1632 1647 0.2200
1632 1648 0.2211
1632 1649 0.2040
1632 1650 0.1856
1632 1651 0.1970
1632 1653 0.2017
1632 1654 0.1970
1632 1657 0.2211
1632 1658 0.1985
1632 1659 0.2023
1632 1661 0.2211
1632 1662 0.2120
1632 1663 0.1958
1632 1665 0.2236
1632 1667 0.1985
1632 1668 0.1753
1632 1671 0.2206
1632 1672 0.2075
1632 1673 0.2517
1632 1674 0.2101
1632 1675 0.2755
1632 1676 0.1970
1632 1678 0.2546
1632 1679 0.2190
1632 1680 0.3001
1632 1681 0.2075
1632 1683 0.2627
1632 1685 0.1985
1632 1687 0.2398
1632 1689 0.8929
1632 1690 0.2927
1632 1691 0.2790
1632 1692 0.3383
1632 1693 0.2186
1632 1694 0.2206
1632 1696 0.2206
1632 1697 0.2048
1632 1698 0.2755
1632 1700 0.1970
1632 1701 0.1970
1632 1702 0.1970
1632 1703 0.2465
1632 1704 0.2360
1632 1705 0.2812
1632 1707 0.4545
1632 1709 0.2274
1632 1710 0.1970
1632 1711 0.1970
1632 1712 0.9890
1632 1713 0.6980
1632 1714 0.5023
1632 1715 0.1970
1632 1716 0.1970
1632 1717 0.9508
1632 1718 0.2979
1632 1719 0.1970
1632 1720 0.2206
1632 1721 0.1970
1632 1722 0.1970
1632 1724 0.2020
1632 1725 0.2075
1632 1726 0.1970
1632 1728 0.2211
1632 1730 0.2286
1633 1634 0.4171
1633 1636 0.1737
1633 1637 0.2214
1633 1639 0.2850
1633 1640 0.5631
1633 1643 0.1713
1633 1644 0.1424
1633 1645 0.1791
1633 1646 0.1804
1633 1647 0.1666
1633 1648 0.2193
1633 1649 0.1639
1633 1650 0.1362
1633 1651 0.2365
1633 1653 0.2002
1633 1654 0.2365
1633 1657 0.2193
1633 1658 0.1804
1633 1659 0.1597
1633 1661 0.2193
1633 1662 0.1252
1633 1663 0.1234
1633 1665 0.1539
1633 1667 0.1804
1633 1668 0.3264
1633 1671 0.2086
1633 1672 0.2416
1633 1673 0.1442
1633 1674 0.3103
1633 1675 0.1365
1633 1676 0.2365
1633 1678 0.2492
1633 1679 0.1595
1633 1680 0.1881
1633 1681 0.2416
1633 1683 0.1979
1633 1685 0.1804
1633 1687 0.1646
1633 1689 0.9021
1633 1690 0.1681
1633 1691 0.1701
1633 1692 0.1648
1633 1693 0.1334
1633 1694 0.1985
1633 1696 0.2086
1633 1697 0.1386
1633 1698 0.1365
1633 1700 0.2365
1633 1701 0.2365
1633 1702 0.2365
1633 1703 0.1606
1633 1704 0.1301
1633 1705 0.1336
1633 1707 0.1548
1633 1709 0.2058
1633 1710 0.2365
1633 1711 0.2365
1633 1712 0.9595
1633 1713 0.2241
1633 1714 0.1488
1633 1715 0.2365
1633 1716 0.2365
1633 1717 0.8883
1633 1718 0.2175
1633 1719 0.2365
1633 1720 0.2086
1633 1721 0.2365
1633 1722 0.2365
1633 1724 0.1458
1633 1725 0.2086
1633 1726 0.2365
1633 1728 0.2193
1633 1730 0.1911
1634 1636 0.2695
1634 1637 0.2029
1634 1639 0.3691
1634 1640 0.3674
1634 1643 0.3328
1634 1644 0.1958
1634 1645 0.2571
1634 1646 0.1539
1634 1647 0.1812
1634 1648 0.1640
1634 1649 0.1937
1634 1650 0.2508
1634 1651 0.1402
1634 1653 0.2081
1634 1654 0.1402
1634 1657 0.1640
1634 1658 0.1539
1634 1659 0.1250
1634 1661 0.1640
1634 1662 0.1222
1634 1663 0.1955
1634 1665 0.2481
1634 1667 0.1539
1634 1668 0.1801
1634 1671 0.1790
1634 1672 0.4978
1634 1673 0.1816
1634 1674 0.3255
1634 1675 0.1477
1634 1676 0.1402
1634 1678 0.1949
1634 1679 0.1885
1634 1680 0.1853
1634 1681 0.4978
1634 1683 0.1712
1634 1685 0.1539
1634 1687 0.2064
1634 1689 0.8170
1634 1690 0.1867
1634 1691 0.2870
1634 1692 0.1951
1634 1693 0.1815
1634 1694 0.1661
1634 1696 0.4327
1634 1697 0.1217
1634 1698 0.1477
1634 1700 0.1402
1634 1701 0.1402
1634 1702 0.1402
1634 1703 0.1997
1634 1704 0.3792
1634 1705 0.1151
1634 1707 0.2576
1634 1709 0.1244
1634 1710 0.1402
1634 1711 0.1402
1634 1712 0.9747
1634 1713 0.2335
1634 1714 0.1263
1634 1715 0.1402
1634 1716 0.1402
1634 1717 0.9587
1634 1718 0.2066
1634 1719 0.1402
1634 1720 0.2480
1634 1721 0.1402
1634 1722 0.1402
1634 1724 0.1589
1634 1725 0.1713
1634 1726 0.1402
1634 1728 0.1640
1634 1730 0.3788
1636 1637 0.2296
1636 1639 0.1607
1636 1640 0.2674
1636 1643 0.2083
1636 1644 0.2101
1636 1645 0.2197
1636 1646 0.2218
1636 1647 0.2892
1636 1648 0.2296
1636 1649 0.2110
1636 1650 0.2167
1636 1651 0.1515
1636 1653 0.2074
1636 1654 0.1515
1636 1657 0.2296
1636 1658 0.2218
1636 1659 0.2125
1636 1661 0.2296
1636 1662 0.2183
1636 1663 0.1851
1636 1665 0.2449
1636 1667 0.2218
1636 1668 0.1739
1636 1671 0.2091
1636 1672 0.2215
1636 1673 0.2491
1636 1674 0.2718
1636 1675 0.2167
1636 1676 0.1515
1636 1678 0.2378
1636 1679 0.2945
1636 1680 0.2384
1636 1681 0.2215
1636 1683 0.2683
1636 1685 0.2218
1636 1687 0.2534
1636 1689 0.8426
1636 1690 0.2630
1636 1691 0.2266
1636 1692 0.2673
1636 1693 0.2079
1636 1694 0.2091
1636 1696 0.2091
1636 1697 0.2301
1636 1698 0.2167
1636 1700 0.1515
1636 1701 0.1515
1636 1702 0.1515
1636 1703 0.2093
1636 1704 0.2016
1636 1705 0.1958
1636 1707 0.2458
1636 1709 0.2483
1636 1710 0.1515
1636 1711 0.1515
1636 1712 0.8494
1636 1713 0.2733
1636 1714 0.1609
1636 1715 0.1515
1636 1716 0.1515
1636 1717 0.7276
1636 1718 0.2329
1636 1719 0.1515
1636 1720 0.2091
1636 1721 0.1515
1636 1722 0.1515
1636 1724 0.1992
1636 1725 0.2091
1636 1726 0.1515
1636 1728 0.2296
1636 1730 0.2074
1637 1639 0.2222
1637 1640 0.2374
1637 1643 0.1999
1637 1644 0.1954
1637 1645 0.2158
1637 1646 0.2010
1637 1647 0.1759
1637 1648 0.2071
1637 1649 0.1958
1637 1650 0.2071
1637 1651 0.2056
1637 1653 0.1810
1637 1654 0.2056
1637 1657 0.2071
1637 1658 0.2010
1637 1659 0.1968
1637 1661 0.2071
1637 1662 0.1564
1637 1663 0.1367
1637 1665 0.2280
1637 1667 0.2010
1637 1668 0.1933
1637 1671 0.1821
1637 1672 0.1894
1637 1673 0.2893
1637 1674 0.2215
1637 1675 0.2071
1637 1676 0.2056
1637 1678 0.1995
1637 1679 0.1996
1637 1680 0.2008
1637 1681 0.1894
1637 1683 0.2408
1637 1685 0.2010
1637 1687 0.1979
1637 1689 0.7885
1637 1690 0.1761
1637 1691 0.2057
1637 1692 0.2392
1637 1693 0.1937
1637 1694 0.1821
1637 1696 0.1821
1637 1697 0.2415
1637 1698 0.2071
1637 1700 0.2056
1637 1701 0.2056
1637 1702 0.2056
1637 1703 0.1947
1637 1704 0.2189
1637 1705 0.1907
1637 1707 0.2252
1637 1709 0.2228
1637 1710 0.2056
1637 1711 0.2056
1637 1712 0.8494
1637 1713 0.1880
1637 1714 0.1847
1637 1715 0.2056
1637 1716 0.2056
1637 1717 0.7276
1637 1718 0.2377
1637 1719 0.2056
1637 1720 0.1821
1637 1721 0.2056
1637 1722 0.2056
1637 1724 0.1861
1637 1725 0.1821
1637 1726 0.2056
1637 1728 0.2071
1637 1730 0.1810
1639 1640 0.3852
1639 1643 0.1527
1639 1644 0.1518
1639 1645 0.1407
1639 1646 0.1588
1639 1647 0.2093
1639 1648 0.1504
1639 1649 0.1305
1639 1650 0.1451
1639 1651 0.1497
1639 1653 0.1344
1639 1654 0.1497
1639 1657 0.1504
1639 1658 0.1588
1639 1659 0.1521
1639 1661 0.1504
1639 1662 0.1119
1639 1663 0.1228
1639 1665 0.1246
1639 1667 0.1588
1639 1668 0.3027
1639 1671 0.1342
1639 1672 0.2107
1639 1673 0.1497
1639 1674 0.1575
1639 1675 0.1681
1639 1676 0.1497
1639 1678 0.1661
1639 1679 0.1805
1639 1680 0.1782
1639 1681 0.2107
1639 1683 0.1829
1639 1685 0.1588
1639 1687 0.1306
1639 1689 0.9287
1639 1690 0.1585
1639 1691 0.1784
1639 1692 0.2445
1639 1693 0.1581
1639 1694 0.1417
1639 1696 0.1417
1639 1697 0.1383
1639 1698 0.1681
1639 1700 0.1497
1639 1701 0.1497
1639 1702 0.1497
1639 1703 0.1515
1639 1704 0.1107
1639 1705 0.1168
1639 1707 0.1483
1639 1709 0.1639
1639 1710 0.1497
1639 1711 0.1497
1639 1712 0.9591
1639 1713 0.2318
1639 1714 0.1592
1639 1715 0.1497
1639 1716 0.1497
1639 1717 0.9392
1639 1718 0.3628
1639 1719 0.1497
1639 1720 0.1417
1639 1721 0.1497
1639 1722 0.1497
1639 1724 0.1308
1639 1725 0.2437
1639 1726 0.1497
1639 1728 0.1504
1639 1730 0.1385
1640 1643 0.2087
1640 1644 0.1886
1640 1645 0.1892
1640 1646 0.2231
1640 1647 0.2790
1640 1648 0.2374
1640 1649 0.1638
1640 1650 0.1903
1640 1651 0.1682
1640 1653 0.2147
1640 1654 0.1682
1640 1657 0.2374
1640 1658 0.2231
1640 1659 0.1679
1640 1661 0.2374
1640 1662 0.1480
1640 1663 0.1875
1640 1665 0.1395
1640 1667 0.2231
1640 1668 0.3713
1640 1671 0.1828
1640 1672 0.2187
1640 1673 0.2290
1640 1674 0.2983
1640 1675 0.1903
1640 1676 0.1682
1640 1678 0.2430
1640 1679 0.2579
1640 1680 0.2254
1640 1681 0.2187
1640 1683 0.1899
1640 1685 0.2231
1640 1687 0.1959
1640 1689 0.9578
1640 1690 0.2390
1640 1691 0.2044
1640 1692 0.3344
1640 1693 0.2415
1640 1694 0.1679
1640 1696 0.1828
1640 1697 0.1589
1640 1698 0.1903
1640 1700 0.1682
1640 1701 0.1682
1640 1702 0.1682
1640 1703 0.1856
1640 1704 0.1043
1640 1705 0.1122
1640 1707 0.2129
1640 1709 0.2684
1640 1710 0.1682
1640 1711 0.1682
1640 1712 0.7966
1640 1713 0.1674
1640 1714 0.0981
1640 1715 0.1682
1640 1716 0.1682
1640 1717 0.7099
1640 1718 0.2075
1640 1719 0.1682
1640 1720 0.1828
1640 1721 0.1682
1640 1722 0.1682
1640 1724 0.1708
1640 1725 0.1679
1640 1726 0.1682
1640 1728 0.2374
1640 1730 0.1758
1643 1644 0.1745
1643 1645 0.1880
1643 1646 0.1779
1643 1647 0.1918
1643 1648 0.1999
1643 1649 0.1894
1643 1650 0.1800
1643 1651 0.2457
1643 1653 0.1971
1643 1654 0.2457
1643 1657 0.1999
1643 1658 0.1779
1643 1659 0.1905
1643 1661 0.1999
1643 1662 0.1743
1643 1663 0.1826
1643 1665 0.2212
1643 1667 0.1779
1643 1668 0.1852
1643 1671 0.1988
1643 1672 0.2044
1643 1673 0.2339
1643 1674 0.2101
1643 1675 0.2093
1643 1676 0.2457
1643 1678 0.2335
1643 1679 0.1899
1643 1680 0.2056
1643 1681 0.2044
1643 1683 0.2331
1643 1685 0.1779
1643 1687 0.1900
1643 1689 0.8776
1643 1690 0.1962
1643 1691 0.1985
1643 1692 0.2255
1643 1693 0.1740
1643 1694 0.1988
1643 1696 0.2044
1643 1697 0.1695
1643 1698 0.2093
1643 1700 0.2457
1643 1701 0.2457
1643 1702 0.2457
1643 1703 0.2011
1643 1704 0.3017
1643 1705 0.4388
1643 1707 0.3354
1643 1709 0.2015
1643 1710 0.2457
1643 1711 0.2457
1643 1712 0.9907
1643 1713 0.3158
1643 1714 0.5601
1643 1715 0.2457
1643 1716 0.2457
1643 1717 0.7759
1643 1718 0.2380
1643 1719 0.2457
1643 1720 0.2044
1643 1721 0.2457
1643 1722 0.2457
1643 1724 0.1888
1643 1725 0.1988
1643 1726 0.2457
1643 1728 0.1999
1643 1730 0.1942
1644 1645 0.1970
1644 1646 0.1720
1644 1647 0.3325
1644 1648 0.1954
1644 1649 0.2371
1644 1650 0.1996
1644 1651 0.1681
1644 1653 0.1857
1644 1654 0.1681
1644 1657 0.1954
1644 1658 0.1720
1644 1659 0.1741
1644 1661 0.1954
1644 1662 0.1660
1644 1663 0.1318
1644 1665 0.1892
1644 1667 0.1720
1644 1668 0.1631
1644 1671 0.1912
1644 1672 0.1912
1644 1673 0.2208
1644 1674 0.1872
1644 1675 0.1727
1644 1676 0.1681
1644 1678 0.2200
1644 1679 0.1687
1644 1680 0.2042
1644 1681 0.1912
1644 1683 0.2639
1644 1685 0.1720
1644 1687 0.2249
1644 1689 0.8559
1644 1690 0.2137
1644 1691 0.2437
1644 1692 0.2809
1644 1693 0.1603
1644 1694 0.1912
1644 1696 0.1912
1644 1697 0.1806
1644 1698 0.1727
1644 1700 0.1681
1644 1701 0.1681
1644 1702 0.1681
1644 1703 0.1611
1644 1704 0.1421
1644 1705 0.1576
1644 1707 0.2261
1644 1709 0.1939
1644 1710 0.1681
1644 1711 0.1681
1644 1712 0.8494
1644 1713 0.2240
1644 1714 0.1346
1644 1715 0.1681
1644 1716 0.1681
1644 1717 0.5086
1644 1718 0.2194
1644 1719 0.1681
1644 1720 0.1912
1644 1721 0.1681
1644 1722 0.1681
1644 1724 0.1784
1644 1725 0.1912
1644 1726 0.1681
1644 1728 0.1954
1644 1730 0.1857
1645 1646 0.2025
1645 1647 0.2344
1645 1648 0.2158
1645 1649 0.2032
1645 1650 0.1631
1645 1651 0.1466
1645 1653 0.1881
1645 1654 0.1466
1645 1657 0.2158
1645 1658 0.2025
1645 1659 0.1903
1645 1661 0.2158
1645 1662 0.2042
1645 1663 0.1581
1645 1665 0.2298
1645 1667 0.2025
1645 1668 0.1480
1645 1671 0.1943
1645 1672 0.1916
1645 1673 0.2333
1645 1674 0.1977
1645 1675 0.1631
1645 1676 0.1466
1645 1678 0.2213
1645 1679 0.1952
1645 1680 0.2121
1645 1681 0.1916
1645 1683 0.2577
1645 1685 0.2025
1645 1687 0.2054
1645 1689 0.8718
1645 1690 0.2445
1645 1691 0.2173
1645 1692 0.2850
1645 1693 0.1767
1645 1694 0.1943
1645 1696 0.1943
1645 1697 0.2059
1645 1698 0.1631
1645 1700 0.1466
1645 1701 0.1466
1645 1702 0.1466
1645 1703 0.2052
1645 1704 0.1786
1645 1705 0.1507
1645 1707 0.2218
1645 1709 0.2058
1645 1710 0.1466
1645 1711 0.1466
1645 1712 0.8637
1645 1713 0.1965
1645 1714 0.1471
1645 1715 0.1466
1645 1716 0.1466
1645 1717 0.7737
1645 1718 0.2211
1645 1719 0.1466
1645 1720 0.1943
1645 1721 0.1466
1645 1722 0.1466
1645 1724 0.1776
1645 1725 0.1943
1645 1726 0.1466
1645 1728 0.2158
1645 1730 0.1881
1646 1647 0.2015
1646 1648 0.2010
1646 1649 0.1910
1646 1650 0.1885
1646 1651 0.2483
1646 1653 0.2020
1646 1654 0.2483
1646 1657 0.2301
1646 1658 0.1763
1646 1659 0.1917
1646 1661 0.2010
1646 1662 0.1877
1646 1663 0.1658
1646 1665 0.2340
1646 1667 0.1763
1646 1668 0.1984
1646 1671 0.2033
1646 1672 0.2033
1646 1673 0.2473
1646 1674 0.1982
1646 1675 0.1885
1646 1676 0.2483
1646 1678 0.2313
1646 1679 0.2022
1646 1680 0.2319
1646 1681 0.2033
1646 1683 0.2446
1646 1685 0.1763
1646 1687 0.1996
1646 1689 0.8645
1646 1690 0.2100
1646 1691 0.2072
1646 1692 0.2391
1646 1693 0.1706
1646 1694 0.2033
1646 1696 0.2033
1646 1697 0.2008
1646 1698 0.1885
1646 1700 0.2483
1646 1701 0.2483
1646 1702 0.2483
1646 1703 0.1717
1646 1704 0.1801
1646 1705 0.1653
1646 1707 0.2295
1646 1709 0.1999
1646 1710 0.2483
1646 1711 0.2483
1646 1712 0.8494
1646 1713 0.2631
1646 1714 0.1844
1646 1715 0.2483
1646 1716 0.2483
1646 1717 0.7276
1646 1718 0.2172
1646 1719 0.2483
1646 1720 0.2033
1646 1721 0.2483
1646 1722 0.2483
1646 1724 0.2071
1646 1725 0.2033
1646 1726 0.2483
1646 1728 0.2010
1646 1730 0.2020
1647 1648 0.1759
1647 1649 0.4509
1647 1650 0.2160
1647 1651 0.1848
1647 1653 0.3894
1647 1654 0.1848
1647 1657 0.1759
1647 1658 0.2015
1647 1659 0.1813
1647 1661 0.1910
1647 1662 0.3207
1647 1663 0.3902
1647 1665 0.3071
1647 1667 0.2015
1647 1668 0.6662
1647 1671 0.1788
1647 1672 0.1788
1647 1673 0.3852
1647 1674 0.5423
1647 1675 0.1926
1647 1676 0.1848
1647 1678 0.2596
1647 1679 0.4117
1647 1680 0.2952
1647 1681 0.1788
1647 1683 0.5139
1647 1685 0.2015
1647 1687 0.2930
1647 1689 0.9854
1647 1690 0.3538
1647 1691 0.2390
1647 1692 0.4419
1647 1693 0.4245
1647 1694 0.2439
1647 1696 0.2510
1647 1697 0.3467
1647 1698 0.1926
1647 1700 0.1848
1647 1701 0.1848
1647 1702 0.1848
1647 1703 0.1828
1647 1704 0.1390
1647 1705 0.1384
1647 1707 0.2812
1647 1709 0.2220
1647 1710 0.1848
1647 1711 0.1848
1647 1712 0.9219
1647 1713 0.3585
1647 1714 0.1303
1647 1715 0.1848
1647 1716 0.1848
1647 1717 0.8050
1647 1718 0.2681
1647 1719 0.1848
1647 1720 0.1788
1647 1721 0.1848
1647 1722 0.1848
1647 1724 0.2300
1647 1725 0.2849
1647 1726 0.1848
1647 1728 0.1759
1647 1730 0.1732
1648 1649 0.1958
1648 1650 0.2071
1648 1651 0.2056
1648 1653 0.1810
1648 1654 0.2056
1648 1657 0.2071
1648 1658 0.2010
1648 1659 0.1968
1648 1661 0.2071
1648 1662 0.1564
1648 1663 0.1367
1648 1665 0.2280
1648 1667 0.2040
1648 1668 0.1933
1648 1671 0.1821
1648 1672 0.1821
1648 1673 0.2893
1648 1674 0.2215
1648 1675 0.2071
1648 1676 0.2056
1648 1678 0.1995
1648 1679 0.1996
1648 1680 0.2008
1648 1681 0.1821
1648 1683 0.2408
1648 1685 0.2040
1648 1687 0.1979
1648 1689 0.8645
1648 1690 0.1761
1648 1691 0.2057
1648 1692 0.2392
1648 1693 0.1937
1648 1694 0.1821
1648 1696 0.1821
1648 1697 0.2415
1648 1698 0.2071
1648 1700 0.2056
1648 1701 0.2056
1648 1702 0.2056
1648 1703 0.1947
1648 1704 0.2189
1648 1705 0.1907
1648 1707 0.2252
1648 1709 0.2228
1648 1710 0.2056
1648 1711 0.2056
1648 1712 0.8494
1648 1713 0.1880
1648 1714 0.1847
1648 1715 0.2056
1648 1716 0.2056
1648 1717 0.7276
1648 1718 0.2155
1648 1719 0.2056
1648 1720 0.1821
1648 1721 0.2056
1648 1722 0.2056
1648 1724 0.1861
1648 1725 0.1821
1648 1726 0.2056
1648 1728 0.2071
1648 1730 0.1810
1649 1650 0.1891
1649 1651 0.1372
1649 1653 0.1760
1649 1654 0.1372
1649 1657 0.1958
1649 1658 0.1910
1649 1659 0.1783
1649 1661 0.1958
1649 1662 0.2915
1649 1663 0.2512
1649 1665 0.3004
1649 1667 0.1910
1649 1668 0.2626
1649 1671 0.1787
1649 1672 0.1787
1649 1673 0.1966
1649 1674 0.3047
1649 1675 0.1759
1649 1676 0.1372
1649 1678 0.2083
1649 1679 0.2670
1649 1680 0.1903
1649 1681 0.1787
1649 1683 0.3313
1649 1685 0.1910
1649 1687 0.2025
1649 1689 0.9584
1649 1690 0.2782
1649 1691 0.1958
1649 1692 0.2252
1649 1693 0.1726
1649 1694 0.1828
1649 1696 0.1787
1649 1697 0.4275
1649 1698 0.1759
1649 1700 0.1372
1649 1701 0.1372
1649 1702 0.1372
1649 1703 0.1738
1649 1704 0.1422
1649 1705 0.1719
1649 1707 0.2249
1649 1709 0.2114
1649 1710 0.1372
1649 1711 0.1372
1649 1712 0.8745
1649 1713 0.2152
1649 1714 0.1306
1649 1715 0.1372
1649 1716 0.1372
1649 1717 0.7781
1649 1718 0.1948
1649 1719 0.1372
1649 1720 0.1787
1649 1721 0.1372
1649 1722 0.1372
1649 1724 0.1734
1649 1725 0.1787
1649 1726 0.1372
1649 1728 0.1958
1649 1730 0.1760
1650 1651 0.1411
1650 1653 0.1708
1650 1654 0.1411
1650 1657 0.2071
1650 1658 0.1885
1650 1659 0.1811
1650 1661 0.2071
1650 1662 0.1773
1650 1663 0.1757
1650 1665 0.2726
1650 1667 0.1885
1650 1668 0.2661
1650 1671 0.1875
1650 1672 0.1875
1650 1673 0.2177
1650 1674 0.1900
1650 1675 0.1783
1650 1676 0.1411
1650 1678 0.2232
1650 1679 0.1983
1650 1680 0.2228
1650 1681 0.1875
1650 1683 0.2665
1650 1685 0.1885
1650 1687 0.2013
1650 1689 0.8301
1650 1690 0.2566
1650 1691 0.2045
1650 1692 0.3270
1650 1693 0.1610
1650 1694 0.2104
1650 1696 0.1875
1650 1697 0.1715
1650 1698 0.1783
1650 1700 0.1411
1650 1701 0.1411
1650 1702 0.1411
1650 1703 0.1671
1650 1704 0.1359
1650 1705 0.1461
1650 1707 0.1924
1650 1709 0.1993
1650 1710 0.1411
1650 1711 0.1411
1650 1712 0.8722
1650 1713 0.1754
1650 1714 0.0890
1650 1715 0.1411
1650 1716 0.1411
1650 1717 0.8305
1650 1718 0.2118
1650 1719 0.1411
1650 1720 0.1875
1650 1721 0.1411
1650 1722 0.1411
1650 1724 0.2117
1650 1725 0.1875
1650 1726 0.1411
1650 1728 0.2071
1650 1730 0.1708
1651 1653 0.2198
1651 1654 0.1037
1651 1657 0.2056
1651 1658 0.2483
1651 1659 0.1376
1651 1661 0.2056
1651 1662 0.1710
1651 1663 0.1540
1651 1665 0.1864
1651 1667 0.2483
1651 1668 0.1601
1651 1671 0.2218
1651 1672 0.2218
1651 1673 0.2006
1651 1674 0.1793
1651 1675 0.1411
1651 1676 0.1037
1651 1678 0.2464
1651 1679 0.2820
1651 1680 0.1774
1651 1681 0.2218
1651 1683 0.3291
1651 1685 0.2483
1651 1687 0.1759
1651 1689 0.8645
1651 1690 0.1589
1651 1691 0.1386
1651 1692 0.1548
1651 1693 0.1690
1651 1694 0.2218
1651 1696 0.2218
1651 1697 0.2632
1651 1698 0.1411
1651 1700 0.1037
1651 1701 0.1037
1651 1702 0.1037
1651 1703 0.1676
1651 1704 0.2360
1651 1705 0.1633
1651 1707 0.3187
1651 1709 0.1983
1651 1710 0.1037
1651 1711 0.1037
1651 1712 0.8494
1651 1713 0.2914
1651 1714 0.2537
1651 1715 0.1037
1651 1716 0.1037
1651 1717 0.7276
1651 1718 0.1428
1651 1719 0.1037
1651 1720 0.2218
1651 1721 0.1037
1651 1722 0.1037
1651 1724 0.1598
1651 1725 0.2218
1651 1726 0.1037
1651 1728 0.2056
1651 1730 0.2198
1653 1654 0.2198
1653 1657 0.1810
1653 1658 0.2020
1653 1659 0.1754
1653 1661 0.1810
1653 1662 0.2306
1653 1663 0.2704
1653 1665 0.2733
1653 1667 0.2020
1653 1668 0.6564
1653 1671 0.1889
1653 1672 0.1889
1653 1673 0.4244
1653 1674 0.3542
1653 1675 0.1673
1653 1676 0.2198
1653 1678 0.2375
1653 1679 0.3528
1653 1680 0.2226
1653 1681 0.1889
1653 1683 0.4203
1653 1685 0.2020
1653 1687 0.2111
1653 1689 0.8966
1653 1690 0.2445
1653 1691 0.2253
1653 1692 0.2815
1653 1693 0.2407
1653 1694 0.1925
1653 1696 0.2063
1653 1697 0.2437
1653 1698 0.1673
1653 1700 0.2198
1653 1701 0.2198
1653 1702 0.2198
1653 1703 0.1853
1653 1704 0.1780
1653 1705 0.1624
1653 1707 0.2225
1653 1709 0.2216
1653 1710 0.2198
1653 1711 0.2198
1653 1712 0.8755
1653 1713 0.1669
1653 1714 0.1276
1653 1715 0.2198
1653 1716 0.2198
1653 1717 0.8150
1653 1718 0.1933
1653 1719 0.2198
1653 1720 0.1889
1653 1721 0.2198
1653 1722 0.2198
1653 1724 0.1804
1653 1725 0.2108
1653 1726 0.2198
1653 1728 0.1810
1653 1730 0.1815
1654 1657 0.2056
1654 1658 0.2483
1654 1659 0.1376
1654 1661 0.2056
1654 1662 0.1710
1654 1663 0.1540
1654 1665 0.1864
1654 1667 0.2483
1654 1668 0.1601
1654 1671 0.2218
1654 1672 0.2218
1654 1673 0.2006
1654 1674 0.1793
1654 1675 0.1411
1654 1676 0.1037
1654 1678 0.2464
1654 1679 0.2820
1654 1680 0.1774
1654 1681 0.2218
1654 1683 0.3291
1654 1685 0.2483
1654 1687 0.1759
1654 1689 0.8645
1654 1690 0.1589
1654 1691 0.1386
1654 1692 0.1548
1654 1693 0.1690
1654 1694 0.2218
1654 1696 0.2218
1654 1697 0.2632
1654 1698 0.1411
1654 1700 0.1037
1654 1701 0.1037
1654 1702 0.1037
1654 1703 0.1676
1654 1704 0.2360
1654 1705 0.1633
1654 1707 0.3187
1654 1709 0.1983
1654 1710 0.1037
1654 1711 0.1037
1654 1712 0.8494
1654 1713 0.2914
1654 1714 0.2537
1654 1715 0.1037
1654 1716 0.1037
1654 1717 0.7276
1654 1718 0.1428
1654 1719 0.1037
1654 1720 0.2218
1654 1721 0.1037
1654 1722 0.1037
1654 1724 0.1598
1654 1725 0.2218
1654 1726 0.1037
1654 1728 0.2056
1654 1730 0.2198
1657 1658 0.2010
1657 1659 0.1968
1657 1661 0.2071
1657 1662 0.1564
1657 1663 0.1367
1657 1665 0.2280
1657 1667 0.2010
1657 1668 0.1933
1657 1671 0.1821
1657 1672 0.1821
1657 1673 0.2893
1657 1674 0.2215
1657 1675 0.2071
1657 1676 0.2056
1657 1678 0.1995
1657 1679 0.1996
1657 1680 0.2008
1657 1681 0.1821
1657 1683 0.2408
1657 1685 0.2010
1657 1687 0.1979
1657 1689 0.8645
1657 1690 0.1761
1657 1691 0.2057
1657 1692 0.2392
1657 1693 0.1937
1657 1694 0.1821
1657 1696 0.1821
1657 1697 0.2415
1657 1698 0.2071
1657 1700 0.2056
1657 1701 0.2056
1657 1702 0.2056
1657 1703 0.1947
1657 1704 0.2189
1657 1705 0.1907
1657 1707 0.2252
1657 1709 0.2228
1657 1710 0.2056
1657 1711 0.2056
1657 1712 0.8494
1657 1713 0.1880
1657 1714 0.1847
1657 1715 0.2056
1657 1716 0.2056
1657 1717 0.7276
1657 1718 0.2155
1657 1719 0.2056
1657 1720 0.1821
1657 1721 0.2056
1657 1722 0.2056
1657 1724 0.1861
1657 1725 0.1821
1657 1726 0.2056
1657 1728 0.2071
1657 1730 0.1810
1658 1659 0.2037
1658 1661 0.2010
1658 1662 0.1877
1658 1663 0.1645
1658 1665 0.2340
1658 1667 0.1763
1658 1668 0.1464
1658 1671 0.2033
1658 1672 0.2033
1658 1673 0.2473
1658 1674 0.1982
1658 1675 0.1885
1658 1676 0.2483
1658 1678 0.2313
1658 1679 0.2022
1658 1680 0.2319
1658 1681 0.2033
1658 1683 0.2446
1658 1685 0.1763
1658 1687 0.1996
1658 1689 0.8645
1658 1690 0.2100
1658 1691 0.2072
1658 1692 0.2391
1658 1693 0.1706
1658 1694 0.2033
1658 1696 0.2033
1658 1697 0.2008
1658 1698 0.1885
1658 1700 0.2483
1658 1701 0.2483
1658 1702 0.2483
1658 1703 0.1717
1658 1704 0.1801
1658 1705 0.1653
1658 1707 0.2295
1658 1709 0.1999
1658 1710 0.2483
1658 1711 0.2483
1658 1712 0.8494
1658 1713 0.2631
1658 1714 0.1844
1658 1715 0.2483
1658 1716 0.2483
1658 1717 0.7276
1658 1718 0.2172
1658 1719 0.2483
1658 1720 0.2033
1658 1721 0.2483
1658 1722 0.2483
1658 1724 0.2071
1658 1725 0.2033
1658 1726 0.2483
1658 1728 0.2010
1658 1730 0.2020
1659 1661 0.1968
1659 1662 0.1795
1659 1663 0.1419
1659 1665 0.2115
1659 1667 0.1917
1659 1668 0.1339
1659 1671 0.1864
1659 1672 0.1814
1659 1673 0.2019
1659 1674 0.2064
1659 1675 0.2010
1659 1676 0.1376
1659 1678 0.2090
1659 1679 0.1764
1659 1680 0.1968
1659 1681 0.1814
1659 1683 0.2091
1659 1685 0.1917
1659 1687 0.1848
1659 1689 0.8645
1659 1690 0.2176
1659 1691 0.1943
1659 1692 0.2277
1659 1693 0.1723
1659 1694 0.1814
1659 1696 0.1814
1659 1697 0.1839
1659 1698 0.2010
1659 1700 0.1376
1659 1701 0.1376
1659 1702 0.1376
1659 1703 0.1737
1659 1704 0.1519
1659 1705 0.1860
1659 1707 0.1982
1659 1709 0.2122
1659 1710 0.1376
1659 1711 0.1376
1659 1712 0.8919
1659 1713 0.2778
1659 1714 0.1143
1659 1715 0.1376
1659 1716 0.1376
1659 1717 0.8174
1659 1718 0.2121
1659 1719 0.1376
1659 1720 0.1864
1659 1721 0.1376
1659 1722 0.1376
1659 1724 0.1633
1659 1725 0.1814
1659 1726 0.1376
1659 1728 0.1968
1659 1730 0.1754
1661 1662 0.1564
1661 1663 0.1940
1661 1665 0.2580
1661 1667 0.2010
1661 1668 0.3730
1661 1671 0.1821
1661 1672 0.1821
1661 1673 0.2893
1661 1674 0.2215
1661 1675 0.2071
1661 1676 0.2056
1661 1678 0.1995
1661 1679 0.1987
1661 1680 0.2008
1661 1681 0.1821
1661 1683 0.2209
1661 1685 0.2010
1661 1687 0.2477
1661 1689 0.8526
1661 1690 0.2153
1661 1691 0.2057
1661 1692 0.1685
1661 1693 0.1937
1661 1694 0.2216
1661 1696 0.1821
1661 1697 0.2415
1661 1698 0.2071
1661 1700 0.2056
1661 1701 0.2056
1661 1702 0.2056
1661 1703 0.1947
1661 1704 0.2189
1661 1705 0.1907
1661 1707 0.2252
1661 1709 0.2228
1661 1710 0.2056
1661 1711 0.2056
1661 1712 0.9307
1661 1713 0.1880
1661 1714 0.1847
1661 1715 0.2056
1661 1716 0.2056
1661 1717 0.8247
1661 1718 0.2155
1661 1719 0.2056
1661 1720 0.1821
1661 1721 0.2056
1661 1722 0.2056
1661 1724 0.1861
1661 1725 0.1821
1661 1726 0.2056
1661 1728 0.2071
1661 1730 0.1810
1662 1663 0.2940
1662 1665 0.3397
1662 1667 0.1877
1662 1668 0.5176
1662 1671 0.1639
1662 1672 0.1708
1662 1673 0.3375
1662 1674 0.3685
1662 1675 0.1863
1662 1676 0.1710
1662 1678 0.2159
1662 1679 0.3739
1662 1680 0.2821
1662 1681 0.1708
1662 1683 0.3917
1662 1685 0.1877
1662 1687 0.2075
1662 1689 0.9837
1662 1690 0.2823
1662 1691 0.2802
1662 1692 0.3801
1662 1693 0.3265
1662 1694 0.1756
1662 1696 0.1708
1662 1697 0.3123
1662 1698 0.1863
1662 1700 0.1710
1662 1701 0.1710
1662 1702 0.1710
1662 1703 0.1842
1662 1704 0.1432
1662 1705 0.1244
1662 1707 0.1820
1662 1709 0.2137
1662 1710 0.1710
1662 1711 0.1710
1662 1712 0.9156
1662 1713 0.2059
1662 1714 0.1359
1662 1715 0.1710
1662 1716 0.1710
1662 1717 0.7707
1662 1718 0.1995
1662 1719 0.1710
1662 1720 0.1708
1662 1721 0.1710
1662 1722 0.1710
1662 1724 0.1814
1662 1725 0.1760
1662 1726 0.1710
1662 1728 0.1564
1662 1730 0.1629
1663 1665 0.4946
1663 1667 0.1658
1663 1668 0.6780
1663 1671 0.1447
1663 1672 0.1414
1663 1673 0.3878
1663 1674 0.4260
1663 1675 0.1732
1663 1676 0.1540
1663 1678 0.3364
1663 1679 0.6013
1663 1680 0.1986
1663 1681 0.1414
1663 1683 0.5301
1663 1685 0.1658
1663 1687 0.6089
1663 1689 0.9752
1663 1690 0.5280
1663 1691 0.1885
1663 1692 0.4920
1663 1693 0.3683
1663 1694 0.3335
1663 1696 0.2241
1663 1697 0.3735
1663 1698 0.1732
1663 1700 0.1540
1663 1701 0.1540
1663 1702 0.1540
1663 1703 0.1168
1663 1704 0.1321
1663 1705 0.1198
1663 1707 0.1739
1663 1709 0.1637
1663 1710 0.1540
1663 1711 0.1540
1663 1712 0.9511
1663 1713 0.3366
1663 1714 0.1779
1663 1715 0.1540
1663 1716 0.1540
1663 1717 0.9292
1663 1718 0.1571
1663 1719 0.1540
1663 1720 0.1447
1663 1721 0.1540
1663 1722 0.1540
1663 1724 0.1642
1663 1725 0.1414
1663 1726 0.1540
1663 1728 0.1367
1663 1730 0.1637
1665 1667 0.2340
1665 1668 0.5960
1665 1671 0.1958
1665 1672 0.1958
1665 1673 0.4080
1665 1674 0.2512
1665 1675 0.1776
1665 1676 0.1864
1665 1678 0.3252
1665 1679 0.3698
1665 1680 0.2683
1665 1681 0.1958
1665 1683 0.3959
1665 1685 0.2340
1665 1687 0.4536
1665 1689 0.9927
1665 1690 0.2927
1665 1691 0.1961
1665 1692 0.6012
1665 1693 0.3511
1665 1694 0.2323
1665 1696 0.2489
1665 1697 0.2227
1665 1698 0.1776
1665 1700 0.1864
1665 1701 0.1864
1665 1702 0.1864
1665 1703 0.1866
1665 1704 0.1296
1665 1705 0.1683
1665 1707 0.3948
1665 1709 0.2219
1665 1710 0.1864
1665 1711 0.1864
1665 1712 0.9314
1665 1713 0.3776
1665 1714 0.1519
1665 1715 0.1864
1665 1716 0.1864
1665 1717 0.8961
1665 1718 0.2602
1665 1719 0.1864
1665 1720 0.1958
1665 1721 0.1864
1665 1722 0.1864
1665 1724 0.3946
1665 1725 0.2575
1665 1726 0.1864
1665 1728 0.2280
1665 1730 0.1918
1667 1668 0.1984
1667 1671 0.2033
1667 1672 0.2033
1667 1673 0.2473
1667 1674 0.1982
1667 1675 0.1885
1667 1676 0.2483
1667 1678 0.2313
1667 1679 0.2022
1667 1680 0.2319
1667 1681 0.2033
1667 1683 0.2446
1667 1685 0.1390
1667 1687 0.1996
1667 1689 0.8645
1667 1690 0.2100
1667 1691 0.2072
1667 1692 0.2391
1667 1693 0.1706
1667 1694 0.2033
1667 1696 0.2033
1667 1697 0.2008
1667 1698 0.1885
1667 1700 0.2483
1667 1701 0.2483
1667 1702 0.2483
1667 1703 0.1717
1667 1704 0.1801
1667 1705 0.1653
1667 1707 0.2295
1667 1709 0.1999
1667 1710 0.2483
1667 1711 0.2483
1667 1712 0.8494
1667 1713 0.2631
1667 1714 0.1844
1667 1715 0.2483
1667 1716 0.2483
1667 1717 0.7276
1667 1718 0.2172
1667 1719 0.2483
1667 1720 0.2033
1667 1721 0.2483
1667 1722 0.2483
1667 1724 0.2071
1667 1725 0.2033
1667 1726 0.2483
1667 1728 0.2010
1667 1730 0.2020
1668 1671 0.1608
1668 1672 0.1748
1668 1673 0.7762
1668 1674 0.6937
1668 1675 0.1873
1668 1676 0.1601
1668 1678 0.3355
1668 1679 0.8380
1668 1680 0.5946
1668 1681 0.1748
1668 1683 0.6423
1668 1685 0.1984
1668 1687 0.5969
1668 1689 0.9834
1668 1690 0.5168
1668 1691 0.2504
1668 1692 0.7921
1668 1693 0.7743
1668 1694 0.5409
1668 1696 0.3404
1668 1697 0.6306
1668 1698 0.1873
1668 1700 0.1601
1668 1701 0.1601
1668 1702 0.1601
1668 1703 0.2020
1668 1704 0.3754
1668 1705 0.2373
1668 1707 0.4624
1668 1709 0.1865
1668 1710 0.1601
1668 1711 0.1601
1668 1712 0.9810
1668 1713 0.4835
1668 1714 0.2230
1668 1715 0.1601
1668 1716 0.1601
1668 1717 0.9591
1668 1718 0.2231
1668 1719 0.1601
1668 1720 0.1847
1668 1721 0.1601
1668 1722 0.1601
1668 1724 0.4062
1668 1725 0.3487
1668 1726 0.1601
1668 1728 0.1933
1668 1730 0.1627
1671 1672 0.1877
1671 1673 0.2338
1671 1674 0.2122
1671 1675 0.1875
1671 1676 0.2218
1671 1678 0.2264
1671 1679 0.1749
1671 1680 0.2127
1671 1681 0.1877
1671 1683 0.2174
1671 1685 0.2033
1671 1687 0.1763
1671 1689 0.7650
1671 1690 0.2279
1671 1691 0.1875
1671 1692 0.2207
1671 1693 0.1870
1671 1694 0.1877
1671 1696 0.1877
1671 1697 0.2142
1671 1698 0.1875
1671 1700 0.2218
1671 1701 0.2218
1671 1702 0.2218
1671 1703 0.1879
1671 1704 0.2081
1671 1705 0.1688
1671 1707 0.1986
1671 1709 0.2221
1671 1710 0.2218
1671 1711 0.2218
1671 1712 0.8882
1671 1713 0.2334
1671 1714 0.1251
1671 1715 0.2218
1671 1716 0.2218
1671 1717 0.8468
1671 1718 0.1896
1671 1719 0.2218
1671 1720 0.1877
1671 1721 0.2218
1671 1722 0.2218
1671 1724 0.1857
1671 1725 0.1877
1671 1726 0.2218
1671 1728 0.1821
1671 1730 0.1889
1672 1673 0.2338
1672 1674 0.2322
1672 1675 0.1883
1672 1676 0.2218
1672 1678 0.2264
1672 1679 0.1749
1672 1680 0.2606
1672 1681 0.1497
1672 1683 0.2174
1672 1685 0.2033
1672 1687 0.1833
1672 1689 0.8223
1672 1690 0.2279
1672 1691 0.1875
1672 1692 0.2207
1672 1693 0.1870
1672 1694 0.1877
1672 1696 0.1877
1672 1697 0.2360
1672 1698 0.1883
1672 1700 0.2218
1672 1701 0.2218
1672 1702 0.2218
1672 1703 0.1879
1672 1704 0.2866
1672 1705 0.1995
1672 1707 0.3418
1672 1709 0.2221
1672 1710 0.2218
1672 1711 0.2218
1672 1712 0.9617
1672 1713 0.3602
1672 1714 0.1937
1672 1715 0.2218
1672 1716 0.2218
1672 1717 0.8665
1672 1718 0.2512
1672 1719 0.2218
1672 1720 0.1992
1672 1721 0.2218
1672 1722 0.2218
1672 1724 0.1857
1672 1725 0.1877
1672 1726 0.2218
1672 1728 0.1821
1672 1730 0.2108
1673 1674 0.4122
1673 1675 0.2308
1673 1676 0.2006
1673 1678 0.3461
1673 1679 0.4817
1673 1680 0.3019
1673 1681 0.2338
1673 1683 0.4992
1673 1685 0.2473
1673 1687 0.3262
1673 1689 0.9836
1673 1690 0.2988
1673 1691 0.2718
1673 1692 0.5402
1673 1693 0.3794
1673 1694 0.2896
1673 1696 0.3498
1673 1697 0.3041
1673 1698 0.2308
1673 1700 0.2006
1673 1701 0.2006
1673 1702 0.2006
1673 1703 0.1709
1673 1704 0.1949
1673 1705 0.1863
1673 1707 0.2780
1673 1709 0.2266
1673 1710 0.2006
1673 1711 0.2006
1673 1712 0.8643
1673 1713 0.2803
1673 1714 0.1455
1673 1715 0.2006
1673 1716 0.2006
1673 1717 0.7929
1673 1718 0.3385
1673 1719 0.2006
1673 1720 0.2338
1673 1721 0.2006
1673 1722 0.2006
1673 1724 0.2425
1673 1725 0.2855
1673 1726 0.2006
1673 1728 0.2893
1673 1730 0.2231
1674 1675 0.1707
1674 1676 0.1793
1674 1678 0.2737
1674 1679 0.4911
1674 1680 0.4210
1674 1681 0.2322
1674 1683 0.5175
1674 1685 0.1982
1674 1687 0.3357
1674 1689 0.9908
1674 1690 0.3159
1674 1691 0.2502
1674 1692 0.5195
1674 1693 0.4243
1674 1694 0.1940
1674 1696 0.2194
1674 1697 0.4874
1674 1698 0.1707
1674 1700 0.1793
1674 1701 0.1793
1674 1702 0.1793
1674 1703 0.1846
1674 1704 0.1664
1674 1705 0.1658
1674 1707 0.2649
1674 1709 0.2163
1674 1710 0.1793
1674 1711 0.1793
1674 1712 0.9118
1674 1713 0.3058
1674 1714 0.1880
1674 1715 0.1793
1674 1716 0.1793
1674 1717 0.7965
1674 1718 0.2447
1674 1719 0.1793
1674 1720 0.2194
1674 1721 0.1793
1674 1722 0.1793
1674 1724 0.2163
1674 1725 0.2589
1674 1726 0.1793
1674 1728 0.2215
1674 1730 0.2236
1675 1676 0.1411
1675 1678 0.2232
1675 1679 0.1589
1675 1680 0.3534
1675 1681 0.1883
1675 1683 0.1934
1675 1685 0.1885
1675 1687 0.2013
1675 1689 0.8606
1675 1690 0.2391
1675 1691 0.2337
1675 1692 0.3253
1675 1693 0.1683
1675 1694 0.1875
1675 1696 0.1875
1675 1697 0.1735
1675 1698 0.1615
1675 1700 0.1411
1675 1701 0.1411
1675 1702 0.1411
1675 1703 0.2341
1675 1704 0.2628
1675 1705 0.2679
1675 1707 0.5307
1675 1709 0.1993
1675 1710 0.1411
1675 1711 0.1411
1675 1712 0.9935
1675 1713 0.5635
1675 1714 0.2911
1675 1715 0.1411
1675 1716 0.1411
1675 1717 0.9860
1675 1718 0.3681
1675 1719 0.1411
1675 1720 0.1875
1675 1721 0.1411
1675 1722 0.1411
1675 1724 0.2117
1675 1725 0.1797
1675 1726 0.1411
1675 1728 0.2071
1675 1730 0.2271
1676 1678 0.2464
1676 1679 0.2820
1676 1680 0.1774
1676 1681 0.2218
1676 1683 0.3291
1676 1685 0.2483
1676 1687 0.1759
1676 1689 0.8645
1676 1690 0.1589
1676 1691 0.1386
1676 1692 0.1548
1676 1693 0.1690
1676 1694 0.2218
1676 1696 0.2218
1676 1697 0.2632
1676 1698 0.1411
1676 1700 0.1037
1676 1701 0.1037
1676 1702 0.1037
1676 1703 0.1676
1676 1704 0.2360
1676 1705 0.1633
1676 1707 0.3187
1676 1709 0.1983
1676 1710 0.1037
1676 1711 0.1037
1676 1712 0.8494
1676 1713 0.2914
1676 1714 0.2537
1676 1715 0.1037
1676 1716 0.1037
1676 1717 0.7276
1676 1718 0.1428
1676 1719 0.1037
1676 1720 0.2218
1676 1721 0.1037
1676 1722 0.1037
1676 1724 0.1598
1676 1725 0.2218
1676 1726 0.1037
1676 1728 0.2056
1676 1730 0.2198
1678 1679 0.2842
1678 1680 0.2403
1678 1681 0.2264
1678 1683 0.3862
1678 1685 0.2313
1678 1687 0.3534
1678 1689 0.9494
1678 1690 0.3078
1678 1691 0.2227
1678 1692 0.3169
1678 1693 0.2456
1678 1694 0.2473
1678 1696 0.2264
1678 1697 0.2957
1678 1698 0.2232
1678 1700 0.2464
1678 1701 0.2464
1678 1702 0.2464
1678 1703 0.2195
1678 1704 0.2489
1678 1705 0.2007
1678 1707 0.2886
1678 1709 0.2566
1678 1710 0.2464
1678 1711 0.2464
1678 1712 0.9582
1678 1713 0.2760
1678 1714 0.2086
1678 1715 0.2464
1678 1716 0.2464
1678 1717 0.8481
1678 1718 0.2327
1678 1719 0.2464
1678 1720 0.2264
1678 1721 0.2464
1678 1722 0.2464
1678 1724 0.2402
1678 1725 0.2264
1678 1726 0.2464
1678 1728 0.1995
1678 1730 0.2250
1679 1680 0.3590
1679 1681 0.1749
1679 1683 0.4919
1679 1685 0.2022
1679 1687 0.4654
1679 1689 0.9905
1679 1690 0.4429
1679 1691 0.2412
1679 1692 0.5589
1679 1693 0.4144
1679 1694 0.3285
1679 1696 0.2682
1679 1697 0.3900
1679 1698 0.1589
1679 1700 0.2820
1679 1701 0.2820
1679 1702 0.2820
1679 1703 0.1954
1679 1704 0.1468
1679 1705 0.1523
1679 1707 0.3147
1679 1709 0.2242
1679 1710 0.2820
1679 1711 0.2820
1679 1712 0.9320
1679 1713 0.2721
1679 1714 0.1363
1679 1715 0.2820
1679 1716 0.2820
1679 1717 0.8433
1679 1718 0.2701
1679 1719 0.2820
1679 1720 0.1749
1679 1721 0.2820
1679 1722 0.2820
1679 1724 0.3640
1679 1725 0.2603
1679 1726 0.2820
1679 1728 0.1996
1679 1730 0.1674
1680 1681 0.2606
1680 1683 0.4605
1680 1685 0.2319
1680 1687 0.2658
1680 1689 0.8141
1680 1690 0.2254
1680 1691 0.2728
1680 1692 0.3946
1680 1693 0.2103
1680 1694 0.2127
1680 1696 0.2502
1680 1697 0.2572
1680 1698 0.3534
1680 1700 0.1774
1680 1701 0.1774
1680 1702 0.1774
1680 1703 0.2952
1680 1704 0.4512
1680 1705 0.4660
1680 1707 0.5261
1680 1709 0.3158
1680 1710 0.1774
1680 1711 0.1774
1680 1712 0.9906
1680 1713 0.6402
1680 1714 0.8222
1680 1715 0.1774
1680 1716 0.1774
1680 1717 0.9760
1680 1718 0.3768
1680 1719 0.1774
1680 1720 0.2655
1680 1721 0.1774
1680 1722 0.1774
1680 1724 0.2167
1680 1725 0.2300
1680 1726 0.1774
1680 1728 0.2008
1680 1730 0.2480
1681 1683 0.2174
1681 1685 0.2033
1681 1687 0.1833
1681 1689 0.8223
1681 1690 0.2279
1681 1691 0.1875
1681 1692 0.2207
1681 1693 0.1870
1681 1694 0.1877
1681 1696 0.1877
1681 1697 0.2360
1681 1698 0.1883
1681 1700 0.2218
1681 1701 0.2218
1681 1702 0.2218
1681 1703 0.1879
1681 1704 0.2866
1681 1705 0.1995
1681 1707 0.3418
1681 1709 0.2221
1681 1710 0.2218
1681 1711 0.2218
1681 1712 0.9617
1681 1713 0.3602
1681 1714 0.1937
1681 1715 0.2218
1681 1716 0.2218
1681 1717 0.8665
1681 1718 0.2512
1681 1719 0.2218
1681 1720 0.1992
1681 1721 0.2218
1681 1722 0.2218
1681 1724 0.1857
1681 1725 0.1877
1681 1726 0.2218
1681 1728 0.1821
1681 1730 0.2108
1683 1685 0.2446
1683 1687 0.4636
1683 1689 0.9884
1683 1690 0.3235
1683 1691 0.2429
1683 1692 0.6129
1683 1693 0.5475
1683 1694 0.3137
1683 1696 0.4037
1683 1697 0.3704
1683 1698 0.1934
1683 1700 0.3291
1683 1701 0.3291
1683 1702 0.3291
1683 1703 0.2023
1683 1704 0.1679
1683 1705 0.1545
1683 1707 0.2588
1683 1709 0.2788
1683 1710 0.3291
1683 1711 0.3291
1683 1712 0.8972
1683 1713 0.2743
1683 1714 0.1246
1683 1715 0.3291
1683 1716 0.3291
1683 1717 0.8018
1683 1718 0.2446
1683 1719 0.3291
1683 1720 0.2174
1683 1721 0.3291
1683 1722 0.3291
1683 1724 0.3194
1683 1725 0.3208
1683 1726 0.3291
1683 1728 0.2408
1683 1730 0.2006
1685 1687 0.1996
1685 1689 0.8645
1685 1690 0.2100
1685 1691 0.2072
1685 1692 0.2391
1685 1693 0.1706
1685 1694 0.2033
1685 1696 0.2033
1685 1697 0.2008
1685 1698 0.1885
1685 1700 0.2483
1685 1701 0.2483
1685 1702 0.2483
1685 1703 0.1717
1685 1704 0.1801
1685 1705 0.1653
1685 1707 0.2295
1685 1709 0.1999
1685 1710 0.2483
1685 1711 0.2483
1685 1712 0.8494
1685 1713 0.2631
1685 1714 0.1844
1685 1715 0.2483
1685 1716 0.2483
1685 1717 0.7276
1685 1718 0.2172
1685 1719 0.2483
1685 1720 0.2033
1685 1721 0.2483
1685 1722 0.2483
1685 1724 0.2071
1685 1725 0.2033
1685 1726 0.2483
1685 1728 0.2010
1685 1730 0.2020
1687 1689 0.9887
1687 1690 0.4420
1687 1691 0.2726
1687 1692 0.5369
1687 1693 0.3608
1687 1694 0.3569
1687 1696 0.2151
1687 1697 0.2366
1687 1698 0.2013
1687 1700 0.1759
1687 1701 0.1759
1687 1702 0.1759
1687 1703 0.2203
1687 1704 0.1362
1687 1705 0.1354
1687 1707 0.2696
1687 1709 0.2392
1687 1710 0.1759
1687 1711 0.1759
1687 1712 0.9167
1687 1713 0.3303
1687 1714 0.1342
1687 1715 0.1759
1687 1716 0.1759
1687 1717 0.8507
1687 1718 0.2249
1687 1719 0.1759
1687 1720 0.1763
1687 1721 0.1759
1687 1722 0.1759
1687 1724 0.3121
1687 1725 0.1794
1687 1726 0.1759
1687 1728 0.1979
1687 1730 0.1704
1689 1690 0.9751
1689 1691 0.9191
1689 1692 0.9783
1689 1693 0.9612
1689 1694 0.9538
1689 1696 0.8775
1689 1697 0.9874
1689 1698 0.8606
1689 1700 0.8645
1689 1701 0.8645
1689 1702 0.8645
1689 1703 0.8300
1689 1704 0.9167
1689 1705 0.8001
1689 1707 0.9769
1689 1709 0.8191
1689 1710 0.8645
1689 1711 0.8645
1689 1712 0.9837
1689 1713 0.9793
1689 1714 0.8446
1689 1715 0.8645
1689 1716 0.8645
1689 1717 0.9871
1689 1718 0.8685
1689 1719 0.8645
1689 1720 0.8237
1689 1721 0.8645
1689 1722 0.8645
1689 1724 0.9682
1689 1725 0.9259
1689 1726 0.8645
1689 1728 0.8645
1689 1730 0.6884
1690 1691 0.2137
1690 1692 0.4260
1690 1693 0.2986
1690 1694 0.2649
1690 1696 0.2759
1690 1697 0.1683
1690 1698 0.2391
1690 1700 0.1589
1690 1701 0.1589
1690 1702 0.1589
1690 1703 0.2586
1690 1704 0.2302
1690 1705 0.3117
1690 1707 0.3317
1690 1709 0.3134
1690 1710 0.1589
1690 1711 0.1589
1690 1712 0.9928
1690 1713 0.3684
1690 1714 0.3654
1690 1715 0.1589
1690 1716 0.1589
1690 1717 0.8030
1690 1718 0.2547
1690 1719 0.1589
1690 1720 0.2279
1690 1721 0.1589
1690 1722 0.1589
1690 1724 0.2178
1690 1725 0.1911
1690 1726 0.1589
1690 1728 0.1761
1690 1730 0.2447
1691 1692 0.2600
1691 1693 0.2855
1691 1694 0.1875
1691 1696 0.1875
1691 1697 0.2400
1691 1698 0.2337
1691 1700 0.1386
1691 1701 0.1386
1691 1702 0.1386
1691 1703 0.2413
1691 1704 0.1663
1691 1705 0.2325
1691 1707 0.2576
1691 1709 0.2525
1691 1710 0.1386
1691 1711 0.1386
1691 1712 0.8879
1691 1713 0.3181
1691 1714 0.1689
1691 1715 0.1386
1691 1716 0.1386
1691 1717 0.8960
1691 1718 0.3374
1691 1719 0.1386
1691 1720 0.1875
1691 1721 0.1386
1691 1722 0.1386
1691 1724 0.2374
1691 1725 0.2451
1691 1726 0.1386
1691 1728 0.2057
1691 1730 0.1874
1692 1693 0.3498
1692 1694 0.2614
1692 1696 0.2801
1692 1697 0.3032
1692 1698 0.3253
1692 1700 0.1548
1692 1701 0.1548
1692 1702 0.1548
1692 1703 0.2802
1692 1704 0.1815
1692 1705 0.1764
1692 1707 0.3738
1692 1709 0.2942
1692 1710 0.1548
1692 1711 0.1548
1692 1712 0.8865
1692 1713 0.3708
1692 1714 0.2110
1692 1715 0.1548
1692 1716 0.1548
1692 1717 0.7461
1692 1718 0.2710
1692 1719 0.1548
1692 1720 0.2207
1692 1721 0.1548
1692 1722 0.1548
1692 1724 0.3397
1692 1725 0.2142
1692 1726 0.1548
1692 1728 0.2392
1692 1730 0.2157
1693 1694 0.2074
1693 1696 0.2066
1693 1697 0.3856
1693 1698 0.1683
1693 1700 0.1690
1693 1701 0.1690
1693 1702 0.1690
1693 1703 0.2015
1693 1704 0.1622
1693 1705 0.1509
1693 1707 0.2686
1693 1709 0.1916
1693 1710 0.1690
1693 1711 0.1690
1693 1712 0.9182
1693 1713 0.2208
1693 1714 0.1175
1693 1715 0.1690
1693 1716 0.1690
1693 1717 0.7929
1693 1718 0.2676
1693 1719 0.1690
1693 1720 0.1870
1693 1721 0.1690
1693 1722 0.1690
1693 1724 0.2102
1693 1725 0.1684
1693 1726 0.1690
1693 1728 0.1937
1693 1730 0.1850
1694 1696 0.1992
1694 1697 0.1787
1694 1698 0.1875
1694 1700 0.2218
1694 1701 0.2218
1694 1702 0.2218
1694 1703 0.1879
1694 1704 0.2081
1694 1705 0.1693
1694 1707 0.2349
1694 1709 0.2221
1694 1710 0.2218
1694 1711 0.2218
1694 1712 0.8947
1694 1713 0.2129
1694 1714 0.1126
1694 1715 0.2218
1694 1716 0.2218
1694 1717 0.8096
1694 1718 0.1896
1694 1719 0.2218
1694 1720 0.1877
1694 1721 0.2218
1694 1722 0.2218
1694 1724 0.1852
1694 1725 0.1877
1694 1726 0.2218
1694 1728 0.1821
1694 1730 0.1889
1696 1697 0.2360
1696 1698 0.1875
1696 1700 0.2218
1696 1701 0.2218
1696 1702 0.2218
1696 1703 0.1879
1696 1704 0.2513
1696 1705 0.2306
1696 1707 0.2471
1696 1709 0.2221
1696 1710 0.2218
1696 1711 0.2218
1696 1712 0.9406
1696 1713 0.3026
1696 1714 0.2444
1696 1715 0.2218
1696 1716 0.2218
1696 1717 0.7768
1696 1718 0.1896
1696 1719 0.2218
1696 1720 0.1877
1696 1721 0.2218
1696 1722 0.2218
1696 1724 0.1852
1696 1725 0.1877
1696 1726 0.2218
1696 1728 0.1821
1696 1730 0.2205
1697 1698 0.1735
1697 1700 0.2632
1697 1701 0.2632
1697 1702 0.2632
1697 1703 0.1523
1697 1704 0.1526
1697 1705 0.1306
1697 1707 0.2130
1697 1709 0.2107
1697 1710 0.2632
1697 1711 0.2632
1697 1712 0.9156
1697 1713 0.2930
1697 1714 0.1786
1697 1715 0.2632
1697 1716 0.2632
1697 1717 0.7712
1697 1718 0.1987
1697 1719 0.2632
1697 1720 0.2360
1697 1721 0.2632
1697 1722 0.2632
1697 1724 0.2153
1697 1725 0.2264
1697 1726 0.2632
1697 1728 0.2415
1697 1730 0.2059
1698 1700 0.1411
1698 1701 0.1411
1698 1702 0.1411
1698 1703 0.2341
1698 1704 0.2628
1698 1705 0.2679
1698 1707 0.5307
1698 1709 0.1993
1698 1710 0.1411
1698 1711 0.1411
1698 1712 0.9935
1698 1713 0.5635
1698 1714 0.2911
1698 1715 0.1411
1698 1716 0.1411
1698 1717 0.9860
1698 1718 0.3681
1698 1719 0.1411
1698 1720 0.1875
1698 1721 0.1411
1698 1722 0.1411
1698 1724 0.2117
1698 1725 0.1797
1698 1726 0.1411
1698 1728 0.2071
1698 1730 0.2271
1700 1701 0.1037
1700 1702 0.1037
1700 1703 0.1676
1700 1704 0.2360
1700 1705 0.1633
1700 1707 0.3187
1700 1709 0.1983
1700 1710 0.1037
1700 1711 0.1037
1700 1712 0.8494
1700 1713 0.2914
1700 1714 0.2537
1700 1715 0.1037
1700 1716 0.1037
1700 1717 0.7276
1700 1718 0.1428
1700 1719 0.1037
1700 1720 0.2218
1700 1721 0.1037
1700 1722 0.1037
1700 1724 0.1598
1700 1725 0.2218
1700 1726 0.1037
1700 1728 0.2056
1700 1730 0.2198
1701 1702 0.1037
1701 1703 0.1676
1701 1704 0.2360
1701 1705 0.1633
1701 1707 0.3187
1701 1709 0.1983
1701 1710 0.1037
1701 1711 0.1037
1701 1712 0.8494
1701 1713 0.2914
1701 1714 0.2537
1701 1715 0.1037
1701 1716 0.1037
1701 1717 0.7276
1701 1718 0.1428
1701 1719 0.1037
1701 1720 0.2218
1701 1721 0.1037
1701 1722 0.1037
1701 1724 0.1598
1701 1725 0.2218
1701 1726 0.1037
1701 1728 0.2056
1701 1730 0.2198
1702 1703 0.1676
1702 1704 0.2360
1702 1705 0.1633
1702 1707 0.3187
1702 1709 0.1983
1702 1710 0.1037
1702 1711 0.1037
1702 1712 0.8494
1702 1713 0.2914
1702 1714 0.2537
1702 1715 0.1037
1702 1716 0.1037
1702 1717 0.7276
1702 1718 0.1428
1702 1719 0.1037
1702 1720 0.2218
1702 1721 0.1037
1702 1722 0.1037
1702 1724 0.1598
1702 1725 0.2218
1702 1726 0.1037
1702 1728 0.2056
1702 1730 0.2198
1703 1704 0.3920
1703 1705 0.2156
1703 1707 0.3040
1703 1709 0.1931
1703 1710 0.1676
1703 1711 0.1676
1703 1712 0.9900
1703 1713 0.4131
1703 1714 0.2471
1703 1715 0.1676
1703 1716 0.1676
1703 1717 0.9699
1703 1718 0.3132
1703 1719 0.1676
1703 1720 0.2159
1703 1721 0.1676
1703 1722 0.1676
1703 1724 0.1782
1703 1725 0.1879
1703 1726 0.1676
1703 1728 0.1947
1703 1730 0.2178
1704 1705 0.5155
1704 1707 0.6439
1704 1709 0.2345
1704 1710 0.2360
1704 1711 0.2360
1704 1712 0.9963
1704 1713 0.6824
1704 1714 0.8003
1704 1715 0.2360
1704 1716 0.2360
1704 1717 0.9754
1704 1718 0.1831
1704 1719 0.2360
1704 1720 0.2241
1704 1721 0.2360
1704 1722 0.2360
1704 1724 0.1474
1704 1725 0.2081
1704 1726 0.2360
1704 1728 0.2189
1704 1730 0.2829
1705 1707 0.4848
1705 1709 0.1899
1705 1710 0.1633
1705 1711 0.1633
1705 1712 0.9938
1705 1713 0.7790
1705 1714 0.7504
1705 1715 0.1633
1705 1716 0.1633
1705 1717 0.9697
1705 1718 0.2779
1705 1719 0.1633
1705 1720 0.1949
1705 1721 0.1633
1705 1722 0.1633
1705 1724 0.1885
1705 1725 0.1764
1705 1726 0.1633
1705 1728 0.1907
1705 1730 0.3475
1707 1709 0.3335
1707 1710 0.3187
1707 1711 0.3187
1707 1712 0.9969
1707 1713 0.8849
1707 1714 0.8442
1707 1715 0.3187
1707 1716 0.3187
1707 1717 0.9760
1707 1718 0.4229
1707 1719 0.3187
1707 1720 0.2852
1707 1721 0.3187
1707 1722 0.3187
1707 1724 0.2097
1707 1725 0.2012
1707 1726 0.3187
1707 1728 0.2252
1707 1730 0.3473
1709 1710 0.1983
1709 1711 0.1983
1709 1712 0.9108
1709 1713 0.5351
1709 1714 0.2067
1709 1715 0.1983
1709 1716 0.1983
1709 1717 0.7891
1709 1718 0.3136
1709 1719 0.1983
1709 1720 0.2221
1709 1721 0.1983
1709 1722 0.1983
1709 1724 0.2093
1709 1725 0.2453
1709 1726 0.1983
1709 1728 0.2228
1709 1730 0.2263
1710 1711 0.1037
1710 1712 0.8494
1710 1713 0.2914
1710 1714 0.2537
1710 1715 0.1037
1710 1716 0.1037
1710 1717 0.7276
1710 1718 0.1428
1710 1719 0.1037
1710 1720 0.2218
1710 1721 0.1037
1710 1722 0.1037
1710 1724 0.1598
1710 1725 0.2218
1710 1726 0.1037
1710 1728 0.2056
1710 1730 0.2198
1711 1712 0.8494
1711 1713 0.2914
1711 1714 0.2537
1711 1715 0.1037
1711 1716 0.1037
1711 1717 0.7276
1711 1718 0.1428
1711 1719 0.1037
1711 1720 0.2218
1711 1721 0.1037
1711 1722 0.1037
1711 1724 0.1598
1711 1725 0.2218
1711 1726 0.1037
1711 1728 0.2056
1711 1730 0.2198
1712 1713 0.9944
1712 1714 0.9956
1712 1715 0.8494
1712 1716 0.8494
1712 1717 0.9972
1712 1718 0.9955
1712 1719 0.8494
1712 1720 0.9371
1712 1721 0.8494
1712 1722 0.8494
1712 1724 0.8741
1712 1725 0.9590
1712 1726 0.8494
1712 1728 0.8494
1712 1730 0.9900
1713 1714 0.8539
1713 1715 0.2914
1713 1716 0.2914
1713 1717 0.9942
1713 1718 0.5490
1713 1719 0.2914
1713 1720 0.3821
1713 1721 0.2914
1713 1722 0.2914
1713 1724 0.1930
1713 1725 0.3542
1713 1726 0.2914
1713 1728 0.1880
1713 1730 0.4019
1714 1715 0.2537
1714 1716 0.2537
1714 1717 0.9831
1714 1718 0.4162
1714 1719 0.2537
1714 1720 0.1916
1714 1721 0.2537
1714 1722 0.2537
1714 1724 0.1153
1714 1725 0.1496
1714 1726 0.2537
1714 1728 0.1847
1714 1730 0.5967
1715 1716 0.1037
1715 1717 0.7276
1715 1718 0.1428
1715 1719 0.1037
1715 1720 0.2218
1715 1721 0.1037
1715 1722 0.1037
1715 1724 0.1598
1715 1725 0.2218
1715 1726 0.1037
1715 1728 0.2056
1715 1730 0.2198
1716 1717 0.7276
1716 1718 0.1428
1716 1719 0.1037
1716 1720 0.2218
1716 1721 0.1037
1716 1722 0.1037
1716 1724 0.1598
1716 1725 0.2218
1716 1726 0.1037
1716 1728 0.2056
1716 1730 0.2198
1717 1718 0.9862
1717 1719 0.7276
1717 1720 0.8449
1717 1721 0.7276
1717 1722 0.7276
1717 1724 0.7684
1717 1725 0.9052
1717 1726 0.7276
1717 1728 0.7276
1717 1730 0.8886
1718 1719 0.1428
1718 1720 0.1896
1718 1721 0.1428
1718 1722 0.1428
1718 1724 0.2061
1718 1725 0.2644
1718 1726 0.1428
1718 1728 0.2155
1718 1730 0.2392
1719 1720 0.2218
1719 1721 0.1037
1719 1722 0.1037
1719 1724 0.1598
1719 1725 0.2218
1719 1726 0.1037
1719 1728 0.2056
1719 1730 0.2198
1720 1721 0.2218
1720 1722 0.2218
1720 1724 0.1857
1720 1725 0.1877
1720 1726 0.2218
1720 1728 0.1821
1720 1730 0.2108
1721 1722 0.1037
1721 1724 0.1598
1721 1725 0.2218
1721 1726 0.1037
1721 1728 0.2056
1721 1730 0.2198
1722 1724 0.1598
1722 1725 0.2218
1722 1726 0.1037
1722 1728 0.2056
1722 1730 0.2198
1724 1725 0.1852
1724 1726 0.1598
1724 1728 0.1861
1724 1730 0.1752
1725 1726 0.2218
1725 1728 0.1821
1725 1730 0.1889
1726 1728 0.2056
1726 1730 0.2198
1728 1730 0.1810
