89 854 0.2174
89 855 0.4228
89 856 0.1973
89 857 0.1601
89 858 0.3222
89 859 0.1587
89 860 0.2211
89 861 0.1437
89 862 0.2661
89 864 0.2182
89 865 0.2997
89 866 0.2305
89 867 0.1564
89 868 0.2941
89 869 0.2741
89 870 0.2058
89 871 0.2151
89 872 0.9445
89 874 0.2273
89 875 0.1690
89 876 0.3208
89 877 0.2174
89 878 0.1967
89 880 0.6838
89 881 0.1674
89 882 0.2280
89 883 0.2146
89 884 0.1528
89 885 0.2823
89 886 0.3095
89 887 0.4126
89 888 0.2094
89 889 0.4904
89 890 0.2089
89 891 0.6768
89 892 0.2214
89 893 0.3340
89 894 0.3135
89 895 0.4147
89 896 0.2901
89 898 0.5954
89 900 0.1407
89 901 0.3074
89 903 0.1508
89 905 0.4133
89 907 0.1628
89 908 0.3064
89 909 0.4106
89 911 0.2128
89 913 0.2331
89 914 0.2000
89 915 0.6625
89 917 0.2570
89 918 0.2631
89 919 0.6083
89 920 0.2661
89 921 0.1642
89 922 0.4100
89 924 0.2158
89 928 0.3823
89 929 0.5448
89 930 0.2063
89 932 0.1973
89 934 0.2473
89 935 0.2682
89 936 0.2691
89 937 0.1988
89 938 0.1777
89 940 0.1972
89 942 0.3617
89 943 0.3024
89 944 0.1406
89 946 0.3564
89 947 0.3718
89 948 0.2020
89 949 0.1815
89 950 0.1898
89 951 0.1798
89 952 0.1350
89 953 0.4744
89 954 0.2033
89 955 0.2523
89 956 0.2104
89 957 0.3140
89 958 0.3063
89 959 0.2356
89 960 0.9668
89 961 0.2390
89 962 0.1841
89 964 0.3098
89 965 0.3151
89 966 0.1875
89 967 0.2666
89 968 0.4250
89 969 0.3616
89 971 0.2661
89 972 0.2869
89 973 0.7034
89 974 0.9794
89 975 0.1636
89 976 0.6354
89 977 0.2570
89 978 0.3019
89 979 0.2608
89 980 0.1567
89 982 0.1835
89 983 0.1893
89 984 0.2274
89 985 0.1743
89 986 0.6868
89 987 0.6570
89 989 0.2629
89 990 0.2712
89 991 0.1798
89 992 0.1824
89 993 0.5289
89 994 0.4723
89 995 0.6419
89 996 0.2570
89 999 0.1951
89 1000 0.2683
89 1001 0.1918
89 1002 0.2322
89 1003 0.5061
89 1004 0.4709
89 1006 0.2502
89 1007 0.4325
89 1008 0.2298
89 1013 0.1955
89 1014 0.7897
89 1015 0.1706
89 1016 0.2953
89 1017 0.3235
89 1018 0.1460
89 1019 0.2174
89 1020 0.3252
89 1022 0.4459
89 1023 0.2263
89 1024 0.2970
89 1026 0.6278
89 1027 0.1462
89 1028 0.1836
89 1029 0.2101
89 1030 0.1495
89 1032 0.2586
89 1033 0.2093
89 1034 0.2150
89 1035 0.2570
89 1036 0.4080
89 1037 0.2731
89 1038 0.2174
89 1039 0.2660
89 1040 0.1973
89 1041 0.3640
89 1042 0.4013
89 1044 0.2339
89 1045 0.2260
89 1046 0.2950
89 1047 0.2143
89 1048 0.3821
89 1049 0.1859
89 1051 0.1585
89 1053 0.2174
89 1054 0.2268
89 1055 0.1852
89 1056 0.7481
89 1057 0.1743
89 1059 0.1347
89 1060 0.2246
89 1061 0.4029
89 1063 0.5248
89 1064 0.3158
89 1065 0.2374
89 1066 0.5106
89 1067 0.3464
89 1068 0.2844
89 1069 0.2591
89 1070 0.2795
89 1073 0.1825
89 1075 0.2421
89 1076 0.1600
89 1077 0.2174
89 1078 0.2118
89 1079 0.6281
89 1080 0.2007
89 1082 0.1532
89 1083 0.7304
89 1084 0.2643
89 1085 0.2367
89 1087 0.3490
89 1089 0.2534
89 1090 0.2174
89 1091 0.3586
89 1093 0.1789
89 1094 0.2570
89 1096 0.1636
89 1097 0.2570
89 1099 0.8455
89 1102 0.2633
89 1103 0.2307
89 1104 0.1474
89 1105 0.5309
89 1106 0.6557
89 1107 0.2067
89 1108 0.2358
89 1110 0.1893
89 1111 0.1943
89 1116 0.2253
89 1117 0.2174
89 1118 0.1867
89 1119 0.3362
89 1121 0.1579
89 1122 0.1893
89 1123 0.2570
89 1124 0.1882
89 1125 0.1564
89 1126 0.2027
89 1127 0.1920
89 1128 0.2452
89 1129 0.4390
89 1130 0.5132
89 1131 0.1526
89 1133 0.1705
89 1134 0.2570
89 1135 0.7799
89 1136 0.2009
89 1138 0.1893
89 1139 0.1636
89 1141 0.1519
89 1142 0.1480
89 1143 0.2445
89 1144 0.1986
89 1145 0.2174
89 1146 0.2747
89 1147 0.1758
89 1148 0.2570
89 1150 0.3005
89 1151 0.3101
89 1152 0.4581
89 1153 0.2030
89 1154 0.3647
89 1155 0.2570
89 1156 0.3389
89 1157 0.2094
89 1158 0.2164
89 1159 0.1693
89 1162 0.2570
89 1163 0.5900
89 1166 0.2150
89 1167 0.1638
89 1169 0.3302
89 1172 0.2661
89 1174 0.2169
89 1176 0.1719
89 1177 0.2396
89 1178 0.1955
89 1180 0.2908
89 1182 0.1825
89 1183 0.1989
89 1185 0.1957
89 1187 0.3495
89 1188 0.2551
89 1189 0.1989
89 1191 0.2855
89 1192 0.2570
89 1193 0.1980
89 1194 0.4066
89 1196 0.3051
89 1197 0.3759
89 1199 0.2355
89 1200 0.2184
89 1201 0.2655
89 1202 0.1545
89 1204 0.2111
89 1205 0.1760
89 1206 0.4344
89 1207 0.1693
89 1208 0.2005
89 1209 0.1839
89 1210 0.3645
89 1211 0.4794
89 1213 0.2831
89 1214 0.2174
89 1215 0.2174
89 1216 0.2662
89 1217 0.2150
89 1218 0.1655
89 1219 0.1557
89 1220 0.1535
89 1221 0.2148
89 1222 0.1853
89 1223 0.3090
89 1225 0.2085
89 1226 0.6074
89 1228 0.2028
89 1229 0.2197
89 1230 0.2539
89 1231 0.1532
89 1233 0.2113
89 1235 0.2570
89 1236 0.2701
89 1237 0.1406
89 1238 0.1532
89 1240 0.4767
89 1242 0.2421
89 1243 0.1800
89 1246 0.4501
89 1247 0.4047
89 1248 0.1791
89 1250 0.3499
89 1251 0.2926
89 1252 0.1986
89 1253 0.1736
89 1254 0.3140
89 1256 0.6470
89 1257 0.1851
89 1258 0.5361
89 1259 0.6392
89 1260 0.7723
89 1262 0.4451
89 1263 0.1446
89 1265 0.1893
89 1267 0.2164
89 1268 0.1937
89 1269 0.5681
89 1270 0.4027
89 1271 0.7235
89 1272 0.5774
89 1273 0.1659
89 1274 0.2472
89 1275 0.7366
89 1276 0.7509
89 1278 0.6629
89 1279 0.3994
89 1280 0.6690
89 1281 0.1509
89 1282 0.1449
89 1283 0.4577
89 1284 0.1893
89 1286 0.3078
89 1287 0.2301
89 1288 0.1833
89 1289 0.1943
89 1290 0.1446
89 1291 0.3482
89 1292 0.4358
89 1295 0.1035
89 1296 0.2174
89 1297 0.1633
89 1298 0.4652
89 1299 0.1780
89 1300 0.1199
89 1301 0.1798
89 1303 0.2942
89 1304 0.2165
89 1305 0.1330
89 1306 0.1893
89 1307 0.1715
89 1308 0.2508
89 1309 0.2195
89 1310 0.2174
89 1311 0.2211
89 1312 0.1980
89 1316 0.6392
89 1320 0.1675
89 1322 0.1503
89 1323 0.1629
89 1324 0.2174
89 1325 0.2007
89 1326 0.2174
89 1327 0.2899
89 1330 0.1693
89 1332 0.1980
89 1333 0.1511
89 1334 0.1954
89 1335 0.2727
89 1337 0.3648
89 1340 0.2261
89 1341 0.2570
89 1342 0.4032
89 1344 0.2795
89 1345 0.2570
89 1346 0.1532
89 1347 0.2058
89 1348 0.1872
89 1349 0.2463
89 1351 0.1760
89 1353 0.1868
89 1354 0.1980
89 1355 0.1868
89 1356 0.2164
89 1358 0.2619
89 1360 0.2557
89 1361 0.1707
89 1362 0.4529
89 1363 0.2005
89 1364 0.1972
89 1365 0.1680
89 1367 0.1562
89 1368 0.2119
89 1369 0.4939
89 1370 0.3665
89 1371 0.2261
89 1372 0.1825
89 1373 0.2071
89 1374 0.2118
89 1375 0.1972
89 1376 0.3520
89 1377 0.4753
89 1378 0.3284
89 1379 0.3151
89 1380 0.2155
89 1381 0.4142
89 1382 0.2151
89 1386 0.7381
89 1387 0.7919
89 1388 0.3872
89 1389 0.6099
89 1390 0.3084
89 1392 0.3623
89 1395 0.3517
89 1396 0.6360
89 1397 0.4231
89 1398 0.2832
89 1399 0.4757
89 1401 0.2174
89 1402 0.3055
89 1405 0.6358
89 1406 0.3116
89 1407 0.2996
89 1408 0.3439
89 1409 0.6539
89 1410 0.4582
89 1411 0.4580
89 1413 0.2174
89 1414 0.2093
89 1415 0.6121
89 1416 0.2174
89 1418 0.3507
89 1419 0.6278
89 1420 0.2231
89 1421 0.2086
89 1423 0.2311
89 1424 0.2174
89 1425 0.2146
89 1426 0.4016
89 1427 0.1521
89 1428 0.2237
89 1431 0.1979
89 1434 0.8932
89 1435 0.5270
89 1436 0.2146
89 1437 0.2148
89 1438 0.2146
89 1439 0.2020
89 1440 0.2577
89 1441 0.2706
89 1445 0.2591
89 1446 0.2449
89 1448 0.2570
89 1449 0.2272
89 1451 0.2246
89 1452 0.2150
89 1453 0.2814
89 1456 0.3852
89 1457 0.2009
89 1458 0.1813
89 1459 0.1825
89 1460 0.1743
89 1461 0.1955
89 1462 0.2570
89 1463 0.1636
89 1464 0.1880
89 1465 0.3112
89 1466 0.1785
89 1468 0.2174
89 1470 0.2052
89 1472 0.2210
89 1473 0.1853
89 1474 0.1636
89 1477 0.1919
89 1478 0.2174
89 1479 0.4230
89 1480 0.2748
89 1481 0.1904
89 1482 0.2093
89 1484 0.1955
89 1485 0.1948
89 1487 0.3734
89 1488 0.2570
89 1490 0.1834
89 1491 0.2259
89 1495 0.1493
89 1497 0.2218
89 1498 0.2390
89 1499 0.2570
89 1501 0.2313
89 1503 0.2273
89 1504 0.1342
89 1505 0.3247
89 1506 0.1893
89 1507 0.1804
89 1508 0.1955
89 1510 0.2591
89 1511 0.1719
89 1512 0.2591
89 1513 0.1871
89 1514 0.2174
89 1516 0.2687
89 1517 0.1991
89 1518 0.3838
89 1519 0.3304
89 1520 0.8030
89 1522 0.2008
89 1525 0.1973
89 1526 0.2259
89 1527 0.1587
89 1529 0.1989
89 1530 0.2661
89 1531 0.2148
89 1532 0.2174
89 1534 0.1978
89 1535 0.1475
89 1536 0.1152
89 1538 0.2937
89 1540 0.2008
89 1541 0.1347
89 1542 0.1543
89 1544 0.1636
89 1546 0.1893
89 1547 0.5459
89 1548 0.1458
89 1549 0.1636
89 1550 0.1503
89 1551 0.1610
89 1552 0.2953
89 1553 0.2570
89 1554 0.1960
89 1555 0.1199
89 1562 0.2570
89 1565 0.1089
89 1567 0.2570
89 1568 0.2019
89 1569 0.2591
89 1570 0.2174
89 1571 0.2520
89 1572 0.2150
89 1573 0.3609
89 1574 0.1707
89 1577 0.2219
89 1578 0.2570
89 1579 0.3188
89 1580 0.2444
89 1581 0.2366
89 1582 0.2174
89 1583 0.2242
89 1586 0.1636
89 1587 0.1804
89 1588 0.1621
89 1589 0.1954
89 1590 0.1882
89 1591 0.1545
89 1592 0.2570
89 1593 0.2387
89 1595 0.1587
89 1596 0.2311
89 1597 0.2214
89 1598 0.2873
89 1599 0.1893
89 1602 0.2570
89 1603 0.2164
89 1604 0.1511
89 1606 0.2019
89 1608 0.6770
89 1609 0.2625
89 1610 0.1682
89 1611 0.2474
89 1612 0.2701
89 1613 0.6271
89 1615 0.1882
89 1616 0.1579
89 1618 0.4393
89 1619 0.1882
89 1620 0.2222
89 1621 0.6319
89 1622 0.3781
89 1623 0.2118
89 1624 0.6593
89 1625 0.1931
89 1626 0.2174
89 1628 0.2557
89 1629 0.1893
89 1630 0.4081
89 1631 0.2174
89 1632 0.2696
89 1633 0.3814
89 1634 0.1744
89 1636 0.2799
89 1637 0.2570
89 1639 0.1511
89 1640 0.3521
89 1643 0.2060
89 1644 0.1677
89 1645 0.1906
89 1646 0.2150
89 1647 0.4535
89 1648 0.2570
89 1649 0.2592
89 1650 0.2267
89 1651 0.2174
89 1653 0.4805
89 1654 0.2174
89 1657 0.2570
89 1658 0.2150
89 1659 0.1980
89 1661 0.3586
89 1662 0.2795
89 1663 0.6278
89 1665 0.4792
89 1667 0.6212
89 1668 0.8985
89 1671 0.1893
89 1672 0.2058
89 1673 0.3714
89 1674 0.3675
89 1675 0.1707
89 1676 0.5763
89 1678 0.7663
89 1679 0.4983
89 1680 0.3506
89 1681 0.2058
89 1683 0.2815
89 1685 0.2150
89 1687 0.3650
89 1689 0.9947
89 1690 0.3102
89 1691 0.2371
89 1692 0.4753
89 1693 0.3718
89 1694 0.2652
89 1696 0.2854
89 1697 0.1709
89 1698 0.1707
89 1700 0.1726
89 1701 0.1726
89 1702 0.1726
89 1703 0.1998
89 1704 0.1751
89 1705 0.1601
89 1707 0.2872
89 1709 0.1989
89 1710 0.1818
89 1711 0.1726
89 1712 0.9915
89 1713 0.4890
89 1714 0.1772
89 1715 0.1726
89 1716 0.1932
89 1717 0.9909
89 1718 0.2269
89 1719 0.2146
89 1720 0.1893
89 1721 0.2174
89 1722 0.2174
89 1724 0.2703
89 1725 0.2067
89 1726 0.1818
89 1728 0.2570
89 1730 0.1819
90 91 0.7845
90 92 0.3213
90 93 0.1668
90 94 0.1743
90 95 0.2074
90 96 0.2860
90 97 0.1866
90 98 0.6231
90 99 0.1703
90 100 0.4923
90 101 0.3399
90 102 0.1942
90 103 0.3773
90 104 0.3977
90 105 0.2566
90 106 0.1830
90 108 0.2774
90 109 0.1897
90 110 0.1321
90 111 0.6381
90 112 0.1933
90 113 0.2698
90 114 0.2298
90 115 0.1451
90 116 0.1459
90 117 0.8699
90 119 0.4239
90 120 0.3884
90 121 0.2757
90 122 0.2273
90 123 0.7093
90 124 0.2315
90 125 0.1839
90 126 0.3978
90 127 0.2532
90 128 0.1642
90 129 0.3449
90 130 0.2092
90 131 0.1710
90 132 0.2708
90 133 0.1802
90 134 0.5577
90 135 0.1044
90 136 0.3220
90 137 0.1699
90 138 0.1634
90 139 0.4985
90 140 0.1710
90 143 0.1681
90 144 0.4518
90 145 0.1659
90 146 0.6692
90 147 0.1872
90 148 0.1863
90 149 0.2201
90 150 0.2567
90 151 0.1274
90 152 0.2204
90 153 0.2262
90 154 0.2691
90 156 0.1789
90 157 0.4142
90 158 0.6037
90 159 0.5866
90 160 0.8306
90 161 0.2375
90 162 0.9157
90 163 0.3844
90 164 0.2075
90 165 0.4270
90 166 0.4322
90 167 0.1848
90 168 0.3838
90 169 0.1832
90 170 0.2503
90 171 0.2087
90 172 0.2448
90 173 0.4282
90 174 0.2552
90 175 0.5010
90 176 0.2921
90 177 0.4014
90 178 0.2084
90 179 0.1571
90 180 0.2049
90 182 0.2370
90 183 0.2070
90 184 0.3446
90 185 0.2740
90 186 0.2051
90 187 0.4781
90 188 0.1339
90 189 0.6770
90 190 0.2359
90 191 0.1418
90 192 0.2812
90 193 0.1673
90 194 0.6890
90 195 0.3054
90 196 0.4876
90 197 0.3026
90 198 0.1359
90 199 0.2234
90 200 0.3125
90 201 0.2710
90 202 0.2071
90 203 0.0960
90 204 0.3545
90 206 0.8164
90 207 0.3506
90 208 0.1799
90 209 0.1637
90 210 0.1395
90 211 0.2181
90 212 0.2500
90 213 0.4209
90 214 0.2227
90 215 0.3108
90 216 0.1413
90 217 0.1861
90 218 0.1695
90 219 0.1351
90 220 0.1370
90 221 0.2445
90 223 0.4806
90 224 0.1152
90 225 0.4519
90 226 0.1608
90 227 0.2468
90 228 0.3803
90 229 0.1957
90 230 0.1694
90 231 0.2457
90 232 0.1698
90 233 0.1861
90 234 0.1793
90 235 0.4929
90 236 0.1984
90 237 0.1784
90 238 0.5366
90 239 0.2076
90 240 0.7027
90 241 0.5877
90 242 0.2375
90 243 0.2013
90 245 0.1931
90 246 0.2156
90 248 0.2730
90 249 0.3506
90 250 0.2414
90 251 0.4556
90 253 0.1846
90 254 0.4833
90 255 0.1839
90 256 0.2836
90 257 0.2125
90 258 0.2817
90 260 0.1839
90 261 0.3262
90 262 0.3916
90 263 0.2632
90 264 0.7308
90 265 0.1520
90 266 0.3045
90 267 0.5996
90 268 0.1988
90 269 0.3019
90 270 0.7107
90 271 0.2765
90 272 0.1627
90 273 0.2067
90 274 0.6922
90 275 0.4139
90 276 0.5699
90 278 0.2814
90 279 0.1300
90 280 0.2745
90 281 0.1218
90 282 0.2000
90 283 0.4313
90 284 0.1923
90 285 0.6109
90 286 0.5256
90 287 0.7526
90 288 0.1634
90 289 0.2336
90 290 0.7081
90 291 0.1417
90 292 0.2452
90 293 0.2167
90 294 0.1833
90 295 0.1570
90 296 0.2497
90 297 0.1792
90 299 0.1664
90 300 0.2384
90 301 0.5466
90 303 0.3721
90 304 0.3636
90 305 0.1370
90 306 0.2168
90 307 0.1724
90 308 0.3326
90 309 0.7121
90 310 0.2067
90 311 0.4436
90 312 0.1387
90 313 0.1858
90 314 0.2187
90 315 0.2068
90 317 0.1343
90 318 0.1950
90 319 0.3577
90 320 0.1894
90 321 0.3191
90 322 0.1343
90 323 0.2215
90 324 0.1445
90 325 0.1278
90 326 0.1854
90 327 0.1218
90 328 0.2056
90 329 0.1662
90 330 0.1729
90 331 0.2467
90 332 0.2495
90 333 0.3075
90 334 0.2455
90 335 0.1848
90 336 0.4876
90 337 0.5693
90 338 0.3531
90 339 0.1971
90 340 0.3478
90 341 0.1965
90 342 0.2138
90 343 0.3185
90 344 0.1644
90 346 0.3250
90 347 0.1263
90 348 0.2051
90 349 0.1278
90 350 0.2575
90 351 0.1594
90 352 0.3882
90 353 0.1364
90 354 0.2313
90 356 0.1343
90 357 0.5565
90 358 0.3148
90 360 0.2211
90 361 0.2324
90 362 0.1955
90 363 0.1592
90 364 0.1920
90 366 0.1955
90 367 0.2125
90 368 0.1663
90 370 0.2796
90 371 0.1223
90 372 0.2401
90 373 0.1594
90 374 0.1400
90 375 0.2294
90 376 0.1438
90 377 0.1633
90 378 0.1218
90 379 0.1587
90 380 0.1691
90 381 0.1288
90 382 0.1926
90 383 0.4023
90 384 0.1228
90 385 0.2031
90 386 0.1799
90 387 0.2131
90 388 0.1819
90 389 0.1855
90 390 0.1626
90 391 0.2162
90 392 0.1832
90 393 0.4354
90 394 0.2184
90 395 0.1451
90 396 0.3523
90 397 0.0908
90 398 0.2422
90 399 0.2955
90 400 0.1816
90 402 0.1854
90 403 0.2132
90 404 0.1594
90 405 0.1784
90 406 0.4297
90 407 0.1618
90 408 0.1343
90 409 0.1215
90 410 0.2006
90 411 0.5309
90 412 0.2389
90 413 0.1547
90 414 0.4875
90 415 0.1546
90 416 0.1393
90 417 0.1616
90 418 0.2936
90 419 0.2416
90 420 0.1882
90 421 0.2460
90 422 0.1216
90 423 0.0908
90 424 0.6173
90 425 0.2528
90 427 0.1624
90 428 0.6312
90 429 0.1430
90 430 0.1653
90 432 0.3963
90 433 0.2603
90 434 0.7393
90 435 0.1954
90 436 0.1321
90 438 0.4826
90 439 0.3769
90 440 0.5670
90 441 0.2515
90 442 0.2672
90 444 0.1941
90 445 0.1324
90 447 0.4302
90 449 0.2175
90 450 0.1662
90 451 0.4554
90 452 0.5812
90 453 0.1972
90 454 0.4708
90 455 0.2100
90 456 0.2705
90 457 0.1332
90 458 0.3559
90 459 0.1343
90 460 0.1417
90 461 0.2084
90 463 0.4049
90 465 0.2532
90 466 0.5420
90 467 0.3618
90 468 0.1237
90 469 0.1576
90 470 0.1857
90 471 0.3014
90 472 0.2670
90 474 0.4985
90 475 0.1880
90 476 0.3138
90 478 0.1784
90 479 0.2112
90 480 0.2844
90 481 0.5073
90 482 0.2921
90 484 0.5274
90 485 0.1770
90 486 0.2503
90 488 0.1269
90 490 0.1237
90 491 0.4764
90 492 0.2376
90 494 0.2313
90 495 0.6617
90 496 0.1549
90 497 0.2624
90 498 0.2414
90 499 0.1823
90 500 0.1780
90 501 0.1456
90 503 0.1856
90 504 0.3617
90 505 0.1430
90 506 0.2140
90 507 0.1781
90 508 0.1858
90 509 0.1973
90 510 0.2571
90 511 0.4521
90 512 0.2019
90 513 0.1740
90 514 0.3349
90 515 0.2632
90 516 0.2852
90 517 0.3315
90 518 0.2008
90 519 0.3117
90 520 0.2311
90 521 0.1723
90 522 0.2076
90 523 0.1972
90 525 0.1576
90 526 0.1784
90 527 0.1839
90 529 0.1594
90 530 0.1289
90 531 0.1730
90 532 0.1343
90 533 0.2940
90 534 0.4595
90 535 0.1513
90 536 0.2868
90 537 0.2446
90 539 0.2409
90 540 0.5959
90 541 0.1782
90 542 0.2817
90 543 0.2498
90 544 0.2500
90 545 0.1734
90 546 0.1812
90 547 0.1594
90 548 0.2011
90 549 0.1492
90 550 0.3213
90 551 0.2296
90 552 0.1664
90 553 0.3124
90 554 0.1727
90 555 0.2161
90 556 0.1456
90 557 0.4632
90 558 0.2178
90 560 0.2936
90 561 0.1776
90 562 0.1456
90 563 0.6191
90 564 0.1216
90 565 0.2553
90 567 0.0956
90 568 0.6404
90 569 0.1470
90 570 0.1839
90 571 0.2849
90 572 0.2821
90 573 0.3226
90 574 0.2062
90 575 0.2064
90 576 0.1573
90 577 0.1698
90 578 0.2064
90 579 0.3576
90 580 0.2254
90 581 0.1594
90 582 0.1220
90 583 0.1367
90 584 0.1816
90 585 0.2631
90 586 0.2086
90 587 0.7635
90 589 0.1578
90 590 0.3908
90 592 0.4144
90 594 0.1071
90 595 0.1724
90 599 0.1377
90 600 0.1343
90 601 0.1933
90 602 0.1965
90 604 0.1760
90 605 0.4278
90 606 0.1305
90 607 0.1750
90 609 0.1610
90 610 0.2610
90 612 0.1339
90 613 0.2483
90 614 0.7284
90 615 0.1717
90 616 0.1686
90 617 0.1876
90 618 0.2124
90 619 0.3512
90 620 0.1640
90 621 0.1562
90 622 0.1802
90 623 0.1854
90 625 0.2201
90 626 0.4875
90 627 0.4635
90 628 0.4169
90 629 0.2534
90 631 0.2448
90 632 0.1985
90 633 0.2295
90 634 0.3332
90 635 0.1343
90 636 0.2297
90 637 0.2731
90 638 0.2532
90 639 0.7982
90 642 0.1916
90 643 0.2655
90 645 0.2818
90 646 0.2807
90 647 0.1343
90 648 0.1162
90 649 0.1351
90 650 0.2008
90 651 0.2380
90 652 0.1975
90 653 0.2209
90 654 0.2336
90 655 0.2167
90 656 0.1784
90 657 0.1343
90 658 0.1654
90 659 0.2895
90 660 0.1858
90 661 0.4402
90 662 0.1664
90 663 0.2202
90 664 0.4764
90 666 0.2061
90 667 0.1412
90 668 0.1494
90 671 0.2124
90 672 0.1965
90 673 0.1680
90 674 0.4221
90 675 0.1828
90 676 0.2147
90 677 0.1261
90 678 0.1606
90 679 0.1450
90 680 0.1493
90 681 0.2125
90 682 0.1116
90 684 0.3765
90 685 0.3884
90 686 0.2320
90 687 0.2454
90 688 0.4430
90 689 0.9343
90 690 0.1594
90 691 0.3033
90 692 0.1638
90 693 0.2067
90 694 0.4546
90 695 0.3518
90 696 0.4964
90 697 0.1594
90 698 0.2384
90 699 0.4662
90 700 0.2327
90 701 0.1343
90 702 0.1381
90 703 0.1819
90 704 0.1269
90 705 0.1908
90 706 0.5052
90 707 0.4653
90 708 0.1626
90 709 0.2376
90 710 0.2335
90 711 0.3867
90 712 0.1216
90 713 0.4525
90 714 0.3959
90 715 0.1905
90 716 0.2461
90 717 0.1642
90 718 0.2132
90 722 0.4583
90 723 0.1902
90 724 0.4339
90 726 0.1553
90 727 0.1855
90 728 0.1941
90 729 0.1883
90 731 0.6199
90 732 0.2828
90 733 0.1784
90 734 0.1832
90 735 0.3533
90 736 0.4484
90 737 0.3770
90 738 0.2594
90 740 0.1667
90 741 0.6695
90 742 0.0884
90 743 0.2122
90 744 0.2593
90 745 0.1198
90 747 0.5062
90 748 0.9475
90 749 0.1216
90 750 0.1043
90 752 0.4656
90 753 0.1618
90 755 0.1972
90 756 0.1343
90 757 0.1614
90 758 0.3242
90 759 0.1814
90 760 0.1415
90 762 0.1784
90 763 0.3409
90 764 0.1625
90 765 0.1209
90 766 0.3171
90 767 0.3191
90 768 0.5523
90 769 0.2106
90 770 0.2545
90 771 0.1701
90 772 0.1322
90 773 0.1615
90 775 0.2827
90 776 0.1860
90 777 0.1772
90 778 0.3383
90 780 0.5328
90 781 0.1751
90 782 0.3848
90 783 0.2740
90 784 0.1483
90 785 0.2486
90 786 0.1906
90 787 0.1594
90 789 0.2480
90 791 0.1140
90 792 0.2632
90 793 0.2956
90 794 0.1393
90 795 0.1661
90 796 0.2015
90 797 0.1740
90 798 0.1456
90 799 0.1828
90 800 0.1321
90 801 0.2372
90 802 0.3371
90 803 0.3062
90 804 0.7467
90 805 0.1915
90 806 0.2799
90 807 0.1811
90 808 0.7271
90 809 0.3014
90 810 0.2351
90 811 0.6589
90 812 0.1816
90 813 0.3115
90 814 0.1781
90 815 0.1618
90 816 0.1322
90 817 0.1651
90 818 0.1259
90 819 0.2076
90 820 0.2817
90 821 0.1524
90 822 0.1546
90 823 0.3369
90 824 0.4402
90 825 0.2549
90 827 0.1920
90 828 0.1741
90 829 0.1937
90 830 0.3762
90 831 0.2575
90 832 0.6088
90 833 0.2892
90 834 0.1985
90 835 0.2076
90 836 0.2796
90 837 0.2228
90 838 0.3354
90 839 0.3523
90 840 0.2050
90 841 0.1500
90 842 0.1734
90 843 0.6650
90 844 0.1727
90 845 0.1594
90 846 0.1826
90 848 0.1724
90 849 0.1301
90 851 0.6889
90 852 0.1343
90 853 0.2215
90 854 0.1343
90 855 0.1940
90 856 0.1812
90 857 0.1269
90 858 0.3250
90 859 0.1539
90 860 0.1590
90 861 0.1826
90 862 0.2497
90 864 0.1639
90 865 0.4471
90 866 0.2167
90 867 0.2789
90 868 0.1830
90 869 0.3412
90 870 0.1751
90 871 0.3055
90 872 0.8586
90 874 0.1747
90 875 0.1267
90 876 0.6444
90 877 0.1343
90 878 0.2618
90 880 0.5403
90 881 0.1311
90 882 0.3156
90 883 0.1278
90 884 0.1611
90 885 0.1462
90 886 0.5150
90 887 0.1628
90 888 0.1816
90 889 0.2457
90 890 0.1913
90 891 0.8790
90 892 0.2731
90 893 0.1778
90 894 0.2866
90 895 0.3448
90 896 0.1809
90 898 0.2110
90 900 0.1387
90 901 0.3079
90 903 0.1657
90 905 0.1519
90 907 0.2812
90 908 0.2169
90 909 0.3212
90 911 0.2201
90 913 0.2215
90 914 0.1715
90 915 0.5395
90 917 0.1664
90 918 0.1935
90 919 0.1142
90 920 0.2497
90 921 0.1627
90 922 0.1620
90 924 0.2050
90 928 0.3129
90 929 0.2955
90 930 0.1249
90 932 0.1858
90 934 0.2709
90 935 0.2051
90 936 0.3098
90 937 0.1640
90 938 0.3505
90 940 0.1430
90 942 0.1761
90 943 0.2132
90 944 0.1488
90 946 0.1984
90 947 0.2244
90 948 0.2037
90 949 0.1371
90 950 0.2067
90 951 0.1618
90 952 0.1371
90 953 0.1237
90 954 0.2065
90 955 0.6268
90 956 0.1526
90 957 0.1232
90 958 0.4408
90 959 0.2543
90 960 0.3835
90 961 0.2575
90 962 0.1786
90 964 0.1961
90 965 0.1450
90 966 0.3526
90 967 0.1827
90 968 0.2298
90 969 0.1498
90 971 0.2497
90 972 0.1198
90 973 0.5023
90 974 0.6239
90 975 0.1854
90 976 0.3141
90 977 0.1691
90 978 0.2305
90 979 0.3322
90 980 0.1393
90 982 0.3602
90 983 0.2214
90 984 0.1392
90 985 0.2532
90 986 0.1445
90 987 0.1910
90 989 0.1790
90 990 0.1764
90 991 0.1789
90 992 0.1837
90 993 0.3282
90 994 0.4775
90 995 0.4938
90 996 0.1664
90 999 0.2532
90 1000 0.2179
90 1001 0.1821
90 1002 0.2696
90 1003 0.7459
90 1004 0.4691
90 1006 0.2251
90 1007 0.5367
90 1008 0.2547
90 1013 0.1839
90 1014 0.1429
90 1015 0.2857
90 1016 0.2076
90 1017 0.2156
90 1018 0.1116
90 1019 0.1343
90 1020 0.3486
90 1022 0.2727
90 1023 0.4205
90 1024 0.1614
90 1026 0.1044
90 1027 0.1285
90 1028 0.2577
90 1029 0.1238
90 1030 0.2704
90 1032 0.2228
90 1033 0.2201
90 1034 0.2076
90 1035 0.1664
90 1036 0.1766
90 1037 0.3298
90 1038 0.1458
90 1039 0.2880
90 1040 0.1858
90 1041 0.1587
90 1042 0.2469
90 1044 0.5028
90 1045 0.2406
90 1046 0.2630
90 1047 0.1284
90 1048 0.1604
90 1049 0.1381
90 1051 0.1529
90 1053 0.1343
90 1054 0.3140
90 1055 0.4661
90 1056 0.1203
90 1057 0.2532
90 1059 0.1419
90 1060 0.3161
90 1061 0.2147
90 1063 0.7144
90 1064 0.1859
90 1065 0.1429
90 1066 0.5728
90 1067 0.4397
90 1068 0.1918
90 1069 0.1788
90 1070 0.1273
90 1073 0.1835
90 1075 0.2251
90 1076 0.1701
90 1077 0.1343
90 1078 0.2749
90 1079 0.1403
90 1080 0.1858
90 1082 0.1594
90 1083 0.8025
90 1084 0.2019
90 1085 0.2393
90 1087 0.1998
90 1089 0.2733
90 1090 0.1343
90 1091 0.1691
90 1093 0.2409
90 1094 0.1866
90 1096 0.1854
90 1097 0.2242
90 1099 0.9576
90 1102 0.3617
90 1103 0.1998
90 1104 0.2213
90 1105 0.2630
90 1106 0.1444
90 1107 0.1941
90 1108 0.1624
90 1110 0.1784
90 1111 0.2166
90 1116 0.2069
90 1117 0.1343
90 1118 0.1958
90 1119 0.1769
90 1121 0.1512
90 1122 0.2137
90 1123 0.1664
90 1124 0.1784
90 1125 0.1662
90 1126 0.2161
90 1127 0.1490
90 1128 0.2878
90 1129 0.0898
90 1130 0.6947
90 1131 0.1351
90 1133 0.1717
90 1134 0.1664
90 1135 0.9351
90 1136 0.3848
90 1138 0.2137
90 1139 0.2156
90 1141 0.1304
90 1142 0.1974
90 1143 0.2580
90 1144 0.3206
90 1145 0.1343
90 1146 0.1362
90 1147 0.1284
90 1148 0.1812
90 1150 0.1730
90 1151 0.1373
90 1152 0.8814
90 1153 0.2263
90 1154 0.3272
90 1155 0.1691
90 1156 0.1800
90 1157 0.4878
90 1158 0.2296
90 1159 0.3647
90 1162 0.1664
90 1163 0.5067
90 1166 0.2625
90 1167 0.1548
90 1169 0.1916
90 1172 0.2846
90 1174 0.2510
90 1176 0.2468
90 1177 0.1696
90 1178 0.1839
90 1180 0.2165
90 1182 0.1895
90 1183 0.2086
90 1185 0.1515
90 1187 0.2989
90 1188 0.3267
90 1189 0.2086
90 1191 0.1511
90 1192 0.1691
90 1193 0.2247
90 1194 0.1169
90 1196 0.3551
90 1197 0.3031
90 1199 0.1587
90 1200 0.1888
90 1201 0.2822
90 1202 0.1549
90 1204 0.3224
90 1205 0.1299
90 1206 0.3036
90 1207 0.3647
90 1208 0.2837
90 1209 0.1914
90 1210 0.2606
90 1211 0.6533
90 1213 0.1566
90 1214 0.1343
90 1215 0.1343
90 1216 0.2173
90 1217 0.2076
90 1218 0.1529
90 1219 0.1854
90 1220 0.1422
90 1221 0.1964
90 1222 0.1608
90 1223 0.1426
90 1225 0.7032
90 1226 0.4803
90 1228 0.1703
90 1229 0.1795
90 1230 0.2068
90 1231 0.1594
90 1233 0.1832
90 1235 0.1691
90 1236 0.1926
90 1237 0.1488
90 1238 0.1594
90 1240 0.4628
90 1242 0.2402
90 1243 0.1252
90 1246 0.2207
90 1247 0.2760
90 1248 0.1626
90 1250 0.2496
90 1251 0.1811
90 1252 0.1727
90 1253 0.2186
90 1254 0.1232
90 1256 0.1898
90 1257 0.1664
90 1258 0.3702
90 1259 0.1239
90 1260 0.1855
90 1262 0.1445
90 1263 0.1415
90 1265 0.1784
90 1267 0.2295
90 1268 0.1854
90 1269 0.6167
90 1270 0.2868
90 1271 0.1084
90 1272 0.1399
90 1273 0.1684
90 1274 0.1854
90 1275 0.1520
90 1276 0.0916
90 1278 0.1013
90 1279 0.1543
90 1280 0.3432
90 1281 0.1255
90 1282 0.1842
90 1283 0.2190
90 1284 0.1784
90 1286 0.1569
90 1287 0.1451
90 1288 0.1582
90 1289 0.1527
90 1290 0.1556
90 1291 0.1939
90 1292 0.6799
90 1295 0.1456
90 1296 0.1343
90 1297 0.1237
90 1298 0.2023
90 1299 0.1789
90 1300 0.1216
90 1301 0.1789
90 1303 0.5372
90 1304 0.2037
90 1305 0.1424
90 1306 0.1784
90 1307 0.1722
90 1308 0.2169
90 1309 0.1617
90 1310 0.1343
90 1311 0.1590
90 1312 0.1618
90 1316 0.9229
90 1320 0.1871
90 1322 0.1334
90 1323 0.1807
90 1324 0.1343
90 1325 0.1858
90 1326 0.1343
90 1327 0.1929
90 1330 0.1774
90 1332 0.1618
90 1333 0.1634
90 1334 0.1838
90 1335 0.2025
90 1337 0.1258
90 1340 0.1331
90 1341 0.1691
90 1342 0.3506
90 1344 0.3357
90 1345 0.1664
90 1346 0.1594
90 1347 0.1784
90 1348 0.1794
90 1349 0.2265
90 1351 0.1299
90 1353 0.1855
90 1354 0.1618
90 1355 0.1855
90 1356 0.2515
90 1358 0.1664
90 1360 0.2076
90 1361 0.1407
90 1362 0.2006
90 1363 0.2155
90 1364 0.1430
90 1365 0.1678
90 1367 0.1636
90 1368 0.2190
90 1369 0.5126
90 1370 0.6924
90 1371 0.1331
90 1372 0.1747
90 1373 0.1708
90 1374 0.1985
90 1375 0.1430
90 1376 0.1618
90 1377 0.1752
90 1378 0.2497
90 1379 0.1998
90 1380 0.2225
90 1381 0.1510
90 1382 0.1784
90 1386 0.1299
90 1387 0.2764
90 1388 0.1273
90 1389 0.3026
90 1390 0.1751
90 1392 0.1336
90 1395 0.1518
90 1396 0.1689
90 1397 0.1774
90 1398 0.2392
90 1399 0.1318
90 1401 0.1343
90 1402 0.2339
90 1405 0.1686
90 1406 0.2497
90 1407 0.2588
90 1408 0.1318
90 1409 0.1729
90 1410 0.1739
90 1411 0.1237
90 1413 0.1343
90 1414 0.2201
90 1415 0.1000
90 1416 0.1343
90 1418 0.1071
90 1419 0.1044
90 1420 0.2781
90 1421 0.2497
90 1423 0.1784
90 1424 0.1343
90 1425 0.1278
90 1426 0.3427
90 1427 0.1429
90 1428 0.1383
90 1431 0.1686
90 1434 0.9096
90 1435 0.4253
90 1436 0.1278
90 1437 0.1100
90 1438 0.1278
90 1439 0.1972
90 1440 0.1862
90 1441 0.2827
90 1445 0.1365
90 1446 0.1697
90 1448 0.1664
90 1449 0.2076
90 1451 0.4406
90 1452 0.2246
90 1453 0.3673
90 1456 0.3527
90 1457 0.3848
90 1458 0.2316
90 1459 0.1835
90 1460 0.2532
90 1461 0.1839
90 1462 0.1664
90 1463 0.1854
90 1464 0.2637
90 1465 0.2037
90 1466 0.3201
90 1468 0.1343
90 1470 0.3105
90 1472 0.2534
90 1473 0.1802
90 1474 0.1854
90 1477 0.1963
90 1478 0.1343
90 1479 0.3116
90 1480 0.2783
90 1481 0.2565
90 1482 0.2201
90 1484 0.1839
90 1485 0.2159
90 1487 0.1321
90 1488 0.1664
90 1490 0.4778
90 1491 0.5509
90 1495 0.1220
90 1497 0.2582
90 1498 0.2575
90 1499 0.2323
90 1501 0.2724
90 1503 0.4716
90 1504 0.3473
90 1505 0.2507
90 1506 0.1784
90 1507 0.1686
90 1508 0.1839
90 1510 0.1849
90 1511 0.1711
90 1512 0.1691
90 1513 0.2892
90 1514 0.1343
90 1516 0.2836
90 1517 0.1724
90 1518 0.5160
90 1519 0.3999
90 1520 0.7495
90 1522 0.1926
90 1525 0.2188
90 1526 0.1856
90 1527 0.1539
90 1529 0.2394
90 1530 0.3307
90 1531 0.3664
90 1532 0.1343
90 1534 0.2319
90 1535 0.1367
90 1536 0.1944
90 1538 0.2254
90 1540 0.1967
90 1541 0.1419
90 1542 0.1655
90 1544 0.1751
90 1546 0.1784
90 1547 0.2854
90 1548 0.1612
90 1549 0.1854
90 1550 0.1334
90 1551 0.1278
90 1552 0.2076
90 1553 0.1664
90 1554 0.2926
90 1555 0.1243
90 1562 0.1664
90 1565 0.1451
90 1567 0.1664
90 1568 0.1377
90 1569 0.1664
90 1570 0.1343
90 1571 0.2839
90 1572 0.3034
90 1573 0.1858
90 1574 0.1407
90 1577 0.2983
90 1578 0.1664
90 1579 0.2525
90 1580 0.1500
90 1581 0.1784
90 1582 0.1343
90 1583 0.3117
90 1586 0.1854
90 1587 0.1686
90 1588 0.2019
90 1589 0.1838
90 1590 0.1734
90 1591 0.1549
90 1592 0.1664
90 1593 0.2398
90 1595 0.1539
90 1596 0.1784
90 1597 0.1532
90 1598 0.1664
90 1599 0.1734
90 1602 0.1664
90 1603 0.2076
90 1604 0.1634
90 1606 0.1377
90 1608 0.2501
90 1609 0.1618
90 1610 0.1701
90 1611 0.2666
90 1612 0.2672
90 1613 0.3300
90 1615 0.1861
90 1616 0.1512
90 1618 0.5142
90 1619 0.1861
90 1620 0.2097
90 1621 0.2969
90 1622 0.5490
90 1623 0.2201
90 1624 0.3338
90 1625 0.1660
90 1626 0.1343
90 1628 0.2076
90 1629 0.1784
90 1630 0.2288
90 1631 0.1343
90 1632 0.2497
90 1633 0.1521
90 1634 0.1800
90 1636 0.2037
90 1637 0.1664
90 1639 0.1634
90 1640 0.1445
90 1643 0.2037
90 1644 0.1858
90 1645 0.1932
90 1646 0.2076
90 1647 0.1546
90 1648 0.1664
90 1649 0.1660
90 1650 0.1576
90 1651 0.1343
90 1653 0.2775
90 1654 0.1343
90 1657 0.1664
90 1658 0.2076
90 1659 0.1618
90 1661 0.1664
90 1662 0.1273
90 1663 0.1044
90 1665 0.1186
90 1667 0.1217
90 1668 0.1423
90 1671 0.1784
90 1672 0.1734
90 1673 0.1694
90 1674 0.1795
90 1675 0.1853
90 1676 0.0908
90 1678 0.1349
90 1679 0.1199
90 1680 0.2651
90 1681 0.1734
90 1683 0.2875
90 1685 0.2076
90 1687 0.3562
90 1689 0.8783
90 1690 0.1816
90 1691 0.1736
90 1692 0.2376
90 1693 0.1875
90 1694 0.1734
90 1696 0.1784
90 1697 0.1848
90 1698 0.1853
90 1700 0.1301
90 1701 0.1301
90 1702 0.1301
90 1703 0.1590
90 1704 0.1370
90 1705 0.1269
90 1707 0.1223
90 1709 0.2657
90 1710 0.1784
90 1711 0.1301
90 1712 0.9792
90 1713 0.4018
90 1714 0.1648
90 1715 0.1301
90 1716 0.2478
90 1717 0.9408
90 1718 0.1887
90 1719 0.1278
90 1720 0.1784
90 1721 0.1343
90 1722 0.1343
90 1724 0.1711
90 1725 0.1784
90 1726 0.1784
90 1728 0.1664
90 1730 0.1857
91 92 0.7257
91 93 0.3871
91 94 0.4504
91 95 0.3282
91 96 0.5797
91 97 0.4482
91 98 0.8294
91 99 0.6027
91 100 0.3217
91 101 0.7008
91 102 0.4900
91 103 0.7383
91 104 0.3068
91 105 0.3756
91 106 0.2400
91 108 0.5752
91 109 0.2082
91 110 0.3084
91 111 0.6852
91 112 0.3468
91 113 0.2593
91 114 0.4432
91 115 0.1549
91 116 0.2518
91 117 0.9573
91 119 0.3381
91 120 0.3034
91 121 0.6686
91 122 0.2882
91 123 0.8427
91 124 0.3054
91 125 0.2290
91 126 0.3280
91 127 0.7140
91 128 0.1803
91 129 0.3610
91 130 0.4463
91 131 0.3674
91 132 0.3107
91 133 0.4133
91 134 0.6456
91 135 0.2942
91 136 0.4937
91 137 0.5702
91 138 0.3648
91 139 0.6585
91 140 0.4765
91 143 0.3685
91 144 0.7664
91 145 0.5852
91 146 0.7797
91 147 0.3701
91 148 0.5854
91 149 0.2731
91 150 0.3906
91 151 0.3762
91 152 0.6234
91 153 0.5592
91 154 0.3927
91 156 0.2469
91 157 0.6709
91 158 0.7937
91 159 0.3768
91 160 0.8983
91 161 0.4434
91 162 0.9505
91 163 0.7657
91 164 0.3846
91 165 0.5888
91 166 0.6445
91 167 0.5918
91 168 0.7197
91 169 0.2626
91 170 0.3243
91 171 0.4558
91 172 0.3578
91 173 0.3003
91 174 0.5015
91 175 0.3590
91 176 0.6524
91 177 0.6353
91 178 0.3648
91 179 0.3896
91 180 0.2681
91 182 0.6562
91 183 0.2601
91 184 0.4489
91 185 0.3404
91 186 0.4046
91 187 0.6710
91 188 0.4670
91 189 0.8332
91 190 0.5617
91 191 0.1669
91 192 0.3596
91 193 0.1623
91 194 0.8876
91 195 0.4140
91 196 0.3835
91 197 0.4472
91 198 0.2478
91 199 0.1790
91 200 0.5210
91 201 0.3333
91 202 0.2059
91 203 0.3278
91 204 0.3708
91 206 0.8535
91 207 0.5600
91 208 0.5477
91 209 0.1723
91 210 0.4631
91 211 0.4170
91 212 0.3574
91 213 0.7470
91 214 0.4202
91 215 0.5571
91 216 0.1512
91 217 0.2100
91 218 0.4778
91 219 0.1998
91 220 0.1733
91 221 0.5773
91 223 0.3711
91 224 0.3743
91 225 0.6448
91 226 0.2411
91 227 0.1882
91 228 0.5073
91 229 0.4672
91 230 0.6184
91 231 0.5314
91 232 0.3273
91 233 0.3922
91 234 0.3495
91 235 0.4161
91 236 0.4340
91 237 0.2131
91 238 0.7003
91 239 0.2147
91 240 0.7304
91 241 0.6252
91 242 0.6916
91 243 0.4205
91 245 0.3442
91 246 0.5175
91 248 0.4296
91 249 0.4573
91 250 0.6033
91 251 0.7538
91 253 0.5089
91 254 0.5259
91 255 0.2290
91 256 0.5773
91 257 0.4179
91 258 0.3851
91 260 0.2290
91 261 0.7994
91 262 0.3150
91 263 0.7172
91 264 0.8434
91 265 0.1840
91 266 0.4563
91 267 0.8895
91 268 0.2595
91 269 0.6514
91 270 0.6612
91 271 0.5379
91 272 0.2290
91 273 0.1757
91 274 0.8724
91 275 0.4334
91 276 0.6707
91 278 0.2243
91 279 0.3075
91 280 0.4807
91 281 0.1644
91 282 0.3403
91 283 0.8291
91 284 0.3217
91 285 0.8174
91 286 0.5786
91 287 0.8799
91 288 0.3648
91 289 0.3711
91 290 0.9535
91 291 0.1712
91 292 0.3145
91 293 0.3054
91 294 0.3440
91 295 0.3662
91 296 0.2561
91 297 0.6156
91 299 0.3572
91 300 0.4102
91 301 0.6780
91 303 0.4605
91 304 0.5410
91 305 0.1733
91 306 0.5921
91 307 0.5097
91 308 0.6979
91 309 0.8510
91 310 0.1757
91 311 0.5222
91 312 0.2353
91 313 0.2845
91 314 0.5733
91 315 0.4100
91 317 0.2832
91 318 0.5524
91 319 0.2454
91 320 0.4213
91 321 0.2906
91 322 0.2832
91 323 0.3269
91 324 0.1579
91 325 0.1840
91 326 0.2256
91 327 0.1644
91 328 0.4560
91 329 0.1290
91 330 0.2261
91 331 0.5598
91 332 0.2943
91 333 0.6216
91 334 0.3835
91 335 0.5918
91 336 0.6140
91 337 0.8074
91 338 0.5724
91 339 0.3241
91 340 0.2154
91 341 0.5056
91 342 0.2859
91 343 0.6004
91 344 0.3891
91 346 0.5928
91 347 0.2063
91 348 0.2053
91 349 0.1840
91 350 0.4195
91 351 0.2638
91 352 0.5566
91 353 0.1812
91 354 0.6362
91 356 0.2832
91 357 0.7652
91 358 0.4716
91 360 0.3890
91 361 0.4619
91 362 0.4258
91 363 0.2293
91 364 0.2347
91 366 0.4074
91 367 0.4179
91 368 0.2142
91 370 0.6557
91 371 0.1036
91 372 0.3651
91 373 0.2638
91 374 0.2117
91 375 0.5389
91 376 0.3296
91 377 0.4443
91 378 0.1644
91 379 0.5599
91 380 0.4326
91 381 0.3321
91 382 0.2568
91 383 0.5379
91 384 0.2549
91 385 0.2521
91 386 0.2745
91 387 0.1979
91 388 0.2316
91 389 0.2874
91 390 0.2470
91 391 0.5268
91 392 0.3027
91 393 0.7904
91 394 0.4773
91 395 0.1549
91 396 0.3819
91 397 0.1647
91 398 0.5756
91 399 0.3416
91 400 0.2193
91 402 0.2256
91 403 0.2169
91 404 0.2638
91 405 0.2573
91 406 0.6658
91 407 0.2482
91 408 0.2832
91 409 0.3326
91 410 0.3306
91 411 0.7798
91 412 0.3326
91 413 0.4100
91 414 0.6034
91 415 0.4981
91 416 0.3306
91 417 0.2195
91 418 0.5285
91 419 0.4619
91 420 0.5999
91 421 0.6587
91 422 0.1747
91 423 0.1647
91 424 0.7370
91 425 0.2765
91 427 0.1982
91 428 0.9089
91 429 0.2188
91 430 0.1812
91 432 0.6917
91 433 0.4257
91 434 0.8791
91 435 0.3260
91 436 0.2384
91 438 0.6191
91 439 0.8004
91 440 0.8908
91 441 0.3850
91 442 0.4467
91 444 0.6667
91 445 0.2981
91 447 0.6983
91 449 0.3831
91 450 0.1290
91 451 0.6180
91 452 0.5446
91 453 0.3465
91 454 0.7255
91 455 0.3143
91 456 0.7563
91 457 0.3130
91 458 0.7783
91 459 0.2832
91 460 0.2591
91 461 0.2882
91 463 0.5448
91 465 0.6458
91 466 0.7013
91 467 0.7251
91 468 0.2523
91 469 0.4728
91 470 0.4339
91 471 0.4072
91 472 0.4740
91 474 0.6474
91 475 0.4167
91 476 0.4641
91 478 0.2573
91 479 0.4791
91 480 0.5335
91 481 0.7958
91 482 0.5787
91 484 0.4735
91 485 0.1861
91 486 0.3211
91 488 0.2381
91 490 0.2523
91 491 0.2061
91 492 0.3068
91 494 0.6362
91 495 0.9488
91 496 0.2160
91 497 0.4723
91 498 0.2759
91 499 0.2037
91 500 0.3421
91 501 0.2908
91 503 0.4242
91 504 0.6813
91 505 0.2188
91 506 0.3157
91 507 0.2892
91 508 0.3158
91 509 0.3028
91 510 0.4664
91 511 0.8311
91 512 0.4337
91 513 0.2361
91 514 0.4691
91 515 0.3447
91 516 0.3983
91 517 0.8020
91 518 0.3294
91 519 0.6590
91 520 0.4059
91 521 0.2782
91 522 0.2431
91 523 0.3310
91 525 0.1798
91 526 0.3098
91 527 0.2290
91 529 0.2638
91 530 0.3374
91 531 0.4027
91 532 0.2832
91 533 0.4445
91 534 0.6020
91 535 0.3889
91 536 0.4784
91 537 0.6997
91 539 0.3063
91 540 0.7918
91 541 0.4656
91 542 0.6209
91 543 0.3972
91 544 0.2980
91 545 0.2573
91 546 0.2109
91 547 0.2638
91 548 0.3762
91 549 0.1648
91 550 0.7257
91 551 0.3269
91 552 0.2491
91 553 0.3948
91 554 0.2348
91 555 0.2798
91 556 0.2908
91 557 0.7242
91 558 0.4303
91 560 0.5293
91 561 0.2135
91 562 0.2908
91 563 0.2726
91 564 0.1747
91 565 0.4818
91 567 0.3130
91 568 0.7718
91 569 0.3445
91 570 0.2290
91 571 0.4662
91 572 0.3734
91 573 0.5456
91 574 0.3700
91 575 0.3001
91 576 0.2047
91 577 0.2797
91 578 0.4300
91 579 0.4898
91 580 0.1914
91 581 0.2638
91 582 0.2154
91 583 0.2178
91 584 0.1355
91 585 0.5661
91 586 0.2629
91 587 0.7978
91 589 0.2274
91 590 0.8075
91 592 0.5811
91 594 0.1643
91 595 0.5097
91 599 0.2404
91 600 0.2832
91 601 0.4293
91 602 0.5129
91 604 0.2038
91 605 0.5432
91 606 0.2111
91 607 0.3233
91 609 0.4895
91 610 0.3930
91 612 0.5020
91 613 0.5286
91 614 0.8274
91 615 0.2095
91 616 0.2242
91 617 0.3777
91 618 0.7815
91 619 0.4056
91 620 0.2100
91 621 0.2365
91 622 0.4133
91 623 0.4339
91 625 0.2731
91 626 0.5278
91 627 0.3731
91 628 0.7461
91 629 0.5200
91 631 0.2778
91 632 0.2183
91 633 0.3755
91 634 0.7185
91 635 0.2832
91 636 0.5999
91 637 0.2986
91 638 0.7140
91 639 0.8598
91 642 0.2410
91 643 0.3040
91 645 0.4464
91 646 0.6524
91 647 0.2832
91 648 0.1595
91 649 0.1998
91 650 0.4409
91 651 0.1771
91 652 0.2692
91 653 0.2928
91 654 0.3591
91 655 0.3054
91 656 0.2573
91 657 0.2832
91 658 0.3285
91 659 0.8047
91 660 0.2226
91 661 0.6699
91 662 0.3572
91 663 0.6111
91 664 0.8129
91 666 0.3588
91 667 0.3206
91 668 0.1673
91 671 0.2277
91 672 0.3227
91 673 0.2009
91 674 0.5661
91 675 0.2989
91 676 0.3381
91 677 0.2234
91 678 0.2807
91 679 0.1822
91 680 0.2941
91 681 0.4179
91 682 0.2142
91 684 0.8382
91 685 0.6107
91 686 0.3490
91 687 0.4403
91 688 0.8036
91 689 0.9417
91 690 0.2638
91 691 0.3040
91 692 0.1938
91 693 0.1757
91 694 0.2117
91 695 0.4636
91 696 0.6902
91 697 0.2638
91 698 0.4818
91 699 0.6459
91 700 0.3380
91 701 0.2832
91 702 0.1733
91 703 0.1753
91 704 0.2381
91 705 0.4306
91 706 0.7374
91 707 0.7870
91 708 0.2293
91 709 0.3825
91 710 0.3664
91 711 0.5736
91 712 0.1747
91 713 0.7876
91 714 0.7648
91 715 0.2318
91 716 0.2927
91 717 0.4454
91 718 0.4165
91 722 0.4389
91 723 0.3267
91 724 0.7319
91 726 0.3508
91 727 0.2874
91 728 0.1736
91 729 0.2563
91 731 0.8497
91 732 0.3112
91 733 0.2271
91 734 0.2626
91 735 0.8326
91 736 0.5512
91 737 0.7264
91 738 0.2977
91 740 0.2429
91 741 0.8666
91 742 0.1698
91 743 0.4018
91 744 0.2307
91 745 0.2125
91 747 0.5891
91 748 0.9709
91 749 0.1747
91 750 0.1938
91 752 0.3434
91 753 0.2733
91 755 0.1349
91 756 0.2832
91 757 0.5134
91 758 0.7487
91 759 0.3208
91 760 0.2293
91 762 0.2573
91 763 0.5492
91 764 0.2577
91 765 0.1885
91 766 0.5408
91 767 0.5141
91 768 0.8132
91 769 0.4197
91 770 0.4052
91 771 0.2617
91 772 0.2605
91 773 0.1806
91 775 0.3421
91 776 0.2837
91 777 0.2266
91 778 0.5307
91 780 0.5157
91 781 0.2510
91 782 0.6319
91 783 0.3404
91 784 0.2189
91 785 0.5587
91 786 0.3916
91 787 0.2638
91 789 0.3554
91 791 0.1694
91 792 0.7172
91 793 0.6252
91 794 0.4901
91 795 0.3736
91 796 0.4700
91 797 0.2369
91 798 0.2908
91 799 0.2989
91 800 0.2384
91 801 0.2598
91 802 0.3551
91 803 0.5133
91 804 0.8342
91 805 0.2960
91 806 0.6887
91 807 0.3614
91 808 0.9305
91 809 0.2841
91 810 0.3675
91 811 0.7391
91 812 0.2193
91 813 0.1400
91 814 0.3304
91 815 0.2482
91 816 0.1622
91 817 0.3721
91 818 0.2814
91 819 0.2311
91 820 0.7330
91 821 0.2913
91 822 0.1723
91 823 0.5668
91 824 0.6699
91 825 0.4179
91 827 0.5371
91 828 0.2653
91 829 0.2829
91 830 0.6505
91 831 0.4412
91 832 0.3888
91 833 0.7845
91 834 0.3058
91 835 0.2147
91 836 0.5653
91 837 0.3811
91 838 0.3233
91 839 0.5457
91 840 0.3459
91 841 0.2016
91 842 0.2521
91 843 0.7740
91 844 0.2497
91 845 0.2451
91 846 0.1474
91 848 0.2473
91 849 0.1575
91 851 0.4459
91 852 0.2832
91 853 0.3269
91 854 0.2832
91 855 0.5073
91 856 0.2091
91 857 0.2381
91 858 0.3352
91 859 0.3889
91 860 0.2087
91 861 0.2581
91 862 0.2561
91 864 0.1906
91 865 0.7614
91 866 0.3054
91 867 0.4940
91 868 0.2878
91 869 0.3285
91 870 0.1776
91 871 0.2439
91 872 0.9155
91 874 0.1969
91 875 0.1710
91 876 0.8329
91 877 0.2832
91 878 0.5481
91 880 0.9122
91 881 0.2305
91 882 0.4986
91 883 0.1728
91 884 0.2543
91 885 0.3141
91 886 0.5457
91 887 0.1769
91 888 0.2770
91 889 0.3479
91 890 0.2748
91 891 0.9712
91 892 0.5081
91 893 0.3620
91 894 0.2984
91 895 0.2092
91 896 0.2648
91 898 0.4020
91 900 0.2353
91 901 0.6440
91 903 0.3582
91 905 0.2528
91 907 0.6133
91 908 0.3342
91 909 0.1340
91 911 0.4737
91 913 0.3269
91 914 0.4285
91 915 0.8315
91 917 0.3135
91 918 0.2694
91 919 0.3681
91 920 0.2561
91 921 0.4326
91 922 0.5667
91 924 0.3895
91 928 0.6825
91 929 0.5178
91 930 0.1150
91 932 0.1864
91 934 0.4772
91 935 0.1150
91 936 0.7817
91 937 0.3675
91 938 0.5139
91 940 0.2188
91 942 0.2779
91 943 0.7076
91 944 0.1847
91 946 0.2429
91 947 0.2007
91 948 0.2061
91 949 0.3203
91 950 0.1757
91 951 0.2482
91 952 0.1700
91 953 0.1719
91 954 0.7340
91 955 0.5520
91 956 0.1975
91 957 0.1577
91 958 0.6810
91 959 0.6796
91 960 0.6288
91 961 0.4740
91 962 0.2617
91 964 0.4666
91 965 0.2046
91 966 0.7871
91 967 0.3386
91 968 0.4298
91 969 0.1451
91 971 0.2561
91 972 0.2211
91 973 0.4184
91 974 0.7546
91 975 0.2256
91 976 0.3341
91 977 0.2491
91 978 0.4627
91 979 0.2109
91 980 0.3306
91 982 0.6798
91 983 0.2573
91 984 0.2347
91 985 0.7140
91 986 0.3095
91 987 0.2711
91 989 0.2381
91 990 0.2041
91 991 0.1969
91 992 0.3725
91 993 0.2708
91 994 0.4393
91 995 0.5785
91 996 0.2491
91 999 0.1989
91 1000 0.3529
91 1001 0.3161
91 1002 0.5909
91 1003 0.7362
91 1004 0.4742
91 1006 0.2167
91 1007 0.5556
91 1008 0.6189
91 1013 0.2290
91 1014 0.2406
91 1015 0.6487
91 1016 0.2147
91 1017 0.4423
91 1018 0.2142
91 1019 0.2832
91 1020 0.4780
91 1022 0.4196
91 1023 0.5943
91 1024 0.2972
91 1026 0.2942
91 1027 0.1705
91 1028 0.4033
91 1029 0.1915
91 1030 0.4129
91 1032 0.4953
91 1033 0.2731
91 1034 0.3271
91 1035 0.2491
91 1036 0.2522
91 1037 0.5055
91 1038 0.2998
91 1039 0.5397
91 1040 0.1864
91 1041 0.2031
91 1042 0.5772
91 1044 0.6879
91 1045 0.4360
91 1046 0.5138
91 1047 0.2204
91 1048 0.1810
91 1049 0.1733
91 1051 0.2802
91 1053 0.2832
91 1054 0.6240
91 1055 0.7098
91 1056 0.1790
91 1057 0.7140
91 1059 0.1994
91 1060 0.4623
91 1061 0.3716
91 1063 0.9085
91 1064 0.1951
91 1065 0.2439
91 1066 0.6808
91 1067 0.7883
91 1068 0.5422
91 1069 0.2491
91 1070 0.1612
91 1073 0.2559
91 1075 0.2862
91 1076 0.2388
91 1077 0.2832
91 1078 0.4590
91 1079 0.1859
91 1080 0.3147
91 1082 0.2638
91 1083 0.9193
91 1084 0.2593
91 1085 0.3048
91 1087 0.1912
91 1089 0.3664
91 1090 0.2832
91 1091 0.2491
91 1093 0.3978
91 1094 0.2491
91 1096 0.2256
91 1097 0.3598
91 1099 0.9886
91 1102 0.6813
91 1103 0.4232
91 1104 0.4118
91 1105 0.4264
91 1106 0.2966
91 1107 0.6667
91 1108 0.1982
91 1110 0.2573
91 1111 0.3008
91 1116 0.3323
91 1117 0.2832
91 1118 0.2531
91 1119 0.2496
91 1121 0.1973
91 1122 0.4373
91 1123 0.2491
91 1124 0.3081
91 1125 0.1290
91 1126 0.1819
91 1127 0.2360
91 1128 0.3573
91 1129 0.2015
91 1130 0.8124
91 1131 0.1998
91 1133 0.3067
91 1134 0.2491
91 1135 0.9771
91 1136 0.6319
91 1138 0.4373
91 1139 0.5175
91 1141 0.1503
91 1142 0.2943
91 1143 0.4039
91 1144 0.3349
91 1145 0.2832
91 1146 0.3493
91 1147 0.1687
91 1148 0.2491
91 1150 0.1325
91 1151 0.2131
91 1152 0.9478
91 1153 0.6748
91 1154 0.3277
91 1155 0.2491
91 1156 0.2376
91 1157 0.6422
91 1158 0.3146
91 1159 0.2615
91 1162 0.3576
91 1163 0.6368
91 1166 0.3676
91 1167 0.1844
91 1169 0.4619
91 1172 0.3397
91 1174 0.2091
91 1176 0.1882
91 1177 0.3413
91 1178 0.2290
91 1180 0.1590
91 1182 0.2567
91 1183 0.2629
91 1185 0.1579
91 1187 0.6367
91 1188 0.4887
91 1189 0.2629
91 1191 0.3169
91 1192 0.2491
91 1193 0.2162
91 1194 0.2307
91 1196 0.6552
91 1197 0.4343
91 1199 0.2254
91 1200 0.5692
91 1201 0.4210
91 1202 0.2308
91 1204 0.6203
91 1205 0.2158
91 1206 0.6347
91 1207 0.2615
91 1208 0.4514
91 1209 0.1500
91 1210 0.4575
91 1211 0.8059
91 1213 0.2310
91 1214 0.2832
91 1215 0.2832
91 1216 0.2673
91 1217 0.2147
91 1218 0.2259
91 1219 0.4201
91 1220 0.2161
91 1221 0.4053
91 1222 0.2411
91 1223 0.4504
91 1225 0.6074
91 1226 0.7019
91 1228 0.3666
91 1229 0.2924
91 1230 0.2672
91 1231 0.2638
91 1233 0.2829
91 1235 0.3224
91 1236 0.3685
91 1237 0.1847
91 1238 0.2638
91 1240 0.5234
91 1242 0.4401
91 1243 0.2189
91 1246 0.3430
91 1247 0.3190
91 1248 0.2683
91 1250 0.6294
91 1251 0.4524
91 1252 0.1782
91 1253 0.2541
91 1254 0.1577
91 1256 0.2456
91 1257 0.2491
91 1258 0.4824
91 1259 0.3784
91 1260 0.3251
91 1262 0.3401
91 1263 0.1596
91 1265 0.2573
91 1267 0.2687
91 1268 0.3019
91 1269 0.5697
91 1270 0.4383
91 1271 0.2425
91 1272 0.1935
91 1273 0.2963
91 1274 0.2256
91 1275 0.1698
91 1276 0.1352
91 1278 0.2547
91 1279 0.1566
91 1280 0.4763
91 1281 0.1715
91 1282 0.4483
91 1283 0.2835
91 1284 0.2573
91 1286 0.2963
91 1287 0.2705
91 1288 0.3451
91 1289 0.1707
91 1290 0.2406
91 1291 0.2604
91 1292 0.6719
91 1295 0.2908
91 1296 0.2832
91 1297 0.2523
91 1298 0.2861
91 1299 0.2215
91 1300 0.1747
91 1301 0.1969
91 1303 0.5602
91 1304 0.3048
91 1305 0.2190
91 1306 0.2573
91 1307 0.3522
91 1308 0.4342
91 1309 0.3006
91 1310 0.2832
91 1311 0.2087
91 1312 0.2482
91 1316 0.9318
91 1320 0.2147
91 1322 0.2185
91 1323 0.3685
91 1324 0.2832
91 1325 0.3147
91 1326 0.2832
91 1327 0.4681
91 1330 0.1949
91 1332 0.2043
91 1333 0.3648
91 1334 0.2424
91 1335 0.3186
91 1337 0.3775
91 1340 0.3490
91 1341 0.3224
91 1342 0.4685
91 1344 0.2600
91 1345 0.2491
91 1346 0.2638
91 1347 0.2573
91 1348 0.2539
91 1349 0.4341
91 1351 0.2158
91 1353 0.2139
91 1354 0.2482
91 1355 0.2139
91 1356 0.4135
91 1358 0.4167
91 1360 0.2147
91 1361 0.3463
91 1362 0.4433
91 1363 0.4151
91 1364 0.2188
91 1365 0.2181
91 1367 0.2602
91 1368 0.3878
91 1369 0.5638
91 1370 0.8077
91 1371 0.3490
91 1372 0.2481
91 1373 0.4563
91 1374 0.3002
91 1375 0.2188
91 1376 0.2733
91 1377 0.4673
91 1378 0.2771
91 1379 0.4232
91 1380 0.3168
91 1381 0.3256
91 1382 0.2573
91 1386 0.3927
91 1387 0.3139
91 1388 0.2416
91 1389 0.2626
91 1390 0.2370
91 1392 0.1657
91 1395 0.2093
91 1396 0.3546
91 1397 0.3030
91 1398 0.3454
91 1399 0.2159
91 1401 0.2832
91 1402 0.2697
91 1405 0.3665
91 1406 0.2561
91 1407 0.4106
91 1408 0.1501
91 1409 0.3463
91 1410 0.3598
91 1411 0.1719
91 1413 0.2832
91 1414 0.2731
91 1415 0.1703
91 1416 0.2832
91 1418 0.1643
91 1419 0.2942
91 1420 0.4253
91 1421 0.4113
91 1423 0.2573
91 1424 0.2832
91 1425 0.1728
91 1426 0.5847
91 1427 0.1594
91 1428 0.1666
91 1431 0.2174
91 1434 0.7316
91 1435 0.7017
91 1436 0.1728
91 1437 0.2790
91 1438 0.1728
91 1439 0.2061
91 1440 0.1356
91 1441 0.2561
91 1445 0.2065
91 1446 0.1896
91 1448 0.2491
91 1449 0.2147
91 1451 0.7326
91 1452 0.2058
91 1453 0.5883
91 1456 0.5240
91 1457 0.6319
91 1458 0.2493
91 1459 0.2559
91 1460 0.7140
91 1461 0.2290
91 1462 0.2491
91 1463 0.2256
91 1464 0.6274
91 1465 0.3045
91 1466 0.7626
91 1468 0.2832
91 1470 0.5641
91 1472 0.5200
91 1473 0.4133
91 1474 0.2256
91 1477 0.3055
91 1478 0.2832
91 1479 0.6460
91 1480 0.3728
91 1481 0.1908
91 1482 0.3882
91 1484 0.2290
91 1485 0.2777
91 1487 0.2384
91 1488 0.2491
91 1490 0.6800
91 1491 0.7100
91 1495 0.2154
91 1497 0.2807
91 1498 0.4740
91 1499 0.3273
91 1501 0.3890
91 1503 0.6183
91 1504 0.4710
91 1505 0.3133
91 1506 0.2573
91 1507 0.2242
91 1508 0.2290
91 1510 0.2364
91 1511 0.2179
91 1512 0.3572
91 1513 0.7845
91 1514 0.2832
91 1516 0.3239
91 1517 0.5097
91 1518 0.7672
91 1519 0.6652
91 1520 0.9088
91 1522 0.2568
91 1525 0.2269
91 1526 0.3240
91 1527 0.3889
91 1529 0.2629
91 1530 0.4671
91 1531 0.5113
91 1532 0.2832
91 1534 0.2991
91 1535 0.2178
91 1536 0.4292
91 1538 0.3386
91 1540 0.4338
91 1541 0.1994
91 1542 0.3725
91 1544 0.2510
91 1546 0.2573
91 1547 0.3922
91 1548 0.2905
91 1549 0.2256
91 1550 0.2185
91 1551 0.1840
91 1552 0.3271
91 1553 0.2491
91 1554 0.5108
91 1555 0.1599
91 1562 0.2491
91 1565 0.3862
91 1567 0.2491
91 1568 0.2404
91 1569 0.4167
91 1570 0.2832
91 1571 0.4778
91 1572 0.3310
91 1573 0.3505
91 1574 0.3463
91 1577 0.2890
91 1578 0.2491
91 1579 0.3079
91 1580 0.3442
91 1581 0.2131
91 1582 0.2832
91 1583 0.2695
91 1586 0.2256
91 1587 0.2242
91 1588 0.2697
91 1589 0.2424
91 1590 0.3098
91 1591 0.2308
91 1592 0.2491
91 1593 0.4885
91 1595 0.3889
91 1596 0.2573
91 1597 0.2562
91 1598 0.2491
91 1599 0.2521
91 1602 0.2491
91 1603 0.4067
91 1604 0.3648
91 1606 0.2404
91 1608 0.6046
91 1609 0.2482
91 1610 0.2459
91 1611 0.3841
91 1612 0.4471
91 1613 0.5372
91 1615 0.2651
91 1616 0.1973
91 1618 0.7258
91 1619 0.2651
91 1620 0.2147
91 1621 0.6721
91 1622 0.6696
91 1623 0.5869
91 1624 0.4442
91 1625 0.2977
91 1626 0.2832
91 1628 0.2147
91 1629 0.2573
91 1630 0.3048
91 1631 0.2832
91 1632 0.2551
91 1633 0.4995
91 1634 0.2402
91 1636 0.4396
91 1637 0.2491
91 1639 0.3648
91 1640 0.4109
91 1643 0.2061
91 1644 0.2226
91 1645 0.2035
91 1646 0.2147
91 1647 0.2856
91 1648 0.2491
91 1649 0.2424
91 1650 0.1798
91 1651 0.2832
91 1653 0.4574
91 1654 0.2832
91 1657 0.2491
91 1658 0.5149
91 1659 0.2043
91 1661 0.2491
91 1662 0.1612
91 1663 0.2942
91 1665 0.1707
91 1667 0.1876
91 1668 0.2886
91 1671 0.2271
91 1672 0.2521
91 1673 0.3002
91 1674 0.3423
91 1675 0.1781
91 1676 0.1647
91 1678 0.1796
91 1679 0.2363
91 1680 0.3456
91 1681 0.2521
91 1683 0.2914
91 1685 0.2147
91 1687 0.2937
91 1689 0.8314
91 1690 0.1729
91 1691 0.2531
91 1692 0.6055
91 1693 0.2892
91 1694 0.2179
91 1696 0.2573
91 1697 0.1866
91 1698 0.1781
91 1700 0.1575
91 1701 0.1575
91 1702 0.1575
91 1703 0.2229
91 1704 0.1733
91 1705 0.2381
91 1707 0.2101
91 1709 0.2629
91 1710 0.2573
91 1711 0.1575
91 1712 0.8211
91 1713 0.2168
91 1714 0.1882
91 1715 0.1575
91 1716 0.2027
91 1717 0.7082
91 1718 0.4051
91 1719 0.1728
91 1720 0.2573
91 1721 0.2832
91 1722 0.2832
91 1724 0.2053
91 1725 0.2573
91 1726 0.2573
91 1728 0.2491
91 1730 0.2481
92 93 0.1893
92 94 0.1368
92 95 0.3257
92 96 0.3762
92 97 0.2222
92 98 0.8149
92 99 0.5884
92 100 0.2095
92 101 0.5912
92 102 0.1704
92 103 0.4078
92 104 0.2526
92 105 0.3345
92 106 0.2615
92 108 0.1364
92 109 0.1978
92 110 0.1585
92 111 0.5083
92 112 0.2045
92 113 0.2740
92 114 0.1906
92 115 0.1510
92 116 0.2102
92 117 0.6570
92 119 0.3324
92 120 0.4737
92 121 0.1765
92 122 0.1848
92 123 0.5769
92 124 0.1764
92 125 0.1433
92 126 0.3513
92 127 0.3922
92 128 0.1562
92 129 0.1784
92 130 0.5336
92 131 0.1315
92 132 0.1704
92 133 0.2292
92 134 0.2468
92 135 0.1214
92 136 0.2407
92 137 0.1093
92 138 0.2004
92 139 0.5051
92 140 0.2234
92 143 0.1174
92 144 0.3902
92 145 0.2606
92 146 0.5714
92 147 0.1403
92 148 0.3201
92 149 0.2314
92 150 0.1889
92 151 0.1280
92 152 0.9596
92 153 0.3438
92 154 0.2624
92 156 0.2034
92 157 0.3587
92 158 0.7349
92 159 0.5708
92 160 0.8609
92 161 0.1969
92 162 0.8797
92 163 0.4691
92 164 0.1762
92 165 0.2646
92 166 0.4519
92 167 0.2093
92 168 0.3100
92 169 0.1797
92 170 0.2455
92 171 0.1209
92 172 0.2451
92 173 0.2309
92 174 0.2020
92 175 0.3905
92 176 0.3171
92 177 0.4076
92 178 0.2064
92 179 0.2417
92 180 0.2121
92 182 0.2434
92 183 0.1404
92 184 0.1610
92 185 0.2845
92 186 0.1643
92 187 0.5378
92 188 0.1663
92 189 0.5595
92 190 0.3660
92 191 0.1701
92 192 0.2383
92 193 0.1502
92 194 0.7869
92 195 0.3278
92 196 0.3576
92 197 0.5927
92 198 0.1093
92 199 0.2397
92 200 0.3223
92 201 0.2399
92 202 0.1664
92 203 0.1314
92 204 0.3560
92 206 0.6671
92 207 0.3212
92 208 0.1361
92 209 0.1668
92 210 0.1293
92 211 0.1765
92 212 0.2399
92 213 0.1936
92 214 0.2373
92 215 0.1757
92 216 0.5275
92 217 0.1931
92 218 0.4501
92 219 0.1673
92 220 0.1294
92 221 0.2676
92 223 0.3545
92 224 0.1127
92 225 0.3039
92 226 0.1904
92 227 0.2146
92 228 0.2315
92 229 0.2265
92 230 0.1623
92 231 0.2954
92 232 0.4641
92 233 0.1189
92 234 0.1837
92 235 0.5818
92 236 0.2640
92 237 0.2288
92 238 0.4318
92 239 0.1747
92 240 0.6848
92 241 0.3753
92 242 0.2883
92 243 0.1682
92 245 0.4902
92 246 0.2851
92 248 0.2490
92 249 0.3376
92 250 0.1198
92 251 0.4705
92 253 0.2090
92 254 0.3519
92 255 0.1433
92 256 0.3784
92 257 0.2166
92 258 0.2808
92 260 0.1433
92 261 0.3707
92 262 0.2439
92 263 0.3835
92 264 0.7280
92 265 0.1648
92 266 0.2766
92 267 0.6276
92 268 0.3052
92 269 0.2582
92 270 0.3387
92 271 0.2534
92 272 0.1911
92 273 0.1421
92 274 0.6156
92 275 0.4642
92 276 0.4895
92 278 0.1689
92 279 0.1268
92 280 0.2644
92 281 0.1654
92 282 0.1829
92 283 0.4915
92 284 0.1380
92 285 0.5382
92 286 0.4242
92 287 0.6931
92 288 0.2004
92 289 0.1733
92 290 0.8305
92 291 0.4224
92 292 0.1578
92 293 0.2556
92 294 0.2687
92 295 0.1544
92 296 0.1948
92 297 0.1735
92 299 0.1836
92 300 0.1808
92 301 0.4833
92 303 0.3941
92 304 0.1938
92 305 0.1294
92 306 0.3917
92 307 0.2941
92 308 0.4516
92 309 0.7560
92 310 0.1421
92 311 0.2532
92 312 0.1201
92 313 0.1713
92 314 0.1563
92 315 0.2089
92 317 0.1217
92 318 0.1944
92 319 0.4701
92 320 0.1401
92 321 0.2613
92 322 0.1217
92 323 0.2786
92 324 0.4102
92 325 0.1498
92 326 0.1890
92 327 0.1654
92 328 0.1979
92 329 0.1470
92 330 0.1713
92 331 0.2477
92 332 0.6083
92 333 0.4224
92 334 0.1897
92 335 0.2093
92 336 0.2634
92 337 0.5747
92 338 0.2200
92 339 0.1556
92 340 0.1511
92 341 0.2297
92 342 0.2355
92 343 0.4531
92 344 0.1465
92 346 0.3282
92 347 0.1868
92 348 0.1357
92 349 0.1498
92 350 0.3685
92 351 0.1461
92 352 0.3447
92 353 0.1863
92 354 0.2108
92 356 0.1217
92 357 0.6092
92 358 0.2753
92 360 0.1976
92 361 0.1731
92 362 0.3815
92 363 0.1544
92 364 0.1847
92 366 0.2364
92 367 0.2166
92 368 0.1517
92 370 0.4359
92 371 0.4090
92 372 0.1599
92 373 0.1461
92 374 0.1445
92 375 0.1704
92 376 0.2054
92 377 0.2551
92 378 0.1654
92 379 0.3905
92 380 0.1836
92 381 0.1758
92 382 0.2053
92 383 0.2743
92 384 0.1526
92 385 0.2207
92 386 0.2769
92 387 0.1568
92 388 0.2163
92 389 0.2113
92 390 0.1868
92 391 0.2068
92 392 0.2549
92 393 0.5115
92 394 0.2053
92 395 0.1510
92 396 0.2262
92 397 0.1099
92 398 0.1690
92 399 0.2279
92 400 0.1782
92 402 0.1890
92 403 0.1883
92 404 0.1461
92 405 0.2207
92 406 0.5492
92 407 0.1904
92 408 0.1217
92 409 0.1053
92 410 0.2219
92 411 0.4219
92 412 0.2501
92 413 0.1267
92 414 0.4424
92 415 0.1847
92 416 0.1405
92 417 0.1878
92 418 0.4286
92 419 0.2775
92 420 0.1954
92 421 0.3845
92 422 0.1193
92 423 0.1099
92 424 0.6338
92 425 0.2199
92 427 0.1098
92 428 0.5585
92 429 0.1493
92 430 0.2004
92 432 0.4216
92 433 0.2966
92 434 0.8477
92 435 0.3088
92 436 0.1673
92 438 0.1321
92 439 0.5193
92 440 0.5581
92 441 0.2144
92 442 0.2412
92 444 0.2404
92 445 0.1143
92 447 0.5838
92 449 0.4705
92 450 0.1470
92 451 0.3828
92 452 0.1843
92 453 0.2061
92 454 0.3133
92 455 0.1885
92 456 0.3470
92 457 0.0957
92 458 0.2087
92 459 0.1217
92 460 0.2041
92 461 0.2387
92 463 0.4198
92 465 0.2954
92 466 0.5641
92 467 0.2266
92 468 0.1501
92 469 0.1428
92 470 0.5618
92 471 0.2171
92 472 0.4045
92 474 0.3431
92 475 0.2449
92 476 0.1687
92 478 0.2207
92 479 0.2846
92 480 0.3424
92 481 0.5537
92 482 0.2398
92 484 0.2733
92 485 0.2027
92 486 0.2288
92 488 0.1357
92 490 0.1501
92 491 0.1194
92 492 0.1325
92 494 0.2108
92 495 0.8250
92 496 0.1415
92 497 0.2614
92 498 0.1928
92 499 0.1953
92 500 0.2194
92 501 0.1199
92 503 0.2051
92 504 0.4051
92 505 0.1493
92 506 0.1349
92 507 0.1276
92 508 0.1560
92 509 0.2673
92 510 0.3457
92 511 0.4670
92 512 0.2363
92 513 0.1577
92 514 0.3688
92 515 0.6096
92 516 0.6304
92 517 0.2903
92 518 0.2669
92 519 0.2970
92 520 0.1888
92 521 0.2423
92 522 0.1945
92 523 0.1540
92 525 0.1458
92 526 0.2207
92 527 0.1433
92 529 0.1461
92 530 0.1410
92 531 0.1680
92 532 0.1217
92 533 0.2374
92 534 0.3649
92 535 0.2282
92 536 0.6093
92 537 0.2732
92 539 0.1691
92 540 0.4617
92 541 0.1475
92 542 0.3382
92 543 0.2359
92 544 0.6829
92 545 0.2207
92 546 0.1836
92 547 0.1461
92 548 0.2472
92 549 0.1276
92 550 0.1722
92 551 0.2786
92 552 0.1836
92 553 0.3239
92 554 0.1912
92 555 0.1538
92 556 0.1199
92 557 0.6086
92 558 0.2750
92 560 0.1997
92 561 0.1983
92 562 0.1199
92 563 0.4623
92 564 0.1193
92 565 0.2344
92 567 0.1150
92 568 0.6193
92 569 0.1058
92 570 0.1433
92 571 0.3120
92 572 0.1372
92 573 0.4746
92 574 0.1700
92 575 0.1555
92 576 0.1798
92 577 0.1497
92 578 0.1819
92 579 0.4291
92 580 0.2491
92 581 0.1461
92 582 0.1451
92 583 0.1593
92 584 0.3683
92 585 0.3902
92 586 0.2007
92 587 0.5173
92 589 0.1659
92 590 0.2860
92 592 0.5100
92 594 0.1206
92 595 0.2941
92 599 0.1639
92 600 0.1217
92 601 0.1647
92 602 0.1470
92 604 0.1142
92 605 0.3904
92 606 0.1570
92 607 0.1848
92 609 0.1537
92 610 0.1402
92 612 0.1339
92 613 0.1737
92 614 0.7493
92 615 0.2251
92 616 0.1659
92 617 0.1453
92 618 0.2628
92 619 0.5791
92 620 0.1873
92 621 0.1772
92 622 0.2292
92 623 0.1915
92 625 0.2314
92 626 0.3247
92 627 0.1508
92 628 0.4154
92 629 0.2505
92 631 0.1583
92 632 0.1095
92 633 0.2467
92 634 0.4051
92 635 0.1217
92 636 0.1569
92 637 0.6044
92 638 0.3922
92 639 0.6932
92 642 0.6762
92 643 0.2435
92 645 0.5810
92 646 0.2840
92 647 0.1217
92 648 0.1451
92 649 0.1673
92 650 0.2116
92 651 0.5569
92 652 0.1742
92 653 0.1376
92 654 0.1745
92 655 0.2556
92 656 0.2207
92 657 0.1217
92 658 0.1911
92 659 0.4026
92 660 0.1640
92 661 0.3155
92 662 0.1836
92 663 0.3855
92 664 0.4130
92 666 0.2039
92 667 0.1729
92 668 0.1394
92 671 0.6084
92 672 0.1749
92 673 0.1904
92 674 0.3971
92 675 0.1734
92 676 0.2515
92 677 0.1699
92 678 0.1756
92 679 0.1053
92 680 0.1169
92 681 0.2166
92 682 0.1420
92 684 0.5671
92 685 0.2412
92 686 0.1941
92 687 0.1997
92 688 0.5140
92 689 0.8210
92 690 0.1461
92 691 0.2435
92 692 0.1613
92 693 0.1421
92 694 0.1163
92 695 0.3109
92 696 0.2681
92 697 0.1461
92 698 0.6276
92 699 0.4389
92 700 0.2307
92 701 0.1217
92 702 0.1062
92 703 0.1369
92 704 0.1357
92 705 0.1921
92 706 0.6477
92 707 0.4794
92 708 0.1798
92 709 0.2986
92 710 0.2927
92 711 0.5162
92 712 0.1193
92 713 0.4472
92 714 0.4136
92 715 0.1607
92 716 0.3089
92 717 0.1588
92 718 0.1967
92 722 0.2530
92 723 0.1607
92 724 0.4649
92 726 0.3971
92 727 0.2113
92 728 0.3061
92 729 0.1805
92 731 0.4796
92 732 0.2602
92 733 0.2491
92 734 0.1797
92 735 0.4662
92 736 0.6271
92 737 0.3415
92 738 0.2033
92 740 0.2168
92 741 0.6510
92 742 0.1319
92 743 0.5615
92 744 0.3197
92 745 0.1098
92 747 0.2982
92 748 0.9506
92 749 0.1193
92 750 0.1320
92 752 0.5669
92 753 0.1904
92 755 0.4906
92 756 0.1217
92 757 0.2297
92 758 0.3022
92 759 0.1848
92 760 0.1544
92 762 0.2207
92 763 0.3640
92 764 0.2641
92 765 0.1658
92 766 0.2045
92 767 0.2621
92 768 0.4364
92 769 0.2213
92 770 0.2619
92 771 0.2108
92 772 0.1781
92 773 0.1614
92 775 0.1858
92 776 0.2887
92 777 0.5356
92 778 0.1928
92 780 0.3294
92 781 0.1890
92 782 0.3157
92 783 0.2845
92 784 0.1432
92 785 0.2208
92 786 0.2281
92 787 0.1461
92 789 0.2703
92 791 0.1477
92 792 0.3835
92 793 0.2115
92 794 0.1732
92 795 0.2323
92 796 0.2418
92 797 0.1770
92 798 0.1199
92 799 0.1734
92 800 0.1673
92 801 0.2985
92 802 0.1850
92 803 0.2215
92 804 0.6885
92 805 0.1445
92 806 0.4108
92 807 0.1761
92 808 0.6859
92 809 0.1735
92 810 0.1832
92 811 0.7172
92 812 0.1782
92 813 0.6317
92 814 0.3133
92 815 0.1904
92 816 0.1493
92 817 0.1475
92 818 0.1634
92 819 0.1807
92 820 0.4833
92 821 0.2088
92 822 0.1734
92 823 0.4004
92 824 0.3155
92 825 0.5208
92 827 0.1013
92 828 0.1600
92 829 0.1907
92 830 0.3036
92 831 0.2782
92 832 0.3968
92 833 0.3213
92 834 0.2808
92 835 0.1747
92 836 0.2691
92 837 0.2852
92 838 0.2351
92 839 0.4845
92 840 0.3414
92 841 0.1637
92 842 0.2207
92 843 0.5968
92 844 0.2345
92 845 0.1981
92 846 0.4315
92 848 0.2022
92 849 0.0934
92 851 0.6065
92 852 0.1217
92 853 0.2786
92 854 0.1217
92 855 0.2701
92 856 0.1846
92 857 0.1357
92 858 0.2616
92 859 0.2749
92 860 0.1607
92 861 0.2459
92 862 0.1948
92 864 0.1062
92 865 0.4332
92 866 0.2556
92 867 0.3146
92 868 0.1909
92 869 0.1421
92 870 0.1406
92 871 0.1403
92 872 0.8312
92 874 0.2062
92 875 0.1287
92 876 0.6889
92 877 0.1217
92 878 0.2930
92 880 0.7051
92 881 0.1610
92 882 0.2457
92 883 0.0964
92 884 0.3093
92 885 0.1688
92 886 0.2303
92 887 0.2306
92 888 0.1804
92 889 0.3020
92 890 0.2000
92 891 0.8782
92 892 0.2932
92 893 0.2362
92 894 0.3150
92 895 0.2046
92 896 0.2412
92 898 0.2202
92 900 0.1201
92 901 0.3220
92 903 0.1079
92 905 0.1645
92 907 0.4099
92 908 0.2118
92 909 0.3299
92 911 0.2314
92 913 0.2786
92 914 0.2441
92 915 0.4927
92 917 0.2074
92 918 0.1433
92 919 0.1164
92 920 0.1948
92 921 0.3624
92 922 0.1701
92 924 0.2239
92 928 0.3373
92 929 0.3324
92 930 0.2380
92 932 0.1640
92 934 0.2343
92 935 0.4578
92 936 0.4752
92 937 0.2102
92 938 0.3022
92 940 0.1493
92 942 0.1578
92 943 0.3257
92 944 0.1492
92 946 0.1989
92 947 0.1603
92 948 0.1695
92 949 0.1658
92 950 0.1421
92 951 0.1904
92 952 0.1335
92 953 0.1957
92 954 0.3547
92 955 0.4212
92 956 0.1593
92 957 0.1437
92 958 0.4848
92 959 0.4110
92 960 0.3789
92 961 0.2651
92 962 0.1819
92 964 0.2188
92 965 0.2078
92 966 0.4539
92 967 0.2335
92 968 0.2216
92 969 0.1959
92 971 0.1948
92 972 0.1538
92 973 0.1974
92 974 0.4354
92 975 0.1890
92 976 0.2391
92 977 0.1836
92 978 0.2639
92 979 0.1753
92 980 0.1405
92 982 0.2818
92 983 0.2207
92 984 0.1322
92 985 0.3922
92 986 0.1306
92 987 0.1556
92 989 0.1837
92 990 0.1673
92 991 0.1904
92 992 0.2189
92 993 0.6113
92 994 0.3475
92 995 0.2724
92 996 0.1836
92 999 0.2725
92 1000 0.1895
92 1001 0.2122
92 1002 0.2429
92 1003 0.7553
92 1004 0.3691
92 1006 0.1747
92 1007 0.3934
92 1008 0.4092
92 1013 0.1433
92 1014 0.1625
92 1015 0.2984
92 1016 0.1747
92 1017 0.1501
92 1018 0.1420
92 1019 0.1217
92 1020 0.3229
92 1022 0.2119
92 1023 0.3211
92 1024 0.2053
92 1026 0.1214
92 1027 0.1641
92 1028 0.3602
92 1029 0.5843
92 1030 0.1989
92 1032 0.2754
92 1033 0.2314
92 1034 0.1747
92 1035 0.1836
92 1036 0.1082
92 1037 0.2459
92 1038 0.2159
92 1039 0.2459
92 1040 0.1640
92 1041 0.1814
92 1042 0.2909
92 1044 0.3224
92 1045 0.2331
92 1046 0.2648
92 1047 0.1067
92 1048 0.1458
92 1049 0.1062
92 1051 0.1384
92 1053 0.1217
92 1054 0.4526
92 1055 0.4879
92 1056 0.1132
92 1057 0.3922
92 1059 0.1526
92 1060 0.2975
92 1061 0.2038
92 1063 0.7707
92 1064 0.2245
92 1065 0.1192
92 1066 0.3520
92 1067 0.5496
92 1068 0.1530
92 1069 0.1836
92 1070 0.1432
92 1073 0.2669
92 1075 0.3166
92 1076 0.1782
92 1077 0.1217
92 1078 0.3358
92 1079 0.1653
92 1080 0.1640
92 1082 0.1461
92 1083 0.8110
92 1084 0.1203
92 1085 0.2271
92 1087 0.1695
92 1089 0.2582
92 1090 0.1217
92 1091 0.1836
92 1093 0.2093
92 1094 0.1836
92 1096 0.1890
92 1097 0.1836
92 1099 0.9237
92 1102 0.4051
92 1103 0.1839
92 1104 0.2513
92 1105 0.3302
92 1106 0.2164
92 1107 0.2404
92 1108 0.1098
92 1110 0.2207
92 1111 0.2014
92 1116 0.2357
92 1117 0.1217
92 1118 0.1954
92 1119 0.1553
92 1121 0.1611
92 1122 0.2184
92 1123 0.1836
92 1124 0.2207
92 1125 0.1470
92 1126 0.1767
92 1127 0.1717
92 1128 0.2351
92 1129 0.1320
92 1130 0.5783
92 1131 0.1673
92 1133 0.1954
92 1134 0.1836
92 1135 0.9361
92 1136 0.3157
92 1138 0.2184
92 1139 0.2851
92 1141 0.0961
92 1142 0.1813
92 1143 0.2664
92 1144 0.2314
92 1145 0.1217
92 1146 0.1557
92 1147 0.0951
92 1148 0.1836
92 1150 0.4092
92 1151 0.1711
92 1152 0.8924
92 1153 0.1103
92 1154 0.6352
92 1155 0.1836
92 1156 0.1809
92 1157 0.3423
92 1158 0.1807
92 1159 0.1884
92 1162 0.1836
92 1163 0.3497
92 1166 0.2000
92 1167 0.1476
92 1169 0.1611
92 1172 0.2241
92 1174 0.1726
92 1176 0.2146
92 1177 0.2011
92 1178 0.1433
92 1180 0.1788
92 1182 0.2062
92 1183 0.2007
92 1185 0.1538
92 1187 0.1547
92 1188 0.2697
92 1189 0.2007
92 1191 0.1434
92 1192 0.1836
92 1193 0.1359
92 1194 0.1213
92 1196 0.4229
92 1197 0.3363
92 1199 0.1848
92 1200 0.1786
92 1201 0.3057
92 1202 0.1724
92 1204 0.3449
92 1205 0.1491
92 1206 0.3393
92 1207 0.1884
92 1208 0.2021
92 1209 0.1597
92 1210 0.2350
92 1211 0.5094
92 1213 0.1876
92 1214 0.1217
92 1215 0.1217
92 1216 0.2073
92 1217 0.1747
92 1218 0.1648
92 1219 0.1890
92 1220 0.1803
92 1221 0.2412
92 1222 0.1904
92 1223 0.1359
92 1225 0.6334
92 1226 0.3416
92 1228 0.1640
92 1229 0.1890
92 1230 0.1783
92 1231 0.1461
92 1233 0.1785
92 1235 0.1836
92 1236 0.2053
92 1237 0.1492
92 1238 0.1461
92 1240 0.4348
92 1242 0.3675
92 1243 0.1724
92 1246 0.1981
92 1247 0.2853
92 1248 0.1868
92 1250 0.1581
92 1251 0.2207
92 1252 0.1877
92 1253 0.1924
92 1254 0.1437
92 1256 0.2469
92 1257 0.1836
92 1258 0.2931
92 1259 0.1265
92 1260 0.1231
92 1262 0.2346
92 1263 0.1595
92 1265 0.2207
92 1267 0.2118
92 1268 0.1890
92 1269 0.4725
92 1270 0.2687
92 1271 0.0894
92 1272 0.1525
92 1273 0.1948
92 1274 0.1890
92 1275 0.2102
92 1276 0.1526
92 1278 0.0913
92 1279 0.1841
92 1280 0.1877
92 1281 0.1477
92 1282 0.1301
92 1283 0.1611
92 1284 0.2207
92 1286 0.2122
92 1287 0.1052
92 1288 0.1760
92 1289 0.1818
92 1290 0.1341
92 1291 0.1087
92 1292 0.6224
92 1295 0.1199
92 1296 0.1217
92 1297 0.1501
92 1298 0.1098
92 1299 0.1862
92 1300 0.1193
92 1301 0.1904
92 1303 0.2500
92 1304 0.2271
92 1305 0.1103
92 1306 0.2207
92 1307 0.3256
92 1308 0.2763
92 1309 0.1736
92 1310 0.1217
92 1311 0.1607
92 1312 0.1904
92 1316 0.8169
92 1320 0.1563
92 1322 0.1477
92 1323 0.1774
92 1324 0.1217
92 1325 0.1640
92 1326 0.1217
92 1327 0.3006
92 1330 0.1495
92 1332 0.1988
92 1333 0.2004
92 1334 0.1868
92 1335 0.2011
92 1337 0.1918
92 1340 0.1598
92 1341 0.1836
92 1342 0.2524
92 1344 0.1960
92 1345 0.1836
92 1346 0.1461
92 1347 0.2207
92 1348 0.2369
92 1349 0.2512
92 1351 0.1491
92 1353 0.1530
92 1354 0.1904
92 1355 0.1530
92 1356 0.2044
92 1358 0.1836
92 1360 0.1747
92 1361 0.1623
92 1362 0.2347
92 1363 0.2021
92 1364 0.1493
92 1365 0.1607
92 1367 0.1597
92 1368 0.1989
92 1369 0.4900
92 1370 0.3123
92 1371 0.1598
92 1372 0.2062
92 1373 0.1817
92 1374 0.2188
92 1375 0.1493
92 1376 0.1904
92 1377 0.1462
92 1378 0.2081
92 1379 0.1839
92 1380 0.2073
92 1381 0.1983
92 1382 0.2207
92 1386 0.1104
92 1387 0.2630
92 1388 0.1308
92 1389 0.1705
92 1390 0.1844
92 1392 0.1604
92 1395 0.1835
92 1396 0.1315
92 1397 0.2586
92 1398 0.2470
92 1399 0.1625
92 1401 0.1217
92 1402 0.1867
92 1405 0.1112
92 1406 0.1948
92 1407 0.3000
92 1408 0.1472
92 1409 0.1947
92 1410 0.1294
92 1411 0.1957
92 1413 0.1217
92 1414 0.2314
92 1415 0.1516
92 1416 0.1217
92 1418 0.1206
92 1419 0.1214
92 1420 0.2957
92 1421 0.2000
92 1423 0.2207
92 1424 0.1217
92 1425 0.0964
92 1426 0.1976
92 1427 0.1435
92 1428 0.1194
92 1431 0.1187
92 1434 0.7914
92 1435 0.3205
92 1436 0.0964
92 1437 0.1154
92 1438 0.0964
92 1439 0.1695
92 1440 0.3646
92 1441 0.1948
92 1445 0.0951
92 1446 0.1012
92 1448 0.1836
92 1449 0.1747
92 1451 0.3959
92 1452 0.2037
92 1453 0.3067
92 1456 0.4012
92 1457 0.3157
92 1458 0.1911
92 1459 0.2669
92 1460 0.3922
92 1461 0.1433
92 1462 0.1836
92 1463 0.1890
92 1464 0.2808
92 1465 0.2872
92 1466 0.3938
92 1468 0.1217
92 1470 0.2912
92 1472 0.2505
92 1473 0.2292
92 1474 0.1915
92 1477 0.2241
92 1478 0.1217
92 1479 0.3821
92 1480 0.3461
92 1481 0.2259
92 1482 0.2726
92 1484 0.1433
92 1485 0.2308
92 1487 0.1673
92 1488 0.1836
92 1490 0.3994
92 1491 0.6394
92 1495 0.1451
92 1497 0.2330
92 1498 0.2651
92 1499 0.2153
92 1501 0.2284
92 1503 0.4483
92 1504 0.3040
92 1505 0.1796
92 1506 0.2207
92 1507 0.1659
92 1508 0.1433
92 1510 0.1660
92 1511 0.1773
92 1512 0.1836
92 1513 0.3213
92 1514 0.1217
92 1516 0.3311
92 1517 0.2941
92 1518 0.4790
92 1519 0.3174
92 1520 0.7525
92 1522 0.2053
92 1525 0.1833
92 1526 0.1323
92 1527 0.2749
92 1529 0.2468
92 1530 0.1326
92 1531 0.3235
92 1532 0.1217
92 1534 0.2327
92 1535 0.1593
92 1536 0.1573
92 1538 0.2807
92 1540 0.2053
92 1541 0.1526
92 1542 0.1303
92 1544 0.1890
92 1546 0.2207
92 1547 0.3397
92 1548 0.1372
92 1549 0.1890
92 1550 0.1477
92 1551 0.1498
92 1552 0.1747
92 1553 0.1836
92 1554 0.2564
92 1555 0.1349
92 1562 0.1836
92 1565 0.1570
92 1567 0.1836
92 1568 0.1639
92 1569 0.1836
92 1570 0.1217
92 1571 0.2827
92 1572 0.2094
92 1573 0.1640
92 1574 0.1623
92 1577 0.2088
92 1578 0.1836
92 1579 0.2247
92 1580 0.1986
92 1581 0.2288
92 1582 0.1217
92 1583 0.1967
92 1586 0.1890
92 1587 0.1659
92 1588 0.1104
92 1589 0.1868
92 1590 0.2207
92 1591 0.1724
92 1592 0.1836
92 1593 0.2628
92 1595 0.2749
92 1596 0.2207
92 1597 0.1635
92 1598 0.1836
92 1599 0.2207
92 1602 0.1836
92 1603 0.1747
92 1604 0.2004
92 1606 0.1639
92 1608 0.3031
92 1609 0.1904
92 1610 0.1782
92 1611 0.2473
92 1612 0.2021
92 1613 0.3114
92 1615 0.1659
92 1616 0.1611
92 1618 0.4941
92 1619 0.1659
92 1620 0.1747
92 1621 0.4115
92 1622 0.6895
92 1623 0.2314
92 1624 0.3732
92 1625 0.1868
92 1626 0.1217
92 1628 0.1807
92 1629 0.2207
92 1630 0.2271
92 1631 0.1217
92 1632 0.1885
92 1633 0.1463
92 1634 0.3365
92 1636 0.2271
92 1637 0.1836
92 1639 0.2004
92 1640 0.1823
92 1643 0.1695
92 1644 0.1640
92 1645 0.1890
92 1646 0.1747
92 1647 0.1952
92 1648 0.1836
92 1649 0.1868
92 1650 0.1458
92 1651 0.1217
92 1653 0.2428
92 1654 0.1217
92 1657 0.1836
92 1658 0.1747
92 1659 0.1988
92 1661 0.1836
92 1662 0.1432
92 1663 0.1214
92 1665 0.1448
92 1667 0.1545
92 1668 0.2350
92 1671 0.2491
92 1672 0.2207
92 1673 0.1738
92 1674 0.2073
92 1675 0.1458
92 1676 0.1099
92 1678 0.1710
92 1679 0.2021
92 1680 0.2039
92 1681 0.2207
92 1683 0.3818
92 1685 0.1747
92 1687 0.1799
92 1689 0.8337
92 1690 0.1869
92 1691 0.1954
92 1692 0.2792
92 1693 0.1535
92 1694 0.2207
92 1696 0.2207
92 1697 0.1822
92 1698 0.1458
92 1700 0.0934
92 1701 0.0934
92 1702 0.0934
92 1703 0.1607
92 1704 0.1294
92 1705 0.1357
92 1707 0.4518
92 1709 0.2007
92 1710 0.2207
92 1711 0.0934
92 1712 0.8003
92 1713 0.3199
92 1714 0.0900
92 1715 0.0934
92 1716 0.1535
92 1717 0.7703
92 1718 0.1902
92 1719 0.0964
92 1720 0.2207
92 1721 0.1217
92 1722 0.1217
92 1724 0.1659
92 1725 0.2207
92 1726 0.2207
92 1728 0.1836
92 1730 0.2062
93 94 0.2778
93 95 0.3694
93 96 0.2479
93 97 0.2065
93 98 0.5746
93 99 0.4664
93 100 0.2680
93 101 0.3572
93 102 0.1884
93 103 0.5765
93 104 0.4797
93 105 0.2558
93 106 0.1143
93 108 0.7283
93 109 0.2417
93 110 0.1302
93 111 0.5079
93 112 0.6387
93 113 0.1965
93 114 0.1178
93 115 0.1708
93 116 0.2032
93 117 0.3697
93 119 0.3975
93 120 0.7476
93 121 0.2495
93 122 0.3839
93 123 0.6477
93 124 0.2236
93 125 0.2296
93 126 0.6674
93 127 0.1732
93 128 0.1574
93 129 0.1385
93 130 0.2646
93 131 0.1365
93 132 0.2723
93 133 0.1912
93 134 0.9220
93 135 0.1751
93 136 0.4918
93 137 0.4852
93 138 0.3683
93 139 0.3047
93 140 0.4294
93 143 0.4065
93 144 0.3325
93 145 0.7225
93 146 0.5305
93 147 0.6097
93 148 0.4791
93 149 0.2042
93 150 0.1954
93 151 0.7718
93 152 0.7866
93 153 0.5900
93 154 0.2717
93 156 0.2445
93 157 0.1836
93 158 0.3268
93 159 0.3847
93 160 0.3264
93 161 0.1692
93 162 0.4962
93 163 0.8599
93 164 0.6259
93 165 0.8257
93 166 0.3181
93 167 0.1987
93 168 0.1923
93 169 0.5881
93 170 0.2222
93 171 0.1347
93 172 0.3271
93 173 0.1751
93 174 0.2148
93 175 0.3341
93 176 0.6282
93 177 0.1968
93 178 0.3383
93 179 0.5605
93 180 0.1378
93 182 0.7932
93 183 0.1338
93 184 0.5833
93 185 0.2430
93 186 0.6575
93 187 0.8056
93 188 0.1120
93 189 0.2649
93 190 0.1683
93 191 0.1299
93 192 0.4851
93 193 0.1495
93 194 0.5488
93 195 0.7091
93 196 0.5912
93 197 0.4071
93 198 0.1226
93 199 0.3880
93 200 0.1530
93 201 0.2237
93 202 0.1555
93 203 0.1569
93 204 0.4008
93 206 0.2582
93 207 0.2033
93 208 0.1334
93 209 0.1813
93 210 0.2006
93 211 0.2106
93 212 0.2999
93 213 0.3498
93 214 0.1889
93 215 0.4082
93 216 0.2700
93 217 0.2546
93 218 0.1741
93 219 0.1911
93 220 0.1840
93 221 0.2818
93 223 0.5439
93 224 0.1087
93 225 0.2387
93 226 0.2944
93 227 0.1741
93 228 0.2118
93 229 0.4230
93 230 0.3894
93 231 0.1827
93 232 0.5359
93 233 0.1867
93 234 0.6001
93 235 0.7010
93 236 0.2323
93 237 0.3313
93 238 0.4486
93 239 0.1854
93 240 0.2831
93 241 0.1612
93 242 0.3171
93 243 0.1231
93 245 0.5806
93 246 0.1619
93 248 0.2198
93 249 0.2042
93 250 0.1770
93 251 0.3195
93 253 0.2030
93 254 0.1738
93 255 0.2296
93 256 0.7022
93 257 0.1760
93 258 0.3487
93 260 0.2296
93 261 0.2203
93 262 0.2048
93 263 0.2192
93 264 0.4640
93 265 0.1697
93 266 0.3999
93 267 0.2149
93 268 0.5754
93 269 0.1433
93 270 0.3526
93 271 0.2414
93 272 0.2159
93 273 0.2011
93 274 0.3060
93 275 0.3250
93 276 0.9342
93 278 0.2235
93 279 0.1057
93 280 0.2050
93 281 0.1959
93 282 0.5512
93 283 0.1941
93 284 0.1335
93 285 0.2012
93 286 0.9132
93 287 0.3282
93 288 0.3683
93 289 0.1320
93 290 0.6635
93 291 0.1678
93 292 0.3408
93 293 0.2311
93 294 0.3376
93 295 0.4607
93 296 0.2304
93 297 0.5743
93 299 0.2267
93 300 0.3928
93 301 0.2765
93 303 0.3887
93 304 0.1594
93 305 0.1840
93 306 0.3446
93 307 0.1587
93 308 0.2835
93 309 0.3254
93 310 0.2011
93 311 0.2199
93 312 0.1276
93 313 0.3171
93 314 0.1028
93 315 0.3830
93 317 0.2995
93 318 0.4458
93 319 0.4561
93 320 0.1595
93 321 0.5386
93 322 0.2995
93 323 0.2264
93 324 0.1637
93 325 0.1703
93 326 0.1664
93 327 0.1959
93 328 0.1397
93 329 0.2511
93 330 0.1903
93 331 0.6537
93 332 0.6218
93 333 0.3760
93 334 0.2625
93 335 0.1987
93 336 0.2924
93 337 0.2188
93 338 0.7631
93 339 0.1867
93 340 0.1689
93 341 0.5839
93 342 0.2079
93 343 0.2263
93 344 0.1615
93 346 0.2908
93 347 0.1398
93 348 0.2111
93 349 0.1703
93 350 0.6097
93 351 0.5375
93 352 0.2201
93 353 0.1766
93 354 0.2903
93 356 0.2995
93 357 0.4691
93 358 0.4255
93 360 0.4288
93 361 0.5601
93 362 0.6450
93 363 0.1606
93 364 0.4360
93 366 0.6561
93 367 0.1760
93 368 0.1830
93 370 0.2802
93 371 0.1593
93 372 0.7074
93 373 0.5375
93 374 0.2816
93 375 0.4952
93 376 0.2581
93 377 0.1405
93 378 0.1959
93 379 0.3863
93 380 0.3165
93 381 0.2908
93 382 0.2169
93 383 0.7470
93 384 0.1473
93 385 0.1883
93 386 0.2992
93 387 0.2371
93 388 0.2401
93 389 0.2559
93 390 0.3887
93 391 0.6193
93 392 0.3580
93 393 0.5024
93 394 0.1865
93 395 0.1708
93 396 0.3153
93 397 0.1543
93 398 0.4296
93 399 0.3690
93 400 0.1659
93 402 0.1664
93 403 0.1695
93 404 0.5375
93 405 0.1883
93 406 0.2577
93 407 0.1973
93 408 0.2995
93 409 0.1331
93 410 0.1664
93 411 0.3050
93 412 0.4387
93 413 0.5310
93 414 0.3253
93 415 0.2952
93 416 0.4012
93 417 0.1931
93 418 0.5452
93 419 0.2169
93 420 0.3655
93 421 0.2212
93 422 0.0875
93 423 0.1543
93 424 0.1987
93 425 0.2324
93 427 0.1307
93 428 0.3264
93 429 0.1696
93 430 0.3489
93 432 0.2568
93 433 0.6491
93 434 0.5733
93 435 0.6191
93 436 0.1850
93 438 0.3353
93 439 0.1873
93 440 0.1780
93 441 0.6288
93 442 0.8352
93 444 0.1641
93 445 0.1278
93 447 0.3126
93 449 0.4970
93 450 0.2511
93 451 0.1786
93 452 0.1471
93 453 0.1426
93 454 0.9182
93 455 0.2458
93 456 0.4459
93 457 0.1727
93 458 0.3083
93 459 0.2995
93 460 0.3887
93 461 0.2248
93 463 0.4244
93 465 0.1467
93 466 0.8367
93 467 0.1928
93 468 0.1425
93 469 0.1849
93 470 0.2786
93 471 0.6661
93 472 0.3091
93 474 0.2174
93 475 0.6469
93 476 0.5003
93 478 0.1883
93 479 0.4322
93 480 0.1889
93 481 0.2070
93 482 0.2156
93 484 0.4909
93 485 0.0985
93 486 0.1883
93 488 0.1710
93 490 0.1425
93 491 0.1252
93 492 0.2029
93 494 0.2903
93 495 0.5224
93 496 0.4473
93 497 0.6836
93 498 0.1169
93 499 0.2399
93 500 0.5600
93 501 0.1267
93 503 0.3888
93 504 0.2363
93 505 0.1696
93 506 0.6092
93 507 0.1347
93 508 0.6044
93 509 0.2754
93 510 0.2009
93 511 0.4964
93 512 0.3922
93 513 0.1472
93 514 0.5048
93 515 0.7936
93 516 0.6158
93 517 0.1697
93 518 0.2436
93 519 0.2054
93 520 0.1425
93 521 0.2564
93 522 0.1854
93 523 0.1953
93 525 0.1805
93 526 0.2572
93 527 0.2296
93 529 0.5375
93 530 0.2479
93 531 0.4486
93 532 0.2995
93 533 0.4068
93 534 0.3446
93 535 0.2012
93 536 0.3214
93 537 0.2124
93 539 0.2144
93 540 0.4825
93 541 0.6793
93 542 0.3369
93 543 0.2546
93 544 0.6361
93 545 0.2564
93 546 0.2267
93 547 0.5375
93 548 0.6137
93 549 0.1549
93 550 0.1893
93 551 0.2264
93 552 0.2780
93 553 0.2853
93 554 0.2290
93 555 0.1626
93 556 0.1267
93 557 0.2852
93 558 0.4257
93 560 0.2703
93 561 0.2072
93 562 0.1267
93 563 0.5668
93 564 0.0875
93 565 0.3845
93 567 0.1673
93 568 0.5925
93 569 0.1099
93 570 0.2296
93 571 0.3947
93 572 0.2275
93 573 0.2567
93 574 0.2075
93 575 0.5965
93 576 0.1890
93 577 0.4428
93 578 0.3574
93 579 0.7220
93 580 0.1883
93 581 0.5375
93 582 0.1305
93 583 0.1395
93 584 0.1638
93 585 0.5010
93 586 0.2010
93 587 0.4750
93 589 0.2529
93 590 0.8807
93 592 0.4781
93 594 0.1716
93 595 0.1587
93 599 0.3207
93 600 0.2995
93 601 0.3353
93 602 0.5117
93 604 0.0947
93 605 0.2236
93 606 0.1824
93 607 0.5677
93 609 0.1829
93 610 0.5439
93 612 0.5114
93 613 0.3342
93 614 0.6148
93 615 0.1998
93 616 0.1998
93 617 0.1189
93 618 0.2978
93 619 0.6372
93 620 0.1892
93 621 0.1792
93 622 0.1912
93 623 0.1664
93 625 0.2042
93 626 0.2837
93 627 0.1742
93 628 0.2015
93 629 0.1953
93 631 0.5627
93 632 0.1562
93 633 0.5454
93 634 0.4115
93 635 0.2995
93 636 0.1892
93 637 0.7322
93 638 0.1732
93 639 0.6303
