101 267 0.3579
101 268 0.5301
101 269 0.2615
101 270 0.5155
101 271 0.2506
101 272 0.2148
101 273 0.1946
101 274 0.5414
101 275 0.3138
101 276 0.7837
101 278 0.2305
101 279 0.3370
101 280 0.2379
101 281 0.1897
101 282 0.4771
101 283 0.3565
101 284 0.1769
101 285 0.5635
101 286 0.8383
101 287 0.5562
101 288 0.4989
101 289 0.1700
101 290 0.8990
101 291 0.1825
101 292 0.4630
101 293 0.2357
101 294 0.4549
101 295 0.5788
101 296 0.2136
101 297 0.4435
101 299 0.1997
101 300 0.4193
101 301 0.4467
101 303 0.6308
101 304 0.2949
101 305 0.1205
101 306 0.2344
101 307 0.1959
101 308 0.5993
101 309 0.5831
101 310 0.1946
101 311 0.3676
101 312 0.1359
101 313 0.1561
101 314 0.1541
101 315 0.6156
101 317 0.1327
101 318 0.4043
101 319 0.4308
101 320 0.1751
101 321 0.4666
101 322 0.1327
101 323 0.2679
101 324 0.2266
101 325 0.1238
101 326 0.1351
101 327 0.1897
101 328 0.3308
101 329 0.2280
101 330 0.1508
101 331 0.5734
101 332 0.5605
101 333 0.4650
101 334 0.2506
101 335 0.2907
101 336 0.4444
101 337 0.5626
101 338 0.6535
101 339 0.1905
101 340 0.2712
101 341 0.4621
101 342 0.2672
101 343 0.3592
101 344 0.4179
101 346 0.4167
101 347 0.5198
101 348 0.3896
101 349 0.1238
101 350 0.4781
101 351 0.4092
101 352 0.3184
101 353 0.1730
101 354 0.3670
101 356 0.1327
101 357 0.7012
101 358 0.4040
101 360 0.4908
101 361 0.4557
101 362 0.5226
101 363 0.1990
101 364 0.2873
101 366 0.4437
101 367 0.2372
101 368 0.1473
101 370 0.2746
101 371 0.1609
101 372 0.6812
101 373 0.4092
101 374 0.1949
101 375 0.3453
101 376 0.1833
101 377 0.2384
101 378 0.1897
101 379 0.3507
101 380 0.3289
101 381 0.2096
101 382 0.1697
101 383 0.8031
101 384 0.2189
101 385 0.1873
101 386 0.1901
101 387 0.1571
101 388 0.3115
101 389 0.3059
101 390 0.2998
101 391 0.4458
101 392 0.3321
101 393 0.5024
101 394 0.2240
101 395 0.1484
101 396 0.2303
101 397 0.2417
101 398 0.2598
101 399 0.5185
101 400 0.1487
101 402 0.1523
101 403 0.1501
101 404 0.4092
101 405 0.1873
101 406 0.5690
101 407 0.1570
101 408 0.1327
101 409 0.1477
101 410 0.1698
101 411 0.3611
101 412 0.2407
101 413 0.4873
101 414 0.4242
101 415 0.6301
101 416 0.4150
101 417 0.1566
101 418 0.7290
101 419 0.3369
101 420 0.3613
101 421 0.2866
101 422 0.1837
101 423 0.2417
101 424 0.5958
101 425 0.1462
101 427 0.1647
101 428 0.5802
101 429 0.1554
101 430 0.2312
101 432 0.3850
101 433 0.7629
101 434 0.4784
101 435 0.4289
101 436 0.2002
101 438 0.4444
101 439 0.3306
101 440 0.3249
101 441 0.5696
101 442 0.6582
101 444 0.2838
101 445 0.2366
101 447 0.5652
101 449 0.6644
101 450 0.4090
101 451 0.3329
101 452 0.2314
101 453 0.2476
101 454 0.8427
101 455 0.4517
101 456 0.4099
101 457 0.3744
101 458 0.3282
101 459 0.1327
101 460 0.2695
101 461 0.2512
101 463 0.2612
101 465 0.3206
101 466 0.9092
101 467 0.2999
101 468 0.1377
101 469 0.2987
101 470 0.2414
101 471 0.6266
101 472 0.2815
101 474 0.3381
101 475 0.4369
101 476 0.5755
101 478 0.1873
101 479 0.5202
101 480 0.3084
101 481 0.4625
101 482 0.2559
101 484 0.4311
101 485 0.1628
101 486 0.4038
101 488 0.1198
101 490 0.1377
101 491 0.1841
101 492 0.2081
101 494 0.3670
101 495 0.6879
101 496 0.2958
101 497 0.6358
101 498 0.1905
101 499 0.4279
101 500 0.5002
101 501 0.1107
101 503 0.3206
101 504 0.2427
101 505 0.1554
101 506 0.3743
101 507 0.1667
101 508 0.4739
101 509 0.4538
101 510 0.3419
101 511 0.7372
101 512 0.6015
101 513 0.1303
101 514 0.5349
101 515 0.6215
101 516 0.5144
101 517 0.3877
101 518 0.1655
101 519 0.3831
101 520 0.1383
101 521 0.3453
101 522 0.1697
101 523 0.1799
101 525 0.1684
101 526 0.1657
101 527 0.1292
101 529 0.4092
101 530 0.3952
101 531 0.6484
101 532 0.1327
101 533 0.1825
101 534 0.4672
101 535 0.5174
101 536 0.3545
101 537 0.3890
101 539 0.2154
101 540 0.5749
101 541 0.3956
101 542 0.4587
101 543 0.1977
101 544 0.4518
101 545 0.3070
101 546 0.2780
101 547 0.4092
101 548 0.5760
101 549 0.2908
101 550 0.2838
101 551 0.2679
101 552 0.2663
101 553 0.3474
101 554 0.1491
101 555 0.2221
101 556 0.1107
101 557 0.5286
101 558 0.3078
101 560 0.3176
101 561 0.1711
101 562 0.1107
101 563 0.6562
101 564 0.1837
101 565 0.6015
101 567 0.5045
101 568 0.8817
101 569 0.2033
101 570 0.1292
101 571 0.3739
101 572 0.4490
101 573 0.4186
101 574 0.1929
101 575 0.4979
101 576 0.2172
101 577 0.4316
101 578 0.5979
101 579 0.4217
101 580 0.2218
101 581 0.4092
101 582 0.1117
101 583 0.1304
101 584 0.1902
101 585 0.4239
101 586 0.1832
101 587 0.6830
101 589 0.2895
101 590 0.8586
101 592 0.4296
101 594 0.1962
101 595 0.1959
101 599 0.3056
101 600 0.1327
101 601 0.5779
101 602 0.3968
101 604 0.1452
101 605 0.3933
101 606 0.2521
101 607 0.4394
101 609 0.1811
101 610 0.6273
101 612 0.4367
101 613 0.3554
101 614 0.7232
101 615 0.1806
101 616 0.1501
101 617 0.4381
101 618 0.3692
101 619 0.5690
101 620 0.2283
101 621 0.3324
101 622 0.2422
101 623 0.1806
101 625 0.2050
101 626 0.2807
101 627 0.3977
101 628 0.4519
101 629 0.2774
101 631 0.4216
101 632 0.3153
101 633 0.3290
101 634 0.4222
101 635 0.1327
101 636 0.2159
101 637 0.6499
101 638 0.2354
101 639 0.4758
101 642 0.4564
101 643 0.2163
101 645 0.4862
101 646 0.3786
101 647 0.1327
101 648 0.1219
101 649 0.1318
101 650 0.6662
101 651 0.4389
101 652 0.1790
101 653 0.4034
101 654 0.4051
101 655 0.3816
101 656 0.3147
101 657 0.1327
101 658 0.3754
101 659 0.5071
101 660 0.1570
101 661 0.2384
101 662 0.3749
101 663 0.2274
101 664 0.4791
101 666 0.1997
101 667 0.2418
101 668 0.1384
101 671 0.4590
101 672 0.3538
101 673 0.2077
101 674 0.3629
101 675 0.2621
101 676 0.3065
101 677 0.2241
101 678 0.1798
101 679 0.1554
101 680 0.1905
101 681 0.2372
101 682 0.1271
101 684 0.4135
101 685 0.5209
101 686 0.2436
101 687 0.4112
101 688 0.3774
101 689 0.9030
101 690 0.4092
101 691 0.3134
101 692 0.1345
101 693 0.1946
101 694 0.1275
101 695 0.7927
101 696 0.3815
101 697 0.4092
101 698 0.8131
101 699 0.6139
101 700 0.5161
101 701 0.1327
101 702 0.1780
101 703 0.1531
101 704 0.1198
101 705 0.3913
101 706 0.5864
101 707 0.4523
101 708 0.1514
101 709 0.5132
101 710 0.3932
101 711 0.7771
101 712 0.1837
101 713 0.3485
101 714 0.5162
101 715 0.3780
101 716 0.5088
101 717 0.3114
101 718 0.2346
101 722 0.2753
101 723 0.1953
101 724 0.2764
101 726 0.2082
101 727 0.3059
101 728 0.1962
101 729 0.3809
101 731 0.3358
101 732 0.3446
101 733 0.1506
101 734 0.5270
101 735 0.3936
101 736 0.8503
101 737 0.8471
101 738 0.4735
101 740 0.2098
101 741 0.6126
101 742 0.2670
101 743 0.6464
101 744 0.3202
101 745 0.1544
101 747 0.3223
101 748 0.7953
101 749 0.1837
101 750 0.2808
101 752 0.5382
101 753 0.1987
101 755 0.2011
101 756 0.1327
101 757 0.1566
101 758 0.7516
101 759 0.2800
101 760 0.1502
101 762 0.1697
101 763 0.3172
101 764 0.1650
101 765 0.1262
101 766 0.1542
101 767 0.2866
101 768 0.8739
101 769 0.1989
101 770 0.3493
101 771 0.2034
101 772 0.2807
101 773 0.3589
101 775 0.4213
101 776 0.2018
101 777 0.4492
101 778 0.6433
101 780 0.3581
101 781 0.4069
101 782 0.3028
101 783 0.4238
101 784 0.1188
101 785 0.3231
101 786 0.7882
101 787 0.4092
101 789 0.3553
101 791 0.4360
101 792 0.1935
101 793 0.4594
101 794 0.4210
101 795 0.4390
101 796 0.5045
101 797 0.1670
101 798 0.1107
101 799 0.2621
101 800 0.2002
101 801 0.2195
101 802 0.1769
101 803 0.3087
101 804 0.8243
101 805 0.1903
101 806 0.3058
101 807 0.4774
101 808 0.6795
101 809 0.5347
101 810 0.3018
101 811 0.5027
101 812 0.1439
101 813 0.6745
101 814 0.5736
101 815 0.1570
101 816 0.2169
101 817 0.2947
101 818 0.1716
101 819 0.2497
101 820 0.3367
101 821 0.4706
101 822 0.1343
101 823 0.6762
101 824 0.2384
101 825 0.3148
101 827 0.2910
101 828 0.3550
101 829 0.2274
101 830 0.3700
101 831 0.4557
101 832 0.4138
101 833 0.2511
101 834 0.7801
101 835 0.1697
101 836 0.4259
101 837 0.4375
101 838 0.2330
101 839 0.3388
101 840 0.5971
101 841 0.1954
101 842 0.1873
101 843 0.5724
101 844 0.4715
101 845 0.2413
101 846 0.1753
101 848 0.1500
101 849 0.1863
101 851 0.7915
101 852 0.1327
101 853 0.3913
101 854 0.1327
101 855 0.3253
101 856 0.3487
101 857 0.1198
101 858 0.2432
101 859 0.2631
101 860 0.1790
101 861 0.5035
101 862 0.2136
101 864 0.2323
101 865 0.3930
101 866 0.2357
101 867 0.6119
101 868 0.2305
101 869 0.4011
101 870 0.1348
101 871 0.1623
101 872 0.9722
101 874 0.2559
101 875 0.2076
101 876 0.5129
101 877 0.1327
101 878 0.3062
101 880 0.6310
101 881 0.1240
101 882 0.3433
101 883 0.1806
101 884 0.4932
101 885 0.3230
101 886 0.3381
101 887 0.2123
101 888 0.3400
101 889 0.3490
101 890 0.1726
101 891 0.8060
101 892 0.4119
101 893 0.3702
101 894 0.3815
101 895 0.5647
101 896 0.2325
101 898 0.2779
101 900 0.1359
101 901 0.7059
101 903 0.2156
101 905 0.5347
101 907 0.2740
101 908 0.5660
101 909 0.1965
101 911 0.1962
101 913 0.2679
101 914 0.3274
101 915 0.8269
101 917 0.1997
101 918 0.1848
101 919 0.4418
101 920 0.2136
101 921 0.2353
101 922 0.4166
101 924 0.3717
101 928 0.5451
101 929 0.4119
101 930 0.1678
101 932 0.2549
101 934 0.3706
101 935 0.1845
101 936 0.5492
101 937 0.3439
101 938 0.3335
101 940 0.1554
101 942 0.1832
101 943 0.2916
101 944 0.4371
101 946 0.2548
101 947 0.2769
101 948 0.1629
101 949 0.1322
101 950 0.1946
101 951 0.1570
101 952 0.1226
101 953 0.2262
101 954 0.2270
101 955 0.5190
101 956 0.1710
101 957 0.1548
101 958 0.3501
101 959 0.3367
101 960 0.8465
101 961 0.3283
101 962 0.1392
101 964 0.3080
101 965 0.1512
101 966 0.1778
101 967 0.2818
101 968 0.7965
101 969 0.2154
101 971 0.2881
101 972 0.4204
101 973 0.3551
101 974 0.9591
101 975 0.1327
101 976 0.2175
101 977 0.1997
101 978 0.3212
101 979 0.4482
101 980 0.4150
101 982 0.2752
101 983 0.1631
101 984 0.1912
101 985 0.2354
101 986 0.4523
101 987 0.3498
101 989 0.4093
101 990 0.1658
101 991 0.2781
101 992 0.1757
101 993 0.3410
101 994 0.7587
101 995 0.6187
101 996 0.2780
101 999 0.1640
101 1000 0.2478
101 1001 0.1948
101 1002 0.4917
101 1003 0.5105
101 1004 0.5371
101 1006 0.1697
101 1007 0.6505
101 1008 0.2955
101 1013 0.1292
101 1014 0.3428
101 1015 0.2883
101 1016 0.3222
101 1017 0.3973
101 1018 0.1271
101 1019 0.1327
101 1020 0.5337
101 1022 0.5015
101 1023 0.2866
101 1024 0.4730
101 1026 0.3856
101 1027 0.1725
101 1028 0.1797
101 1029 0.1775
101 1030 0.4333
101 1032 0.2638
101 1033 0.2050
101 1034 0.1697
101 1035 0.1997
101 1036 0.2158
101 1037 0.3393
101 1038 0.1786
101 1039 0.2866
101 1040 0.2549
101 1041 0.4402
101 1042 0.3271
101 1044 0.4283
101 1045 0.4255
101 1046 0.2863
101 1047 0.1516
101 1048 0.2060
101 1049 0.1780
101 1051 0.1939
101 1053 0.1327
101 1054 0.2713
101 1055 0.3979
101 1056 0.2936
101 1057 0.2354
101 1059 0.1923
101 1060 0.4199
101 1061 0.2970
101 1063 0.6729
101 1064 0.1925
101 1065 0.1923
101 1066 0.6727
101 1067 0.4627
101 1068 0.2358
101 1069 0.2771
101 1070 0.1389
101 1073 0.3587
101 1075 0.3301
101 1076 0.3373
101 1077 0.1956
101 1078 0.2939
101 1079 0.3831
101 1080 0.2623
101 1082 0.4092
101 1083 0.7395
101 1084 0.1969
101 1085 0.2223
101 1087 0.3933
101 1089 0.5929
101 1090 0.1327
101 1091 0.2519
101 1093 0.3402
101 1094 0.1997
101 1096 0.1523
101 1097 0.1997
101 1099 0.9701
101 1102 0.2427
101 1103 0.5228
101 1104 0.5772
101 1105 0.5743
101 1106 0.3988
101 1107 0.2838
101 1108 0.1647
101 1110 0.1873
101 1111 0.2054
101 1116 0.2117
101 1117 0.1327
101 1118 0.3532
101 1119 0.2143
101 1121 0.3184
101 1122 0.1635
101 1123 0.1997
101 1124 0.1989
101 1125 0.2280
101 1126 0.3723
101 1127 0.1619
101 1128 0.2330
101 1129 0.2588
101 1130 0.6377
101 1131 0.1318
101 1133 0.2028
101 1134 0.1997
101 1135 0.9227
101 1136 0.3028
101 1138 0.1635
101 1139 0.1847
101 1141 0.1467
101 1142 0.1909
101 1143 0.3082
101 1144 0.3155
101 1145 0.1327
101 1146 0.3199
101 1147 0.1774
101 1148 0.2729
101 1150 0.1515
101 1151 0.4172
101 1152 0.7237
101 1153 0.2280
101 1154 0.2018
101 1155 0.1997
101 1156 0.1812
101 1157 0.3086
101 1158 0.2193
101 1159 0.1440
101 1162 0.1997
101 1163 0.5924
101 1166 0.1927
101 1167 0.1238
101 1169 0.1781
101 1172 0.2598
101 1174 0.3916
101 1176 0.1362
101 1177 0.1856
101 1178 0.1292
101 1180 0.1843
101 1182 0.3572
101 1183 0.1832
101 1185 0.1977
101 1187 0.1719
101 1188 0.2544
101 1189 0.1871
101 1191 0.1864
101 1192 0.2101
101 1193 0.1714
101 1194 0.1686
101 1196 0.4325
101 1197 0.3017
101 1199 0.1633
101 1200 0.4079
101 1201 0.5536
101 1202 0.3153
101 1204 0.4955
101 1205 0.1968
101 1206 0.4584
101 1207 0.1440
101 1208 0.2734
101 1209 0.3554
101 1210 0.5882
101 1211 0.7088
101 1213 0.3635
101 1214 0.2136
101 1215 0.1327
101 1216 0.4370
101 1217 0.3572
101 1218 0.3727
101 1219 0.1834
101 1220 0.4192
101 1221 0.5576
101 1222 0.4858
101 1223 0.4681
101 1225 0.8515
101 1226 0.7041
101 1228 0.2532
101 1229 0.2152
101 1230 0.5520
101 1231 0.4092
101 1233 0.2987
101 1235 0.3432
101 1236 0.3546
101 1237 0.4371
101 1238 0.4092
101 1240 0.3173
101 1242 0.3558
101 1243 0.2964
101 1246 0.2613
101 1247 0.3717
101 1248 0.2515
101 1250 0.3996
101 1251 0.3386
101 1252 0.5437
101 1253 0.2233
101 1254 0.1548
101 1256 0.5864
101 1257 0.1997
101 1258 0.6058
101 1259 0.4946
101 1260 0.5204
101 1262 0.2340
101 1263 0.1333
101 1265 0.1873
101 1267 0.3488
101 1268 0.2861
101 1269 0.4590
101 1270 0.3695
101 1271 0.3880
101 1272 0.3462
101 1273 0.2919
101 1274 0.1351
101 1275 0.3467
101 1276 0.2564
101 1278 0.2421
101 1279 0.2336
101 1280 0.6503
101 1281 0.1222
101 1282 0.2742
101 1283 0.2494
101 1284 0.1873
101 1286 0.2197
101 1287 0.1759
101 1288 0.1715
101 1289 0.1283
101 1290 0.1827
101 1291 0.2124
101 1292 0.5724
101 1295 0.1107
101 1296 0.1327
101 1297 0.1377
101 1298 0.2630
101 1299 0.1539
101 1300 0.1837
101 1301 0.2781
101 1303 0.4125
101 1304 0.2109
101 1305 0.2153
101 1306 0.1877
101 1307 0.2168
101 1308 0.3532
101 1309 0.1475
101 1310 0.1327
101 1311 0.1790
101 1312 0.1570
101 1316 0.8650
101 1320 0.1373
101 1322 0.1274
101 1323 0.4148
101 1324 0.1327
101 1325 0.2623
101 1326 0.1327
101 1327 0.3355
101 1330 0.1469
101 1332 0.1742
101 1333 0.4989
101 1334 0.1505
101 1335 0.2316
101 1337 0.3803
101 1340 0.2491
101 1341 0.3432
101 1342 0.5498
101 1344 0.2285
101 1345 0.1997
101 1346 0.4092
101 1347 0.1873
101 1348 0.4538
101 1349 0.2523
101 1351 0.1968
101 1353 0.1304
101 1354 0.1570
101 1355 0.1304
101 1356 0.2504
101 1358 0.1997
101 1360 0.3154
101 1361 0.3553
101 1362 0.2615
101 1363 0.2790
101 1364 0.1554
101 1365 0.4077
101 1367 0.5155
101 1368 0.5281
101 1369 0.6348
101 1370 0.5426
101 1371 0.2491
101 1372 0.1804
101 1373 0.2562
101 1374 0.2003
101 1375 0.1554
101 1376 0.1987
101 1377 0.3820
101 1378 0.2914
101 1379 0.5228
101 1380 0.3029
101 1381 0.3744
101 1382 0.2571
101 1386 0.2680
101 1387 0.5992
101 1388 0.2567
101 1389 0.3325
101 1390 0.2109
101 1392 0.1403
101 1395 0.2701
101 1396 0.4739
101 1397 0.2721
101 1398 0.4248
101 1399 0.2014
101 1401 0.1327
101 1402 0.1836
101 1405 0.5243
101 1406 0.4456
101 1407 0.2071
101 1408 0.2068
101 1409 0.3885
101 1410 0.4594
101 1411 0.2262
101 1413 0.1327
101 1414 0.2050
101 1415 0.2157
101 1416 0.2136
101 1418 0.1962
101 1419 0.3856
101 1420 0.3226
101 1421 0.4133
101 1423 0.1873
101 1424 0.1327
101 1425 0.1806
101 1426 0.4130
101 1427 0.1284
101 1428 0.1979
101 1431 0.1435
101 1434 0.8703
101 1435 0.5271
101 1436 0.1806
101 1437 0.1603
101 1438 0.1806
101 1439 0.1629
101 1440 0.2447
101 1441 0.2914
101 1445 0.1913
101 1446 0.1657
101 1448 0.1997
101 1449 0.1697
101 1451 0.5061
101 1452 0.2021
101 1453 0.4068
101 1456 0.3908
101 1457 0.3028
101 1458 0.3732
101 1459 0.3587
101 1460 0.2354
101 1461 0.1292
101 1462 0.1997
101 1463 0.1523
101 1464 0.3631
101 1465 0.2883
101 1466 0.3542
101 1468 0.1327
101 1470 0.3493
101 1472 0.2774
101 1473 0.2422
101 1474 0.2511
101 1477 0.1954
101 1478 0.3724
101 1479 0.4258
101 1480 0.3496
101 1481 0.2181
101 1482 0.4891
101 1484 0.1292
101 1485 0.3164
101 1487 0.2002
101 1488 0.1997
101 1490 0.3162
101 1491 0.3824
101 1495 0.1117
101 1497 0.2200
101 1498 0.3283
101 1499 0.1997
101 1501 0.2668
101 1503 0.5162
101 1504 0.2620
101 1505 0.2003
101 1506 0.1873
101 1507 0.1501
101 1508 0.1292
101 1510 0.3477
101 1511 0.1899
101 1512 0.1997
101 1513 0.2511
101 1514 0.1327
101 1516 0.3409
101 1517 0.1959
101 1518 0.4074
101 1519 0.4154
101 1520 0.8368
101 1522 0.1741
101 1525 0.2842
101 1526 0.1928
101 1527 0.2631
101 1529 0.1832
101 1530 0.1699
101 1531 0.2860
101 1532 0.1327
101 1534 0.1986
101 1535 0.1304
101 1536 0.2331
101 1538 0.3540
101 1540 0.4432
101 1541 0.1923
101 1542 0.2944
101 1544 0.4069
101 1546 0.1506
101 1547 0.3879
101 1548 0.2232
101 1549 0.1523
101 1550 0.1274
101 1551 0.1238
101 1552 0.3222
101 1553 0.2780
101 1554 0.2576
101 1555 0.1557
101 1562 0.1997
101 1565 0.1647
101 1567 0.1997
101 1568 0.3056
101 1569 0.1997
101 1570 0.1327
101 1571 0.3221
101 1572 0.3485
101 1573 0.1931
101 1574 0.3553
101 1577 0.4730
101 1578 0.1997
101 1579 0.4402
101 1580 0.3612
101 1581 0.1583
101 1582 0.1327
101 1583 0.1670
101 1586 0.1534
101 1587 0.1501
101 1588 0.4398
101 1589 0.1505
101 1590 0.1548
101 1591 0.3153
101 1592 0.1997
101 1593 0.4490
101 1595 0.2631
101 1596 0.1873
101 1597 0.3169
101 1598 0.2780
101 1599 0.2072
101 1602 0.1997
101 1603 0.3735
101 1604 0.4989
101 1606 0.3056
101 1608 0.7337
101 1609 0.1940
101 1610 0.2644
101 1611 0.3477
101 1612 0.3020
101 1613 0.5635
101 1615 0.3626
101 1616 0.3184
101 1618 0.5013
101 1619 0.3626
101 1620 0.1697
101 1621 0.4861
101 1622 0.8851
101 1623 0.4315
101 1624 0.5690
101 1625 0.1327
101 1626 0.1327
101 1628 0.1697
101 1629 0.1873
101 1630 0.4670
101 1631 0.1327
101 1632 0.2017
101 1633 0.3180
101 1634 0.4689
101 1636 0.1957
101 1637 0.2056
101 1639 0.4989
101 1640 0.4008
101 1643 0.1629
101 1644 0.1362
101 1645 0.1351
101 1646 0.1697
101 1647 0.1947
101 1648 0.1997
101 1649 0.1880
101 1650 0.1684
101 1651 0.1327
101 1653 0.3827
101 1654 0.1327
101 1657 0.1997
101 1658 0.3222
101 1659 0.1742
101 1661 0.2927
101 1662 0.1389
101 1663 0.3856
101 1665 0.2927
101 1667 0.2978
101 1668 0.4762
101 1671 0.1506
101 1672 0.2072
101 1673 0.1897
101 1674 0.1708
101 1675 0.1587
101 1676 0.2417
101 1678 0.3310
101 1679 0.2396
101 1680 0.3479
101 1681 0.2072
101 1683 0.3738
101 1685 0.1697
101 1687 0.2464
101 1689 0.9360
101 1690 0.2313
101 1691 0.1986
101 1692 0.3815
101 1693 0.3052
101 1694 0.2751
101 1696 0.1892
101 1697 0.1719
101 1698 0.1587
101 1700 0.1863
101 1701 0.1863
101 1702 0.1863
101 1703 0.1342
101 1704 0.1205
101 1705 0.1198
101 1707 0.2018
101 1709 0.2269
101 1710 0.1873
101 1711 0.1863
101 1712 0.9624
101 1713 0.3887
101 1714 0.1763
101 1715 0.1863
101 1716 0.1658
101 1717 0.9492
101 1718 0.3784
101 1719 0.1806
101 1720 0.1873
101 1721 0.1327
101 1722 0.1327
101 1724 0.1577
101 1725 0.3163
101 1726 0.1873
101 1728 0.1997
101 1730 0.1804
102 103 0.1611
102 104 0.1516
102 105 0.4729
102 106 0.6254
102 108 0.1708
102 109 0.2056
102 110 0.4533
102 111 0.3102
102 112 0.1668
102 113 0.7818
102 114 0.4971
102 115 0.1545
102 116 0.1374
102 117 0.2247
102 119 0.3684
102 120 0.2464
102 121 0.8568
102 122 0.1911
102 123 0.2810
102 124 0.1318
102 125 0.1609
102 126 0.5959
102 127 0.1186
102 128 0.1676
102 129 0.5142
102 130 0.4481
102 131 0.4295
102 132 0.1782
102 133 0.1731
102 134 0.2879
102 135 0.1383
102 136 0.2074
102 137 0.1134
102 138 0.1301
102 139 0.2425
102 140 0.2241
102 143 0.1312
102 144 0.5501
102 145 0.2064
102 146 0.4286
102 147 0.1037
102 148 0.2622
102 149 0.2005
102 150 0.1404
102 151 0.1077
102 152 0.0897
102 153 0.3255
102 154 0.2279
102 156 0.2209
102 157 0.1941
102 158 0.2816
102 159 0.8079
102 160 0.2257
102 161 0.5390
102 162 0.6297
102 163 0.3158
102 164 0.3337
102 165 0.2163
102 166 0.2937
102 167 0.1795
102 168 0.1546
102 169 0.1844
102 170 0.2948
102 171 0.1109
102 172 0.2561
102 173 0.2072
102 174 0.1813
102 175 0.2659
102 176 0.2645
102 177 0.2635
102 178 0.1838
102 179 0.2117
102 180 0.4405
102 182 0.3344
102 183 0.5603
102 184 0.1415
102 185 0.2406
102 186 0.4799
102 187 0.2278
102 188 0.5754
102 189 0.1476
102 190 0.1466
102 191 0.5591
102 192 0.1594
102 193 0.1366
102 194 0.3158
102 195 0.1719
102 196 0.3393
102 197 0.3288
102 198 0.4848
102 199 0.3658
102 200 0.5571
102 201 0.1758
102 202 0.1753
102 203 0.1293
102 204 0.3347
102 206 0.5646
102 207 0.5665
102 208 0.1070
102 209 0.1547
102 210 0.1188
102 211 0.5891
102 212 0.2705
102 213 0.1856
102 214 0.0838
102 215 0.1763
102 216 0.0928
102 217 0.1556
102 218 0.6026
102 219 0.2766
102 220 0.1219
102 221 0.1600
102 223 0.3207
102 224 0.5898
102 225 0.1404
102 226 0.1544
102 227 0.1492
102 228 0.4284
102 229 0.1656
102 230 0.1587
102 231 0.1811
102 232 0.1146
102 233 0.1318
102 234 0.1879
102 235 0.1051
102 236 0.2474
102 237 0.1850
102 238 0.5941
102 239 0.1938
102 240 0.3627
102 241 0.1826
102 242 0.5579
102 243 0.6427
102 245 0.1201
102 246 0.1703
102 248 0.5517
102 249 0.2208
102 250 0.7336
102 251 0.1921
102 253 0.1265
102 254 0.7541
102 255 0.1609
102 256 0.2690
102 257 0.1695
102 258 0.2710
102 260 0.1609
102 261 0.1537
102 262 0.6432
102 263 0.1538
102 264 0.2366
102 265 0.1663
102 266 0.2886
102 267 0.1435
102 268 0.1415
102 269 0.2103
102 270 0.2648
102 271 0.6020
102 272 0.1962
102 273 0.1219
102 274 0.2574
102 275 0.5732
102 276 0.3340
102 278 0.4806
102 279 0.4280
102 280 0.1656
102 281 0.1516
102 282 0.1613
102 283 0.1487
102 284 0.7380
102 285 0.1673
102 286 0.3509
102 287 0.2201
102 288 0.1301
102 289 0.5122
102 290 0.7226
102 291 0.3344
102 292 0.1555
102 293 0.2293
102 294 0.1976
102 295 0.1893
102 296 0.2451
102 297 0.1792
102 299 0.2585
102 300 0.7249
102 301 0.4677
102 303 0.1210
102 304 0.6769
102 305 0.1219
102 306 0.2106
102 307 0.1607
102 308 0.1208
102 309 0.2788
102 310 0.1219
102 311 0.1360
102 312 0.4573
102 313 0.1612
102 314 0.4110
102 315 0.1246
102 317 0.1611
102 318 0.1693
102 319 0.4148
102 320 0.5958
102 321 0.2159
102 322 0.1611
102 323 0.2344
102 324 0.3126
102 325 0.1917
102 326 0.2449
102 327 0.1516
102 328 0.5792
102 329 0.1302
102 330 0.1700
102 331 0.1768
102 332 0.1395
102 333 0.1600
102 334 0.4609
102 335 0.1795
102 336 0.3050
102 337 0.2659
102 338 0.2147
102 339 0.3969
102 340 0.5949
102 341 0.2395
102 342 0.5112
102 343 0.1700
102 344 0.4752
102 346 0.2556
102 347 0.1756
102 348 0.1340
102 349 0.1917
102 350 0.2007
102 351 0.1372
102 352 0.2428
102 353 0.1712
102 354 0.1868
102 356 0.1611
102 357 0.1395
102 358 0.2717
102 360 0.1681
102 361 0.1419
102 362 0.1250
102 363 0.3753
102 364 0.1713
102 366 0.1058
102 367 0.1695
102 368 0.2936
102 370 0.2136
102 371 0.2899
102 372 0.1467
102 373 0.1372
102 374 0.3842
102 375 0.1290
102 376 0.2178
102 377 0.5316
102 378 0.1516
102 379 0.3828
102 380 0.2315
102 381 0.1691
102 382 0.1938
102 383 0.1794
102 384 0.5002
102 385 0.2634
102 386 0.2197
102 387 0.1572
102 388 0.2016
102 389 0.1775
102 390 0.1628
102 391 0.3409
102 392 0.6964
102 393 0.4166
102 394 0.1731
102 395 0.1545
102 396 0.2068
102 397 0.1258
102 398 0.7218
102 399 0.3103
102 400 0.1600
102 402 0.1544
102 403 0.1614
102 404 0.1372
102 405 0.1850
102 406 0.3972
102 407 0.1603
102 408 0.1611
102 409 0.1134
102 410 0.2013
102 411 0.3466
102 412 0.2378
102 413 0.1989
102 414 0.2523
102 415 0.2100
102 416 0.1521
102 417 0.1628
102 418 0.3129
102 419 0.2131
102 420 0.1806
102 421 0.1323
102 422 0.3338
102 423 0.1258
102 424 0.6478
102 425 0.2066
102 427 0.1051
102 428 0.3282
102 429 0.1533
102 430 0.1789
102 432 0.5409
102 433 0.2644
102 434 0.7180
102 435 0.2796
102 436 0.1934
102 438 0.1989
102 439 0.3422
102 440 0.1083
102 441 0.2376
102 442 0.1925
102 444 0.2846
102 445 0.4974
102 447 0.3286
102 449 0.3121
102 450 0.1664
102 451 0.1950
102 452 0.5823
102 453 0.4851
102 454 0.3676
102 455 0.1808
102 456 0.2934
102 457 0.1249
102 458 0.2289
102 459 0.1611
102 460 0.1823
102 461 0.2369
102 463 0.3938
102 465 0.5713
102 466 0.6161
102 467 0.4956
102 468 0.3558
102 469 0.1195
102 470 0.3490
102 471 0.1920
102 472 0.6549
102 474 0.1133
102 475 0.2266
102 476 0.2315
102 478 0.1850
102 479 0.1588
102 480 0.1872
102 481 0.1857
102 482 0.1824
102 484 0.5521
102 485 0.4610
102 486 0.2062
102 488 0.1270
102 490 0.3558
102 491 0.4843
102 492 0.2360
102 494 0.1868
102 495 0.5971
102 496 0.1497
102 497 0.2296
102 498 0.4489
102 499 0.1548
102 500 0.1760
102 501 0.4122
102 503 0.1509
102 504 0.1405
102 505 0.1533
102 506 0.1106
102 507 0.5878
102 508 0.1833
102 509 0.1294
102 510 0.3006
102 511 0.4391
102 512 0.1704
102 513 0.0784
102 514 0.3545
102 515 0.1758
102 516 0.4389
102 517 0.1920
102 518 0.2599
102 519 0.2490
102 520 0.3314
102 521 0.2373
102 522 0.1938
102 523 0.2225
102 525 0.1492
102 526 0.1850
102 527 0.1609
102 529 0.1372
102 530 0.1581
102 531 0.1089
102 532 0.1611
102 533 0.4193
102 534 0.1150
102 535 0.1284
102 536 0.6901
102 537 0.3918
102 539 0.2162
102 540 0.3164
102 541 0.1252
102 542 0.4196
102 543 0.2659
102 544 0.2495
102 545 0.1850
102 546 0.2315
102 547 0.1372
102 548 0.2181
102 549 0.1361
102 550 0.1375
102 551 0.2344
102 552 0.2315
102 553 0.3036
102 554 0.2842
102 555 0.1500
102 556 0.4122
102 557 0.3519
102 558 0.2515
102 560 0.5128
102 561 0.1941
102 562 0.4122
102 563 0.5738
102 564 0.3338
102 565 0.1412
102 567 0.1576
102 568 0.9108
102 569 0.5912
102 570 0.1609
102 571 0.3015
102 572 0.1133
102 573 0.3227
102 574 0.1312
102 575 0.1807
102 576 0.1531
102 577 0.2115
102 578 0.5444
102 579 0.3214
102 580 0.1850
102 581 0.1372
102 582 0.3770
102 583 0.4540
102 584 0.3191
102 585 0.2986
102 586 0.1786
102 587 0.3402
102 589 0.1865
102 590 0.3260
102 592 0.2346
102 594 0.1346
102 595 0.1607
102 599 0.1291
102 600 0.1611
102 601 0.1623
102 602 0.1327
102 604 0.4646
102 605 0.1853
102 606 0.1562
102 607 0.1482
102 609 0.1581
102 610 0.1060
102 612 0.1046
102 613 0.4551
102 614 0.4024
102 615 0.3224
102 616 0.1653
102 617 0.4640
102 618 0.5079
102 619 0.1084
102 620 0.3240
102 621 0.1538
102 622 0.1731
102 623 0.1667
102 625 0.2005
102 626 0.6403
102 627 0.1405
102 628 0.6152
102 629 0.1435
102 631 0.1116
102 632 0.1315
102 633 0.4218
102 634 0.4464
102 635 0.1611
102 636 0.4499
102 637 0.1189
102 638 0.1186
102 639 0.9289
102 642 0.1665
102 643 0.2311
102 645 0.1841
102 646 0.3778
102 647 0.1611
102 648 0.5191
102 649 0.2766
102 650 0.1952
102 651 0.3751
102 652 0.1486
102 653 0.1098
102 654 0.2266
102 655 0.2293
102 656 0.1850
102 657 0.1611
102 658 0.5426
102 659 0.4769
102 660 0.1603
102 661 0.1833
102 662 0.3784
102 663 0.2654
102 664 0.3511
102 666 0.3167
102 667 0.4139
102 668 0.1608
102 671 0.1487
102 672 0.4068
102 673 0.2695
102 674 0.2056
102 675 0.1532
102 676 0.2754
102 677 0.1465
102 678 0.1759
102 679 0.1148
102 680 0.5630
102 681 0.1695
102 682 0.1715
102 684 0.2363
102 685 0.6743
102 686 0.1591
102 687 0.1603
102 688 0.1998
102 689 0.6913
102 690 0.1372
102 691 0.2311
102 692 0.2476
102 693 0.1219
102 694 0.5074
102 695 0.4239
102 696 0.2092
102 697 0.1372
102 698 0.1347
102 699 0.3234
102 700 0.1985
102 701 0.1611
102 702 0.1024
102 703 0.1414
102 704 0.1270
102 705 0.1839
102 706 0.7348
102 707 0.4973
102 708 0.1779
102 709 0.1852
102 710 0.5936
102 711 0.7070
102 712 0.3338
102 713 0.1385
102 714 0.4057
102 715 0.1466
102 716 0.2726
102 717 0.2510
102 718 0.1794
102 722 0.6613
102 723 0.1466
102 724 0.1788
102 726 0.3777
102 727 0.1775
102 728 0.4045
102 729 0.1983
102 731 0.1485
102 732 0.2602
102 733 0.2031
102 734 0.1844
102 735 0.2245
102 736 0.2019
102 737 0.2967
102 738 0.2061
102 740 0.1845
102 741 0.3331
102 742 0.1244
102 743 0.1311
102 744 0.3629
102 745 0.1017
102 747 0.1949
102 748 0.6366
102 749 0.3338
102 750 0.1299
102 752 0.5591
102 753 0.1603
102 755 0.2976
102 756 0.1611
102 757 0.5263
102 758 0.3280
102 759 0.1905
102 760 0.3753
102 762 0.1938
102 763 0.2573
102 764 0.4691
102 765 0.2619
102 766 0.5803
102 767 0.2625
102 768 0.3295
102 769 0.2031
102 770 0.2345
102 771 0.5024
102 772 0.1731
102 773 0.4111
102 775 0.1633
102 776 0.1819
102 777 0.1638
102 778 0.2163
102 780 0.2541
102 781 0.1544
102 782 0.1398
102 783 0.2406
102 784 0.4981
102 785 0.2211
102 786 0.1162
102 787 0.1372
102 789 0.1970
102 791 0.1475
102 792 0.1538
102 793 0.2701
102 794 0.1544
102 795 0.1009
102 796 0.2022
102 797 0.1781
102 798 0.4122
102 799 0.1532
102 800 0.1934
102 801 0.3647
102 802 0.1979
102 803 0.5437
102 804 0.6721
102 805 0.1177
102 806 0.2477
102 807 0.1675
102 808 0.3724
102 809 0.1862
102 810 0.4574
102 811 0.9595
102 812 0.1995
102 813 0.3450
102 814 0.1888
102 815 0.1603
102 816 0.1447
102 817 0.5766
102 818 0.4243
102 819 0.2796
102 820 0.2119
102 821 0.2179
102 822 0.3417
102 823 0.2677
102 824 0.1833
102 825 0.2843
102 827 0.1313
102 828 0.1418
102 829 0.1815
102 830 0.2081
102 831 0.2823
102 832 0.2139
102 833 0.1167
102 834 0.2306
102 835 0.1938
102 836 0.2615
102 837 0.1557
102 838 0.2405
102 839 0.1364
102 840 0.2368
102 841 0.1557
102 842 0.2091
102 843 0.3589
102 844 0.1340
102 845 0.1945
102 846 0.1164
102 848 0.1848
102 849 0.0973
102 851 0.5283
102 852 0.1611
102 853 0.2344
102 854 0.1611
102 855 0.2365
102 856 0.1769
102 857 0.1270
102 858 0.2640
102 859 0.1351
102 860 0.2788
102 861 0.1336
102 862 0.2451
102 864 0.1273
102 865 0.2932
102 866 0.2293
102 867 0.1843
102 868 0.2666
102 869 0.4353
102 870 0.1256
102 871 0.4441
102 872 0.8599
102 874 0.1769
102 875 0.6145
102 876 0.2053
102 877 0.1611
102 878 0.1763
102 880 0.4236
102 881 0.2606
102 882 0.2674
102 883 0.0931
102 884 0.1209
102 885 0.1550
102 886 0.1676
102 887 0.1732
102 888 0.2120
102 889 0.2671
102 890 0.2116
102 891 0.6707
102 892 0.1938
102 893 0.1621
102 894 0.5636
102 895 0.1932
102 896 0.2294
102 898 0.6304
102 900 0.4573
102 901 0.1701
102 903 0.6787
102 905 0.1910
102 907 0.1377
102 908 0.2108
102 909 0.2172
102 911 0.2005
102 913 0.2344
102 914 0.2325
102 915 0.4195
102 917 0.2315
102 918 0.1218
102 919 0.1509
102 920 0.2451
102 921 0.2676
102 922 0.2066
102 924 0.2197
102 928 0.2473
102 929 0.2622
102 930 0.3229
102 932 0.1758
102 934 0.5754
102 935 0.2832
102 936 0.2065
102 937 0.1940
102 938 0.1892
102 940 0.1533
102 942 0.1732
102 943 0.2838
102 944 0.1572
102 946 0.1899
102 947 0.2009
102 948 0.1837
102 949 0.3294
102 950 0.1219
102 951 0.1603
102 952 0.1347
102 953 0.1986
102 954 0.1730
102 955 0.5658
102 956 0.1630
102 957 0.1506
102 958 0.2012
102 959 0.2119
102 960 0.3440
102 961 0.1517
102 962 0.1848
102 964 0.1876
102 965 0.1889
102 966 0.1362
102 967 0.3298
102 968 0.1653
102 969 0.2064
102 971 0.3416
102 972 0.1593
102 973 0.1945
102 974 0.4760
102 975 0.1611
102 976 0.5473
102 977 0.2315
102 978 0.4197
102 979 0.4186
102 980 0.1521
102 982 0.1496
102 983 0.2387
102 984 0.1633
102 985 0.1186
102 986 0.1508
102 987 0.1408
102 989 0.1755
102 990 0.1641
102 991 0.1731
102 992 0.1496
102 993 0.4489
102 994 0.3358
102 995 0.2463
102 996 0.2315
102 999 0.2634
102 1000 0.1793
102 1001 0.4346
102 1002 0.5982
102 1003 0.4172
102 1004 0.6467
102 1006 0.1938
102 1007 0.7885
102 1008 0.1849
102 1013 0.1609
102 1014 0.1435
102 1015 0.1981
102 1016 0.1938
102 1017 0.1530
102 1018 0.1715
102 1019 0.1611
102 1020 0.2225
102 1022 0.2195
102 1023 0.3879
102 1024 0.1955
102 1026 0.1383
102 1027 0.1593
102 1028 0.1844
102 1029 0.3539
102 1030 0.1196
102 1032 0.5612
102 1033 0.2005
102 1034 0.2431
102 1035 0.2315
102 1036 0.4528
102 1037 0.2210
102 1038 0.2157
102 1039 0.3263
102 1040 0.1758
102 1041 0.1515
102 1042 0.2578
102 1044 0.1762
102 1045 0.2168
102 1046 0.2511
102 1047 0.1106
102 1048 0.1510
102 1049 0.1024
102 1051 0.3863
102 1053 0.1611
102 1054 0.1954
102 1055 0.1948
102 1056 0.1116
102 1057 0.1186
102 1059 0.4051
102 1060 0.7436
102 1061 0.2023
102 1063 0.4183
102 1064 0.1865
102 1065 0.1186
102 1066 0.2896
102 1067 0.4094
102 1068 0.1633
102 1069 0.2315
102 1070 0.1308
102 1073 0.2404
102 1075 0.2239
102 1076 0.1600
102 1077 0.1585
102 1078 0.1920
102 1079 0.1660
102 1080 0.1492
102 1082 0.1372
102 1083 0.5402
102 1084 0.1643
102 1085 0.2236
102 1087 0.1837
102 1089 0.2405
102 1090 0.1611
102 1091 0.2315
102 1093 0.1642
102 1094 0.2315
102 1096 0.2494
102 1097 0.2315
102 1099 0.7197
102 1102 0.1405
102 1103 0.1888
102 1104 0.1605
102 1105 0.3547
102 1106 0.3515
102 1107 0.2846
102 1108 0.1051
102 1110 0.1850
102 1111 0.4509
102 1116 0.1671
102 1117 0.1611
102 1118 0.1836
102 1119 0.1564
102 1121 0.1587
102 1122 0.1850
102 1123 0.2315
102 1124 0.1850
102 1125 0.1302
102 1126 0.1811
102 1127 0.2697
102 1128 0.3196
102 1129 0.1031
102 1130 0.3702
102 1131 0.2766
102 1133 0.3580
102 1134 0.2315
102 1135 0.7685
102 1136 0.1398
102 1138 0.1850
102 1139 0.1703
102 1141 0.1151
102 1142 0.3897
102 1143 0.3351
102 1144 0.1653
102 1145 0.1611
102 1146 0.1568
102 1147 0.1153
102 1148 0.2315
102 1150 0.2998
102 1151 0.1526
102 1152 0.3322
102 1153 0.1081
102 1154 0.2009
102 1155 0.2315
102 1156 0.1789
102 1157 0.1894
102 1158 0.2497
102 1159 0.1517
102 1162 0.2315
102 1163 0.8345
102 1166 0.1938
102 1167 0.1496
102 1169 0.1746
102 1172 0.2451
102 1174 0.1817
102 1176 0.1492
102 1177 0.1845
102 1178 0.1609
102 1180 0.1613
102 1182 0.1769
102 1183 0.1786
102 1185 0.1489
102 1187 0.1376
102 1188 0.1848
102 1189 0.2544
102 1191 0.1313
102 1192 0.2315
102 1193 0.1959
102 1194 0.1326
102 1196 0.1848
102 1197 0.2687
102 1199 0.1775
102 1200 0.1615
102 1201 0.2252
102 1202 0.1441
102 1204 0.1710
102 1205 0.1492
102 1206 0.5097
102 1207 0.1517
102 1208 0.1776
102 1209 0.1618
102 1210 0.2649
102 1211 0.4185
102 1213 0.1973
102 1214 0.1850
102 1215 0.1611
102 1216 0.1976
102 1217 0.1938
102 1218 0.1576
102 1219 0.1603
102 1220 0.1711
102 1221 0.1984
102 1222 0.1544
102 1223 0.0906
102 1225 0.1610
102 1226 0.5391
102 1228 0.1492
102 1229 0.1544
102 1230 0.1463
102 1231 0.1372
102 1233 0.1706
102 1235 0.2315
102 1236 0.1848
102 1237 0.1572
102 1238 0.1372
102 1240 0.2672
102 1242 0.3747
102 1243 0.1637
102 1246 0.1945
102 1247 0.2119
102 1248 0.1628
102 1250 0.2386
102 1251 0.1654
102 1252 0.1805
102 1253 0.1649
102 1254 0.1506
102 1256 0.2361
102 1257 0.2315
102 1258 0.3061
102 1259 0.1342
102 1260 0.1479
102 1262 0.2272
102 1263 0.4328
102 1265 0.1850
102 1267 0.1938
102 1268 0.1544
102 1269 0.4601
102 1270 0.1981
102 1271 0.1121
102 1272 0.1597
102 1273 0.1657
102 1274 0.1544
102 1275 0.2036
102 1276 0.1341
102 1278 0.1180
102 1279 0.1836
102 1280 0.2294
102 1281 0.2182
102 1282 0.4328
102 1283 0.4855
102 1284 0.2031
102 1286 0.5282
102 1287 0.7736
102 1288 0.4191
102 1289 0.5192
102 1290 0.3217
102 1291 0.4085
102 1292 0.9022
102 1295 0.4122
102 1296 0.1611
102 1297 0.3558
102 1298 0.5422
102 1299 0.3455
102 1300 0.3338
102 1301 0.1731
102 1303 0.6053
102 1304 0.2637
102 1305 0.3283
102 1306 0.2933
102 1307 0.5278
102 1308 0.3118
102 1309 0.3295
102 1310 0.1611
102 1311 0.2788
102 1312 0.1603
102 1316 0.9918
102 1320 0.3112
102 1322 0.2296
102 1323 0.1869
102 1324 0.1611
102 1325 0.1492
102 1326 0.1611
102 1327 0.2220
102 1330 0.1576
102 1332 0.1731
102 1333 0.1301
102 1334 0.1628
102 1335 0.1845
102 1337 0.1877
102 1340 0.1606
102 1341 0.2315
102 1342 0.1920
102 1344 0.1971
102 1345 0.2315
102 1346 0.1372
102 1347 0.1850
102 1348 0.2196
102 1349 0.1827
102 1351 0.1492
102 1353 0.1477
102 1354 0.1603
102 1355 0.1477
102 1356 0.1938
102 1358 0.2315
102 1360 0.1938
102 1361 0.1394
102 1362 0.2183
102 1363 0.1776
102 1364 0.1533
102 1365 0.1466
102 1367 0.1403
102 1368 0.1988
102 1369 0.3516
102 1370 0.3072
102 1371 0.1606
102 1372 0.3666
102 1373 0.2051
102 1374 0.1946
102 1375 0.1533
102 1376 0.1603
102 1377 0.2263
102 1378 0.2451
102 1379 0.1888
102 1380 0.1976
102 1381 0.1447
102 1382 0.1850
102 1386 0.1257
102 1387 0.2916
102 1388 0.1493
102 1389 0.1692
102 1390 0.1774
102 1392 0.1626
102 1395 0.1967
102 1396 0.1491
102 1397 0.2013
102 1398 0.1925
102 1399 0.1652
102 1401 0.1611
102 1402 0.1785
102 1405 0.1408
102 1406 0.2451
102 1407 0.2851
102 1408 0.1462
102 1409 0.1853
102 1410 0.1390
102 1411 0.1986
102 1413 0.1611
102 1414 0.2005
102 1415 0.1505
102 1416 0.1850
102 1418 0.1346
102 1419 0.1383
102 1420 0.2004
102 1421 0.1264
102 1423 0.1850
102 1424 0.1611
102 1425 0.0931
102 1426 0.2448
102 1427 0.1439
102 1428 0.1280
102 1431 0.1082
102 1434 0.4317
102 1435 0.4345
102 1436 0.0931
102 1437 0.1082
102 1438 0.0931
102 1439 0.1837
102 1440 0.3576
102 1441 0.2451
102 1445 0.1143
102 1446 0.1206
102 1448 0.2315
102 1449 0.1938
102 1451 0.2158
102 1452 0.1938
102 1453 0.1863
102 1456 0.2865
102 1457 0.1398
102 1458 0.1702
102 1459 0.2404
102 1460 0.1186
102 1461 0.1609
102 1462 0.2315
102 1463 0.1544
102 1464 0.3439
102 1465 0.2256
102 1466 0.1790
102 1468 0.1611
102 1470 0.3877
102 1472 0.1435
102 1473 0.1731
102 1474 0.1544
102 1477 0.2145
102 1478 0.1902
102 1479 0.4053
102 1480 0.2344
102 1481 0.1845
102 1482 0.2208
102 1484 0.1609
102 1485 0.1720
102 1487 0.1934
102 1488 0.2315
102 1490 0.2393
102 1491 0.2306
102 1495 0.3770
102 1497 0.1971
102 1498 0.1517
102 1499 0.2315
102 1501 0.2840
102 1503 0.3503
102 1504 0.1851
102 1505 0.1918
102 1506 0.1850
102 1507 0.1653
102 1508 0.1609
102 1510 0.2315
102 1511 0.1653
102 1512 0.2585
102 1513 0.1167
102 1514 0.1611
102 1516 0.2155
102 1517 0.1607
102 1518 0.2380
102 1519 0.9263
102 1520 0.9666
102 1522 0.3389
102 1525 0.2693
102 1526 0.5532
102 1527 0.1351
102 1529 0.1786
102 1530 0.3878
102 1531 0.2645
102 1532 0.1611
102 1534 0.3108
102 1535 0.4540
102 1536 0.4989
102 1538 0.7650
102 1540 0.2510
102 1541 0.4051
102 1542 0.5573
102 1544 0.1544
102 1546 0.2300
102 1547 0.8789
102 1548 0.6073
102 1549 0.1921
102 1550 0.2296
102 1551 0.1917
102 1552 0.2134
102 1553 0.1913
102 1554 0.4873
102 1555 0.3753
102 1562 0.2686
102 1565 0.4690
102 1567 0.2315
102 1568 0.1291
102 1569 0.2315
102 1570 0.1611
102 1571 0.3229
102 1572 0.1938
102 1573 0.1492
102 1574 0.1394
102 1577 0.2122
102 1578 0.2315
102 1579 0.2345
102 1580 0.1538
102 1581 0.1850
102 1582 0.1611
102 1583 0.1720
102 1586 0.1544
102 1587 0.1653
102 1588 0.1583
102 1589 0.1628
102 1590 0.1850
102 1591 0.1441
102 1592 0.2315
102 1593 0.2089
102 1595 0.1351
102 1596 0.1850
102 1597 0.1545
102 1598 0.2315
102 1599 0.1850
102 1602 0.2315
102 1603 0.1938
102 1604 0.1301
102 1606 0.1291
102 1608 0.2360
102 1609 0.3308
102 1610 0.1600
102 1611 0.2315
102 1612 0.1776
102 1613 0.3139
102 1615 0.1653
102 1616 0.1587
102 1618 0.2961
102 1619 0.1653
102 1620 0.1938
102 1621 0.4125
102 1622 0.1793
102 1623 0.2208
102 1624 0.3439
102 1625 0.1611
102 1626 0.1611
102 1628 0.1938
102 1629 0.1850
102 1630 0.1961
102 1631 0.1611
102 1632 0.1808
102 1633 0.1502
102 1634 0.1341
102 1636 0.1961
102 1637 0.2315
102 1639 0.1301
102 1640 0.1978
102 1643 0.1837
102 1644 0.1492
102 1645 0.1544
102 1646 0.1938
102 1647 0.2131
102 1648 0.2315
102 1649 0.1628
102 1650 0.1492
102 1651 0.1611
102 1653 0.2569
102 1654 0.1611
102 1657 0.2315
102 1658 0.2436
102 1659 0.1731
102 1661 0.2315
102 1662 0.1308
102 1663 0.1383
102 1665 0.1614
102 1667 0.1606
102 1668 0.1857
102 1671 0.2031
102 1672 0.1850
102 1673 0.1990
102 1674 0.1636
102 1675 0.1492
102 1676 0.1258
102 1678 0.1563
102 1679 0.1610
102 1680 0.1941
102 1681 0.1850
102 1683 0.2987
102 1685 0.1938
102 1687 0.1661
102 1689 0.8617
102 1690 0.1848
102 1691 0.1836
102 1692 0.2360
102 1693 0.1443
102 1694 0.1850
102 1696 0.1850
102 1697 0.1640
102 1698 0.1492
102 1700 0.0973
102 1701 0.0973
102 1702 0.0973
102 1703 0.1466
102 1704 0.1219
102 1705 0.1270
102 1707 0.3338
102 1709 0.1786
102 1710 0.1850
102 1711 0.0973
102 1712 0.7802
102 1713 0.3942
102 1714 0.1302
102 1715 0.0973
102 1716 0.1443
102 1717 0.5108
102 1718 0.1927
102 1719 0.0931
102 1720 0.1850
102 1721 0.1611
102 1722 0.1611
102 1724 0.1653
102 1725 0.1850
102 1726 0.1850
102 1728 0.2568
102 1730 0.1769
103 104 0.1902
103 105 0.3107
103 106 0.3300
103 108 0.2816
103 109 0.2276
103 110 0.2944
103 111 0.2758
103 112 0.1997
103 113 0.5935
103 114 0.1684
103 115 0.1547
103 116 0.3717
103 117 0.2739
103 119 0.4219
103 120 0.3296
103 121 0.4659
103 122 0.1348
103 123 0.3086
103 124 0.1601
103 125 0.2054
103 126 0.3969
103 127 0.1994
103 128 0.1867
103 129 0.2362
103 130 0.1138
103 131 0.1058
103 132 0.2454
103 133 0.1376
103 134 0.1624
103 135 0.1540
103 136 0.4763
103 137 0.3100
103 138 0.1497
103 139 0.2311
103 140 0.1539
103 143 0.3872
103 144 0.2190
103 145 0.1355
103 146 0.5363
103 147 0.1954
103 148 0.2604
103 149 0.1634
103 150 0.2329
103 151 0.2410
103 152 0.4303
103 153 0.4204
103 154 0.2970
103 156 0.3683
103 157 0.2268
103 158 0.3545
103 159 0.4924
103 160 0.4342
103 161 0.2211
103 162 0.4331
103 163 0.3366
103 164 0.1760
103 165 0.3274
103 166 0.2866
103 167 0.1208
103 168 0.1537
103 169 0.1521
103 170 0.1515
103 171 0.1958
103 172 0.2605
103 173 0.3066
103 174 0.2607
103 175 0.4138
103 176 0.2328
103 177 0.2005
103 178 0.2290
103 179 0.1581
103 180 0.3427
103 182 0.2753
103 183 0.3152
103 184 0.3713
103 185 0.1802
103 186 0.1812
103 187 0.3633
103 188 0.2286
103 189 0.2043
103 190 0.1676
103 191 0.1514
103 192 0.1911
103 193 0.3275
103 194 0.2756
103 195 0.2502
103 196 0.3988
103 197 0.2558
103 198 0.2217
103 199 0.3866
103 200 0.2285
103 201 0.4267
103 202 0.1558
103 203 0.1519
103 204 0.3261
103 206 0.4088
103 207 0.3025
103 208 0.1522
103 209 0.1788
103 210 0.1448
103 211 0.2038
103 212 0.4030
103 213 0.1907
103 214 0.1681
103 215 0.2249
103 216 0.2973
103 217 0.2927
103 218 0.1985
103 219 0.1436
103 220 0.2360
103 221 0.1464
103 223 0.4744
103 224 0.1738
103 225 0.2589
103 226 0.1466
103 227 0.1681
103 228 0.3216
103 229 0.1676
103 230 0.3663
103 231 0.1376
103 232 0.2843
103 233 0.1923
103 234 0.0981
103 235 0.2835
103 236 0.3100
103 237 0.2218
103 238 0.4247
103 239 0.2483
103 240 0.2687
103 241 0.1793
103 242 0.1986
103 243 0.3380
103 245 0.2764
103 246 0.1285
103 248 0.2179
103 249 0.1634
103 250 0.3109
103 251 0.2089
103 253 0.1516
103 254 0.4056
103 255 0.2054
103 256 0.1758
103 257 0.1126
103 258 0.3256
103 260 0.2054
103 261 0.2397
103 262 0.3977
103 263 0.1436
103 264 0.1603
103 265 0.1497
103 266 0.1386
103 267 0.1754
103 268 0.1546
103 269 0.1125
103 270 0.1987
103 271 0.2975
103 272 0.1430
103 273 0.2359
103 274 0.1862
103 275 0.4360
103 276 0.4395
103 278 0.1746
103 279 0.1517
103 280 0.1605
103 281 0.1902
103 282 0.1458
103 283 0.1935
103 284 0.2714
103 285 0.1258
103 286 0.4110
103 287 0.3767
103 288 0.1497
103 289 0.1441
103 290 0.6216
103 291 0.3561
103 292 0.2093
103 293 0.2464
103 294 0.2018
103 295 0.2164
103 296 0.2699
103 297 0.2113
103 299 0.2056
103 300 0.3419
103 301 0.3410
103 303 0.2257
103 304 0.2568
103 305 0.2360
103 306 0.2013
103 307 0.1534
103 308 0.1874
103 309 0.3411
103 310 0.2359
103 311 0.2016
103 312 0.1707
103 313 0.1681
103 314 0.1588
103 315 0.1657
103 317 0.1037
103 318 0.1851
103 319 0.3311
103 320 0.1072
103 321 0.2613
103 322 0.1037
103 323 0.2534
103 324 0.3126
103 325 0.1659
103 326 0.1466
103 327 0.1902
103 328 0.2823
103 329 0.1669
103 330 0.1831
103 331 0.1555
103 332 0.4519
103 333 0.1523
103 334 0.2719
103 335 0.1208
103 336 0.2817
103 337 0.3789
103 338 0.2524
103 339 0.2610
103 340 0.2663
103 341 0.2474
103 342 0.2651
103 343 0.1342
103 344 0.1507
103 346 0.3208
103 347 0.2101
103 348 0.2682
103 349 0.1659
103 350 0.2806
103 351 0.1458
103 352 0.1428
103 353 0.1888
103 354 0.1915
103 356 0.1037
103 357 0.1967
103 358 0.2550
103 360 0.1727
103 361 0.2170
103 362 0.2639
103 363 0.2744
103 364 0.1431
103 366 0.2550
103 367 0.1126
103 368 0.1301
103 370 0.1579
103 371 0.4435
103 372 0.2595
103 373 0.1458
103 374 0.2908
103 375 0.1288
103 376 0.1501
103 377 0.1685
103 378 0.1902
103 379 0.3301
103 380 0.2056
103 381 0.1933
103 382 0.2483
103 383 0.2936
103 384 0.1569
103 385 0.2218
103 386 0.1411
103 387 0.2093
103 388 0.1795
103 389 0.1454
103 390 0.1372
103 391 0.3322
103 392 0.3265
103 393 0.3028
103 394 0.1376
103 395 0.1547
103 396 0.3700
103 397 0.1562
103 398 0.4330
103 399 0.4347
103 400 0.1464
103 402 0.1466
103 403 0.1469
103 404 0.1458
103 405 0.2218
103 406 0.1974
103 407 0.1376
103 408 0.1037
103 409 0.1973
103 410 0.1466
103 411 0.3623
103 412 0.2095
103 413 0.1775
103 414 0.1985
103 415 0.3054
103 416 0.1624
103 417 0.1594
103 418 0.4342
103 419 0.1848
103 420 0.2035
103 421 0.2792
103 422 0.1191
103 423 0.1562
103 424 0.3242
103 425 0.1263
103 427 0.1251
103 428 0.2407
103 429 0.1531
103 430 0.1662
103 432 0.1946
103 433 0.4325
103 434 0.6635
103 435 0.2294
103 436 0.1436
103 438 0.2028
103 439 0.2806
103 440 0.1707
103 441 0.1845
103 442 0.2088
103 444 0.1995
103 445 0.2071
103 447 0.1763
103 449 0.5131
103 450 0.1908
103 451 0.2130
103 452 0.1970
103 453 0.1588
103 454 0.4456
103 455 0.1970
103 456 0.3913
103 457 0.1292
103 458 0.1753
103 459 0.1037
103 460 0.2715
103 461 0.4500
103 463 0.5296
103 465 0.2615
103 466 0.3851
103 467 0.1549
103 468 0.1192
103 469 0.2173
103 470 0.1235
103 471 0.2396
103 472 0.1822
103 474 0.1397
103 475 0.2679
103 476 0.2130
103 478 0.2218
103 479 0.1961
103 480 0.1840
103 481 0.1112
103 482 0.1594
103 484 0.5843
103 485 0.3158
103 486 0.2218
103 488 0.1633
103 490 0.1192
103 491 0.1280
103 492 0.1197
103 494 0.1915
103 495 0.4213
103 496 0.1897
103 497 0.2693
103 498 0.3022
103 499 0.2840
103 500 0.0972
103 501 0.1685
103 503 0.2021
103 504 0.1427
103 505 0.1531
103 506 0.2544
103 507 0.2339
103 508 0.2324
103 509 0.2768
103 510 0.2327
103 511 0.5047
103 512 0.1627
103 513 0.2242
103 514 0.2281
103 515 0.4645
103 516 0.2597
103 517 0.1884
103 518 0.4240
103 519 0.1964
103 520 0.1681
103 521 0.1843
103 522 0.2483
103 523 0.1409
103 525 0.1411
103 526 0.2218
103 527 0.2054
103 529 0.1458
103 530 0.1612
103 531 0.1924
103 532 0.1037
103 533 0.2248
103 534 0.1194
103 535 0.1238
103 536 0.2770
103 537 0.2882
103 539 0.2483
103 540 0.3699
103 541 0.2119
103 542 0.1974
103 543 0.1930
103 544 0.2991
103 545 0.2218
103 546 0.2056
103 547 0.1458
103 548 0.0932
103 549 0.1368
103 550 0.1201
103 551 0.2534
103 552 0.2056
103 553 0.1980
103 554 0.1341
103 555 0.2017
103 556 0.1685
103 557 0.3449
103 558 0.1717
103 560 0.1782
103 561 0.2013
103 562 0.1685
103 563 0.5737
103 564 0.1191
103 565 0.1627
103 567 0.2521
103 568 0.6486
103 569 0.1476
103 570 0.2054
103 571 0.3285
103 572 0.1399
103 573 0.3732
103 574 0.1281
103 575 0.0898
103 576 0.2475
103 577 0.1910
103 578 0.3457
103 579 0.2789
103 580 0.2218
103 581 0.1458
103 582 0.1618
103 583 0.2389
103 584 0.3191
103 585 0.2968
103 586 0.1983
103 587 0.4762
103 589 0.2110
103 590 0.3587
103 592 0.2305
103 594 0.1461
103 595 0.1534
103 599 0.1666
103 600 0.1037
103 601 0.2091
103 602 0.0997
103 604 0.1159
103 605 0.1471
103 606 0.1875
103 607 0.0969
103 609 0.2489
103 610 0.1652
103 612 0.2700
103 613 0.3202
103 614 0.5586
103 615 0.1740
103 616 0.1598
103 617 0.2365
103 618 0.1837
103 619 0.2515
103 620 0.1355
103 621 0.1343
103 622 0.1376
103 623 0.1466
103 625 0.1634
103 626 0.3974
103 627 0.2356
103 628 0.4011
103 629 0.1439
103 631 0.2567
103 632 0.2023
103 633 0.1126
103 634 0.2286
103 635 0.1037
103 636 0.1705
103 637 0.2731
103 638 0.1994
103 639 0.6137
103 642 0.2316
103 643 0.1916
103 645 0.3255
103 646 0.2994
103 647 0.1037
103 648 0.1471
103 649 0.1436
103 650 0.4105
103 651 0.2502
103 652 0.1779
103 653 0.2487
103 654 0.1934
103 655 0.2464
103 656 0.2218
103 657 0.1037
103 658 0.5047
103 659 0.1685
103 660 0.1376
103 661 0.1541
103 662 0.1425
103 663 0.1419
103 664 0.4399
103 666 0.2056
103 667 0.1804
103 668 0.1423
103 671 0.2953
103 672 0.1567
103 673 0.1376
103 674 0.2154
103 675 0.2328
103 676 0.4265
103 677 0.1433
103 678 0.2166
103 679 0.2559
103 680 0.2783
103 681 0.1126
103 682 0.1611
103 684 0.3312
103 685 0.3827
103 686 0.1453
103 687 0.3172
103 688 0.1926
103 689 0.5445
103 690 0.1458
103 691 0.1916
103 692 0.1593
103 693 0.2359
103 694 0.1678
103 695 0.3614
103 696 0.1444
103 697 0.1458
103 698 0.2896
103 699 0.2408
103 700 0.1353
103 701 0.1037
103 702 0.2518
103 703 0.2121
103 704 0.1633
103 705 0.1486
103 706 0.7007
103 707 0.3237
103 708 0.1503
103 709 0.2635
103 710 0.3641
103 711 0.3786
103 712 0.1191
103 713 0.2508
103 714 0.3105
103 715 0.1676
103 716 0.2534
103 717 0.2849
103 718 0.1917
103 722 0.3511
103 723 0.1676
103 724 0.1821
103 726 0.2783
103 727 0.1454
103 728 0.1613
103 729 0.2048
103 731 0.1316
103 732 0.1786
103 733 0.2218
103 734 0.1521
103 735 0.2396
103 736 0.3440
103 737 0.3684
103 738 0.1442
103 740 0.2223
103 741 0.3052
103 742 0.1891
103 743 0.2347
103 744 0.2941
103 745 0.1174
103 747 0.2181
103 748 0.5879
103 749 0.1191
103 750 0.1789
103 752 0.5541
103 753 0.1376
103 755 0.2976
103 756 0.1037
103 757 0.1967
103 758 0.4640
103 759 0.1770
103 760 0.2744
103 762 0.2483
103 763 0.1492
103 764 0.2005
103 765 0.1568
103 766 0.2206
103 767 0.1558
103 768 0.2796
103 769 0.2218
103 770 0.1985
103 771 0.1628
103 772 0.1363
103 773 0.1680
103 775 0.2256
103 776 0.2982
103 777 0.0941
103 778 0.2520
103 780 0.2082
103 781 0.1466
103 782 0.1850
103 783 0.1802
103 784 0.1377
103 785 0.1518
103 786 0.2752
103 787 0.1458
103 789 0.2703
103 791 0.2353
103 792 0.1436
103 793 0.2043
103 794 0.1374
103 795 0.2722
103 796 0.3312
103 797 0.1479
103 798 0.1685
103 799 0.2328
103 800 0.1436
103 801 0.1496
103 802 0.1464
103 803 0.1602
103 804 0.4161
103 805 0.1259
103 806 0.1516
103 807 0.1043
103 808 0.3505
103 809 0.2560
103 810 0.2604
103 811 0.6039
103 812 0.1464
103 813 0.2667
103 814 0.2424
103 815 0.1376
103 816 0.1890
103 817 0.2208
103 818 0.3429
103 819 0.2483
103 820 0.2094
103 821 0.3154
103 822 0.1507
103 823 0.3548
103 824 0.1541
103 825 0.1471
103 827 0.1984
103 828 0.2878
103 829 0.1698
103 830 0.1676
103 831 0.1666
103 832 0.2515
103 833 0.1343
103 834 0.3300
103 835 0.2483
103 836 0.2288
103 837 0.1608
103 838 0.2082
103 839 0.1979
103 840 0.1442
103 841 0.3220
103 842 0.2218
103 843 0.3881
103 844 0.0901
103 845 0.1419
103 846 0.5059
103 848 0.1668
103 849 0.2355
103 851 0.5851
103 852 0.1037
103 853 0.2534
103 854 0.1037
103 855 0.2212
103 856 0.2198
103 857 0.1633
103 858 0.1874
103 859 0.1197
103 860 0.1676
103 861 0.1474
103 862 0.2699
103 864 0.1929
103 865 0.2581
103 866 0.2464
103 867 0.3151
103 868 0.2102
103 869 0.3193
103 870 0.1532
103 871 0.1209
103 872 0.8279
103 874 0.2198
103 875 0.1746
103 876 0.1643
103 877 0.1037
103 878 0.1692
103 880 0.2714
103 881 0.1252
103 882 0.2127
103 883 0.1190
103 884 0.1479
103 885 0.1395
103 886 0.1938
103 887 0.2109
103 888 0.3050
103 889 0.2469
103 890 0.1482
103 891 0.5025
103 892 0.1875
103 893 0.2613
103 894 0.3196
103 895 0.2511
103 896 0.3755
103 898 0.1792
103 900 0.1707
103 901 0.1541
103 903 0.3170
103 905 0.2149
103 907 0.1563
103 908 0.2150
103 909 0.2758
103 911 0.1634
103 913 0.2534
103 914 0.2059
103 915 0.5695
103 917 0.2056
103 918 0.1539
103 919 0.2361
103 920 0.2699
103 921 0.1610
103 922 0.3003
103 924 0.1523
103 928 0.3039
103 929 0.2604
103 930 0.3127
103 932 0.1681
103 934 0.3122
103 935 0.2832
103 936 0.1903
103 937 0.1419
103 938 0.1676
103 940 0.1531
103 942 0.2320
103 943 0.1615
103 944 0.2761
103 946 0.1844
103 947 0.2134
103 948 0.2457
103 949 0.1301
103 950 0.2359
103 951 0.1376
103 952 0.2052
103 953 0.2852
103 954 0.1888
103 955 0.4765
103 956 0.1604
103 957 0.1709
103 958 0.1775
103 959 0.2094
103 960 0.3547
103 961 0.1397
103 962 0.1901
103 964 0.2335
103 965 0.2787
103 966 0.2773
103 967 0.2309
103 968 0.1808
103 969 0.1746
103 971 0.2699
103 972 0.2842
103 973 0.1273
103 974 0.7905
103 975 0.1037
103 976 0.1225
103 977 0.2056
103 978 0.3810
103 979 0.4186
103 980 0.1624
103 982 0.1393
103 983 0.2218
103 984 0.2520
103 985 0.1994
103 986 0.2363
103 987 0.1137
103 989 0.1811
103 990 0.1456
103 991 0.1376
103 992 0.1393
103 993 0.4707
103 994 0.3992
103 995 0.1921
103 996 0.2056
103 999 0.1668
103 1000 0.1508
103 1001 0.1763
103 1002 0.2725
103 1003 0.4108
103 1004 0.3986
103 1006 0.2483
103 1007 0.5842
103 1008 0.2992
103 1013 0.2054
103 1014 0.1679
103 1015 0.1424
103 1016 0.2483
103 1017 0.2322
103 1018 0.1611
103 1019 0.1037
103 1020 0.1838
103 1022 0.2990
103 1023 0.1558
103 1024 0.2405
103 1026 0.1540
103 1027 0.1713
103 1028 0.1766
103 1029 0.1533
103 1030 0.2487
103 1032 0.2274
103 1033 0.1634
103 1034 0.2483
103 1035 0.2056
103 1036 0.2553
103 1037 0.2266
103 1038 0.3283
103 1039 0.1638
103 1040 0.1681
103 1041 0.1802
103 1042 0.1615
103 1044 0.2214
103 1045 0.2127
103 1046 0.1975
103 1047 0.1505
103 1048 0.1600
103 1049 0.2518
103 1051 0.1647
103 1053 0.1037
103 1054 0.1457
103 1055 0.1809
103 1056 0.2820
103 1057 0.1994
103 1059 0.1819
103 1060 0.2715
103 1061 0.1714
103 1063 0.3631
103 1064 0.1698
103 1065 0.2662
103 1066 0.3862
103 1067 0.3460
103 1068 0.1927
103 1069 0.2056
103 1070 0.1710
103 1073 0.2198
103 1075 0.1721
103 1076 0.1464
103 1077 0.1676
103 1078 0.1738
103 1079 0.2080
103 1080 0.1681
103 1082 0.1458
103 1083 0.3281
103 1084 0.2622
103 1085 0.1515
103 1087 0.2457
103 1089 0.3274
103 1090 0.1037
103 1091 0.2056
103 1093 0.1893
103 1094 0.2056
103 1096 0.1466
103 1097 0.2056
103 1099 0.6557
103 1102 0.1427
103 1103 0.1417
103 1104 0.0878
103 1105 0.5307
103 1106 0.3827
103 1107 0.1995
103 1108 0.1251
103 1110 0.2218
103 1111 0.1483
103 1116 0.1594
103 1117 0.1037
103 1118 0.1386
103 1119 0.1864
103 1121 0.1595
103 1122 0.2218
103 1123 0.2056
103 1124 0.2218
103 1125 0.1669
103 1126 0.3033
103 1127 0.1685
103 1128 0.2082
103 1129 0.1622
103 1130 0.3578
103 1131 0.1436
103 1133 0.1791
103 1134 0.2056
103 1135 0.4943
103 1136 0.1850
103 1138 0.2218
103 1139 0.1285
103 1141 0.2022
103 1142 0.2335
103 1143 0.2089
103 1144 0.1598
103 1145 0.1037
103 1146 0.1424
103 1147 0.2182
103 1148 0.2056
103 1150 0.5001
103 1151 0.3086
103 1152 0.2811
103 1153 0.1561
103 1154 0.3212
103 1155 0.2056
103 1156 0.1912
103 1157 0.2225
103 1158 0.2483
103 1159 0.1397
103 1162 0.2056
103 1163 0.3755
103 1166 0.2483
103 1167 0.1393
103 1169 0.1734
103 1172 0.2699
103 1174 0.1553
103 1176 0.1681
103 1177 0.1353
103 1178 0.2054
103 1180 0.2118
103 1182 0.2198
103 1183 0.1983
103 1185 0.1888
103 1187 0.1417
103 1188 0.1848
103 1189 0.1983
103 1191 0.2465
103 1192 0.2056
103 1193 0.2818
103 1194 0.1373
103 1196 0.1629
103 1197 0.1615
103 1199 0.1624
103 1200 0.1909
103 1201 0.1512
103 1202 0.1441
103 1204 0.1461
103 1205 0.1537
103 1206 0.2269
103 1207 0.1397
103 1208 0.1875
103 1209 0.1596
103 1210 0.1731
103 1211 0.4613
103 1213 0.1286
103 1214 0.2218
103 1215 0.1037
103 1216 0.1784
103 1217 0.2483
103 1218 0.1427
103 1219 0.1376
103 1220 0.1452
103 1221 0.1494
103 1222 0.1466
103 1223 0.1578
103 1225 0.2760
103 1226 0.4744
103 1228 0.1681
103 1229 0.1466
103 1230 0.3048
103 1231 0.1458
103 1233 0.1419
103 1235 0.2056
103 1236 0.1848
103 1237 0.2761
103 1238 0.1458
103 1240 0.2426
103 1242 0.2816
103 1243 0.1441
103 1246 0.1419
103 1247 0.2167
103 1248 0.1372
103 1250 0.2145
103 1251 0.1854
103 1252 0.1847
103 1253 0.1832
103 1254 0.1709
103 1256 0.2281
103 1257 0.2056
103 1258 0.4823
103 1259 0.2298
103 1260 0.3198
103 1262 0.1998
103 1263 0.1512
103 1265 0.2218
103 1267 0.2483
103 1268 0.1466
103 1269 0.3103
103 1270 0.1672
103 1271 0.2361
103 1272 0.1942
103 1273 0.1742
103 1274 0.1466
103 1275 0.2711
103 1276 0.1730
103 1278 0.1133
103 1279 0.1622
103 1280 0.1960
103 1281 0.1658
103 1282 0.1242
103 1283 0.0993
103 1284 0.2218
103 1286 0.2557
103 1287 0.1219
103 1288 0.1392
103 1289 0.1676
103 1290 0.1333
103 1291 0.2288
103 1292 0.2547
103 1295 0.1685
103 1296 0.1037
103 1297 0.1192
103 1298 0.2224
103 1299 0.1298
103 1300 0.1191
103 1301 0.1376
103 1303 0.3191
103 1304 0.1515
103 1305 0.1988
103 1306 0.2218
103 1307 0.2264
103 1308 0.2464
103 1309 0.1901
103 1310 0.1037
103 1311 0.1676
103 1312 0.1376
103 1316 0.7920
103 1320 0.1691
103 1322 0.1532
103 1323 0.1228
103 1324 0.1037
103 1325 0.1681
103 1326 0.1037
103 1327 0.1451
103 1330 0.1397
103 1332 0.1376
103 1333 0.1497
103 1334 0.1372
103 1335 0.1353
103 1337 0.1394
103 1340 0.1431
103 1341 0.2056
103 1342 0.2464
103 1344 0.1696
103 1345 0.2056
103 1346 0.1458
103 1347 0.2218
103 1348 0.2930
103 1349 0.1424
103 1351 0.1537
103 1353 0.1682
103 1354 0.1376
103 1355 0.1682
103 1356 0.2483
103 1358 0.2056
103 1360 0.2483
103 1361 0.1131
103 1362 0.2133
103 1363 0.1875
103 1364 0.1531
103 1365 0.1676
103 1367 0.2955
103 1368 0.1452
103 1369 0.4468
103 1370 0.3128
103 1371 0.1431
103 1372 0.2198
103 1373 0.1301
103 1374 0.1473
103 1375 0.1531
103 1376 0.1376
103 1377 0.2333
103 1378 0.2699
103 1379 0.1417
103 1380 0.1784
103 1381 0.2021
103 1382 0.2218
103 1386 0.2218
103 1387 0.3988
103 1388 0.1883
103 1389 0.1904
103 1390 0.1526
103 1392 0.1110
103 1395 0.1323
103 1396 0.2064
103 1397 0.1762
103 1398 0.1637
103 1399 0.1256
103 1401 0.1037
103 1402 0.1497
103 1405 0.2002
103 1406 0.2699
103 1407 0.2211
103 1408 0.2959
103 1409 0.1801
103 1410 0.2561
103 1411 0.2852
103 1413 0.1037
103 1414 0.1634
103 1415 0.1727
103 1416 0.2218
103 1418 0.1461
103 1419 0.1540
103 1420 0.1983
103 1421 0.1205
103 1423 0.2218
103 1424 0.1037
103 1425 0.1190
103 1426 0.3728
103 1427 0.1854
103 1428 0.2384
103 1431 0.1418
103 1434 0.7327
103 1435 0.3287
103 1436 0.1190
103 1437 0.1033
103 1438 0.1190
103 1439 0.2457
103 1440 0.5307
103 1441 0.2699
103 1445 0.1729
103 1446 0.2479
103 1448 0.2056
103 1449 0.2483
103 1451 0.1965
103 1452 0.2483
103 1453 0.1737
103 1456 0.2263
103 1457 0.1850
103 1458 0.1442
103 1459 0.2198
103 1460 0.1994
103 1461 0.2054
103 1462 0.2056
103 1463 0.1466
103 1464 0.2726
103 1465 0.1515
103 1466 0.1906
103 1468 0.1037
103 1470 0.1999
103 1472 0.1439
103 1473 0.1376
103 1474 0.1466
103 1477 0.1769
103 1478 0.1537
103 1479 0.2225
103 1480 0.2534
103 1481 0.1353
103 1482 0.1634
103 1484 0.2054
103 1485 0.1964
103 1487 0.1436
103 1488 0.2056
103 1490 0.1735
103 1491 0.2476
103 1495 0.1618
103 1497 0.1628
103 1498 0.1397
103 1499 0.2056
103 1501 0.1910
103 1503 0.2264
103 1504 0.2872
103 1505 0.1975
103 1506 0.2218
103 1507 0.1598
103 1508 0.2054
103 1510 0.2056
103 1511 0.1598
103 1512 0.2056
103 1513 0.1343
103 1514 0.1037
103 1516 0.1707
103 1517 0.1534
103 1518 0.2230
103 1519 0.5261
103 1520 0.8535
103 1522 0.1848
103 1525 0.1473
103 1526 0.1492
103 1527 0.1197
103 1529 0.1983
103 1530 0.1009
103 1531 0.1494
103 1532 0.1037
103 1534 0.1975
103 1535 0.2389
103 1536 0.0998
103 1538 0.1847
103 1540 0.1848
103 1541 0.1819
103 1542 0.1261
103 1544 0.1466
103 1546 0.2218
103 1547 0.3951
103 1548 0.1913
103 1549 0.1466
103 1550 0.1532
103 1551 0.1659
103 1552 0.2483
103 1553 0.2056
103 1554 0.1618
103 1555 0.1745
103 1562 0.2056
103 1565 0.1360
103 1567 0.2056
103 1568 0.1666
103 1569 0.2056
103 1570 0.1037
103 1571 0.1708
103 1572 0.2483
103 1573 0.1681
103 1574 0.1131
103 1577 0.2265
103 1578 0.2056
103 1579 0.1910
103 1580 0.1615
103 1581 0.2218
103 1582 0.1037
103 1583 0.1854
103 1586 0.1466
103 1587 0.1598
103 1588 0.2274
103 1589 0.1372
103 1590 0.2218
103 1591 0.1441
103 1592 0.2056
103 1593 0.1621
103 1595 0.1197
103 1596 0.2218
103 1597 0.1547
103 1598 0.2056
103 1599 0.2218
103 1602 0.2056
103 1603 0.2483
103 1604 0.1497
103 1606 0.1666
103 1608 0.3496
103 1609 0.1376
103 1610 0.1464
103 1611 0.2056
103 1612 0.1875
103 1613 0.4720
103 1615 0.1598
103 1616 0.1595
103 1618 0.3174
103 1619 0.1598
103 1620 0.2483
103 1621 0.4253
103 1622 0.3215
103 1623 0.1634
103 1624 0.3385
103 1625 0.1037
103 1626 0.1037
103 1628 0.2483
103 1629 0.2218
103 1630 0.1515
103 1631 0.1037
103 1632 0.1970
103 1633 0.2365
103 1634 0.1369
103 1636 0.1515
103 1637 0.2056
103 1639 0.1497
103 1640 0.1682
103 1643 0.2457
103 1644 0.1681
103 1645 0.1466
103 1646 0.2483
103 1647 0.1967
103 1648 0.2056
103 1649 0.1372
103 1650 0.1411
103 1651 0.1037
103 1653 0.1761
103 1654 0.1037
103 1657 0.2056
103 1658 0.2483
103 1659 0.1376
103 1661 0.2056
103 1662 0.1710
103 1663 0.1540
103 1665 0.3361
103 1667 0.1819
103 1668 0.2906
103 1671 0.2218
103 1672 0.2218
103 1673 0.1339
103 1674 0.1793
103 1675 0.1411
103 1676 0.1562
103 1678 0.2120
103 1679 0.2820
103 1680 0.1774
103 1681 0.2218
103 1683 0.3291
103 1685 0.2483
103 1687 0.1759
103 1689 0.8598
103 1690 0.1589
103 1691 0.1386
103 1692 0.1548
103 1693 0.1690
103 1694 0.2218
103 1696 0.2218
103 1697 0.2632
103 1698 0.1411
103 1700 0.2355
103 1701 0.2355
103 1702 0.2355
103 1703 0.1676
103 1704 0.2360
103 1705 0.1633
103 1707 0.2713
103 1709 0.1983
103 1710 0.2218
103 1711 0.2355
103 1712 0.8504
103 1713 0.1735
103 1714 0.2537
103 1715 0.2355
103 1716 0.1690
103 1717 0.7082
103 1718 0.1428
103 1719 0.1190
103 1720 0.2218
103 1721 0.1037
103 1722 0.1037
103 1724 0.1598
103 1725 0.2218
103 1726 0.2218
103 1728 0.2056
103 1730 0.2198
104 105 0.2848
104 106 0.0793
104 108 0.2598
104 109 0.3175
104 110 0.1495
104 111 0.2776
104 112 0.1572
104 113 0.6258
104 114 0.1324
104 115 0.2859
104 116 0.4658
104 117 0.2409
104 119 0.6194
104 120 0.2982
104 121 0.1671
104 122 0.3162
104 123 0.3119
104 124 0.4053
104 125 0.1673
104 126 0.2367
104 127 0.1125
104 128 0.2620
104 129 0.1428
104 130 0.2619
104 131 0.1172
104 132 0.1949
104 133 0.1874
104 134 0.4008
104 135 0.0980
104 136 0.5401
104 137 0.4478
104 138 0.1452
104 139 0.1914
104 140 0.2014
104 143 0.5393
104 144 0.1811
104 145 0.2306
104 146 0.7623
104 147 0.1744
104 148 0.3482
104 149 0.2153
104 150 0.1901
104 151 0.1736
104 152 0.4107
104 153 0.5282
104 154 0.5430
104 156 0.3918
104 157 0.1604
104 158 0.1505
104 159 0.2279
104 160 0.2001
104 161 0.1225
104 162 0.5401
104 163 0.2780
104 164 0.2254
104 165 0.1931
104 166 0.1084
104 167 0.1688
104 168 0.1336
104 169 0.2668
104 170 0.3429
104 171 0.1393
104 172 0.5099
104 173 0.1932
104 174 0.1421
104 175 0.3623
104 176 0.3411
104 177 0.1901
104 178 0.2218
104 179 0.3038
104 180 0.0687
104 182 0.3305
104 183 0.3038
104 184 0.5082
104 185 0.2386
104 186 0.1778
104 187 0.2370
104 188 0.1324
104 189 0.1434
104 190 0.1572
104 191 0.1509
104 192 0.3770
104 193 0.1341
104 194 0.3261
104 195 0.2974
104 196 0.3192
104 197 0.3694
104 198 0.1039
104 199 0.4264
104 200 0.2280
104 201 0.6571
104 202 0.2247
104 203 0.1973
104 204 0.7868
104 206 0.3104
104 207 0.1846
104 208 0.1487
104 209 0.1581
104 210 0.4185
104 211 0.1372
104 212 0.3460
104 213 0.1946
104 214 0.2617
104 215 0.5387
104 216 0.2622
104 217 0.1807
104 218 0.1170
104 219 0.1910
104 220 0.1555
104 221 0.1551
104 223 0.4407
104 224 0.1166
104 225 0.1238
104 226 0.1802
104 227 0.1599
104 228 0.3227
104 229 0.1635
104 230 0.4351
104 231 0.1874
104 232 0.1582
104 233 0.1275
104 234 0.2021
104 235 0.3264
104 236 0.5947
104 237 0.1853
104 238 0.3483
104 239 0.1660
104 240 0.1769
104 241 0.3009
104 242 0.6062
104 243 0.0813
104 245 0.1979
104 246 0.1693
104 248 0.1871
104 249 0.2017
104 250 0.1375
104 251 0.1931
104 253 0.1383
104 254 0.0906
104 255 0.1673
104 256 0.2858
104 257 0.1812
104 258 0.4157
104 260 0.1673
104 261 0.1593
104 262 0.3738
104 263 0.1910
104 264 0.2106
104 265 0.1655
104 266 0.1993
104 267 0.1516
104 268 0.2165
104 269 0.1820
104 270 0.1343
104 271 0.2652
104 272 0.3532
104 273 0.1443
104 274 0.5484
104 275 0.2778
104 276 0.4940
104 278 0.2603
104 279 0.1153
104 280 0.1635
104 281 0.2062
104 282 0.2168
104 283 0.1318
104 284 0.1185
104 285 0.1185
104 286 0.4988
104 287 0.1432
104 288 0.1452
104 289 0.1403
104 290 0.6079
104 291 0.1922
104 292 0.3154
104 293 0.2199
104 294 0.5055
104 295 0.1419
104 296 0.1928
104 297 0.1848
104 299 0.1873
104 300 0.1584
104 301 0.2765
104 303 0.1500
104 304 0.2755
104 305 0.1555
104 306 0.1531
104 307 0.1585
104 308 0.1063
104 309 0.1551
104 310 0.1443
104 311 0.1332
104 312 0.1016
104 313 0.1599
104 314 0.1402
104 315 0.1756
104 317 0.1902
104 318 0.1212
104 319 0.2981
104 320 0.6844
104 321 0.1882
104 322 0.1902
104 323 0.2237
104 324 0.1995
104 325 0.1407
104 326 0.1647
104 327 0.2062
104 328 0.1584
104 329 0.1626
104 330 0.4453
104 331 0.3103
104 332 0.2196
104 333 0.1497
104 334 0.1244
104 335 0.1688
104 336 0.1977
104 337 0.2406
104 338 0.4886
104 339 0.1203
104 340 0.4811
104 341 0.2287
104 342 0.1863
104 343 0.1388
104 344 0.1286
104 346 0.1702
104 347 0.4204
104 348 0.3418
104 349 0.1407
104 350 0.1997
104 351 0.2138
104 352 0.1935
104 353 0.2789
104 354 0.2015
104 356 0.1902
104 357 0.2591
104 358 0.2907
104 360 0.1886
104 361 0.3109
104 362 0.3504
104 363 0.1598
104 364 0.2320
104 366 0.2239
104 367 0.1812
104 368 0.1700
104 370 0.2494
104 371 0.1734
104 372 0.2193
104 373 0.2138
104 374 0.1320
104 375 0.3523
104 376 0.2235
104 377 0.3496
104 378 0.2062
104 379 0.3943
104 380 0.2126
104 381 0.1904
104 382 0.1660
104 383 0.3182
104 384 0.1551
104 385 0.1853
104 386 0.2401
104 387 0.1340
104 388 0.2673
104 389 0.2053
104 390 0.2846
104 391 0.1913
104 392 0.1264
104 393 0.5023
104 394 0.2033
104 395 0.2859
104 396 0.2631
104 397 0.1864
104 398 0.8257
104 399 0.4070
104 400 0.2409
104 402 0.2054
104 403 0.1504
104 404 0.2138
104 405 0.2490
104 406 0.3370
104 407 0.1874
104 408 0.1902
104 409 0.1779
104 410 0.1647
104 411 0.2866
104 412 0.2575
104 413 0.1601
104 414 0.2766
104 415 0.3051
104 416 0.1554
104 417 0.1984
104 418 0.2321
104 419 0.2066
104 420 0.1725
104 421 0.1414
104 422 0.1075
104 423 0.1864
104 424 0.1898
104 425 0.2182
104 427 0.1500
104 428 0.1849
104 429 0.1786
104 430 0.2578
104 432 0.1303
104 433 0.3103
104 434 0.4997
104 435 0.2059
104 436 0.1783
104 438 0.4693
104 439 0.3963
104 440 0.1134
104 441 0.2259
104 442 0.3754
104 444 0.1103
104 445 0.1074
104 447 0.1093
104 449 0.4630
104 450 0.1534
104 451 0.1699
104 452 0.2295
104 453 0.2881
104 454 0.7258
104 455 0.2543
104 456 0.4162
104 457 0.2046
104 458 0.2069
104 459 0.1902
104 460 0.1623
104 461 0.5124
104 463 0.4965
104 465 0.1039
104 466 0.5973
104 467 0.1522
104 468 0.1633
104 469 0.1735
104 470 0.2734
104 471 0.3291
104 472 0.4037
104 474 0.1236
104 475 0.1548
104 476 0.1638
104 478 0.2476
104 479 0.2221
104 480 0.1942
104 481 0.1325
104 482 0.1632
104 484 0.5601
104 485 0.0802
104 486 0.1853
104 488 0.1220
104 490 0.1633
104 491 0.1303
104 492 0.1546
104 494 0.2015
104 495 0.3999
104 496 0.1659
104 497 0.1428
104 498 0.1652
104 499 0.3679
104 500 0.2254
104 501 0.1315
104 503 0.1427
104 504 0.1886
104 505 0.1786
104 506 0.1882
104 507 0.1391
104 508 0.2074
104 509 0.1433
104 510 0.1684
104 511 0.5905
104 512 0.1747
104 513 0.1677
104 514 0.2668
104 515 0.3086
104 516 0.3136
104 517 0.1467
104 518 0.3068
104 519 0.2007
104 520 0.1947
104 521 0.3287
104 522 0.1880
104 523 0.1439
104 525 0.1877
104 526 0.1853
104 527 0.1673
104 529 0.2138
104 530 0.1247
104 531 0.1286
104 532 0.1902
104 533 0.1680
104 534 0.1723
104 535 0.1049
104 536 0.4237
104 537 0.1448
104 539 0.1660
104 540 0.3154
104 541 0.1857
104 542 0.2249
104 543 0.1615
104 544 0.2790
104 545 0.1853
104 546 0.1873
104 547 0.2138
104 548 0.2230
104 549 0.3366
104 550 0.1619
104 551 0.2237
104 552 0.1873
104 553 0.2714
104 554 0.2119
104 555 0.1834
104 556 0.1315
104 557 0.6170
104 558 0.2095
104 560 0.2882
104 561 0.2592
104 562 0.1315
104 563 0.4915
104 564 0.1075
104 565 0.1539
104 567 0.2425
104 568 0.6270
104 569 0.1084
104 570 0.1673
104 571 0.3563
104 572 0.3013
104 573 0.2404
104 574 0.1571
104 575 0.2248
104 576 0.2263
104 577 0.2029
104 578 0.1774
104 579 0.3468
104 580 0.1853
104 581 0.2138
104 582 0.1309
104 583 0.1464
104 584 0.1728
104 585 0.2545
104 586 0.2461
104 587 0.1875
104 589 0.1796
104 590 0.4550
104 592 0.2065
104 594 0.1201
104 595 0.1585
104 599 0.1223
104 600 0.1902
104 601 0.1266
104 602 0.1370
104 604 0.1052
104 605 0.1791
104 606 0.1644
104 607 0.2658
104 609 0.2508
104 610 0.1908
104 612 0.1725
104 613 0.2754
104 614 0.3714
104 615 0.1946
104 616 0.1739
104 617 0.1142
104 618 0.2227
104 619 0.2847
104 620 0.1718
104 621 0.1957
104 622 0.1874
104 623 0.1647
104 625 0.2017
104 626 0.3299
104 627 0.1463
104 628 0.1383
104 629 0.1926
104 631 0.1905
104 632 0.1580
104 633 0.3022
104 634 0.1448
104 635 0.1902
104 636 0.1593
104 637 0.2583
104 638 0.1125
104 639 0.5922
104 642 0.1846
104 643 0.3178
104 645 0.2363
104 646 0.2032
104 647 0.1902
104 648 0.1412
104 649 0.1910
104 650 0.4738
104 651 0.2708
104 652 0.2107
104 653 0.1741
104 654 0.2412
104 655 0.2199
104 656 0.1853
104 657 0.1902
104 658 0.3861
104 659 0.1776
104 660 0.1874
104 661 0.1764
104 662 0.2060
104 663 0.2127
104 664 0.3863
104 666 0.1873
104 667 0.1904
104 668 0.1551
104 671 0.2033
104 672 0.1100
104 673 0.2033
104 674 0.1165
104 675 0.1645
104 676 0.2504
104 677 0.2214
104 678 0.3183
104 679 0.1511
104 680 0.1256
104 681 0.1812
104 682 0.1516
104 684 0.2150
104 685 0.1373
104 686 0.1438
104 687 0.2979
104 688 0.1905
104 689 0.3476
104 690 0.2138
104 691 0.3269
104 692 0.1607
104 693 0.1443
104 694 0.1589
104 695 0.3512
104 696 0.2034
104 697 0.2138
104 698 0.3056
104 699 0.2835
104 700 0.2263
104 701 0.1902
104 702 0.1391
104 703 0.2624
104 704 0.1220
104 705 0.2510
104 706 0.2680
104 707 0.1743
104 708 0.2036
104 709 0.2192
104 710 0.1887
104 711 0.4758
104 712 0.1075
104 713 0.1243
104 714 0.2746
104 715 0.2114
104 716 0.2237
104 717 0.1207
104 718 0.2755
104 722 0.2166
104 723 0.2183
104 724 0.1815
104 726 0.5134
104 727 0.2053
104 728 0.2704
104 729 0.2935
104 731 0.1068
104 732 0.3202
104 733 0.1853
104 734 0.2668
104 735 0.1763
104 736 0.5838
104 737 0.3965
104 738 0.2805
104 740 0.4092
104 741 0.1718
104 742 0.1476
104 743 0.3078
104 744 0.2255
104 745 0.1483
104 747 0.1289
104 748 0.5795
104 749 0.1075
104 750 0.1983
104 752 0.4917
104 753 0.2033
104 755 0.2235
104 756 0.1902
104 757 0.1646
104 758 0.3915
104 759 0.2233
104 760 0.1598
104 762 0.1660
104 763 0.2422
104 764 0.1972
104 765 0.1358
104 766 0.1356
104 767 0.1982
104 768 0.5909
104 769 0.1853
104 770 0.4372
104 771 0.0834
104 772 0.2087
104 773 0.3731
104 775 0.2134
104 776 0.2578
104 777 0.2235
104 778 0.2534
104 780 0.1684
104 781 0.1802
104 782 0.1223
104 783 0.2835
104 784 0.2468
104 785 0.2508
104 786 0.2185
104 787 0.2138
104 789 0.2605
104 791 0.1463
104 792 0.1910
104 793 0.3774
104 794 0.1594
104 795 0.1880
104 796 0.2160
104 797 0.2834
104 798 0.1315
104 799 0.1645
104 800 0.1783
104 801 0.2314
104 802 0.1551
104 803 0.1470
104 804 0.3595
104 805 0.1632
104 806 0.3068
104 807 0.1964
104 808 0.2015
104 809 0.2330
104 810 0.1811
104 811 0.2628
104 812 0.1551
104 813 0.2002
104 814 0.3209
104 815 0.1874
104 816 0.1397
104 817 0.1448
104 818 0.2022
104 819 0.1660
104 820 0.2197
104 821 0.2246
104 822 0.1510
104 823 0.3980
104 824 0.1764
104 825 0.2576
104 827 0.1720
104 828 0.2623
104 829 0.2377
104 830 0.2263
104 831 0.3683
104 832 0.2089
104 833 0.1218
104 834 0.3335
104 835 0.1889
104 836 0.3020
104 837 0.1746
104 838 0.2337
104 839 0.1275
104 840 0.2289
104 841 0.3060
104 842 0.1853
104 843 0.1992
104 844 0.2085
104 845 0.2510
104 846 0.2579
104 848 0.3170
104 849 0.1186
104 851 0.7672
104 852 0.1902
104 853 0.2237
104 854 0.1902
104 855 0.2428
104 856 0.1915
104 857 0.1220
104 858 0.2669
104 859 0.1643
104 860 0.1572
104 861 0.1958
104 862 0.1928
104 864 0.1384
104 865 0.2115
104 866 0.2199
104 867 0.5627
104 868 0.2115
104 869 0.0762
104 870 0.1611
104 871 0.1283
104 872 0.8242
104 874 0.2121
104 875 0.1077
104 876 0.2532
104 877 0.1902
104 878 0.2222
104 880 0.1806
104 881 0.1643
104 882 0.2297
104 883 0.1285
104 884 0.2235
104 885 0.1824
104 886 0.5753
104 887 0.1992
104 888 0.2060
104 889 0.3028
104 890 0.2544
104 891 0.5037
104 892 0.1934
104 893 0.1969
104 894 0.2754
104 895 0.3833
104 896 0.2906
104 898 0.5333
104 900 0.1016
104 901 0.2372
104 903 0.1028
104 905 0.2043
104 907 0.1754
104 908 0.2757
104 909 0.3014
104 911 0.2017
104 913 0.2237
104 914 0.1876
104 915 0.6845
104 917 0.1873
104 918 0.1814
104 919 0.1211
104 920 0.1928
104 921 0.2226
104 922 0.1186
104 924 0.3112
104 928 0.2081
104 929 0.3730
104 930 0.2195
104 932 0.1599
104 934 0.1902
104 935 0.1653
104 936 0.2682
104 937 0.2583
104 938 0.1572
104 940 0.1786
104 942 0.1971
104 943 0.2474
104 944 0.1637
104 946 0.2830
104 947 0.2055
104 948 0.1586
104 949 0.1700
104 950 0.1443
104 951 0.1874
104 952 0.1319
104 953 0.1698
104 954 0.1867
104 955 0.2457
104 956 0.2553
104 957 0.1263
104 958 0.2029
104 959 0.2197
104 960 0.8391
104 961 0.1497
104 962 0.2946
104 964 0.2363
104 965 0.2349
104 966 0.1650
104 967 0.2079
104 968 0.1951
104 969 0.3026
104 971 0.1928
104 972 0.1993
104 973 0.1230
104 974 0.8261
104 975 0.1902
104 976 0.1744
104 977 0.1873
104 978 0.2668
104 979 0.3766
104 980 0.1554
104 982 0.1480
104 983 0.1853
104 984 0.2702
104 985 0.1125
104 986 0.1115
104 987 0.2945
104 989 0.1972
104 990 0.3217
104 991 0.1881
104 992 0.1480
104 993 0.6101
104 994 0.4497
104 995 0.4489
104 996 0.1873
104 999 0.2019
104 1000 0.1808
104 1001 0.1260
104 1002 0.1578
104 1003 0.5852
104 1004 0.4504
104 1006 0.1660
104 1007 0.2876
104 1008 0.1860
104 1013 0.1673
104 1014 0.2041
104 1015 0.1871
104 1016 0.1880
104 1017 0.1965
104 1018 0.1516
104 1019 0.1902
104 1020 0.3415
104 1022 0.2085
104 1023 0.3167
104 1024 0.2259
104 1026 0.0980
104 1027 0.2666
104 1028 0.1987
104 1029 0.1733
104 1030 0.2480
104 1032 0.2527
104 1033 0.2017
104 1034 0.1660
104 1035 0.1873
104 1036 0.3126
104 1037 0.3155
104 1038 0.1974
104 1039 0.2743
104 1040 0.1599
104 1041 0.1984
104 1042 0.2474
104 1044 0.1784
104 1045 0.2251
104 1046 0.1907
104 1047 0.1222
104 1048 0.1572
104 1049 0.1391
104 1051 0.1285
104 1053 0.1902
104 1054 0.1881
104 1055 0.1077
104 1056 0.2372
104 1057 0.1125
104 1059 0.1407
104 1060 0.1929
104 1061 0.2777
104 1063 0.1893
104 1064 0.2450
104 1065 0.1622
104 1066 0.2707
104 1067 0.2943
104 1068 0.2611
104 1069 0.1873
104 1070 0.2019
104 1073 0.1790
104 1075 0.2918
104 1076 0.1813
104 1077 0.1572
104 1078 0.2033
104 1079 0.2050
104 1080 0.1599
104 1082 0.2138
104 1083 0.2842
104 1084 0.1600
104 1085 0.2166
104 1087 0.1586
104 1089 0.2339
104 1090 0.1902
104 1091 0.1873
104 1093 0.3469
104 1094 0.1873
104 1096 0.1647
104 1097 0.1873
104 1099 0.5156
104 1102 0.1886
104 1103 0.2461
104 1104 0.4180
104 1105 0.3782
104 1106 0.3260
104 1107 0.1103
104 1108 0.1500
104 1110 0.1853
104 1111 0.2136
104 1116 0.1586
104 1117 0.1902
104 1118 0.1916
104 1119 0.1895
104 1121 0.1589
104 1122 0.1853
104 1123 0.1873
104 1124 0.1853
104 1125 0.1626
104 1126 0.1987
104 1127 0.3068
104 1128 0.2337
104 1129 0.4323
104 1130 0.4181
104 1131 0.1910
104 1133 0.2026
104 1134 0.1873
104 1135 0.3720
104 1136 0.1223
104 1138 0.1853
104 1139 0.1693
104 1141 0.1180
104 1142 0.1843
104 1143 0.2892
104 1144 0.1653
104 1145 0.1902
104 1146 0.1391
104 1147 0.1268
104 1148 0.1873
104 1150 0.3055
104 1151 0.2605
104 1152 0.2657
104 1153 0.2125
104 1154 0.3424
104 1155 0.1873
104 1156 0.2767
104 1157 0.1616
104 1158 0.1660
104 1159 0.1648
104 1162 0.1873
104 1163 0.3463
104 1166 0.1660
104 1167 0.2181
104 1169 0.3477
104 1172 0.1928
104 1174 0.4012
104 1176 0.1599
104 1177 0.1990
104 1178 0.1673
104 1180 0.1854
104 1182 0.1994
104 1183 0.2461
104 1185 0.1305
104 1187 0.2959
104 1188 0.2066
104 1189 0.2365
104 1191 0.1948
104 1192 0.2126
104 1193 0.2272
104 1194 0.2012
104 1196 0.1552
104 1197 0.2474
104 1199 0.4546
104 1200 0.3804
104 1201 0.2959
104 1202 0.2949
104 1204 0.2017
104 1205 0.1614
104 1206 0.3651
104 1207 0.1648
104 1208 0.1934
104 1209 0.3103
104 1210 0.2210
104 1211 0.6381
104 1213 0.1739
104 1214 0.1853
104 1215 0.1902
104 1216 0.2649
104 1217 0.1660
104 1218 0.1857
104 1219 0.1874
104 1220 0.2460
104 1221 0.2756
104 1222 0.1802
104 1223 0.1489
104 1225 0.6652
104 1226 0.3834
104 1228 0.2048
104 1229 0.1647
104 1230 0.1979
104 1231 0.2138
104 1233 0.2069
104 1235 0.1977
104 1236 0.2104
104 1237 0.1637
104 1238 0.2138
104 1240 0.1849
104 1242 0.2470
104 1243 0.1768
104 1246 0.2396
104 1247 0.2450
104 1248 0.1932
104 1250 0.2504
104 1251 0.4259
104 1252 0.1325
104 1253 0.2317
104 1254 0.1263
104 1256 0.2971
104 1257 0.1873
104 1258 0.3022
104 1259 0.1553
104 1260 0.3739
104 1262 0.2525
104 1263 0.1491
104 1265 0.2281
104 1267 0.1660
104 1268 0.1799
104 1269 0.2604
104 1270 0.4039
104 1271 0.2261
104 1272 0.2021
104 1273 0.3698
104 1274 0.1799
104 1275 0.4645
104 1276 0.1713
104 1278 0.1709
104 1279 0.2322
104 1280 0.1444
104 1281 0.1540
104 1282 0.1253
104 1283 0.3260
104 1284 0.1853
104 1286 0.2073
104 1287 0.1423
104 1288 0.1957
104 1289 0.1504
104 1290 0.1167
104 1291 0.3032
104 1292 0.3530
104 1295 0.1315
104 1296 0.1902
104 1297 0.1633
104 1298 0.1122
104 1299 0.1687
104 1300 0.1075
104 1301 0.1881
104 1303 0.2179
104 1304 0.2166
104 1305 0.1220
104 1306 0.2150
104 1307 0.3096
104 1308 0.2199
104 1309 0.1969
104 1310 0.1902
104 1311 0.1572
104 1312 0.2033
104 1316 0.7802
104 1320 0.1543
104 1322 0.1537
104 1323 0.2476
104 1324 0.1902
104 1325 0.1599
104 1326 0.1902
104 1327 0.1969
104 1330 0.1958
104 1332 0.1874
104 1333 0.1452
104 1334 0.1740
104 1335 0.2368
104 1337 0.1910
104 1340 0.1424
104 1341 0.1977
104 1342 0.6172
104 1344 0.1903
104 1345 0.1873
104 1346 0.2138
104 1347 0.1853
104 1348 0.2083
104 1349 0.1792
104 1351 0.1614
104 1353 0.1828
104 1354 0.2033
104 1355 0.1828
104 1356 0.1660
104 1358 0.1873
104 1360 0.1660
104 1361 0.1742
104 1362 0.2758
104 1363 0.2403
104 1364 0.1786
104 1365 0.2225
104 1367 0.1803
104 1368 0.2449
104 1369 0.3655
104 1370 0.5152
104 1371 0.1424
104 1372 0.1790
104 1373 0.1933
104 1374 0.2165
104 1375 0.1786
104 1376 0.2033
104 1377 0.1539
104 1378 0.1928
104 1379 0.2670
104 1380 0.2220
104 1381 0.1554
104 1382 0.1853
104 1386 0.2188
104 1387 0.7262
104 1388 0.1730
104 1389 0.1869
104 1390 0.1824
104 1392 0.3194
104 1395 0.1687
104 1396 0.1140
104 1397 0.3752
104 1398 0.2003
104 1399 0.1755
104 1401 0.1902
104 1402 0.2157
104 1405 0.2149
104 1406 0.1928
104 1407 0.2217
104 1408 0.1616
104 1409 0.1307
104 1410 0.2017
104 1411 0.1698
104 1413 0.1902
104 1414 0.2017
104 1415 0.2089
104 1416 0.1853
104 1418 0.1201
104 1419 0.0980
104 1420 0.1936
104 1421 0.1561
104 1423 0.2073
104 1424 0.1902
104 1425 0.1285
104 1426 0.5112
104 1427 0.1253
104 1428 0.1451
104 1431 0.1483
104 1434 0.8287
104 1435 0.6572
104 1436 0.1285
104 1437 0.1497
104 1438 0.1285
104 1439 0.1586
104 1440 0.2204
104 1441 0.1928
104 1445 0.1324
104 1446 0.1466
104 1448 0.1873
104 1449 0.1660
104 1451 0.1870
104 1452 0.1660
104 1453 0.1624
104 1456 0.1818
104 1457 0.1223
104 1458 0.2029
104 1459 0.1790
104 1460 0.1125
104 1461 0.1673
104 1462 0.1873
104 1463 0.1869
104 1464 0.1301
104 1465 0.2166
104 1466 0.1749
104 1468 0.1902
104 1470 0.1613
104 1472 0.1926
104 1473 0.1874
104 1474 0.1647
104 1477 0.3057
104 1478 0.1541
104 1479 0.1849
104 1480 0.2518
104 1481 0.1990
104 1482 0.2017
104 1484 0.1673
104 1485 0.2007
104 1487 0.1783
104 1488 0.1873
104 1490 0.1490
104 1491 0.2036
104 1495 0.1309
104 1497 0.2446
104 1498 0.1497
104 1499 0.1873
104 1501 0.1949
104 1503 0.1180
104 1504 0.1812
104 1505 0.2008
104 1506 0.1853
104 1507 0.1739
104 1508 0.1673
104 1510 0.1873
104 1511 0.1653
104 1512 0.1873
104 1513 0.1218
104 1514 0.1902
104 1516 0.2717
104 1517 0.1585
104 1518 0.1819
104 1519 0.2728
104 1520 0.6934
104 1522 0.2066
104 1525 0.1668
104 1526 0.1412
104 1527 0.1643
104 1529 0.2438
104 1530 0.1113
104 1531 0.2134
104 1532 0.1902
104 1534 0.2357
104 1535 0.1464
104 1536 0.1106
104 1538 0.3953
104 1540 0.2573
104 1541 0.1407
104 1542 0.1174
104 1544 0.1802
104 1546 0.1853
104 1547 0.1940
104 1548 0.1446
104 1549 0.1647
104 1550 0.1537
104 1551 0.1407
104 1552 0.1660
104 1553 0.1873
104 1554 0.2253
104 1555 0.1269
104 1562 0.1873
104 1565 0.1477
104 1567 0.1873
104 1568 0.1223
104 1569 0.1873
104 1570 0.1902
104 1571 0.2779
104 1572 0.1660
104 1573 0.1599
104 1574 0.1742
104 1577 0.2711
104 1578 0.2064
104 1579 0.3370
104 1580 0.1579
104 1581 0.1853
104 1582 0.1902
104 1583 0.3588
104 1586 0.1927
104 1587 0.1739
104 1588 0.1881
104 1589 0.1740
104 1590 0.1853
104 1591 0.2949
104 1592 0.1873
104 1593 0.2698
104 1595 0.1643
104 1596 0.2073
104 1597 0.1550
104 1598 0.1873
104 1599 0.1922
104 1602 0.1873
104 1603 0.1660
104 1604 0.1452
104 1606 0.1223
104 1608 0.4034
104 1609 0.1874
104 1610 0.1813
104 1611 0.1873
104 1612 0.2225
104 1613 0.2957
104 1615 0.1855
104 1616 0.1589
104 1618 0.2579
104 1619 0.1855
104 1620 0.1660
104 1621 0.3401
104 1622 0.7877
104 1623 0.2017
104 1624 0.5787
104 1625 0.1902
104 1626 0.1902
104 1628 0.1660
104 1629 0.1853
104 1630 0.2166
104 1631 0.1902
104 1632 0.2263
104 1633 0.1287
104 1634 0.2488
104 1636 0.2166
104 1637 0.1873
104 1639 0.1452
104 1640 0.2069
104 1643 0.1586
104 1644 0.3122
104 1645 0.1647
104 1646 0.1660
104 1647 0.5230
104 1648 0.1873
104 1649 0.2675
104 1650 0.1877
104 1651 0.1902
104 1653 0.3648
104 1654 0.1902
104 1657 0.1873
104 1658 0.1660
104 1659 0.1874
104 1661 0.1873
104 1662 0.2019
104 1663 0.0980
104 1665 0.2311
104 1667 0.1898
104 1668 0.3737
104 1671 0.1853
104 1672 0.2216
104 1673 0.2027
104 1674 0.3313
104 1675 0.2089
104 1676 0.1864
104 1678 0.3011
104 1679 0.1981
104 1680 0.2423
104 1681 0.2216
104 1683 0.2678
104 1685 0.1660
104 1687 0.1746
104 1689 0.9435
104 1690 0.2506
104 1691 0.2204
104 1692 0.2463
104 1693 0.2055
104 1694 0.1853
104 1696 0.1853
104 1697 0.2401
104 1698 0.2089
104 1700 0.1186
104 1701 0.1186
104 1702 0.1186
104 1703 0.2020
104 1704 0.1555
104 1705 0.1220
104 1707 0.2083
104 1709 0.1936
104 1710 0.2145
104 1711 0.1186
104 1712 0.9815
104 1713 0.2782
104 1714 0.1301
104 1715 0.1186
104 1716 0.1524
104 1717 0.8947
104 1718 0.2552
104 1719 0.1285
104 1720 0.1853
104 1721 0.1902
104 1722 0.1902
104 1724 0.1653
104 1725 0.2073
104 1726 0.2145
104 1728 0.1873
104 1730 0.1790
105 106 0.6114
105 108 0.2923
105 109 0.3957
105 110 0.5814
105 111 0.7132
105 112 0.3279
105 113 0.8112
