1121 1374 0.2041
1121 1375 0.1831
1121 1376 0.1609
1121 1377 0.3951
1121 1378 0.2299
1121 1379 0.3008
1121 1380 0.2487
1121 1381 0.2068
1121 1382 0.1833
1121 1386 0.1490
1121 1387 0.2386
1121 1388 0.1805
1121 1389 0.1454
1121 1390 0.2367
1121 1392 0.1437
1121 1395 0.2958
1121 1396 0.1426
1121 1397 0.2593
1121 1398 0.2049
1121 1399 0.1717
1121 1401 0.1595
1121 1402 0.2036
1121 1405 0.1212
1121 1406 0.2299
1121 1407 0.2126
1121 1408 0.1608
1121 1409 0.1885
1121 1410 0.1678
1121 1411 0.1796
1121 1413 0.1595
1121 1414 0.1831
1121 1415 0.1326
1121 1416 0.1833
1121 1418 0.1828
1121 1419 0.1157
1121 1420 0.2498
1121 1421 0.1140
1121 1423 0.1833
1121 1424 0.1595
1121 1425 0.1207
1121 1426 0.3182
1121 1427 0.1403
1121 1428 0.1174
1121 1431 0.1044
1121 1434 0.7383
1121 1435 0.2497
1121 1436 0.1207
1121 1437 0.1187
1121 1438 0.1207
1121 1439 0.1933
1121 1440 0.1773
1121 1441 0.2299
1121 1445 0.1179
1121 1446 0.1191
1121 1448 0.1831
1121 1449 0.2041
1121 1451 0.2746
1121 1452 0.2041
1121 1453 0.2031
1121 1456 0.2635
1121 1457 0.1516
1121 1458 0.1903
1121 1459 0.1843
1121 1460 0.1387
1121 1461 0.1868
1121 1462 0.1831
1121 1463 0.1750
1121 1464 0.1564
1121 1465 0.1985
1121 1466 0.1841
1121 1468 0.1595
1121 1470 0.2058
1121 1472 0.1521
1121 1473 0.1609
1121 1474 0.1750
1121 1477 0.1939
1121 1478 0.1689
1121 1479 0.1821
1121 1480 0.2143
1121 1481 0.2557
1121 1482 0.2543
1121 1484 0.1868
1121 1485 0.2024
1121 1487 0.1513
1121 1488 0.1831
1121 1490 0.1720
1121 1491 0.2453
1121 1495 0.1662
1121 1497 0.1889
1121 1498 0.1844
1121 1499 0.1831
1121 1501 0.1932
1121 1503 0.1539
1121 1504 0.1780
1121 1505 0.1858
1121 1506 0.1833
1121 1507 0.1685
1121 1508 0.1868
1121 1510 0.1831
1121 1511 0.1685
1121 1512 0.1831
1121 1513 0.1512
1121 1514 0.1595
1121 1516 0.3081
1121 1517 0.1728
1121 1518 0.2230
1121 1519 0.3051
1121 1520 0.7861
1121 1522 0.1865
1121 1525 0.2645
1121 1526 0.1001
1121 1527 0.3936
1121 1529 0.1984
1121 1530 0.1031
1121 1531 0.1718
1121 1532 0.1595
1121 1534 0.1971
1121 1535 0.1566
1121 1536 0.0855
1121 1538 0.1176
1121 1540 0.2211
1121 1541 0.1707
1121 1542 0.1239
1121 1544 0.1736
1121 1546 0.1833
1121 1547 0.2095
1121 1548 0.1181
1121 1549 0.1750
1121 1550 0.1814
1121 1551 0.1433
1121 1552 0.2041
1121 1553 0.1831
1121 1554 0.2856
1121 1555 0.1524
1121 1562 0.1831
1121 1565 0.1357
1121 1567 0.1831
1121 1568 0.2054
1121 1569 0.1831
1121 1570 0.1595
1121 1571 0.2304
1121 1572 0.2083
1121 1573 0.1747
1121 1574 0.2286
1121 1577 0.3268
1121 1578 0.1831
1121 1579 0.3873
1121 1580 0.2335
1121 1581 0.1833
1121 1582 0.1595
1121 1583 0.2004
1121 1586 0.1750
1121 1587 0.1685
1121 1588 0.4375
1121 1589 0.1570
1121 1590 0.2095
1121 1591 0.3217
1121 1592 0.1755
1121 1593 0.3381
1121 1595 0.3936
1121 1596 0.1833
1121 1597 0.2584
1121 1598 0.1831
1121 1599 0.2105
1121 1602 0.1831
1121 1603 0.1968
1121 1604 0.2621
1121 1606 0.2054
1121 1608 0.3789
1121 1609 0.1609
1121 1610 0.2249
1121 1611 0.2358
1121 1612 0.2271
1121 1613 0.5750
1121 1615 0.2024
1121 1616 0.1704
1121 1618 0.3454
1121 1619 0.2024
1121 1620 0.2041
1121 1621 0.5228
1121 1622 0.7078
1121 1623 0.2311
1121 1624 0.4757
1121 1625 0.1859
1121 1626 0.1595
1121 1628 0.2041
1121 1629 0.1833
1121 1630 0.1985
1121 1631 0.1595
1121 1632 0.1991
1121 1633 0.2655
1121 1634 0.5244
1121 1636 0.2368
1121 1637 0.1919
1121 1639 0.2621
1121 1640 0.2522
1121 1643 0.1933
1121 1644 0.1747
1121 1645 0.1924
1121 1646 0.2041
1121 1647 0.2254
1121 1648 0.1831
1121 1649 0.1570
1121 1650 0.2026
1121 1651 0.1595
1121 1653 0.3478
1121 1654 0.1595
1121 1657 0.1831
1121 1658 0.2041
1121 1659 0.1609
1121 1661 0.1831
1121 1662 0.1558
1121 1663 0.1157
1121 1665 0.1781
1121 1667 0.1644
1121 1668 0.2439
1121 1671 0.1833
1121 1672 0.2105
1121 1673 0.1907
1121 1674 0.1945
1121 1675 0.2026
1121 1676 0.1172
1121 1678 0.1328
1121 1679 0.1611
1121 1680 0.1857
1121 1681 0.2105
1121 1683 0.1988
1121 1685 0.2041
1121 1687 0.1856
1121 1689 0.8959
1121 1690 0.1877
1121 1691 0.2073
1121 1692 0.2380
1121 1693 0.1695
1121 1694 0.1833
1121 1696 0.1833
1121 1697 0.1753
1121 1698 0.2026
1121 1700 0.1133
1121 1701 0.1133
1121 1702 0.1133
1121 1703 0.1713
1121 1704 0.1362
1121 1705 0.1812
1121 1707 0.4628
1121 1709 0.1984
1121 1710 0.1833
1121 1711 0.1133
1121 1712 0.8326
1121 1713 0.3701
1121 1714 0.1163
1121 1715 0.1133
1121 1716 0.1695
1121 1717 0.7569
1121 1718 0.2132
1121 1719 0.1207
1121 1720 0.1857
1121 1721 0.1595
1121 1722 0.1595
1121 1724 0.1685
1121 1725 0.1833
1121 1726 0.1833
1121 1728 0.1831
1121 1730 0.1694
1122 1123 0.2218
1122 1124 0.1877
1122 1125 0.1723
1122 1126 0.1927
1122 1127 0.1920
1122 1128 0.1889
1122 1129 0.1294
1122 1130 0.4079
1122 1131 0.2218
1122 1133 0.1497
1122 1134 0.1821
1122 1135 0.6923
1122 1136 0.1852
1122 1138 0.1497
1122 1139 0.1610
1122 1141 0.1626
1122 1142 0.2205
1122 1143 0.3724
1122 1144 0.1852
1122 1145 0.2218
1122 1146 0.2150
1122 1147 0.1461
1122 1148 0.1821
1122 1150 0.3579
1122 1151 0.1941
1122 1152 0.4987
1122 1153 0.1287
1122 1154 0.4625
1122 1155 0.1821
1122 1156 0.2318
1122 1157 0.2525
1122 1158 0.2033
1122 1159 0.2002
1122 1162 0.1821
1122 1163 0.2927
1122 1166 0.2033
1122 1167 0.1857
1122 1169 0.1342
1122 1172 0.2354
1122 1174 0.2048
1122 1176 0.1912
1122 1177 0.1826
1122 1178 0.1981
1122 1180 0.2376
1122 1182 0.1889
1122 1183 0.2221
1122 1185 0.1553
1122 1187 0.1628
1122 1188 0.2392
1122 1189 0.2221
1122 1191 0.1835
1122 1192 0.1821
1122 1193 0.1773
1122 1194 0.1497
1122 1196 0.2042
1122 1197 0.2257
1122 1199 0.1921
1122 1200 0.2160
1122 1201 0.2047
1122 1202 0.1742
1122 1204 0.3116
1122 1205 0.1836
1122 1206 0.2738
1122 1207 0.2002
1122 1208 0.1814
1122 1209 0.1835
1122 1210 0.3061
1122 1211 0.8013
1122 1213 0.2271
1122 1214 0.1992
1122 1215 0.2218
1122 1216 0.2141
1122 1217 0.2033
1122 1218 0.1727
1122 1219 0.1814
1122 1220 0.1976
1122 1221 0.2005
1122 1222 0.1814
1122 1223 0.1839
1122 1225 0.5591
1122 1226 0.3652
1122 1228 0.1912
1122 1229 0.1943
1122 1230 0.1925
1122 1231 0.0971
1122 1233 0.1930
1122 1235 0.1821
1122 1236 0.2117
1122 1237 0.1716
1122 1238 0.0971
1122 1240 0.2755
1122 1242 0.2779
1122 1243 0.1742
1122 1246 0.1875
1122 1247 0.2942
1122 1248 0.1787
1122 1250 0.2161
1122 1251 0.2657
1122 1252 0.2131
1122 1253 0.2204
1122 1254 0.1707
1122 1256 0.3258
1122 1257 0.1821
1122 1258 0.3341
1122 1259 0.1523
1122 1260 0.2089
1122 1262 0.2358
1122 1263 0.1798
1122 1265 0.1877
1122 1267 0.2033
1122 1268 0.1943
1122 1269 0.4972
1122 1270 0.2423
1122 1271 0.2623
1122 1272 0.1661
1122 1273 0.1904
1122 1274 0.1943
1122 1275 0.2179
1122 1276 0.1440
1122 1278 0.1297
1122 1279 0.1963
1122 1280 0.3180
1122 1281 0.1684
1122 1282 0.1335
1122 1283 0.1193
1122 1284 0.1877
1122 1286 0.2013
1122 1287 0.1280
1122 1288 0.2588
1122 1289 0.1876
1122 1290 0.1586
1122 1291 0.3281
1122 1292 0.1961
1122 1295 0.1414
1122 1296 0.2218
1122 1297 0.2151
1122 1298 0.1289
1122 1299 0.1632
1122 1300 0.1741
1122 1301 0.1814
1122 1303 0.2686
1122 1304 0.2091
1122 1305 0.1347
1122 1306 0.1877
1122 1307 0.2073
1122 1308 0.2264
1122 1309 0.2290
1122 1310 0.2218
1122 1311 0.1879
1122 1312 0.1814
1122 1316 0.7920
1122 1320 0.1889
1122 1322 0.1829
1122 1323 0.2154
1122 1324 0.2218
1122 1325 0.1912
1122 1326 0.2218
1122 1327 0.1937
1122 1330 0.2002
1122 1332 0.1814
1122 1333 0.1517
1122 1334 0.1787
1122 1335 0.1826
1122 1337 0.1914
1122 1340 0.1733
1122 1341 0.1821
1122 1342 0.2981
1122 1344 0.1987
1122 1345 0.1821
1122 1346 0.0971
1122 1347 0.1877
1122 1348 0.1842
1122 1349 0.2606
1122 1351 0.1836
1122 1353 0.1858
1122 1354 0.1814
1122 1355 0.1858
1122 1356 0.2033
1122 1358 0.1821
1122 1360 0.2033
1122 1361 0.1880
1122 1362 0.2643
1122 1363 0.2282
1122 1364 0.1837
1122 1365 0.1879
1122 1367 0.1724
1122 1368 0.1942
1122 1369 0.3745
1122 1370 0.3990
1122 1371 0.1733
1122 1372 0.1889
1122 1373 0.1638
1122 1374 0.2033
1122 1375 0.1837
1122 1376 0.1814
1122 1377 0.2126
1122 1378 0.2354
1122 1379 0.2365
1122 1380 0.2141
1122 1381 0.2293
1122 1382 0.1877
1122 1386 0.4455
1122 1387 0.3814
1122 1388 0.2172
1122 1389 0.1907
1122 1390 0.2094
1122 1392 0.1830
1122 1395 0.2355
1122 1396 0.1374
1122 1397 0.2112
1122 1398 0.2099
1122 1399 0.1569
1122 1401 0.2218
1122 1402 0.2080
1122 1405 0.1597
1122 1406 0.2354
1122 1407 0.2568
1122 1408 0.1759
1122 1409 0.2573
1122 1410 0.2041
1122 1411 0.1800
1122 1413 0.2218
1122 1414 0.1821
1122 1415 0.1424
1122 1416 0.1992
1122 1418 0.2051
1122 1419 0.1447
1122 1420 0.2453
1122 1421 0.1605
1122 1423 0.1877
1122 1424 0.2218
1122 1425 0.1742
1122 1426 0.4234
1122 1427 0.1547
1122 1428 0.1450
1122 1431 0.1143
1122 1434 0.7132
1122 1435 0.2485
1122 1436 0.1742
1122 1437 0.1109
1122 1438 0.1742
1122 1439 0.1988
1122 1440 0.3908
1122 1441 0.2354
1122 1445 0.1384
1122 1446 0.1552
1122 1448 0.1821
1122 1449 0.2033
1122 1451 0.2734
1122 1452 0.2033
1122 1453 0.2764
1122 1456 0.3168
1122 1457 0.1852
1122 1458 0.2651
1122 1459 0.1889
1122 1460 0.1737
1122 1461 0.1981
1122 1462 0.1821
1122 1463 0.1943
1122 1464 0.1822
1122 1465 0.2091
1122 1466 0.2121
1122 1468 0.2218
1122 1470 0.1656
1122 1472 0.1742
1122 1473 0.1814
1122 1474 0.1943
1122 1477 0.2106
1122 1478 0.1844
1122 1479 0.2162
1122 1480 0.2111
1122 1481 0.2278
1122 1482 0.2138
1122 1484 0.1981
1122 1485 0.2199
1122 1487 0.1739
1122 1488 0.1821
1122 1490 0.1785
1122 1491 0.3363
1122 1495 0.1822
1122 1497 0.2115
1122 1498 0.2002
1122 1499 0.1821
1122 1501 0.1378
1122 1503 0.1903
1122 1504 0.2431
1122 1505 0.2309
1122 1506 0.1877
1122 1507 0.1857
1122 1508 0.1981
1122 1510 0.1821
1122 1511 0.1857
1122 1512 0.1821
1122 1513 0.2137
1122 1514 0.2218
1122 1516 0.2416
1122 1517 0.1841
1122 1518 0.2844
1122 1519 0.2988
1122 1520 0.8765
1122 1522 0.2117
1122 1525 0.2021
1122 1526 0.1784
1122 1527 0.2162
1122 1529 0.2221
1122 1530 0.1327
1122 1531 0.2010
1122 1532 0.2218
1122 1534 0.2183
1122 1535 0.1812
1122 1536 0.1361
1122 1538 0.2791
1122 1540 0.2117
1122 1541 0.2025
1122 1542 0.1748
1122 1544 0.1943
1122 1546 0.1877
1122 1547 0.2807
1122 1548 0.1480
1122 1549 0.1943
1122 1550 0.1829
1122 1551 0.1618
1122 1552 0.2033
1122 1553 0.1821
1122 1554 0.2966
1122 1555 0.1923
1122 1562 0.1821
1122 1565 0.1667
1122 1567 0.1821
1122 1568 0.1722
1122 1569 0.1821
1122 1570 0.2218
1122 1571 0.2486
1122 1572 0.2253
1122 1573 0.1912
1122 1574 0.1880
1122 1577 0.2822
1122 1578 0.1821
1122 1579 0.2313
1122 1580 0.2160
1122 1581 0.1877
1122 1582 0.2218
1122 1583 0.2252
1122 1586 0.1943
1122 1587 0.1857
1122 1588 0.1967
1122 1589 0.1787
1122 1590 0.1877
1122 1591 0.1742
1122 1592 0.1821
1122 1593 0.2958
1122 1595 0.2162
1122 1596 0.1877
1122 1597 0.1845
1122 1598 0.1821
1122 1599 0.1877
1122 1602 0.1821
1122 1603 0.2033
1122 1604 0.1517
1122 1606 0.1722
1122 1608 0.3313
1122 1609 0.1814
1122 1610 0.1929
1122 1611 0.2127
1122 1612 0.2282
1122 1613 0.3991
1122 1615 0.1857
1122 1616 0.1833
1122 1618 0.3849
1122 1619 0.1857
1122 1620 0.2033
1122 1621 0.3618
1122 1622 0.2009
1122 1623 0.2138
1122 1624 0.3363
1122 1625 0.1787
1122 1626 0.2218
1122 1628 0.2033
1122 1629 0.1877
1122 1630 0.2091
1122 1631 0.2218
1122 1632 0.2206
1122 1633 0.2086
1122 1634 0.1733
1122 1636 0.2091
1122 1637 0.1821
1122 1639 0.1517
1122 1640 0.1828
1122 1643 0.1988
1122 1644 0.1912
1122 1645 0.1916
1122 1646 0.2033
1122 1647 0.1982
1122 1648 0.1821
1122 1649 0.1787
1122 1650 0.1875
1122 1651 0.2218
1122 1653 0.2662
1122 1654 0.2218
1122 1657 0.1821
1122 1658 0.2033
1122 1659 0.1814
1122 1661 0.1821
1122 1662 0.1708
1122 1663 0.1447
1122 1665 0.2164
1122 1667 0.1502
1122 1668 0.3240
1122 1671 0.1877
1122 1672 0.1877
1122 1673 0.2338
1122 1674 0.2194
1122 1675 0.1875
1122 1676 0.1480
1122 1678 0.2009
1122 1679 0.1749
1122 1680 0.2127
1122 1681 0.1877
1122 1683 0.2174
1122 1685 0.2033
1122 1687 0.1807
1122 1689 0.8598
1122 1690 0.1911
1122 1691 0.1875
1122 1692 0.2202
1122 1693 0.1870
1122 1694 0.1877
1122 1696 0.1877
1122 1697 0.2360
1122 1698 0.1875
1122 1700 0.1506
1122 1701 0.1506
1122 1702 0.1506
1122 1703 0.1879
1122 1704 0.2081
1122 1705 0.1688
1122 1707 0.3666
1122 1709 0.2221
1122 1710 0.1877
1122 1711 0.1506
1122 1712 0.8480
1122 1713 0.3729
1122 1714 0.1474
1122 1715 0.1506
1122 1716 0.1870
1122 1717 0.7247
1122 1718 0.1896
1122 1719 0.1742
1122 1720 0.1877
1122 1721 0.2218
1122 1722 0.2218
1122 1724 0.1857
1122 1725 0.1877
1122 1726 0.1877
1122 1728 0.1821
1122 1730 0.1889
1123 1124 0.2218
1123 1125 0.1669
1123 1126 0.3033
1123 1127 0.1685
1123 1128 0.2198
1123 1129 0.1622
1123 1130 0.3125
1123 1131 0.1037
1123 1133 0.2218
1123 1134 0.2056
1123 1135 0.5026
1123 1136 0.1850
1123 1138 0.2218
1123 1139 0.1285
1123 1141 0.2022
1123 1142 0.2335
1123 1143 0.2089
1123 1144 0.1598
1123 1145 0.1037
1123 1146 0.1192
1123 1147 0.2182
1123 1148 0.2056
1123 1150 0.5001
1123 1151 0.3086
1123 1152 0.2811
1123 1153 0.1561
1123 1154 0.3212
1123 1155 0.2056
1123 1156 0.1912
1123 1157 0.2225
1123 1158 0.2483
1123 1159 0.1397
1123 1162 0.2056
1123 1163 0.2748
1123 1166 0.2483
1123 1167 0.1393
1123 1169 0.1734
1123 1172 0.2699
1123 1174 0.1553
1123 1176 0.1681
1123 1177 0.1353
1123 1178 0.2054
1123 1180 0.2118
1123 1182 0.2198
1123 1183 0.1983
1123 1185 0.1888
1123 1187 0.1417
1123 1188 0.1848
1123 1189 0.1983
1123 1191 0.2465
1123 1192 0.2056
1123 1193 0.2818
1123 1194 0.1373
1123 1196 0.1629
1123 1197 0.1615
1123 1199 0.1624
1123 1200 0.1909
1123 1201 0.1512
1123 1202 0.1441
1123 1204 0.1461
1123 1205 0.1537
1123 1206 0.2269
1123 1207 0.1397
1123 1208 0.1376
1123 1209 0.1596
1123 1210 0.1731
1123 1211 0.4613
1123 1213 0.1286
1123 1214 0.2218
1123 1215 0.1037
1123 1216 0.1784
1123 1217 0.2483
1123 1218 0.1427
1123 1219 0.1376
1123 1220 0.1452
1123 1221 0.1494
1123 1222 0.1376
1123 1223 0.1578
1123 1225 0.2760
1123 1226 0.4744
1123 1228 0.1681
1123 1229 0.1466
1123 1230 0.3048
1123 1231 0.1458
1123 1233 0.1419
1123 1235 0.2056
1123 1236 0.1848
1123 1237 0.2761
1123 1238 0.1458
1123 1240 0.2448
1123 1242 0.2816
1123 1243 0.1441
1123 1246 0.1419
1123 1247 0.2668
1123 1248 0.1372
1123 1250 0.2145
1123 1251 0.1854
1123 1252 0.1847
1123 1253 0.1832
1123 1254 0.1709
1123 1256 0.2281
1123 1257 0.2056
1123 1258 0.4823
1123 1259 0.2298
1123 1260 0.3198
1123 1262 0.1998
1123 1263 0.1512
1123 1265 0.2218
1123 1267 0.2483
1123 1268 0.1466
1123 1269 0.3103
1123 1270 0.1672
1123 1271 0.2361
1123 1272 0.1942
1123 1273 0.1742
1123 1274 0.1466
1123 1275 0.2711
1123 1276 0.1730
1123 1278 0.1133
1123 1279 0.1622
1123 1280 0.1960
1123 1281 0.1658
1123 1282 0.1242
1123 1283 0.0993
1123 1284 0.2218
1123 1286 0.2557
1123 1287 0.1596
1123 1288 0.1392
1123 1289 0.1814
1123 1290 0.1333
1123 1291 0.2288
1123 1292 0.4335
1123 1295 0.1685
1123 1296 0.1037
1123 1297 0.1192
1123 1298 0.2224
1123 1299 0.1298
1123 1300 0.1191
1123 1301 0.1376
1123 1303 0.3191
1123 1304 0.1515
1123 1305 0.1988
1123 1306 0.2218
1123 1307 0.2264
1123 1308 0.2464
1123 1309 0.1901
1123 1310 0.1037
1123 1311 0.1676
1123 1312 0.1376
1123 1316 0.7920
1123 1320 0.1691
1123 1322 0.1532
1123 1323 0.1228
1123 1324 0.1037
1123 1325 0.1681
1123 1326 0.1037
1123 1327 0.1451
1123 1330 0.1397
1123 1332 0.1376
1123 1333 0.1497
1123 1334 0.1372
1123 1335 0.1353
1123 1337 0.1394
1123 1340 0.1431
1123 1341 0.2056
1123 1342 0.2464
1123 1344 0.1696
1123 1345 0.2056
1123 1346 0.1458
1123 1347 0.2218
1123 1348 0.2930
1123 1349 0.1424
1123 1351 0.1537
1123 1353 0.1682
1123 1354 0.1376
1123 1355 0.1682
1123 1356 0.2483
1123 1358 0.2056
1123 1360 0.2483
1123 1361 0.1131
1123 1362 0.2133
1123 1363 0.1875
1123 1364 0.1531
1123 1365 0.1676
1123 1367 0.2955
1123 1368 0.1452
1123 1369 0.4468
1123 1370 0.3128
1123 1371 0.1431
1123 1372 0.2198
1123 1373 0.1301
1123 1374 0.2483
1123 1375 0.1531
1123 1376 0.1376
1123 1377 0.2333
1123 1378 0.2699
1123 1379 0.1417
1123 1380 0.1784
1123 1381 0.2021
1123 1382 0.2218
1123 1386 0.2218
1123 1387 0.3988
1123 1388 0.1883
1123 1389 0.1904
1123 1390 0.1526
1123 1392 0.1110
1123 1395 0.1323
1123 1396 0.2064
1123 1397 0.1762
1123 1398 0.1637
1123 1399 0.1256
1123 1401 0.1037
1123 1402 0.1497
1123 1405 0.2002
1123 1406 0.2699
1123 1407 0.2211
1123 1408 0.2959
1123 1409 0.1801
1123 1410 0.2561
1123 1411 0.2852
1123 1413 0.1037
1123 1414 0.2056
1123 1415 0.1727
1123 1416 0.2218
1123 1418 0.1461
1123 1419 0.1540
1123 1420 0.1983
1123 1421 0.1205
1123 1423 0.2218
1123 1424 0.1037
1123 1425 0.1190
1123 1426 0.3728
1123 1427 0.1854
1123 1428 0.2384
1123 1431 0.1418
1123 1434 0.7327
1123 1435 0.3287
1123 1436 0.1190
1123 1437 0.1033
1123 1438 0.1190
1123 1439 0.2457
1123 1440 0.2892
1123 1441 0.2699
1123 1445 0.1729
1123 1446 0.2479
1123 1448 0.2056
1123 1449 0.2483
1123 1451 0.1965
1123 1452 0.2483
1123 1453 0.1737
1123 1456 0.2263
1123 1457 0.1850
1123 1458 0.1442
1123 1459 0.2198
1123 1460 0.1994
1123 1461 0.2054
1123 1462 0.2056
1123 1463 0.1466
1123 1464 0.2726
1123 1465 0.1515
1123 1466 0.1906
1123 1468 0.1037
1123 1470 0.1999
1123 1472 0.1439
1123 1473 0.1376
1123 1474 0.1466
1123 1477 0.1769
1123 1478 0.1537
1123 1479 0.2225
1123 1480 0.2534
1123 1481 0.1353
1123 1482 0.1634
1123 1484 0.2054
1123 1485 0.1964
1123 1487 0.1436
1123 1488 0.2056
1123 1490 0.1735
1123 1491 0.2476
1123 1495 0.1618
1123 1497 0.1628
1123 1498 0.1397
1123 1499 0.2056
1123 1501 0.1910
1123 1503 0.2264
1123 1504 0.2872
1123 1505 0.1975
1123 1506 0.2218
1123 1507 0.1598
1123 1508 0.2054
1123 1510 0.2056
1123 1511 0.1598
1123 1512 0.2056
1123 1513 0.1343
1123 1514 0.1037
1123 1516 0.1707
1123 1517 0.1534
1123 1518 0.2230
1123 1519 0.2709
1123 1520 0.9172
1123 1522 0.1848
1123 1525 0.1473
1123 1526 0.1492
1123 1527 0.1197
1123 1529 0.1983
1123 1530 0.1009
1123 1531 0.1494
1123 1532 0.1037
1123 1534 0.1975
1123 1535 0.1854
1123 1536 0.0998
1123 1538 0.3072
1123 1540 0.1848
1123 1541 0.1819
1123 1542 0.1261
1123 1544 0.1466
1123 1546 0.2218
1123 1547 0.3951
1123 1548 0.1913
1123 1549 0.1466
1123 1550 0.1532
1123 1551 0.1659
1123 1552 0.2483
1123 1553 0.2056
1123 1554 0.1618
1123 1555 0.1745
1123 1562 0.2056
1123 1565 0.1360
1123 1567 0.2056
1123 1568 0.1666
1123 1569 0.2056
1123 1570 0.1037
1123 1571 0.1916
1123 1572 0.2483
1123 1573 0.1681
1123 1574 0.1131
1123 1577 0.2265
1123 1578 0.2056
1123 1579 0.1910
1123 1580 0.1615
1123 1581 0.2218
1123 1582 0.1037
1123 1583 0.1854
1123 1586 0.1466
1123 1587 0.1598
1123 1588 0.2274
1123 1589 0.1372
1123 1590 0.2218
1123 1591 0.1441
1123 1592 0.2056
1123 1593 0.1621
1123 1595 0.1197
1123 1596 0.2218
1123 1597 0.1547
1123 1598 0.2056
1123 1599 0.2218
1123 1602 0.2056
1123 1603 0.2483
1123 1604 0.1497
1123 1606 0.1666
1123 1608 0.3496
1123 1609 0.1376
1123 1610 0.1464
1123 1611 0.1774
1123 1612 0.1875
1123 1613 0.3440
1123 1615 0.1598
1123 1616 0.1595
1123 1618 0.3174
1123 1619 0.1598
1123 1620 0.2483
1123 1621 0.3823
1123 1622 0.3215
1123 1623 0.1634
1123 1624 0.3385
1123 1625 0.1372
1123 1626 0.1037
1123 1628 0.2483
1123 1629 0.2218
1123 1630 0.1515
1123 1631 0.1037
1123 1632 0.1970
1123 1633 0.2365
1123 1634 0.1369
1123 1636 0.1515
1123 1637 0.2056
1123 1639 0.1497
1123 1640 0.1682
1123 1643 0.2457
1123 1644 0.1681
1123 1645 0.1466
1123 1646 0.2483
1123 1647 0.1967
1123 1648 0.2056
1123 1649 0.1372
1123 1650 0.1411
1123 1651 0.1037
1123 1653 0.1761
1123 1654 0.1037
1123 1657 0.2056
1123 1658 0.2483
1123 1659 0.1376
1123 1661 0.2056
1123 1662 0.1710
1123 1663 0.1540
1123 1665 0.3361
1123 1667 0.1819
1123 1668 0.2906
1123 1671 0.2218
1123 1672 0.2218
1123 1673 0.2006
1123 1674 0.1793
1123 1675 0.1411
1123 1676 0.1562
1123 1678 0.2120
1123 1679 0.2820
1123 1680 0.1774
1123 1681 0.2218
1123 1683 0.3291
1123 1685 0.2483
1123 1687 0.1759
1123 1689 0.8598
1123 1690 0.1589
1123 1691 0.1386
1123 1692 0.1548
1123 1693 0.1690
1123 1694 0.2218
1123 1696 0.2218
1123 1697 0.2632
1123 1698 0.1411
1123 1700 0.2355
1123 1701 0.2355
1123 1702 0.2355
1123 1703 0.1676
1123 1704 0.2360
1123 1705 0.1633
1123 1707 0.2713
1123 1709 0.1983
1123 1710 0.2218
1123 1711 0.2355
1123 1712 0.8504
1123 1713 0.1735
1123 1714 0.2537
1123 1715 0.2355
1123 1716 0.1690
1123 1717 0.7082
1123 1718 0.1428
1123 1719 0.1190
1123 1720 0.2218
1123 1721 0.1037
1123 1722 0.1037
1123 1724 0.1598
1123 1725 0.2218
1123 1726 0.2218
1123 1728 0.2056
1123 1730 0.2198
1124 1125 0.1723
1124 1126 0.1927
1124 1127 0.1920
1124 1128 0.1889
1124 1129 0.1294
1124 1130 0.3114
1124 1131 0.2218
1124 1133 0.1877
1124 1134 0.1821
1124 1135 0.5910
1124 1136 0.1852
1124 1138 0.1877
1124 1139 0.1610
1124 1141 0.1626
1124 1142 0.1994
1124 1143 0.3724
1124 1144 0.1852
1124 1145 0.2218
1124 1146 0.2346
1124 1147 0.1461
1124 1148 0.1821
1124 1150 0.3579
1124 1151 0.1941
1124 1152 0.3772
1124 1153 0.1287
1124 1154 0.4625
1124 1155 0.1821
1124 1156 0.2318
1124 1157 0.2570
1124 1158 0.2033
1124 1159 0.1863
1124 1162 0.1821
1124 1163 0.2927
1124 1166 0.2033
1124 1167 0.1857
1124 1169 0.1342
1124 1172 0.2354
1124 1174 0.2048
1124 1176 0.2042
1124 1177 0.1826
1124 1178 0.1981
1124 1180 0.2376
1124 1182 0.1889
1124 1183 0.2442
1124 1185 0.1553
1124 1187 0.1628
1124 1188 0.2117
1124 1189 0.2221
1124 1191 0.1835
1124 1192 0.1821
1124 1193 0.1773
1124 1194 0.1497
1124 1196 0.2652
1124 1197 0.2257
1124 1199 0.1921
1124 1200 0.3195
1124 1201 0.2047
1124 1202 0.1742
1124 1204 0.3116
1124 1205 0.1836
1124 1206 0.2738
1124 1207 0.1863
1124 1208 0.1814
1124 1209 0.1835
1124 1210 0.2999
1124 1211 0.4108
1124 1213 0.2271
1124 1214 0.1877
1124 1215 0.2218
1124 1216 0.2141
1124 1217 0.2033
1124 1218 0.1727
1124 1219 0.1814
1124 1220 0.1976
1124 1221 0.2005
1124 1222 0.1814
1124 1223 0.1527
1124 1225 0.6298
1124 1226 0.4148
1124 1228 0.1912
1124 1229 0.1943
1124 1230 0.1925
1124 1231 0.0971
1124 1233 0.1930
1124 1235 0.1821
1124 1236 0.2117
1124 1237 0.1716
1124 1238 0.0971
1124 1240 0.2755
1124 1242 0.3571
1124 1243 0.1742
1124 1246 0.1875
1124 1247 0.2942
1124 1248 0.1787
1124 1250 0.1833
1124 1251 0.4706
1124 1252 0.2131
1124 1253 0.2204
1124 1254 0.1707
1124 1256 0.3258
1124 1257 0.1821
1124 1258 0.3341
1124 1259 0.1523
1124 1260 0.2089
1124 1262 0.2358
1124 1263 0.1798
1124 1265 0.1877
1124 1267 0.2033
1124 1268 0.1943
1124 1269 0.4178
1124 1270 0.3186
1124 1271 0.2623
1124 1272 0.1661
1124 1273 0.1904
1124 1274 0.1943
1124 1275 0.2179
1124 1276 0.1440
1124 1278 0.1297
1124 1279 0.1963
1124 1280 0.3180
1124 1281 0.1684
1124 1282 0.1335
1124 1283 0.1193
1124 1284 0.1877
1124 1286 0.2596
1124 1287 0.1296
1124 1288 0.2588
1124 1289 0.1876
1124 1290 0.1586
1124 1291 0.3281
1124 1292 0.3409
1124 1295 0.1414
1124 1296 0.2218
1124 1297 0.2151
1124 1298 0.1289
1124 1299 0.1632
1124 1300 0.1741
1124 1301 0.1814
1124 1303 0.2686
1124 1304 0.2091
1124 1305 0.1347
1124 1306 0.1877
1124 1307 0.2073
1124 1308 0.2264
1124 1309 0.2290
1124 1310 0.2218
1124 1311 0.1879
1124 1312 0.1814
1124 1316 0.7920
1124 1320 0.1889
1124 1322 0.1829
1124 1323 0.2154
1124 1324 0.2218
1124 1325 0.1912
1124 1326 0.2218
1124 1327 0.1937
1124 1330 0.1863
1124 1332 0.1814
1124 1333 0.1695
1124 1334 0.1787
1124 1335 0.1826
1124 1337 0.1914
1124 1340 0.2162
1124 1341 0.1821
1124 1342 0.2981
1124 1344 0.1987
1124 1345 0.1821
1124 1346 0.0971
1124 1347 0.1877
1124 1348 0.1842
1124 1349 0.2606
1124 1351 0.1836
1124 1353 0.1858
1124 1354 0.1814
1124 1355 0.1858
1124 1356 0.2033
1124 1358 0.1821
1124 1360 0.2033
1124 1361 0.2342
1124 1362 0.2643
1124 1363 0.2282
1124 1364 0.1837
1124 1365 0.1879
1124 1367 0.1724
1124 1368 0.1942
1124 1369 0.3092
1124 1370 0.2556
1124 1371 0.2162
1124 1372 0.1889
1124 1373 0.1638
1124 1374 0.2033
1124 1375 0.1837
1124 1376 0.1814
1124 1377 0.1926
1124 1378 0.2476
1124 1379 0.2365
1124 1380 0.2141
1124 1381 0.2293
1124 1382 0.1877
1124 1386 0.1311
1124 1387 0.3814
1124 1388 0.2172
1124 1389 0.1800
1124 1390 0.2094
1124 1392 0.1830
1124 1395 0.2355
1124 1396 0.1374
1124 1397 0.2112
1124 1398 0.2099
1124 1399 0.1569
1124 1401 0.2218
1124 1402 0.2080
1124 1405 0.1597
1124 1406 0.2354
1124 1407 0.2568
1124 1408 0.1759
1124 1409 0.2573
1124 1410 0.2041
1124 1411 0.1800
1124 1413 0.2218
1124 1414 0.1821
1124 1415 0.1424
1124 1416 0.1877
1124 1418 0.2051
1124 1419 0.1447
1124 1420 0.2221
1124 1421 0.1605
1124 1423 0.1877
1124 1424 0.2218
1124 1425 0.1742
1124 1426 0.3369
1124 1427 0.1547
1124 1428 0.1450
1124 1431 0.1143
1124 1434 0.7327
1124 1435 0.2009
1124 1436 0.1742
1124 1437 0.1109
1124 1438 0.1742
1124 1439 0.1988
1124 1440 0.3908
1124 1441 0.2354
1124 1445 0.1384
1124 1446 0.1552
1124 1448 0.1821
1124 1449 0.2033
1124 1451 0.1923
1124 1452 0.2033
1124 1453 0.2764
1124 1456 0.2595
1124 1457 0.1852
1124 1458 0.2755
1124 1459 0.1889
1124 1460 0.1737
1124 1461 0.1981
1124 1462 0.1821
1124 1463 0.1943
1124 1464 0.2047
1124 1465 0.2091
1124 1466 0.2396
1124 1468 0.2218
1124 1470 0.1734
1124 1472 0.1742
1124 1473 0.1814
1124 1474 0.1943
1124 1477 0.2106
1124 1478 0.2149
1124 1479 0.2010
1124 1480 0.2111
1124 1481 0.1826
1124 1482 0.2138
1124 1484 0.1981
1124 1485 0.2199
1124 1487 0.1739
1124 1488 0.1821
1124 1490 0.1928
1124 1491 0.2476
1124 1495 0.1924
1124 1497 0.2115
1124 1498 0.1863
1124 1499 0.1821
1124 1501 0.2149
1124 1503 0.1896
1124 1504 0.2439
1124 1505 0.2309
1124 1506 0.1877
1124 1507 0.1857
1124 1508 0.1981
1124 1510 0.1821
1124 1511 0.1857
1124 1512 0.1821
1124 1513 0.1784
1124 1514 0.2218
1124 1516 0.2416
1124 1517 0.1841
1124 1518 0.2844
1124 1519 0.2523
1124 1520 0.8765
1124 1522 0.2117
1124 1525 0.2021
1124 1526 0.1784
1124 1527 0.2162
1124 1529 0.2221
1124 1530 0.1327
1124 1531 0.2005
1124 1532 0.2218
1124 1534 0.2183
1124 1535 0.1812
1124 1536 0.1361
1124 1538 0.1277
1124 1540 0.2117
1124 1541 0.2025
1124 1542 0.1593
1124 1544 0.1943
1124 1546 0.1877
1124 1547 0.2735
1124 1548 0.1480
1124 1549 0.1943
1124 1550 0.1829
1124 1551 0.1618
1124 1552 0.2033
1124 1553 0.1821
1124 1554 0.2966
1124 1555 0.1923
1124 1562 0.1821
1124 1565 0.1667
1124 1567 0.1821
1124 1568 0.1722
1124 1569 0.1821
1124 1570 0.2218
1124 1571 0.2486
1124 1572 0.2033
1124 1573 0.1912
1124 1574 0.2342
1124 1577 0.2822
1124 1578 0.1821
1124 1579 0.2313
1124 1580 0.2160
1124 1581 0.1992
1124 1582 0.2218
1124 1583 0.2252
1124 1586 0.1943
1124 1587 0.1857
1124 1588 0.1967
1124 1589 0.1787
1124 1590 0.1877
1124 1591 0.1742
1124 1592 0.1821
1124 1593 0.3505
1124 1595 0.2162
1124 1596 0.1877
1124 1597 0.2200
1124 1598 0.1821
1124 1599 0.1877
1124 1602 0.1821
1124 1603 0.2033
1124 1604 0.1695
1124 1606 0.1722
1124 1608 0.3313
1124 1609 0.1814
1124 1610 0.1929
1124 1611 0.2127
1124 1612 0.2282
1124 1613 0.3991
1124 1615 0.1857
1124 1616 0.1766
1124 1618 0.4766
1124 1619 0.1857
1124 1620 0.2033
1124 1621 0.3618
1124 1622 0.6544
1124 1623 0.2138
1124 1624 0.3363
1124 1625 0.1787
1124 1626 0.2218
1124 1628 0.2033
1124 1629 0.1877
1124 1630 0.2091
1124 1631 0.2218
1124 1632 0.2206
1124 1633 0.1659
1124 1634 0.1733
1124 1636 0.2091
1124 1637 0.1821
1124 1639 0.1695
1124 1640 0.1787
1124 1643 0.1988
1124 1644 0.1912
1124 1645 0.1943
1124 1646 0.2033
1124 1647 0.1982
1124 1648 0.1821
1124 1649 0.1787
1124 1650 0.1875
1124 1651 0.2218
1124 1653 0.2662
1124 1654 0.2218
1124 1657 0.1821
1124 1658 0.2033
1124 1659 0.1814
1124 1661 0.1821
1124 1662 0.1708
1124 1663 0.1447
1124 1665 0.2039
1124 1667 0.1502
1124 1668 0.3240
1124 1671 0.1877
1124 1672 0.1877
1124 1673 0.2338
1124 1674 0.2322
1124 1675 0.1875
1124 1676 0.1480
1124 1678 0.2009
1124 1679 0.1749
1124 1680 0.2127
1124 1681 0.1877
1124 1683 0.3736
1124 1685 0.2033
1124 1687 0.1763
1124 1689 0.8598
1124 1690 0.1911
1124 1691 0.1875
1124 1692 0.2207
1124 1693 0.1870
1124 1694 0.1877
1124 1696 0.1877
1124 1697 0.1896
1124 1698 0.1875
1124 1700 0.1506
1124 1701 0.1506
1124 1702 0.1506
1124 1703 0.1879
1124 1704 0.2081
1124 1705 0.1688
1124 1707 0.3666
1124 1709 0.2221
1124 1710 0.1877
1124 1711 0.1506
1124 1712 0.8504
1124 1713 0.2360
1124 1714 0.1474
1124 1715 0.1506
1124 1716 0.1870
1124 1717 0.7082
1124 1718 0.1896
1124 1719 0.1742
1124 1720 0.1877
1124 1721 0.2218
1124 1722 0.2218
1124 1724 0.1857
1124 1725 0.1877
1124 1726 0.1877
1124 1728 0.1821
1124 1730 0.1889
1125 1126 0.4797
1125 1127 0.1491
1125 1128 0.1658
1125 1129 0.2107
1125 1130 0.4246
1125 1131 0.1669
1125 1133 0.1723
1125 1134 0.1950
1125 1135 0.5263
1125 1136 0.1406
1125 1138 0.1723
1125 1139 0.1819
1125 1141 0.4512
1125 1142 0.1738
1125 1143 0.3120
1125 1144 0.2465
1125 1145 0.1669
1125 1146 0.1947
1125 1147 0.4609
1125 1148 0.2387
1125 1150 0.4038
1125 1151 0.2135
1125 1152 0.4005
1125 1153 0.5562
1125 1154 0.7077
1125 1155 0.1902
1125 1156 0.1723
1125 1157 0.1615
1125 1158 0.1688
1125 1159 0.1725
1125 1162 0.1950
1125 1163 0.2325
1125 1166 0.1688
1125 1167 0.1699
1125 1169 0.3251
1125 1172 0.2029
1125 1174 0.5373
1125 1176 0.1607
1125 1177 0.1944
1125 1178 0.1563
1125 1180 0.6053
1125 1182 0.2253
1125 1183 0.1843
1125 1185 0.2670
1125 1187 0.5707
1125 1188 0.2835
1125 1189 0.2325
1125 1191 0.4267
1125 1192 0.2179
1125 1193 0.4310
1125 1194 0.3264
1125 1196 0.1353
1125 1197 0.2484
1125 1199 0.1497
1125 1200 0.2839
1125 1201 0.2462
1125 1202 0.2323
1125 1204 0.2775
1125 1205 0.1522
1125 1206 0.4962
1125 1207 0.1725
1125 1208 0.2098
1125 1209 0.4605
1125 1210 0.3237
1125 1211 0.5878
1125 1213 0.1830
1125 1214 0.1723
1125 1215 0.1669
1125 1216 0.2179
1125 1217 0.1688
1125 1218 0.1548
1125 1219 0.1766
1125 1220 0.3163
1125 1221 0.2490
1125 1222 0.2118
1125 1223 0.1784
1125 1225 0.5871
1125 1226 0.5959
1125 1228 0.1736
1125 1229 0.1537
1125 1230 0.2950
1125 1231 0.1897
1125 1233 0.2154
1125 1235 0.2158
1125 1236 0.2409
1125 1237 0.1455
1125 1238 0.1897
1125 1240 0.3564
1125 1242 0.2356
1125 1243 0.1570
1125 1246 0.2619
1125 1247 0.1992
1125 1248 0.1767
1125 1250 0.2454
1125 1251 0.2299
1125 1252 0.1363
1125 1253 0.1562
1125 1254 0.1384
1125 1256 0.2791
1125 1257 0.1950
1125 1258 0.4268
1125 1259 0.1379
1125 1260 0.2261
1125 1262 0.4054
1125 1263 0.1496
1125 1265 0.1723
1125 1267 0.1688
1125 1268 0.3117
1125 1269 0.2712
1125 1270 0.3855
1125 1271 0.1900
1125 1272 0.1311
1125 1273 0.2349
1125 1274 0.1557
1125 1275 0.2705
1125 1276 0.1317
1125 1278 0.1508
1125 1279 0.1546
1125 1280 0.2217
1125 1281 0.1564
1125 1282 0.1130
1125 1283 0.3055
1125 1284 0.1723
1125 1286 0.1627
1125 1287 0.1250
1125 1288 0.1862
1125 1289 0.1411
1125 1290 0.1405
1125 1291 0.3104
1125 1292 0.1731
1125 1295 0.1232
1125 1296 0.1669
1125 1297 0.1545
1125 1298 0.1341
1125 1299 0.1817
1125 1300 0.0938
1125 1301 0.2498
1125 1303 0.2376
1125 1304 0.1997
1125 1305 0.1301
1125 1306 0.1723
1125 1307 0.3142
1125 1308 0.2304
1125 1309 0.1617
1125 1310 0.1669
1125 1311 0.1572
1125 1312 0.1766
1125 1316 0.5805
1125 1320 0.1564
1125 1322 0.1508
1125 1323 0.2532
1125 1324 0.1669
1125 1325 0.1607
1125 1326 0.1669
1125 1327 0.3466
1125 1330 0.1725
1125 1332 0.1766
1125 1333 0.2002
1125 1334 0.2384
1125 1335 0.2286
1125 1337 0.2046
1125 1340 0.1509
1125 1341 0.2158
1125 1342 0.4591
1125 1344 0.4025
1125 1345 0.1950
1125 1346 0.1897
1125 1347 0.1723
1125 1348 0.2295
1125 1349 0.3613
1125 1351 0.1522
1125 1353 0.2180
1125 1354 0.1766
1125 1355 0.2180
1125 1356 0.1688
1125 1358 0.2158
1125 1360 0.1688
1125 1361 0.1707
1125 1362 0.3387
1125 1363 0.3213
1125 1364 0.1566
1125 1365 0.1697
1125 1367 0.1765
1125 1368 0.3190
1125 1369 0.3165
1125 1370 0.2884
1125 1371 0.1509
1125 1372 0.1658
1125 1373 0.1633
1125 1374 0.1688
1125 1375 0.1566
1125 1376 0.1766
1125 1377 0.2385
1125 1378 0.2029
1125 1379 0.2252
1125 1380 0.3098
1125 1381 0.1569
1125 1382 0.1800
1125 1386 0.1767
1125 1387 0.6650
1125 1388 0.1622
1125 1389 0.1261
1125 1390 0.1949
1125 1392 0.1555
1125 1395 0.2123
1125 1396 0.1247
1125 1397 0.3800
1125 1398 0.1771
1125 1399 0.1423
1125 1401 0.1669
1125 1402 0.2840
1125 1405 0.1268
1125 1406 0.2280
1125 1407 0.3019
1125 1408 0.1748
1125 1409 0.3104
1125 1410 0.2546
1125 1411 0.1723
1125 1413 0.1669
1125 1414 0.1950
1125 1415 0.1476
1125 1416 0.1723
1125 1418 0.1347
1125 1419 0.1127
1125 1420 0.2825
1125 1421 0.2873
1125 1423 0.1723
1125 1424 0.1669
1125 1425 0.4890
1125 1426 0.4626
1125 1427 0.4842
1125 1428 0.2660
1125 1431 0.4174
1125 1434 0.9557
1125 1435 0.8882
1125 1436 0.4890
1125 1437 0.3276
1125 1438 0.4890
1125 1439 0.2156
1125 1440 0.3698
1125 1441 0.2793
1125 1445 0.3953
1125 1446 0.4507
1125 1448 0.1950
1125 1449 0.1688
1125 1451 0.2585
1125 1452 0.1869
1125 1453 0.1665
1125 1456 0.1288
1125 1457 0.1406
1125 1458 0.2051
1125 1459 0.1658
1125 1460 0.1120
1125 1461 0.1563
1125 1462 0.2387
1125 1463 0.1537
1125 1464 0.1368
1125 1465 0.1997
1125 1466 0.1624
1125 1468 0.1669
1125 1470 0.1327
1125 1472 0.1811
1125 1473 0.1746
1125 1474 0.1537
1125 1477 0.2078
1125 1478 0.1472
1125 1479 0.1544
1125 1480 0.2027
1125 1481 0.2317
1125 1482 0.1861
1125 1484 0.1563
1125 1485 0.1879
1125 1487 0.1491
1125 1488 0.1950
1125 1490 0.1498
1125 1491 0.2750
1125 1495 0.1232
1125 1497 0.3327
1125 1498 0.1638
1125 1499 0.1950
1125 1501 0.1663
1125 1503 0.1756
1125 1504 0.1608
1125 1505 0.2703
1125 1506 0.1723
1125 1507 0.1852
1125 1508 0.1563
1125 1510 0.1950
1125 1511 0.1928
1125 1512 0.2158
1125 1513 0.1662
1125 1514 0.1669
1125 1516 0.2595
1125 1517 0.1513
1125 1518 0.1795
1125 1519 0.2207
1125 1520 0.7568
1125 1522 0.2071
1125 1525 0.1500
1125 1526 0.1342
1125 1527 0.1550
1125 1529 0.3103
1125 1530 0.1239
1125 1531 0.2098
1125 1532 0.1669
1125 1534 0.1920
1125 1535 0.1281
1125 1536 0.1077
1125 1538 0.1496
1125 1540 0.2939
1125 1541 0.1241
1125 1542 0.1047
1125 1544 0.1903
1125 1546 0.1723
1125 1547 0.2188
1125 1548 0.1413
1125 1549 0.1537
1125 1550 0.1508
1125 1551 0.1406
1125 1552 0.1688
1125 1553 0.1950
1125 1554 0.2138
1125 1555 0.1081
1125 1562 0.1950
1125 1565 0.1170
1125 1567 0.1950
1125 1568 0.1624
1125 1569 0.1950
1125 1570 0.1669
1125 1571 0.2816
1125 1572 0.1688
1125 1573 0.1632
1125 1574 0.1707
1125 1577 0.3469
1125 1578 0.2268
1125 1579 0.3764
1125 1580 0.1786
1125 1581 0.1800
1125 1582 0.1669
1125 1583 0.3109
1125 1586 0.1537
1125 1587 0.1852
1125 1588 0.1851
1125 1589 0.2384
1125 1590 0.1723
1125 1591 0.2323
1125 1592 0.1950
1125 1593 0.2810
1125 1595 0.1550
1125 1596 0.1723
1125 1597 0.1554
1125 1598 0.1950
1125 1599 0.2467
1125 1602 0.1950
1125 1603 0.1688
1125 1604 0.2002
1125 1606 0.1624
1125 1608 0.3595
1125 1609 0.1766
1125 1610 0.1709
1125 1611 0.2101
1125 1612 0.2122
1125 1613 0.4267
1125 1615 0.2312
1125 1616 0.1600
1125 1618 0.2806
1125 1619 0.2312
1125 1620 0.2279
1125 1621 0.4105
1125 1622 0.6992
1125 1623 0.1861
1125 1624 0.4134
1125 1625 0.1755
1125 1626 0.1669
1125 1628 0.1688
1125 1629 0.1723
1125 1630 0.3044
1125 1631 0.1669
1125 1632 0.2724
1125 1633 0.1460
1125 1634 0.2059
1125 1636 0.1997
1125 1637 0.1950
1125 1639 0.2002
1125 1640 0.1203
1125 1643 0.1857
1125 1644 0.1607
1125 1645 0.1537
1125 1646 0.1688
1125 1647 0.1830
1125 1648 0.1950
1125 1649 0.1755
1125 1650 0.1657
1125 1651 0.1669
1125 1653 0.2599
1125 1654 0.1669
1125 1657 0.1950
1125 1658 0.1688
1125 1659 0.1766
1125 1661 0.1950
1125 1662 0.1373
1125 1663 0.1127
1125 1665 0.1610
1125 1667 0.1309
1125 1668 0.3341
1125 1671 0.1723
1125 1672 0.2424
1125 1673 0.1796
1125 1674 0.1839
1125 1675 0.3296
1125 1676 0.1195
1125 1678 0.1764
1125 1679 0.1682
1125 1680 0.3913
1125 1681 0.2424
1125 1683 0.1406
1125 1685 0.1688
1125 1687 0.1381
1125 1689 0.9591
1125 1690 0.2254
1125 1691 0.1873
1125 1692 0.2310
1125 1693 0.1573
1125 1694 0.1723
1125 1696 0.1800
1125 1697 0.1374
1125 1698 0.3296
1125 1700 0.2390
1125 1701 0.2390
1125 1702 0.2390
1125 1703 0.2198
1125 1704 0.1991
1125 1705 0.1820
1125 1707 0.3972
1125 1709 0.1894
1125 1710 0.1723
1125 1711 0.2390
1125 1712 0.9951
1125 1713 0.5826
1125 1714 0.4239
1125 1715 0.2390
1125 1716 0.2523
1125 1717 0.9876
1125 1718 0.3589
1125 1719 0.4890
1125 1720 0.1723
1125 1721 0.1669
1125 1722 0.1669
1125 1724 0.1742
1125 1725 0.3232
1125 1726 0.1723
1125 1728 0.1950
1125 1730 0.2087
1126 1127 0.1560
1126 1128 0.1846
1126 1129 0.1383
1126 1130 0.3359
1126 1131 0.3033
1126 1133 0.1927
1126 1134 0.2273
1126 1135 0.5308
1126 1136 0.1518
1126 1138 0.1927
1126 1139 0.1765
1126 1141 0.6309
1126 1142 0.1915
1126 1143 0.2887
1126 1144 0.2372
1126 1145 0.3033
1126 1146 0.2937
1126 1147 0.6480
1126 1148 0.2887
1126 1150 0.7086
1126 1151 0.3132
1126 1152 0.2744
1126 1153 0.6257
1126 1154 0.7477
1126 1155 0.2273
1126 1156 0.2535
1126 1157 0.1481
1126 1158 0.1869
1126 1159 0.2632
1126 1162 0.2273
1126 1163 0.3600
1126 1166 0.1869
1126 1167 0.1673
1126 1169 0.5843
1126 1172 0.2304
1126 1174 0.5684
1126 1176 0.1721
1126 1177 0.2153
1126 1178 0.2338
1126 1180 0.5990
1126 1182 0.2761
1126 1183 0.2066
1126 1185 0.5760
1126 1187 0.5474
1126 1188 0.4271
1126 1189 0.3079
1126 1191 0.6072
1126 1192 0.1731
1126 1193 0.5497
1126 1194 0.7345
1126 1196 0.1249
1126 1197 0.2640
1126 1199 0.2310
1126 1200 0.5190
1126 1201 0.5796
1126 1202 0.2953
1126 1204 0.3217
1126 1205 0.2731
1126 1206 0.4095
1126 1207 0.2632
1126 1208 0.2553
1126 1209 0.4971
1126 1210 0.6180
1126 1211 0.8059
1126 1213 0.3513
1126 1214 0.1927
1126 1215 0.3033
1126 1216 0.4016
1126 1217 0.2717
1126 1218 0.2926
1126 1219 0.1787
1126 1220 0.4278
1126 1221 0.3832
1126 1222 0.1787
1126 1223 0.4128
1126 1225 0.7657
1126 1226 0.6978
1126 1228 0.3540
1126 1229 0.1859
1126 1230 0.5131
1126 1231 0.4926
1126 1233 0.3249
1126 1235 0.2883
1126 1236 0.2404
1126 1237 0.2896
1126 1238 0.4926
1126 1240 0.5867
1126 1242 0.3794
1126 1243 0.2311
1126 1246 0.3930
1126 1247 0.3648
1126 1248 0.2402
1126 1250 0.3883
1126 1251 0.3457
1126 1252 0.3232
1126 1253 0.1989
1126 1254 0.1492
1126 1256 0.2942
1126 1257 0.2273
1126 1258 0.4258
1126 1259 0.2938
1126 1260 0.2950
1126 1262 0.5124
1126 1263 0.1587
1126 1265 0.1927
1126 1267 0.2016
1126 1268 0.3528
1126 1269 0.3303
1126 1270 0.2763
1126 1271 0.1446
1126 1272 0.2894
1126 1273 0.2648
1126 1274 0.1943
1126 1275 0.1495
1126 1276 0.1171
1126 1278 0.1444
1126 1279 0.1958
1126 1280 0.3442
1126 1281 0.1735
1126 1282 0.1571
1126 1283 0.1454
1126 1284 0.1927
1126 1286 0.2434
1126 1287 0.1109
1126 1288 0.1922
1126 1289 0.1672
1126 1290 0.1399
1126 1291 0.3846
1126 1292 0.4745
1126 1295 0.1264
1126 1296 0.3033
1126 1297 0.1736
1126 1298 0.1180
1126 1299 0.1722
1126 1300 0.1072
1126 1301 0.3909
1126 1303 0.2280
1126 1304 0.2278
1126 1305 0.1065
1126 1306 0.1927
1126 1307 0.1361
1126 1308 0.2371
1126 1309 0.2300
1126 1310 0.3033
1126 1311 0.1684
1126 1312 0.2345
1126 1316 0.7057
1126 1320 0.1718
1126 1322 0.1639
1126 1323 0.3505
1126 1324 0.3033
1126 1325 0.2270
1126 1326 0.3033
1126 1327 0.3000
1126 1330 0.2819
1126 1332 0.1913
1126 1333 0.4103
1126 1334 0.3161
1126 1335 0.3131
1126 1337 0.2108
1126 1340 0.2233
1126 1341 0.2883
1126 1342 0.7504
1126 1344 0.4271
1126 1345 0.2273
1126 1346 0.4926
1126 1347 0.2129
1126 1348 0.3981
1126 1349 0.2893
1126 1351 0.2731
1126 1353 0.3174
1126 1354 0.2345
1126 1355 0.3174
1126 1356 0.1869
1126 1358 0.2868
1126 1360 0.2587
1126 1361 0.3377
1126 1362 0.3780
1126 1363 0.1847
1126 1364 0.1602
1126 1365 0.2457
1126 1367 0.4547
1126 1368 0.3616
1126 1369 0.2795
1126 1370 0.6281
1126 1371 0.2233
1126 1372 0.1846
1126 1373 0.2718
1126 1374 0.1869
1126 1375 0.1602
1126 1376 0.1979
1126 1377 0.2809
1126 1378 0.3073
1126 1379 0.3919
1126 1380 0.4658
1126 1381 0.4407
1126 1382 0.1589
1126 1386 0.1709
1126 1387 0.2506
1126 1388 0.1602
1126 1389 0.1529
1126 1390 0.2321
1126 1392 0.1471
1126 1395 0.3564
1126 1396 0.1935
1126 1397 0.2850
1126 1398 0.2028
1126 1399 0.1604
1126 1401 0.3033
1126 1402 0.2488
1126 1405 0.1558
1126 1406 0.2304
1126 1407 0.3679
1126 1408 0.1449
1126 1409 0.1738
1126 1410 0.3082
1126 1411 0.1523
1126 1413 0.3033
1126 1414 0.2273
1126 1415 0.1296
1126 1416 0.1927
1126 1418 0.1517
1126 1419 0.1367
1126 1420 0.2277
1126 1421 0.6547
1126 1423 0.1927
1126 1424 0.3033
1126 1425 0.5950
1126 1426 0.7321
1126 1427 0.5980
1126 1428 0.7598
1126 1431 0.5748
1126 1434 0.9431
1126 1435 0.8909
1126 1436 0.5950
1126 1437 0.7769
1126 1438 0.5950
1126 1439 0.3376
1126 1440 0.7447
1126 1441 0.2559
1126 1445 0.6616
1126 1446 0.5785
1126 1448 0.2273
1126 1449 0.1869
1126 1451 0.1724
1126 1452 0.1869
1126 1453 0.1717
1126 1456 0.1950
1126 1457 0.1518
1126 1458 0.3130
1126 1459 0.1846
1126 1460 0.1403
1126 1461 0.2338
1126 1462 0.1678
1126 1463 0.1704
1126 1464 0.1342
1126 1465 0.2278
1126 1466 0.1819
1126 1468 0.3033
1126 1470 0.1911
1126 1472 0.1901
1126 1473 0.1979
1126 1474 0.1704
1126 1477 0.2109
1126 1478 0.1662
1126 1479 0.2254
1126 1480 0.2327
1126 1481 0.2703
1126 1482 0.2091
1126 1484 0.2338
1126 1485 0.2105
1126 1487 0.1859
1126 1488 0.2273
1126 1490 0.1666
1126 1491 0.2370
1126 1495 0.1321
1126 1497 0.4781
1126 1498 0.1717
1126 1499 0.1926
1126 1501 0.2047
1126 1503 0.1384
1126 1504 0.2128
1126 1505 0.3965
1126 1506 0.1927
1126 1507 0.2780
1126 1508 0.2338
1126 1510 0.2273
1126 1511 0.1953
1126 1512 0.2273
1126 1513 0.2161
1126 1514 0.3033
1126 1516 0.2645
1126 1517 0.1631
1126 1518 0.1964
1126 1519 0.2233
1126 1520 0.8153
1126 1522 0.2209
1126 1525 0.3587
1126 1526 0.1300
1126 1527 0.1839
1126 1529 0.3804
1126 1530 0.1025
1126 1531 0.2281
1126 1532 0.3033
1126 1534 0.2083
1126 1535 0.1815
1126 1536 0.0962
1126 1538 0.1645
1126 1540 0.2778
1126 1541 0.1473
1126 1542 0.1095
1126 1544 0.2026
1126 1546 0.1927
1126 1547 0.2351
1126 1548 0.1070
1126 1549 0.1704
1126 1550 0.1639
1126 1551 0.1609
1126 1552 0.1869
1126 1553 0.2273
1126 1554 0.2727
1126 1555 0.1374
1126 1562 0.2273
1126 1565 0.1607
1126 1567 0.2273
1126 1568 0.3899
1126 1569 0.2273
1126 1570 0.3033
1126 1571 0.2854
1126 1572 0.2587
1126 1573 0.2372
1126 1574 0.3377
1126 1577 0.5594
1126 1578 0.2596
1126 1579 0.5350
1126 1580 0.4544
1126 1581 0.3266
1126 1582 0.3033
1126 1583 0.4142
1126 1586 0.1704
1126 1587 0.2780
1126 1588 0.3412
1126 1589 0.3161
1126 1590 0.1855
1126 1591 0.2953
1126 1592 0.2618
1126 1593 0.3640
1126 1595 0.1839
1126 1596 0.1927
1126 1597 0.2090
1126 1598 0.2273
1126 1599 0.2390
1126 1602 0.2273
1126 1603 0.1659
1126 1604 0.4103
1126 1606 0.3899
1126 1608 0.6565
1126 1609 0.1979
1126 1610 0.2568
1126 1611 0.3096
1126 1612 0.3178
1126 1613 0.5787
1126 1615 0.2423
1126 1616 0.2466
1126 1618 0.3016
1126 1619 0.2423
1126 1620 0.3832
1126 1621 0.5998
1126 1622 0.6980
1126 1623 0.2372
1126 1624 0.4569
1126 1625 0.2150
1126 1626 0.3033
1126 1628 0.1869
1126 1629 0.1927
1126 1630 0.2938
1126 1631 0.3033
1126 1632 0.4731
1126 1633 0.2411
1126 1634 0.5983
1126 1636 0.2539
1126 1637 0.2618
1126 1639 0.4103
1126 1640 0.2187
1126 1643 0.2391
1126 1644 0.1721
1126 1645 0.1864
1126 1646 0.1869
1126 1647 0.2092
1126 1648 0.2273
1126 1649 0.1860
1126 1650 0.1722
1126 1651 0.3033
1126 1653 0.2860
1126 1654 0.3033
1126 1657 0.2273
1126 1658 0.1869
1126 1659 0.1913
1126 1661 0.2273
1126 1662 0.1235
1126 1663 0.1367
1126 1665 0.1610
1126 1667 0.1586
1126 1668 0.2801
1126 1671 0.1589
1126 1672 0.3674
1126 1673 0.1597
1126 1674 0.1479
1126 1675 0.3495
1126 1676 0.1318
1126 1678 0.1420
1126 1679 0.1830
1126 1680 0.3536
1126 1681 0.3674
1126 1683 0.2663
1126 1685 0.1869
1126 1687 0.1683
1126 1689 0.8622
1126 1690 0.3058
1126 1691 0.2588
1126 1692 0.2562
1126 1693 0.1661
1126 1694 0.1927
1126 1696 0.2579
1126 1697 0.1206
1126 1698 0.3495
1126 1700 0.7022
1126 1701 0.7022
1126 1702 0.7022
1126 1703 0.1565
1126 1704 0.4147
1126 1705 0.3432
1126 1707 0.7779
1126 1709 0.2827
1126 1710 0.1927
1126 1711 0.7022
1126 1712 0.9935
1126 1713 0.8335
1126 1714 0.7083
1126 1715 0.7022
1126 1716 0.2929
1126 1717 0.9963
1126 1718 0.5051
1126 1719 0.5950
1126 1720 0.2354
1126 1721 0.3033
1126 1722 0.3033
1126 1724 0.2114
1126 1725 0.1925
1126 1726 0.1927
1126 1728 0.2273
1126 1730 0.3245
1127 1128 0.2628
1127 1129 0.3013
1127 1130 0.3349
1127 1131 0.1685
1127 1133 0.1920
1127 1134 0.1902
1127 1135 0.6751
1127 1136 0.1358
1127 1138 0.1920
1127 1139 0.2049
1127 1141 0.1099
1127 1142 0.5515
1127 1143 0.4216
1127 1144 0.1668
1127 1145 0.1685
1127 1146 0.1595
1127 1147 0.1221
1127 1148 0.1902
1127 1150 0.2542
1127 1151 0.2006
1127 1152 0.3815
1127 1153 0.3294
1127 1154 0.6424
1127 1155 0.1902
1127 1156 0.2827
1127 1157 0.1838
1127 1158 0.2194
1127 1159 0.2276
1127 1162 0.1902
1127 1163 0.8946
1127 1166 0.2194
1127 1167 0.2397
1127 1169 0.3964
1127 1172 0.2609
1127 1174 0.2920
1127 1176 0.2065
1127 1177 0.2328
1127 1178 0.2179
1127 1180 0.1281
1127 1182 0.1878
1127 1183 0.3163
1127 1185 0.1389
1127 1187 0.2177
1127 1188 0.2154
1127 1189 0.2875
1127 1191 0.1746
1127 1192 0.1902
1127 1193 0.1247
1127 1194 0.1453
1127 1196 0.1457
1127 1197 0.3854
1127 1199 0.3037
1127 1200 0.2282
1127 1201 0.1535
1127 1202 0.1538
1127 1204 0.2179
1127 1205 0.1920
1127 1206 0.3910
1127 1207 0.2276
1127 1208 0.1767
1127 1209 0.1747
1127 1210 0.3015
1127 1211 0.6162
1127 1213 0.2206
1127 1214 0.1920
1127 1215 0.1685
1127 1216 0.2322
1127 1217 0.2194
1127 1218 0.2045
1127 1219 0.1738
1127 1220 0.1488
1127 1221 0.2032
1127 1222 0.1751
1127 1223 0.1293
1127 1225 0.4013
1127 1226 0.5772
1127 1228 0.2065
1127 1229 0.1966
1127 1230 0.1451
1127 1231 0.1567
1127 1233 0.2347
1127 1235 0.1902
1127 1236 0.2197
1127 1237 0.1474
1127 1238 0.1567
1127 1240 0.2936
1127 1242 0.3846
1127 1243 0.1779
1127 1246 0.2304
1127 1247 0.2653
1127 1248 0.1729
1127 1250 0.1962
1127 1251 0.2059
1127 1252 0.1474
1127 1253 0.2103
1127 1254 0.2148
1127 1256 0.2957
1127 1257 0.1902
1127 1258 0.4318
1127 1259 0.2402
1127 1260 0.3334
1127 1262 0.2622
1127 1263 0.4980
1127 1265 0.1891
1127 1267 0.2429
1127 1268 0.1966
1127 1269 0.3831
1127 1270 0.3537
1127 1271 0.2339
1127 1272 0.2400
1127 1273 0.2133
1127 1274 0.1862
1127 1275 0.3855
1127 1276 0.1609
1127 1278 0.1473
1127 1279 0.2495
1127 1280 0.2769
1127 1281 0.3926
1127 1282 0.5418
1127 1283 0.6492
1127 1284 0.2618
1127 1286 0.6064
1127 1287 0.6772
1127 1288 0.3122
1127 1289 0.4028
1127 1290 0.5049
1127 1291 0.5453
1127 1292 0.9728
1127 1295 0.4353
1127 1296 0.1685
1127 1297 0.3219
1127 1298 0.6448
1127 1299 0.3144
1127 1300 0.5649
1127 1301 0.1767
1127 1303 0.6711
1127 1304 0.3110
1127 1305 0.6352
1127 1306 0.3608
1127 1307 0.5455
1127 1308 0.3011
1127 1309 0.3680
1127 1310 0.1685
1127 1311 0.2807
1127 1312 0.2152
1127 1316 0.9834
1127 1320 0.2230
1127 1322 0.3864
1127 1323 0.2365
1127 1324 0.1685
1127 1325 0.2065
1127 1326 0.1685
1127 1327 0.2529
1127 1330 0.2033
1127 1332 0.3037
1127 1333 0.1352
1127 1334 0.1729
1127 1335 0.2328
1127 1337 0.2385
1127 1340 0.1778
1127 1341 0.1902
1127 1342 0.2272
1127 1344 0.2091
1127 1345 0.1902
1127 1346 0.1567
1127 1347 0.1920
1127 1348 0.1743
1127 1349 0.2223
1127 1351 0.1920
1127 1353 0.1853
1127 1354 0.2152
1127 1355 0.1853
1127 1356 0.2194
1127 1358 0.1902
1127 1360 0.2194
1127 1361 0.1611
1127 1362 0.3022
1127 1363 0.2457
1127 1364 0.1975
1127 1365 0.1827
1127 1367 0.1877
1127 1368 0.2615
1127 1369 0.3595
1127 1370 0.3265
1127 1371 0.1778
1127 1372 0.2678
1127 1373 0.2290
1127 1374 0.2194
1127 1375 0.1975
1127 1376 0.1767
1127 1377 0.2226
1127 1378 0.2609
1127 1379 0.2449
1127 1380 0.2195
1127 1381 0.2214
1127 1382 0.1920
1127 1386 0.1971
1127 1387 0.5965
1127 1388 0.1570
1127 1389 0.2636
1127 1390 0.2283
1127 1392 0.1814
1127 1395 0.1640
1127 1396 0.1444
1127 1397 0.2494
1127 1398 0.2342
1127 1399 0.1716
1127 1401 0.1685
1127 1402 0.2854
1127 1405 0.1837
1127 1406 0.2609
1127 1407 0.2259
1127 1408 0.2950
1127 1409 0.1699
1127 1410 0.1960
1127 1411 0.1740
1127 1413 0.1685
1127 1414 0.1902
1127 1415 0.3402
1127 1416 0.1920
1127 1418 0.1595
1127 1419 0.1455
1127 1420 0.2334
1127 1421 0.1085
1127 1423 0.1920
1127 1424 0.1685
1127 1425 0.1130
1127 1426 0.5197
1127 1427 0.1372
1127 1428 0.1119
1127 1431 0.1133
1127 1434 0.7161
1127 1435 0.2685
1127 1436 0.1130
1127 1437 0.0842
1127 1438 0.1130
1127 1439 0.2092
1127 1440 0.2808
1127 1441 0.2609
1127 1445 0.1106
1127 1446 0.1245
1127 1448 0.1902
1127 1449 0.1936
1127 1451 0.2363
1127 1452 0.2194
1127 1453 0.2020
1127 1456 0.3100
1127 1457 0.1358
1127 1458 0.2174
1127 1459 0.1860
1127 1460 0.1439
1127 1461 0.2179
1127 1462 0.1902
1127 1463 0.1966
1127 1464 0.1731
1127 1465 0.2146
1127 1466 0.1834
1127 1468 0.1685
1127 1470 0.1793
1127 1472 0.1930
1127 1473 0.1767
1127 1474 0.1721
1127 1477 0.2964
1127 1478 0.1874
1127 1479 0.2604
1127 1480 0.2660
1127 1481 0.2328
1127 1482 0.2396
1127 1484 0.2179
1127 1485 0.2804
1127 1487 0.1880
1127 1488 0.1902
1127 1490 0.1008
1127 1491 0.2429
1127 1495 0.5165
1127 1497 0.2276
1127 1498 0.2537
1127 1499 0.1902
1127 1501 0.2672
1127 1503 0.1727
1127 1504 0.1977
1127 1505 0.1968
1127 1506 0.1920
1127 1507 0.2171
1127 1508 0.2179
1127 1510 0.2053
1127 1511 0.1861
1127 1512 0.1902
1127 1513 0.1490
1127 1514 0.1685
1127 1516 0.4735
1127 1517 0.1972
1127 1518 0.2778
1127 1519 0.8453
1127 1520 0.9852
1127 1522 0.3708
1127 1525 0.2493
1127 1526 0.8451
1127 1527 0.1974
1127 1529 0.2861
1127 1530 0.6058
1127 1531 0.3165
1127 1532 0.1685
1127 1534 0.4920
1127 1535 0.3216
1127 1536 0.5313
1127 1538 0.8369
1127 1540 0.3700
1127 1541 0.5041
1127 1542 0.6071
1127 1544 0.1864
1127 1546 0.2304
1127 1547 0.8284
1127 1548 0.6207
1127 1549 0.2379
1127 1550 0.3864
1127 1551 0.3560
1127 1552 0.2432
1127 1553 0.2032
1127 1554 0.4939
1127 1555 0.4403
1127 1562 0.2035
1127 1565 0.6340
1127 1567 0.1902
1127 1568 0.1929
1127 1569 0.1902
1127 1570 0.1685
1127 1571 0.2662
1127 1572 0.2194
1127 1573 0.2065
1127 1574 0.1611
1127 1577 0.2472
1127 1578 0.1902
1127 1579 0.2248
1127 1580 0.2344
1127 1581 0.1920
1127 1582 0.1685
1127 1583 0.2429
1127 1586 0.2080
1127 1587 0.2171
1127 1588 0.1590
1127 1589 0.1729
1127 1590 0.1920
1127 1591 0.1538
1127 1592 0.1902
1127 1593 0.2866
1127 1595 0.1974
1127 1596 0.1920
1127 1597 0.1917
1127 1598 0.1902
1127 1599 0.1920
1127 1602 0.1902
1127 1603 0.2194
1127 1604 0.1352
1127 1606 0.1929
1127 1608 0.3050
1127 1609 0.5229
1127 1610 0.1914
1127 1611 0.2508
1127 1612 0.2457
1127 1613 0.3242
1127 1615 0.1861
1127 1616 0.1722
1127 1618 0.3854
1127 1619 0.1861
1127 1620 0.2194
1127 1621 0.4194
1127 1622 0.4859
1127 1623 0.2396
1127 1624 0.3789
1127 1625 0.1729
1127 1626 0.1685
1127 1628 0.2194
1127 1629 0.1920
1127 1630 0.2250
1127 1631 0.1685
1127 1632 0.2315
1127 1633 0.1429
1127 1634 0.1434
1127 1636 0.2146
1127 1637 0.1902
1127 1639 0.1352
1127 1640 0.1763
1127 1643 0.2092
1127 1644 0.2398
1127 1645 0.1966
1127 1646 0.2194
1127 1647 0.2653
1127 1648 0.1902
1127 1649 0.2012
1127 1650 0.3105
1127 1651 0.1685
1127 1653 0.3633
1127 1654 0.1685
1127 1657 0.1902
1127 1658 0.2165
1127 1659 0.3037
1127 1661 0.1902
1127 1662 0.3331
1127 1663 0.1455
1127 1665 0.2062
1127 1667 0.2369
1127 1668 0.2954
1127 1671 0.2894
1127 1672 0.1920
1127 1673 0.2212
1127 1674 0.3945
1127 1675 0.2082
1127 1676 0.1644
1127 1678 0.1776
1127 1679 0.1220
1127 1680 0.2157
1127 1681 0.1920
1127 1683 0.2165
1127 1685 0.2194
1127 1687 0.1992
1127 1689 0.8972
1127 1690 0.2101
1127 1691 0.2267
1127 1692 0.2984
1127 1693 0.1639
1127 1694 0.1920
1127 1696 0.1920
1127 1697 0.4155
1127 1698 0.2082
1127 1700 0.0922
1127 1701 0.0922
1127 1702 0.0922
1127 1703 0.1828
1127 1704 0.1258
1127 1705 0.1385
1127 1707 0.1323
1127 1709 0.2334
1127 1710 0.1920
1127 1711 0.0922
1127 1712 0.8184
1127 1713 0.1664
1127 1714 0.1251
1127 1715 0.0922
1127 1716 0.1921
1127 1717 0.7316
1127 1718 0.2382
1127 1719 0.1130
1127 1720 0.1920
1127 1721 0.1685
1127 1722 0.1685
1127 1724 0.1969
1127 1725 0.1920
1127 1726 0.1920
1127 1728 0.1902
1127 1730 0.1860
1128 1129 0.1443
1128 1130 0.2958
1128 1131 0.2198
1128 1133 0.1889
1128 1134 0.1810
1128 1135 0.4421
1128 1136 0.1761
1128 1138 0.1889
1128 1139 0.1571
1128 1141 0.1575
1128 1142 0.3955
1128 1143 0.4493
1128 1144 0.1752
1128 1145 0.2198
1128 1146 0.2092
1128 1147 0.1393
1128 1148 0.1810
1128 1150 0.3848
1128 1151 0.1853
1128 1152 0.2820
1128 1153 0.1251
1128 1154 0.1569
1128 1155 0.1810
1128 1156 0.2175
1128 1157 0.1977
1128 1158 0.2020
1128 1159 0.1719
1128 1162 0.1810
1128 1163 0.8806
1128 1166 0.2020
1128 1167 0.1710
1128 1169 0.1766
1128 1172 0.2341
1128 1174 0.1971
1128 1176 0.1857
1128 1177 0.1828
1128 1178 0.1970
1128 1180 0.2283
1128 1182 0.1815
1128 1183 0.2216
1128 1185 0.1505
1128 1187 0.1589
1128 1188 0.2058
1128 1189 0.2216
1128 1191 0.1850
1128 1192 0.1810
1128 1193 0.1704
1128 1194 0.1455
1128 1196 0.1795
1128 1197 0.2516
1128 1199 0.1862
1128 1200 0.2178
1128 1201 0.2133
1128 1202 0.1612
1128 1204 0.2619
1128 1205 0.1828
1128 1206 0.3262
1128 1207 0.1719
1128 1208 0.1754
1128 1209 0.1690
1128 1210 0.3010
1128 1211 0.4823
1128 1213 0.2183
1128 1214 0.1889
1128 1215 0.2198
1128 1216 0.2076
1128 1217 0.2020
1128 1218 0.1595
1128 1219 0.1754
1128 1220 0.1982
1128 1221 0.1947
1128 1222 0.1754
1128 1223 0.1792
1128 1225 0.3023
1128 1226 0.3943
1128 1228 0.1857
1128 1229 0.1881
1128 1230 0.1837
1128 1231 0.0963
1128 1233 0.1937
1128 1235 0.1810
1128 1236 0.2058
1128 1237 0.1640
1128 1238 0.0963
1128 1240 0.2689
1128 1242 0.2590
1128 1243 0.1612
1128 1246 0.1930
1128 1247 0.2888
1128 1248 0.1760
1128 1250 0.1758
1128 1251 0.2599
1128 1252 0.2416
1128 1253 0.2131
1128 1254 0.1667
1128 1256 0.3195
1128 1257 0.1810
1128 1258 0.3238
1128 1259 0.1980
1128 1260 0.2000
1128 1262 0.2226
1128 1263 0.2321
1128 1265 0.1889
1128 1267 0.2020
1128 1268 0.1881
1128 1269 0.3706
1128 1270 0.3082
1128 1271 0.1211
1128 1272 0.1652
1128 1273 0.1830
1128 1274 0.1881
1128 1275 0.2103
1128 1276 0.1403
1128 1278 0.1265
1128 1279 0.1876
1128 1280 0.2875
1128 1281 0.2756
1128 1282 0.2859
1128 1283 0.2782
1128 1284 0.1889
1128 1286 0.3589
1128 1287 0.4633
1128 1288 0.2624
1128 1289 0.3668
1128 1290 0.2208
1128 1291 0.3070
1128 1292 0.8040
1128 1295 0.2532
1128 1296 0.2198
1128 1297 0.2686
1128 1298 0.4230
1128 1299 0.2062
1128 1300 0.3018
1128 1301 0.1837
1128 1303 0.5247
1128 1304 0.2214
1128 1305 0.2610
1128 1306 0.2108
1128 1307 0.3656
1128 1308 0.2250
1128 1309 0.3873
1128 1310 0.2198
1128 1311 0.1844
1128 1312 0.1714
1128 1316 0.9509
1128 1320 0.1839
1128 1322 0.1862
1128 1323 0.2086
1128 1324 0.2198
1128 1325 0.1857
1128 1326 0.2198
1128 1327 0.1922
1128 1330 0.1719
1128 1332 0.1754
1128 1333 0.1385
1128 1334 0.1760
1128 1335 0.1828
1128 1337 0.1818
1128 1340 0.1601
1128 1341 0.1810
1128 1342 0.2834
1128 1344 0.1941
1128 1345 0.1810
1128 1346 0.0963
1128 1347 0.1889
1128 1348 0.1800
1128 1349 0.2549
1128 1351 0.1828
1128 1353 0.1887
1128 1354 0.1714
1128 1355 0.1887
1128 1356 0.2020
1128 1358 0.1810
1128 1360 0.2020
1128 1361 0.1943
1128 1362 0.2232
1128 1363 0.2206
1128 1364 0.1827
1128 1365 0.1853
1128 1367 0.1664
1128 1368 0.1926
1128 1369 0.2863
1128 1370 0.3493
1128 1371 0.1601
1128 1372 0.1946
1128 1373 0.2024
1128 1374 0.2020
1128 1375 0.1827
1128 1376 0.1754
1128 1377 0.1896
1128 1378 0.2341
1128 1379 0.2245
1128 1380 0.2076
1128 1381 0.2209
1128 1382 0.1889
1128 1386 0.1280
1128 1387 0.3656
1128 1388 0.2204
1128 1389 0.1875
1128 1390 0.2028
1128 1392 0.1767
1128 1395 0.2281
1128 1396 0.1814
1128 1397 0.2073
1128 1398 0.2076
1128 1399 0.1533
1128 1401 0.2198
1128 1402 0.2077
1128 1405 0.1658
1128 1406 0.2341
1128 1407 0.2454
1128 1408 0.1696
1128 1409 0.2517
1128 1410 0.1972
1128 1411 0.1799
1128 1413 0.2198
1128 1414 0.1810
1128 1415 0.1379
1128 1416 0.1889
1128 1418 0.2000
1128 1419 0.1497
1128 1420 0.2216
1128 1421 0.1373
1128 1423 0.1889
1128 1424 0.2198
1128 1425 0.1679
1128 1426 0.3863
1128 1427 0.1503
1128 1428 0.1383
1128 1431 0.1112
1128 1434 0.6038
1128 1435 0.2008
1128 1436 0.1679
1128 1437 0.1078
1128 1438 0.1679
1128 1439 0.1971
1128 1440 0.3926
1128 1441 0.2341
1128 1445 0.1338
1128 1446 0.1617
1128 1448 0.1810
1128 1449 0.2020
1128 1451 0.1897
1128 1452 0.2020
1128 1453 0.2204
1128 1456 0.3017
1128 1457 0.1761
1128 1458 0.2593
1128 1459 0.1815
1128 1460 0.1545
1128 1461 0.1970
1128 1462 0.1810
1128 1463 0.1881
1128 1464 0.1537
1128 1465 0.2074
1128 1466 0.1778
1128 1468 0.2198
1128 1470 0.1657
1128 1472 0.1612
1128 1473 0.1754
1128 1474 0.1881
1128 1477 0.1960
1128 1478 0.1828
1128 1479 0.2015
1128 1480 0.2096
1128 1481 0.2289
1128 1482 0.2128
1128 1484 0.1970
1128 1485 0.2124
1128 1487 0.1669
1128 1488 0.1810
1128 1490 0.1680
1128 1491 0.2423
1128 1495 0.3397
1128 1497 0.2081
1128 1498 0.2010
1128 1499 0.1810
1128 1501 0.2150
1128 1503 0.1230
1128 1504 0.1700
1128 1505 0.2655
1128 1506 0.1889
1128 1507 0.1752
1128 1508 0.1970
1128 1510 0.1810
1128 1511 0.1752
1128 1512 0.1810
1128 1513 0.1698
1128 1514 0.2198
1128 1516 0.2718
1128 1517 0.1832
1128 1518 0.2435
1128 1519 0.5062
1128 1520 0.9583
1128 1522 0.2444
1128 1525 0.2193
1128 1526 0.3228
1128 1527 0.2104
1128 1529 0.2216
1128 1530 0.3223
1128 1531 0.1953
1128 1532 0.2198
1128 1534 0.2055
1128 1535 0.2025
1128 1536 0.2163
1128 1538 0.5676
1128 1540 0.2482
1128 1541 0.2530
1128 1542 0.4354
1128 1544 0.1881
1128 1546 0.1889
1128 1547 0.5817
1128 1548 0.3390
1128 1549 0.2079
1128 1550 0.1862
1128 1551 0.2230
1128 1552 0.2020
1128 1553 0.1810
1128 1554 0.2298
1128 1555 0.2453
1128 1562 0.1810
1128 1565 0.2755
1128 1567 0.1810
1128 1568 0.1657
1128 1569 0.1810
1128 1570 0.2198
1128 1571 0.2404
1128 1572 0.2020
1128 1573 0.1857
1128 1574 0.1943
1128 1577 0.2703
1128 1578 0.1810
1128 1579 0.2239
1128 1580 0.2105
1128 1581 0.1889
1128 1582 0.2198
1128 1583 0.2206
1128 1586 0.1881
1128 1587 0.1752
1128 1588 0.1894
1128 1589 0.1760
1128 1590 0.1889
1128 1591 0.1612
1128 1592 0.1810
1128 1593 0.2918
1128 1595 0.2104
1128 1596 0.1889
1128 1597 0.1838
1128 1598 0.1810
1128 1599 0.1889
1128 1602 0.1810
1128 1603 0.2020
1128 1604 0.1385
1128 1606 0.1657
1128 1608 0.3242
1128 1609 0.2077
1128 1610 0.1866
1128 1611 0.2063
1128 1612 0.2206
1128 1613 0.3993
1128 1615 0.1752
1128 1616 0.1694
1128 1618 0.3017
1128 1619 0.1752
1128 1620 0.2020
1128 1621 0.3487
1128 1622 0.2552
1128 1623 0.2284
1128 1624 0.3297
1128 1625 0.1760
1128 1626 0.2198
1128 1628 0.2020
1128 1629 0.1889
1128 1630 0.2074
1128 1631 0.2198
1128 1632 0.2177
1128 1633 0.1798
1128 1634 0.1379
1128 1636 0.2074
1128 1637 0.1810
1128 1639 0.1385
1128 1640 0.1758
1128 1643 0.1971
1128 1644 0.1857
1128 1645 0.1881
1128 1646 0.2020
1128 1647 0.2406
1128 1648 0.1810
1128 1649 0.1760
1128 1650 0.1708
1128 1651 0.2198
1128 1653 0.2564
1128 1654 0.2198
1128 1657 0.1810
1128 1658 0.2009
1128 1659 0.1754
1128 1661 0.1810
1128 1662 0.1629
1128 1663 0.1497
1128 1665 0.1971
1128 1667 0.1495
1128 1668 0.1746
1128 1671 0.2108
1128 1672 0.1889
1128 1673 0.2231
1128 1674 0.2236
1128 1675 0.1708
1128 1676 0.1443
1128 1678 0.1952
1128 1679 0.1715
1128 1680 0.2063
1128 1681 0.1889
1128 1683 0.3231
1128 1685 0.2020
1128 1687 0.1704
1128 1689 0.8254
1128 1690 0.1844
1128 1691 0.1874
1128 1692 0.2157
1128 1693 0.1850
1128 1694 0.1889
1128 1696 0.1889
1128 1697 0.2407
1128 1698 0.1708
1128 1700 0.1426
1128 1701 0.1426
1128 1702 0.1426
1128 1703 0.1853
1128 1704 0.1998
1128 1705 0.1624
1128 1707 0.3678
1128 1709 0.2216
1128 1710 0.1889
1128 1711 0.1426
1128 1712 0.8457
1128 1713 0.2290
1128 1714 0.1398
1128 1715 0.1426
1128 1716 0.1850
1128 1717 0.7009
1128 1718 0.1933
1128 1719 0.1679
1128 1720 0.1889
1128 1721 0.2198
1128 1722 0.2198
1128 1724 0.1752
1128 1725 0.1889
1128 1726 0.1889
1128 1728 0.1810
1128 1730 0.1815
1129 1130 0.2568
1129 1131 0.1622
1129 1133 0.1294
1129 1134 0.1373
1129 1135 0.5444
1129 1136 0.1706
1129 1138 0.1294
1129 1139 0.1160
1129 1141 0.1366
1129 1142 0.1811
1129 1143 0.2997
1129 1144 0.1402
1129 1145 0.1622
1129 1146 0.1163
1129 1147 0.1752
1129 1148 0.1309
1129 1150 0.3162
1129 1151 0.5903
1129 1152 0.5805
1129 1153 0.1868
1129 1154 0.3753
1129 1155 0.1373
1129 1156 0.3097
1129 1157 0.1023
1129 1158 0.1436
1129 1159 0.1284
1129 1162 0.1373
1129 1163 0.6208
1129 1166 0.1436
1129 1167 0.1602
1129 1169 0.4227
1129 1172 0.1627
1129 1174 0.1726
1129 1176 0.1262
1129 1177 0.1370
1129 1178 0.1677
1129 1180 0.2194
1129 1182 0.1519
1129 1183 0.1577
1129 1185 0.2276
1129 1187 0.1778
1129 1188 0.1404
1129 1189 0.1549
1129 1191 0.1758
1129 1192 0.1373
1129 1193 0.1841
1129 1194 0.2684
1129 1196 0.0895
1129 1197 0.4125
1129 1199 0.4412
1129 1200 0.1940
1129 1201 0.4643
1129 1202 0.1711
1129 1204 0.1548
1129 1205 0.1202
1129 1206 0.2582
1129 1207 0.1284
1129 1208 0.1153
1129 1209 0.1233
1129 1210 0.4955
1129 1211 0.6084
1129 1213 0.4682
1129 1214 0.1586
1129 1215 0.1622
1129 1216 0.3669
1129 1217 0.1436
1129 1218 0.1328
1129 1219 0.1817
1129 1220 0.2042
1129 1221 0.1960
1129 1222 0.1381
1129 1223 0.4515
1129 1225 0.5567
1129 1226 0.7205
1129 1228 0.1390
1129 1229 0.1445
1129 1230 0.1352
1129 1231 0.1880
1129 1233 0.1782
1129 1235 0.1510
1129 1236 0.1298
1129 1237 0.1180
1129 1238 0.1880
1129 1240 0.4659
1129 1242 0.3533
1129 1243 0.1518
1129 1246 0.3135
1129 1247 0.1647
1129 1248 0.1599
1129 1250 0.2969
1129 1251 0.3307
1129 1252 0.1441
1129 1253 0.3943
1129 1254 0.5243
1129 1256 0.7907
1129 1257 0.1284
1129 1258 0.8218
1129 1259 0.6468
1129 1260 0.9106
1129 1262 0.4753
1129 1263 0.1053
1129 1265 0.1294
1129 1267 0.1982
1129 1268 0.1774
1129 1269 0.4345
1129 1270 0.5884
1129 1271 0.8163
1129 1272 0.8134
1129 1273 0.2907
1129 1274 0.2330
1129 1275 0.8785
1129 1276 0.9039
1129 1278 0.8401
1129 1279 0.8127
1129 1280 0.6500
1129 1281 0.1410
1129 1282 0.2074
1129 1283 0.1826
1129 1284 0.1294
1129 1286 0.4514
1129 1287 0.2283
1129 1288 0.1310
1129 1289 0.1049
1129 1290 0.2584
1129 1291 0.2059
1129 1292 0.6744
1129 1295 0.0848
1129 1296 0.1622
1129 1297 0.1267
1129 1298 0.2258
1129 1299 0.1169
1129 1300 0.1855
1129 1301 0.1636
1129 1303 0.4807
1129 1304 0.1623
1129 1305 0.1875
1129 1306 0.1469
1129 1307 0.1951
1129 1308 0.1544
1129 1309 0.1846
1129 1310 0.1622
1129 1311 0.1447
1129 1312 0.1474
1129 1316 0.9075
1129 1320 0.1212
1129 1322 0.1184
1129 1323 0.1439
1129 1324 0.1622
1129 1325 0.1262
1129 1326 0.1622
1129 1327 0.1581
1129 1330 0.1269
1129 1332 0.1381
1129 1333 0.1594
1129 1334 0.1919
1129 1335 0.1650
1129 1337 0.1497
1129 1340 0.1283
1129 1341 0.1510
1129 1342 0.5845
1129 1344 0.2169
1129 1345 0.1373
1129 1346 0.1880
1129 1347 0.1294
1129 1348 0.1434
1129 1349 0.1318
1129 1351 0.1202
1129 1353 0.1313
1129 1354 0.1474
1129 1355 0.1313
1129 1356 0.1436
1129 1358 0.1373
1129 1360 0.1436
1129 1361 0.1275
1129 1362 0.2136
1129 1363 0.1912
1129 1364 0.4502
1129 1365 0.1529
1129 1367 0.2273
1129 1368 0.2053
1129 1369 0.5764
1129 1370 0.3268
1129 1371 0.1283
1129 1372 0.1295
1129 1373 0.1979
1129 1374 0.1436
1129 1375 0.4502
1129 1376 0.1685
1129 1377 0.1230
1129 1378 0.1627
1129 1379 0.1732
1129 1380 0.1878
1129 1381 0.2558
1129 1382 0.1657
1129 1386 0.7987
1129 1387 0.8989
1129 1388 0.4723
1129 1389 0.8046
1129 1390 0.3154
1129 1392 0.6898
1129 1395 0.5867
1129 1396 0.5805
1129 1397 0.7278
1129 1398 0.3357
1129 1399 0.5871
1129 1401 0.1622
1129 1402 0.3737
1129 1405 0.6952
1129 1406 0.2113
1129 1407 0.1746
1129 1408 0.5562
1129 1409 0.7442
1129 1410 0.6568
1129 1411 0.7935
1129 1413 0.1622
1129 1414 0.1373
1129 1415 0.8386
1129 1416 0.1586
1129 1418 0.4013
1129 1419 0.5639
1129 1420 0.1471
1129 1421 0.1894
1129 1423 0.1533
1129 1424 0.1622
1129 1425 0.1784
1129 1426 0.6157
1129 1427 0.1124
1129 1428 0.2020
1129 1431 0.2169
1129 1434 0.8126
1129 1435 0.4454
1129 1436 0.1784
1129 1437 0.1422
1129 1438 0.1784
1129 1439 0.1382
1129 1440 0.1929
1129 1441 0.1627
1129 1445 0.2578
1129 1446 0.2280
1129 1448 0.1373
1129 1449 0.1436
1129 1451 0.1358
1129 1452 0.1769
1129 1453 0.2267
1129 1456 0.2405
1129 1457 0.1706
1129 1458 0.1683
1129 1459 0.1260
1129 1460 0.1573
1129 1461 0.1677
1129 1462 0.1373
1129 1463 0.1521
1129 1464 0.1468
1129 1465 0.2063
1129 1466 0.1345
1129 1468 0.1622
1129 1470 0.1627
1129 1472 0.1275
1129 1473 0.1292
1129 1474 0.1539
1129 1477 0.1994
1129 1478 0.1410
1129 1479 0.4117
1129 1480 0.2830
1129 1481 0.1448
1129 1482 0.2683
1129 1484 0.1677
1129 1485 0.1496
1129 1487 0.6006
1129 1488 0.1373
1129 1490 0.0945
1129 1491 0.1760
1129 1495 0.0923
1129 1497 0.1906
1129 1498 0.1667
1129 1499 0.1373
1129 1501 0.1446
1129 1503 0.5439
1129 1504 0.1210
1129 1505 0.4089
1129 1506 0.1294
1129 1507 0.1186
1129 1508 0.1677
1129 1510 0.1510
1129 1511 0.1158
1129 1512 0.1373
1129 1513 0.1255
1129 1514 0.1622
1129 1516 0.2334
1129 1517 0.2236
1129 1518 0.1646
1129 1519 0.3315
1129 1520 0.8478
1129 1522 0.1705
1129 1525 0.1867
1129 1526 0.2595
1129 1527 0.1314
1129 1529 0.1471
1129 1530 0.2339
1129 1531 0.2188
1129 1532 0.1622
1129 1534 0.3070
1129 1535 0.0958
1129 1536 0.2144
1129 1538 0.2645
1129 1540 0.1705
1129 1541 0.1372
1129 1542 0.1023
1129 1544 0.1539
1129 1546 0.1584
1129 1547 0.4711
1129 1548 0.2766
1129 1549 0.1539
1129 1550 0.1184
1129 1551 0.1425
1129 1552 0.1654
1129 1553 0.1298
1129 1554 0.1881
1129 1555 0.1296
1129 1562 0.1373
1129 1565 0.1090
1129 1567 0.1373
1129 1568 0.1895
1129 1569 0.1373
1129 1570 0.1622
1129 1571 0.1545
1129 1572 0.1436
1129 1573 0.1366
1129 1574 0.1275
1129 1577 0.1715
1129 1578 0.1373
1129 1579 0.2225
1129 1580 0.2980
1129 1581 0.1294
1129 1582 0.1622
1129 1583 0.1713
1129 1586 0.2031
1129 1587 0.1186
1129 1588 0.1465
1129 1589 0.1919
1129 1590 0.1294
1129 1591 0.1711
1129 1592 0.1373
1129 1593 0.1941
1129 1595 0.1314
1129 1596 0.1533
1129 1597 0.1404
1129 1598 0.1373
1129 1599 0.1574
1129 1602 0.1373
1129 1603 0.1436
1129 1604 0.1594
1129 1606 0.1895
1129 1608 0.3641
1129 1609 0.2559
1129 1610 0.1811
1129 1611 0.1727
1129 1612 0.1600
1129 1613 0.6405
1129 1615 0.1402
1129 1616 0.1389
1129 1618 0.1973
1129 1619 0.1402
1129 1620 0.1436
1129 1621 0.6214
1129 1622 0.5968
1129 1623 0.1580
1129 1624 0.3392
1129 1625 0.1358
1129 1626 0.1622
1129 1628 0.1436
1129 1629 0.1294
1129 1630 0.2703
1129 1631 0.1622
1129 1632 0.1457
1129 1633 0.1202
1129 1634 0.5079
1129 1636 0.1623
1129 1637 0.1373
1129 1639 0.1594
1129 1640 0.1521
1129 1643 0.1341
1129 1644 0.1472
1129 1645 0.1539
1129 1646 0.1436
1129 1647 0.7081
1129 1648 0.1373
1129 1649 0.3074
1129 1650 0.2095
1129 1651 0.1622
1129 1653 0.7479
1129 1654 0.1622
1129 1657 0.1373
1129 1658 0.1436
1129 1659 0.1381
1129 1661 0.1276
1129 1662 0.5501
1129 1663 0.5639
1129 1665 0.7362
1129 1667 0.8046
1129 1668 0.9498
1129 1671 0.1584
1129 1672 0.1913
1129 1673 0.6211
1129 1674 0.6129
1129 1675 0.1261
1129 1676 0.8006
1129 1678 0.8757
1129 1679 0.6203
1129 1680 0.5229
1129 1681 0.1913
1129 1683 0.7293
1129 1685 0.1886
1129 1687 0.5312
1129 1689 0.9924
1129 1690 0.3351
1129 1691 0.1788
1129 1692 0.7434
1129 1693 0.6392
1129 1694 0.2386
1129 1696 0.1641
1129 1697 0.6121
1129 1698 0.1261
1129 1700 0.1532
1129 1701 0.1532
1129 1702 0.1532
1129 1703 0.1841
1129 1704 0.1798
1129 1705 0.1190
1129 1707 0.2316
1129 1709 0.1471
1129 1710 0.1804
1129 1711 0.1532
1129 1712 0.9705
1129 1713 0.4808
1129 1714 0.2388
1129 1715 0.1532
1129 1716 0.1234
1129 1717 0.9242
1129 1718 0.1465
1129 1719 0.1784
1129 1720 0.1294
1129 1721 0.1622
1129 1722 0.1622
1129 1724 0.4264
1129 1725 0.1681
1129 1726 0.1804
1129 1728 0.1373
1129 1730 0.1443
1130 1131 0.3125
1130 1133 0.4079
1130 1134 0.3543
1130 1135 0.9096
1130 1136 0.5867
1130 1138 0.4079
1130 1139 0.4998
1130 1141 0.3256
1130 1142 0.4225
1130 1143 0.4813
1130 1144 0.5357
1130 1145 0.3125
1130 1146 0.2299
1130 1147 0.2254
1130 1148 0.4697
1130 1150 0.3360
1130 1151 0.1855
1130 1152 0.9160
1130 1153 0.2775
1130 1154 0.5195
1130 1155 0.3756
1130 1156 0.4682
1130 1157 0.6487
1130 1158 0.4226
1130 1159 0.4049
1130 1162 0.3543
1130 1163 0.5631
1130 1166 0.4799
1130 1167 0.3371
1130 1169 0.3125
1130 1172 0.4459
1130 1174 0.3625
1130 1176 0.4202
1130 1177 0.3746
1130 1178 0.4009
1130 1180 0.3507
1130 1182 0.2997
1130 1183 0.4156
1130 1185 0.5222
1130 1187 0.4608
1130 1188 0.6446
1130 1189 0.4156
1130 1191 0.3153
1130 1192 0.3756
1130 1193 0.6151
1130 1194 0.3135
1130 1196 0.6493
1130 1197 0.5518
1130 1199 0.3185
1130 1200 0.3693
1130 1201 0.2591
1130 1202 0.3791
1130 1204 0.4913
1130 1205 0.3176
1130 1206 0.6066
1130 1207 0.4049
1130 1208 0.3585
1130 1209 0.2903
1130 1210 0.6046
1130 1211 0.7172
1130 1213 0.3207
1130 1214 0.4134
1130 1215 0.3125
1130 1216 0.4469
1130 1217 0.3528
1130 1218 0.3026
1130 1219 0.3585
1130 1220 0.2573
1130 1221 0.3568
1130 1222 0.3318
1130 1223 0.2652
1130 1225 0.2503
1130 1226 0.6699
1130 1228 0.3820
1130 1229 0.3599
1130 1230 0.3344
1130 1231 0.1927
1130 1233 0.3683
1130 1235 0.3543
1130 1236 0.3864
1130 1237 0.2885
1130 1238 0.1927
1130 1240 0.5798
1130 1242 0.5044
1130 1243 0.3094
1130 1246 0.3979
1130 1247 0.3941
1130 1248 0.3155
1130 1250 0.4315
1130 1251 0.3069
1130 1252 0.3027
1130 1253 0.4201
1130 1254 0.2994
1130 1256 0.3686
1130 1257 0.3543
1130 1258 0.3611
1130 1259 0.2187
1130 1260 0.2990
1130 1262 0.4351
1130 1263 0.3131
1130 1265 0.3114
1130 1267 0.5185
1130 1268 0.2441
1130 1269 0.7042
1130 1270 0.5054
1130 1271 0.2806
1130 1272 0.3248
1130 1273 0.4050
1130 1274 0.3313
1130 1275 0.4928
1130 1276 0.2406
1130 1278 0.2210
1130 1279 0.3456
1130 1280 0.3584
1130 1281 0.2663
1130 1282 0.2098
1130 1283 0.3322
1130 1284 0.3114
1130 1286 0.4587
1130 1287 0.2657
1130 1288 0.3430
1130 1289 0.2605
1130 1290 0.2652
1130 1291 0.1907
1130 1292 0.7223
1130 1295 0.1584
1130 1296 0.3125
1130 1297 0.2902
1130 1298 0.2241
1130 1299 0.3441
1130 1300 0.2076
1130 1301 0.2930
1130 1303 0.3754
1130 1304 0.3777
1130 1305 0.1900
1130 1306 0.4129
1130 1307 0.5343
1130 1308 0.5473
1130 1309 0.3372
1130 1310 0.3125
1130 1311 0.3655
1130 1312 0.3479
1130 1316 0.9192
1130 1320 0.3989
1130 1322 0.3184
1130 1323 0.3063
1130 1324 0.3125
1130 1325 0.3820
1130 1326 0.3125
1130 1327 0.5440
1130 1330 0.3414
1130 1332 0.3479
1130 1333 0.4699
1130 1334 0.3454
1130 1335 0.3746
1130 1337 0.3574
1130 1340 0.3749
1130 1341 0.3543
1130 1342 0.3697
1130 1344 0.4983
1130 1345 0.3543
1130 1346 0.1927
1130 1347 0.3114
1130 1348 0.3276
1130 1349 0.4685
1130 1351 0.3176
1130 1353 0.3571
1130 1354 0.3479
1130 1355 0.3571
1130 1356 0.5645
1130 1358 0.3543
1130 1360 0.3528
1130 1361 0.2131
1130 1362 0.3900
1130 1363 0.4157
1130 1364 0.3355
1130 1365 0.3655
1130 1367 0.2552
1130 1368 0.4320
1130 1369 0.6416
1130 1370 0.5305
1130 1371 0.3749
1130 1372 0.4033
1130 1373 0.3130
1130 1374 0.3528
1130 1375 0.3355
1130 1376 0.3318
1130 1377 0.4779
1130 1378 0.4414
1130 1379 0.3586
1130 1380 0.4431
1130 1381 0.3862
1130 1382 0.4255
1130 1386 0.2475
1130 1387 0.5284
1130 1388 0.3589
1130 1389 0.5394
1130 1390 0.3713
1130 1392 0.2834
1130 1395 0.3388
1130 1396 0.2752
1130 1397 0.4289
1130 1398 0.4057
1130 1399 0.3005
1130 1401 0.3125
1130 1402 0.3953
1130 1405 0.2793
1130 1406 0.4025
1130 1407 0.5104
1130 1408 0.2409
1130 1409 0.3694
1130 1410 0.4372
1130 1411 0.3189
1130 1413 0.3125
1130 1414 0.3543
1130 1415 0.2872
1130 1416 0.4134
1130 1418 0.3073
1130 1419 0.2550
1130 1420 0.4600
1130 1421 0.3550
1130 1423 0.3114
1130 1424 0.3125
1130 1425 0.2238
1130 1426 0.4991
1130 1427 0.3450
1130 1428 0.2941
1130 1431 0.3965
1130 1434 0.9381
1130 1435 0.7050
1130 1436 0.2238
1130 1437 0.2577
1130 1438 0.2238
1130 1439 0.3528
1130 1440 0.4122
1130 1441 0.4637
1130 1445 0.1688
1130 1446 0.2786
1130 1448 0.3543
1130 1449 0.3779
1130 1451 0.6555
1130 1452 0.4711
1130 1453 0.6608
1130 1456 0.5755
1130 1457 0.5867
1130 1458 0.2613
1130 1459 0.3949
1130 1460 0.6301
1130 1461 0.4009
1130 1462 0.3543
1130 1463 0.3599
1130 1464 0.6003
1130 1465 0.3777
1130 1466 0.6074
1130 1468 0.3125
1130 1470 0.5352
1130 1472 0.5021
1130 1473 0.4058
1130 1474 0.3599
1130 1477 0.4108
1130 1478 0.5428
1130 1479 0.6285
1130 1480 0.4580
1130 1481 0.3943
1130 1482 0.5192
1130 1484 0.4009
1130 1485 0.4181
1130 1487 0.3104
1130 1488 0.3543
1130 1490 0.6499
1130 1491 0.7305
1130 1495 0.3207
1130 1497 0.5282
1130 1498 0.5046
1130 1499 0.5539
1130 1501 0.3208
1130 1503 0.6513
1130 1504 0.6021
1130 1505 0.4115
1130 1506 0.3114
1130 1507 0.3364
1130 1508 0.4009
1130 1510 0.5177
1130 1511 0.3814
1130 1512 0.3510
1130 1513 0.6494
1130 1514 0.3125
1130 1516 0.5035
1130 1517 0.3901
1130 1518 0.6456
1130 1519 0.6050
1130 1520 0.8309
1130 1522 0.3864
1130 1525 0.3773
1130 1526 0.2976
1130 1527 0.5271
1130 1529 0.4360
1130 1530 0.1906
1130 1531 0.4682
1130 1532 0.3125
1130 1534 0.3578
1130 1535 0.2943
1130 1536 0.2373
1130 1538 0.6402
1130 1540 0.3864
1130 1541 0.2882
1130 1542 0.2484
1130 1544 0.3599
1130 1546 0.3114
1130 1547 0.4521
1130 1548 0.2390
1130 1549 0.3599
1130 1550 0.3184
1130 1551 0.2373
1130 1552 0.3528
1130 1553 0.3543
1130 1554 0.4772
1130 1555 0.2559
1130 1562 0.3543
1130 1565 0.3130
1130 1567 0.3543
1130 1568 0.3748
1130 1569 0.3543
1130 1570 0.3125
1130 1571 0.5006
1130 1572 0.4509
1130 1573 0.3820
1130 1574 0.2131
1130 1577 0.4634
1130 1578 0.3543
1130 1579 0.4489
1130 1580 0.3704
1130 1581 0.3438
1130 1582 0.3125
1130 1583 0.4918
1130 1586 0.3599
1130 1587 0.3364
1130 1588 0.2978
1130 1589 0.3454
1130 1590 0.3114
1130 1591 0.3791
1130 1592 0.3543
1130 1593 0.4720
1130 1595 0.5271
1130 1596 0.3114
1130 1597 0.3778
1130 1598 0.3543
1130 1599 0.4129
1130 1602 0.3543
1130 1603 0.3528
1130 1604 0.4699
1130 1606 0.3748
1130 1608 0.5187
1130 1609 0.3318
1130 1610 0.3396
1130 1611 0.4553
1130 1612 0.4576
1130 1613 0.6882
1130 1615 0.3461
1130 1616 0.2933
1130 1618 0.7634
1130 1619 0.3461
1130 1620 0.3779
1130 1621 0.5662
1130 1622 0.2575
1130 1623 0.3017
1130 1624 0.5486
1130 1625 0.3155
1130 1626 0.3125
1130 1628 0.3528
1130 1629 0.3114
1130 1630 0.4417
1130 1631 0.3125
1130 1632 0.4552
1130 1633 0.3181
1130 1634 0.2210
1130 1636 0.3777
1130 1637 0.3543
1130 1639 0.4699
1130 1640 0.3904
1130 1643 0.3528
1130 1644 0.3820
1130 1645 0.4747
1130 1646 0.3528
1130 1647 0.3764
1130 1648 0.3543
1130 1649 0.4087
1130 1650 0.3214
1130 1651 0.3125
1130 1653 0.5146
1130 1654 0.3125
1130 1657 0.3543
1130 1658 0.3528
1130 1659 0.3479
1130 1661 0.3543
1130 1662 0.2380
1130 1663 0.2550
1130 1665 0.5315
1130 1667 0.3783
1130 1668 0.3388
1130 1671 0.3114
1130 1672 0.3114
1130 1673 0.3397
1130 1674 0.3524
1130 1675 0.4151
1130 1676 0.2939
1130 1678 0.3519
1130 1679 0.2859
1130 1680 0.4036
1130 1681 0.3114
1130 1683 0.4383
1130 1685 0.3528
1130 1687 0.3379
1130 1689 0.8554
1130 1690 0.4143
1130 1691 0.3514
1130 1692 0.3249
1130 1693 0.3253
1130 1694 0.3114
1130 1696 0.3114
1130 1697 0.3367
1130 1698 0.4151
1130 1700 0.2383
1130 1701 0.2383
1130 1702 0.2383
1130 1703 0.3460
1130 1704 0.5353
1130 1705 0.3237
1130 1707 0.2341
1130 1709 0.3820
1130 1710 0.3114
1130 1711 0.2383
1130 1712 0.9876
1130 1713 0.4865
1130 1714 0.2952
1130 1715 0.2383
1130 1716 0.4277
1130 1717 0.9395
1130 1718 0.3737
1130 1719 0.2238
1130 1720 0.3824
1130 1721 0.3125
1130 1722 0.3125
1130 1724 0.3461
1130 1725 0.2744
1130 1726 0.3114
1130 1728 0.3543
1130 1730 0.3226
1131 1133 0.2218
1131 1134 0.2056
1131 1135 0.5026
1131 1136 0.1850
1131 1138 0.2218
1131 1139 0.1285
1131 1141 0.2022
1131 1142 0.2335
1131 1143 0.2089
1131 1144 0.1598
1131 1145 0.1037
1131 1146 0.1192
1131 1147 0.2182
1131 1148 0.2056
1131 1150 0.5001
1131 1151 0.3086
1131 1152 0.2811
1131 1153 0.1561
1131 1154 0.3212
1131 1155 0.2056
1131 1156 0.1912
1131 1157 0.2225
1131 1158 0.2483
1131 1159 0.1397
1131 1162 0.2056
1131 1163 0.2748
1131 1166 0.2483
1131 1167 0.1393
1131 1169 0.1734
1131 1172 0.2699
1131 1174 0.1553
1131 1176 0.1681
1131 1177 0.1353
1131 1178 0.2054
1131 1180 0.2118
1131 1182 0.2198
1131 1183 0.1983
1131 1185 0.1888
1131 1187 0.1417
1131 1188 0.1848
1131 1189 0.1983
1131 1191 0.2465
1131 1192 0.2056
1131 1193 0.2818
1131 1194 0.1373
1131 1196 0.1629
1131 1197 0.1615
1131 1199 0.1624
1131 1200 0.1909
1131 1201 0.1512
1131 1202 0.1441
1131 1204 0.1461
1131 1205 0.1537
1131 1206 0.2269
1131 1207 0.1397
1131 1208 0.1376
1131 1209 0.1596
1131 1210 0.1731
1131 1211 0.4613
1131 1213 0.1286
1131 1214 0.2218
1131 1215 0.1037
1131 1216 0.1784
1131 1217 0.2483
1131 1218 0.1427
1131 1219 0.1376
1131 1220 0.1452
1131 1221 0.1494
1131 1222 0.1376
1131 1223 0.1578
1131 1225 0.2760
1131 1226 0.4744
1131 1228 0.1681
1131 1229 0.1466
1131 1230 0.3048
1131 1231 0.1458
1131 1233 0.1419
1131 1235 0.2056
1131 1236 0.1848
1131 1237 0.2761
1131 1238 0.1458
1131 1240 0.2448
1131 1242 0.2816
1131 1243 0.1441
1131 1246 0.1419
1131 1247 0.2668
1131 1248 0.1372
1131 1250 0.2145
1131 1251 0.1854
1131 1252 0.1847
1131 1253 0.1832
1131 1254 0.1709
1131 1256 0.2281
1131 1257 0.2056
1131 1258 0.4823
1131 1259 0.2298
1131 1260 0.3198
1131 1262 0.1998
1131 1263 0.1512
1131 1265 0.2218
1131 1267 0.2483
1131 1268 0.1466
1131 1269 0.3103
1131 1270 0.1672
1131 1271 0.2361
1131 1272 0.1942
1131 1273 0.1742
1131 1274 0.1466
1131 1275 0.2711
1131 1276 0.1730
1131 1278 0.1133
1131 1279 0.1622
1131 1280 0.1960
1131 1281 0.1658
1131 1282 0.1242
1131 1283 0.0993
1131 1284 0.2218
1131 1286 0.2557
1131 1287 0.1596
1131 1288 0.1392
1131 1289 0.1814
1131 1290 0.1333
1131 1291 0.2288
1131 1292 0.4335
1131 1295 0.1685
1131 1296 0.1037
1131 1297 0.1192
1131 1298 0.2224
1131 1299 0.1298
1131 1300 0.1191
1131 1301 0.1376
1131 1303 0.3191
1131 1304 0.1515
1131 1305 0.1988
1131 1306 0.2218
1131 1307 0.2264
1131 1308 0.2464
1131 1309 0.1901
1131 1310 0.1037
1131 1311 0.1676
1131 1312 0.1376
1131 1316 0.7920
1131 1320 0.1691
1131 1322 0.1532
1131 1323 0.1228
1131 1324 0.1037
1131 1325 0.1681
1131 1326 0.1037
1131 1327 0.1451
1131 1330 0.1397
1131 1332 0.1376
1131 1333 0.1497
1131 1334 0.1372
1131 1335 0.1353
1131 1337 0.1394
1131 1340 0.1431
1131 1341 0.2056
1131 1342 0.2464
1131 1344 0.1696
1131 1345 0.2056
1131 1346 0.1458
1131 1347 0.2218
1131 1348 0.2930
1131 1349 0.1424
1131 1351 0.1537
1131 1353 0.1682
1131 1354 0.1376
1131 1355 0.1682
1131 1356 0.2483
1131 1358 0.2056
1131 1360 0.2483
1131 1361 0.1131
1131 1362 0.2133
1131 1363 0.1875
1131 1364 0.1531
1131 1365 0.1676
1131 1367 0.2955
1131 1368 0.1452
1131 1369 0.4468
1131 1370 0.3128
1131 1371 0.1431
1131 1372 0.2198
1131 1373 0.1301
1131 1374 0.2483
1131 1375 0.1531
1131 1376 0.1376
1131 1377 0.2333
1131 1378 0.2699
1131 1379 0.1417
1131 1380 0.1784
1131 1381 0.2021
1131 1382 0.2218
1131 1386 0.2218
1131 1387 0.3988
1131 1388 0.1883
1131 1389 0.1904
1131 1390 0.1526
1131 1392 0.1110
1131 1395 0.1323
1131 1396 0.2064
1131 1397 0.1762
1131 1398 0.1637
1131 1399 0.1256
1131 1401 0.1037
1131 1402 0.1497
1131 1405 0.2002
1131 1406 0.2699
1131 1407 0.2211
1131 1408 0.2959
1131 1409 0.1801
1131 1410 0.2561
1131 1411 0.2852
1131 1413 0.1037
1131 1414 0.2056
1131 1415 0.1727
1131 1416 0.2218
1131 1418 0.1461
1131 1419 0.1540
1131 1420 0.1983
1131 1421 0.1205
1131 1423 0.2218
1131 1424 0.1037
1131 1425 0.1190
1131 1426 0.3728
1131 1427 0.1854
1131 1428 0.2384
1131 1431 0.1418
1131 1434 0.7327
1131 1435 0.3287
1131 1436 0.1190
1131 1437 0.1033
1131 1438 0.1190
1131 1439 0.2457
1131 1440 0.2892
1131 1441 0.2699
1131 1445 0.1729
1131 1446 0.2479
1131 1448 0.2056
1131 1449 0.2483
1131 1451 0.1965
1131 1452 0.2483
1131 1453 0.1737
1131 1456 0.2263
1131 1457 0.1850
1131 1458 0.1442
1131 1459 0.2198
1131 1460 0.1994
1131 1461 0.2054
1131 1462 0.2056
1131 1463 0.1466
1131 1464 0.2726
1131 1465 0.1515
1131 1466 0.1906
1131 1468 0.1037
1131 1470 0.1999
1131 1472 0.1439
1131 1473 0.1376
1131 1474 0.1466
1131 1477 0.1769
1131 1478 0.1537
1131 1479 0.2225
1131 1480 0.2534
1131 1481 0.1353
1131 1482 0.1634
1131 1484 0.2054
1131 1485 0.1964
1131 1487 0.1436
1131 1488 0.2056
1131 1490 0.1735
1131 1491 0.2476
1131 1495 0.1618
1131 1497 0.1628
1131 1498 0.1397
1131 1499 0.2056
1131 1501 0.1910
1131 1503 0.2264
1131 1504 0.2872
1131 1505 0.1975
1131 1506 0.2218
1131 1507 0.1598
1131 1508 0.2054
1131 1510 0.2056
1131 1511 0.1598
1131 1512 0.2056
1131 1513 0.1343
1131 1514 0.1037
1131 1516 0.1707
1131 1517 0.1534
1131 1518 0.2230
1131 1519 0.2709
1131 1520 0.9172
1131 1522 0.1848
1131 1525 0.1473
1131 1526 0.1492
1131 1527 0.1197
1131 1529 0.1983
1131 1530 0.1009
1131 1531 0.1494
1131 1532 0.1037
1131 1534 0.1975
1131 1535 0.1854
1131 1536 0.0998
1131 1538 0.3072
1131 1540 0.1848
1131 1541 0.1819
1131 1542 0.1261
1131 1544 0.1466
1131 1546 0.2218
1131 1547 0.3951
1131 1548 0.1913
1131 1549 0.1466
1131 1550 0.1532
1131 1551 0.1659
1131 1552 0.2483
1131 1553 0.2056
1131 1554 0.1618
1131 1555 0.1745
1131 1562 0.2056
1131 1565 0.1360
1131 1567 0.2056
1131 1568 0.1666
1131 1569 0.2056
1131 1570 0.1037
1131 1571 0.1916
1131 1572 0.2483
1131 1573 0.1681
1131 1574 0.1131
1131 1577 0.2265
1131 1578 0.2056
1131 1579 0.1910
1131 1580 0.1615
1131 1581 0.2218
1131 1582 0.1037
1131 1583 0.1854
1131 1586 0.1466
1131 1587 0.1598
1131 1588 0.2274
1131 1589 0.1372
1131 1590 0.2218
1131 1591 0.1441
1131 1592 0.2056
1131 1593 0.1621
1131 1595 0.1197
1131 1596 0.2218
1131 1597 0.1547
1131 1598 0.2056
1131 1599 0.2218
1131 1602 0.2056
1131 1603 0.2483
1131 1604 0.1497
1131 1606 0.1666
1131 1608 0.3496
1131 1609 0.1376
1131 1610 0.1464
1131 1611 0.1774
1131 1612 0.1875
1131 1613 0.3440
1131 1615 0.1598
1131 1616 0.1595
1131 1618 0.3174
1131 1619 0.1598
1131 1620 0.2483
1131 1621 0.3823
1131 1622 0.3215
1131 1623 0.1634
1131 1624 0.3385
1131 1625 0.1372
1131 1626 0.1037
1131 1628 0.2483
1131 1629 0.2218
1131 1630 0.1515
1131 1631 0.1037
1131 1632 0.1970
1131 1633 0.2365
1131 1634 0.1369
1131 1636 0.1515
1131 1637 0.2056
1131 1639 0.1497
1131 1640 0.1682
1131 1643 0.2457
1131 1644 0.1681
1131 1645 0.1466
1131 1646 0.2483
1131 1647 0.1967
1131 1648 0.2056
1131 1649 0.1372
1131 1650 0.1411
1131 1651 0.1037
1131 1653 0.1761
1131 1654 0.1037
1131 1657 0.2056
1131 1658 0.2483
1131 1659 0.1376
1131 1661 0.2056
1131 1662 0.1710
1131 1663 0.1540
1131 1665 0.3361
1131 1667 0.1819
1131 1668 0.2906
1131 1671 0.2218
1131 1672 0.2218
1131 1673 0.2006
1131 1674 0.1793
1131 1675 0.1411
1131 1676 0.1562
1131 1678 0.2120
1131 1679 0.2820
1131 1680 0.1774
1131 1681 0.2218
1131 1683 0.3291
1131 1685 0.2483
1131 1687 0.1759
1131 1689 0.8598
1131 1690 0.1589
1131 1691 0.1386
1131 1692 0.1548
1131 1693 0.1690
1131 1694 0.2218
1131 1696 0.2218
1131 1697 0.2632
1131 1698 0.1411
1131 1700 0.2355
1131 1701 0.2355
1131 1702 0.2355
1131 1703 0.1676
1131 1704 0.2360
1131 1705 0.1633
1131 1707 0.2713
1131 1709 0.1983
1131 1710 0.2218
1131 1711 0.2355
1131 1712 0.8504
1131 1713 0.1735
1131 1714 0.2537
1131 1715 0.2355
1131 1716 0.1690
1131 1717 0.7082
1131 1718 0.1428
1131 1719 0.1190
1131 1720 0.2218
1131 1721 0.1037
1131 1722 0.1037
1131 1724 0.1598
1131 1725 0.2218
1131 1726 0.2218
1131 1728 0.2056
1131 1730 0.2198
1133 1134 0.1821
1133 1135 0.6923
1133 1136 0.1852
1133 1138 0.1497
1133 1139 0.1610
1133 1141 0.1626
1133 1142 0.2205
1133 1143 0.3724
1133 1144 0.1852
1133 1145 0.2218
1133 1146 0.2150
1133 1147 0.1461
1133 1148 0.1821
1133 1150 0.3579
1133 1151 0.1941
1133 1152 0.4987
1133 1153 0.1287
1133 1154 0.4625
1133 1155 0.1821
1133 1156 0.2318
1133 1157 0.2525
1133 1158 0.2033
1133 1159 0.2002
1133 1162 0.1821
1133 1163 0.2927
1133 1166 0.2033
1133 1167 0.1857
1133 1169 0.1342
1133 1172 0.2354
1133 1174 0.2048
1133 1176 0.1912
1133 1177 0.1826
1133 1178 0.1981
1133 1180 0.2376
1133 1182 0.1889
1133 1183 0.2221
1133 1185 0.1553
1133 1187 0.1628
1133 1188 0.2392
1133 1189 0.2221
1133 1191 0.1835
1133 1192 0.1821
1133 1193 0.1773
1133 1194 0.1497
1133 1196 0.2042
1133 1197 0.2257
1133 1199 0.1921
1133 1200 0.2160
1133 1201 0.2047
1133 1202 0.1742
1133 1204 0.3116
1133 1205 0.1836
1133 1206 0.2738
1133 1207 0.2002
1133 1208 0.1814
1133 1209 0.1835
1133 1210 0.3061
1133 1211 0.8013
1133 1213 0.2271
1133 1214 0.1992
1133 1215 0.2218
1133 1216 0.2141
1133 1217 0.2033
1133 1218 0.1727
1133 1219 0.1814
1133 1220 0.1976
1133 1221 0.2005
1133 1222 0.1814
1133 1223 0.1839
1133 1225 0.5591
1133 1226 0.3652
1133 1228 0.1912
1133 1229 0.1943
1133 1230 0.1925
1133 1231 0.0971
1133 1233 0.1930
1133 1235 0.1821
1133 1236 0.2117
1133 1237 0.1716
1133 1238 0.0971
1133 1240 0.2755
1133 1242 0.2779
1133 1243 0.1742
1133 1246 0.1875
1133 1247 0.2942
1133 1248 0.1787
1133 1250 0.2161
1133 1251 0.2657
1133 1252 0.2131
1133 1253 0.2204
1133 1254 0.1707
1133 1256 0.3258
1133 1257 0.1821
1133 1258 0.3341
1133 1259 0.1523
1133 1260 0.2089
1133 1262 0.2358
1133 1263 0.1798
1133 1265 0.1877
1133 1267 0.2033
1133 1268 0.1943
1133 1269 0.4972
1133 1270 0.2423
1133 1271 0.2623
1133 1272 0.1661
1133 1273 0.1904
1133 1274 0.1943
1133 1275 0.2179
1133 1276 0.1440
1133 1278 0.1297
1133 1279 0.1963
1133 1280 0.3180
1133 1281 0.1684
1133 1282 0.1335
1133 1283 0.1193
1133 1284 0.1877
1133 1286 0.2013
1133 1287 0.1280
1133 1288 0.2588
1133 1289 0.1876
1133 1290 0.1586
1133 1291 0.3281
1133 1292 0.1961
1133 1295 0.1414
1133 1296 0.2218
1133 1297 0.2151
1133 1298 0.1289
1133 1299 0.1632
1133 1300 0.1741
1133 1301 0.1814
1133 1303 0.2686
1133 1304 0.2091
1133 1305 0.1347
1133 1306 0.1877
1133 1307 0.2073
1133 1308 0.2264
1133 1309 0.2290
1133 1310 0.2218
1133 1311 0.1879
1133 1312 0.1814
1133 1316 0.7920
1133 1320 0.1889
1133 1322 0.1829
1133 1323 0.2154
1133 1324 0.2218
1133 1325 0.1912
1133 1326 0.2218
1133 1327 0.1937
1133 1330 0.2002
1133 1332 0.1814
1133 1333 0.1517
1133 1334 0.1787
1133 1335 0.1826
1133 1337 0.1914
1133 1340 0.1733
1133 1341 0.1821
1133 1342 0.2981
1133 1344 0.1987
1133 1345 0.1821
1133 1346 0.0971
1133 1347 0.1877
1133 1348 0.1842
1133 1349 0.2606
1133 1351 0.1836
1133 1353 0.1858
1133 1354 0.1814
1133 1355 0.1858
1133 1356 0.2033
1133 1358 0.1821
1133 1360 0.2033
1133 1361 0.1880
1133 1362 0.2643
1133 1363 0.2282
1133 1364 0.1837
1133 1365 0.1879
1133 1367 0.1724
1133 1368 0.1942
1133 1369 0.3745
1133 1370 0.3990
1133 1371 0.1733
1133 1372 0.1889
1133 1373 0.1638
1133 1374 0.2033
1133 1375 0.1837
1133 1376 0.1814
1133 1377 0.2126
1133 1378 0.2354
1133 1379 0.2365
1133 1380 0.2141
1133 1381 0.2293
1133 1382 0.1877
1133 1386 0.4455
1133 1387 0.3814
1133 1388 0.2172
1133 1389 0.1907
1133 1390 0.2094
1133 1392 0.1830
1133 1395 0.2355
1133 1396 0.1374
1133 1397 0.2112
1133 1398 0.2099
1133 1399 0.1569
1133 1401 0.2218
1133 1402 0.2080
1133 1405 0.1597
1133 1406 0.2354
1133 1407 0.2568
1133 1408 0.1759
1133 1409 0.2573
1133 1410 0.2041
1133 1411 0.1800
1133 1413 0.2218
1133 1414 0.1821
1133 1415 0.1424
1133 1416 0.1992
1133 1418 0.2051
1133 1419 0.1447
1133 1420 0.2453
1133 1421 0.1605
1133 1423 0.1877
1133 1424 0.2218
1133 1425 0.1742
1133 1426 0.4234
1133 1427 0.1547
1133 1428 0.1450
1133 1431 0.1143
1133 1434 0.7132
1133 1435 0.2485
1133 1436 0.1742
1133 1437 0.1109
1133 1438 0.1742
1133 1439 0.1988
1133 1440 0.3908
1133 1441 0.2354
1133 1445 0.1384
1133 1446 0.1552
1133 1448 0.1821
1133 1449 0.2033
1133 1451 0.2734
1133 1452 0.2033
1133 1453 0.2764
1133 1456 0.3168
1133 1457 0.1852
1133 1458 0.2651
1133 1459 0.1889
1133 1460 0.1737
1133 1461 0.1981
1133 1462 0.1821
1133 1463 0.1943
1133 1464 0.1822
1133 1465 0.2091
1133 1466 0.2121
1133 1468 0.2218
1133 1470 0.1656
1133 1472 0.1742
1133 1473 0.1814
1133 1474 0.1943
1133 1477 0.2106
1133 1478 0.1844
1133 1479 0.2162
1133 1480 0.2111
1133 1481 0.2278
1133 1482 0.2138
1133 1484 0.1981
1133 1485 0.2199
1133 1487 0.1739
1133 1488 0.1821
1133 1490 0.1785
1133 1491 0.3363
1133 1495 0.1822
1133 1497 0.2115
1133 1498 0.2002
1133 1499 0.1821
1133 1501 0.1378
1133 1503 0.1903
1133 1504 0.2431
1133 1505 0.2309
1133 1506 0.1877
1133 1507 0.1857
1133 1508 0.1981
1133 1510 0.1821
1133 1511 0.1857
1133 1512 0.1821
1133 1513 0.2137
1133 1514 0.2218
1133 1516 0.2416
1133 1517 0.1841
1133 1518 0.2844
1133 1519 0.2988
1133 1520 0.8765
1133 1522 0.2117
1133 1525 0.2021
1133 1526 0.1784
1133 1527 0.2162
1133 1529 0.2221
1133 1530 0.1327
1133 1531 0.2010
1133 1532 0.2218
1133 1534 0.2183
1133 1535 0.1812
1133 1536 0.1361
1133 1538 0.2791
1133 1540 0.2117
1133 1541 0.2025
1133 1542 0.1748
1133 1544 0.1943
1133 1546 0.1877
1133 1547 0.2807
1133 1548 0.1480
1133 1549 0.1943
1133 1550 0.1829
1133 1551 0.1618
1133 1552 0.2033
1133 1553 0.1821
1133 1554 0.2966
1133 1555 0.1923
1133 1562 0.1821
1133 1565 0.1667
1133 1567 0.1821
1133 1568 0.1722
1133 1569 0.1821
1133 1570 0.2218
1133 1571 0.2486
1133 1572 0.2253
1133 1573 0.1912
1133 1574 0.1880
1133 1577 0.2822
1133 1578 0.1821
1133 1579 0.2313
1133 1580 0.2160
1133 1581 0.1877
1133 1582 0.2218
1133 1583 0.2252
1133 1586 0.1943
1133 1587 0.1857
1133 1588 0.1967
1133 1589 0.1787
1133 1590 0.1877
1133 1591 0.1742
1133 1592 0.1821
1133 1593 0.2958
1133 1595 0.2162
1133 1596 0.1877
1133 1597 0.1845
1133 1598 0.1821
1133 1599 0.1877
1133 1602 0.1821
1133 1603 0.2033
1133 1604 0.1517
1133 1606 0.1722
1133 1608 0.3313
1133 1609 0.1814
1133 1610 0.1929
1133 1611 0.2127
1133 1612 0.2282
1133 1613 0.3991
1133 1615 0.1857
1133 1616 0.1833
1133 1618 0.3849
1133 1619 0.1857
1133 1620 0.2033
1133 1621 0.3618
1133 1622 0.2009
1133 1623 0.2138
1133 1624 0.3363
1133 1625 0.1787
1133 1626 0.2218
1133 1628 0.2033
1133 1629 0.1877
1133 1630 0.2091
1133 1631 0.2218
1133 1632 0.2206
1133 1633 0.2086
1133 1634 0.1733
1133 1636 0.2091
1133 1637 0.1821
1133 1639 0.1517
1133 1640 0.1828
1133 1643 0.1988
1133 1644 0.1912
1133 1645 0.1916
1133 1646 0.2033
1133 1647 0.1982
1133 1648 0.1821
1133 1649 0.1787
1133 1650 0.1875
1133 1651 0.2218
1133 1653 0.2662
1133 1654 0.2218
1133 1657 0.1821
1133 1658 0.2033
1133 1659 0.1814
1133 1661 0.1821
1133 1662 0.1708
1133 1663 0.1447
1133 1665 0.2164
1133 1667 0.1502
1133 1668 0.3240
1133 1671 0.1877
1133 1672 0.1877
1133 1673 0.2338
1133 1674 0.2194
1133 1675 0.1875
1133 1676 0.1480
1133 1678 0.2009
1133 1679 0.1749
1133 1680 0.2127
1133 1681 0.1877
1133 1683 0.2174
1133 1685 0.2033
1133 1687 0.1807
1133 1689 0.8598
1133 1690 0.1911
1133 1691 0.1875
1133 1692 0.2202
1133 1693 0.1870
1133 1694 0.1877
1133 1696 0.1877
1133 1697 0.2360
1133 1698 0.1875
1133 1700 0.1506
1133 1701 0.1506
1133 1702 0.1506
1133 1703 0.1879
1133 1704 0.2081
1133 1705 0.1688
1133 1707 0.3666
1133 1709 0.2221
1133 1710 0.1877
1133 1711 0.1506
1133 1712 0.8480
1133 1713 0.3729
1133 1714 0.1474
1133 1715 0.1506
1133 1716 0.1870
1133 1717 0.7247
1133 1718 0.1896
1133 1719 0.1742
1133 1720 0.1877
1133 1721 0.2218
1133 1722 0.2218
1133 1724 0.1857
1133 1725 0.1877
1133 1726 0.1877
