191 693 0.1162
191 694 0.6996
191 695 0.2299
191 696 0.1976
191 697 0.2358
191 698 0.5166
191 699 0.3655
191 700 0.1941
191 701 0.1868
191 702 0.1234
191 703 0.1527
191 704 0.1261
191 705 0.2076
191 706 0.9159
191 707 0.5390
191 708 0.1795
191 709 0.2769
191 710 0.6647
191 711 0.3963
191 712 0.5557
191 713 0.1301
191 714 0.2306
191 715 0.1541
191 716 0.2201
191 717 0.2937
191 718 0.2015
191 722 0.8073
191 723 0.1541
191 724 0.1510
191 726 0.3367
191 727 0.2018
191 728 0.3598
191 729 0.2005
191 731 0.1256
191 732 0.2263
191 733 0.2562
191 734 0.2302
191 735 0.1705
191 736 0.6771
191 737 0.3198
191 738 0.1959
191 740 0.1677
191 741 0.1548
191 742 0.1181
191 743 0.6012
191 744 0.3484
191 745 0.1112
191 747 0.4022
191 748 0.5221
191 749 0.5557
191 750 0.1101
191 752 0.4856
191 753 0.1620
191 755 0.3123
191 756 0.1868
191 757 0.5299
191 758 0.2812
191 759 0.1860
191 760 0.4492
191 762 0.1823
191 763 0.2623
191 764 0.5356
191 765 0.3361
191 766 0.5913
191 767 0.2593
191 768 0.4267
191 769 0.1823
191 770 0.2864
191 771 0.7067
191 772 0.1752
191 773 0.4888
191 775 0.2034
191 776 0.2443
191 777 0.6212
191 778 0.2875
191 780 0.1775
191 781 0.1620
191 782 0.1242
191 783 0.2345
191 784 0.5921
191 785 0.2464
191 786 0.2292
191 787 0.2358
191 789 0.2749
191 791 0.1253
191 792 0.1844
191 793 0.2161
191 794 0.1654
191 795 0.2181
191 796 0.1914
191 797 0.2018
191 798 0.4371
191 799 0.1283
191 800 0.1561
191 801 0.3772
191 802 0.2121
191 803 0.8093
191 804 0.4763
191 805 0.1093
191 806 0.1979
191 807 0.3082
191 808 0.1995
191 809 0.3038
191 810 0.5320
191 811 0.9021
191 812 0.2590
191 813 0.5659
191 814 0.2910
191 815 0.1844
191 816 0.1332
191 817 0.6295
191 818 0.5125
191 819 0.1895
191 820 0.1867
191 821 0.2550
191 822 0.3710
191 823 0.3224
191 824 0.1722
191 825 0.3855
191 827 0.1206
191 828 0.1524
191 829 0.1782
191 830 0.1621
191 831 0.3318
191 832 0.2488
191 833 0.1357
191 834 0.2847
191 835 0.1632
191 836 0.2178
191 837 0.1482
191 838 0.2297
191 839 0.1241
191 840 0.2858
191 841 0.1834
191 842 0.2321
191 843 0.2598
191 844 0.3033
191 845 0.1928
191 846 0.3191
191 848 0.1989
191 849 0.1161
191 851 0.1137
191 852 0.1868
191 853 0.2201
191 854 0.1868
191 855 0.2347
191 856 0.1474
191 857 0.1261
191 858 0.2624
191 859 0.1578
191 860 0.2852
191 861 0.2805
191 862 0.1894
191 864 0.1013
191 865 0.4338
191 866 0.2163
191 867 0.2920
191 868 0.2080
191 869 0.5641
191 870 0.1275
191 871 0.6637
191 872 0.8304
191 874 0.1760
191 875 0.5562
191 876 0.1579
191 877 0.1868
191 878 0.2179
191 880 0.3122
191 881 0.3459
191 882 0.2532
191 883 0.1148
191 884 0.2950
191 885 0.1639
191 886 0.4519
191 887 0.1795
191 888 0.2669
191 889 0.2352
191 890 0.1971
191 891 0.4574
191 892 0.2054
191 893 0.1996
191 894 0.5905
191 895 0.1405
191 896 0.2202
191 898 0.7433
191 900 0.5960
191 901 0.1439
191 903 0.8862
191 905 0.1420
191 907 0.1409
191 908 0.1751
191 909 0.1636
191 911 0.1983
191 913 0.2201
191 914 0.2333
191 915 0.4858
191 917 0.1996
191 918 0.1408
191 919 0.1020
191 920 0.1894
191 921 0.3066
191 922 0.1694
191 924 0.2348
191 928 0.2020
191 929 0.2811
191 930 0.2547
191 932 0.2539
191 934 0.5521
191 935 0.2899
191 936 0.2007
191 937 0.2038
191 938 0.1541
191 940 0.1528
191 942 0.2251
191 943 0.2434
191 944 0.1460
191 946 0.1849
191 947 0.1777
191 948 0.1560
191 949 0.2852
191 950 0.1162
191 951 0.1844
191 952 0.1184
191 953 0.1671
191 954 0.1806
191 955 0.4761
191 956 0.1595
191 957 0.1320
191 958 0.1843
191 959 0.1750
191 960 0.3421
191 961 0.1463
191 962 0.1783
191 964 0.1812
191 965 0.1635
191 966 0.1350
191 967 0.6275
191 968 0.1804
191 969 0.1904
191 971 0.2981
191 972 0.1513
191 973 0.1994
191 974 0.6318
191 975 0.1620
191 976 0.8118
191 977 0.1840
191 978 0.5878
191 979 0.1279
191 980 0.1501
191 982 0.1441
191 983 0.2351
191 984 0.2016
191 985 0.1126
191 986 0.1093
191 987 0.1375
191 989 0.1795
191 990 0.1703
191 991 0.1844
191 992 0.1441
191 993 0.4124
191 994 0.3764
191 995 0.1955
191 996 0.1840
191 999 0.2148
191 1000 0.1913
191 1001 0.5788
191 1002 0.7298
191 1003 0.4837
191 1004 0.9424
191 1006 0.1632
191 1007 0.9326
191 1008 0.2132
191 1013 0.1646
191 1014 0.1694
191 1015 0.1812
191 1016 0.1632
191 1017 0.1268
191 1018 0.4900
191 1019 0.1868
191 1020 0.2702
191 1022 0.1993
191 1023 0.3370
191 1024 0.1590
191 1026 0.1088
191 1027 0.1466
191 1028 0.1885
191 1029 0.3470
191 1030 0.1304
191 1032 0.5620
191 1033 0.1983
191 1034 0.1744
191 1035 0.1840
191 1036 0.7316
191 1037 0.2292
191 1038 0.5476
191 1039 0.2667
191 1040 0.2539
191 1041 0.1447
191 1042 0.3467
191 1044 0.1681
191 1045 0.2203
191 1046 0.1872
191 1047 0.1064
191 1048 0.1348
191 1049 0.1234
191 1051 0.6016
191 1053 0.1868
191 1054 0.1853
191 1055 0.0981
191 1056 0.1193
191 1057 0.1126
191 1059 0.4865
191 1060 0.7270
191 1061 0.1899
191 1063 0.2238
191 1064 0.1887
191 1065 0.1222
191 1066 0.2274
191 1067 0.4291
191 1068 0.2098
191 1069 0.1840
191 1070 0.1234
191 1073 0.1760
191 1075 0.2322
191 1076 0.1525
191 1077 0.1541
191 1078 0.1369
191 1079 0.1289
191 1080 0.1657
191 1082 0.2358
191 1083 0.3347
191 1084 0.1372
191 1085 0.2132
191 1087 0.1560
191 1089 0.1973
191 1090 0.1868
191 1091 0.1840
191 1093 0.2260
191 1094 0.1840
191 1096 0.2047
191 1097 0.1840
191 1099 0.7123
191 1102 0.1491
191 1103 0.2037
191 1104 0.3119
191 1105 0.3671
191 1106 0.4248
191 1107 0.1463
191 1108 0.1240
191 1110 0.1823
191 1111 0.5015
191 1116 0.1595
191 1117 0.1868
191 1118 0.1875
191 1119 0.1438
191 1121 0.1567
191 1122 0.1823
191 1123 0.1840
191 1124 0.1823
191 1125 0.1299
191 1126 0.1820
191 1127 0.3213
191 1128 0.2595
191 1129 0.1009
191 1130 0.3132
191 1131 0.3525
191 1133 0.3687
191 1134 0.1840
191 1135 0.4238
191 1136 0.1242
191 1138 0.1823
191 1139 0.1649
191 1141 0.1017
191 1142 0.6089
191 1143 0.4368
191 1144 0.1582
191 1145 0.1868
191 1146 0.1468
191 1147 0.1067
191 1148 0.1840
191 1150 0.2964
191 1151 0.1386
191 1152 0.2306
191 1153 0.1207
191 1154 0.3937
191 1155 0.1840
191 1156 0.1779
191 1157 0.1570
191 1158 0.1632
191 1159 0.1463
191 1162 0.1840
191 1163 0.8976
191 1166 0.1632
191 1167 0.1441
191 1169 0.1678
191 1172 0.1894
191 1174 0.1638
191 1176 0.1657
191 1177 0.2035
191 1178 0.1646
191 1180 0.1563
191 1182 0.1760
191 1183 0.2296
191 1185 0.1420
191 1187 0.1381
191 1188 0.2032
191 1189 0.2422
191 1191 0.1479
191 1192 0.1840
191 1193 0.1757
191 1194 0.1301
191 1196 0.1367
191 1197 0.3781
191 1199 0.1966
191 1200 0.1490
191 1201 0.2871
191 1202 0.1855
191 1204 0.1844
191 1205 0.1506
191 1206 0.3510
191 1207 0.1463
191 1208 0.2054
191 1209 0.1547
191 1210 0.2347
191 1211 0.4019
191 1213 0.1912
191 1214 0.1823
191 1215 0.1868
191 1216 0.2083
191 1217 0.1632
191 1218 0.1822
191 1219 0.1844
191 1220 0.1696
191 1221 0.2093
191 1222 0.1844
191 1223 0.1350
191 1225 0.5835
191 1226 0.3475
191 1228 0.1657
191 1229 0.1620
191 1230 0.1881
191 1231 0.2358
191 1233 0.1763
191 1235 0.1840
191 1236 0.2032
191 1237 0.1460
191 1238 0.2358
191 1240 0.2410
191 1242 0.2826
191 1243 0.1855
191 1246 0.1928
191 1247 0.2145
191 1248 0.1708
191 1250 0.1842
191 1251 0.2041
191 1252 0.1465
191 1253 0.1886
191 1254 0.1320
191 1256 0.2223
191 1257 0.1840
191 1258 0.3011
191 1259 0.0986
191 1260 0.1221
191 1262 0.2166
191 1263 0.3330
191 1265 0.1823
191 1267 0.1632
191 1268 0.1620
191 1269 0.3482
191 1270 0.3073
191 1271 0.1086
191 1272 0.1219
191 1273 0.1901
191 1274 0.1620
191 1275 0.1265
191 1276 0.1137
191 1278 0.1226
191 1279 0.1902
191 1280 0.1416
191 1281 0.2671
191 1282 0.6837
191 1283 0.6351
191 1284 0.1823
191 1286 0.5857
191 1287 0.7719
191 1288 0.3566
191 1289 0.3593
191 1290 0.5489
191 1291 0.6525
191 1292 0.8654
191 1295 0.4371
191 1296 0.1868
191 1297 0.3814
191 1298 0.5773
191 1299 0.2830
191 1300 0.5557
191 1301 0.1844
191 1303 0.7859
191 1304 0.3406
191 1305 0.6161
191 1306 0.3300
191 1307 0.6410
191 1308 0.2245
191 1309 0.5035
191 1310 0.1868
191 1311 0.2852
191 1312 0.2187
191 1316 0.9964
191 1320 0.3787
191 1322 0.4394
191 1323 0.1827
191 1324 0.1868
191 1325 0.1657
191 1326 0.1868
191 1327 0.1894
191 1330 0.1463
191 1332 0.2264
191 1333 0.1251
191 1334 0.1708
191 1335 0.2035
191 1337 0.1873
191 1340 0.1639
191 1341 0.1840
191 1342 0.1796
191 1344 0.1854
191 1345 0.1840
191 1346 0.2358
191 1347 0.1823
191 1348 0.1704
191 1349 0.1909
191 1351 0.1506
191 1353 0.1472
191 1354 0.2187
191 1355 0.1472
191 1356 0.1632
191 1358 0.1840
191 1360 0.1632
191 1361 0.1643
191 1362 0.2404
191 1363 0.2054
191 1364 0.1528
191 1365 0.2032
191 1367 0.1502
191 1368 0.1917
191 1369 0.3029
191 1370 0.1910
191 1371 0.1639
191 1372 0.2697
191 1373 0.1767
191 1374 0.2228
191 1375 0.1528
191 1376 0.1620
191 1377 0.1519
191 1378 0.2151
191 1379 0.2037
191 1380 0.2083
191 1381 0.1538
191 1382 0.2041
191 1386 0.1309
191 1387 0.2366
191 1388 0.1399
191 1389 0.1789
191 1390 0.1783
191 1392 0.1330
191 1395 0.1434
191 1396 0.1115
191 1397 0.2199
191 1398 0.1967
191 1399 0.1624
191 1401 0.1868
191 1402 0.1763
191 1405 0.1078
191 1406 0.1894
191 1407 0.2155
191 1408 0.1400
191 1409 0.1436
191 1410 0.1157
191 1411 0.1671
191 1413 0.1868
191 1414 0.2078
191 1415 0.1198
191 1416 0.1823
191 1418 0.1168
191 1419 0.1088
191 1420 0.1906
191 1421 0.1161
191 1423 0.1823
191 1424 0.1868
191 1425 0.1148
191 1426 0.2428
191 1427 0.1381
191 1428 0.1120
191 1431 0.1164
191 1434 0.6932
191 1435 0.5235
191 1436 0.1148
191 1437 0.1222
191 1438 0.1148
191 1439 0.1560
191 1440 0.3368
191 1441 0.1894
191 1445 0.1201
191 1446 0.1205
191 1448 0.1840
191 1449 0.1702
191 1451 0.1634
191 1452 0.1632
191 1453 0.1634
191 1456 0.1911
191 1457 0.1242
191 1458 0.1747
191 1459 0.1760
191 1460 0.1126
191 1461 0.1646
191 1462 0.1840
191 1463 0.1620
191 1464 0.2046
191 1465 0.2132
191 1466 0.1691
191 1468 0.1868
191 1470 0.1707
191 1472 0.1862
191 1473 0.1844
191 1474 0.1625
191 1477 0.1938
191 1478 0.1506
191 1479 0.2009
191 1480 0.2201
191 1481 0.2035
191 1482 0.1983
191 1484 0.1646
191 1485 0.2280
191 1487 0.1561
191 1488 0.1840
191 1490 0.1498
191 1491 0.1959
191 1495 0.4060
191 1497 0.1905
191 1498 0.1463
191 1499 0.1840
191 1501 0.3158
191 1503 0.1215
191 1504 0.1492
191 1505 0.1823
191 1506 0.1823
191 1507 0.1619
191 1508 0.1646
191 1510 0.1840
191 1511 0.1619
191 1512 0.1840
191 1513 0.1357
191 1514 0.1868
191 1516 0.2206
191 1517 0.1544
191 1518 0.1797
191 1519 0.9122
191 1520 0.9861
191 1522 0.3501
191 1525 0.3466
191 1526 0.8782
191 1527 0.1578
191 1529 0.1906
191 1530 0.5548
191 1531 0.3272
191 1532 0.1868
191 1534 0.3601
191 1535 0.2687
191 1536 0.6714
191 1538 0.6412
191 1540 0.3206
191 1541 0.4865
191 1542 0.5412
191 1544 0.1620
191 1546 0.2485
191 1547 0.8804
191 1548 0.8559
191 1549 0.2239
191 1550 0.4394
191 1551 0.1940
191 1552 0.2021
191 1553 0.2368
191 1554 0.3957
191 1555 0.4512
191 1562 0.1840
191 1565 0.4174
191 1567 0.1840
191 1568 0.1390
191 1569 0.1840
191 1570 0.1868
191 1571 0.2694
191 1572 0.1632
191 1573 0.1657
191 1574 0.1643
191 1577 0.2272
191 1578 0.1840
191 1579 0.2596
191 1580 0.1538
191 1581 0.2004
191 1582 0.1868
191 1583 0.1828
191 1586 0.1620
191 1587 0.1619
191 1588 0.1319
191 1589 0.1708
191 1590 0.1823
191 1591 0.1855
191 1592 0.1840
191 1593 0.2794
191 1595 0.1578
191 1596 0.1823
191 1597 0.1689
191 1598 0.1840
191 1599 0.1823
191 1602 0.1840
191 1603 0.1632
191 1604 0.1251
191 1606 0.1390
191 1608 0.2898
191 1609 0.3595
191 1610 0.1525
191 1611 0.1884
191 1612 0.2054
191 1613 0.3102
191 1615 0.1619
191 1616 0.1567
191 1618 0.2724
191 1619 0.1619
191 1620 0.1632
191 1621 0.3855
191 1622 0.6201
191 1623 0.1983
191 1624 0.3255
191 1625 0.1708
191 1626 0.1868
191 1628 0.1632
191 1629 0.1823
191 1630 0.2132
191 1631 0.1868
191 1632 0.1858
191 1633 0.1741
191 1634 0.2966
191 1636 0.2132
191 1637 0.1840
191 1639 0.1251
191 1640 0.1408
191 1643 0.1560
191 1644 0.1657
191 1645 0.1620
191 1646 0.1632
191 1647 0.1562
191 1648 0.1840
191 1649 0.1708
191 1650 0.1414
191 1651 0.1868
191 1653 0.2235
191 1654 0.1868
191 1657 0.1840
191 1658 0.2010
191 1659 0.2264
191 1661 0.1840
191 1662 0.1234
191 1663 0.1088
191 1665 0.1470
191 1667 0.1251
191 1668 0.2520
191 1671 0.2562
191 1672 0.1823
191 1673 0.1780
191 1674 0.1903
191 1675 0.1414
191 1676 0.1073
191 1678 0.1233
191 1679 0.1379
191 1680 0.1884
191 1681 0.1823
191 1683 0.2526
191 1685 0.1632
191 1687 0.1553
191 1689 0.7058
191 1690 0.1964
191 1691 0.1875
191 1692 0.2836
191 1693 0.1488
191 1694 0.1823
191 1696 0.1823
191 1697 0.1813
191 1698 0.1414
191 1700 0.1161
191 1701 0.1161
191 1702 0.1161
191 1703 0.1541
191 1704 0.1171
191 1705 0.1261
191 1707 0.4564
191 1709 0.2295
191 1710 0.1823
191 1711 0.1161
191 1712 0.7843
191 1713 0.3436
191 1714 0.1111
191 1715 0.1161
191 1716 0.1488
191 1717 0.6308
191 1718 0.1885
191 1719 0.1148
191 1720 0.1823
191 1721 0.1868
191 1722 0.1868
191 1724 0.1636
191 1725 0.1823
191 1726 0.1823
191 1728 0.1949
191 1730 0.1760
192 193 0.1772
192 194 0.2901
192 195 0.3447
192 196 0.5291
192 197 0.3582
192 198 0.1114
192 199 0.5064
192 200 0.1396
192 201 0.5618
192 202 0.1847
192 203 0.1791
192 204 0.4481
192 206 0.2428
192 207 0.1493
192 208 0.1414
192 209 0.1450
192 210 0.4236
192 211 0.1337
192 212 0.2508
192 213 0.2223
192 214 0.2147
192 215 0.3620
192 216 0.2124
192 217 0.1329
192 218 0.1151
192 219 0.1517
192 220 0.1655
192 221 0.2022
192 223 0.2271
192 224 0.1380
192 225 0.1470
192 226 0.2014
192 227 0.1903
192 228 0.2176
192 229 0.4328
192 230 0.2271
192 231 0.2186
192 232 0.4689
192 233 0.1334
192 234 0.5404
192 235 0.6091
192 236 0.2581
192 237 0.1742
192 238 0.5475
192 239 0.1899
192 240 0.2466
192 241 0.2349
192 242 0.3231
192 243 0.1600
192 245 0.5242
192 246 0.1448
192 248 0.2236
192 249 0.2374
192 250 0.1350
192 251 0.2020
192 253 0.1537
192 254 0.2780
192 255 0.1598
192 256 0.6443
192 257 0.1899
192 258 0.3042
192 260 0.1598
192 261 0.1897
192 262 0.2926
192 263 0.1517
192 264 0.2629
192 265 0.1544
192 266 0.4048
192 267 0.1364
192 268 0.5676
192 269 0.1888
192 270 0.1529
192 271 0.1986
192 272 0.1851
192 273 0.1683
192 274 0.3007
192 275 0.2931
192 276 0.8875
192 278 0.1624
192 279 0.1040
192 280 0.1533
192 281 0.2949
192 282 0.4742
192 283 0.2214
192 284 0.1621
192 285 0.1926
192 286 0.6915
192 287 0.1995
192 288 0.3472
192 289 0.1300
192 290 0.5190
192 291 0.1778
192 292 0.5552
192 293 0.2018
192 294 0.1548
192 295 0.3602
192 296 0.2121
192 297 0.4013
192 299 0.1589
192 300 0.3350
192 301 0.1534
192 303 0.3890
192 304 0.1523
192 305 0.1655
192 306 0.2109
192 307 0.1522
192 308 0.1404
192 309 0.1564
192 310 0.1683
192 311 0.1487
192 312 0.1206
192 313 0.1902
192 314 0.0976
192 315 0.4016
192 317 0.1441
192 318 0.2614
192 319 0.4037
192 320 0.1744
192 321 0.4728
192 322 0.1441
192 323 0.2025
192 324 0.1800
192 325 0.1645
192 326 0.2182
192 327 0.2949
192 328 0.0906
192 329 0.2323
192 330 0.2283
192 331 0.5738
192 332 0.6513
192 333 0.2366
192 334 0.1383
192 335 0.1703
192 336 0.2251
192 337 0.2237
192 338 0.6794
192 339 0.1165
192 340 0.1262
192 341 0.4294
192 342 0.2386
192 343 0.1189
192 344 0.1518
192 346 0.1920
192 347 0.2493
192 348 0.2017
192 349 0.1645
192 350 0.4939
192 351 0.4651
192 352 0.1880
192 353 0.3702
192 354 0.2304
192 356 0.1441
192 357 0.3874
192 358 0.3922
192 360 0.3631
192 361 0.4941
192 362 0.5359
192 363 0.1623
192 364 0.3183
192 366 0.4921
192 367 0.1899
192 368 0.1666
192 370 0.2128
192 371 0.2007
192 372 0.3343
192 373 0.4651
192 374 0.2018
192 375 0.3934
192 376 0.2750
192 377 0.1906
192 378 0.2949
192 379 0.3483
192 380 0.1684
192 381 0.2919
192 382 0.2063
192 383 0.7353
192 384 0.1444
192 385 0.1742
192 386 0.2211
192 387 0.1644
192 388 0.2289
192 389 0.2343
192 390 0.2877
192 391 0.3535
192 392 0.2916
192 393 0.4764
192 394 0.1932
192 395 0.1631
192 396 0.3555
192 397 0.1541
192 398 0.9634
192 399 0.5311
192 400 0.2137
192 402 0.2182
192 403 0.2084
192 404 0.4651
192 405 0.1685
192 406 0.2174
192 407 0.2167
192 408 0.1441
192 409 0.1208
192 410 0.2182
192 411 0.4607
192 412 0.3155
192 413 0.3355
192 414 0.3047
192 415 0.1986
192 416 0.3639
192 417 0.1604
192 418 0.6213
192 419 0.2032
192 420 0.3202
192 421 0.1488
192 422 0.0997
192 423 0.1541
192 424 0.2679
192 425 0.1817
192 427 0.1083
192 428 0.1672
192 429 0.1573
192 430 0.4016
192 432 0.1268
192 433 0.6636
192 434 0.6899
192 435 0.5761
192 436 0.1556
192 438 0.2579
192 439 0.1921
192 440 0.1227
192 441 0.4297
192 442 0.5934
192 444 0.1554
192 445 0.1087
192 447 0.3307
192 449 0.5802
192 450 0.1910
192 451 0.1947
192 452 0.1338
192 453 0.1041
192 454 0.9500
192 455 0.2370
192 456 0.2271
192 457 0.1315
192 458 0.1814
192 459 0.1441
192 460 0.2589
192 461 0.3409
192 463 0.4301
192 465 0.1604
192 466 0.8369
192 467 0.1988
192 468 0.1678
192 469 0.1847
192 470 0.4321
192 471 0.4887
192 472 0.4725
192 474 0.1413
192 475 0.4388
192 476 0.4211
192 478 0.1685
192 479 0.3843
192 480 0.1968
192 481 0.1176
192 482 0.1604
192 484 0.3406
192 485 0.1268
192 486 0.1918
192 488 0.1771
192 490 0.1678
192 491 0.1304
192 492 0.1348
192 494 0.2304
192 495 0.2791
192 496 0.2952
192 497 0.6020
192 498 0.1819
192 499 0.2361
192 500 0.5143
192 501 0.1233
192 503 0.2866
192 504 0.1611
192 505 0.1573
192 506 0.5962
192 507 0.1031
192 508 0.4524
192 509 0.1700
192 510 0.2063
192 511 0.5126
192 512 0.4321
192 513 0.2345
192 514 0.4185
192 515 0.5496
192 516 0.6806
192 517 0.1508
192 518 0.2778
192 519 0.2307
192 520 0.1637
192 521 0.2230
192 522 0.1899
192 523 0.1410
192 525 0.1614
192 526 0.1742
192 527 0.1598
192 529 0.4651
192 530 0.1559
192 531 0.4256
192 532 0.1441
192 533 0.2104
192 534 0.3245
192 535 0.1250
192 536 0.3656
192 537 0.1613
192 539 0.1784
192 540 0.4748
192 541 0.4012
192 542 0.1839
192 543 0.2149
192 544 0.6225
192 545 0.2198
192 546 0.1589
192 547 0.4651
192 548 0.5770
192 549 0.3600
192 550 0.1710
192 551 0.2025
192 552 0.1678
192 553 0.3475
192 554 0.1804
192 555 0.1621
192 556 0.1233
192 557 0.2918
192 558 0.2589
192 560 0.2408
192 561 0.3525
192 562 0.1233
192 563 0.5030
192 564 0.0997
192 565 0.4066
192 567 0.1373
192 568 0.5226
192 569 0.1249
192 570 0.1598
192 571 0.3553
192 572 0.2169
192 573 0.3255
192 574 0.1477
192 575 0.5691
192 576 0.1533
192 577 0.3254
192 578 0.2092
192 579 0.5297
192 580 0.1742
192 581 0.4651
192 582 0.1847
192 583 0.1855
192 584 0.2248
192 585 0.4788
192 586 0.2147
192 587 0.4857
192 589 0.2787
192 590 0.8517
192 592 0.3942
192 594 0.1438
192 595 0.1522
192 599 0.2993
192 600 0.1441
192 601 0.1877
192 602 0.2013
192 604 0.0817
192 605 0.1781
192 606 0.1547
192 607 0.4810
192 609 0.1950
192 610 0.6824
192 612 0.4699
192 613 0.4516
192 614 0.3930
192 615 0.2055
192 616 0.1633
192 617 0.1196
192 618 0.2263
192 619 0.5868
192 620 0.1852
192 621 0.1780
192 622 0.1932
192 623 0.2182
192 625 0.2374
192 626 0.1835
192 627 0.1334
192 628 0.1385
192 629 0.1589
192 631 0.5765
192 632 0.1069
192 633 0.3184
192 634 0.3646
192 635 0.1441
192 636 0.1984
192 637 0.6899
192 638 0.1392
192 639 0.6665
192 642 0.5841
192 643 0.2567
192 645 0.5789
192 646 0.1621
192 647 0.1441
192 648 0.1580
192 649 0.1517
192 650 0.1974
192 651 0.2390
192 652 0.1877
192 653 0.5818
192 654 0.3610
192 655 0.2018
192 656 0.1685
192 657 0.1441
192 658 0.5444
192 659 0.3551
192 660 0.1692
192 661 0.1528
192 662 0.2356
192 663 0.2018
192 664 0.2241
192 666 0.2048
192 667 0.1547
192 668 0.1917
192 671 0.5560
192 672 0.1529
192 673 0.1932
192 674 0.1321
192 675 0.2203
192 676 0.2617
192 677 0.1611
192 678 0.1932
192 679 0.1262
192 680 0.1171
192 681 0.1899
192 682 0.1417
192 684 0.2371
192 685 0.3039
192 686 0.2185
192 687 0.2283
192 688 0.2042
192 689 0.6052
192 690 0.4651
192 691 0.3531
192 692 0.1541
192 693 0.1683
192 694 0.1003
192 695 0.7587
192 696 0.1778
192 697 0.4651
192 698 0.5787
192 699 0.3405
192 700 0.2190
192 701 0.1441
192 702 0.1253
192 703 0.1496
192 704 0.1771
192 705 0.5049
192 706 0.3841
192 707 0.1675
192 708 0.2018
192 709 0.5214
192 710 0.1682
192 711 0.7253
192 712 0.0997
192 713 0.1435
192 714 0.3711
192 715 0.1897
192 716 0.2225
192 717 0.2745
192 718 0.2365
192 722 0.2631
192 723 0.1869
192 724 0.2171
192 726 0.2738
192 727 0.2343
192 728 0.5429
192 729 0.1798
192 731 0.1142
192 732 0.3241
192 733 0.1742
192 734 0.4799
192 735 0.1626
192 736 0.6529
192 737 0.7989
192 738 0.3268
192 740 0.2451
192 741 0.2485
192 742 0.1165
192 743 0.5762
192 744 0.4038
192 745 0.1295
192 747 0.1653
192 748 0.6802
192 749 0.0997
192 750 0.2010
192 752 0.4165
192 753 0.2182
192 755 0.2127
192 756 0.1441
192 757 0.2278
192 758 0.3534
192 759 0.3393
192 760 0.1623
192 762 0.2022
192 763 0.2189
192 764 0.2041
192 765 0.1291
192 766 0.1842
192 767 0.2484
192 768 0.9134
192 769 0.1742
192 770 0.3783
192 771 0.1134
192 772 0.3172
192 773 0.3228
192 775 0.3904
192 776 0.1870
192 777 0.5041
192 778 0.6440
192 780 0.3762
192 781 0.1590
192 782 0.1424
192 783 0.3133
192 784 0.0864
192 785 0.2212
192 786 0.5513
192 787 0.4651
192 789 0.4413
192 791 0.1541
192 792 0.1517
192 793 0.2170
192 794 0.3336
192 795 0.5100
192 796 0.3647
192 797 0.1996
192 798 0.1233
192 799 0.2203
192 800 0.1556
192 801 0.2498
192 802 0.2022
192 803 0.1407
192 804 0.6947
192 805 0.1209
192 806 0.2374
192 807 0.4600
192 808 0.3286
192 809 0.6447
192 810 0.2852
192 811 0.5952
192 812 0.2022
192 813 0.5627
192 814 0.5737
192 815 0.2167
192 816 0.1608
192 817 0.1188
192 818 0.2505
192 819 0.1899
192 820 0.1513
192 821 0.2549
192 822 0.1612
192 823 0.6233
192 824 0.1528
192 825 0.2541
192 827 0.1303
192 828 0.1768
192 829 0.2116
192 830 0.2278
192 831 0.3724
192 832 0.3213
192 833 0.1549
192 834 0.6763
192 835 0.1899
192 836 0.3896
192 837 0.1680
192 838 0.2444
192 839 0.1554
192 840 0.5576
192 841 0.1812
192 842 0.1742
192 843 0.3855
192 844 0.5225
192 845 0.1908
192 846 0.3307
192 848 0.2063
192 849 0.1163
192 851 0.6226
192 852 0.1441
192 853 0.2609
192 854 0.1441
192 855 0.3639
192 856 0.2460
192 857 0.1771
192 858 0.2981
192 859 0.2162
192 860 0.1869
192 861 0.5476
192 862 0.2121
192 864 0.1136
192 865 0.2392
192 866 0.2018
192 867 0.6328
192 868 0.1677
192 869 0.1097
192 870 0.1876
192 871 0.1322
192 872 0.9299
192 874 0.1612
192 875 0.1050
192 876 0.3489
192 877 0.1441
192 878 0.2441
192 880 0.4804
192 881 0.1437
192 882 0.3903
192 883 0.1093
192 884 0.5486
192 885 0.2683
192 886 0.4502
192 887 0.2284
192 888 0.3377
192 889 0.3290
192 890 0.2587
192 891 0.6954
192 892 0.2557
192 893 0.3380
192 894 0.2899
192 895 0.3955
192 896 0.3219
192 898 0.1615
192 900 0.1206
192 901 0.5729
192 903 0.1220
192 905 0.3945
192 907 0.1639
192 908 0.5135
192 909 0.2394
192 911 0.3340
192 913 0.2025
192 914 0.1761
192 915 0.8617
192 917 0.1589
192 918 0.1376
192 919 0.1385
192 920 0.2121
192 921 0.2571
192 922 0.3393
192 924 0.3772
192 928 0.2770
192 929 0.3766
192 930 0.1196
192 932 0.1903
192 934 0.2280
192 935 0.1351
192 936 0.1893
192 937 0.3169
192 938 0.1869
192 940 0.1573
192 942 0.1813
192 943 0.2272
192 944 0.4646
192 946 0.1945
192 947 0.2830
192 948 0.1823
192 949 0.1495
192 950 0.1683
192 951 0.2167
192 952 0.1267
192 953 0.1578
192 954 0.2045
192 955 0.3686
192 956 0.1630
192 957 0.1337
192 958 0.1854
192 959 0.1688
192 960 0.6179
192 961 0.1923
192 962 0.1975
192 964 0.3943
192 965 0.2303
192 966 0.1765
192 967 0.2393
192 968 0.6926
192 969 0.1996
192 971 0.2121
192 972 0.1478
192 973 0.1627
192 974 0.6811
192 975 0.1590
192 976 0.1901
192 977 0.1589
192 978 0.2398
192 979 0.3162
192 980 0.3639
192 982 0.1639
192 983 0.1742
192 984 0.1921
192 985 0.1392
192 986 0.1418
192 987 0.1622
192 989 0.3167
192 990 0.1988
192 991 0.2612
192 992 0.1639
192 993 0.4436
192 994 0.8119
192 995 0.3705
192 996 0.1589
192 999 0.1917
192 1000 0.2632
192 1001 0.1724
192 1002 0.2443
192 1003 0.5320
192 1004 0.2504
192 1006 0.1899
192 1007 0.2768
192 1008 0.1505
192 1013 0.1598
192 1014 0.2897
192 1015 0.2159
192 1016 0.1899
192 1017 0.3383
192 1018 0.1417
192 1019 0.1441
192 1020 0.3603
192 1022 0.4626
192 1023 0.2489
192 1024 0.1668
192 1026 0.1222
192 1027 0.3189
192 1028 0.2474
192 1029 0.3776
192 1030 0.5615
192 1032 0.2813
192 1033 0.2374
192 1034 0.1899
192 1035 0.1589
192 1036 0.0994
192 1037 0.3752
192 1038 0.2119
192 1039 0.3058
192 1040 0.1903
192 1041 0.1507
192 1042 0.2272
192 1044 0.1712
192 1045 0.3759
192 1046 0.2662
192 1047 0.1121
192 1048 0.1601
192 1049 0.1253
192 1051 0.1397
192 1053 0.1441
192 1054 0.2379
192 1055 0.1034
192 1056 0.1717
192 1057 0.1392
192 1059 0.1337
192 1060 0.2008
192 1061 0.1995
192 1063 0.2202
192 1064 0.1893
192 1065 0.1231
192 1066 0.6696
192 1067 0.3983
192 1068 0.1550
192 1069 0.1589
192 1070 0.1392
192 1073 0.1846
192 1075 0.3289
192 1076 0.2716
192 1077 0.1869
192 1078 0.1536
192 1079 0.1836
192 1080 0.1692
192 1082 0.4651
192 1083 0.4655
192 1084 0.1436
192 1085 0.2330
192 1087 0.1823
192 1089 0.4178
192 1090 0.1441
192 1091 0.1678
192 1093 0.5645
192 1094 0.1589
192 1096 0.2182
192 1097 0.1589
192 1099 0.7302
192 1102 0.1611
192 1103 0.2805
192 1104 0.5477
192 1105 0.3459
192 1106 0.5096
192 1107 0.1554
192 1108 0.1083
192 1110 0.1742
192 1111 0.2200
192 1116 0.1604
192 1117 0.1441
192 1118 0.2101
192 1119 0.1542
192 1121 0.3217
192 1122 0.1742
192 1123 0.1589
192 1124 0.1742
192 1125 0.2323
192 1126 0.2953
192 1127 0.1538
192 1128 0.2444
192 1129 0.1711
192 1130 0.3097
192 1131 0.1517
192 1133 0.1796
192 1134 0.1589
192 1135 0.7130
192 1136 0.1424
192 1138 0.1742
192 1139 0.1448
192 1141 0.1163
192 1142 0.1570
192 1143 0.3008
192 1144 0.2454
192 1145 0.1441
192 1146 0.2028
192 1147 0.0990
192 1148 0.1589
192 1150 0.2593
192 1151 0.3426
192 1152 0.2966
192 1153 0.1398
192 1154 0.3063
192 1155 0.1589
192 1156 0.2879
192 1157 0.1823
192 1158 0.2038
192 1159 0.1889
192 1162 0.1589
192 1163 0.3443
192 1166 0.1899
192 1167 0.1639
192 1169 0.1580
192 1172 0.2121
192 1174 0.2381
192 1176 0.1903
192 1177 0.1917
192 1178 0.1598
192 1180 0.1850
192 1182 0.2489
192 1183 0.2147
192 1185 0.1678
192 1187 0.1762
192 1188 0.2032
192 1189 0.2913
192 1191 0.1461
192 1192 0.1490
192 1193 0.2125
192 1194 0.1413
192 1196 0.1616
192 1197 0.2272
192 1199 0.2463
192 1200 0.4063
192 1201 0.6742
192 1202 0.1642
192 1204 0.2612
192 1205 0.2437
192 1206 0.3815
192 1207 0.1889
192 1208 0.2431
192 1209 0.2056
192 1210 0.5028
192 1211 0.7575
192 1213 0.3044
192 1214 0.1742
192 1215 0.1441
192 1216 0.3679
192 1217 0.2519
192 1218 0.2969
192 1219 0.2167
192 1220 0.3678
192 1221 0.3608
192 1222 0.2014
192 1223 0.5093
192 1225 0.7703
192 1226 0.7865
192 1228 0.3295
192 1229 0.2182
192 1230 0.3315
192 1231 0.4651
192 1233 0.2870
192 1235 0.2095
192 1236 0.3082
192 1237 0.4646
192 1238 0.4651
192 1240 0.3690
192 1242 0.4779
192 1243 0.2827
192 1246 0.2230
192 1247 0.5145
192 1248 0.2889
192 1250 0.4396
192 1251 0.3227
192 1252 0.5072
192 1253 0.2153
192 1254 0.1337
192 1256 0.2432
192 1257 0.1589
192 1258 0.4895
192 1259 0.1298
192 1260 0.1690
192 1262 0.2456
192 1263 0.1565
192 1265 0.1742
192 1267 0.1784
192 1268 0.3465
192 1269 0.3117
192 1270 0.2543
192 1271 0.1435
192 1272 0.2334
192 1273 0.2129
192 1274 0.2356
192 1275 0.1664
192 1276 0.1768
192 1278 0.1629
192 1279 0.1758
192 1280 0.2952
192 1281 0.1874
192 1282 0.2009
192 1283 0.1421
192 1284 0.1742
192 1286 0.2555
192 1287 0.1008
192 1288 0.1875
192 1289 0.2073
192 1290 0.1127
192 1291 0.1182
192 1292 0.2662
192 1295 0.1233
192 1296 0.1441
192 1297 0.1678
192 1298 0.1271
192 1299 0.1481
192 1300 0.0997
192 1301 0.2612
192 1303 0.2509
192 1304 0.2330
192 1305 0.0935
192 1306 0.1742
192 1307 0.2754
192 1308 0.2018
192 1309 0.1952
192 1310 0.1441
192 1311 0.1869
192 1312 0.2198
192 1316 0.7397
192 1320 0.1839
192 1322 0.1612
192 1323 0.4184
192 1324 0.1441
192 1325 0.1692
192 1326 0.1441
192 1327 0.2304
192 1330 0.2556
192 1332 0.1932
192 1333 0.3472
192 1334 0.1882
192 1335 0.3100
192 1337 0.2400
192 1340 0.2470
192 1341 0.2095
192 1342 0.6640
192 1344 0.1940
192 1345 0.1589
192 1346 0.4651
192 1347 0.1742
192 1348 0.5136
192 1349 0.1934
192 1351 0.2437
192 1353 0.1900
192 1354 0.2198
192 1355 0.1900
192 1356 0.1899
192 1358 0.1745
192 1360 0.2387
192 1361 0.3041
192 1362 0.2907
192 1363 0.2431
192 1364 0.1573
192 1365 0.2967
192 1367 0.5439
192 1368 0.2874
192 1369 0.3928
192 1370 0.5828
192 1371 0.2470
192 1372 0.1612
192 1373 0.2249
192 1374 0.2474
192 1375 0.1573
192 1376 0.2182
192 1377 0.3400
192 1378 0.2121
192 1379 0.2874
192 1380 0.2915
192 1381 0.2617
192 1382 0.1685
192 1386 0.1572
192 1387 0.5257
192 1388 0.1640
192 1389 0.2382
192 1390 0.1916
192 1392 0.1678
192 1395 0.3120
192 1396 0.1694
192 1397 0.2223
192 1398 0.2803
192 1399 0.1448
192 1401 0.1441
192 1402 0.2671
192 1405 0.1979
192 1406 0.2110
192 1407 0.2379
192 1408 0.1250
192 1409 0.1883
192 1410 0.1543
192 1411 0.1578
192 1413 0.1441
192 1414 0.2374
192 1415 0.1631
192 1416 0.1742
192 1418 0.1438
192 1419 0.1222
192 1420 0.2147
192 1421 0.1163
192 1423 0.1742
192 1424 0.1441
192 1425 0.1093
192 1426 0.3459
192 1427 0.1328
192 1428 0.1116
192 1431 0.1817
192 1434 0.7316
192 1435 0.6402
192 1436 0.1093
192 1437 0.1126
192 1438 0.1093
192 1439 0.1823
192 1440 0.1668
192 1441 0.2121
192 1445 0.1063
192 1446 0.1138
192 1448 0.1589
192 1449 0.1899
192 1451 0.1672
192 1452 0.1899
192 1453 0.1919
192 1456 0.2141
192 1457 0.1424
192 1458 0.3671
192 1459 0.1846
192 1460 0.1392
192 1461 0.1598
192 1462 0.1589
192 1463 0.2182
192 1464 0.1661
192 1465 0.2330
192 1466 0.1973
192 1468 0.1441
192 1470 0.2754
192 1472 0.1589
192 1473 0.1932
192 1474 0.2051
192 1477 0.2253
192 1478 0.1603
192 1479 0.1962
192 1480 0.2025
192 1481 0.2646
192 1482 0.2374
192 1484 0.1598
192 1485 0.2361
192 1487 0.1556
192 1488 0.1589
192 1490 0.1349
192 1491 0.2047
192 1495 0.1847
192 1497 0.2626
192 1498 0.1923
192 1499 0.1589
192 1501 0.1957
192 1503 0.2140
192 1504 0.1771
192 1505 0.1861
192 1506 0.1742
192 1507 0.1633
192 1508 0.1598
192 1510 0.1589
192 1511 0.1633
192 1512 0.1589
192 1513 0.1549
192 1514 0.1441
192 1516 0.2512
192 1517 0.1522
192 1518 0.2107
192 1519 0.1993
192 1520 0.8153
192 1522 0.2032
192 1525 0.2561
192 1526 0.1247
192 1527 0.2162
192 1529 0.2147
192 1530 0.0951
192 1531 0.2438
192 1532 0.1441
192 1534 0.2239
192 1535 0.1855
192 1536 0.0848
192 1538 0.2306
192 1540 0.2063
192 1541 0.1337
192 1542 0.1311
192 1544 0.1590
192 1546 0.1742
192 1547 0.1785
192 1548 0.1049
192 1549 0.2182
192 1550 0.1612
192 1551 0.1645
192 1552 0.1899
192 1553 0.1589
192 1554 0.3141
192 1555 0.1169
192 1562 0.1589
192 1565 0.1472
192 1567 0.1589
192 1568 0.2993
192 1569 0.1589
192 1570 0.1441
192 1571 0.2750
192 1572 0.2387
192 1573 0.1861
192 1574 0.3041
192 1577 0.3328
192 1578 0.1589
192 1579 0.4044
192 1580 0.3564
192 1581 0.1742
192 1582 0.1441
192 1583 0.2589
192 1586 0.2003
192 1587 0.1633
192 1588 0.4943
192 1589 0.1882
192 1590 0.2022
192 1591 0.1642
192 1592 0.1678
192 1593 0.3723
192 1595 0.2162
192 1596 0.1742
192 1597 0.2084
192 1598 0.1589
192 1599 0.2349
192 1602 0.1589
192 1603 0.1784
192 1604 0.3472
192 1606 0.2993
192 1608 0.6048
192 1609 0.1932
192 1610 0.2782
192 1611 0.3047
192 1612 0.2029
192 1613 0.5813
192 1615 0.3219
192 1616 0.3217
192 1618 0.4716
192 1619 0.3219
192 1620 0.1899
192 1621 0.5315
192 1622 0.6514
192 1623 0.3881
192 1624 0.4783
192 1625 0.2826
192 1626 0.1441
192 1628 0.1899
192 1629 0.1742
192 1630 0.2609
192 1631 0.1441
192 1632 0.2010
192 1633 0.2846
192 1634 0.5555
192 1636 0.2928
192 1637 0.2019
192 1639 0.3472
192 1640 0.2440
192 1643 0.1823
192 1644 0.1692
192 1645 0.2457
192 1646 0.1899
192 1647 0.2957
192 1648 0.1589
192 1649 0.1970
192 1650 0.1614
192 1651 0.1441
192 1653 0.3591
192 1654 0.1441
192 1657 0.1589
192 1658 0.1899
192 1659 0.1932
192 1661 0.1589
192 1662 0.1392
192 1663 0.1222
192 1665 0.1781
192 1667 0.2426
192 1668 0.2765
192 1671 0.1742
192 1672 0.2349
192 1673 0.1829
192 1674 0.2129
192 1675 0.1616
192 1676 0.1541
192 1678 0.2175
192 1679 0.1481
192 1680 0.2136
192 1681 0.2349
192 1683 0.2024
192 1685 0.1899
192 1687 0.1892
192 1689 0.9330
192 1690 0.1777
192 1691 0.2009
192 1692 0.2148
192 1693 0.1593
192 1694 0.1742
192 1696 0.1742
192 1697 0.1412
192 1698 0.1616
192 1700 0.1163
192 1701 0.1163
192 1702 0.1163
192 1703 0.1872
192 1704 0.1655
192 1705 0.1771
192 1707 0.1372
192 1709 0.2147
192 1710 0.1742
192 1711 0.1163
192 1712 0.9002
192 1713 0.2958
192 1714 0.1091
192 1715 0.1163
192 1716 0.1870
192 1717 0.8537
192 1718 0.1937
192 1719 0.1093
192 1720 0.2022
192 1721 0.1441
192 1722 0.1441
192 1724 0.1774
192 1725 0.1685
192 1726 0.1742
192 1728 0.1589
192 1730 0.1612
193 194 0.2269
193 195 0.2656
193 196 0.4886
193 197 0.8789
193 198 0.1873
193 199 0.7010
193 200 0.1743
193 201 0.4159
193 202 0.4472
193 203 0.4595
193 204 0.4720
193 206 0.5865
193 207 0.1242
193 208 0.4582
193 209 0.6222
193 210 0.5243
193 211 0.1583
193 212 0.7855
193 213 0.2116
193 214 0.6671
193 215 0.8357
193 216 0.7033
193 217 0.5035
193 218 0.1723
193 219 0.1346
193 220 0.5177
193 221 0.1209
193 223 0.6945
193 224 0.1085
193 225 0.2623
193 226 0.1576
193 227 0.2139
193 228 0.5967
193 229 0.3754
193 230 0.8541
193 231 0.1468
193 232 0.4563
193 233 0.4949
193 234 0.2154
193 235 0.3563
193 236 0.5505
193 237 0.1882
193 238 0.5647
193 239 0.1112
193 240 0.2944
193 241 0.4144
193 242 0.2883
193 243 0.1636
193 245 0.1865
193 246 0.1611
193 248 0.2961
193 249 0.1735
193 250 0.5737
193 251 0.4720
193 253 0.5938
193 254 0.3892
193 255 0.1111
193 256 0.3642
193 257 0.1419
193 258 0.4087
193 260 0.1111
193 261 0.2939
193 262 0.2836
193 263 0.1153
193 264 0.3919
193 265 0.4703
193 266 0.2792
193 267 0.2728
193 268 0.2063
193 269 0.1376
193 270 0.2940
193 271 0.4576
193 272 0.3054
193 273 0.6478
193 274 0.4421
193 275 0.3695
193 276 0.4855
193 278 0.2389
193 279 0.1150
193 280 0.1632
193 281 0.2125
193 282 0.2107
193 283 0.2522
193 284 0.1857
193 285 0.2011
193 286 0.6158
193 287 0.2591
193 288 0.2197
193 289 0.1311
193 290 0.5677
193 291 0.7573
193 292 0.7272
193 293 0.1372
193 294 0.8255
193 295 0.2331
193 296 0.1121
193 297 0.3236
193 299 0.1116
193 300 0.3948
193 301 0.2751
193 303 0.2487
193 304 0.1744
193 305 0.5177
193 306 0.2006
193 307 0.3600
193 308 0.2146
193 309 0.2025
193 310 0.6478
193 311 0.4171
193 312 0.1628
193 313 0.1281
193 314 0.1258
193 315 0.3110
193 317 0.1142
193 318 0.2202
193 319 0.8566
193 320 0.2153
193 321 0.4955
193 322 0.1142
193 323 0.1425
193 324 0.7508
193 325 0.2141
193 326 0.1355
193 327 0.2125
193 328 0.3751
193 329 0.4716
193 330 0.2300
193 331 0.4061
193 332 0.1922
193 333 0.2562
193 334 0.3072
193 335 0.1872
193 336 0.4670
193 337 0.3512
193 338 0.6691
193 339 0.2108
193 340 0.5549
193 341 0.4172
193 342 0.1695
193 343 0.2674
193 344 0.2599
193 346 0.2540
193 347 0.5081
193 348 0.7493
193 349 0.2141
193 350 0.4390
193 351 0.1618
193 352 0.1502
193 353 0.2081
193 354 0.2646
193 356 0.1142
193 357 0.1950
193 358 0.3217
193 360 0.2445
193 361 0.1490
193 362 0.2393
193 363 0.1695
193 364 0.1548
193 366 0.1964
193 367 0.1419
193 368 0.1829
193 370 0.1984
193 371 0.6672
193 372 0.4295
193 373 0.1618
193 374 0.1462
193 375 0.7393
193 376 0.6387
193 377 0.1954
193 378 0.2125
193 379 0.8465
193 380 0.1217
193 381 0.1670
193 382 0.1742
193 383 0.3849
193 384 0.2730
193 385 0.1707
193 386 0.4058
193 387 0.6324
193 388 0.4260
193 389 0.2007
193 390 0.1904
193 391 0.6867
193 392 0.2675
193 393 0.4205
193 394 0.1671
193 395 0.4416
193 396 0.7200
193 397 0.4320
193 398 0.2747
193 399 0.5648
193 400 0.1444
193 402 0.1355
193 403 0.2120
193 404 0.1618
193 405 0.1364
193 406 0.3802
193 407 0.1478
193 408 0.1142
193 409 0.5279
193 410 0.1355
193 411 0.5120
193 412 0.2737
193 413 0.2504
193 414 0.3060
193 415 0.5036
193 416 0.2073
193 417 0.2255
193 418 0.7558
193 419 0.1552
193 420 0.2481
193 421 0.2536
193 422 0.1146
193 423 0.4320
193 424 0.3800
193 425 0.4425
193 427 0.5680
193 428 0.3133
193 429 0.2399
193 430 0.2647
193 432 0.1405
193 433 0.3011
193 434 0.6895
193 435 0.3560
193 436 0.4016
193 438 0.8122
193 439 0.2504
193 440 0.2130
193 441 0.3469
193 442 0.3688
193 444 0.1575
193 445 0.1707
193 447 0.3534
193 449 0.7725
193 450 0.3395
193 451 0.1772
193 452 0.1362
193 453 0.2248
193 454 0.8018
193 455 0.3313
193 456 0.4939
193 457 0.5218
193 458 0.2707
193 459 0.1142
193 460 0.1970
193 461 0.3696
193 463 0.3674
193 465 0.1727
193 466 0.4320
193 467 0.2635
193 468 0.2014
193 469 0.6015
193 470 0.8025
193 471 0.2269
193 472 0.3090
193 474 0.4281
193 475 0.2171
193 476 0.1631
193 478 0.1364
193 479 0.2177
193 480 0.1974
193 481 0.2457
193 482 0.1992
193 484 0.7583
193 485 0.1713
193 486 0.1798
193 488 0.5612
193 490 0.2014
193 491 0.1487
193 492 0.4226
193 494 0.2646
193 495 0.1653
193 496 0.4155
193 497 0.2186
193 498 0.2600
193 499 0.6504
193 500 0.2141
193 501 0.1132
193 503 0.3144
193 504 0.1381
193 505 0.2399
193 506 0.2128
193 507 0.1725
193 508 0.7016
193 509 0.6128
193 510 0.1647
193 511 0.6972
193 512 0.2360
193 513 0.6202
193 514 0.5164
193 515 0.2061
193 516 0.4202
193 517 0.2147
193 518 0.1974
193 519 0.1338
193 520 0.1754
193 521 0.5067
193 522 0.1112
193 523 0.1382
193 525 0.1481
193 526 0.1364
193 527 0.1111
193 529 0.1618
193 530 0.5070
193 531 0.2641
193 532 0.1142
193 533 0.6421
193 534 0.2324
193 535 0.4041
193 536 0.2910
193 537 0.2262
193 539 0.1393
193 540 0.3493
193 541 0.5481
193 542 0.2664
193 543 0.1371
193 544 0.2910
193 545 0.1364
193 546 0.1116
193 547 0.1618
193 548 0.2090
193 549 0.5742
193 550 0.1649
193 551 0.2007
193 552 0.1116
193 553 0.1435
193 554 0.3234
193 555 0.5736
193 556 0.1132
193 557 0.5820
193 558 0.2746
193 560 0.1680
193 561 0.2822
193 562 0.1132
193 563 0.7530
193 564 0.1146
193 565 0.2805
193 567 0.4054
193 568 0.5216
193 569 0.1143
193 570 0.1111
193 571 0.4008
193 572 0.5848
193 573 0.5712
193 574 0.7248
193 575 0.2217
193 576 0.7504
193 577 0.3546
193 578 0.4838
193 579 0.7354
193 580 0.1364
193 581 0.1618
193 582 0.1074
193 583 0.1014
193 584 0.7290
193 585 0.4154
193 586 0.1317
193 587 0.3619
193 589 0.2054
193 590 0.7010
193 592 0.3794
193 594 0.6121
193 595 0.3600
193 599 0.2143
193 600 0.1142
193 601 0.5868
193 602 0.3620
193 604 0.1285
193 605 0.1614
193 606 0.7215
193 607 0.2087
193 609 0.3864
193 610 0.2972
193 612 0.1903
193 613 0.2044
193 614 0.5184
193 615 0.2553
193 616 0.2894
193 617 0.3363
193 618 0.1839
193 619 0.3750
193 620 0.3224
193 621 0.3446
193 622 0.1298
193 623 0.1355
193 625 0.1353
193 626 0.4526
193 627 0.5600
193 628 0.2850
193 629 0.2107
193 631 0.2055
193 632 0.6014
193 633 0.5852
193 634 0.3027
193 635 0.1142
193 636 0.1892
193 637 0.2308
193 638 0.2008
193 639 0.6425
193 642 0.3656
193 643 0.3292
193 645 0.2508
193 646 0.2370
193 647 0.1142
193 648 0.1647
193 649 0.1346
193 650 0.8138
193 651 0.6187
193 652 0.6290
193 653 0.2282
193 654 0.1762
193 655 0.1372
193 656 0.1573
193 657 0.1142
193 658 0.6681
193 659 0.2778
193 660 0.1421
193 661 0.1344
193 662 0.1720
193 663 0.4711
193 664 0.4468
193 666 0.1839
193 667 0.1091
193 668 0.5283
193 671 0.1822
193 672 0.2362
193 673 0.1594
193 674 0.2474
193 675 0.6817
193 676 0.3880
193 677 0.3281
193 678 0.2718
193 679 0.4988
193 680 0.1858
193 681 0.1419
193 682 0.1425
193 684 0.3440
193 685 0.4262
193 686 0.6005
193 687 0.7387
193 688 0.2028
193 689 0.5836
193 690 0.1618
193 691 0.4605
193 692 0.1288
193 693 0.6478
193 694 0.1483
193 695 0.3518
193 696 0.2245
193 697 0.1618
193 698 0.3930
193 699 0.2482
193 700 0.2212
193 701 0.1142
193 702 0.6286
193 703 0.5527
193 704 0.5612
193 705 0.1615
193 706 0.5633
193 707 0.2721
193 708 0.1245
193 709 0.1950
193 710 0.1285
193 711 0.4382
193 712 0.1146
193 713 0.2331
193 714 0.5478
193 715 0.2811
193 716 0.1820
193 717 0.2218
193 718 0.3938
193 722 0.4522
193 723 0.2285
193 724 0.1583
193 726 0.8147
193 727 0.2007
193 728 0.7902
193 729 0.4966
193 731 0.2101
193 732 0.3327
193 733 0.1364
193 734 0.1629
193 735 0.3476
193 736 0.6099
193 737 0.5704
193 738 0.4009
193 740 0.5568
193 741 0.1685
193 742 0.6563
193 743 0.4171
193 744 0.7069
193 745 0.6204
193 747 0.1409
193 748 0.6959
193 749 0.1146
193 750 0.5250
193 752 0.6386
193 753 0.1929
193 755 0.5981
193 756 0.1142
193 757 0.1579
193 758 0.4231
193 759 0.4932
193 760 0.1695
193 762 0.1364
193 763 0.2628
193 764 0.2546
193 765 0.1771
193 766 0.4154
193 767 0.6272
193 768 0.7853
193 769 0.1364
193 770 0.3896
193 771 0.1547
193 772 0.3301
193 773 0.3508
193 775 0.5635
193 776 0.6752
193 777 0.1806
193 778 0.3078
193 780 0.1525
193 781 0.1834
193 782 0.2153
193 783 0.2179
193 784 0.1319
193 785 0.1974
193 786 0.1846
193 787 0.1618
193 789 0.6675
193 791 0.4651
193 792 0.1153
193 793 0.8300
193 794 0.2377
193 795 0.1333
193 796 0.2228
193 797 0.3392
193 798 0.1132
193 799 0.6817
193 800 0.4016
193 801 0.1609
193 802 0.1170
193 803 0.1332
193 804 0.4712
193 805 0.7185
193 806 0.2718
193 807 0.1995
193 808 0.3976
193 809 0.3976
193 810 0.5090
193 811 0.3678
193 812 0.1519
193 813 0.2744
193 814 0.3522
193 815 0.1478
193 816 0.5211
193 817 0.2012
193 818 0.1914
193 819 0.0999
193 820 0.2409
193 821 0.6672
193 822 0.2100
193 823 0.3544
193 824 0.1344
193 825 0.6823
193 827 0.6794
193 828 0.7241
193 829 0.2989
193 830 0.2310
193 831 0.4297
193 832 0.8630
193 833 0.1730
193 834 0.3392
193 835 0.1651
193 836 0.1783
193 837 0.3048
193 838 0.6250
193 839 0.2808
193 840 0.1943
193 841 0.6744
193 842 0.1707
193 843 0.3394
193 844 0.1754
193 845 0.4159
193 846 0.7985
193 848 0.1792
193 849 0.6040
193 851 0.9439
193 852 0.1142
193 853 0.2018
193 854 0.1142
193 855 0.4183
193 856 0.1631
193 857 0.5612
193 858 0.3267
193 859 0.1173
193 860 0.1812
193 861 0.1774
193 862 0.1121
193 864 0.5071
193 865 0.2288
193 866 0.1372
193 867 0.4471
193 868 0.1125
193 869 0.2202
193 870 0.5432
193 871 0.1321
193 872 0.9375
193 874 0.2673
193 875 0.1126
193 876 0.3036
193 877 0.1142
193 878 0.1855
193 880 0.4218
193 881 0.1307
193 882 0.2815
193 883 0.5305
193 884 0.1795
193 885 0.1252
193 886 0.4570
193 887 0.7857
193 888 0.1567
193 889 0.3065
193 890 0.1383
193 891 0.6280
193 892 0.1521
193 893 0.2646
193 894 0.3069
193 895 0.5393
193 896 0.2971
193 898 0.1401
193 900 0.1628
193 901 0.3759
193 903 0.2275
193 905 0.3308
193 907 0.2487
193 908 0.5504
193 909 0.8224
193 911 0.1353
193 913 0.1425
193 914 0.2286
193 915 0.5256
193 917 0.1116
193 918 0.5508
193 919 0.4709
193 920 0.1121
193 921 0.6003
193 922 0.1863
193 924 0.2254
193 928 0.3342
193 929 0.4710
193 930 0.6869
193 932 0.3494
193 934 0.4393
193 935 0.7703
193 936 0.3050
193 937 0.2618
193 938 0.1225
193 940 0.2399
193 942 0.7309
193 943 0.2840
193 944 0.1896
193 946 0.2167
193 947 0.6687
193 948 0.3423
193 949 0.1996
193 950 0.6478
193 951 0.1478
193 952 0.5535
193 953 0.5797
193 954 0.1707
193 955 0.5734
193 956 0.2830
193 957 0.4792
193 958 0.1716
193 959 0.2719
193 960 0.9165
193 961 0.2051
193 962 0.3186
193 964 0.1652
193 965 0.3569
193 966 0.1151
193 967 0.5415
193 968 0.3713
193 969 0.4910
193 971 0.1121
193 972 0.2513
193 973 0.5768
193 974 0.9561
193 975 0.1537
193 976 0.1212
193 977 0.1701
193 978 0.3829
193 979 0.5427
193 980 0.2073
193 982 0.1480
193 983 0.8694
193 984 0.6832
193 985 0.2008
193 986 0.4734
193 987 0.7334
193 989 0.2299
193 990 0.3412
193 991 0.1559
193 992 0.1746
193 993 0.8229
193 994 0.5266
193 995 0.8721
193 996 0.1116
193 999 0.2286
193 1000 0.2503
193 1001 0.2225
193 1002 0.2958
193 1003 0.5996
193 1004 0.2897
193 1006 0.1112
193 1007 0.3817
193 1008 0.2680
193 1013 0.1111
193 1014 0.6935
193 1015 0.1363
193 1016 0.1919
193 1017 0.3238
193 1018 0.1425
193 1019 0.1142
193 1020 0.6508
193 1022 0.5988
193 1023 0.2274
193 1024 0.3486
193 1026 0.4720
193 1027 0.2611
193 1028 0.2711
193 1029 0.7564
193 1030 0.3433
193 1032 0.2548
193 1033 0.1353
193 1034 0.1112
193 1035 0.1116
193 1036 0.1371
193 1037 0.4633
193 1038 0.2033
193 1039 0.1496
193 1040 0.3494
193 1041 0.3753
193 1042 0.2932
193 1044 0.3248
193 1045 0.2259
193 1046 0.4329
193 1047 0.5803
193 1048 0.4949
193 1049 0.6286
193 1051 0.1261
193 1053 0.1142
193 1054 0.1586
193 1055 0.1963
193 1056 0.6212
193 1057 0.2008
193 1059 0.1326
193 1060 0.3949
193 1061 0.2360
193 1063 0.5452
193 1064 0.2690
193 1065 0.5858
193 1066 0.2842
193 1067 0.4655
193 1068 0.8135
193 1069 0.2518
193 1070 0.3383
193 1073 0.1743
193 1075 0.1971
193 1076 0.1224
193 1077 0.1205
193 1078 0.1546
193 1079 0.4798
193 1080 0.1505
193 1082 0.1618
193 1083 0.5418
193 1084 0.5265
193 1085 0.3995
193 1087 0.3680
193 1089 0.4134
193 1090 0.1142
193 1091 0.1536
193 1093 0.3493
193 1094 0.1116
193 1096 0.1355
193 1097 0.1116
193 1099 0.8463
193 1102 0.1381
193 1103 0.2731
193 1104 0.2615
193 1105 0.6996
193 1106 0.6083
193 1107 0.1575
193 1108 0.5680
193 1110 0.1364
193 1111 0.3030
193 1116 0.1936
193 1117 0.1142
193 1118 0.2761
193 1119 0.5552
193 1121 0.1390
193 1122 0.1364
193 1123 0.1116
193 1124 0.1364
193 1125 0.4716
193 1126 0.5195
193 1127 0.1954
193 1128 0.2786
193 1129 0.6142
193 1130 0.3879
193 1131 0.1346
193 1133 0.1744
193 1134 0.1116
193 1135 0.8119
193 1136 0.2153
193 1138 0.1364
193 1139 0.1611
193 1141 0.6404
193 1142 0.1696
193 1143 0.4895
193 1144 0.2842
193 1145 0.1142
193 1146 0.1555
193 1147 0.5081
193 1148 0.8652
193 1150 0.7983
193 1151 0.4298
193 1152 0.1711
193 1153 0.4155
193 1154 0.6238
193 1155 0.1149
193 1156 0.2502
193 1157 0.1268
193 1158 0.1478
193 1159 0.1522
193 1162 0.1116
193 1163 0.4896
193 1166 0.1112
193 1167 0.2186
193 1169 0.7292
193 1172 0.1121
193 1174 0.3494
193 1176 0.2139
193 1177 0.4175
193 1178 0.1111
193 1180 0.6025
193 1182 0.1604
193 1183 0.1317
193 1185 0.6098
193 1187 0.7107
193 1188 0.4118
193 1189 0.2175
193 1191 0.6126
193 1192 0.1230
193 1193 0.6732
193 1194 0.6738
193 1196 0.1615
193 1197 0.5239
193 1199 0.3434
193 1200 0.2902
193 1201 0.1745
193 1202 0.1772
193 1204 0.1268
193 1205 0.1476
193 1206 0.3574
193 1207 0.1522
193 1208 0.2140
193 1209 0.2899
193 1210 0.5523
193 1211 0.6657
193 1213 0.2900
193 1214 0.1280
193 1215 0.1142
193 1216 0.1660
193 1217 0.1393
193 1218 0.1360
193 1219 0.1878
193 1220 0.1739
193 1221 0.1506
193 1222 0.1576
193 1223 0.1532
193 1225 0.5683
193 1226 0.4016
193 1228 0.1314
193 1229 0.1522
193 1230 0.4431
193 1231 0.1618
193 1233 0.1411
193 1235 0.1039
193 1236 0.1657
193 1237 0.1896
193 1238 0.1618
193 1240 0.5313
193 1242 0.2530
193 1243 0.1237
193 1246 0.3646
193 1247 0.2123
193 1248 0.1237
193 1250 0.2881
193 1251 0.2358
193 1252 0.2008
193 1253 0.3127
193 1254 0.4792
193 1256 0.7239
193 1257 0.1222
193 1258 0.6541
193 1259 0.5076
193 1260 0.6620
193 1262 0.4696
193 1263 0.1316
193 1265 0.1720
193 1267 0.1050
193 1268 0.1764
193 1269 0.3924
193 1270 0.3559
193 1271 0.5545
193 1272 0.5396
193 1273 0.2529
193 1274 0.2281
193 1275 0.4999
193 1276 0.5298
193 1278 0.6451
193 1279 0.3856
193 1280 0.5035
193 1281 0.2081
193 1282 0.1291
193 1283 0.1648
193 1284 0.1619
193 1286 0.3039
193 1287 0.1874
193 1288 0.2562
193 1289 0.1280
193 1290 0.1685
193 1291 0.1668
193 1292 0.6234
193 1295 0.1132
193 1296 0.1142
193 1297 0.2014
193 1298 0.1642
193 1299 0.2062
193 1300 0.1146
193 1301 0.1559
193 1303 0.1180
193 1304 0.1409
193 1305 0.1814
193 1306 0.2293
193 1307 0.1361
193 1308 0.1284
193 1309 0.2497
193 1310 0.1142
193 1311 0.1812
193 1312 0.2143
193 1316 0.8078
193 1320 0.1408
193 1322 0.2009
193 1323 0.2280
193 1324 0.1142
193 1325 0.1505
193 1326 0.1142
193 1327 0.2385
193 1330 0.1186
193 1332 0.2002
193 1333 0.2197
193 1334 0.4201
193 1335 0.1663
193 1337 0.2764
193 1340 0.1306
193 1341 0.1039
193 1342 0.1975
193 1344 0.4231
193 1345 0.1116
193 1346 0.1618
193 1347 0.1364
193 1348 0.2338
193 1349 0.4100
193 1351 0.1476
193 1353 0.3127
193 1354 0.2143
193 1355 0.3127
193 1356 0.1478
193 1358 0.1116
193 1360 0.1112
193 1361 0.1492
193 1362 0.3493
193 1363 0.2997
193 1364 0.2399
193 1365 0.1279
193 1367 0.2028
193 1368 0.2567
193 1369 0.6864
193 1370 0.2587
193 1371 0.1306
193 1372 0.1367
193 1373 0.1589
193 1374 0.1495
193 1375 0.2399
193 1376 0.1929
193 1377 0.2622
193 1378 0.1035
193 1379 0.3168
193 1380 0.2035
193 1381 0.2952
193 1382 0.1720
193 1386 0.6811
193 1387 0.7871
193 1388 0.6221
193 1389 0.5532
193 1390 0.3404
193 1392 0.3134
193 1395 0.3272
193 1396 0.4323
193 1397 0.4879
193 1398 0.2687
193 1399 0.3853
193 1401 0.1142
193 1402 0.3825
193 1405 0.5227
193 1406 0.1148
193 1407 0.5176
193 1408 0.4907
193 1409 0.7188
193 1410 0.5402
193 1411 0.6058
193 1413 0.1142
193 1414 0.1353
193 1415 0.4787
193 1416 0.1280
193 1418 0.6121
193 1419 0.4720
193 1420 0.2269
193 1421 0.6040
193 1423 0.1646
193 1424 0.1142
193 1425 0.5305
193 1426 0.7659
193 1427 0.5753
193 1428 0.6241
193 1431 0.5478
193 1434 0.8888
193 1435 0.8281
193 1436 0.5305
193 1437 0.6833
193 1438 0.5305
193 1439 0.2240
193 1440 0.6515
193 1441 0.2357
193 1445 0.7044
193 1446 0.6022
193 1448 0.1116
193 1449 0.0998
193 1451 0.2326
193 1452 0.1393
193 1453 0.3052
193 1456 0.2799
193 1457 0.2153
193 1458 0.1654
193 1459 0.1743
193 1460 0.2008
193 1461 0.1111
193 1462 0.8652
193 1463 0.1784
193 1464 0.2270
193 1465 0.2279
193 1466 0.1623
193 1468 0.1142
193 1470 0.1925
193 1472 0.2107
193 1473 0.1298
193 1474 0.1355
193 1477 0.2630
193 1478 0.1408
193 1479 0.4161
193 1480 0.2027
193 1481 0.2090
193 1482 0.1735
193 1484 0.1111
193 1485 0.1514
193 1487 0.4016
193 1488 0.1116
193 1490 0.1438
193 1491 0.1409
193 1495 0.1074
193 1497 0.1931
193 1498 0.2051
193 1499 0.1116
193 1501 0.1490
193 1503 0.2464
193 1504 0.1760
193 1505 0.5228
193 1506 0.1364
193 1507 0.2894
193 1508 0.1111
193 1510 0.1039
193 1511 0.1450
193 1512 0.1116
193 1513 0.1730
193 1514 0.1142
193 1516 0.2067
193 1517 0.3600
193 1518 0.3245
193 1519 0.1582
193 1520 0.7914
193 1522 0.1657
193 1525 0.1657
193 1526 0.1707
193 1527 0.1173
193 1529 0.2887
193 1530 0.1213
193 1531 0.1448
193 1532 0.1142
193 1534 0.2348
193 1535 0.1014
193 1536 0.1351
193 1538 0.2079
193 1540 0.2672
193 1541 0.1326
193 1542 0.1224
193 1544 0.1834
193 1546 0.1364
193 1547 0.3302
193 1548 0.4029
193 1549 0.1630
193 1550 0.2009
193 1551 0.2141
193 1552 0.1504
193 1553 0.1116
193 1554 0.1638
193 1555 0.0996
193 1562 0.1116
193 1565 0.1534
193 1567 0.1116
193 1568 0.2143
193 1569 0.1116
193 1570 0.1142
193 1571 0.1909
193 1572 0.1381
193 1573 0.1976
193 1574 0.1492
193 1577 0.4520
193 1578 0.1449
193 1579 0.6678
193 1580 0.2592
193 1581 0.1882
193 1582 0.1142
193 1583 0.2972
193 1586 0.1717
193 1587 0.2894
193 1588 0.1956
193 1589 0.4201
193 1590 0.1364
193 1591 0.1772
193 1592 0.1116
193 1593 0.2078
193 1595 0.1173
193 1596 0.1646
193 1597 0.1393
193 1598 0.1116
193 1599 0.1246
193 1602 0.1750
193 1603 0.1112
193 1604 0.2197
193 1606 0.2143
193 1608 0.6557
193 1609 0.1680
193 1610 0.1179
193 1611 0.1622
193 1612 0.1371
193 1613 0.5826
193 1615 0.1952
193 1616 0.1390
193 1618 0.2682
193 1619 0.1952
193 1620 0.2227
193 1621 0.6037
193 1622 0.7316
193 1623 0.1353
193 1624 0.2184
193 1625 0.1361
193 1626 0.1142
193 1628 0.1478
193 1629 0.1364
193 1630 0.3961
193 1631 0.1142
193 1632 0.2807
193 1633 0.1825
193 1634 0.2123
193 1636 0.1963
193 1637 0.1116
193 1639 0.2197
193 1640 0.2832
193 1643 0.2416
193 1644 0.1421
193 1645 0.1577
193 1646 0.1112
193 1647 0.5480
193 1648 0.1116
193 1649 0.1518
193 1650 0.1481
193 1651 0.1142
193 1653 0.2793
193 1654 0.1142
193 1657 0.1116
193 1658 0.1478
193 1659 0.2002
193 1661 0.1536
193 1662 0.3383
193 1663 0.4720
193 1665 0.6668
193 1667 0.5113
193 1668 0.7863
193 1671 0.1364
193 1672 0.1466
193 1673 0.3046
193 1674 0.4612
193 1675 0.3546
193 1676 0.4320
193 1678 0.5343
193 1679 0.5786
193 1680 0.5589
193 1681 0.1466
193 1683 0.6104
193 1685 0.1112
193 1687 0.5938
193 1689 0.9415
193 1690 0.5398
193 1691 0.3408
193 1692 0.4050
193 1693 0.2277
193 1694 0.2735
193 1696 0.1582
193 1697 0.3964
193 1698 0.3546
193 1700 0.6040
193 1701 0.6040
193 1702 0.6040
193 1703 0.2837
193 1704 0.5177
193 1705 0.5612
193 1707 0.6834
193 1709 0.2840
193 1710 0.1723
193 1711 0.6040
193 1712 0.9363
193 1713 0.8254
193 1714 0.5819
193 1715 0.6040
193 1716 0.3716
193 1717 0.9726
193 1718 0.4094
193 1719 0.5305
193 1720 0.1304
193 1721 0.1142
193 1722 0.1142
193 1724 0.1890
193 1725 0.1510
193 1726 0.1723
193 1728 0.1116
193 1730 0.3316
194 195 0.2257
194 196 0.5542
194 197 0.6102
194 198 0.1675
194 199 0.3412
194 200 0.3278
194 201 0.3440
194 202 0.1778
194 203 0.2329
194 204 0.3908
194 206 0.6360
194 207 0.2528
194 208 0.1493
194 209 0.1633
194 210 0.2395
194 211 0.1486
194 212 0.3459
194 213 0.3522
194 214 0.2604
194 215 0.3728
194 216 0.2662
194 217 0.2690
194 218 0.2319
194 219 0.1340
194 220 0.1197
194 221 0.1749
194 223 0.2402
194 224 0.1384
194 225 0.3023
194 226 0.3735
194 227 0.1858
194 228 0.4075
194 229 0.6315
194 230 0.4601
194 231 0.3367
194 232 0.3088
194 233 0.3110
194 234 0.6128
194 235 0.5838
194 236 0.4918
194 237 0.1873
194 238 0.6044
194 239 0.2013
194 240 0.4203
194 241 0.2915
194 242 0.4234
194 243 0.1558
194 245 0.2873
194 246 0.1594
194 248 0.1876
194 249 0.3319
194 250 0.5124
194 251 0.3117
194 253 0.1788
194 254 0.1717
194 255 0.2198
194 256 0.6131
194 257 0.1890
194 258 0.2376
194 260 0.2198
194 261 0.3370
194 262 0.3880
194 263 0.2159
194 264 0.4969
194 265 0.1702
194 266 0.5502
194 267 0.4738
194 268 0.4073
194 269 0.2325
194 270 0.4265
194 271 0.1621
194 272 0.1409
194 273 0.1657
194 274 0.5666
194 275 0.2797
194 276 0.8040
194 278 0.2136
194 279 0.3592
194 280 0.1409
194 281 0.1865
194 282 0.4558
194 283 0.5839
194 284 0.1757
194 285 0.5726
194 286 0.7363
194 287 0.7463
194 288 0.4318
194 289 0.2208
194 290 0.8651
194 291 0.1546
194 292 0.4090
194 293 0.2200
194 294 0.3334
194 295 0.3982
194 296 0.2834
194 297 0.4245
194 299 0.1787
194 300 0.4462
194 301 0.4028
194 303 0.6080
194 304 0.3264
194 305 0.1197
194 306 0.2213
194 307 0.2683
194 308 0.2761
194 309 0.5445
194 310 0.1657
194 311 0.2977
194 312 0.1467
194 313 0.1476
194 314 0.1971
194 315 0.5969
194 317 0.1257
194 318 0.3999
194 319 0.4475
194 320 0.1993
194 321 0.4228
194 322 0.1257
194 323 0.2210
194 324 0.2246
194 325 0.1249
194 326 0.1373
194 327 0.1865
194 328 0.3030
194 329 0.2243
194 330 0.1528
194 331 0.4659
194 332 0.5377
194 333 0.6001
194 334 0.2128
194 335 0.1767
194 336 0.3079
194 337 0.4433
194 338 0.6240
194 339 0.1719
194 340 0.2488
194 341 0.4544
194 342 0.2883
194 343 0.4266
194 344 0.4079
194 346 0.2352
194 347 0.4375
194 348 0.3007
194 349 0.1249
194 350 0.4490
194 351 0.3887
194 352 0.2774
194 353 0.1781
194 354 0.2511
194 356 0.1257
194 357 0.6728
194 358 0.5786
194 360 0.4377
194 361 0.5800
194 362 0.5177
194 363 0.1546
194 364 0.3001
194 366 0.3733
194 367 0.1890
194 368 0.2115
194 370 0.2201
194 371 0.1635
194 372 0.5086
194 373 0.3887
194 374 0.1837
194 375 0.2786
194 376 0.1647
194 377 0.2427
194 378 0.1865
194 379 0.5760
194 380 0.2762
194 381 0.1869
194 382 0.2022
194 383 0.8941
194 384 0.2103
194 385 0.1588
194 386 0.1945
194 387 0.1669
194 388 0.1970
194 389 0.4360
194 390 0.3322
194 391 0.4295
194 392 0.4803
194 393 0.5312
194 394 0.1991
194 395 0.1496
194 396 0.3892
194 397 0.1670
194 398 0.2172
194 399 0.4058
194 400 0.1577
194 402 0.1995
194 403 0.1517
194 404 0.3887
194 405 0.1588
194 406 0.5429
194 407 0.1385
194 408 0.1257
194 409 0.1862
194 410 0.1904
194 411 0.4814
194 412 0.2038
194 413 0.4904
194 414 0.4548
194 415 0.3371
194 416 0.4619
194 417 0.2183
194 418 0.6868
194 419 0.2266
194 420 0.3458
194 421 0.2594
194 422 0.1890
194 423 0.1670
194 424 0.7960
194 425 0.1982
194 427 0.1560
194 428 0.5025
194 429 0.1382
194 430 0.2246
194 432 0.3575
194 433 0.7024
194 434 0.8465
194 435 0.4509
194 436 0.2174
194 438 0.3717
194 439 0.3499
194 440 0.3236
194 441 0.4003
194 442 0.6136
194 444 0.2492
194 445 0.1509
194 447 0.6097
194 449 0.5586
194 450 0.3286
194 451 0.2925
194 452 0.3179
194 453 0.1761
194 454 0.8597
194 455 0.2801
194 456 0.3178
194 457 0.1938
194 458 0.2791
194 459 0.1257
194 460 0.2516
194 461 0.3426
194 463 0.5350
194 465 0.2498
194 466 0.7885
194 467 0.2883
194 468 0.1347
194 469 0.2615
194 470 0.3073
194 471 0.5354
194 472 0.2717
194 474 0.3529
194 475 0.4659
194 476 0.7334
194 478 0.1588
194 479 0.5105
194 480 0.2486
194 481 0.4369
194 482 0.1897
194 484 0.6836
194 485 0.1468
194 486 0.2158
194 488 0.1205
194 490 0.1347
194 491 0.1944
194 492 0.3423
194 494 0.2511
194 495 0.6884
194 496 0.2463
194 497 0.6741
194 498 0.1984
194 499 0.3400
194 500 0.4105
194 501 0.1106
194 503 0.3096
194 504 0.2175
194 505 0.1382
194 506 0.3303
194 507 0.1828
194 508 0.5737
194 509 0.2728
194 510 0.4018
194 511 0.3727
194 512 0.5621
194 513 0.1336
194 514 0.4750
194 515 0.6166
194 516 0.4933
194 517 0.3398
194 518 0.1812
194 519 0.3144
194 520 0.1971
194 521 0.2814
194 522 0.2013
194 523 0.1607
194 525 0.1303
194 526 0.1712
194 527 0.2198
194 529 0.3887
194 530 0.2512
194 531 0.5669
194 532 0.1257
194 533 0.2821
194 534 0.4518
194 535 0.2780
194 536 0.3459
194 537 0.3388
194 539 0.3059
194 540 0.6509
194 541 0.3710
194 542 0.3651
194 543 0.2008
194 544 0.4482
194 545 0.3553
194 546 0.2147
194 547 0.3887
194 548 0.4670
194 549 0.2585
194 550 0.2448
194 551 0.2210
194 552 0.2078
194 553 0.3947
194 554 0.2046
194 555 0.1614
194 556 0.1106
194 557 0.3736
194 558 0.3119
194 560 0.4069
194 561 0.1791
194 562 0.1106
194 563 0.6389
194 564 0.1890
194 565 0.5621
194 567 0.2586
194 568 0.8732
194 569 0.2021
194 570 0.2198
194 571 0.2518
194 572 0.2366
194 573 0.3466
194 574 0.1642
194 575 0.4459
194 576 0.3598
194 577 0.4327
194 578 0.2507
194 579 0.4921
194 580 0.1916
194 581 0.3887
194 582 0.1454
194 583 0.1331
194 584 0.1768
194 585 0.5238
194 586 0.1792
194 587 0.7484
194 589 0.2901
194 590 0.8603
194 592 0.3430
194 594 0.1449
194 595 0.2683
194 599 0.3107
194 600 0.1257
194 601 0.3574
194 602 0.3716
194 604 0.1971
194 605 0.3665
194 606 0.2061
194 607 0.4239
194 609 0.1671
194 610 0.5902
194 612 0.4466
194 613 0.3675
194 614 0.5667
194 615 0.1877
194 616 0.1500
194 617 0.6062
194 618 0.3293
194 619 0.5986
194 620 0.1322
194 621 0.1603
194 622 0.1685
194 623 0.1502
194 625 0.2214
194 626 0.2248
194 627 0.2203
194 628 0.4385
194 629 0.1843
194 631 0.3681
194 632 0.2913
194 633 0.3246
194 634 0.4266
194 635 0.1257
194 636 0.2117
194 637 0.5626
194 638 0.2602
194 639 0.3433
194 642 0.4713
194 643 0.1915
194 645 0.5691
194 646 0.3348
194 647 0.1257
194 648 0.1212
194 649 0.1340
194 650 0.2901
194 651 0.3789
194 652 0.1776
194 653 0.3463
194 654 0.4576
194 655 0.2338
194 656 0.3517
194 657 0.1257
194 658 0.3110
194 659 0.6425
194 660 0.1406
194 661 0.3148
194 662 0.3204
194 663 0.2620
194 664 0.4850
194 666 0.1497
194 667 0.2050
194 668 0.1501
194 671 0.4391
194 672 0.2154
194 673 0.1385
194 674 0.3226
194 675 0.1734
194 676 0.1855
194 677 0.2198
194 678 0.1956
194 679 0.1376
194 680 0.2175
194 681 0.1890
194 682 0.1191
194 684 0.3817
194 685 0.3496
194 686 0.2200
194 687 0.2030
194 688 0.2505
194 689 0.8637
194 690 0.3887
194 691 0.3144
194 692 0.1365
194 693 0.1657
194 694 0.1839
194 695 0.7585
194 696 0.3212
194 697 0.3887
194 698 0.8085
194 699 0.5661
194 700 0.3304
194 701 0.1257
194 702 0.1673
194 703 0.1410
194 704 0.1205
194 705 0.3768
194 706 0.6095
194 707 0.4440
194 708 0.1408
194 709 0.3805
194 710 0.3244
194 711 0.7723
194 712 0.1890
194 713 0.2572
194 714 0.5196
194 715 0.3632
194 716 0.2805
194 717 0.3246
194 718 0.2226
194 722 0.3250
194 723 0.1384
194 724 0.2555
194 726 0.1575
194 727 0.4360
194 728 0.1581
194 729 0.2231
194 731 0.2580
194 732 0.3852
194 733 0.1545
194 734 0.4702
194 735 0.3268
194 736 0.8192
194 737 0.8253
194 738 0.4068
194 740 0.1924
194 741 0.6607
194 742 0.1567
194 743 0.7053
194 744 0.2995
194 745 0.1476
194 747 0.3131
194 748 0.8257
194 749 0.1890
194 750 0.1890
194 752 0.4422
194 753 0.1625
194 755 0.1676
194 756 0.1257
194 757 0.2646
194 758 0.5665
194 759 0.2685
194 760 0.1546
194 762 0.1641
194 763 0.4668
194 764 0.2299
194 765 0.1492
194 766 0.1885
194 767 0.2585
194 768 0.8265
194 769 0.2140
194 770 0.1849
194 771 0.1824
194 772 0.2616
194 773 0.3237
194 775 0.4244
194 776 0.1783
194 777 0.4187
194 778 0.5632
194 780 0.3563
194 781 0.3984
194 782 0.2100
194 783 0.3636
194 784 0.1622
194 785 0.4775
194 786 0.6449
194 787 0.3887
194 789 0.4003
194 791 0.3797
194 792 0.2159
194 793 0.4811
194 794 0.5850
194 795 0.3337
194 796 0.6660
194 797 0.1930
194 798 0.1106
194 799 0.1734
194 800 0.2174
194 801 0.2494
194 802 0.1749
194 803 0.2956
194 804 0.8168
194 805 0.1705
194 806 0.3536
194 807 0.4058
194 808 0.6321
194 809 0.4273
194 810 0.2355
194 811 0.5030
194 812 0.1438
194 813 0.3980
194 814 0.5269
194 815 0.1385
194 816 0.1948
194 817 0.2413
194 818 0.2089
194 819 0.2370
194 820 0.2303
194 821 0.3549
194 822 0.1314
194 823 0.6527
194 824 0.3148
194 825 0.1786
194 827 0.2391
194 828 0.3527
194 829 0.1970
194 830 0.3087
194 831 0.4554
194 832 0.4030
194 833 0.2974
194 834 0.7042
194 835 0.2013
194 836 0.4472
194 837 0.4269
194 838 0.2080
194 839 0.2545
194 840 0.5453
194 841 0.1713
194 842 0.1588
194 843 0.4560
194 844 0.3834
194 845 0.2230
194 846 0.1896
194 848 0.1409
194 849 0.1467
194 851 0.7495
194 852 0.1257
194 853 0.3930
194 854 0.1257
194 855 0.4888
194 856 0.3972
194 857 0.1205
194 858 0.2463
194 859 0.2532
194 860 0.1384
194 861 0.4195
194 862 0.2834
194 864 0.1986
194 865 0.4547
194 866 0.2200
194 867 0.5905
194 868 0.2119
194 869 0.3691
194 870 0.1364
194 871 0.2185
194 872 0.9584
194 874 0.1608
194 875 0.2248
194 876 0.5796
194 877 0.1257
194 878 0.2793
194 880 0.6380
194 881 0.1214
194 882 0.3644
194 883 0.1384
194 884 0.4492
194 885 0.3348
194 886 0.3638
194 887 0.1653
194 888 0.3720
194 889 0.3442
194 890 0.1635
194 891 0.5217
194 892 0.5176
194 893 0.3745
194 894 0.3352
194 895 0.4512
194 896 0.2086
194 898 0.1705
194 900 0.1467
194 901 0.7269
194 903 0.3003
194 905 0.5081
194 907 0.2511
194 908 0.5662
194 909 0.1751
194 911 0.1906
194 913 0.2210
194 914 0.2713
194 915 0.7783
194 917 0.2612
194 918 0.2116
194 919 0.2312
194 920 0.2834
194 921 0.1846
194 922 0.3856
194 924 0.3953
194 928 0.4027
194 929 0.5091
194 930 0.1779
194 932 0.1497
194 934 0.3387
194 935 0.1665
194 936 0.6091
194 937 0.2785
194 938 0.2630
194 940 0.1382
194 942 0.1685
194 943 0.3391
194 944 0.3761
194 946 0.1829
194 947 0.2904
194 948 0.1896
194 949 0.1211
194 950 0.1657
194 951 0.1385
194 952 0.1238
194 953 0.1567
194 954 0.2550
194 955 0.3973
194 956 0.1724
194 957 0.1232
194 958 0.3253
194 959 0.2372
194 960 0.5798
194 961 0.2402
194 962 0.1929
194 964 0.3201
194 965 0.1339
194 966 0.2484
194 967 0.2298
194 968 0.7701
194 969 0.1924
194 971 0.3663
194 972 0.3469
194 973 0.3158
194 974 0.8751
194 975 0.1373
194 976 0.2199
194 977 0.1787
194 978 0.2621
194 979 0.4450
194 980 0.4619
194 982 0.2299
194 983 0.1712
194 984 0.1616
194 985 0.2602
194 986 0.2214
194 987 0.2771
194 989 0.3875
194 990 0.1549
194 991 0.2952
194 992 0.1383
194 993 0.3913
194 994 0.6931
194 995 0.4815
194 996 0.2147
194 999 0.2015
194 1000 0.2188
194 1001 0.2468
194 1002 0.5805
194 1003 0.5432
194 1004 0.4959
194 1006 0.2013
194 1007 0.5253
194 1008 0.2771
194 1013 0.2198
194 1014 0.4078
194 1015 0.2604
194 1016 0.2013
194 1017 0.3944
194 1018 0.1191
194 1019 0.1257
194 1020 0.4932
194 1022 0.4493
194 1023 0.3051
194 1024 0.3695
194 1026 0.2179
194 1027 0.1735
194 1028 0.2047
194 1029 0.1461
194 1030 0.3942
194 1032 0.3234
194 1033 0.2214
194 1034 0.3467
194 1035 0.1787
194 1036 0.2094
194 1037 0.3298
194 1038 0.2046
194 1039 0.2514
194 1040 0.1497
194 1041 0.3393
194 1042 0.2725
194 1044 0.3250
194 1045 0.4130
194 1046 0.2967
194 1047 0.1524
194 1048 0.1738
194 1049 0.1673
194 1051 0.2439
194 1053 0.1257
194 1054 0.3323
194 1055 0.3188
194 1056 0.2795
194 1057 0.2602
194 1059 0.1681
194 1060 0.3587
194 1061 0.1443
194 1063 0.5986
194 1064 0.1416
194 1065 0.1688
194 1066 0.6217
194 1067 0.6026
194 1068 0.1626
194 1069 0.2162
194 1070 0.1219
194 1073 0.2378
194 1075 0.2304
194 1076 0.3807
194 1077 0.2546
194 1078 0.3006
194 1079 0.2297
194 1080 0.2489
194 1082 0.3887
194 1083 0.6719
194 1084 0.2593
194 1085 0.2435
194 1087 0.2284
194 1089 0.5596
194 1090 0.1257
194 1091 0.2037
194 1093 0.3579
194 1094 0.2612
194 1096 0.1625
194 1097 0.1787
194 1099 0.9512
194 1102 0.2175
194 1103 0.4471
194 1104 0.4929
194 1105 0.6391
194 1106 0.2358
194 1107 0.2492
194 1108 0.1560
194 1110 0.1588
194 1111 0.1660
194 1116 0.1688
194 1117 0.1257
194 1118 0.3032
194 1119 0.1515
194 1121 0.2835
194 1122 0.1545
194 1123 0.1787
194 1124 0.2035
194 1125 0.2243
194 1126 0.3456
194 1127 0.1738
194 1128 0.2080
194 1129 0.1877
194 1130 0.6244
194 1131 0.1340
194 1133 0.1867
194 1134 0.1787
194 1135 0.9633
194 1136 0.2100
194 1138 0.1545
194 1139 0.1594
194 1141 0.1284
194 1142 0.1990
194 1143 0.3010
194 1144 0.2339
194 1145 0.1257
194 1146 0.4469
194 1147 0.1782
194 1148 0.2194
194 1150 0.1585
194 1151 0.3917
194 1152 0.7767
194 1153 0.1805
194 1154 0.2080
194 1155 0.1787
194 1156 0.1518
194 1157 0.3286
194 1158 0.2636
194 1159 0.1478
194 1162 0.1787
194 1163 0.4679
194 1166 0.2449
194 1167 0.1557
194 1169 0.1539
194 1172 0.3731
194 1174 0.4120
194 1176 0.1858
194 1177 0.1968
194 1178 0.2198
194 1180 0.1969
194 1182 0.3273
194 1183 0.1792
194 1185 0.2010
194 1187 0.1630
194 1188 0.2348
194 1189 0.1845
194 1191 0.2582
194 1192 0.3601
194 1193 0.1782
194 1194 0.2173
194 1196 0.3216
194 1197 0.3154
194 1199 0.1406
194 1200 0.5413
194 1201 0.4870
194 1202 0.2901
194 1204 0.2341
194 1205 0.1927
194 1206 0.4446
194 1207 0.1478
194 1208 0.2355
194 1209 0.3370
194 1210 0.5848
194 1211 0.7126
194 1213 0.2845
194 1214 0.1916
194 1215 0.1257
194 1216 0.4509
194 1217 0.3247
194 1218 0.3529
194 1219 0.1907
194 1220 0.4009
194 1221 0.4594
194 1222 0.3735
194 1223 0.5457
194 1225 0.8669
194 1226 0.6404
194 1228 0.2456
194 1229 0.1625
194 1230 0.4077
194 1231 0.3887
194 1233 0.3186
194 1235 0.2808
194 1236 0.3281
194 1237 0.3761
194 1238 0.3887
194 1240 0.3358
194 1242 0.4203
194 1243 0.3416
194 1246 0.2046
194 1247 0.5265
194 1248 0.2539
194 1250 0.3600
194 1251 0.4720
194 1252 0.3760
194 1253 0.1995
194 1254 0.1232
194 1256 0.3786
194 1257 0.1787
194 1258 0.5498
194 1259 0.2493
194 1260 0.3216
194 1262 0.2255
194 1263 0.1347
194 1265 0.1588
194 1267 0.3059
194 1268 0.3157
194 1269 0.4021
194 1270 0.3269
194 1271 0.1810
194 1272 0.2269
194 1273 0.2891
194 1274 0.1373
194 1275 0.2182
194 1276 0.1941
194 1278 0.2406
194 1279 0.1780
194 1280 0.3252
194 1281 0.1256
194 1282 0.3351
194 1283 0.2489
194 1284 0.1588
194 1286 0.2294
194 1287 0.1765
194 1288 0.1696
194 1289 0.1284
194 1290 0.2142
194 1291 0.2321
194 1292 0.4721
194 1295 0.1106
194 1296 0.1257
194 1297 0.1347
194 1298 0.2586
194 1299 0.1501
194 1300 0.1890
194 1301 0.2952
194 1303 0.4299
194 1304 0.1848
194 1305 0.1834
194 1306 0.2004
194 1307 0.2157
194 1308 0.3159
194 1309 0.1977
194 1310 0.1257
194 1311 0.1384
194 1312 0.1385
194 1316 0.9137
194 1320 0.1362
194 1322 0.1235
194 1323 0.4010
194 1324 0.1257
194 1325 0.2489
194 1326 0.1257
194 1327 0.2604
194 1330 0.1468
194 1332 0.1906
194 1333 0.4318
194 1334 0.1549
194 1335 0.2839
194 1337 0.2486
194 1340 0.2919
194 1341 0.2808
194 1342 0.5746
194 1344 0.1712
194 1345 0.1787
194 1346 0.3887
194 1347 0.1588
194 1348 0.3976
194 1349 0.1907
194 1351 0.1927
194 1353 0.1309
194 1354 0.1385
194 1355 0.1309
194 1356 0.2799
194 1358 0.1787
194 1360 0.3059
194 1361 0.4526
194 1362 0.1829
194 1363 0.2408
194 1364 0.1382
194 1365 0.4095
194 1367 0.5076
194 1368 0.3555
194 1369 0.4114
194 1370 0.5429
194 1371 0.2919
194 1372 0.1534
194 1373 0.1932
194 1374 0.1819
194 1375 0.1382
194 1376 0.1625
194 1377 0.3273
194 1378 0.3643
194 1379 0.4471
194 1380 0.3211
194 1381 0.3323
194 1382 0.2993
194 1386 0.2379
194 1387 0.5885
194 1388 0.1872
194 1389 0.2572
194 1390 0.1570
194 1392 0.1539
194 1395 0.2670
194 1396 0.2105
194 1397 0.2398
194 1398 0.2949
194 1399 0.1393
194 1401 0.1257
194 1402 0.1769
194 1405 0.2535
194 1406 0.3672
194 1407 0.1944
194 1408 0.2732
194 1409 0.1797
194 1410 0.5254
194 1411 0.1567
194 1413 0.1257
194 1414 0.2214
194 1415 0.2170
194 1416 0.1916
194 1418 0.1449
194 1419 0.2179
194 1420 0.3182
194 1421 0.1467
194 1423 0.1588
194 1424 0.1257
194 1425 0.1384
194 1426 0.4455
194 1427 0.1279
194 1428 0.2308
194 1431 0.1458
194 1434 0.8527
194 1435 0.5218
194 1436 0.1384
194 1437 0.1511
194 1438 0.1384
194 1439 0.1896
194 1440 0.2664
194 1441 0.3792
194 1445 0.1751
194 1446 0.1641
194 1448 0.1787
194 1449 0.2013
194 1451 0.4634
194 1452 0.3391
194 1453 0.2755
194 1456 0.3253
194 1457 0.2100
194 1458 0.3602
194 1459 0.2378
194 1460 0.2602
194 1461 0.2198
194 1462 0.1787
194 1463 0.1625
194 1464 0.3005
194 1465 0.1848
194 1466 0.3070
194 1468 0.1257
194 1470 0.3050
194 1472 0.1843
194 1473 0.1685
194 1474 0.2914
194 1477 0.2290
194 1478 0.2936
194 1479 0.3366
194 1480 0.3798
194 1481 0.1808
194 1482 0.3406
194 1484 0.2198
194 1485 0.2945
194 1487 0.2174
194 1488 0.1787
194 1490 0.2762
194 1491 0.3183
194 1495 0.1454
194 1497 0.3104
194 1498 0.2402
194 1499 0.2612
194 1501 0.2585
194 1503 0.3451
194 1504 0.2413
194 1505 0.1616
194 1506 0.1588
194 1507 0.1500
194 1508 0.2198
194 1510 0.1787
194 1511 0.1838
194 1512 0.1787
194 1513 0.2974
194 1514 0.1257
194 1516 0.2934
194 1517 0.2683
194 1518 0.4168
194 1519 0.3798
194 1520 0.8538
194 1522 0.1593
194 1525 0.2312
194 1526 0.2415
194 1527 0.2532
194 1529 0.1792
194 1530 0.2157
194 1531 0.2125
194 1532 0.1257
194 1534 0.1958
194 1535 0.1331
194 1536 0.2293
194 1538 0.3127
194 1540 0.4218
194 1541 0.1681
194 1542 0.1281
194 1544 0.3984
194 1546 0.1545
194 1547 0.2114
194 1548 0.2778
194 1549 0.1625
194 1550 0.1235
194 1551 0.1249
194 1552 0.2013
194 1553 0.2147
194 1554 0.2462
194 1555 0.1591
194 1562 0.1787
194 1565 0.1568
194 1567 0.1787
194 1568 0.3107
194 1569 0.1787
194 1570 0.1257
194 1571 0.2768
194 1572 0.3216
194 1573 0.1648
194 1574 0.4526
194 1577 0.4828
194 1578 0.1787
194 1579 0.4665
194 1580 0.3380
194 1581 0.1873
194 1582 0.1257
194 1583 0.1655
194 1586 0.1544
194 1587 0.1500
194 1588 0.4565
194 1589 0.1549
194 1590 0.1600
194 1591 0.2901
194 1592 0.1787
194 1593 0.5022
194 1595 0.2532
194 1596 0.1588
194 1597 0.3029
194 1598 0.2147
194 1599 0.2235
194 1602 0.1787
194 1603 0.3177
194 1604 0.4318
194 1606 0.3107
194 1608 0.6167
194 1609 0.2005
194 1610 0.2660
194 1611 0.3048
194 1612 0.3585
194 1613 0.7247
194 1615 0.3354
194 1616 0.2835
194 1618 0.3909
194 1619 0.3354
194 1620 0.2013
194 1621 0.4735
194 1622 0.8784
194 1623 0.4113
194 1624 0.4290
194 1625 0.3710
194 1626 0.1257
194 1628 0.2013
194 1629 0.1588
194 1630 0.3346
194 1631 0.1257
194 1632 0.2006
194 1633 0.3402
194 1634 0.4017
194 1636 0.2003
194 1637 0.3707
194 1639 0.4318
194 1640 0.4041
194 1643 0.1896
194 1644 0.1406
194 1645 0.2176
194 1646 0.2013
194 1647 0.2213
194 1648 0.1787
194 1649 0.1360
194 1650 0.1303
194 1651 0.1257
194 1653 0.3016
194 1654 0.1257
194 1657 0.1787
194 1658 0.2013
194 1659 0.1906
194 1661 0.1787
194 1662 0.1219
194 1663 0.2179
194 1665 0.1945
194 1667 0.1979
194 1668 0.3028
194 1671 0.1545
194 1672 0.2235
194 1673 0.1507
194 1674 0.1791
194 1675 0.1574
194 1676 0.1670
194 1678 0.2781
194 1679 0.1861
194 1680 0.3909
194 1681 0.2235
194 1683 0.2304
194 1685 0.2013
194 1687 0.1591
194 1689 0.9441
194 1690 0.1843
194 1691 0.2040
194 1692 0.2859
194 1693 0.2637
194 1694 0.2050
194 1696 0.1588
194 1697 0.1583
194 1698 0.1574
194 1700 0.1467
194 1701 0.1467
194 1702 0.1467
194 1703 0.1384
194 1704 0.1197
194 1705 0.1205
194 1707 0.1716
194 1709 0.1792
194 1710 0.1588
194 1711 0.1467
194 1712 0.9273
194 1713 0.3924
194 1714 0.1567
194 1715 0.1467
194 1716 0.1645
194 1717 0.9249
194 1718 0.3500
194 1719 0.1384
194 1720 0.1588
194 1721 0.1257
194 1722 0.1257
194 1724 0.1474
194 1725 0.3923
194 1726 0.1588
194 1728 0.1787
194 1730 0.1534
195 196 0.5506
195 197 0.2495
195 198 0.3143
195 199 0.5833
195 200 0.2385
195 201 0.6365
195 202 0.2807
195 203 0.2546
195 204 0.4895
195 206 0.3709
195 207 0.2662
195 208 0.1771
195 209 0.2296
195 210 0.1835
195 211 0.3585
195 212 0.4845
195 213 0.2632
195 214 0.3368
195 215 0.2384
195 216 0.2644
195 217 0.2902
195 218 0.2988
195 219 0.2564
195 220 0.1835
195 221 0.2247
195 223 0.3357
195 224 0.1961
195 225 0.2929
195 226 0.3730
195 227 0.2506
195 228 0.4953
195 229 0.2743
195 230 0.6621
195 231 0.2506
195 232 0.1495
195 233 0.2177
195 234 0.3948
195 235 0.3020
195 236 0.3543
195 237 0.3206
195 238 0.7595
195 239 0.2248
195 240 0.3642
195 241 0.2515
195 242 0.3360
195 243 0.6140
195 245 0.1907
195 246 0.2501
195 248 0.3572
195 249 0.2821
195 250 0.2539
195 251 0.3674
195 253 0.2433
195 254 0.4247
195 255 0.2370
195 256 0.3773
195 257 0.2400
195 258 0.4576
195 260 0.2370
195 261 0.2384
195 262 0.4695
195 263 0.2564
195 264 0.2550
195 265 0.2600
195 266 0.3016
195 267 0.2134
195 268 0.3018
195 269 0.2375
195 270 0.2605
195 271 0.3456
195 272 0.2111
195 273 0.1847
195 274 0.2916
195 275 0.4390
195 276 0.8603
195 278 0.3168
195 279 0.1790
195 280 0.2578
195 281 0.2174
195 282 0.3730
195 283 0.3295
195 284 0.3989
195 285 0.2059
195 286 0.7195
195 287 0.2177
195 288 0.1986
195 289 0.1684
195 290 0.5907
195 291 0.1112
195 292 0.2960
195 293 0.3078
195 294 0.2034
195 295 0.3002
195 296 0.2563
195 297 0.5746
195 299 0.2505
195 300 0.4215
195 301 0.2838
195 303 0.2479
195 304 0.2471
195 305 0.1835
195 306 0.2732
195 307 0.2370
195 308 0.2150
195 309 0.2871
195 310 0.1847
195 311 0.1417
195 312 0.2319
195 313 0.2755
195 314 0.1871
195 315 0.2789
195 317 0.2199
195 318 0.2918
195 319 0.3875
195 320 0.2388
195 321 0.4586
195 322 0.2199
195 323 0.3000
195 324 0.3570
195 325 0.2529
195 326 0.2303
195 327 0.2174
195 328 0.1719
195 329 0.2371
195 330 0.2537
195 331 0.4373
195 332 0.2666
195 333 0.3051
195 334 0.2072
195 335 0.2273
195 336 0.2203
195 337 0.2893
195 338 0.4774
195 339 0.2370
195 340 0.5844
195 341 0.5255
195 342 0.3433
195 343 0.2154
195 344 0.1940
195 346 0.3021
195 347 0.3233
195 348 0.2366
195 349 0.2529
195 350 0.2316
195 351 0.2944
195 352 0.2823
195 353 0.2775
195 354 0.2678
195 356 0.2199
195 357 0.4274
195 358 0.4797
195 360 0.2123
195 361 0.5971
195 362 0.2278
195 363 0.2858
195 364 0.3473
195 366 0.2038
195 367 0.2400
195 368 0.2828
195 370 0.3232
195 371 0.1822
195 372 0.5901
195 373 0.2944
195 374 0.2219
195 375 0.2661
195 376 0.1663
195 377 0.3865
195 378 0.2174
195 379 0.1943
195 380 0.2955
195 381 0.3462
195 382 0.3210
195 383 0.6216
195 384 0.2388
195 385 0.2686
195 386 0.3614
195 387 0.2253
195 388 0.3168
195 389 0.3000
195 390 0.3367
195 391 0.4357
195 392 0.3610
195 393 0.5059
195 394 0.2719
195 395 0.2358
195 396 0.2916
195 397 0.1867
195 398 0.3497
195 399 0.3511
195 400 0.2247
195 402 0.2303
195 403 0.2226
195 404 0.2944
195 405 0.2661
195 406 0.2911
195 407 0.2719
195 408 0.2199
195 409 0.1712
195 410 0.2303
195 411 0.4238
195 412 0.3450
195 413 0.5467
195 414 0.3860
195 415 0.4807
195 416 0.4329
195 417 0.2587
195 418 0.4803
195 419 0.3210
195 420 0.2354
195 421 0.2318
195 422 0.1598
195 423 0.1867
195 424 0.3719
195 425 0.2889
195 427 0.1987
195 428 0.3225
195 429 0.2364
195 430 0.3228
195 432 0.2428
195 433 0.3440
195 434 0.7917
195 435 0.4587
195 436 0.2529
195 438 0.3918
195 439 0.3720
195 440 0.2156
195 441 0.5585
195 442 0.7340
195 444 0.1792
195 445 0.4579
195 447 0.2753
195 449 0.4108
195 450 0.2124
195 451 0.2472
195 452 0.1661
195 453 0.2860
195 454 0.8129
195 455 0.3577
195 456 0.3719
195 457 0.2159
195 458 0.3254
195 459 0.2199
195 460 0.4255
195 461 0.3296
195 463 0.5291
195 465 0.1624
195 466 0.3957
195 467 0.3784
195 468 0.2199
195 469 0.1870
195 470 0.2262
195 471 0.5224
195 472 0.5133
195 474 0.1571
195 475 0.5850
195 476 0.5742
195 478 0.2661
195 479 0.2760
195 480 0.2843
195 481 0.1836
195 482 0.2587
195 484 0.5545
195 485 0.4655
195 486 0.2661
195 488 0.2321
195 490 0.2199
195 491 0.2388
195 492 0.2422
195 494 0.2678
195 495 0.6027
195 496 0.2040
195 497 0.5667
195 498 0.1891
195 499 0.2219
195 500 0.4408
195 501 0.1999
195 503 0.2347
195 504 0.2334
195 505 0.2364
195 506 0.1880
195 507 0.1963
195 508 0.4701
195 509 0.2835
195 510 0.2973
195 511 0.5714
195 512 0.2293
195 513 0.0952
195 514 0.5322
195 515 0.3906
195 516 0.3300
195 517 0.2648
195 518 0.3902
195 519 0.3102
195 520 0.2865
195 521 0.4489
195 522 0.2248
195 523 0.3213
195 525 0.2509
195 526 0.2661
195 527 0.2370
195 529 0.2944
195 530 0.3245
195 531 0.4173
195 532 0.2199
195 533 0.3612
195 534 0.2301
195 535 0.3011
195 536 0.3700
195 537 0.2645
195 539 0.2248
195 540 0.5119
195 541 0.3434
195 542 0.2522
195 543 0.3419
195 544 0.3887
195 545 0.2661
195 546 0.2505
195 547 0.2944
195 548 0.4192
195 549 0.1724
195 550 0.2219
195 551 0.3000
195 552 0.2505
195 553 0.3599
195 554 0.3541
195 555 0.2507
195 556 0.1999
195 557 0.3034
195 558 0.4337
195 560 0.2136
195 561 0.2744
195 562 0.1999
195 563 0.6648
195 564 0.1598
195 565 0.2293
195 567 0.1864
195 568 0.6629
195 569 0.2097
195 570 0.2370
195 571 0.4612
195 572 0.2845
195 573 0.3421
195 574 0.1780
195 575 0.3659
195 576 0.1982
195 577 0.3742
195 578 0.4674
195 579 0.6190
195 580 0.2661
195 581 0.2944
195 582 0.2230
195 583 0.2386
195 584 0.3177
195 585 0.5230
195 586 0.2992
195 587 0.4023
195 589 0.3952
195 590 0.8736
195 592 0.4099
195 594 0.2205
195 595 0.2370
195 599 0.1974
195 600 0.2199
195 601 0.4631
195 602 0.2732
195 604 0.2733
195 605 0.2634
195 606 0.2376
195 607 0.3554
195 609 0.2756
195 610 0.4590
195 612 0.2845
195 613 0.4969
195 614 0.3792
195 615 0.2695
195 616 0.2571
195 617 0.1991
195 618 0.3614
195 619 0.2132
195 620 0.2833
195 621 0.3047
195 622 0.2719
195 623 0.2303
195 625 0.2821
195 626 0.3793
195 627 0.2068
195 628 0.4936
195 629 0.2569
195 631 0.2154
195 632 0.1568
195 633 0.3899
195 634 0.3361
195 635 0.2199
195 636 0.2757
195 637 0.2242
195 638 0.1792
195 639 0.6685
195 642 0.3670
195 643 0.3819
195 645 0.3798
195 646 0.2273
195 647 0.2199
195 648 0.3302
195 649 0.2564
195 650 0.5128
195 651 0.6679
195 652 0.2501
195 653 0.1689
195 654 0.4041
195 655 0.3078
195 656 0.2661
195 657 0.2199
195 658 0.3356
195 659 0.4901
195 660 0.2506
195 661 0.2368
195 662 0.2841
195 663 0.2859
195 664 0.3157
195 666 0.3103
195 667 0.2963
195 668 0.2065
195 671 0.2175
195 672 0.2122
195 673 0.2719
195 674 0.2746
195 675 0.2099
195 676 0.3503
195 677 0.2424
195 678 0.2530
195 679 0.1887
195 680 0.2150
195 681 0.2400
195 682 0.2172
195 684 0.3768
195 685 0.3312
195 686 0.2512
195 687 0.3134
195 688 0.3311
195 689 0.5752
195 690 0.2944
195 691 0.3819
195 692 0.2530
195 693 0.1847
195 694 0.1692
195 695 0.5791
195 696 0.3416
195 697 0.2944
195 698 0.2515
195 699 0.4556
195 700 0.3369
195 701 0.2199
195 702 0.1696
195 703 0.2131
195 704 0.2321
195 705 0.5053
195 706 0.6905
195 707 0.2149
195 708 0.2705
195 709 0.3887
195 710 0.3764
195 711 0.6860
195 712 0.1598
195 713 0.2021
195 714 0.3535
195 715 0.2651
195 716 0.3000
195 717 0.3052
195 718 0.3350
195 722 0.5214
195 723 0.3276
195 724 0.2449
195 726 0.2627
195 727 0.3000
195 728 0.4464
195 729 0.2953
195 731 0.2220
195 732 0.3933
195 733 0.2661
195 734 0.3788
195 735 0.2406
195 736 0.5403
195 737 0.5991
195 738 0.5139
195 740 0.3121
195 741 0.4337
195 742 0.2008
195 743 0.3844
195 744 0.3823
195 745 0.1305
195 747 0.2612
195 748 0.6228
195 749 0.1598
195 750 0.2013
195 752 0.5635
195 753 0.2728
195 755 0.4097
195 756 0.2199
195 757 0.4380
195 758 0.5017
195 759 0.3279
195 760 0.2858
195 762 0.3206
195 763 0.3226
195 764 0.3706
195 765 0.2524
195 766 0.3687
195 767 0.3315
195 768 0.8302
195 769 0.2661
195 770 0.3842
195 771 0.4786
195 772 0.3791
195 773 0.3281
195 775 0.2164
195 776 0.1631
195 777 0.3883
195 778 0.4883
195 780 0.5383
195 781 0.2728
195 782 0.2421
195 783 0.3309
195 784 0.2064
195 785 0.4710
195 786 0.2037
195 787 0.2944
195 789 0.3122
195 791 0.2860
195 792 0.2564
195 793 0.4675
195 794 0.3947
195 795 0.1874
195 796 0.4816
195 797 0.2656
195 798 0.1999
195 799 0.2099
195 800 0.2529
195 801 0.3748
195 802 0.2247
195 803 0.2187
195 804 0.2532
195 805 0.1674
195 806 0.3841
195 807 0.4469
195 808 0.3148
195 809 0.3914
195 810 0.3541
195 811 0.6594
195 812 0.2247
195 813 0.3906
195 814 0.3924
195 815 0.2719
195 816 0.2255
195 817 0.3041
195 818 0.3238
195 819 0.2718
195 820 0.2249
195 821 0.2776
195 822 0.2284
195 823 0.6090
195 824 0.2368
195 825 0.2135
195 827 0.1646
195 828 0.3029
195 829 0.3183
195 830 0.2682
195 831 0.4503
195 832 0.3220
195 833 0.2197
195 834 0.5228
195 835 0.2248
195 836 0.6077
195 837 0.3288
195 838 0.3439
195 839 0.1979
195 840 0.4019
195 841 0.2290
195 842 0.2661
195 843 0.3511
195 844 0.2522
195 845 0.3299
195 846 0.3132
195 848 0.2703
195 849 0.1635
195 851 0.6966
195 852 0.2199
195 853 0.3000
195 854 0.2199
195 855 0.4452
195 856 0.2818
195 857 0.2321
195 858 0.3843
195 859 0.2687
195 860 0.2513
195 861 0.3246
195 862 0.2563
195 864 0.1540
195 865 0.3550
195 866 0.3078
195 867 0.5466
195 868 0.2670
195 869 0.4399
195 870 0.2149
195 871 0.1895
195 872 0.9040
195 874 0.2370
195 875 0.3004
195 876 0.8978
195 877 0.2199
195 878 0.2705
195 880 0.5283
195 881 0.2715
195 882 0.3098
195 883 0.1773
195 884 0.2905
195 885 0.3439
195 886 0.6348
195 887 0.3292
195 888 0.3689
195 889 0.3976
195 890 0.2877
195 891 0.4038
195 892 0.3238
195 893 0.2965
195 894 0.4286
195 895 0.2540
195 896 0.3334
195 898 0.5063
195 900 0.2319
195 901 0.2644
195 903 0.2866
195 905 0.5770
195 907 0.2152
195 908 0.5061
195 909 0.5358
195 911 0.3337
195 913 0.3000
