744 1393 0.1176
744 1394 0.5376
744 1395 0.4992
744 1396 0.5440
744 1397 0.0553
744 1398 0.1360
744 1399 0.6724
744 1401 0.0695
744 1402 0.1137
744 1405 0.0565
744 1406 0.4474
744 1407 0.6096
744 1408 0.0529
744 1409 0.0502
744 1410 0.0538
744 1411 0.2803
744 1412 0.5076
744 1413 0.0508
744 1415 0.0679
744 1416 0.0378
744 1418 0.3066
744 1419 0.6105
744 1421 0.8658
744 1422 0.7034
744 1423 0.9301
744 1424 0.1177
744 1425 0.9375
744 1426 0.2183
744 1427 0.9597
744 1428 0.7833
744 1431 0.9216
744 1434 0.9993
744 1435 0.9896
744 1436 0.8862
744 1437 0.9345
744 1438 0.9137
744 1439 0.8544
744 1440 0.9731
744 1441 0.8132
744 1443 0.5655
744 1446 0.7026
744 1448 0.2447
744 1449 0.4585
744 1451 0.0950
744 1452 0.1177
744 1453 0.0709
744 1454 0.0709
744 1455 0.6568
744 1456 0.0827
744 1457 0.0550
744 1458 0.0604
744 1459 0.0570
744 1460 0.0828
744 1461 0.0709
744 1462 0.1570
744 1463 0.0555
744 1464 0.0210
744 1466 0.0495
744 1472 0.2353
744 1473 0.0993
744 1475 0.0850
744 1477 0.0462
744 1479 0.2104
744 1480 0.0612
744 1481 0.0661
744 1482 0.1148
744 1484 0.2006
744 1485 0.4102
744 1488 0.0673
744 1490 0.0542
744 1491 0.1534
744 1493 0.2406
744 1494 0.0364
744 1495 0.0524
744 1497 0.0614
744 1498 0.0570
744 1499 0.0604
744 1500 0.0894
744 1501 0.0939
744 1503 0.1068
744 1504 0.0372
744 1505 0.0750
744 1506 0.0555
744 1507 0.3140
744 1508 0.0847
744 1510 0.0972
744 1511 0.2984
744 1512 0.0680
744 1513 0.0413
744 1514 0.1177
744 1515 0.0789
744 1516 0.3280
744 1517 0.1734
744 1518 0.0765
744 1519 0.0345
744 1520 0.1077
744 1522 0.0378
744 1523 0.0512
744 1525 0.0641
744 1526 0.0371
744 1527 0.0526
744 1528 0.0709
744 1529 0.3067
744 1530 0.0280
744 1532 0.0683
744 1535 0.0336
744 1536 0.0450
744 1538 0.0344
744 1540 0.6416
744 1541 0.0673
744 1542 0.0275
744 1544 0.0449
744 1545 0.0478
744 1546 0.0614
744 1547 0.0277
744 1548 0.0429
744 1549 0.0513
744 1550 0.0709
744 1551 0.0280
744 1554 0.0498
744 1555 0.1177
744 1557 0.0709
744 1560 0.0252
744 1562 0.0535
744 1567 0.0394
744 1568 0.0550
744 1569 0.1209
744 1570 0.3651
744 1571 0.6518
744 1572 0.5397
744 1573 0.1219
744 1575 0.4343
744 1577 0.6811
744 1578 0.2161
744 1579 0.2849
744 1580 0.1411
744 1581 0.2663
744 1582 0.0698
744 1583 0.6820
744 1584 0.0497
744 1585 0.5892
744 1587 0.1774
744 1588 0.2616
744 1590 0.6333
744 1591 0.6435
744 1592 0.1393
744 1593 0.3803
744 1594 0.0527
744 1595 0.0557
744 1596 0.1177
744 1598 0.0614
744 1599 0.4574
744 1601 0.1177
744 1602 0.1395
744 1603 0.0468
744 1604 0.3150
744 1605 0.0614
744 1606 0.1960
744 1607 0.1509
744 1608 0.4074
744 1609 0.0535
744 1610 0.3651
744 1611 0.0991
744 1612 0.2541
744 1613 0.2206
744 1614 0.6317
744 1615 0.0588
744 1616 0.3080
744 1617 0.0393
744 1618 0.7788
744 1619 0.0815
744 1621 0.5454
744 1622 0.6251
744 1623 0.3583
744 1624 0.2590
744 1626 0.0530
744 1627 0.1606
744 1628 0.0745
744 1629 0.7224
744 1630 0.1342
744 1632 0.5730
744 1633 0.1807
744 1634 0.1309
744 1637 0.3945
744 1639 0.0290
744 1640 0.1443
744 1641 0.0772
744 1642 0.0614
744 1644 0.0558
744 1645 0.0470
744 1646 0.0553
744 1647 0.1814
744 1648 0.1192
744 1649 0.0534
744 1650 0.0865
744 1653 0.1188
744 1654 0.0534
744 1655 0.2060
744 1659 0.0614
744 1660 0.0437
744 1661 0.0703
744 1662 0.3489
744 1663 0.5720
744 1664 0.0640
744 1665 0.0564
744 1666 0.0614
744 1667 0.0779
744 1668 0.0617
744 1669 0.0386
744 1670 0.0614
744 1671 0.0542
744 1672 0.0709
744 1673 0.1177
744 1674 0.0800
744 1675 0.5526
744 1676 0.0771
744 1677 0.3098
744 1678 0.7998
744 1679 0.0583
744 1680 0.0614
744 1681 0.0612
744 1682 0.0514
744 1683 0.1805
744 1684 0.1177
744 1685 0.1124
744 1687 0.0714
744 1688 0.0664
744 1689 0.7148
744 1690 0.1554
744 1691 0.3763
744 1692 0.6093
744 1694 0.1450
744 1695 0.2735
744 1696 0.8264
744 1697 0.2875
744 1698 0.0824
744 1699 0.9253
744 1700 0.9135
744 1701 0.9006
744 1702 0.8500
744 1703 0.0673
744 1704 0.0453
744 1706 0.9500
744 1707 0.9750
744 1708 0.8132
744 1711 0.9091
744 1712 0.9990
744 1713 0.9615
744 1714 0.9180
744 1716 0.6482
744 1717 0.9987
744 1718 0.8922
744 1719 0.0709
744 1720 0.5135
744 1721 0.4369
744 1723 0.5008
744 1725 0.5568
745 746 0.3199
745 747 0.1042
745 748 0.0503
745 750 0.3089
745 751 0.3192
745 752 0.9557
745 753 0.1384
745 754 0.1389
745 755 0.7075
745 756 0.0948
745 757 0.1101
745 758 0.1411
745 759 0.0798
745 760 0.0537
745 761 0.3594
745 762 0.1362
745 763 0.1253
745 764 0.1592
745 765 0.0526
745 766 0.0884
745 767 0.1884
745 768 0.0713
745 769 0.1135
745 770 0.2647
745 771 0.0481
745 772 0.0977
745 773 0.1626
745 774 0.0533
745 775 0.6622
745 776 0.7161
745 777 0.0722
745 778 0.1323
745 780 0.0271
745 781 0.1102
745 782 0.1503
745 783 0.1264
745 784 0.0123
745 785 0.2633
745 786 0.0323
745 787 0.0689
745 788 0.1690
745 789 0.4294
745 791 0.1411
745 792 0.1014
745 793 0.0693
745 794 0.0242
745 796 0.2137
745 797 0.3461
745 798 0.0972
745 799 0.7023
745 800 0.0635
745 801 0.1725
745 802 0.0901
745 803 0.0575
745 804 0.1345
745 805 0.7884
745 806 0.0983
745 807 0.1362
745 808 0.0812
745 809 0.0745
745 810 0.1137
745 811 0.0674
745 812 0.0948
745 813 0.0813
745 814 0.4066
745 815 0.0870
745 816 0.0949
745 817 0.1265
745 818 0.0652
745 819 0.0970
745 820 0.1102
745 821 0.1343
745 822 0.1014
745 823 0.0643
745 824 0.1293
745 825 0.7569
745 827 0.6459
745 828 0.6372
745 829 0.2033
745 830 0.0533
745 831 0.7417
745 832 0.7476
745 833 0.0677
745 834 0.0971
745 835 0.0900
745 836 0.2256
745 837 0.0519
745 838 0.7369
745 839 0.0903
745 840 0.0907
745 841 0.3696
745 842 0.0661
745 843 0.0674
745 845 0.0773
745 846 0.6432
745 847 0.1387
745 848 0.1097
745 849 0.7595
745 850 0.2493
745 851 0.9917
745 852 0.1102
745 854 0.0534
745 855 0.1370
745 856 0.1049
745 858 0.7466
745 859 0.0706
745 860 0.0671
745 861 0.2596
745 862 0.0992
745 864 0.7354
745 865 0.0691
745 866 0.0836
745 867 0.1173
745 868 0.2063
745 869 0.0426
745 870 0.7607
745 871 0.0444
745 872 0.3326
745 874 0.0599
745 875 0.0712
745 876 0.0605
745 877 0.1010
745 878 0.2868
745 880 0.1342
745 881 0.0431
745 882 0.0597
745 883 0.7317
745 884 0.0764
745 886 0.0985
745 887 0.7467
745 888 0.0679
745 889 0.1836
745 890 0.0795
745 891 0.2372
745 893 0.1772
745 894 0.2489
745 895 0.6223
745 896 0.1009
745 897 0.1333
745 898 0.0267
745 899 0.0505
745 900 0.0964
745 901 0.1840
745 903 0.0187
745 905 0.0752
745 906 0.1102
745 907 0.5200
745 908 0.2255
745 909 0.7479
745 910 0.1387
745 911 0.1007
745 912 0.0984
745 913 0.2909
745 914 0.1159
745 915 0.0447
745 916 0.0977
745 917 0.1387
745 918 0.4159
745 919 0.1785
745 920 0.1195
745 921 0.7164
745 922 0.1741
745 924 0.2154
745 928 0.1437
745 929 0.5134
745 930 0.7368
745 932 0.0616
745 933 0.0987
745 934 0.0636
745 935 0.7262
745 936 0.1903
745 937 0.1387
745 938 0.0879
745 939 0.0555
745 940 0.1608
745 941 0.0860
745 942 0.7031
745 943 0.1921
745 944 0.1720
745 946 0.1109
745 947 0.7886
745 948 0.2613
745 949 0.0501
745 950 0.7045
745 951 0.1052
745 952 0.5055
745 953 0.2145
745 954 0.0652
745 955 0.1061
745 956 0.1886
745 957 0.1159
745 958 0.1387
745 959 0.1200
745 960 0.4127
745 961 0.0677
745 962 0.0667
745 964 0.1608
745 965 0.1282
745 966 0.0505
745 967 0.0781
745 968 0.0271
745 969 0.1901
745 971 0.1010
745 972 0.1136
745 973 0.4803
745 974 0.4567
745 976 0.0632
745 977 0.0977
745 978 0.2928
745 979 0.9160
745 980 0.1871
745 981 0.0977
745 982 0.1101
745 983 0.0647
745 984 0.6611
745 985 0.2379
745 986 0.6557
745 987 0.2538
745 989 0.0982
745 990 0.0710
745 991 0.1260
745 992 0.0817
745 993 0.9583
745 994 0.1819
745 995 0.7916
745 996 0.0951
745 1000 0.0664
745 1001 0.0937
745 1002 0.0579
745 1003 0.1744
745 1004 0.0313
745 1006 0.3053
745 1007 0.0588
745 1008 0.0992
745 1013 0.1388
745 1014 0.2728
745 1015 0.1308
745 1016 0.3459
745 1017 0.0631
745 1018 0.0629
745 1019 0.0704
745 1020 0.1333
745 1022 0.1353
745 1023 0.0884
745 1024 0.1365
745 1026 0.1111
745 1027 0.1138
745 1028 0.0722
745 1029 0.7433
745 1030 0.2914
745 1032 0.3870
745 1033 0.1156
745 1034 0.0687
745 1035 0.0627
745 1036 0.0389
745 1037 0.1083
745 1038 0.0690
745 1039 0.1387
745 1040 0.0919
745 1041 0.0760
745 1042 0.3504
745 1043 0.0966
745 1044 0.1269
745 1045 0.0977
745 1046 0.1387
745 1047 0.2756
745 1048 0.2288
745 1049 0.6715
745 1050 0.7063
745 1051 0.0653
745 1052 0.1793
745 1053 0.0673
745 1054 0.1102
745 1055 0.0583
745 1056 0.1677
745 1057 0.0789
745 1058 0.0544
745 1059 0.1584
745 1060 0.0529
745 1061 0.2833
745 1062 0.0850
745 1063 0.2049
745 1064 0.0831
745 1065 0.5999
745 1066 0.1386
745 1067 0.1507
745 1068 0.9222
745 1069 0.5017
745 1070 0.0835
745 1072 0.0714
745 1073 0.0948
745 1075 0.3129
745 1076 0.0970
745 1077 0.0583
745 1078 0.0892
745 1079 0.1811
745 1080 0.0617
745 1081 0.0580
745 1082 0.1211
745 1083 0.4691
745 1084 0.4699
745 1085 0.4589
745 1087 0.3893
745 1089 0.0789
745 1090 0.6581
745 1093 0.2875
745 1094 0.1432
745 1095 0.0660
745 1097 0.1010
745 1099 0.2182
745 1102 0.0893
745 1103 0.0553
745 1104 0.4075
745 1105 0.6181
745 1106 0.5011
745 1107 0.0892
745 1108 0.3709
745 1109 0.1102
745 1110 0.1102
745 1111 0.1311
745 1113 0.0639
745 1115 0.0506
745 1116 0.1113
745 1117 0.0955
745 1118 0.3969
745 1119 0.0845
745 1123 0.1114
745 1124 0.1293
745 1125 0.6472
745 1126 0.3722
745 1127 0.0870
745 1128 0.7064
745 1129 0.0599
745 1130 0.0680
745 1131 0.0536
745 1132 0.0793
745 1133 0.0841
745 1134 0.0861
745 1135 0.2773
745 1136 0.1387
745 1138 0.7240
745 1139 0.0529
745 1141 0.6278
745 1142 0.1063
745 1143 0.0571
745 1145 0.0669
745 1146 0.2187
745 1147 0.6818
745 1148 0.1176
745 1149 0.4064
745 1150 0.7491
745 1151 0.0948
745 1152 0.0992
745 1153 0.7207
745 1154 0.9002
745 1155 0.0977
745 1156 0.1102
745 1157 0.0977
745 1158 0.1667
745 1159 0.0960
745 1160 0.0678
745 1161 0.6295
745 1162 0.1515
745 1163 0.0779
745 1165 0.1377
745 1166 0.1230
745 1167 0.0802
745 1169 0.6327
745 1172 0.1102
745 1174 0.3433
745 1176 0.1529
745 1177 0.0816
745 1178 0.0977
745 1180 0.7635
745 1181 0.2051
745 1182 0.1241
745 1183 0.1387
745 1184 0.1387
745 1185 0.7143
745 1186 0.0740
745 1187 0.7125
745 1188 0.1102
745 1189 0.1731
745 1191 0.6124
745 1192 0.2439
745 1193 0.8538
745 1194 0.6925
745 1195 0.4142
745 1196 0.0533
745 1197 0.0984
745 1198 0.1101
745 1199 0.1089
745 1200 0.0661
745 1201 0.1481
745 1202 0.0650
745 1203 0.3947
745 1204 0.1102
745 1205 0.1573
745 1206 0.4022
745 1208 0.2849
745 1209 0.2862
745 1210 0.3476
745 1211 0.3615
745 1212 0.1211
745 1213 0.0433
745 1214 0.1262
745 1215 0.1576
745 1216 0.1387
745 1217 0.0702
745 1218 0.1104
745 1219 0.0820
745 1220 0.3614
745 1221 0.0876
745 1222 0.0618
745 1223 0.1484
745 1224 0.0899
745 1225 0.2073
745 1226 0.1392
745 1227 0.2081
745 1228 0.3083
745 1229 0.1170
745 1230 0.0654
745 1231 0.0506
745 1233 0.0649
745 1234 0.0948
745 1235 0.1221
745 1236 0.2890
745 1237 0.2028
745 1238 0.0676
745 1240 0.1334
745 1241 0.0625
745 1242 0.1619
745 1244 0.0893
745 1247 0.1089
745 1248 0.0817
745 1250 0.3439
745 1251 0.1855
745 1252 0.1640
745 1253 0.1010
745 1254 0.5206
745 1255 0.0764
745 1256 0.1520
745 1257 0.1693
745 1258 0.6991
745 1259 0.1532
745 1260 0.1753
745 1262 0.5576
745 1263 0.1739
745 1265 0.4284
745 1266 0.1101
745 1267 0.2810
745 1268 0.1412
745 1269 0.4909
745 1270 0.1786
745 1271 0.1013
745 1272 0.1596
745 1273 0.0888
745 1275 0.0829
745 1276 0.5351
745 1279 0.2160
745 1280 0.2038
745 1281 0.1349
745 1282 0.0893
745 1283 0.0671
745 1284 0.0604
745 1286 0.1549
745 1287 0.0540
745 1288 0.0930
745 1289 0.0860
745 1290 0.4644
745 1291 0.0942
745 1292 0.1078
745 1293 0.0646
745 1295 0.0556
745 1297 0.0546
745 1298 0.0556
745 1299 0.0455
745 1300 0.1102
745 1301 0.0611
745 1303 0.0729
745 1304 0.0823
745 1305 0.0874
745 1306 0.1017
745 1307 0.0556
745 1308 0.1122
745 1309 0.1102
745 1310 0.1107
745 1311 0.0623
745 1315 0.1264
745 1316 0.1784
745 1318 0.0618
745 1320 0.0591
745 1322 0.1387
745 1323 0.1377
745 1324 0.2496
745 1326 0.4236
745 1327 0.0796
745 1329 0.0977
745 1330 0.4187
745 1331 0.1446
745 1333 0.1554
745 1334 0.0506
745 1335 0.4642
745 1336 0.4952
745 1337 0.0893
745 1339 0.0752
745 1340 0.0534
745 1341 0.1102
745 1342 0.0366
745 1343 0.0611
745 1344 0.2480
745 1346 0.0525
745 1347 0.0984
745 1348 0.2402
745 1349 0.2344
745 1350 0.1387
745 1351 0.0527
745 1352 0.1317
745 1353 0.2836
745 1354 0.1880
745 1355 0.2836
745 1356 0.1573
745 1357 0.0654
745 1360 0.1563
745 1361 0.1059
745 1362 0.1335
745 1363 0.1388
745 1364 0.0618
745 1367 0.2297
745 1368 0.0859
745 1369 0.7112
745 1370 0.0930
745 1372 0.0892
745 1374 0.3188
745 1375 0.0618
745 1377 0.0977
745 1378 0.1573
745 1379 0.0986
745 1380 0.1388
745 1381 0.2927
745 1382 0.1387
745 1383 0.4197
745 1384 0.0551
745 1386 0.2220
745 1387 0.1186
745 1388 0.2498
745 1389 0.1184
745 1390 0.1519
745 1393 0.0975
745 1394 0.2285
745 1395 0.4972
745 1396 0.2616
745 1397 0.0665
745 1398 0.1376
745 1399 0.3884
745 1401 0.1801
745 1402 0.1462
745 1405 0.2129
745 1406 0.4717
745 1407 0.3060
745 1408 0.0618
745 1409 0.0986
745 1410 0.1050
745 1411 0.3890
745 1412 0.5549
745 1413 0.0954
745 1415 0.1365
745 1416 0.1002
745 1418 0.1886
745 1419 0.6954
745 1421 0.6735
745 1422 0.2717
745 1423 0.6272
745 1424 0.1387
745 1425 0.7047
745 1426 0.2939
745 1427 0.6662
745 1428 0.5368
745 1431 0.5505
745 1434 0.9967
745 1435 0.9500
745 1436 0.6112
745 1437 0.6580
745 1438 0.6587
745 1439 0.5627
745 1440 0.7958
745 1441 0.3462
745 1443 0.4216
745 1446 0.3906
745 1448 0.3262
745 1449 0.4520
745 1451 0.0749
745 1452 0.1387
745 1453 0.0977
745 1454 0.0977
745 1455 0.4302
745 1456 0.0599
745 1457 0.0502
745 1458 0.0540
745 1459 0.0948
745 1460 0.1366
745 1461 0.0977
745 1462 0.1025
745 1463 0.0893
745 1464 0.1182
745 1466 0.0599
745 1472 0.4883
745 1473 0.0821
745 1475 0.0664
745 1477 0.0850
745 1479 0.2171
745 1480 0.1010
745 1481 0.0893
745 1482 0.1042
745 1484 0.2000
745 1485 0.2101
745 1488 0.1101
745 1490 0.0562
745 1491 0.1012
745 1493 0.2098
745 1494 0.0875
745 1495 0.0506
745 1497 0.1102
745 1498 0.0948
745 1499 0.0540
745 1500 0.0902
745 1501 0.1774
745 1503 0.1312
745 1504 0.1969
745 1505 0.1170
745 1506 0.0893
745 1507 0.3210
745 1508 0.1293
745 1510 0.1408
745 1511 0.2165
745 1512 0.1104
745 1513 0.0725
745 1514 0.1387
745 1515 0.0805
745 1516 0.0948
745 1517 0.1107
745 1518 0.1286
745 1519 0.0355
745 1520 0.1273
745 1522 0.0769
745 1523 0.0553
745 1525 0.0716
745 1526 0.1165
745 1527 0.0821
745 1528 0.0977
745 1529 0.2759
745 1530 0.0546
745 1532 0.0909
745 1535 0.2016
745 1536 0.0394
745 1538 0.0570
745 1540 0.3723
745 1541 0.0964
745 1542 0.0795
745 1544 0.0913
745 1545 0.0639
745 1546 0.1102
745 1547 0.0964
745 1548 0.0541
745 1549 0.0651
745 1550 0.0977
745 1551 0.0641
745 1554 0.0862
745 1555 0.1387
745 1557 0.0977
745 1560 0.0524
745 1562 0.0845
745 1567 0.1288
745 1568 0.0907
745 1569 0.0992
745 1570 0.2945
745 1571 0.5235
745 1572 0.2211
745 1573 0.0970
745 1575 0.3131
745 1577 0.4413
745 1578 0.2179
745 1579 0.1360
745 1580 0.0725
745 1581 0.1110
745 1582 0.0757
745 1583 0.3129
745 1584 0.1102
745 1585 0.0780
745 1587 0.2337
745 1588 0.1256
745 1590 0.2474
745 1591 0.4053
745 1592 0.1010
745 1593 0.0666
745 1594 0.0889
745 1595 0.0799
745 1596 0.1387
745 1598 0.1102
745 1599 0.2235
745 1601 0.1387
745 1602 0.0942
745 1603 0.0917
745 1604 0.4459
745 1605 0.1102
745 1606 0.1840
745 1607 0.1594
745 1608 0.3805
745 1609 0.0845
745 1610 0.2945
745 1611 0.1281
745 1612 0.1380
745 1613 0.1336
745 1614 0.1804
745 1615 0.0899
745 1616 0.2247
745 1617 0.0942
745 1618 0.7882
745 1619 0.1341
745 1621 0.2901
745 1622 0.1117
745 1623 0.2653
745 1624 0.1493
745 1626 0.0845
745 1627 0.0942
745 1628 0.1203
745 1629 0.5184
745 1630 0.1090
745 1632 0.2883
745 1633 0.1237
745 1634 0.0839
745 1637 0.5118
745 1639 0.0653
745 1640 0.1376
745 1641 0.1102
745 1642 0.1102
745 1644 0.0881
745 1645 0.0717
745 1646 0.0655
745 1647 0.0823
745 1648 0.1102
745 1649 0.0817
745 1650 0.0964
745 1653 0.1958
745 1654 0.0817
745 1655 0.2034
745 1659 0.1102
745 1660 0.0609
745 1661 0.1159
745 1662 0.4023
745 1663 0.5461
745 1664 0.1056
745 1665 0.0663
745 1666 0.1102
745 1667 0.1284
745 1668 0.0840
745 1669 0.0767
745 1670 0.1102
745 1671 0.0893
745 1672 0.0977
745 1673 0.1387
745 1674 0.0704
745 1675 0.4136
745 1676 0.1158
745 1677 0.2372
745 1678 0.6010
745 1679 0.1392
745 1680 0.1102
745 1681 0.1010
745 1682 0.0903
745 1683 0.1655
745 1684 0.1387
745 1685 0.1427
745 1687 0.1470
745 1688 0.0918
745 1689 0.4992
745 1690 0.1396
745 1691 0.2885
745 1692 0.5668
745 1694 0.1337
745 1695 0.1693
745 1696 0.4666
745 1697 0.4236
745 1698 0.1682
745 1699 0.6771
745 1700 0.6700
745 1701 0.6130
745 1702 0.5449
745 1703 0.1101
745 1704 0.0584
745 1706 0.6607
745 1707 0.8596
745 1708 0.3689
745 1711 0.6610
745 1712 0.9967
745 1713 0.8153
745 1714 0.7896
745 1716 0.2476
745 1717 0.9948
745 1718 0.6362
745 1719 0.0977
745 1720 0.3961
745 1721 0.3622
745 1723 0.3075
745 1725 0.3614
746 747 0.1244
746 748 0.1092
746 750 0.2152
746 751 0.1476
746 752 0.2113
746 753 0.3753
746 754 0.1169
746 755 0.2104
746 756 0.1149
746 757 0.1427
746 758 0.2130
746 759 0.1532
746 760 0.0874
746 761 0.1278
746 762 0.3615
746 763 0.1806
746 764 0.0866
746 765 0.0708
746 766 0.0639
746 767 0.2171
746 768 0.2151
746 769 0.0763
746 770 0.5484
746 771 0.0762
746 772 0.1404
746 773 0.1781
746 774 0.0914
746 775 0.2541
746 776 0.2963
746 777 0.3379
746 778 0.1532
746 780 0.1380
746 781 0.1278
746 782 0.1790
746 783 0.2592
746 784 0.0640
746 785 0.3171
746 786 0.1382
746 787 0.2249
746 788 0.1885
746 789 0.2530
746 791 0.0610
746 792 0.0683
746 793 0.0673
746 794 0.1412
746 796 0.1204
746 797 0.1048
746 798 0.1377
746 799 0.3941
746 800 0.0796
746 801 0.1670
746 802 0.1088
746 803 0.0813
746 804 0.1097
746 805 0.1391
746 806 0.0941
746 807 0.4229
746 808 0.1150
746 809 0.1948
746 810 0.1939
746 811 0.2045
746 812 0.1149
746 813 0.3045
746 814 0.3006
746 815 0.0750
746 816 0.2176
746 817 0.0657
746 818 0.0692
746 819 0.1383
746 820 0.1278
746 821 0.0714
746 822 0.0647
746 823 0.2373
746 824 0.1621
746 825 0.8929
746 827 0.3689
746 828 0.4666
746 829 0.1125
746 830 0.0916
746 831 0.3047
746 832 0.5363
746 833 0.0744
746 834 0.3140
746 835 0.2473
746 836 0.3118
746 837 0.0736
746 838 0.3648
746 839 0.1088
746 840 0.1024
746 841 0.2764
746 842 0.0730
746 843 0.0951
746 845 0.0953
746 846 0.4705
746 847 0.2272
746 848 0.6468
746 849 0.5385
746 850 0.2526
746 851 0.2060
746 852 0.1278
746 854 0.0863
746 855 0.3200
746 856 0.3450
746 858 0.6155
746 859 0.1921
746 860 0.0922
746 861 0.1882
746 862 0.1131
746 864 0.3420
746 865 0.0757
746 866 0.1523
746 867 0.3093
746 868 0.2755
746 869 0.0462
746 870 0.5672
746 871 0.0456
746 872 0.6245
746 874 0.2769
746 875 0.0856
746 876 0.0833
746 877 0.1263
746 878 0.1297
746 880 0.2676
746 881 0.0704
746 882 0.1610
746 883 0.2626
746 884 0.1984
746 886 0.1115
746 887 0.4826
746 888 0.2873
746 889 0.4920
746 890 0.5357
746 891 0.3642
746 893 0.1747
746 894 0.1816
746 895 0.5753
746 896 0.4475
746 897 0.1559
746 898 0.0717
746 899 0.0875
746 900 0.0858
746 901 0.3631
746 903 0.1161
746 905 0.1874
746 906 0.1278
746 907 0.1539
746 908 0.3682
746 909 0.7159
746 910 0.2272
746 911 0.1404
746 912 0.1169
746 913 0.4255
746 914 0.1032
746 915 0.1653
746 916 0.1404
746 917 0.2272
746 918 0.1744
746 919 0.2549
746 920 0.1605
746 921 0.2982
746 922 0.1928
746 924 0.1167
746 928 0.0697
746 929 0.2385
746 930 0.2387
746 932 0.1022
746 933 0.1367
746 934 0.0669
746 935 0.4373
746 936 0.3486
746 937 0.2272
746 938 0.1745
746 939 0.0897
746 940 0.1332
746 941 0.3735
746 942 0.4275
746 943 0.2464
746 944 0.1848
746 946 0.0764
746 947 0.3175
746 948 0.0770
746 949 0.0597
746 950 0.2004
746 951 0.2922
746 952 0.3936
746 953 0.0776
746 954 0.0705
746 955 0.1233
746 956 0.3199
746 957 0.0689
746 958 0.2272
746 959 0.1680
746 960 0.6390
746 961 0.0733
746 962 0.3745
746 964 0.4655
746 965 0.1135
746 966 0.0738
746 967 0.0907
746 968 0.2293
746 969 0.1501
746 971 0.1263
746 972 0.0658
746 973 0.0800
746 974 0.3780
746 976 0.0853
746 977 0.1404
746 978 0.4220
746 979 0.1949
746 980 0.1624
746 981 0.1404
746 982 0.1427
746 983 0.1027
746 984 0.2692
746 985 0.3440
746 986 0.1253
746 987 0.1040
746 989 0.0948
746 990 0.6929
746 991 0.0740
746 992 0.2282
746 993 0.2767
746 994 0.3647
746 995 0.4374
746 996 0.1424
746 1000 0.1402
746 1001 0.0812
746 1002 0.0880
746 1003 0.1622
746 1004 0.0771
746 1006 0.2653
746 1007 0.1120
746 1008 0.1808
746 1013 0.1803
746 1014 0.1177
746 1015 0.1171
746 1016 0.1007
746 1017 0.2541
746 1018 0.0679
746 1019 0.4428
746 1020 0.0946
746 1022 0.1459
746 1023 0.4249
746 1024 0.0694
746 1026 0.0769
746 1027 0.7194
746 1028 0.0814
746 1029 0.3395
746 1030 0.6063
746 1032 0.2063
746 1033 0.7821
746 1034 0.0834
746 1035 0.0758
746 1036 0.0834
746 1037 0.1209
746 1038 0.0991
746 1039 0.2272
746 1040 0.0698
746 1041 0.1112
746 1042 0.3349
746 1043 0.0998
746 1044 0.1497
746 1045 0.1404
746 1046 0.2272
746 1047 0.1049
746 1048 0.1609
746 1049 0.2457
746 1050 0.3598
746 1051 0.0815
746 1052 0.0760
746 1053 0.0958
746 1054 0.1278
746 1055 0.0683
746 1056 0.1587
746 1057 0.1691
746 1058 0.0669
746 1059 0.1575
746 1060 0.0488
746 1061 0.1820
746 1062 0.1261
746 1063 0.1862
746 1064 0.1764
746 1065 0.2980
746 1066 0.3215
746 1067 0.2220
746 1068 0.4803
746 1069 0.1782
746 1070 0.0660
746 1072 0.0732
746 1073 0.1149
746 1075 0.1313
746 1076 0.1026
746 1077 0.0986
746 1078 0.1082
746 1079 0.2148
746 1080 0.1000
746 1081 0.0658
746 1082 0.1369
746 1083 0.5366
746 1084 0.3821
746 1085 0.1263
746 1087 0.1404
746 1089 0.4870
746 1090 0.3913
746 1093 0.1074
746 1094 0.7035
746 1095 0.1014
746 1097 0.1796
746 1099 0.3849
746 1102 0.1033
746 1103 0.2537
746 1104 0.5825
746 1105 0.5257
746 1106 0.0622
746 1107 0.1082
746 1108 0.1404
746 1109 0.1278
746 1110 0.1278
746 1111 0.0667
746 1113 0.1042
746 1115 0.0680
746 1116 0.1768
746 1117 0.0880
746 1118 0.1064
746 1119 0.1047
746 1123 0.1365
746 1124 0.2335
746 1125 0.3011
746 1126 0.5205
746 1127 0.2904
746 1128 0.4384
746 1129 0.0840
746 1130 0.1507
746 1131 0.0863
746 1132 0.0889
746 1133 0.1121
746 1134 0.1145
746 1135 0.3521
746 1136 0.2272
746 1138 0.3412
746 1139 0.0846
746 1141 0.3389
746 1142 0.3046
746 1143 0.2357
746 1145 0.6865
746 1146 0.1155
746 1147 0.2015
746 1148 0.0989
746 1149 0.5451
746 1150 0.3309
746 1151 0.1149
746 1152 0.1951
746 1153 0.2588
746 1154 0.3835
746 1155 0.1404
746 1156 0.1278
746 1157 0.1404
746 1158 0.4823
746 1159 0.2421
746 1160 0.0734
746 1161 0.3021
746 1162 0.2932
746 1163 0.1765
746 1165 0.1782
746 1166 0.1354
746 1167 0.6850
746 1169 0.2482
746 1172 0.1278
746 1174 0.2299
746 1176 0.0974
746 1177 0.0945
746 1178 0.1404
746 1180 0.1755
746 1181 0.3197
746 1182 0.2254
746 1183 0.2272
746 1184 0.2272
746 1185 0.4870
746 1186 0.0807
746 1187 0.2900
746 1188 0.1278
746 1189 0.1996
746 1191 0.3381
746 1192 0.0885
746 1193 0.3373
746 1194 0.4147
746 1195 0.1586
746 1196 0.0916
746 1197 0.1169
746 1198 0.1427
746 1199 0.6509
746 1200 0.2729
746 1201 0.2544
746 1202 0.5859
746 1203 0.2092
746 1204 0.1278
746 1205 0.2017
746 1206 0.4293
746 1208 0.3510
746 1209 0.3291
746 1210 0.6007
746 1211 0.6906
746 1212 0.4000
746 1213 0.2694
746 1214 0.1864
746 1215 0.2042
746 1216 0.2272
746 1217 0.1866
746 1218 0.2953
746 1219 0.3002
746 1220 0.1169
746 1221 0.4014
746 1222 0.2066
746 1223 0.3517
746 1224 0.1065
746 1225 0.4169
746 1226 0.1915
746 1227 0.4616
746 1228 0.1081
746 1229 0.5168
746 1230 0.0731
746 1231 0.2891
746 1233 0.0720
746 1234 0.1149
746 1235 0.1506
746 1236 0.1221
746 1237 0.3437
746 1238 0.1007
746 1240 0.3787
746 1241 0.2346
746 1242 0.5634
746 1244 0.2090
746 1247 0.3462
746 1248 0.1078
746 1250 0.1219
746 1251 0.1692
746 1252 0.2062
746 1253 0.1263
746 1254 0.1033
746 1255 0.1051
746 1256 0.2181
746 1257 0.1263
746 1258 0.2639
746 1259 0.5001
746 1260 0.1996
746 1262 0.4935
746 1263 0.0666
746 1265 0.4963
746 1266 0.1427
746 1267 0.1778
746 1268 0.0989
746 1269 0.1033
746 1270 0.1385
746 1271 0.1284
746 1272 0.1805
746 1273 0.0706
746 1275 0.1752
746 1276 0.0912
746 1279 0.0809
746 1280 0.2816
746 1281 0.0808
746 1282 0.1058
746 1283 0.0893
746 1284 0.0651
746 1286 0.1076
746 1287 0.0646
746 1288 0.1253
746 1289 0.0743
746 1290 0.0965
746 1291 0.3648
746 1292 0.0651
746 1293 0.0770
746 1295 0.0892
746 1297 0.0872
746 1298 0.0508
746 1299 0.0499
746 1300 0.1278
746 1301 0.0707
746 1303 0.0727
746 1304 0.1869
746 1305 0.0694
746 1306 0.1175
746 1307 0.0892
746 1308 0.1476
746 1309 0.1278
746 1310 0.1010
746 1311 0.0697
746 1315 0.1658
746 1316 0.4401
746 1318 0.0675
746 1320 0.0997
746 1322 0.2272
746 1323 0.1782
746 1324 0.1047
746 1326 0.1497
746 1327 0.2807
746 1329 0.1404
746 1330 0.3433
746 1331 0.3736
746 1333 0.3458
746 1334 0.2891
746 1335 0.1616
746 1336 0.1071
746 1337 0.1033
746 1339 0.0749
746 1340 0.4095
746 1341 0.1278
746 1342 0.2453
746 1343 0.0804
746 1344 0.3157
746 1346 0.2058
746 1347 0.1169
746 1348 0.3107
746 1349 0.4859
746 1350 0.2272
746 1351 0.0901
746 1352 0.2333
746 1353 0.3732
746 1354 0.2293
746 1355 0.3732
746 1356 0.2017
746 1357 0.2021
746 1360 0.1687
746 1361 0.2813
746 1362 0.1795
746 1363 0.1803
746 1364 0.1028
746 1367 0.3227
746 1368 0.2006
746 1369 0.6906
746 1370 0.1877
746 1372 0.1082
746 1374 0.1537
746 1375 0.1028
746 1377 0.1404
746 1378 0.2017
746 1379 0.0941
746 1380 0.1803
746 1381 0.3648
746 1382 0.2272
746 1383 0.1872
746 1384 0.0984
746 1386 0.1603
746 1387 0.1080
746 1388 0.2533
746 1389 0.0868
746 1390 0.0959
746 1393 0.0902
746 1394 0.1063
746 1395 0.2031
746 1396 0.5045
746 1397 0.0450
746 1398 0.5864
746 1399 0.1445
746 1401 0.4103
746 1402 0.1388
746 1405 0.0852
746 1406 0.1497
746 1407 0.0771
746 1408 0.1028
746 1409 0.0854
746 1410 0.0833
746 1411 0.1263
746 1412 0.0909
746 1413 0.0688
746 1415 0.0694
746 1416 0.1127
746 1418 0.1750
746 1419 0.1119
746 1421 0.2632
746 1422 0.0977
746 1423 0.1981
746 1424 0.2272
746 1425 0.3544
746 1426 0.3492
746 1427 0.1602
746 1428 0.1953
746 1431 0.3029
746 1434 0.6074
746 1435 0.2159
746 1436 0.3024
746 1437 0.4052
746 1438 0.2380
746 1439 0.3224
746 1440 0.1303
746 1441 0.2845
746 1443 0.1033
746 1446 0.2634
746 1448 0.1619
746 1449 0.1361
746 1451 0.0692
746 1452 0.2272
746 1453 0.1404
746 1454 0.1404
746 1455 0.1093
746 1456 0.0914
746 1457 0.0817
746 1458 0.1031
746 1459 0.1149
746 1460 0.2412
746 1461 0.1404
746 1462 0.1391
746 1463 0.1033
746 1464 0.1496
746 1466 0.1597
746 1472 0.1879
746 1473 0.0903
746 1475 0.1402
746 1477 0.1261
746 1479 0.3563
746 1480 0.2319
746 1481 0.1033
746 1482 0.1244
746 1484 0.1474
746 1485 0.1929
746 1488 0.1427
746 1490 0.1004
746 1491 0.2172
746 1493 0.3479
746 1494 0.1702
746 1495 0.0799
746 1497 0.1278
746 1498 0.1149
746 1499 0.1031
746 1500 0.0968
746 1501 0.2028
746 1503 0.1816
746 1504 0.1314
746 1505 0.1589
746 1506 0.1033
746 1507 0.2484
746 1508 0.1621
746 1510 0.3158
746 1511 0.1438
746 1512 0.1171
746 1513 0.0704
746 1514 0.2272
746 1515 0.0971
746 1516 0.1283
746 1517 0.1510
746 1518 0.1675
746 1519 0.1139
746 1520 0.2357
746 1522 0.0982
746 1523 0.0888
746 1525 0.0760
746 1526 0.0534
746 1527 0.2255
746 1528 0.1404
746 1529 0.2001
746 1530 0.0440
746 1532 0.0924
746 1535 0.1046
746 1536 0.0599
746 1538 0.0744
746 1540 0.1390
746 1541 0.1095
746 1542 0.0917
746 1544 0.0858
746 1545 0.1042
746 1546 0.1278
746 1547 0.0778
746 1548 0.0664
746 1549 0.0720
746 1550 0.1404
746 1551 0.0868
746 1554 0.0872
746 1555 0.2272
746 1557 0.1404
746 1560 0.0838
746 1562 0.1047
746 1567 0.0618
746 1568 0.1672
746 1569 0.3179
746 1570 0.3732
746 1571 0.5832
746 1572 0.2871
746 1573 0.1026
746 1575 0.0940
746 1577 0.3769
746 1578 0.1125
746 1579 0.2667
746 1580 0.3614
746 1581 0.2253
746 1582 0.2577
746 1583 0.1133
746 1584 0.2882
746 1585 0.3697
746 1587 0.1507
746 1588 0.3273
746 1590 0.2614
746 1591 0.4707
746 1592 0.1263
746 1593 0.2466
746 1594 0.1124
746 1595 0.2717
746 1596 0.2272
746 1598 0.1278
746 1599 0.2522
746 1601 0.2272
746 1602 0.1165
746 1603 0.4687
746 1604 0.1263
746 1605 0.1278
746 1606 0.4691
746 1607 0.1620
746 1608 0.5898
746 1609 0.1047
746 1610 0.3732
746 1611 0.1124
746 1612 0.3428
746 1613 0.5886
746 1614 0.2922
746 1615 0.1928
746 1616 0.1926
746 1617 0.3648
746 1618 0.6354
746 1619 0.1403
746 1621 0.5605
746 1622 0.2587
746 1623 0.2184
746 1624 0.5058
746 1626 0.1047
746 1627 0.1165
746 1628 0.1311
746 1629 0.5645
746 1630 0.2942
746 1632 0.1404
746 1633 0.1532
746 1634 0.0887
746 1637 0.1497
746 1639 0.1030
746 1640 0.2914
746 1641 0.1278
746 1642 0.1278
746 1644 0.4540
746 1645 0.3745
746 1646 0.4743
746 1647 0.3803
746 1648 0.1278
746 1649 0.2205
746 1650 0.5596
746 1653 0.2510
746 1654 0.2205
746 1655 0.3046
746 1659 0.1278
746 1660 0.5368
746 1661 0.0689
746 1662 0.1641
746 1663 0.0678
746 1664 0.1095
746 1665 0.1018
746 1666 0.1278
746 1667 0.1592
746 1668 0.1212
746 1669 0.0900
746 1670 0.1278
746 1671 0.1058
746 1672 0.1404
746 1673 0.2272
746 1674 0.0986
746 1675 0.1490
746 1676 0.0760
746 1677 0.0802
746 1678 0.5411
746 1679 0.1189
746 1680 0.1278
746 1681 0.1263
746 1682 0.1545
746 1683 0.0845
746 1684 0.2272
746 1685 0.3084
746 1687 0.0709
746 1688 0.0711
746 1689 0.2331
746 1690 0.1033
746 1691 0.0834
746 1692 0.1241
746 1694 0.2650
746 1695 0.1263
746 1696 0.2170
746 1697 0.1910
746 1698 0.0973
746 1699 0.3283
746 1700 0.5274
746 1701 0.2814
746 1702 0.3032
746 1703 0.1427
746 1704 0.0982
746 1706 0.1699
746 1707 0.3936
746 1708 0.3800
746 1711 0.3279
746 1712 0.7362
746 1713 0.4155
746 1714 0.3457
746 1716 0.0974
746 1717 0.5160
746 1718 0.2572
746 1719 0.1404
746 1720 0.1479
746 1721 0.1149
746 1723 0.2490
746 1725 0.1169
747 748 0.2853
747 750 0.5341
747 751 0.1488
747 752 0.1881
747 753 0.1091
747 754 0.1784
747 755 0.1252
747 756 0.1653
747 757 0.1846
747 758 0.5799
747 759 0.0899
747 760 0.2543
747 761 0.1518
747 762 0.2194
747 763 0.6366
747 764 0.1013
747 765 0.2452
747 766 0.0806
747 767 0.3789
747 768 0.1793
747 769 0.5110
747 770 0.2233
747 771 0.2318
747 772 0.1935
747 773 0.4283
747 774 0.1055
747 775 0.1193
747 776 0.1379
747 777 0.2618
747 778 0.2152
747 780 0.1782
747 781 0.1518
747 782 0.6944
747 783 0.2419
747 784 0.1588
747 785 0.5205
747 786 0.0932
747 787 0.0888
747 788 0.1007
747 789 0.2693
747 791 0.1921
747 792 0.2611
747 793 0.1192
747 794 0.0616
747 796 0.1386
747 797 0.1472
747 798 0.4216
747 799 0.1590
747 800 0.1774
747 801 0.4824
747 802 0.1224
747 803 0.3282
747 804 0.3236
747 805 0.0883
747 806 0.3836
747 807 0.1875
747 808 0.4870
747 809 0.0896
747 810 0.4034
747 811 0.4911
747 812 0.1653
747 813 0.0916
747 814 0.0795
747 815 0.0909
747 816 0.2658
747 817 0.2470
747 818 0.0903
747 819 0.1706
747 820 0.1518
747 821 0.2312
747 822 0.1417
747 823 0.1983
747 824 0.2321
747 825 0.5209
747 827 0.1478
747 828 0.4449
747 829 0.2516
747 830 0.1056
747 831 0.3720
747 832 0.3175
747 833 0.2936
747 834 0.1557
747 835 0.1138
747 836 0.1005
747 837 0.3195
747 838 0.1127
747 839 0.1174
747 840 0.1253
747 841 0.1070
747 842 0.0987
747 843 0.5168
747 845 0.1451
747 846 0.2393
747 847 0.2958
747 848 0.2036
747 849 0.1054
747 850 0.1046
747 851 0.1682
747 852 0.2582
747 854 0.1070
747 855 0.1963
747 856 0.3495
747 858 0.3370
747 859 0.0878
747 860 0.3607
747 861 0.1177
747 862 0.3121
747 864 0.1639
747 865 0.1326
747 866 0.1143
747 867 0.0937
747 868 0.2824
747 869 0.2512
747 870 0.1035
747 871 0.2862
747 872 0.4445
747 874 0.1095
747 875 0.3105
747 876 0.3550
747 877 0.1683
747 878 0.6424
747 880 0.5879
747 881 0.2422
747 882 0.1134
747 883 0.2170
747 884 0.1270
747 886 0.1191
747 887 0.1987
747 888 0.0958
747 889 0.1500
747 890 0.1320
747 891 0.6057
747 893 0.0809
747 894 0.3011
747 895 0.2022
747 896 0.1619
747 897 0.1831
747 898 0.1394
747 899 0.1050
747 900 0.3089
747 901 0.1975
747 903 0.1375
747 905 0.0846
747 906 0.1518
747 907 0.1805
747 908 0.1374
747 909 0.4260
747 910 0.2958
747 911 0.1722
747 912 0.1784
747 913 0.2605
747 914 0.3138
747 915 0.1191
747 916 0.1935
747 917 0.2958
747 918 0.1044
747 919 0.2537
747 920 0.2152
747 921 0.1148
747 922 0.1358
747 924 0.0986
747 928 0.2681
747 929 0.3212
747 930 0.1472
747 932 0.1758
747 933 0.1144
747 934 0.2329
747 935 0.1182
747 936 0.3972
747 937 0.2958
747 938 0.2529
747 939 0.5962
747 940 0.1579
747 941 0.1114
747 942 0.0940
747 943 0.4463
747 944 0.0995
747 946 0.1771
747 947 0.0729
747 948 0.0981
747 949 0.3476
747 950 0.1207
747 951 0.1316
747 952 0.2401
747 953 0.4201
747 954 0.4472
747 955 0.3748
747 956 0.1042
747 957 0.2139
747 958 0.2958
747 959 0.6036
747 960 0.4612
747 961 0.0942
747 962 0.0934
747 964 0.2118
747 965 0.1384
747 966 0.2729
747 967 0.0928
747 968 0.0385
747 969 0.1003
747 971 0.1683
747 972 0.1962
747 973 0.1609
747 974 0.5523
747 976 0.2177
747 977 0.1935
747 978 0.5576
747 979 0.1618
747 980 0.1043
747 981 0.1935
747 982 0.1846
747 983 0.1553
747 984 0.2811
747 985 0.4484
747 986 0.1893
747 987 0.3324
747 989 0.1009
747 990 0.0911
747 991 0.2804
747 992 0.1274
747 993 0.2027
747 994 0.3056
747 995 0.2175
747 996 0.4998
747 1000 0.1139
747 1001 0.2547
747 1002 0.2266
747 1003 0.5292
747 1004 0.1531
747 1006 0.3134
747 1007 0.3151
747 1008 0.4943
747 1013 0.2456
747 1014 0.1002
747 1015 0.3212
747 1016 0.1157
747 1017 0.1006
747 1018 0.1833
747 1019 0.1026
747 1020 0.4537
747 1022 0.1424
747 1023 0.1575
747 1024 0.2437
747 1026 0.1318
747 1027 0.2734
747 1028 0.4374
747 1029 0.2027
747 1030 0.1905
747 1032 0.2752
747 1033 0.2671
747 1034 0.3323
747 1035 0.2523
747 1036 0.1894
747 1037 0.1382
747 1038 0.2808
747 1039 0.2958
747 1040 0.1973
747 1041 0.1500
747 1042 0.2774
747 1043 0.4444
747 1044 0.2147
747 1045 0.1935
747 1046 0.2958
747 1047 0.1138
747 1048 0.4842
747 1049 0.1209
747 1050 0.1695
747 1051 0.1033
747 1052 0.1972
747 1053 0.3274
747 1054 0.1518
747 1055 0.5117
747 1056 0.4292
747 1057 0.4588
747 1058 0.0924
747 1059 0.4561
747 1060 0.3117
747 1061 0.2630
747 1062 0.1214
747 1063 0.4003
747 1064 0.3584
747 1065 0.2565
747 1066 0.3594
747 1067 0.2587
747 1068 0.1712
747 1069 0.2136
747 1070 0.2154
747 1072 0.2283
747 1073 0.1653
747 1075 0.5519
747 1076 0.2125
747 1077 0.1110
747 1078 0.1126
747 1079 0.3436
747 1080 0.1139
747 1081 0.2213
747 1082 0.1224
747 1083 0.8329
747 1084 0.1053
747 1085 0.1683
747 1087 0.1935
747 1089 0.1537
747 1090 0.1745
747 1093 0.1107
747 1094 0.2486
747 1095 0.1112
747 1097 0.1683
747 1099 0.5380
747 1102 0.2648
747 1103 0.1048
747 1104 0.2208
747 1105 0.1898
747 1106 0.1734
747 1107 0.2162
747 1108 0.1935
747 1109 0.1518
747 1110 0.1518
747 1111 0.1896
747 1113 0.1686
747 1115 0.2001
747 1116 0.4561
747 1117 0.4464
747 1118 0.3139
747 1119 0.1223
747 1123 0.1789
747 1124 0.1629
747 1125 0.1093
747 1126 0.1725
747 1127 0.1531
747 1128 0.3816
747 1129 0.3935
747 1130 0.5318
747 1131 0.1737
747 1132 0.3041
747 1133 0.4137
747 1134 0.1343
747 1135 0.6475
747 1136 0.2958
747 1138 0.1830
747 1139 0.3354
747 1141 0.1122
747 1142 0.5185
747 1143 0.1046
747 1145 0.1017
747 1146 0.1339
747 1147 0.0883
747 1148 0.3664
747 1149 0.1616
747 1150 0.3875
747 1151 0.1653
747 1152 0.4654
747 1153 0.1177
747 1154 0.1305
747 1155 0.1935
747 1156 0.1518
747 1157 0.1935
747 1158 0.1374
747 1159 0.0917
747 1160 0.2614
747 1161 0.1679
747 1162 0.1037
747 1163 0.2397
747 1165 0.2136
747 1166 0.2099
747 1167 0.1061
747 1169 0.1073
747 1172 0.1518
747 1174 0.2200
747 1176 0.1060
747 1177 0.1112
747 1178 0.1935
747 1180 0.1109
747 1181 0.1539
747 1182 0.2038
747 1183 0.2958
747 1184 0.2958
747 1185 0.1881
747 1186 0.3117
747 1187 0.1867
747 1188 0.1518
747 1189 0.3940
747 1191 0.1987
747 1192 0.1278
747 1193 0.0997
747 1194 0.1349
747 1195 0.1821
747 1196 0.1056
747 1197 0.2954
747 1198 0.1846
747 1199 0.1569
747 1200 0.0956
747 1201 0.3263
747 1202 0.1048
747 1203 0.0824
747 1204 0.1518
747 1205 0.2500
747 1206 0.5202
747 1208 0.1511
747 1209 0.0840
747 1210 0.3838
747 1211 0.2492
747 1212 0.1763
747 1213 0.1098
747 1214 0.0886
747 1215 0.1596
747 1216 0.2958
747 1217 0.1053
747 1218 0.0777
747 1219 0.1100
747 1220 0.1784
747 1221 0.1077
747 1222 0.1122
747 1223 0.0953
747 1224 0.1178
747 1225 0.2422
747 1226 0.2503
747 1227 0.1768
747 1228 0.1554
747 1229 0.0920
747 1230 0.0949
747 1231 0.0954
747 1233 0.0957
747 1234 0.1653
747 1235 0.2146
747 1236 0.0983
747 1237 0.1704
747 1238 0.1157
747 1240 0.5274
747 1241 0.1084
747 1242 0.2882
747 1244 0.1530
747 1247 0.1516
747 1248 0.1210
747 1250 0.1115
747 1251 0.1273
747 1252 0.2360
747 1253 0.1683
747 1254 0.1639
747 1255 0.1162
747 1256 0.3479
747 1257 0.1683
747 1258 0.1858
747 1259 0.1210
747 1260 0.2901
747 1262 0.1412
747 1263 0.0777
747 1265 0.1315
747 1266 0.1846
747 1267 0.3103
747 1268 0.2892
747 1269 0.2552
747 1270 0.3114
747 1271 0.3611
747 1272 0.3573
747 1273 0.1464
747 1275 0.4036
747 1276 0.2952
747 1279 0.3634
747 1280 0.1107
747 1281 0.1012
747 1282 0.1530
747 1283 0.2459
747 1284 0.0806
747 1286 0.1031
747 1287 0.2351
747 1288 0.2953
747 1289 0.2794
747 1290 0.1418
747 1291 0.1153
747 1292 0.1802
747 1293 0.2926
747 1295 0.1253
747 1297 0.1042
747 1298 0.2528
747 1299 0.2575
747 1300 0.1518
747 1301 0.2823
747 1303 0.3611
747 1304 0.3518
747 1305 0.3044
747 1306 0.1664
747 1307 0.1253
747 1308 0.1747
747 1309 0.1518
747 1310 0.1171
747 1311 0.0936
747 1315 0.2419
747 1316 0.5564
747 1318 0.0867
747 1320 0.1321
747 1322 0.2958
747 1323 0.2136
747 1324 0.1223
747 1326 0.2147
747 1327 0.2042
747 1329 0.1935
747 1330 0.1870
747 1331 0.1188
747 1333 0.0884
747 1334 0.0954
747 1335 0.4744
747 1336 0.1375
747 1337 0.3692
747 1339 0.0919
747 1340 0.0988
747 1341 0.1518
747 1342 0.0732
747 1343 0.4047
747 1344 0.3855
747 1346 0.1083
747 1347 0.1784
747 1348 0.1503
747 1349 0.1174
747 1350 0.2958
747 1351 0.1058
747 1352 0.1032
747 1353 0.1174
747 1354 0.2099
747 1355 0.1174
747 1356 0.2500
747 1357 0.0865
747 1360 0.0983
747 1361 0.0983
747 1362 0.0984
747 1363 0.2456
747 1364 0.1122
747 1367 0.1818
747 1368 0.4563
747 1369 0.4544
747 1370 0.1753
747 1372 0.1126
747 1374 0.1064
747 1375 0.1122
747 1377 0.1935
747 1378 0.2500
747 1379 0.1298
747 1380 0.2456
747 1381 0.1153
747 1382 0.2958
747 1383 0.1683
747 1384 0.1072
747 1386 0.5439
747 1387 0.6978
747 1388 0.2487
747 1389 0.3499
747 1390 0.1197
747 1393 0.2529
747 1394 0.1172
747 1395 0.1365
747 1396 0.3711
747 1397 0.5108
747 1398 0.1791
747 1399 0.0809
747 1401 0.1704
747 1402 0.1162
747 1405 0.1071
747 1406 0.2994
747 1407 0.0979
747 1408 0.1122
747 1409 0.2214
747 1410 0.2948
747 1411 0.2260
747 1412 0.1018
747 1413 0.0951
747 1415 0.2437
747 1416 0.1761
747 1418 0.1677
747 1419 0.1428
747 1421 0.1540
747 1422 0.1020
747 1423 0.1507
747 1424 0.2958
747 1425 0.2311
747 1426 0.7440
747 1427 0.0976
747 1428 0.1084
747 1431 0.2801
747 1434 0.3847
747 1435 0.1211
747 1436 0.1552
747 1437 0.2768
747 1438 0.1938
747 1439 0.3035
747 1440 0.0955
747 1441 0.1064
747 1443 0.1639
747 1446 0.1078
747 1448 0.2020
747 1449 0.1997
747 1451 0.2817
747 1452 0.2958
747 1453 0.1935
747 1454 0.1935
747 1455 0.1280
747 1456 0.3036
747 1457 0.2301
747 1458 0.2677
747 1459 0.1653
747 1460 0.3208
747 1461 0.1935
747 1462 0.1981
747 1463 0.1639
747 1464 0.2317
747 1466 0.2879
747 1472 0.1305
747 1473 0.1187
747 1475 0.1139
747 1477 0.1214
747 1479 0.7073
747 1480 0.1683
747 1481 0.1639
747 1482 0.2257
747 1484 0.1765
747 1485 0.3753
747 1488 0.1846
747 1490 0.4991
747 1491 0.4243
747 1493 0.3062
747 1494 0.1225
747 1495 0.3879
747 1497 0.1518
747 1498 0.1653
747 1499 0.2677
747 1500 0.5244
747 1501 0.2389
747 1503 0.3294
747 1504 0.5886
747 1505 0.2214
747 1506 0.1639
747 1507 0.2833
747 1508 0.2321
747 1510 0.1880
747 1511 0.4249
747 1512 0.1539
747 1513 0.2520
747 1514 0.2958
747 1515 0.1706
747 1516 0.4315
747 1517 0.3157
747 1518 0.2054
747 1519 0.3457
747 1520 0.2742
747 1522 0.2637
747 1523 0.1125
747 1525 0.2145
747 1526 0.2594
747 1527 0.1667
747 1528 0.1935
747 1529 0.5326
747 1530 0.1606
747 1532 0.3265
747 1535 0.1274
747 1536 0.3039
747 1538 0.2868
747 1540 0.1210
747 1541 0.1500
747 1542 0.2079
747 1544 0.3044
747 1545 0.1686
747 1546 0.1518
747 1547 0.4875
747 1548 0.2204
747 1549 0.0941
747 1550 0.1935
747 1551 0.0950
747 1554 0.1051
747 1555 0.2958
747 1557 0.1935
747 1560 0.1819
747 1562 0.1223
747 1567 0.3990
747 1568 0.1253
747 1569 0.1730
747 1570 0.1174
747 1571 0.2841
747 1572 0.1214
747 1573 0.2912
747 1575 0.2619
747 1577 0.0991
747 1578 0.1414
747 1579 0.1064
747 1580 0.1230
747 1581 0.1006
747 1582 0.1192
747 1583 0.1279
747 1584 0.1518
747 1585 0.1121
747 1587 0.2816
747 1588 0.1276
747 1590 0.1024
747 1591 0.1100
747 1592 0.1683
747 1593 0.0706
747 1594 0.1868
747 1595 0.0859
747 1596 0.2958
747 1598 0.1518
747 1599 0.1073
747 1601 0.2958
747 1602 0.1153
747 1603 0.1413
747 1604 0.1683
747 1605 0.3346
747 1606 0.1024
747 1607 0.0846
747 1608 0.7155
747 1609 0.1223
747 1610 0.1174
747 1611 0.1216
747 1612 0.2985
747 1613 0.2646
747 1614 0.1198
747 1615 0.1570
747 1616 0.1503
747 1617 0.1153
747 1618 0.5326
747 1619 0.1713
747 1621 0.3602
747 1622 0.4793
747 1623 0.1317
747 1624 0.1421
747 1626 0.1223
747 1627 0.1153
747 1628 0.1704
747 1629 0.6403
747 1630 0.1565
747 1632 0.1935
747 1633 0.1673
747 1634 0.1222
747 1637 0.2147
747 1639 0.1129
747 1640 0.1753
747 1641 0.1518
747 1642 0.1518
747 1644 0.1652
747 1645 0.1030
747 1646 0.6549
747 1647 0.0851
747 1648 0.1518
747 1649 0.1210
747 1650 0.1717
747 1653 0.2942
747 1654 0.1210
747 1655 0.3126
747 1659 0.1518
747 1660 0.1444
747 1661 0.2139
747 1662 0.1298
747 1663 0.0875
747 1664 0.2730
747 1665 0.1123
747 1666 0.1518
747 1667 0.2504
747 1668 0.2800
747 1669 0.1809
747 1670 0.1518
747 1671 0.3062
747 1672 0.1935
747 1673 0.2958
747 1674 0.2773
747 1675 0.1793
747 1676 0.2631
747 1677 0.0947
747 1678 0.5472
747 1679 0.1894
747 1680 0.1518
747 1681 0.1683
747 1682 0.1750
747 1683 0.2908
747 1684 0.2958
747 1685 0.1591
747 1687 0.1524
747 1688 0.2893
747 1689 0.6452
747 1690 0.1990
747 1691 0.2770
747 1692 0.3317
747 1694 0.2474
747 1695 0.1683
747 1696 0.1007
747 1697 0.1653
747 1698 0.1061
747 1699 0.1691
747 1700 0.1795
747 1701 0.2407
747 1702 0.2463
747 1703 0.1846
747 1704 0.1429
747 1706 0.0916
747 1707 0.1415
747 1708 0.1052
747 1711 0.1882
747 1712 0.5574
747 1713 0.2302
747 1714 0.1063
747 1716 0.1088
747 1717 0.3397
747 1718 0.2303
747 1719 0.1935
747 1720 0.1975
747 1721 0.1653
747 1723 0.0861
747 1725 0.1784
748 750 0.4915
748 751 0.0626
748 752 0.1899
748 753 0.4398
748 754 0.1948
748 755 0.1032
748 756 0.1075
748 757 0.2251
748 758 0.9490
748 759 0.2395
748 760 0.0599
748 761 0.1000
748 762 0.2082
748 763 0.9626
748 764 0.2943
748 765 0.7889
748 766 0.1079
748 767 0.8945
748 768 0.4804
748 769 0.8647
748 770 0.1873
748 771 0.0637
748 772 0.2162
748 773 0.1757
748 774 0.8720
748 775 0.0811
748 776 0.0877
748 777 0.3031
748 778 0.4553
748 780 0.8427
748 781 0.3768
748 782 0.9333
748 783 0.2412
748 784 0.0760
748 785 0.8724
748 786 0.1591
748 787 0.4401
748 788 0.1864
748 789 0.1439
748 791 0.1194
748 792 0.9023
748 793 0.1018
748 794 0.1966
748 796 0.6343
748 797 0.3497
748 798 0.1483
748 799 0.1207
748 800 0.9033
748 801 0.2722
748 802 0.6644
748 803 0.2021
748 804 0.9897
748 805 0.1460
748 806 0.9267
748 807 0.6773
748 808 0.9812
748 809 0.3673
748 810 0.6116
748 811 0.4559
748 812 0.5977
748 813 0.2043
748 814 0.1120
748 815 0.1361
748 816 0.1388
748 817 0.0839
748 818 0.1085
748 819 0.2674
748 820 0.6974
748 821 0.1461
748 822 0.1082
748 823 0.2010
748 824 0.3650
748 825 0.5668
748 827 0.1305
748 828 0.0525
748 829 0.2080
748 830 0.8844
748 831 0.2669
748 832 0.5223
748 833 0.8685
748 834 0.7881
748 835 0.1218
748 836 0.1995
748 837 0.9112
748 838 0.0497
748 839 0.2955
748 840 0.2042
748 841 0.2112
748 842 0.0824
748 843 0.9319
748 845 0.1869
748 846 0.0899
748 847 0.2566
748 848 0.0966
748 849 0.0830
748 850 0.0903
748 851 0.0999
748 852 0.4357
748 854 0.0954
748 855 0.3342
748 856 0.8457
748 858 0.3660
748 859 0.7388
748 860 0.0515
748 861 0.2903
748 862 0.1312
748 864 0.0945
748 865 0.7009
748 866 0.0932
748 867 0.1027
748 868 0.8272
748 869 0.0962
748 870 0.0794
748 871 0.0592
748 872 0.8358
748 874 0.0717
748 875 0.0873
748 876 0.7327
748 877 0.6745
748 878 0.9629
748 880 0.9767
748 881 0.1146
748 882 0.1589
748 883 0.2636
748 884 0.3124
748 886 0.1554
748 887 0.1468
748 888 0.1316
748 889 0.1876
748 890 0.1527
748 891 0.9937
748 893 0.4629
748 894 0.3185
748 895 0.2892
748 896 0.2855
748 897 0.1736
748 898 0.1880
748 899 0.1648
748 900 0.0621
748 901 0.2716
748 903 0.2018
748 905 0.0769
748 906 0.4445
748 907 0.8212
748 908 0.1654
748 909 0.5290
748 910 0.2566
748 911 0.5046
748 912 0.1948
748 913 0.3836
748 914 0.9713
748 915 0.5374
748 916 0.2189
748 917 0.2566
748 918 0.0473
748 919 0.3231
748 920 0.3518
748 921 0.0889
748 922 0.3490
748 924 0.1211
748 928 0.9596
748 929 0.3177
748 930 0.1585
748 932 0.1281
748 933 0.1142
748 934 0.0896
748 935 0.2027
748 936 0.9697
748 937 0.2566
748 938 0.9593
748 939 0.9129
748 940 0.1638
748 941 0.1532
748 942 0.0977
748 943 0.7306
748 944 0.6705
748 946 0.1328
748 947 0.1002
748 948 0.1653
748 949 0.1279
748 950 0.1088
748 951 0.1835
748 952 0.1557
748 953 0.1697
748 954 0.9506
748 955 0.6744
748 956 0.0503
748 957 0.0845
748 958 0.2566
748 959 0.9054
748 960 0.2207
748 961 0.8154
748 962 0.2081
748 964 0.5547
748 965 0.1575
748 966 0.9492
748 967 0.2247
748 968 0.3680
748 969 0.1033
748 971 0.4021
748 972 0.1679
748 973 0.1570
748 974 0.3541
748 976 0.0510
748 977 0.2162
748 978 0.8489
748 979 0.7777
748 980 0.2414
748 981 0.2162
748 982 0.2251
748 983 0.1263
748 984 0.0311
748 985 0.9049
748 986 0.1778
748 987 0.0535
748 989 0.1887
748 990 0.0905
748 991 0.9113
748 992 0.8164
748 993 0.2148
748 994 0.4555
748 995 0.1921
748 996 0.1468
748 1000 0.1806
748 1001 0.1490
748 1002 0.2665
748 1003 0.9773
748 1004 0.5025
748 1006 0.1890
748 1007 0.4197
748 1008 0.9262
748 1013 0.3410
748 1014 0.1669
748 1015 0.9366
748 1016 0.1300
748 1017 0.1063
748 1018 0.1195
748 1019 0.0953
748 1020 0.9494
748 1022 0.1274
748 1023 0.2205
748 1024 0.0423
748 1026 0.3312
748 1027 0.2078
748 1028 0.7918
748 1029 0.0640
748 1030 0.2012
748 1032 0.3877
748 1033 0.1118
748 1034 0.0489
748 1035 0.9332
748 1036 0.0685
748 1037 0.2475
748 1038 0.2255
748 1039 0.2566
748 1040 0.0613
748 1041 0.1597
748 1042 0.4083
748 1043 0.9378
748 1044 0.3905
748 1045 0.1571
748 1046 0.2566
748 1047 0.1251
748 1048 0.3915
748 1049 0.0255
748 1050 0.1102
748 1051 0.1072
748 1052 0.1641
748 1053 0.0642
748 1054 0.2261
748 1055 0.9533
748 1056 0.2019
748 1057 0.9556
748 1058 0.0617
748 1059 0.1807
748 1060 0.0724
748 1061 0.2679
748 1062 0.6413
748 1063 0.9687
748 1064 0.1481
748 1065 0.0936
748 1066 0.6854
748 1067 0.8001
748 1068 0.2412
748 1069 0.2493
748 1070 0.1004
748 1072 0.3398
748 1073 0.5835
748 1075 0.6721
748 1076 0.6749
748 1077 0.8026
748 1078 0.8499
748 1079 0.2220
748 1080 0.1978
748 1081 0.1390
748 1082 0.1638
748 1083 0.9904
748 1084 0.1477
748 1085 0.5001
748 1087 0.2162
748 1089 0.2537
748 1090 0.0933
748 1093 0.1542
748 1094 0.2665
748 1095 0.1486
748 1097 0.2111
748 1099 0.9963
748 1102 0.7539
748 1103 0.1772
748 1104 0.3843
748 1105 0.2068
748 1106 0.1452
748 1107 0.7187
748 1108 0.2162
748 1109 0.2261
748 1110 0.3388
748 1111 0.0716
748 1113 0.2329
748 1115 0.0716
748 1116 0.8490
748 1117 0.9511
748 1118 0.1055
748 1119 0.1330
748 1123 0.1811
748 1124 0.2392
748 1125 0.0791
748 1126 0.1435
748 1127 0.1681
748 1128 0.2472
748 1129 0.1130
748 1130 0.9809
748 1131 0.1069
748 1132 0.8267
748 1133 0.5148
748 1134 0.1240
748 1135 0.9929
748 1136 0.2566
748 1138 0.0831
748 1139 0.9019
748 1141 0.0912
748 1142 0.3759
748 1143 0.5261
748 1145 0.2454
748 1146 0.1428
748 1147 0.0759
748 1148 0.8881
748 1149 0.2250
748 1150 0.4053
748 1151 0.7229
748 1152 0.9515
748 1153 0.0317
748 1154 0.0701
748 1155 0.2162
748 1156 0.2261
748 1157 0.2162
748 1158 0.3620
748 1159 0.0986
748 1160 0.1310
748 1161 0.1260
748 1162 0.2565
748 1163 0.4955
748 1165 0.5741
748 1166 0.2722
748 1167 0.1658
748 1169 0.0992
748 1172 0.2352
748 1174 0.0793
748 1176 0.7658
748 1177 0.2104
748 1178 0.1055
748 1180 0.1803
748 1181 0.2857
748 1182 0.1763
748 1183 0.2566
748 1184 0.2566
748 1185 0.0593
748 1186 0.6225
748 1187 0.0920
748 1188 0.3077
748 1189 0.7514
748 1191 0.1299
748 1192 0.1454
748 1193 0.0832
748 1194 0.3935
748 1195 0.1011
748 1196 0.8844
748 1197 0.6407
748 1198 0.2251
748 1199 0.1907
748 1200 0.6030
748 1201 0.2780
748 1202 0.1802
748 1203 0.1817
748 1204 0.2261
748 1205 0.3686
748 1206 0.8529
748 1208 0.2418
748 1209 0.1683
748 1210 0.5671
748 1211 0.6571
748 1212 0.3449
748 1213 0.1595
748 1214 0.1201
748 1215 0.6184
748 1216 0.2566
748 1217 0.1671
748 1218 0.1312
748 1219 0.2573
748 1220 0.1948
748 1221 0.2139
748 1222 0.1405
748 1223 0.0755
748 1224 0.2834
748 1225 0.3630
748 1226 0.4369
748 1227 0.3215
748 1228 0.1022
748 1229 0.1679
748 1230 0.1939
748 1231 0.0930
748 1233 0.1301
748 1234 0.0792
748 1235 0.2170
748 1236 0.1752
748 1237 0.2294
748 1238 0.1002
748 1240 0.9518
748 1241 0.1786
748 1242 0.2388
748 1244 0.2308
748 1247 0.1464
748 1248 0.1148
748 1250 0.3494
748 1251 0.2249
748 1252 0.3299
748 1253 0.1253
748 1254 0.1970
748 1255 0.2365
748 1256 0.2803
748 1257 0.2111
748 1258 0.1915
748 1259 0.1322
748 1260 0.1043
748 1262 0.0684
748 1263 0.1285
748 1265 0.0596
748 1266 0.2251
748 1267 0.7271
748 1268 0.1736
748 1269 0.1669
748 1270 0.3486
748 1271 0.1316
748 1272 0.1162
748 1273 0.1430
748 1275 0.1570
748 1276 0.1245
748 1279 0.1095
748 1280 0.1412
748 1281 0.1207
748 1282 0.2424
748 1283 0.1220
748 1284 0.1088
748 1286 0.1203
748 1287 0.2810
748 1288 0.2257
748 1289 0.0853
748 1290 0.4347
748 1291 0.2755
748 1292 0.4364
748 1293 0.2067
748 1295 0.0809
748 1297 0.1445
748 1298 0.3919
748 1299 0.0843
748 1300 0.1348
748 1301 0.0771
748 1303 0.1659
748 1304 0.1366
748 1305 0.1034
748 1306 0.1306
748 1307 0.0809
748 1308 0.2084
748 1309 0.1348
748 1310 0.1181
748 1311 0.0961
748 1315 0.4440
748 1316 0.7868
748 1318 0.2266
748 1320 0.1513
748 1322 0.2566
748 1323 0.2493
748 1324 0.7294
748 1326 0.3412
748 1327 0.3205
748 1329 0.2162
748 1330 0.4931
748 1331 0.3195
748 1333 0.6124
748 1334 0.0930
748 1335 0.2409
748 1336 0.0606
748 1337 0.1391
748 1339 0.1931
748 1340 0.1301
748 1341 0.2261
748 1342 0.1776
748 1343 0.1057
748 1344 0.7090
748 1346 0.1038
748 1347 0.1415
748 1348 0.2636
748 1349 0.1583
748 1350 0.2566
748 1351 0.3126
748 1352 0.1465
748 1353 0.0838
748 1354 0.2063
748 1355 0.0838
748 1356 0.4624
748 1357 0.2671
748 1360 0.1212
748 1361 0.1816
748 1362 0.2086
748 1363 0.2607
748 1364 0.1122
748 1367 0.1794
748 1368 0.2050
748 1369 0.6542
748 1370 0.3168
748 1372 0.0646
748 1374 0.0821
748 1375 0.1122
748 1377 0.2162
748 1378 0.2914
748 1379 0.4682
748 1380 0.3269
748 1381 0.2687
748 1382 0.2566
748 1383 0.1813
748 1384 0.1829
748 1386 0.1897
748 1387 0.3772
748 1388 0.1670
748 1389 0.0512
748 1390 0.1979
748 1393 0.1008
748 1394 0.1180
748 1395 0.1841
748 1396 0.2242
748 1397 0.1254
748 1398 0.2730
748 1399 0.0997
748 1401 0.2202
748 1402 0.1119
748 1405 0.0837
748 1406 0.2536
748 1407 0.7254
748 1408 0.1122
748 1409 0.1094
748 1410 0.1401
748 1411 0.2111
748 1412 0.1453
748 1413 0.1374
748 1415 0.0423
748 1416 0.3135
748 1418 0.0862
748 1419 0.2800
748 1421 0.4863
748 1422 0.0738
748 1423 0.1163
748 1424 0.2566
748 1425 0.0647
748 1426 0.9343
748 1427 0.0892
748 1428 0.1660
748 1431 0.0218
748 1434 0.4092
748 1435 0.1435
748 1436 0.0945
748 1437 0.1512
748 1438 0.0599
748 1439 0.2407
748 1440 0.1896
748 1441 0.1529
748 1443 0.1970
748 1446 0.0771
748 1448 0.7651
748 1449 0.6563
748 1451 0.9183
748 1452 0.2566
748 1453 0.2162
748 1454 0.1130
748 1455 0.1483
748 1456 0.9559
748 1457 0.1619
748 1458 0.8850
748 1459 0.5835
748 1460 0.8584
748 1461 0.1441
748 1462 0.7275
748 1463 0.0984
748 1464 0.9380
748 1466 0.9569
748 1472 0.6097
748 1473 0.8153
748 1475 0.1806
748 1477 0.7664
748 1479 0.9774
748 1480 0.2111
748 1481 0.6845
748 1482 0.7429
748 1484 0.1880
748 1485 0.9262
748 1488 0.2251
748 1490 0.7350
748 1491 0.9561
748 1493 0.7972
748 1494 0.2459
748 1495 0.1237
748 1497 0.4623
748 1498 0.4668
748 1499 0.8850
748 1500 0.8089
748 1501 0.3130
748 1503 0.9067
748 1504 0.9631
748 1505 0.3893
748 1506 0.6657
748 1507 0.9094
748 1508 0.6081
748 1510 0.9561
748 1511 0.7035
748 1512 0.7964
748 1513 0.9422
748 1514 0.2566
748 1515 0.8589
748 1516 0.8250
748 1517 0.7234
748 1518 0.7770
748 1519 0.3694
748 1520 0.3588
748 1522 0.0901
748 1523 0.0930
748 1525 0.0803
748 1526 0.1196
748 1527 0.7566
748 1528 0.1310
748 1529 0.7829
748 1530 0.1909
748 1532 0.1698
748 1535 0.3537
748 1536 0.0954
748 1538 0.1130
748 1540 0.1917
748 1541 0.3912
748 1542 0.1108
748 1544 0.0607
748 1545 0.2329
748 1546 0.2261
748 1547 0.0402
748 1548 0.0872
748 1549 0.1106
748 1550 0.2162
748 1551 0.1703
748 1554 0.5564
748 1555 0.2566
748 1557 0.1365
748 1560 0.1328
748 1562 0.1975
748 1567 0.1432
748 1568 0.1553
748 1569 0.2623
748 1570 0.0632
748 1571 0.2760
748 1572 0.1315
748 1573 0.4049
748 1575 0.1050
748 1577 0.1548
748 1578 0.0900
748 1579 0.2115
748 1580 0.0730
748 1581 0.1829
748 1582 0.2200
748 1583 0.2590
748 1584 0.1176
748 1585 0.2481
748 1587 0.3581
748 1588 0.2315
748 1590 0.0443
748 1591 0.2078
748 1592 0.2161
748 1593 0.1775
748 1594 0.0492
748 1595 0.7152
748 1596 0.2566
748 1598 0.3742
748 1599 0.1912
748 1601 0.2566
748 1602 0.0734
748 1603 0.3303
748 1604 0.1294
748 1605 0.4701
748 1606 0.6597
748 1607 0.2290
748 1608 0.5692
748 1609 0.0716
748 1610 0.0632
748 1611 0.1335
748 1612 0.1264
748 1613 0.1404
748 1614 0.2657
748 1615 0.2400
748 1616 0.3382
748 1617 0.2755
748 1618 0.8711
748 1619 0.3148
748 1621 0.3340
748 1622 0.7142
748 1623 0.5259
748 1624 0.1927
748 1626 0.1470
748 1627 0.1316
748 1628 0.1082
748 1629 0.4397
748 1630 0.2292
748 1632 0.2162
748 1633 0.8420
748 1634 0.1969
748 1637 0.1234
748 1639 0.1920
748 1640 0.2292
748 1641 0.2261
748 1642 0.3094
748 1644 0.1733
748 1645 0.1485
748 1646 0.2047
748 1647 0.0558
748 1648 0.2261
748 1649 0.1345
748 1650 0.2220
748 1653 0.4648
748 1654 0.1345
748 1655 0.3285
748 1659 0.3800
748 1660 0.1030
748 1661 0.0845
748 1662 0.0890
748 1663 0.1336
748 1664 0.1871
748 1665 0.1564
748 1666 0.1922
748 1667 0.1535
748 1668 0.2373
748 1669 0.0646
748 1670 0.1922
748 1671 0.2695
748 1672 0.2162
748 1673 0.2566
748 1674 0.1685
748 1675 0.2203
748 1676 0.0712
748 1677 0.2105
748 1678 0.4222
748 1679 0.1650
748 1680 0.1348
748 1681 0.2111
748 1682 0.1505
748 1683 0.2372
748 1684 0.2566
748 1685 0.2069
748 1687 0.1026
748 1688 0.1594
748 1689 0.7532
748 1690 0.3400
748 1691 0.1407
748 1692 0.1195
748 1694 0.1179
748 1695 0.1137
748 1696 0.0587
748 1697 0.1860
748 1698 0.0726
748 1699 0.0961
748 1700 0.0829
748 1701 0.0135
748 1702 0.0576
748 1703 0.2251
748 1704 0.2332
748 1706 0.0991
748 1707 0.0600
748 1708 0.0562
748 1711 0.0879
748 1712 0.6486
748 1713 0.1027
748 1714 0.1439
748 1716 0.1202
748 1717 0.4039
748 1718 0.0417
748 1719 0.2162
748 1720 0.4523
748 1721 0.4535
748 1723 0.1690
748 1725 0.1948
750 751 0.8573
750 752 0.2913
750 753 0.5802
750 754 0.7570
750 755 0.1019
750 756 0.1255
750 757 0.1936
750 758 0.5878
750 759 0.1551
750 760 0.0762
750 761 0.7254
750 762 0.2852
750 763 0.3022
750 764 0.4485
750 765 0.0682
750 766 0.1191
750 767 0.2353
750 768 0.1138
750 769 0.6002
750 770 0.7596
750 771 0.0483
750 772 0.1875
750 773 0.1872
750 774 0.1494
750 775 0.1441
750 776 0.3690
750 777 0.1500
750 778 0.3032
750 780 0.0859
750 781 0.6689
750 782 0.4167
750 783 0.7933
750 784 0.0491
750 785 0.2503
750 786 0.0645
750 787 0.3774
750 788 0.8356
750 789 0.7490
750 791 0.8635
750 792 0.1025
750 793 0.9492
750 794 0.1408
750 796 0.3656
750 797 0.2739
750 798 0.2250
750 799 0.2433
750 800 0.2276
750 801 0.2656
750 802 0.2835
750 803 0.1207
750 804 0.2160
750 805 0.1403
750 806 0.2105
750 807 0.2280
750 808 0.2765
750 809 0.1302
750 810 0.1322
750 811 0.1088
750 812 0.1255
750 813 0.1699
750 814 0.1464
750 815 0.2003
750 816 0.7195
750 817 0.2087
750 818 0.1162
750 819 0.2526
750 820 0.1990
750 821 0.7376
750 822 0.1614
750 823 0.1556
750 824 0.1986
750 825 0.6740
750 827 0.2173
750 828 0.3198
750 829 0.7795
750 830 0.1262
750 831 0.1911
750 832 0.3175
750 833 0.1157
750 834 0.7682
750 835 0.8690
750 836 0.1417
750 837 0.1551
750 838 0.1494
750 839 0.1387
750 840 0.1195
750 841 0.6629
750 842 0.1472
750 843 0.2852
750 845 0.8108
750 846 0.3829
750 847 0.2219
750 848 0.6551
750 849 0.2827
750 850 0.3091
750 851 0.3297
750 852 0.1990
750 854 0.1357
750 855 0.3261
750 856 0.5291
750 858 0.4341
750 859 0.5313
750 860 0.1120
750 861 0.4262
750 862 0.1043
750 864 0.1737
750 865 0.1381
750 866 0.3207
750 867 0.0916
750 868 0.3701
750 869 0.0730
750 870 0.2662
750 871 0.0972
750 872 0.5345
750 874 0.6959
750 875 0.0606
750 876 0.1070
750 877 0.1824
750 878 0.4279
750 880 0.1908
750 881 0.0725
750 882 0.1483
750 883 0.2776
750 884 0.7946
750 886 0.2088
750 887 0.2271
750 888 0.1197
750 889 0.2325
750 890 0.2808
750 891 0.5644
750 893 0.2878
750 894 0.2560
750 895 0.4524
750 896 0.7471
750 897 0.2001
750 898 0.0716
750 899 0.1206
750 900 0.1122
750 901 0.1940
750 903 0.1695
750 905 0.0953
750 906 0.1990
750 907 0.2207
750 908 0.3014
750 909 0.7130
750 910 0.2219
750 911 0.5354
750 912 0.1369
750 913 0.7498
750 914 0.2212
750 915 0.1212
750 916 0.1875
750 917 0.2219
750 918 0.2086
750 919 0.8993
750 920 0.4937
750 921 0.1769
750 922 0.2627
750 924 0.2168
750 928 0.3014
750 929 0.3066
750 930 0.1529
750 932 0.1214
750 933 0.3400
750 934 0.1540
750 935 0.0657
750 936 0.4506
750 937 0.2219
750 938 0.2397
750 939 0.1742
750 940 0.8065
750 941 0.2859
750 942 0.0700
750 943 0.3036
750 944 0.2117
750 946 0.9211
750 947 0.1001
750 948 0.2086
750 949 0.1254
750 950 0.1948
750 951 0.3205
750 952 0.6752
750 953 0.9735
750 954 0.2487
750 955 0.2260
750 956 0.3089
750 957 0.7177
750 958 0.2219
750 959 0.4449
750 960 0.9704
750 961 0.2280
750 962 0.1833
750 964 0.1586
750 965 0.8779
750 966 0.3121
750 967 0.2048
750 968 0.1269
750 969 0.7898
750 971 0.1824
750 972 0.9086
750 973 0.8265
750 974 0.9931
750 976 0.1310
750 977 0.1875
750 978 0.5161
750 979 0.3973
750 980 0.2949
750 981 0.4595
750 982 0.1936
750 983 0.1279
750 984 0.1717
750 985 0.2975
750 986 0.5934
750 987 0.8986
750 989 0.5094
750 990 0.3096
750 991 0.2089
750 992 0.1800
750 993 0.2466
750 994 0.1996
750 995 0.5998
750 996 0.7648
750 1000 0.1738
750 1001 0.1661
750 1002 0.0634
750 1003 0.5777
750 1004 0.1301
750 1006 0.8277
750 1007 0.1277
750 1008 0.2020
750 1013 0.2027
750 1014 0.8769
750 1015 0.1829
750 1016 0.2094
750 1017 0.6242
750 1018 0.1196
750 1019 0.7862
750 1020 0.2978
750 1022 0.1025
750 1023 0.1921
750 1024 0.8231
750 1026 0.7194
750 1027 0.2422
750 1028 0.2223
750 1029 0.3192
750 1030 0.1745
750 1032 0.5089
750 1033 0.6174
750 1034 0.0882
750 1035 0.3535
750 1036 0.1069
750 1037 0.2626
750 1038 0.1387
750 1039 0.2219
750 1040 0.1405
750 1041 0.8708
750 1042 0.8527
750 1043 0.2539
750 1044 0.1864
750 1045 0.1875
750 1046 0.2219
750 1047 0.4472
750 1048 0.9329
750 1049 0.1243
750 1050 0.2275
750 1051 0.1809
750 1052 0.8419
750 1053 0.1105
750 1054 0.1990
750 1055 0.1678
750 1056 0.8812
750 1057 0.4274
750 1058 0.1582
750 1059 0.3232
750 1060 0.0792
750 1061 0.8012
750 1062 0.1881
750 1063 0.4319
750 1064 0.7496
750 1065 0.1923
750 1066 0.1492
750 1067 0.4357
750 1068 0.2915
750 1069 0.2127
750 1070 0.8402
750 1072 0.1338
750 1073 0.1255
750 1075 0.4212
750 1076 0.5751
750 1077 0.1372
750 1078 0.1918
750 1079 0.9154
750 1080 0.1408
750 1081 0.1655
750 1082 0.4847
750 1083 0.6740
750 1084 0.3097
750 1085 0.1824
750 1087 0.1875
750 1089 0.1933
750 1090 0.4589
750 1093 0.1397
750 1094 0.6470
750 1095 0.1173
750 1097 0.4919
750 1099 0.5564
750 1102 0.1393
750 1103 0.1130
750 1104 0.4056
750 1105 0.7012
750 1106 0.8454
750 1107 0.1223
750 1108 0.1875
750 1109 0.1990
750 1110 0.1990
750 1111 0.1527
750 1113 0.1406
750 1115 0.1657
750 1116 0.1202
750 1117 0.2206
750 1118 0.2105
750 1119 0.7984
750 1123 0.2484
750 1124 0.4329
750 1125 0.0866
750 1126 0.2885
750 1127 0.1973
750 1128 0.1722
750 1129 0.9067
750 1130 0.5128
750 1131 0.1094
750 1132 0.2232
750 1133 0.2717
750 1134 0.5554
750 1135 0.5765
750 1136 0.2219
750 1138 0.1829
750 1139 0.2003
750 1141 0.1062
750 1142 0.4488
750 1143 0.5828
750 1145 0.1863
750 1146 0.8354
750 1147 0.1051
750 1148 0.3735
750 1149 0.4053
750 1150 0.3638
750 1151 0.1255
750 1152 0.3933
750 1153 0.1875
750 1154 0.3680
750 1155 0.1875
750 1156 0.1990
750 1157 0.1875
750 1158 0.2647
750 1159 0.1156
750 1160 0.1473
750 1161 0.0837
750 1162 0.1705
750 1163 0.1467
750 1165 0.2127
750 1166 0.1879
750 1167 0.4891
750 1169 0.0575
750 1172 0.1990
750 1174 0.5678
750 1176 0.1710
750 1177 0.1494
750 1178 0.1875
750 1180 0.3630
750 1181 0.2100
750 1182 0.2742
750 1183 0.2219
750 1184 0.2219
750 1185 0.0832
750 1186 0.1294
750 1187 0.1501
750 1188 0.1990
750 1189 0.3719
750 1191 0.1869
750 1192 0.8438
750 1193 0.0900
750 1194 0.2556
750 1195 0.6981
750 1196 0.1262
750 1197 0.1369
750 1198 0.1936
750 1199 0.6772
750 1200 0.1049
750 1201 0.2373
750 1202 0.2322
750 1203 0.1917
750 1204 0.1990
750 1205 0.2674
750 1206 0.5476
750 1208 0.3512
750 1209 0.1409
750 1210 0.4061
750 1211 0.3476
750 1212 0.3051
750 1213 0.1092
750 1214 0.5821
750 1215 0.1188
750 1216 0.2219
750 1217 0.1711
750 1218 0.1759
750 1219 0.1882
750 1220 0.3835
750 1221 0.3773
750 1222 0.1840
750 1223 0.1476
750 1224 0.1209
750 1225 0.3241
750 1226 0.3671
750 1227 0.2218
750 1228 0.1317
750 1229 0.1712
750 1230 0.1234
750 1231 0.1400
750 1233 0.1403
750 1234 0.1255
750 1235 0.6447
750 1236 0.1518
750 1237 0.2435
750 1238 0.8125
750 1240 0.6218
750 1241 0.0900
750 1242 0.2977
750 1244 0.1191
750 1247 0.0936
750 1248 0.1202
750 1250 0.5101
750 1251 0.6460
750 1252 0.1959
750 1253 0.7795
750 1254 0.6773
750 1255 0.7878
750 1256 0.8908
750 1257 0.7226
750 1258 0.8272
750 1259 0.7964
750 1260 0.9395
750 1262 0.5883
750 1263 0.9092
750 1265 0.8032
750 1266 0.1936
750 1267 0.7763
750 1268 0.8806
750 1269 0.8859
750 1270 0.8968
750 1271 0.9648
750 1272 0.8654
750 1273 0.6878
750 1275 0.9471
750 1276 0.8883
750 1279 0.9429
750 1280 0.6393
750 1281 0.0760
750 1282 0.1191
750 1283 0.0724
750 1284 0.1394
750 1286 0.3181
750 1287 0.1068
750 1288 0.1240
750 1289 0.0799
750 1290 0.2524
750 1291 0.1681
750 1292 0.1727
750 1293 0.1394
750 1295 0.1432
750 1297 0.1885
750 1298 0.0914
750 1299 0.0635
750 1300 0.1990
750 1301 0.1190
750 1303 0.1217
750 1304 0.1435
750 1305 0.2072
750 1306 0.1787
750 1307 0.1432
750 1308 0.2244
750 1309 0.1990
750 1310 0.1218
750 1311 0.1295
750 1315 0.1925
750 1316 0.3824
750 1318 0.1183
750 1320 0.1349
750 1322 0.2219
750 1323 0.3340
750 1324 0.1164
750 1326 0.6209
750 1327 0.2156
750 1329 0.1875
750 1330 0.2995
750 1331 0.4546
750 1333 0.3380
750 1334 0.1400
750 1335 0.5600
750 1336 0.8670
750 1337 0.1210
750 1339 0.1012
750 1340 0.2656
750 1341 0.1990
750 1342 0.2653
750 1343 0.1693
750 1344 0.6063
750 1346 0.1850
750 1347 0.1369
750 1348 0.1863
750 1349 0.1682
750 1350 0.2219
750 1351 0.4417
750 1352 0.3389
750 1353 0.5417
750 1354 0.3974
750 1355 0.5417
750 1356 0.2674
750 1357 0.3782
750 1360 0.1627
750 1361 0.1267
750 1362 0.2822
750 1363 0.7120
750 1364 0.7557
750 1367 0.2391
750 1368 0.5036
750 1369 0.5859
750 1370 0.2144
750 1372 0.1300
750 1374 0.4087
750 1375 0.7557
750 1377 0.1875
750 1378 0.2674
750 1379 0.5581
750 1380 0.2912
750 1381 0.6628
750 1382 0.2219
750 1383 0.1824
750 1384 0.1444
750 1386 0.9251
750 1387 0.8899
750 1388 0.9114
750 1389 0.8977
750 1390 0.5161
750 1393 0.6161
750 1394 0.8740
750 1395 0.7583
750 1396 0.6696
750 1397 0.9595
750 1398 0.7049
750 1399 0.7007
750 1401 0.7988
750 1402 0.7584
750 1405 0.8391
750 1406 0.8087
750 1407 0.1707
750 1408 0.7557
750 1409 0.6378
750 1410 0.8779
750 1411 0.5879
750 1412 0.7214
750 1413 0.8766
750 1415 0.8231
750 1416 0.8628
750 1418 0.6590
750 1419 0.9305
750 1421 0.0684
750 1422 0.2000
750 1423 0.4621
750 1424 0.2219
750 1425 0.1211
750 1426 0.4767
750 1427 0.0919
750 1428 0.8380
750 1431 0.1906
750 1434 0.5063
750 1435 0.3758
750 1436 0.0679
750 1437 0.1417
750 1438 0.1779
750 1439 0.2484
750 1440 0.2231
750 1441 0.2388
750 1443 0.2657
750 1446 0.4631
750 1448 0.2705
750 1449 0.3359
750 1451 0.2289
750 1452 0.2219
750 1453 0.1875
750 1454 0.1875
750 1455 0.4989
750 1456 0.1860
750 1457 0.1081
750 1458 0.7127
750 1459 0.1255
750 1460 0.2080
750 1461 0.1875
750 1462 0.1814
750 1463 0.3467
750 1464 0.2636
750 1466 0.2261
750 1472 0.6853
750 1473 0.1984
750 1475 0.1738
750 1477 0.2677
750 1479 0.3877
750 1480 0.4816
750 1481 0.1210
750 1482 0.1456
750 1484 0.8322
750 1485 0.1843
750 1488 0.1936
750 1490 0.1727
750 1491 0.2503
750 1493 0.6514
750 1494 0.1388
750 1495 0.1370
750 1497 0.1990
750 1498 0.1255
750 1499 0.7127
750 1500 0.4223
750 1501 0.2787
750 1503 0.3119
750 1504 0.2673
750 1505 0.1921
750 1506 0.1210
750 1507 0.2733
750 1508 0.1986
750 1510 0.3169
750 1511 0.6377
750 1512 0.1671
750 1513 0.6483
750 1514 0.2219
750 1515 0.1640
750 1516 0.4978
750 1517 0.1651
750 1518 0.2716
750 1519 0.0929
750 1520 0.2004
750 1522 0.0761
750 1523 0.1080
750 1525 0.1708
750 1526 0.0803
750 1527 0.3776
750 1528 0.1875
750 1529 0.3275
750 1530 0.0602
750 1532 0.2257
750 1535 0.2607
750 1536 0.0613
750 1538 0.0799
750 1540 0.3072
750 1541 0.6154
750 1542 0.1260
750 1544 0.0951
750 1545 0.1406
750 1546 0.1990
750 1547 0.1736
750 1548 0.1562
750 1549 0.1088
750 1550 0.1875
750 1551 0.1002
750 1554 0.1497
750 1555 0.2219
750 1557 0.1875
750 1560 0.1062
750 1562 0.1164
750 1567 0.1102
750 1568 0.1195
750 1569 0.2300
750 1570 0.5174
750 1571 0.3664
750 1572 0.3143
750 1573 0.1962
750 1575 0.8278
750 1577 0.2355
750 1578 0.2030
750 1579 0.2770
750 1580 0.1028
750 1581 0.1599
750 1582 0.3870
750 1583 0.1793
750 1584 0.1990
750 1585 0.3918
750 1587 0.1992
750 1588 0.1916
750 1590 0.4278
750 1591 0.2071
750 1592 0.1824
750 1593 0.1107
750 1594 0.1197
750 1595 0.3803
750 1596 0.2219
750 1598 0.1990
750 1599 0.1659
750 1601 0.2219
750 1602 0.1337
750 1603 0.1806
750 1604 0.1824
750 1605 0.1990
750 1606 0.2563
750 1607 0.3317
750 1608 0.4696
750 1609 0.1164
750 1610 0.5174
750 1611 0.1197
750 1612 0.1569
750 1613 0.1466
750 1614 0.1654
750 1615 0.2224
750 1616 0.5507
750 1617 0.1681
750 1618 0.8520
750 1619 0.3267
750 1621 0.3701
750 1622 0.2755
750 1623 0.1259
750 1624 0.2167
750 1626 0.1164
750 1627 0.1337
750 1628 0.2061
750 1629 0.3257
750 1630 0.7029
750 1632 0.3428
750 1633 0.2220
750 1634 0.2310
750 1637 0.6171
750 1639 0.1306
750 1640 0.3311
750 1641 0.1990
750 1642 0.1990
750 1644 0.4649
750 1645 0.2741
750 1646 0.5250
750 1647 0.5836
750 1648 0.1990
750 1649 0.2272
750 1650 0.5071
750 1653 0.5814
750 1654 0.2272
750 1655 0.7553
750 1659 0.1990
750 1660 0.2442
750 1661 0.7177
750 1662 0.6976
750 1663 0.8859
750 1664 0.7415
750 1665 0.7471
750 1666 0.1990
750 1667 0.8103
750 1668 0.9002
750 1669 0.8484
750 1670 0.1990
750 1671 0.1191
750 1672 0.1875
750 1673 0.2219
750 1674 0.8987
750 1675 0.4812
750 1676 0.8481
750 1677 0.7163
750 1678 0.6653
750 1679 0.8142
750 1680 0.7725
750 1681 0.6980
750 1682 0.1810
750 1683 0.9009
750 1684 0.2219
750 1685 0.8533
750 1687 0.7177
750 1688 0.7729
750 1689 0.9970
750 1690 0.1210
750 1691 0.9297
750 1692 0.9448
750 1694 0.8751
750 1695 0.6358
750 1696 0.7122
750 1697 0.1255
750 1698 0.8379
750 1699 0.2143
750 1700 0.1232
750 1701 0.2236
750 1702 0.2102
750 1703 0.1936
750 1704 0.1334
750 1706 0.0755
750 1707 0.1362
750 1708 0.2804
750 1711 0.1686
750 1712 0.8023
750 1713 0.1576
750 1714 0.3420
750 1716 0.2327
750 1717 0.4475
750 1718 0.2359
750 1719 0.1875
750 1720 0.6791
750 1721 0.1255
750 1723 0.1906
750 1725 0.3835
751 752 0.6826
751 753 0.7619
751 754 0.3943
751 755 0.2935
751 756 0.1039
751 757 0.0974
751 758 0.0672
751 759 0.1027
751 760 0.0157
751 761 0.5764
751 762 0.2451
751 763 0.1571
751 764 0.2878
751 765 0.0943
751 766 0.0880
751 767 0.1339
751 768 0.0626
751 769 0.2178
751 770 0.5345
751 771 0.0359
751 772 0.0984
751 773 0.0612
751 774 0.0621
751 775 0.1696
751 776 0.4917
751 777 0.3173
751 778 0.1460
751 780 0.0788
751 781 0.2705
751 782 0.1938
751 783 0.2573
751 784 0.0115
751 785 0.2370
751 786 0.0447
751 787 0.2248
751 788 0.3881
751 789 0.5605
751 791 0.5690
751 792 0.0489
751 793 0.8472
751 794 0.1483
751 796 0.3695
751 797 0.2044
751 798 0.1084
751 799 0.3481
751 800 0.0563
751 801 0.1671
751 802 0.0911
751 803 0.0146
751 804 0.0707
751 805 0.1478
751 806 0.0930
751 807 0.1957
751 808 0.0854
751 809 0.2357
751 810 0.0990
751 811 0.2290
751 812 0.0803
751 813 0.1165
751 814 0.1807
751 815 0.0808
751 816 0.8242
751 817 0.1804
751 818 0.0505
751 819 0.1269
751 820 0.0849
751 821 0.4133
751 822 0.1341
751 823 0.4682
751 824 0.1162
751 825 0.6669
751 827 0.3383
751 828 0.2704
751 829 0.7103
751 830 0.0621
751 831 0.2854
751 832 0.4466
751 833 0.0625
751 834 0.3717
751 835 0.0484
751 836 0.2261
751 837 0.0436
751 838 0.1576
751 839 0.0747
751 840 0.0951
751 841 0.4426
751 842 0.0933
751 843 0.1240
751 845 0.4874
751 846 0.3891
751 847 0.1518
751 848 0.2204
751 849 0.2881
751 850 0.2395
751 851 0.4131
751 852 0.0849
751 854 0.0569
751 855 0.4998
751 856 0.1599
751 858 0.5924
751 859 0.1812
751 860 0.0317
751 861 0.1767
751 862 0.0391
751 864 0.1368
751 865 0.0802
751 866 0.2909
751 867 0.1344
751 868 0.1968
751 869 0.0166
751 870 0.1713
751 871 0.0097
751 872 0.6416
751 874 0.1977
751 875 0.0218
751 876 0.0703
751 877 0.0904
751 878 0.1151
751 880 0.1847
751 881 0.0094
751 882 0.1078
751 883 0.2572
751 884 0.3932
751 886 0.1027
751 887 0.3989
751 888 0.0589
751 889 0.0989
751 890 0.0722
751 891 0.2366
751 893 0.2428
751 894 0.2488
751 895 0.3035
751 896 0.2512
751 897 0.1048
751 898 0.0172
751 899 0.0629
751 900 0.0301
751 901 0.2609
751 903 0.5270
751 905 0.1473
751 906 0.0849
751 907 0.1391
751 908 0.6342
751 909 0.6230
751 910 0.1518
751 911 0.1474
751 912 0.0913
751 913 0.5331
751 914 0.0728
751 915 0.1528
751 916 0.0984
751 917 0.1518
751 918 0.1125
751 919 0.8990
751 920 0.3984
751 921 0.1100
751 922 0.1372
751 924 0.2603
751 928 0.0732
751 929 0.1579
751 930 0.2625
751 932 0.0733
751 933 0.0509
751 934 0.0512
751 935 0.2120
751 936 0.5333
751 937 0.1518
751 938 0.0688
751 939 0.1082
751 940 0.5338
751 941 0.0740
751 942 0.0737
751 943 0.1627
751 944 0.0964
751 946 0.5232
751 947 0.1948
751 948 0.1978
751 949 0.0826
751 950 0.1091
751 951 0.1981
751 952 0.5850
751 953 0.7886
751 954 0.0571
751 955 0.1548
751 956 0.3192
751 957 0.3895
751 958 0.1518
751 959 0.1155
751 960 0.9293
751 961 0.0542
751 962 0.0607
751 964 0.1573
751 965 0.5519
751 966 0.0661
751 967 0.0892
751 968 0.0623
751 969 0.4663
751 971 0.0904
751 972 0.5286
751 973 0.6445
751 974 0.9704
751 976 0.0332
751 977 0.0984
751 978 0.2772
751 979 0.3654
751 980 0.6370
751 981 0.0984
751 982 0.0974
751 983 0.0695
751 984 0.1869
751 985 0.2736
751 986 0.7939
751 987 0.6600
751 989 0.3636
751 990 0.0642
751 991 0.0693
751 992 0.0724
751 993 0.4807
751 994 0.1416
751 995 0.4461
751 996 0.3840
751 1000 0.0978
751 1001 0.3245
751 1002 0.1986
751 1003 0.1813
751 1004 0.3456
751 1006 0.9284
751 1007 0.0871
751 1008 0.1151
751 1013 0.1201
751 1014 0.7251
751 1015 0.1159
751 1016 0.2010
751 1017 0.2754
751 1018 0.0555
751 1019 0.3221
751 1020 0.3244
751 1022 0.0494
751 1023 0.1497
751 1024 0.4323
751 1026 0.6552
751 1027 0.1425
751 1028 0.1621
751 1029 0.1143
751 1030 0.2509
751 1032 0.2579
751 1033 0.1098
751 1034 0.0153
751 1035 0.2391
751 1036 0.0581
751 1037 0.1200
751 1038 0.0507
751 1039 0.1518
751 1040 0.0500
751 1041 0.7021
751 1042 0.7317
751 1043 0.0789
751 1044 0.1053
751 1045 0.0984
751 1046 0.1518
751 1047 0.1575
751 1048 0.7017
751 1049 0.1123
751 1050 0.1664
751 1051 0.0959
751 1052 0.5686
751 1053 0.0292
751 1054 0.0849
751 1055 0.1402
751 1056 0.7279
751 1057 0.1348
751 1058 0.0594
751 1059 0.1602
751 1060 0.0108
751 1061 0.6859
751 1062 0.0839
751 1063 0.1738
751 1064 0.8125
751 1065 0.1397
751 1066 0.2440
751 1067 0.2515
751 1068 0.1982
751 1069 0.2008
751 1070 0.7199
751 1072 0.0554
751 1073 0.0803
751 1075 0.2878
751 1076 0.0853
751 1077 0.0645
751 1078 0.0722
751 1079 0.7887
751 1080 0.0879
751 1081 0.0760
751 1082 0.6321
751 1083 0.3513
751 1084 0.2507
751 1085 0.1168
751 1087 0.0984
751 1089 0.1753
751 1090 0.3340
751 1093 0.1105
751 1094 0.4965
751 1095 0.0661
751 1097 0.0904
751 1099 0.3440
751 1102 0.0785
751 1103 0.1134
751 1104 0.3894
751 1105 0.5990
751 1106 0.6701
751 1107 0.1056
751 1108 0.0984
751 1109 0.0849
751 1110 0.0849
751 1111 0.0803
751 1113 0.1035
751 1115 0.0768
751 1116 0.1154
751 1117 0.0970
751 1118 0.1942
751 1119 0.3753
751 1123 0.3316
751 1124 0.2583
751 1125 0.1598
751 1126 0.2936
751 1127 0.0719
751 1128 0.2499
751 1129 0.6978
751 1130 0.0222
751 1131 0.0603
751 1132 0.0547
751 1133 0.0794
751 1134 0.1274
751 1135 0.1063
751 1136 0.1518
751 1138 0.1996
751 1139 0.0756
751 1141 0.1437
751 1142 0.2869
751 1143 0.5837
751 1145 0.1140
751 1146 0.5726
751 1147 0.1228
751 1148 0.1246
751 1149 0.3098
751 1150 0.4445
751 1151 0.0803
751 1152 0.2135
751 1153 0.1853
751 1154 0.4119
751 1155 0.0984
751 1156 0.0849
751 1157 0.0984
751 1158 0.3971
751 1159 0.0575
751 1160 0.0721
751 1161 0.2635
751 1162 0.2868
751 1163 0.0576
751 1165 0.1155
751 1166 0.1370
751 1167 0.0620
751 1169 0.2417
751 1172 0.1085
751 1174 0.4317
751 1176 0.0671
751 1177 0.1044
751 1178 0.0984
751 1180 0.3912
751 1181 0.1022
751 1182 0.1118
751 1183 0.1518
751 1184 0.1518
751 1185 0.1708
751 1186 0.0669
751 1187 0.2705
751 1188 0.0849
751 1189 0.1403
751 1191 0.2155
751 1192 0.4916
751 1193 0.0922
751 1194 0.6171
751 1195 0.6435
751 1196 0.0621
751 1197 0.0852
751 1198 0.0974
751 1199 0.1099
751 1200 0.0855
751 1201 0.1554
751 1202 0.1039
751 1203 0.2290
751 1204 0.0849
751 1205 0.1360
751 1206 0.3769
751 1208 0.3247
751 1209 0.1657
751 1210 0.4135
751 1211 0.4613
751 1212 0.2291
751 1213 0.3148
751 1214 0.3738
751 1215 0.0702
751 1216 0.1518
751 1217 0.0841
751 1218 0.2298
751 1219 0.0660
751 1220 0.0852
751 1221 0.1043
751 1222 0.0658
751 1223 0.1252
751 1224 0.0711
751 1225 0.6601
751 1226 0.2679
751 1227 0.0519
751 1228 0.0799
751 1229 0.3449
751 1230 0.0985
751 1231 0.0952
751 1233 0.1269
751 1234 0.0803
751 1235 0.1403
751 1236 0.0681
751 1237 0.2294
751 1238 0.3109
751 1240 0.0954
751 1241 0.0532
751 1242 0.2517
751 1244 0.0970
751 1247 0.1014
751 1248 0.0971
751 1250 0.5223
751 1251 0.7199
751 1252 0.1450
751 1253 0.3417
751 1254 0.2867
751 1255 0.4419
751 1256 0.5160
751 1257 0.2044
751 1258 0.6279
751 1259 0.2311
751 1260 0.8241
751 1262 0.5586
751 1263 0.5489
751 1265 0.4400
751 1266 0.0974
751 1267 0.2777
751 1268 0.5408
751 1269 0.8770
751 1270 0.7895
751 1271 0.7499
751 1272 0.6421
751 1273 0.4412
751 1275 0.7746
751 1276 0.7121
751 1279 0.5882
751 1280 0.5286
751 1281 0.0685
751 1282 0.1050
751 1283 0.0707
751 1284 0.0843
751 1286 0.2343
751 1287 0.0403
751 1288 0.2083
751 1289 0.0409
751 1290 0.2371
751 1291 0.0884
751 1292 0.0689
751 1293 0.0844
751 1295 0.0746
751 1297 0.0701
751 1298 0.0137
751 1299 0.0060
751 1300 0.1085
751 1301 0.1120
751 1303 0.0489
751 1304 0.0370
751 1305 0.2254
751 1306 0.0912
751 1307 0.0746
751 1308 0.1671
751 1309 0.1085
751 1310 0.0704
751 1311 0.0668
751 1315 0.1120
751 1316 0.5004
751 1318 0.1057
751 1320 0.0835
751 1322 0.1518
751 1323 0.1669
751 1324 0.0725
751 1326 0.1053
751 1327 0.1304
751 1329 0.0984
751 1330 0.2953
751 1331 0.8440
751 1333 0.1500
751 1334 0.0953
751 1335 0.3257
751 1336 0.4206
751 1337 0.0785
751 1339 0.0707
751 1340 0.1831
751 1341 0.0849
751 1342 0.0959
751 1343 0.0604
751 1344 0.3554
751 1346 0.0827
751 1347 0.0852
751 1348 0.1541
751 1349 0.2894
751 1350 0.1518
751 1351 0.0833
751 1352 0.1092
751 1353 0.0996
751 1354 0.1370
751 1355 0.0996
751 1356 0.1360
751 1357 0.1010
751 1360 0.1174
751 1361 0.0612
751 1362 0.1236
751 1363 0.3166
751 1364 0.2552
751 1367 0.1454
751 1368 0.1865
751 1369 0.6717
751 1370 0.1879
751 1372 0.1056
751 1374 0.2039
751 1375 0.2552
751 1377 0.0984
751 1378 0.1360
751 1379 0.0883
751 1380 0.1587
751 1381 0.7016
751 1382 0.1518
751 1383 0.0956
751 1384 0.1283
751 1386 0.8054
751 1387 0.6646
751 1388 0.5886
751 1389 0.4692
751 1390 0.4067
751 1393 0.4894
751 1394 0.4032
751 1395 0.2318
751 1396 0.4574
751 1397 0.7772
751 1398 0.2743
751 1399 0.4253
751 1401 0.3615
751 1402 0.3882
751 1405 0.5606
751 1406 0.3639
751 1407 0.2051
751 1408 0.2552
751 1409 0.5655
751 1410 0.5014
751 1411 0.2039
751 1412 0.7557
751 1413 0.5113
751 1415 0.4323
751 1416 0.5848
751 1418 0.6492
751 1419 0.8884
751 1421 0.2678
751 1422 0.1140
751 1423 0.4126
751 1424 0.1518
751 1425 0.3701
751 1426 0.4140
751 1427 0.1296
751 1428 0.7605
751 1431 0.1817
751 1434 0.7825
751 1435 0.1758
751 1436 0.2048
751 1437 0.3243
751 1438 0.2207
751 1439 0.1948
751 1440 0.1583
751 1441 0.1130
751 1443 0.0785
751 1446 0.6394
751 1448 0.2026
751 1449 0.3492
751 1451 0.0469
751 1452 0.1518
751 1453 0.0984
751 1454 0.0984
751 1455 0.1352
751 1456 0.0720
751 1457 0.0530
751 1458 0.1710
751 1459 0.0803
751 1460 0.1641
751 1461 0.0984
751 1462 0.1191
751 1463 0.2304
751 1464 0.0635
751 1466 0.2476
751 1472 0.7228
751 1473 0.1496
751 1475 0.0978
751 1477 0.0839
751 1479 0.1298
751 1480 0.1644
751 1481 0.0785
751 1482 0.0869
751 1484 0.6274
751 1485 0.1522
751 1488 0.0974
751 1490 0.0605
751 1491 0.1308
751 1493 0.2322
751 1494 0.0753
751 1495 0.0765
751 1497 0.0849
751 1498 0.0803
751 1499 0.1710
751 1500 0.0959
751 1501 0.1256
751 1503 0.1965
751 1504 0.1394
751 1505 0.1054
751 1506 0.0785
751 1507 0.2208
751 1508 0.1162
751 1510 0.1125
751 1511 0.4306
751 1512 0.0942
751 1513 0.1588
751 1514 0.1518
751 1515 0.1344
751 1516 0.1100
751 1517 0.0996
751 1518 0.1097
751 1519 0.0155
751 1520 0.4203
751 1522 0.1044
751 1523 0.1356
751 1525 0.1256
751 1526 0.0231
751 1527 0.1432
751 1528 0.0984
751 1529 0.2418
751 1530 0.0104
751 1532 0.1218
751 1535 0.1524
751 1536 0.0177
751 1538 0.0283
751 1540 0.1998
751 1541 0.1942
751 1542 0.0387
751 1544 0.0230
751 1545 0.1035
751 1546 0.0849
751 1547 0.0868
751 1548 0.0722
751 1549 0.0751
751 1550 0.0984
751 1551 0.1062
751 1554 0.0764
751 1555 0.1518
751 1557 0.0984
751 1560 0.0731
751 1562 0.0725
751 1567 0.0470
751 1568 0.0951
751 1569 0.2411
751 1570 0.2321
751 1571 0.3671
751 1572 0.4111
751 1573 0.0853
751 1575 0.5170
751 1577 0.2299
751 1578 0.0809
751 1579 0.2034
751 1580 0.1241
751 1581 0.1760
751 1582 0.0987
751 1583 0.1900
751 1584 0.0849
751 1585 0.3630
751 1587 0.1105
751 1588 0.1309
751 1590 0.2130
751 1591 0.1586
751 1592 0.0956
751 1593 0.1394
751 1594 0.0715
751 1595 0.1220
751 1596 0.1518
751 1598 0.0849
751 1599 0.1644
751 1601 0.1518
751 1602 0.0884
751 1603 0.1152
751 1604 0.0956
751 1605 0.0849
751 1606 0.1847
751 1607 0.1903
751 1608 0.2322
751 1609 0.1091
751 1610 0.2321
751 1611 0.0715
751 1612 0.1065
751 1613 0.1690
751 1614 0.1487
751 1615 0.1192
751 1616 0.3162
751 1617 0.0884
751 1618 0.6533
751 1619 0.3492
751 1621 0.2894
751 1622 0.2050
751 1623 0.1365
751 1624 0.1364
751 1626 0.0725
751 1627 0.0753
751 1628 0.1289
751 1629 0.2295
751 1630 0.3302
751 1632 0.2570
751 1633 0.1783
751 1634 0.1335
751 1637 0.6126
751 1639 0.0961
751 1640 0.3306
751 1641 0.0849
751 1642 0.1085
751 1644 0.0753
751 1645 0.0589
751 1646 0.3408
751 1647 0.3756
751 1648 0.0849
751 1649 0.0732
751 1650 0.0876
751 1653 0.2088
751 1654 0.0732
751 1655 0.1723
751 1659 0.0849
751 1660 0.0524
751 1661 0.3895
751 1662 0.5682
751 1663 0.7113
751 1664 0.1104
751 1665 0.2923
751 1666 0.0849
751 1667 0.2166
751 1668 0.7250
751 1669 0.4020
751 1670 0.0849
751 1671 0.0870
751 1672 0.0984
751 1673 0.1518
751 1674 0.5210
751 1675 0.2650
751 1676 0.4354
751 1677 0.2427
751 1678 0.7259
751 1679 0.4198
751 1680 0.3082
751 1681 0.2833
751 1682 0.0747
751 1683 0.5463
751 1684 0.1518
751 1685 0.5159
751 1687 0.2871
751 1688 0.7498
751 1689 0.9857
751 1690 0.0785
751 1691 0.7043
751 1692 0.8563
751 1694 0.5686
751 1695 0.5445
751 1696 0.4951
751 1697 0.1511
751 1698 0.4732
751 1699 0.5564
751 1700 0.1608
751 1701 0.0819
751 1702 0.2005
751 1703 0.0974
751 1704 0.0867
751 1706 0.1021
751 1707 0.2813
751 1708 0.1233
751 1711 0.2362
751 1712 0.9198
751 1713 0.4213
751 1714 0.2212
751 1716 0.0971
751 1717 0.7762
751 1718 0.0992
751 1719 0.0984
751 1720 0.3982
751 1721 0.0939
751 1723 0.3330
751 1725 0.0852
752 753 0.3023
752 754 0.0975
752 755 0.9905
752 756 0.2021
752 757 0.1362
752 758 0.0832
752 759 0.0911
752 760 0.0371
752 761 0.2905
752 762 0.3201
752 763 0.1916
752 764 0.2436
752 765 0.0531
752 766 0.1049
752 767 0.8649
752 768 0.5781
752 769 0.6201
752 770 0.1895
752 771 0.0258
752 772 0.1389
752 773 0.0738
752 774 0.0392
752 775 0.9779
752 776 0.9870
752 777 0.2467
752 778 0.1836
752 780 0.1525
752 781 0.3683
752 782 0.0945
752 783 0.1399
752 784 0.0219
752 785 0.1762
752 786 0.2454
752 787 0.1847
752 788 0.2552
752 789 0.8333
752 791 0.0783
752 792 0.0785
752 793 0.4777
752 794 0.0831
752 796 0.3062
752 797 0.5625
752 798 0.1101
752 799 0.9835
752 800 0.0452
752 801 0.1099
752 802 0.0957
752 803 0.0588
752 804 0.1731
752 805 0.9903
752 806 0.2908
752 807 0.3157
752 808 0.0818
752 809 0.4957
752 810 0.0240
752 811 0.0724
752 812 0.1027
752 813 0.3342
752 814 0.8298
752 815 0.5448
752 816 0.6873
752 817 0.3883
752 818 0.0547
752 819 0.0841
752 820 0.1192
752 821 0.0858
752 822 0.0383
752 823 0.5519
752 824 0.2149
752 825 0.9414
752 827 0.9830
752 828 0.9807
752 829 0.4234
752 830 0.0464
752 831 0.9894
752 832 0.9849
752 833 0.0422
752 834 0.0963
752 835 0.0899
752 836 0.8992
752 837 0.0751
752 838 0.9881
752 839 0.0647
752 840 0.0898
752 841 0.6876
752 842 0.0502
752 843 0.0702
752 845 0.0635
752 846 0.9782
752 847 0.2226
752 848 0.1252
752 849 0.9823
752 850 0.7465
752 851 0.9986
752 852 0.1192
752 854 0.0733
752 855 0.1588
752 856 0.2387
752 858 0.9543
752 859 0.0901
752 860 0.0425
752 861 0.6924
752 862 0.0429
752 864 0.9762
752 865 0.0410
752 866 0.1698
752 867 0.0982
752 868 0.2178
752 869 0.0480
752 870 0.9841
752 871 0.0291
752 872 0.8688
752 874 0.0322
752 875 0.0282
752 876 0.0353
752 877 0.1169
752 878 0.2742
752 880 0.2272
752 881 0.0307
752 882 0.1993
752 883 0.9803
752 884 0.0363
752 886 0.0788
752 887 0.9887
752 888 0.1224
752 889 0.1100
752 890 0.0808
752 891 0.3949
752 893 0.2937
752 894 0.2474
752 895 0.9807
752 896 0.1335
752 897 0.1277
752 898 0.0433
752 899 0.0721
752 900 0.0435
752 901 0.1299
752 903 0.0502
752 905 0.0412
752 906 0.0688
752 907 0.2454
752 908 0.4335
752 909 0.9854
752 910 0.2226
752 911 0.1951
752 912 0.1104
752 913 0.1999
752 914 0.0564
752 915 0.2721
752 916 0.1389
752 917 0.2226
752 918 0.9208
752 919 0.6794
752 920 0.1954
752 921 0.9846
752 922 0.6114
752 924 0.6571
752 928 0.0372
752 929 0.3204
752 930 0.9904
752 932 0.0815
752 933 0.1967
752 934 0.0277
752 935 0.9908
752 936 0.2447
752 937 0.2226
752 938 0.1311
752 939 0.0308
752 940 0.0758
752 941 0.0868
752 942 0.9883
752 943 0.1407
752 944 0.0988
752 946 0.0931
752 947 0.9868
752 948 0.8771
752 949 0.0433
752 950 0.9807
752 951 0.3856
752 952 0.8723
752 953 0.2649
752 954 0.0621
752 955 0.1178
752 956 0.9557
752 957 0.0641
752 958 0.2226
752 959 0.1337
752 960 0.7406
752 961 0.0533
752 962 0.0743
752 964 0.1397
752 965 0.0663
752 966 0.2362
752 967 0.0742
752 968 0.3257
752 969 0.4641
752 971 0.1169
752 972 0.1181
752 973 0.2877
752 974 0.7877
752 976 0.0329
752 977 0.1389
752 978 0.2242
752 979 0.9938
752 980 0.2094
752 981 0.1389
752 982 0.1362
752 983 0.0810
752 984 0.9805
752 985 0.1146
752 986 0.7735
752 987 0.1585
752 989 0.3004
752 990 0.0588
752 991 0.1680
752 992 0.0357
752 993 0.9960
752 994 0.6133
752 995 0.9811
752 996 0.1207
752 1000 0.1219
752 1001 0.0244
752 1002 0.0355
752 1003 0.2552
752 1004 0.0556
752 1006 0.6966
752 1007 0.0475
752 1008 0.1540
752 1013 0.1939
752 1014 0.2528
752 1015 0.0690
752 1016 0.8659
752 1017 0.2164
752 1018 0.0913
752 1019 0.0747
752 1020 0.4846
752 1022 0.8647
752 1023 0.1277
752 1024 0.1443
752 1026 0.1767
752 1027 0.1444
752 1028 0.0389
752 1029 0.9746
752 1030 0.3649
752 1032 0.4705
752 1033 0.1134
752 1034 0.0415
752 1035 0.0665
752 1036 0.0327
752 1037 0.0869
752 1038 0.0802
752 1039 0.2226
752 1040 0.0328
752 1041 0.2026
752 1042 0.3201
752 1043 0.0875
752 1044 0.1257
752 1045 0.1389
752 1046 0.2226
752 1047 0.6404
752 1048 0.3625
752 1049 0.9785
752 1050 0.9799
752 1051 0.0527
752 1052 0.0586
752 1053 0.0457
752 1054 0.1207
752 1055 0.0368
752 1056 0.0914
752 1057 0.1064
752 1058 0.0345
752 1059 0.0637
752 1060 0.0327
752 1061 0.1823
752 1062 0.0979
752 1063 0.1516
752 1064 0.5302
752 1065 0.9794
752 1066 0.1776
752 1067 0.2804
752 1068 0.9940
752 1069 0.2787
752 1070 0.1544
752 1072 0.0264
752 1073 0.1027
752 1075 0.2732
752 1076 0.0521
752 1077 0.0774
752 1078 0.0435
752 1079 0.5249
752 1080 0.0732
752 1081 0.0671
752 1082 0.1930
752 1083 0.7594
752 1084 0.9560
752 1085 0.1962
752 1087 0.2374
752 1089 0.1942
752 1090 0.9766
752 1093 0.2801
752 1094 0.0477
752 1095 0.0844
752 1097 0.1169
752 1099 0.5738
752 1102 0.0480
752 1103 0.0928
752 1104 0.3496
752 1105 0.9380
752 1106 0.2439
752 1107 0.1188
752 1108 0.3425
752 1109 0.1192
752 1110 0.1192
752 1111 0.0340
752 1113 0.0828
752 1115 0.0749
752 1116 0.1235
752 1117 0.0920
752 1118 0.8974
752 1119 0.0874
752 1123 0.1951
752 1124 0.1242
752 1125 0.9865
752 1126 0.8733
752 1127 0.0861
752 1128 0.9743
752 1129 0.2900
752 1130 0.5578
752 1131 0.0741
752 1132 0.0574
752 1133 0.0250
752 1134 0.1887
752 1135 0.2660
752 1136 0.2226
752 1138 0.9847
752 1139 0.0881
752 1141 0.9730
752 1142 0.1142
752 1143 0.0676
752 1145 0.0810
752 1146 0.8198
752 1147 0.9862
752 1148 0.1627
752 1149 0.9503
752 1150 0.9629
752 1151 0.1027
752 1152 0.1842
752 1153 0.9770
752 1154 0.9942
752 1155 0.1389
752 1156 0.1192
752 1157 0.1389
752 1158 0.6881
752 1159 0.1101
752 1160 0.0726
752 1161 0.9813
752 1162 0.1888
752 1163 0.0699
752 1165 0.1461
752 1166 0.0719
752 1167 0.0347
752 1169 0.9848
752 1172 0.0688
752 1174 0.9251
752 1176 0.0482
752 1177 0.1997
752 1178 0.1389
752 1180 0.9917
752 1181 0.7033
752 1182 0.3917
752 1183 0.2226
752 1184 0.2226
752 1185 0.9820
752 1186 0.0607
752 1187 0.9829
752 1188 0.1192
752 1189 0.0806
752 1191 0.9733
752 1192 0.4993
752 1193 0.9926
752 1194 0.9820
752 1195 0.6627
752 1196 0.0464
752 1197 0.0660
752 1198 0.1362
752 1199 0.0832
752 1200 0.3293
752 1201 0.2125
752 1202 0.1881
752 1203 0.7948
752 1204 0.1192
752 1205 0.1784
752 1206 0.7713
752 1208 0.6514
752 1209 0.9297
752 1210 0.2799
752 1211 0.7744
752 1212 0.2135
752 1213 0.4305
752 1214 0.1168
752 1215 0.0801
752 1216 0.2226
752 1217 0.1102
752 1218 0.0905
752 1219 0.1271
752 1220 0.6755
752 1221 0.1948
752 1222 0.1103
752 1223 0.0950
752 1224 0.0386
752 1225 0.6640
752 1226 0.3599
752 1227 0.1795
752 1228 0.7268
752 1229 0.6366
752 1230 0.0754
752 1231 0.1134
752 1233 0.1342
752 1234 0.1027
752 1235 0.2247
752 1236 0.5738
752 1237 0.6504
752 1238 0.0837
752 1240 0.1628
752 1241 0.0828
752 1242 0.6645
752 1244 0.2617
752 1247 0.3431
752 1248 0.0645
752 1250 0.3099
752 1251 0.1070
752 1252 0.3219
752 1253 0.1409
752 1254 0.4000
752 1255 0.1350
752 1256 0.2510
752 1257 0.0578
752 1258 0.9031
752 1259 0.1168
752 1260 0.5054
752 1262 0.9612
752 1263 0.0565
752 1265 0.7605
752 1266 0.1362
752 1267 0.1415
752 1268 0.1953
752 1269 0.6113
752 1270 0.2568
752 1271 0.0793
752 1272 0.2252
752 1273 0.0638
752 1275 0.1331
752 1276 0.4968
752 1279 0.0599
752 1280 0.5050
752 1281 0.3816
752 1282 0.0978
752 1283 0.0289
752 1284 0.0515
752 1286 0.1454
752 1287 0.0386
752 1288 0.0869
752 1289 0.0314
752 1290 0.6852
752 1291 0.0885
752 1292 0.0987
752 1293 0.0266
752 1295 0.0736
752 1297 0.0741
752 1298 0.0370
752 1299 0.0329
752 1300 0.1192
752 1301 0.0603
752 1303 0.0520
752 1304 0.0620
752 1305 0.0325
752 1306 0.1116
752 1307 0.0736
752 1308 0.1231
752 1309 0.1192
752 1310 0.0392
752 1311 0.0347
752 1315 0.1399
752 1316 0.3492
752 1318 0.1143
752 1320 0.0792
752 1322 0.2226
752 1323 0.0935
752 1324 0.2137
752 1326 0.3777
752 1327 0.0744
752 1329 0.1389
752 1330 0.9507
752 1331 0.3467
752 1333 0.2460
752 1334 0.1134
752 1335 0.9119
752 1336 0.3783
752 1337 0.0456
752 1339 0.1106
752 1340 0.3831
752 1341 0.1192
752 1342 0.2112
752 1343 0.0400
752 1344 0.3649
752 1346 0.1341
752 1347 0.1414
752 1348 0.1783
752 1349 0.7492
752 1350 0.2226
752 1351 0.1318
752 1352 0.7101
752 1353 0.7818
752 1354 0.3171
752 1355 0.7818
752 1356 0.1784
752 1357 0.2445
752 1360 0.1294
752 1361 0.0949
752 1362 0.7334
752 1363 0.1554
752 1364 0.0241
752 1367 0.6056
752 1368 0.2027
752 1369 0.7938
752 1370 0.6447
752 1372 0.0515
752 1374 0.7539
752 1375 0.0241
752 1377 0.1389
752 1378 0.1784
752 1379 0.0998
752 1380 0.0916
752 1381 0.2641
752 1382 0.2226
752 1383 0.6135
752 1384 0.0683
752 1386 0.4516
752 1387 0.2389
752 1388 0.1252
752 1389 0.0994
752 1390 0.5544
752 1393 0.2012
752 1394 0.6476
752 1395 0.4995
752 1396 0.7820
752 1397 0.1293
752 1398 0.2515
752 1399 0.9265
752 1401 0.0602
752 1402 0.1996
752 1405 0.0749
752 1406 0.3913
752 1407 0.7150
752 1408 0.0241
752 1409 0.0901
752 1410 0.0726
752 1411 0.2934
752 1412 0.6344
752 1413 0.0405
752 1415 0.1443
752 1416 0.0502
752 1418 0.5133
752 1419 0.7274
752 1421 0.9680
752 1422 0.8532
752 1423 0.9838
752 1424 0.2226
752 1425 0.9797
752 1426 0.5443
752 1427 0.9864
752 1428 0.8894
752 1431 0.9793
752 1434 0.9997
752 1435 0.9946
752 1436 0.9691
752 1437 0.9839
752 1438 0.9518
752 1439 0.9633
752 1440 0.9913
752 1441 0.8686
752 1443 0.7371
752 1446 0.9053
752 1448 0.2386
752 1449 0.7819
752 1451 0.0705
752 1452 0.2226
752 1453 0.1389
752 1454 0.1389
752 1455 0.6851
752 1456 0.0796
752 1457 0.0728
752 1458 0.0182
752 1459 0.1027
752 1460 0.0573
752 1461 0.1389
752 1462 0.1210
752 1463 0.0986
752 1464 0.0497
752 1466 0.0556
752 1472 0.2279
752 1473 0.1226
752 1475 0.1219
752 1477 0.0979
752 1479 0.3194
752 1480 0.1169
752 1481 0.0480
752 1482 0.0607
752 1484 0.1956
752 1485 0.1960
752 1488 0.1362
752 1490 0.0767
752 1491 0.1455
752 1493 0.4946
752 1494 0.0296
752 1495 0.0522
752 1497 0.1192
752 1498 0.1027
752 1499 0.0182
752 1500 0.1485
752 1501 0.2114
752 1503 0.1125
752 1504 0.1508
752 1505 0.1316
