93 808 0.2443
93 809 0.8564
93 810 0.1422
93 811 0.1540
93 812 0.1025
93 813 0.6142
93 814 0.5344
93 815 0.7670
93 816 0.1107
93 817 0.0840
93 818 0.0781
93 819 0.1438
93 820 0.1249
93 821 0.0748
93 822 0.0659
93 823 0.9224
93 824 0.5456
93 825 0.5988
93 827 0.0835
93 828 0.1436
93 829 0.1376
93 830 0.0931
93 831 0.1081
93 832 0.2969
93 833 0.0723
93 834 0.1485
93 835 0.0911
93 836 0.9252
93 837 0.0670
93 838 0.0425
93 839 0.1354
93 840 0.1100
93 841 0.1257
93 842 0.1024
93 843 0.2998
93 845 0.0949
93 846 0.3087
93 847 0.1995
93 848 0.1788
93 849 0.0457
93 850 0.2649
93 851 0.0868
93 852 0.1164
93 854 0.0923
93 855 0.7849
93 856 0.4750
93 858 0.5631
93 859 0.3653
93 860 0.0865
93 861 0.6110
93 862 0.0618
93 864 0.0591
93 865 0.0740
93 866 0.0983
93 867 0.6718
93 868 0.2233
93 869 0.0571
93 870 0.0455
93 871 0.0605
93 872 0.9900
93 874 0.0775
93 875 0.0386
93 876 0.0952
93 877 0.1129
93 878 0.4227
93 880 0.2135
93 881 0.0530
93 882 0.4969
93 883 0.1241
93 884 0.4877
93 886 0.7980
93 887 0.0917
93 888 0.5666
93 889 0.7766
93 890 0.1149
93 891 0.3714
93 893 0.7452
93 894 0.1560
93 895 0.2804
93 896 0.6834
93 897 0.1308
93 898 0.0669
93 899 0.0923
93 900 0.0480
93 901 0.8853
93 903 0.0306
93 905 0.6502
93 906 0.1249
93 907 0.1283
93 908 0.8364
93 909 0.4232
93 910 0.1995
93 911 0.7200
93 912 0.1049
93 913 0.4263
93 914 0.0947
93 915 0.9325
93 916 0.1959
93 917 0.1995
93 918 0.3555
93 919 0.2765
93 920 0.1258
93 921 0.0582
93 922 0.6567
93 924 0.8285
93 928 0.0820
93 929 0.7324
93 930 0.0703
93 932 0.0865
93 933 0.7058
93 934 0.0783
93 935 0.0525
93 936 0.3003
93 937 0.1995
93 938 0.2849
93 939 0.1216
93 940 0.1037
93 941 0.0919
93 942 0.0463
93 943 0.2143
93 944 0.5894
93 946 0.0904
93 947 0.0633
93 948 0.0747
93 949 0.0597
93 950 0.0412
93 951 0.6796
93 952 0.2735
93 953 0.1595
93 954 0.2668
93 955 0.1253
93 956 0.1177
93 957 0.1084
93 958 0.1995
93 959 0.1665
93 960 0.4477
93 961 0.0890
93 962 0.0766
93 964 0.6618
93 965 0.0558
93 966 0.1111
93 967 0.0801
93 968 0.9062
93 969 0.6791
93 971 0.5223
93 972 0.0683
93 973 0.1259
93 974 0.4403
93 976 0.0423
93 977 0.1442
93 978 0.3213
93 979 0.1419
93 980 0.6687
93 981 0.1442
93 982 0.1376
93 983 0.0839
93 984 0.0561
93 985 0.1694
93 986 0.4316
93 987 0.0671
93 989 0.4530
93 990 0.0718
93 991 0.4851
93 992 0.1016
93 993 0.1564
93 994 0.9506
93 995 0.4029
93 996 0.1188
93 1000 0.6419
93 1001 0.0790
93 1002 0.0376
93 1003 0.3831
93 1004 0.0208
93 1006 0.2842
93 1007 0.0652
93 1008 0.1001
93 1013 0.1376
93 1014 0.1660
93 1015 0.3077
93 1016 0.0894
93 1017 0.6799
93 1018 0.0830
93 1019 0.0842
93 1020 0.6260
93 1022 0.7718
93 1023 0.7611
93 1024 0.1081
93 1026 0.3759
93 1027 0.1620
93 1028 0.2610
93 1029 0.0650
93 1030 0.8408
93 1032 0.1595
93 1033 0.2411
93 1034 0.0409
93 1035 0.1165
93 1036 0.0475
93 1037 0.7286
93 1038 0.1212
93 1039 0.1995
93 1040 0.0899
93 1041 0.0913
93 1042 0.2765
93 1043 0.1098
93 1044 0.5373
93 1045 0.4572
93 1046 0.1995
93 1047 0.1418
93 1048 0.1309
93 1049 0.0441
93 1050 0.0401
93 1051 0.1730
93 1052 0.0807
93 1053 0.0574
93 1054 0.1249
93 1055 0.0766
93 1056 0.0758
93 1057 0.4071
93 1058 0.0705
93 1059 0.1127
93 1060 0.0677
93 1061 0.2105
93 1062 0.0840
93 1063 0.1864
93 1064 0.0889
93 1065 0.0505
93 1066 0.7941
93 1067 0.6937
93 1068 0.0849
93 1069 0.6732
93 1070 0.0452
93 1072 0.0455
93 1073 0.1025
93 1075 0.7475
93 1076 0.0875
93 1077 0.0847
93 1078 0.1006
93 1079 0.1095
93 1080 0.7798
93 1081 0.0763
93 1082 0.7067
93 1083 0.2850
93 1084 0.0830
93 1085 0.1129
93 1087 0.1442
93 1089 0.7372
93 1090 0.0579
93 1093 0.7888
93 1094 0.1965
93 1095 0.0923
93 1097 0.1129
93 1099 0.3488
93 1102 0.1020
93 1103 0.6973
93 1104 0.7231
93 1105 0.2975
93 1106 0.1225
93 1107 0.0881
93 1108 0.1442
93 1109 0.1249
93 1110 0.1249
93 1111 0.0858
93 1113 0.0858
93 1115 0.0918
93 1116 0.1147
93 1117 0.1072
93 1118 0.0939
93 1119 0.0990
93 1123 0.7370
93 1124 0.8066
93 1125 0.0453
93 1126 0.8652
93 1127 0.0912
93 1128 0.2999
93 1129 0.0733
93 1130 0.2185
93 1131 0.1024
93 1132 0.2757
93 1133 0.1190
93 1134 0.7634
93 1135 0.2669
93 1136 0.1995
93 1138 0.0692
93 1139 0.1281
93 1141 0.0378
93 1142 0.6976
93 1143 0.6451
93 1145 0.5316
93 1146 0.1351
93 1147 0.0396
93 1148 0.1146
93 1149 0.2610
93 1150 0.2611
93 1151 0.1025
93 1152 0.4106
93 1153 0.0429
93 1154 0.0650
93 1155 0.3066
93 1156 0.1249
93 1157 0.1442
93 1158 0.7294
93 1159 0.5521
93 1160 0.0941
93 1161 0.0574
93 1162 0.6552
93 1163 0.1610
93 1165 0.1489
93 1166 0.7333
93 1167 0.1736
93 1169 0.1276
93 1172 0.5552
93 1174 0.4439
93 1176 0.3828
93 1177 0.8043
93 1178 0.1442
93 1180 0.0699
93 1181 0.5776
93 1182 0.8095
93 1183 0.1995
93 1184 0.1995
93 1185 0.0992
93 1186 0.3544
93 1187 0.0461
93 1188 0.1249
93 1189 0.4176
93 1191 0.0450
93 1192 0.0692
93 1193 0.0445
93 1194 0.0547
93 1195 0.4433
93 1196 0.0931
93 1197 0.1049
93 1198 0.1376
93 1199 0.1394
93 1200 0.7837
93 1201 0.2195
93 1202 0.6922
93 1203 0.3836
93 1204 0.4211
93 1205 0.1702
93 1206 0.7314
93 1208 0.6853
93 1209 0.6743
93 1210 0.9101
93 1211 0.9404
93 1212 0.7841
93 1213 0.7788
93 1214 0.5130
93 1215 0.5155
93 1216 0.1995
93 1217 0.8281
93 1218 0.4521
93 1219 0.6913
93 1220 0.1049
93 1221 0.7542
93 1222 0.6170
93 1223 0.8440
93 1224 0.6710
93 1225 0.9685
93 1226 0.7343
93 1227 0.7726
93 1228 0.1024
93 1229 0.6259
93 1230 0.8165
93 1231 0.7493
93 1233 0.7310
93 1234 0.6486
93 1235 0.7821
93 1236 0.7028
93 1237 0.6114
93 1238 0.0918
93 1240 0.5063
93 1241 0.7998
93 1242 0.8684
93 1244 0.6986
93 1247 0.9146
93 1248 0.7611
93 1250 0.5046
93 1251 0.6937
93 1252 0.8052
93 1253 0.1129
93 1254 0.1020
93 1255 0.0769
93 1256 0.1266
93 1257 0.1129
93 1258 0.4160
93 1259 0.1057
93 1260 0.0766
93 1262 0.3804
93 1263 0.0776
93 1265 0.2176
93 1266 0.1376
93 1267 0.1991
93 1268 0.2283
93 1269 0.2345
93 1270 0.1444
93 1271 0.0568
93 1272 0.1874
93 1273 0.4642
93 1275 0.0308
93 1276 0.1953
93 1279 0.0606
93 1280 0.4459
93 1281 0.5687
93 1282 0.1021
93 1283 0.0432
93 1284 0.0985
93 1286 0.1509
93 1287 0.0743
93 1288 0.0742
93 1289 0.0665
93 1290 0.0803
93 1291 0.6406
93 1292 0.0504
93 1293 0.0826
93 1295 0.0970
93 1297 0.1014
93 1298 0.0621
93 1299 0.0577
93 1300 0.1249
93 1301 0.0323
93 1303 0.0988
93 1304 0.0898
93 1305 0.0789
93 1306 0.1159
93 1307 0.0970
93 1308 0.1214
93 1309 0.1249
93 1310 0.0912
93 1311 0.0791
93 1315 0.1439
93 1316 0.0986
93 1318 0.5702
93 1320 0.0838
93 1322 0.1995
93 1323 0.7321
93 1324 0.2923
93 1326 0.5714
93 1327 0.6904
93 1329 0.1442
93 1330 0.6879
93 1331 0.8366
93 1333 0.6504
93 1334 0.7493
93 1335 0.2830
93 1336 0.0943
93 1337 0.2719
93 1339 0.7386
93 1340 0.7579
93 1341 0.1249
93 1342 0.8606
93 1343 0.5840
93 1344 0.7734
93 1346 0.7501
93 1347 0.6189
93 1348 0.6015
93 1349 0.4418
93 1350 0.1995
93 1351 0.5880
93 1352 0.6178
93 1353 0.3551
93 1354 0.3819
93 1355 0.3551
93 1356 0.1702
93 1357 0.4535
93 1360 0.5930
93 1361 0.4679
93 1362 0.6095
93 1363 0.7423
93 1364 0.0792
93 1367 0.7721
93 1368 0.4878
93 1369 0.7793
93 1370 0.9111
93 1372 0.7387
93 1374 0.5478
93 1375 0.0792
93 1377 0.1974
93 1378 0.5659
93 1379 0.7332
93 1380 0.6976
93 1381 0.3434
93 1382 0.1995
93 1383 0.6308
93 1384 0.7879
93 1386 0.0863
93 1387 0.1195
93 1388 0.0772
93 1389 0.0648
93 1390 0.3801
93 1393 0.1124
93 1394 0.3212
93 1395 0.1175
93 1396 0.4338
93 1397 0.1395
93 1398 0.1751
93 1399 0.0626
93 1401 0.1291
93 1402 0.2913
93 1405 0.0829
93 1406 0.1450
93 1407 0.2226
93 1408 0.0792
93 1409 0.0964
93 1410 0.0769
93 1411 0.1129
93 1412 0.4315
93 1413 0.0822
93 1415 0.1081
93 1416 0.1014
93 1418 0.2083
93 1419 0.3231
93 1421 0.0546
93 1422 0.0844
93 1423 0.0653
93 1424 0.1995
93 1425 0.0999
93 1426 0.6013
93 1427 0.0320
93 1428 0.1691
93 1431 0.0897
93 1434 0.3465
93 1435 0.0826
93 1436 0.0490
93 1437 0.0724
93 1438 0.0538
93 1439 0.1130
93 1440 0.0609
93 1441 0.0786
93 1443 0.1020
93 1446 0.2470
93 1448 0.1241
93 1449 0.1291
93 1451 0.3979
93 1452 0.1995
93 1453 0.1442
93 1454 0.3550
93 1455 0.6167
93 1456 0.1148
93 1457 0.0940
93 1458 0.5175
93 1459 0.1025
93 1460 0.1234
93 1461 0.1376
93 1462 0.5284
93 1463 0.1020
93 1464 0.1919
93 1466 0.3459
93 1472 0.2421
93 1473 0.4251
93 1475 0.6419
93 1477 0.1605
93 1479 0.3455
93 1480 0.1129
93 1481 0.1020
93 1482 0.1036
93 1484 0.2526
93 1485 0.2421
93 1488 0.1376
93 1490 0.1003
93 1491 0.0964
93 1493 0.3709
93 1494 0.6003
93 1495 0.0873
93 1497 0.3064
93 1498 0.1025
93 1499 0.5175
93 1500 0.1059
93 1501 0.1868
93 1503 0.5334
93 1504 0.1319
93 1505 0.1365
93 1506 0.1020
93 1507 0.1373
93 1508 0.1443
93 1510 0.3068
93 1511 0.3202
93 1512 0.1195
93 1513 0.4526
93 1514 0.1995
93 1515 0.0753
93 1516 0.2388
93 1517 0.1257
93 1518 0.1257
93 1519 0.0866
93 1520 0.0349
93 1522 0.0699
93 1523 0.0975
93 1525 0.5771
93 1526 0.0787
93 1527 0.3241
93 1528 0.1442
93 1529 0.7740
93 1530 0.0561
93 1532 0.1325
93 1535 0.1115
93 1536 0.0658
93 1538 0.0713
93 1540 0.0906
93 1541 0.1202
93 1542 0.5425
93 1544 0.0533
93 1545 0.0858
93 1546 0.1249
93 1547 0.1118
93 1548 0.0671
93 1549 0.0775
93 1550 0.1442
93 1551 0.0966
93 1554 0.0482
93 1555 0.1995
93 1557 0.1442
93 1560 0.1031
93 1562 0.0990
93 1567 0.0867
93 1568 0.6943
93 1569 0.8003
93 1570 0.2472
93 1571 0.7000
93 1572 0.5976
93 1573 0.7953
93 1575 0.5398
93 1577 0.7125
93 1578 0.7358
93 1579 0.7022
93 1580 0.6895
93 1581 0.7320
93 1582 0.6645
93 1583 0.8324
93 1584 0.6475
93 1585 0.5446
93 1587 0.1431
93 1588 0.7858
93 1590 0.5255
93 1591 0.9138
93 1592 0.6651
93 1593 0.8090
93 1594 0.0971
93 1595 0.4787
93 1596 0.1995
93 1598 0.2017
93 1599 0.6843
93 1601 0.1995
93 1602 0.7353
93 1603 0.6775
93 1604 0.6914
93 1605 0.1249
93 1606 0.8175
93 1607 0.4404
93 1608 0.6258
93 1609 0.0990
93 1610 0.2472
93 1611 0.6705
93 1612 0.8493
93 1613 0.9313
93 1614 0.7499
93 1615 0.7039
93 1616 0.6600
93 1617 0.6406
93 1618 0.6619
93 1619 0.7647
93 1621 0.8860
93 1622 0.9438
93 1623 0.6044
93 1624 0.9075
93 1626 0.6926
93 1627 0.6774
93 1628 0.7546
93 1629 0.7755
93 1630 0.6961
93 1632 0.1442
93 1633 0.1212
93 1634 0.6135
93 1637 0.7558
93 1639 0.6977
93 1640 0.8878
93 1641 0.3545
93 1642 0.7388
93 1644 0.1265
93 1645 0.0712
93 1646 0.0962
93 1647 0.0972
93 1648 0.1249
93 1649 0.0927
93 1650 0.1522
93 1653 0.2030
93 1654 0.0927
93 1655 0.4936
93 1659 0.1249
93 1660 0.0647
93 1661 0.1084
93 1662 0.2134
93 1663 0.2529
93 1664 0.1110
93 1665 0.0881
93 1666 0.1249
93 1667 0.1437
93 1668 0.0392
93 1669 0.0381
93 1670 0.1249
93 1671 0.1021
93 1672 0.1442
93 1673 0.1995
93 1674 0.3024
93 1675 0.1984
93 1676 0.0966
93 1677 0.1476
93 1678 0.3596
93 1679 0.0741
93 1680 0.1249
93 1681 0.1129
93 1682 0.0841
93 1683 0.0873
93 1684 0.1995
93 1685 0.1328
93 1687 0.2749
93 1688 0.0683
93 1689 0.4442
93 1690 0.1020
93 1691 0.1022
93 1692 0.3168
93 1694 0.1375
93 1695 0.1129
93 1696 0.0952
93 1697 0.1025
93 1698 0.0821
93 1699 0.0361
93 1700 0.0715
93 1701 0.0493
93 1702 0.0649
93 1703 0.1376
93 1704 0.0803
93 1706 0.0330
93 1707 0.0754
93 1708 0.0929
93 1711 0.0671
93 1712 0.4855
93 1713 0.1211
93 1714 0.0450
93 1716 0.0892
93 1717 0.2333
93 1718 0.0843
93 1719 0.1442
93 1720 0.2241
93 1721 0.3262
93 1723 0.1256
93 1725 0.1049
94 95 0.1499
94 96 0.1125
94 97 0.2561
94 98 0.4676
94 99 0.1210
94 100 0.1076
94 101 0.1636
94 102 0.2620
94 103 0.2478
94 104 0.3630
94 105 0.2111
94 106 0.2376
94 107 0.1842
94 108 0.2735
94 109 0.2225
94 110 0.1801
94 111 0.2838
94 112 0.3084
94 113 0.1495
94 114 0.1117
94 115 0.2820
94 116 0.2559
94 117 0.2636
94 118 0.1754
94 119 0.2459
94 120 0.2195
94 121 0.1212
94 122 0.2386
94 123 0.3185
94 124 0.1840
94 125 0.3224
94 126 0.5366
94 128 0.2302
94 129 0.2139
94 130 0.2022
94 131 0.1659
94 132 0.2122
94 133 0.1909
94 134 0.3093
94 135 0.1966
94 136 0.5416
94 137 0.2153
94 138 0.3515
94 139 0.1836
94 140 0.2124
94 142 0.2223
94 143 0.3742
94 144 0.1782
94 145 0.3047
94 146 0.3590
94 147 0.1721
94 148 0.2825
94 149 0.3003
94 150 0.1352
94 151 0.2237
94 152 0.3521
94 153 0.4467
94 154 0.3078
94 156 0.2491
94 157 0.2100
94 158 0.2402
94 159 0.2627
94 160 0.4193
94 161 0.1657
94 162 0.3390
94 163 0.2483
94 164 0.2300
94 165 0.2291
94 166 0.1769
94 167 0.1511
94 168 0.2138
94 169 0.2356
94 170 0.2694
94 171 0.2696
94 172 0.2414
94 173 0.1190
94 174 0.2288
94 175 0.2481
94 176 0.2160
94 177 0.2163
94 178 0.2166
94 179 0.2710
94 180 0.1986
94 181 0.1399
94 182 0.2027
94 183 0.3432
94 184 0.3756
94 185 0.3080
94 187 0.3691
94 188 0.1898
94 189 0.2578
94 191 0.1599
94 192 0.1725
94 193 0.1952
94 194 0.3476
94 195 0.3646
94 196 0.3049
94 197 0.1673
94 198 0.1902
94 199 0.1907
94 200 0.1284
94 201 0.3207
94 202 0.3111
94 203 0.2223
94 204 0.3119
94 206 0.5457
94 207 0.1754
94 208 0.1584
94 209 0.2117
94 210 0.1776
94 211 0.3797
94 212 0.4115
94 213 0.2459
94 214 0.1682
94 215 0.4360
94 216 0.1093
94 217 0.1224
94 218 0.1865
94 219 0.1469
94 220 0.1472
94 221 0.2342
94 222 0.1483
94 223 0.3900
94 224 0.2311
94 225 0.3142
94 226 0.2242
94 228 0.4855
94 229 0.1461
94 230 0.4814
94 231 0.1952
94 232 0.1668
94 233 0.2067
94 234 0.1668
94 235 0.4510
94 236 0.2231
94 237 0.2470
94 238 0.2048
94 239 0.2221
94 240 0.3105
94 241 0.1943
94 242 0.1702
94 243 0.1739
94 244 0.1390
94 245 0.1858
94 246 0.1415
94 248 0.2579
94 249 0.1838
94 250 0.1452
94 251 0.2033
94 252 0.1754
94 253 0.1878
94 254 0.2414
94 255 0.1754
94 256 0.4720
94 258 0.2782
94 259 0.2009
94 260 0.1836
94 261 0.1471
94 262 0.2248
94 263 0.1913
94 264 0.2045
94 265 0.2113
94 266 0.1375
94 267 0.1926
94 268 0.2511
94 269 0.2510
94 270 0.2631
94 271 0.1170
94 272 0.1889
94 273 0.1418
94 274 0.2607
94 275 0.2668
94 276 0.2921
94 277 0.1349
94 278 0.2098
94 279 0.1940
94 280 0.2067
94 281 0.2009
94 282 0.1724
94 283 0.2227
94 284 0.1848
94 285 0.1631
94 286 0.3118
94 287 0.1341
94 288 0.2087
94 289 0.1116
94 290 0.2341
94 291 0.1682
94 292 0.3143
94 293 0.1678
94 294 0.1424
94 295 0.1972
94 296 0.1907
94 297 0.2479
94 298 0.1666
94 299 0.1914
94 300 0.3433
94 301 0.1813
94 302 0.1194
94 304 0.2480
94 305 0.1405
94 306 0.2248
94 307 0.1337
94 308 0.2114
94 309 0.3246
94 311 0.2565
94 313 0.3900
94 314 0.2391
94 315 0.2212
94 316 0.1833
94 317 0.2291
94 318 0.1358
94 319 0.1732
94 320 0.1489
94 321 0.3184
94 323 0.1125
94 324 0.1723
94 325 0.1432
94 326 0.2129
94 327 0.2482
94 328 0.1789
94 329 0.2019
94 330 0.1809
94 331 0.2137
94 332 0.2884
94 333 0.2191
94 334 0.1882
94 335 0.1437
94 336 0.2523
94 337 0.1920
94 338 0.3825
94 339 0.1472
94 340 0.2326
94 341 0.1866
94 342 0.1815
94 343 0.1125
94 344 0.1580
94 346 0.2379
94 347 0.2069
94 348 0.2500
94 349 0.1543
94 350 0.1792
94 351 0.1818
94 352 0.1383
94 353 0.2112
94 354 0.3189
94 355 0.1754
94 356 0.1378
94 357 0.2523
94 358 0.2212
94 359 0.1751
94 360 0.1844
94 361 0.1388
94 362 0.1848
94 363 0.2662
94 364 0.2633
94 366 0.2252
94 367 0.2092
94 368 0.1817
94 369 0.1937
94 370 0.2625
94 371 0.1316
94 372 0.1550
94 373 0.3483
94 374 0.1481
94 375 0.2207
94 376 0.1962
94 377 0.1807
94 378 0.1871
94 379 0.2379
94 380 0.3540
94 381 0.2933
94 382 0.1754
94 383 0.3665
94 384 0.1973
94 385 0.1734
94 386 0.3791
94 387 0.1782
94 388 0.2892
94 389 0.2513
94 390 0.1125
94 391 0.2705
94 392 0.3001
94 393 0.1888
94 394 0.1807
94 395 0.1834
94 396 0.1809
94 397 0.1602
94 398 0.3109
94 399 0.2650
94 400 0.2053
94 402 0.3068
94 403 0.1848
94 404 0.1807
94 405 0.1268
94 406 0.5075
94 407 0.1860
94 408 0.2013
94 409 0.1116
94 410 0.2651
94 411 0.2777
94 412 0.3286
94 413 0.2571
94 414 0.2605
94 415 0.1667
94 416 0.2422
94 418 0.3885
94 419 0.2470
94 420 0.1842
94 421 0.2198
94 422 0.1429
94 423 0.1623
94 424 0.3218
94 425 0.1845
94 427 0.1781
94 428 0.2541
94 430 0.2001
94 431 0.1395
94 433 0.2424
94 434 0.3338
94 435 0.1754
94 436 0.1743
94 438 0.3227
94 439 0.1687
94 440 0.2024
94 441 0.1692
94 442 0.2794
94 443 0.1425
94 445 0.1364
94 447 0.3103
94 448 0.1790
94 449 0.2411
94 450 0.1473
94 451 0.1769
94 452 0.2051
94 453 0.2211
94 454 0.4563
94 455 0.4371
94 456 0.2646
94 457 0.1761
94 458 0.2049
94 459 0.1958
94 460 0.2388
94 461 0.2017
94 462 0.2009
94 463 0.3636
94 464 0.1583
94 465 0.2009
94 466 0.3820
94 467 0.1395
94 468 0.1707
94 469 0.1281
94 470 0.1558
94 471 0.2183
94 472 0.1404
94 475 0.2943
94 476 0.3006
94 478 0.1884
94 479 0.1989
94 480 0.1771
94 481 0.1865
94 482 0.1743
94 484 0.3589
94 485 0.1702
94 486 0.1630
94 487 0.1442
94 488 0.1657
94 489 0.1782
94 490 0.2557
94 491 0.2679
94 492 0.1346
94 493 0.1391
94 494 0.1825
94 495 0.6311
94 496 0.2072
94 497 0.5275
94 498 0.2714
94 499 0.1780
94 500 0.1874
94 501 0.2203
94 503 0.1574
94 504 0.1910
94 505 0.1748
94 506 0.2077
94 507 0.1584
94 508 0.2316
94 509 0.2145
94 510 0.2090
94 511 0.5208
94 512 0.2793
94 513 0.1531
94 514 0.3016
94 515 0.3011
94 516 0.2522
94 517 0.3270
94 518 0.2413
94 519 0.2577
94 520 0.1709
94 521 0.3016
94 522 0.1754
94 523 0.2111
94 524 0.1470
94 526 0.1480
94 527 0.1982
94 528 0.1375
94 529 0.1618
94 530 0.2044
94 531 0.2157
94 532 0.1654
94 533 0.1766
94 534 0.1834
94 535 0.2420
94 536 0.2192
94 537 0.2793
94 538 0.2308
94 539 0.2396
94 540 0.2788
94 541 0.4099
94 542 0.3077
94 543 0.1511
94 544 0.2804
94 545 0.1503
94 546 0.2057
94 547 0.2857
94 548 0.2257
94 549 0.2206
94 551 0.2441
94 552 0.2218
94 553 0.2009
94 554 0.2295
94 555 0.2179
94 556 0.1754
94 557 0.3753
94 558 0.3546
94 559 0.1569
94 560 0.2633
94 561 0.1953
94 562 0.2482
94 563 0.1977
94 564 0.1621
94 565 0.2577
94 566 0.1574
94 567 0.1420
94 568 0.4905
94 569 0.1601
94 570 0.1318
94 571 0.4587
94 572 0.2460
94 573 0.1584
94 574 0.1408
94 575 0.3905
94 576 0.1841
94 577 0.1879
94 578 0.1569
94 579 0.3131
94 581 0.1841
94 582 0.2162
94 583 0.1599
94 584 0.1113
94 585 0.2538
94 586 0.2092
94 587 0.2163
94 589 0.1929
94 590 0.3010
94 591 0.2064
94 592 0.2322
94 593 0.1406
94 594 0.1450
94 595 0.1125
94 598 0.1754
94 599 0.2084
94 600 0.2368
94 601 0.2547
94 602 0.2266
94 604 0.1725
94 605 0.1335
94 606 0.2218
94 607 0.1476
94 608 0.1531
94 609 0.2571
94 610 0.1571
94 611 0.1874
94 612 0.1758
94 613 0.1827
94 614 0.5325
94 615 0.1449
94 617 0.1615
94 618 0.1394
94 619 0.3514
94 621 0.2419
94 622 0.2009
94 623 0.2322
94 624 0.1855
94 625 0.3364
94 626 0.1875
94 627 0.1848
94 628 0.1209
94 629 0.2067
94 630 0.1471
94 631 0.3632
94 632 0.1409
94 633 0.1720
94 634 0.3001
94 635 0.3454
94 636 0.2009
94 637 0.2914
94 638 0.3019
94 639 0.4995
94 640 0.1395
94 641 0.2031
94 642 0.2618
94 643 0.2058
94 645 0.2369
94 646 0.1611
94 647 0.1754
94 648 0.2233
94 649 0.1367
94 650 0.3100
94 651 0.1483
94 652 0.1667
94 653 0.1810
94 654 0.2387
94 655 0.1970
94 656 0.1991
94 657 0.1686
94 658 0.2426
94 659 0.2198
94 660 0.2009
94 661 0.1439
94 662 0.3137
94 663 0.2081
94 664 0.3567
94 665 0.1471
94 666 0.1756
94 667 0.1905
94 668 0.1379
94 669 0.2087
94 671 0.1730
94 672 0.1704
94 673 0.1702
94 674 0.1484
94 675 0.2545
94 676 0.2148
94 677 0.2636
94 678 0.2198
94 679 0.1515
94 680 0.1758
94 681 0.1330
94 682 0.1470
94 683 0.2441
94 684 0.2584
94 685 0.1327
94 686 0.1930
94 687 0.3545
94 688 0.2752
94 689 0.2600
94 690 0.1766
94 691 0.3040
94 692 0.1502
94 693 0.1382
94 694 0.1604
94 695 0.2571
94 696 0.1836
94 697 0.2996
94 698 0.1635
94 699 0.2882
94 700 0.2468
94 701 0.1447
94 702 0.1706
94 703 0.2865
94 704 0.1072
94 705 0.2112
94 706 0.2331
94 707 0.1541
94 708 0.1268
94 709 0.1911
94 710 0.2257
94 711 0.2844
94 712 0.1689
94 713 0.1881
94 714 0.3153
94 715 0.1442
94 716 0.2288
94 717 0.1709
94 718 0.2500
94 720 0.1125
94 721 0.2672
94 722 0.2699
94 723 0.1943
94 724 0.1125
94 725 0.1729
94 726 0.2067
94 727 0.3464
94 728 0.2502
94 729 0.2640
94 730 0.1874
94 731 0.2956
94 732 0.3997
94 733 0.2808
94 734 0.1754
94 735 0.2329
94 736 0.2874
94 737 0.4208
94 738 0.1484
94 740 0.3334
94 741 0.2503
94 742 0.1632
94 743 0.3047
94 744 0.1671
94 745 0.2180
94 746 0.2272
94 747 0.2958
94 748 0.3317
94 750 0.4000
94 751 0.1878
94 752 0.2303
94 753 0.2233
94 754 0.1584
94 755 0.1790
94 756 0.1874
94 757 0.2441
94 758 0.2442
94 759 0.1952
94 760 0.2156
94 761 0.2009
94 762 0.2967
94 763 0.3776
94 764 0.2074
94 765 0.1620
94 766 0.1713
94 767 0.2095
94 768 0.3705
94 769 0.2088
94 770 0.4563
94 771 0.1658
94 772 0.1754
94 773 0.2214
94 774 0.1390
94 775 0.1049
94 776 0.1412
94 777 0.2167
94 778 0.2317
94 780 0.1375
94 781 0.2009
94 782 0.3196
94 783 0.2911
94 784 0.1145
94 785 0.2229
94 786 0.1973
94 787 0.2033
94 788 0.1940
94 789 0.2507
94 791 0.1517
94 792 0.1820
94 793 0.2557
94 794 0.1539
94 796 0.2331
94 797 0.2468
94 798 0.1884
94 799 0.1438
94 800 0.2067
94 801 0.2642
94 802 0.1536
94 803 0.1809
94 804 0.3147
94 805 0.1672
94 806 0.2463
94 807 0.2576
94 808 0.2706
94 809 0.2753
94 810 0.2689
94 811 0.3238
94 812 0.1874
94 813 0.2096
94 814 0.1633
94 815 0.1952
94 816 0.2241
94 817 0.1764
94 818 0.1673
94 819 0.1978
94 820 0.2009
94 821 0.1891
94 822 0.1756
94 823 0.2684
94 824 0.2396
94 825 0.5395
94 827 0.1347
94 828 0.2118
94 829 0.2641
94 830 0.1391
94 831 0.3121
94 832 0.3994
94 833 0.1733
94 834 0.2501
94 835 0.2315
94 836 0.2772
94 837 0.1596
94 838 0.1147
94 839 0.1511
94 840 0.1615
94 841 0.2502
94 842 0.1522
94 843 0.2167
94 845 0.2574
94 846 0.2332
94 847 0.1125
94 848 0.2287
94 849 0.1298
94 850 0.1404
94 851 0.3216
94 852 0.2009
94 854 0.1349
94 855 0.2879
94 856 0.3539
94 858 0.3627
94 859 0.1807
94 860 0.1636
94 861 0.2190
94 862 0.2054
94 864 0.2379
94 865 0.1912
94 866 0.2643
94 867 0.1511
94 868 0.4436
94 869 0.1277
94 870 0.1257
94 871 0.1599
94 872 0.6313
94 874 0.1359
94 875 0.1571
94 876 0.2132
94 877 0.1743
94 878 0.3048
94 880 0.3761
94 881 0.2015
94 882 0.1364
94 883 0.2739
94 884 0.2131
94 886 0.2647
94 887 0.2034
94 888 0.2018
94 889 0.2502
94 890 0.2044
94 891 0.6230
94 893 0.2324
94 894 0.3052
94 895 0.2113
94 896 0.2517
94 897 0.2093
94 898 0.1686
94 899 0.1300
94 900 0.1822
94 901 0.1888
94 903 0.2466
94 905 0.1707
94 906 0.2009
94 907 0.2206
94 908 0.2357
94 909 0.5365
94 910 0.1125
94 911 0.1946
94 912 0.1584
94 913 0.3725
94 914 0.1752
94 915 0.2584
94 916 0.1754
94 917 0.1125
94 918 0.1356
94 919 0.1901
94 920 0.3056
94 921 0.1125
94 922 0.2687
94 924 0.2099
94 928 0.1503
94 929 0.3540
94 930 0.1973
94 932 0.1306
94 933 0.2392
94 934 0.1783
94 935 0.2001
94 936 0.3294
94 937 0.1125
94 938 0.1998
94 939 0.1390
94 940 0.2451
94 941 0.1999
94 942 0.1525
94 943 0.2950
94 944 0.2118
94 946 0.1867
94 947 0.1550
94 948 0.1746
94 949 0.1466
94 950 0.1279
94 951 0.1931
94 952 0.2514
94 953 0.4573
94 954 0.1828
94 955 0.2105
94 956 0.1378
94 957 0.1411
94 958 0.1125
94 959 0.2279
94 960 0.4956
94 961 0.1919
94 962 0.2000
94 964 0.2046
94 965 0.1488
94 966 0.2028
94 967 0.2083
94 968 0.1968
94 969 0.2118
94 971 0.1743
94 972 0.1959
94 973 0.2278
94 974 0.5121
94 976 0.1690
94 977 0.1754
94 978 0.4911
94 979 0.2716
94 980 0.1635
94 981 0.1754
94 982 0.2441
94 983 0.1409
94 984 0.2040
94 985 0.1861
94 986 0.1955
94 987 0.1783
94 989 0.2297
94 990 0.1995
94 991 0.1925
94 992 0.2161
94 993 0.2449
94 994 0.4352
94 995 0.3258
94 996 0.2156
94 1000 0.1439
94 1001 0.1785
94 1002 0.2347
94 1003 0.4818
94 1004 0.2328
94 1006 0.2327
94 1007 0.2287
94 1008 0.1948
94 1013 0.2441
94 1014 0.2529
94 1015 0.2469
94 1016 0.1420
94 1017 0.1672
94 1018 0.1713
94 1019 0.2322
94 1020 0.2344
94 1022 0.2953
94 1023 0.2811
94 1024 0.1367
94 1026 0.1884
94 1027 0.2137
94 1028 0.2251
94 1029 0.1774
94 1030 0.2326
94 1032 0.2421
94 1033 0.2753
94 1034 0.1583
94 1035 0.2047
94 1036 0.2095
94 1037 0.2309
94 1038 0.1929
94 1039 0.1125
94 1040 0.1415
94 1041 0.1768
94 1042 0.4290
94 1043 0.1854
94 1044 0.2666
94 1045 0.1754
94 1046 0.1125
94 1047 0.1355
94 1048 0.2833
94 1049 0.1723
94 1050 0.2223
94 1051 0.2189
94 1052 0.2071
94 1053 0.2343
94 1054 0.2009
94 1055 0.1777
94 1056 0.2098
94 1057 0.2179
94 1058 0.1512
94 1059 0.2278
94 1060 0.1936
94 1061 0.2656
94 1062 0.2112
94 1063 0.3267
94 1064 0.2297
94 1065 0.2147
94 1066 0.3364
94 1067 0.4563
94 1068 0.2535
94 1069 0.3305
94 1070 0.2247
94 1072 0.2004
94 1073 0.1874
94 1075 0.3060
94 1076 0.2793
94 1077 0.1337
94 1078 0.1690
94 1079 0.3351
94 1080 0.1301
94 1081 0.1548
94 1082 0.2353
94 1083 0.6853
94 1084 0.2099
94 1085 0.1743
94 1087 0.1754
94 1089 0.2623
94 1090 0.2777
94 1093 0.1413
94 1094 0.3015
94 1095 0.1404
94 1097 0.1743
94 1099 0.6121
94 1102 0.1724
94 1103 0.1361
94 1104 0.3390
94 1105 0.3439
94 1106 0.2312
94 1107 0.1483
94 1108 0.1754
94 1109 0.2009
94 1110 0.2009
94 1111 0.1523
94 1113 0.1349
94 1115 0.1413
94 1116 0.1911
94 1117 0.1797
94 1118 0.1461
94 1119 0.1558
94 1123 0.2518
94 1124 0.2681
94 1125 0.1241
94 1126 0.1751
94 1127 0.2402
94 1128 0.4655
94 1129 0.2558
94 1130 0.3119
94 1131 0.1367
94 1132 0.2172
94 1133 0.2405
94 1134 0.2223
94 1135 0.4439
94 1136 0.1125
94 1138 0.2632
94 1139 0.1415
94 1141 0.1119
94 1142 0.3046
94 1143 0.2360
94 1145 0.2271
94 1146 0.1979
94 1147 0.1474
94 1148 0.1798
94 1149 0.1965
94 1150 0.3906
94 1151 0.1874
94 1152 0.3490
94 1153 0.1631
94 1154 0.2755
94 1155 0.1754
94 1156 0.2009
94 1157 0.1754
94 1158 0.2935
94 1159 0.1598
94 1160 0.1715
94 1161 0.1853
94 1162 0.2331
94 1163 0.3286
94 1165 0.3305
94 1166 0.2470
94 1167 0.2148
94 1169 0.1424
94 1172 0.2009
94 1174 0.1687
94 1176 0.2037
94 1177 0.2298
94 1178 0.1754
94 1180 0.1861
94 1181 0.2690
94 1182 0.2145
94 1183 0.1125
94 1184 0.1125
94 1185 0.2277
94 1186 0.1908
94 1187 0.2139
94 1188 0.2009
94 1189 0.3074
94 1191 0.2465
94 1192 0.1904
94 1193 0.1750
94 1194 0.1447
94 1195 0.2487
94 1196 0.1391
94 1197 0.1584
94 1198 0.2441
94 1199 0.3070
94 1200 0.2197
94 1201 0.2300
94 1202 0.1719
94 1203 0.1722
94 1204 0.2009
94 1205 0.2387
94 1206 0.3270
94 1208 0.3012
94 1209 0.1918
94 1210 0.4170
94 1211 0.3018
94 1212 0.2862
94 1213 0.1883
94 1214 0.1669
94 1215 0.1968
94 1216 0.1125
94 1217 0.1939
94 1218 0.1510
94 1219 0.2339
94 1220 0.1584
94 1221 0.2231
94 1222 0.1395
94 1223 0.1451
94 1224 0.1454
94 1225 0.4519
94 1226 0.4243
94 1227 0.2328
94 1228 0.1522
94 1229 0.1774
94 1230 0.1945
94 1231 0.1438
94 1233 0.1799
94 1234 0.1874
94 1235 0.2538
94 1236 0.1783
94 1237 0.1747
94 1238 0.1390
94 1240 0.3365
94 1241 0.2104
94 1242 0.3056
94 1244 0.1782
94 1247 0.2568
94 1248 0.1474
94 1250 0.2502
94 1251 0.1974
94 1252 0.2596
94 1253 0.1743
94 1254 0.1724
94 1255 0.1975
94 1256 0.2552
94 1257 0.1743
94 1258 0.3072
94 1259 0.2051
94 1260 0.2823
94 1262 0.2055
94 1263 0.1716
94 1265 0.2572
94 1266 0.2441
94 1267 0.3613
94 1268 0.2305
94 1269 0.2338
94 1270 0.2182
94 1271 0.2742
94 1272 0.2095
94 1273 0.1568
94 1275 0.2671
94 1276 0.1712
94 1279 0.2183
94 1280 0.2641
94 1281 0.1953
94 1282 0.1782
94 1283 0.2070
94 1284 0.1853
94 1286 0.2346
94 1287 0.1411
94 1288 0.2177
94 1289 0.1992
94 1290 0.2102
94 1291 0.1574
94 1292 0.3007
94 1293 0.2151
94 1295 0.1393
94 1297 0.1391
94 1298 0.1311
94 1299 0.2057
94 1300 0.2009
94 1301 0.3280
94 1303 0.2175
94 1304 0.2052
94 1305 0.1849
94 1306 0.1748
94 1307 0.1393
94 1308 0.1971
94 1309 0.2009
94 1310 0.1406
94 1311 0.1614
94 1315 0.2911
94 1316 0.6660
94 1318 0.1725
94 1320 0.1236
94 1322 0.1125
94 1323 0.3305
94 1324 0.1558
94 1326 0.2666
94 1327 0.2214
94 1329 0.1754
94 1330 0.2073
94 1331 0.2403
94 1333 0.1961
94 1334 0.1438
94 1335 0.2676
94 1336 0.1836
94 1337 0.1724
94 1339 0.2018
94 1340 0.1666
94 1341 0.2009
94 1342 0.1975
94 1343 0.2019
94 1344 0.4762
94 1346 0.1447
94 1347 0.1584
94 1348 0.2031
94 1349 0.2094
94 1350 0.1125
94 1351 0.1348
94 1352 0.1829
94 1353 0.1511
94 1354 0.2470
94 1355 0.1511
94 1356 0.2387
94 1357 0.1786
94 1360 0.1468
94 1361 0.1490
94 1362 0.1901
94 1363 0.2608
94 1364 0.1395
94 1367 0.2253
94 1368 0.3046
94 1369 0.4854
94 1370 0.2304
94 1372 0.1483
94 1374 0.1961
94 1375 0.1395
94 1377 0.1754
94 1378 0.2387
94 1379 0.2034
94 1380 0.2608
94 1381 0.1574
94 1382 0.1125
94 1383 0.1743
94 1384 0.1403
94 1386 0.3420
94 1387 0.2565
94 1388 0.1945
94 1389 0.1756
94 1390 0.2386
94 1393 0.1405
94 1394 0.2242
94 1395 0.2890
94 1396 0.2112
94 1397 0.3021
94 1398 0.3320
94 1399 0.1664
94 1401 0.2636
94 1402 0.1975
94 1405 0.1234
94 1406 0.2666
94 1407 0.2001
94 1408 0.1395
94 1409 0.1431
94 1410 0.1607
94 1411 0.1743
94 1412 0.1893
94 1413 0.1748
94 1415 0.1367
94 1416 0.2367
94 1418 0.1854
94 1419 0.2419
94 1421 0.2634
94 1422 0.1250
94 1423 0.1191
94 1424 0.1125
94 1425 0.2723
94 1426 0.4621
94 1427 0.1257
94 1428 0.2293
94 1431 0.1535
94 1434 0.5402
94 1435 0.2787
94 1436 0.2353
94 1437 0.2845
94 1438 0.2200
94 1439 0.2447
94 1440 0.2104
94 1441 0.1166
94 1443 0.1724
94 1446 0.1932
94 1448 0.2989
94 1449 0.2636
94 1451 0.2049
94 1452 0.1125
94 1453 0.1754
94 1454 0.1754
94 1455 0.2067
94 1456 0.1826
94 1457 0.1414
94 1458 0.1407
94 1459 0.1874
94 1460 0.1980
94 1461 0.2441
94 1462 0.2025
94 1463 0.1724
94 1464 0.1952
94 1466 0.1858
94 1472 0.2958
94 1473 0.1947
94 1475 0.1439
94 1477 0.2112
94 1479 0.3166
94 1480 0.1743
94 1481 0.1724
94 1482 0.2958
94 1484 0.1890
94 1485 0.1998
94 1488 0.2441
94 1490 0.1417
94 1491 0.2160
94 1493 0.3794
94 1494 0.1528
94 1495 0.1454
94 1497 0.2009
94 1498 0.1874
94 1499 0.1407
94 1500 0.2749
94 1501 0.2752
94 1503 0.3977
94 1504 0.2140
94 1505 0.2519
94 1506 0.1724
94 1507 0.2603
94 1508 0.2396
94 1510 0.2174
94 1511 0.2122
94 1512 0.2186
94 1513 0.1551
94 1514 0.1125
94 1515 0.1918
94 1516 0.3326
94 1517 0.2298
94 1518 0.3040
94 1519 0.2661
94 1520 0.4490
94 1522 0.1721
94 1523 0.1395
94 1525 0.2105
94 1526 0.2168
94 1527 0.2088
94 1528 0.1754
94 1529 0.4549
94 1530 0.1324
94 1532 0.1750
94 1535 0.2439
94 1536 0.2552
94 1538 0.1432
94 1540 0.1454
94 1541 0.2996
94 1542 0.1785
94 1544 0.1680
94 1545 0.1349
94 1546 0.2009
94 1547 0.2061
94 1548 0.1684
94 1549 0.1693
94 1550 0.1754
94 1551 0.1495
94 1554 0.2356
94 1555 0.1125
94 1557 0.1754
94 1560 0.1402
94 1562 0.1558
94 1567 0.1444
94 1568 0.1615
94 1569 0.2559
94 1570 0.1511
94 1571 0.3104
94 1572 0.2210
94 1573 0.2793
94 1575 0.1964
94 1577 0.1775
94 1578 0.1892
94 1579 0.1350
94 1580 0.1713
94 1581 0.1980
94 1582 0.2388
94 1583 0.1899
94 1584 0.2009
94 1585 0.2415
94 1587 0.2245
94 1588 0.2695
94 1590 0.1806
94 1591 0.1764
94 1592 0.1743
94 1593 0.2539
94 1594 0.1499
94 1595 0.1525
94 1596 0.1125
94 1598 0.2009
94 1599 0.1841
94 1601 0.1125
94 1602 0.1574
94 1603 0.2645
94 1604 0.1743
94 1605 0.2009
94 1606 0.1785
94 1607 0.1821
94 1608 0.4530
94 1609 0.1558
94 1610 0.1511
94 1611 0.1499
94 1612 0.3357
94 1613 0.3378
94 1614 0.2078
94 1615 0.2478
94 1616 0.2589
94 1617 0.1574
94 1618 0.6702
94 1619 0.2478
94 1621 0.3684
94 1622 0.4801
94 1623 0.2297
94 1624 0.2044
94 1626 0.1558
94 1627 0.1574
94 1628 0.2636
94 1629 0.2650
94 1630 0.2747
94 1632 0.1754
94 1633 0.2195
94 1634 0.2357
94 1637 0.2666
94 1639 0.1418
94 1640 0.1830
94 1641 0.2009
94 1642 0.2009
94 1644 0.1931
94 1645 0.1866
94 1646 0.1896
94 1647 0.1731
94 1648 0.2009
94 1649 0.1474
94 1650 0.1879
94 1653 0.3951
94 1654 0.1474
94 1655 0.3127
94 1659 0.2009
94 1660 0.1730
94 1661 0.1411
94 1662 0.2034
94 1663 0.1640
94 1664 0.2039
94 1665 0.1350
94 1666 0.2009
94 1667 0.2857
94 1668 0.2655
94 1669 0.1635
94 1670 0.2009
94 1671 0.1782
94 1672 0.1754
94 1673 0.1125
94 1674 0.2472
94 1675 0.1843
94 1676 0.1628
94 1677 0.1965
94 1678 0.3149
94 1679 0.1505
94 1680 0.2009
94 1681 0.1743
94 1682 0.1511
94 1683 0.2843
94 1684 0.1125
94 1685 0.2033
94 1687 0.1673
94 1688 0.1787
94 1689 0.7270
94 1690 0.1724
94 1691 0.1947
94 1692 0.2585
94 1694 0.2461
94 1695 0.1743
94 1696 0.1888
94 1697 0.1874
94 1698 0.1304
94 1699 0.2380
94 1700 0.2427
94 1701 0.1779
94 1702 0.1905
94 1703 0.2441
94 1704 0.1257
94 1706 0.1153
94 1707 0.1703
94 1708 0.1276
94 1711 0.2405
94 1712 0.6521
94 1713 0.1911
94 1714 0.1153
94 1716 0.1291
94 1717 0.5458
94 1718 0.1932
94 1719 0.1754
94 1720 0.1908
94 1721 0.1874
94 1723 0.1865
94 1725 0.1584
95 96 0.1499
95 97 0.1451
95 98 0.3638
95 99 0.0615
95 100 0.0557
95 101 0.0761
95 102 0.1175
95 103 0.1627
95 104 0.8825
95 105 0.1010
95 106 0.1107
95 107 0.0913
95 108 0.1600
95 109 0.1661
95 110 0.0697
95 111 0.1601
95 112 0.2029
95 113 0.0726
95 114 0.0597
95 115 0.1438
95 116 0.1316
95 117 0.1046
95 118 0.1300
95 119 0.8792
95 120 0.1028
95 121 0.0623
95 122 0.0956
95 123 0.0999
95 124 0.0885
95 125 0.2252
95 126 0.3021
95 128 0.1589
95 129 0.0854
95 130 0.0858
95 131 0.0790
95 132 0.1109
95 133 0.0921
95 134 0.1496
95 135 0.1517
95 136 0.3477
95 137 0.0947
95 138 0.7844
95 139 0.0801
95 140 0.0905
95 142 0.1119
95 143 0.0749
95 144 0.0981
95 145 0.1652
95 146 0.8908
95 147 0.0753
95 148 0.1721
95 149 0.7979
95 150 0.0458
95 151 0.1071
95 152 0.2303
95 153 0.1572
95 154 0.2227
95 156 0.8542
95 157 0.0997
95 158 0.1206
95 159 0.1169
95 160 0.3189
95 161 0.0979
95 162 0.1219
95 163 0.1253
95 164 0.1049
95 165 0.0965
95 166 0.0750
95 167 0.0759
95 168 0.1037
95 169 0.1245
95 170 0.1382
95 171 0.0953
95 172 0.8884
95 173 0.0692
95 174 0.1280
95 175 0.1173
95 176 0.0998
95 177 0.3211
95 178 0.1971
95 179 0.1337
95 180 0.0936
95 181 0.0926
95 182 0.0797
95 183 0.2039
95 184 0.2833
95 185 0.8273
95 187 0.1808
95 188 0.0856
95 189 0.1059
95 191 0.0971
95 192 0.1068
95 193 0.0818
95 194 0.1791
95 195 0.2722
95 196 0.1910
95 197 0.0741
95 198 0.1124
95 199 0.1030
95 200 0.0459
95 201 0.8994
95 202 0.4339
95 203 0.2933
95 204 0.9441
95 206 0.3909
95 207 0.1300
95 208 0.0794
95 209 0.0824
95 210 0.3915
95 211 0.1928
95 212 0.2458
95 213 0.1013
95 214 0.0524
95 215 0.1389
95 216 0.0516
95 217 0.0711
95 218 0.0894
95 219 0.0858
95 220 0.0707
95 221 0.1137
95 222 0.0916
95 223 0.2991
95 224 0.0687
95 225 0.1583
95 226 0.0906
95 228 0.3699
95 229 0.0708
95 230 0.3307
95 231 0.1081
95 232 0.0872
95 233 0.0861
95 234 0.0910
95 235 0.1433
95 236 0.1593
95 237 0.0784
95 238 0.0897
95 239 0.7255
95 240 0.1098
95 241 0.0760
95 242 0.0890
95 243 0.0848
95 244 0.0733
95 245 0.0850
95 246 0.0922
95 248 0.1421
95 249 0.0863
95 250 0.0524
95 251 0.0806
95 252 0.2980
95 253 0.1131
95 254 0.0916
95 255 0.1300
95 256 0.2056
95 258 0.8738
95 259 0.1362
95 260 0.0942
95 261 0.0784
95 262 0.1110
95 263 0.0813
95 264 0.0676
95 265 0.1609
95 266 0.0922
95 267 0.0884
95 268 0.1067
95 269 0.1998
95 270 0.1910
95 271 0.0670
95 272 0.0831
95 273 0.0884
95 274 0.1189
95 275 0.1127
95 276 0.1464
95 277 0.0869
95 278 0.1049
95 279 0.1089
95 280 0.0868
95 281 0.1362
95 282 0.0847
95 283 0.1124
95 284 0.1034
95 285 0.0861
95 286 0.2059
95 287 0.0597
95 288 0.0971
95 289 0.0651
95 290 0.1014
95 291 0.0831
95 292 0.1701
95 293 0.0915
95 294 0.0475
95 295 0.0770
95 296 0.0845
95 297 0.1178
95 298 0.0741
95 299 0.1079
95 300 0.0967
95 301 0.0970
95 302 0.0905
95 304 0.1164
95 305 0.0758
95 306 0.0965
95 307 0.0751
95 308 0.0997
95 309 0.1900
95 311 0.1052
95 313 0.1996
95 314 0.1131
95 315 0.1112
95 316 0.1268
95 317 0.1148
95 318 0.0761
95 319 0.1067
95 320 0.0487
95 321 0.1729
95 323 0.1499
95 324 0.0489
95 325 0.0918
95 326 0.0995
95 327 0.7444
95 328 0.0774
95 329 0.0935
95 330 0.6433
95 331 0.0741
95 332 0.0891
95 333 0.1320
95 334 0.0799
95 335 0.0918
95 336 0.1194
95 337 0.2308
95 338 0.1716
95 339 0.0710
95 340 0.1184
95 341 0.0908
95 342 0.0608
95 343 0.1499
95 344 0.0683
95 346 0.1220
95 347 0.0602
95 348 0.1209
95 349 0.0711
95 350 0.0837
95 351 0.0793
95 352 0.0710
95 353 0.7000
95 354 0.1709
95 355 0.1300
95 356 0.0959
95 357 0.1275
95 358 0.1029
95 359 0.0873
95 360 0.0961
95 361 0.0519
95 362 0.0823
95 363 0.1425
95 364 0.1357
95 366 0.2517
95 367 0.0741
95 368 0.0614
95 369 0.7088
95 370 0.1202
95 371 0.0692
95 372 0.0823
95 373 0.2002
95 374 0.0676
95 375 0.1144
95 376 0.0943
95 377 0.0938
95 378 0.5932
95 379 0.1126
95 380 0.1900
95 381 0.1371
95 382 0.3337
95 383 0.1850
95 384 0.0930
95 385 0.0821
95 386 0.9223
95 387 0.0840
95 388 0.7945
95 389 0.1241
95 390 0.1499
95 391 0.1383
95 392 0.1903
95 393 0.1053
95 394 0.0745
95 395 0.0774
95 396 0.1139
95 397 0.0728
95 398 0.0976
95 399 0.1281
95 400 0.3843
95 402 0.5847
95 403 0.0626
95 404 0.0841
95 405 0.3400
95 406 0.3344
95 407 0.1020
95 408 0.0978
95 409 0.0526
95 410 0.1313
95 411 0.1368
95 412 0.5028
95 413 0.0933
95 414 0.1317
95 415 0.6396
95 416 0.1087
95 418 0.1418
95 419 0.1350
95 420 0.0838
95 421 0.1181
95 422 0.0481
95 423 0.0698
95 424 0.1812
95 425 0.0623
95 427 0.1307
95 428 0.1197
95 430 0.4693
95 431 0.0896
95 433 0.0805
95 434 0.1991
95 435 0.1300
95 436 0.1270
95 438 0.1964
95 439 0.0735
95 440 0.1007
95 441 0.1216
95 442 0.1397
95 443 0.3491
95 445 0.0823
95 447 0.1340
95 448 0.0744
95 449 0.1114
95 450 0.0692
95 451 0.0730
95 452 0.0887
95 453 0.0930
95 454 0.2928
95 455 0.2129
95 456 0.1417
95 457 0.1052
95 458 0.1193
95 459 0.7459
95 460 0.1303
95 461 0.7183
95 462 0.1362
95 463 0.7249
95 464 0.0931
95 465 0.1362
95 466 0.2273
95 467 0.0850
95 468 0.0679
95 469 0.0718
95 470 0.0702
95 471 0.1034
95 472 0.0843
95 475 0.1610
95 476 0.0318
95 478 0.7222
95 479 0.0847
95 480 0.1751
95 481 0.1079
95 482 0.1270
95 484 0.1936
95 485 0.0565
95 486 0.0794
95 487 0.0835
95 488 0.0524
95 489 0.0814
95 490 0.1199
95 491 0.1267
95 492 0.0550
95 493 0.0733
95 494 0.0977
95 495 0.4378
95 496 0.1413
95 497 0.3634
95 498 0.0887
95 499 0.0829
95 500 0.0873
95 501 0.1298
95 503 0.0749
95 504 0.0807
95 505 0.0887
95 506 0.0870
95 507 0.0858
95 508 0.0926
95 509 0.0985
95 510 0.1172
95 511 0.9511
95 512 0.1170
95 513 0.1093
95 514 0.1711
95 515 0.1490
95 516 0.1311
95 517 0.1419
95 518 0.2841
95 519 0.1100
95 520 0.0781
95 521 0.1235
95 522 0.1300
95 523 0.0984
95 524 0.0950
95 526 0.0751
95 527 0.0992
95 528 0.0481
95 529 0.1045
95 530 0.0829
95 531 0.0984
95 532 0.0701
95 533 0.0745
95 534 0.0771
95 535 0.1085
95 536 0.0865
95 537 0.1170
95 538 0.0927
95 539 0.1489
95 540 0.2006
95 541 0.1367
95 542 0.2295
95 543 0.3767
95 544 0.1439
95 545 0.0900
95 546 0.1014
95 547 0.1522
95 548 0.1511
95 549 0.7465
95 551 0.1228
95 552 0.0999
95 553 0.1362
95 554 0.1107
95 555 0.0740
95 556 0.1300
95 557 0.2636
95 558 0.1787
95 559 0.0742
95 560 0.1043
95 561 0.1031
95 562 0.0706
95 563 0.0815
95 564 0.0677
95 565 0.1163
95 566 0.0749
95 567 0.1640
95 568 0.3133
95 569 0.0739
95 570 0.0722
95 571 0.7750
95 572 0.0690
95 573 0.0774
95 574 0.0896
95 575 0.2883
95 576 0.0607
95 577 0.0987
95 578 0.0910
95 579 0.1528
95 581 0.0838
95 582 0.0905
95 583 0.0513
95 584 0.0452
95 585 0.1147
95 586 0.4876
95 587 0.1082
95 589 0.0977
95 590 0.1578
95 591 0.0905
95 592 0.1278
95 593 0.0761
95 594 0.0957
95 595 0.1499
95 598 0.1300
95 599 0.0679
95 600 0.0886
95 601 0.1222
95 602 0.1097
95 604 0.0780
95 605 0.0704
95 606 0.1561
95 607 0.0679
95 608 0.1093
95 609 0.1179
95 610 0.0712
95 611 0.0873
95 612 0.1023
95 613 0.0646
95 614 0.4843
95 615 0.0729
95 617 0.0788
95 618 0.0831
95 619 0.1704
95 621 0.0926
95 622 0.1362
95 623 0.1035
95 624 0.3915
95 625 0.5795
95 626 0.0762
95 627 0.0922
95 628 0.0541
95 629 0.0976
95 630 0.0784
95 631 0.1322
95 632 0.0728
95 633 0.0779
95 634 0.0963
95 635 0.2862
95 636 0.1362
95 637 0.1338
95 638 0.1998
95 639 0.3623
95 640 0.0718
95 641 0.1380
95 642 0.1529
95 643 0.4115
95 645 0.0972
95 646 0.0922
95 647 0.1300
95 648 0.0863
95 649 0.0903
95 650 0.1326
95 651 0.0512
95 652 0.0756
95 653 0.0587
95 654 0.2032
95 655 0.1033
95 656 0.0939
95 657 0.0783
95 658 0.0462
95 659 0.1070
95 660 0.1362
95 661 0.0706
95 662 0.1685
95 663 0.1242
95 664 0.1500
95 665 0.0784
95 666 0.1066
95 667 0.0605
95 668 0.0747
95 669 0.0923
95 671 0.0926
95 672 0.1006
95 673 0.0994
95 674 0.0725
95 675 0.1389
95 676 0.6789
95 677 0.1536
95 678 0.2355
95 679 0.0676
95 680 0.1188
95 681 0.0725
95 682 0.0749
95 683 0.1228
95 684 0.1455
95 685 0.0835
95 686 0.0884
95 687 0.2208
95 688 0.2217
95 689 0.1512
95 690 0.0859
95 691 0.7952
95 692 0.0535
95 693 0.0911
95 694 0.0519
95 695 0.1018
95 696 0.0801
95 697 0.1036
95 698 0.0687
95 699 0.1195
95 700 0.0991
95 701 0.0941
95 702 0.0595
95 703 0.0958
95 704 0.0495
95 705 0.0839
95 706 0.1047
95 707 0.0653
95 708 0.3400
95 709 0.1262
95 710 0.0948
95 711 0.1349
95 712 0.0923
95 713 0.0715
95 714 0.1463
95 715 0.0733
95 716 0.1248
95 717 0.0647
95 718 0.1230
95 720 0.1499
95 721 0.1447
95 722 0.1267
95 723 0.0819
95 724 0.1499
95 725 0.0715
95 726 0.0988
95 727 0.1954
95 728 0.1532
95 729 0.1466
95 730 0.0873
95 731 0.1779
95 732 0.2402
95 733 0.1648
95 734 0.1300
95 735 0.1096
95 736 0.1509
95 737 0.2493
95 738 0.0717
95 740 0.2025
95 741 0.0813
95 742 0.0901
95 743 0.2408
95 744 0.0725
95 745 0.0835
95 746 0.2058
95 747 0.1216
95 748 0.1555
95 750 0.2271
95 751 0.1052
95 752 0.1000
95 753 0.0994
95 754 0.1117
95 755 0.1053
95 756 0.0873
95 757 0.1228
95 758 0.1066
95 759 0.0830
95 760 0.0931
95 761 0.1362
95 762 0.1659
95 763 0.2400
95 764 0.1657
95 765 0.0681
95 766 0.0775
95 767 0.1056
95 768 0.1682
95 769 0.0850
95 770 0.8088
95 771 0.0918
95 772 0.1300
95 773 0.1390
95 774 0.0733
95 775 0.0500
95 776 0.0571
95 777 0.1168
95 778 0.1689
95 780 0.0805
95 781 0.1362
95 782 0.2120
95 783 0.4582
95 784 0.0535
95 785 0.1236
95 786 0.0866
95 787 0.0871
95 788 0.0979
95 789 0.1290
95 791 0.0676
95 792 0.0745
95 793 0.0846
95 794 0.0526
95 796 0.1207
95 797 0.1165
95 798 0.1302
95 799 0.0635
95 800 0.0868
95 801 0.1172
95 802 0.0763
95 803 0.0698
95 804 0.1081
95 805 0.0706
95 806 0.1084
95 807 0.1669
95 808 0.1148
95 809 0.1094
95 810 0.1049
95 811 0.1655
95 812 0.0873
95 813 0.0864
95 814 0.0709
95 815 0.0802
95 816 0.1083
95 817 0.0744
95 818 0.0763
95 819 0.1311
95 820 0.1362
95 821 0.0769
95 822 0.0786
95 823 0.1424
95 824 0.1489
95 825 0.4931
95 827 0.0590
95 828 0.1799
95 829 0.1254
95 830 0.0733
95 831 0.1850
95 832 0.1431
95 833 0.0844
95 834 0.2794
95 835 0.5234
95 836 0.1193
95 837 0.0717
95 838 0.0525
95 839 0.0759
95 840 0.0788
95 841 0.1125
95 842 0.0859
95 843 0.1029
95 845 0.1051
95 846 0.0902
95 847 0.1499
95 848 0.6339
95 849 0.0590
95 850 0.0729
95 851 0.1358
95 852 0.1362
95 854 0.0744
95 855 0.1515
95 856 0.1670
95 858 0.2769
95 859 0.0781
95 860 0.1028
95 861 0.1066
95 862 0.0984
95 864 0.0716
95 865 0.0980
95 866 0.5007
95 867 0.0700
95 868 0.2544
95 869 0.0485
95 870 0.0722
95 871 0.0521
95 872 0.4159
95 874 0.5596
95 875 0.0872
95 876 0.0930
95 877 0.1270
95 878 0.1363
95 880 0.2461
95 881 0.0971
95 882 0.0764
95 883 0.0941
95 884 0.1535
95 886 0.1316
95 887 0.1323
95 888 0.0918
95 889 0.1310
95 890 0.5253
95 891 0.3351
95 893 0.1671
95 894 0.1644
95 895 0.1368
95 896 0.2780
95 897 0.1389
95 898 0.0845
95 899 0.0905
95 900 0.0882
95 901 0.1351
95 903 0.1218
95 905 0.0734
95 906 0.1362
95 907 0.1471
95 908 0.1204
95 909 0.3621
95 910 0.1499
95 911 0.1304
95 912 0.1117
95 913 0.2033
95 914 0.1089
95 915 0.1089
95 916 0.1300
95 917 0.1499
95 918 0.0699
95 919 0.0986
95 920 0.4368
95 921 0.0488
95 922 0.1305
95 924 0.0915
95 928 0.0738
95 929 0.2584
95 930 0.0970
95 932 0.0697
95 933 0.1181
95 934 0.0859
95 935 0.0816
95 936 0.1665
95 937 0.1499
95 938 0.1139
95 939 0.0743
95 940 0.1186
95 941 0.4430
95 942 0.0669
95 943 0.2440
95 944 0.0967
95 946 0.0787
95 947 0.0702
95 948 0.0811
95 949 0.0742
95 950 0.0449
95 951 0.0860
95 952 0.2850
95 953 0.2363
95 954 0.0769
95 955 0.1185
95 956 0.0888
95 957 0.0878
95 958 0.1499
95 959 0.1646
95 960 0.3705
95 961 0.0790
95 962 0.4755
95 964 0.1282
95 965 0.0719
95 966 0.0981
95 967 0.0947
95 968 0.0923
95 969 0.0892
95 971 0.1270
95 972 0.0803
95 973 0.0883
95 974 0.2847
95 976 0.0866
95 977 0.1300
95 978 0.4174
95 979 0.1267
95 980 0.0859
95 981 0.3014
95 982 0.1228
95 983 0.0728
95 984 0.0981
95 985 0.1281
95 986 0.0923
95 987 0.1029
95 989 0.0972
95 990 0.8177
95 991 0.0982
95 992 0.1530
95 993 0.1241
95 994 0.2954
95 995 0.2320
95 996 0.1160
95 1000 0.0741
95 1001 0.0924
95 1002 0.1002
95 1003 0.2891
95 1004 0.1005
95 1006 0.1354
95 1007 0.0786
95 1008 0.0848
95 1013 0.1228
95 1014 0.1107
95 1015 0.1190
95 1016 0.0716
95 1017 0.0761
95 1018 0.0874
95 1019 0.1733
95 1020 0.1198
95 1022 0.1320
95 1023 0.3540
95 1024 0.0850
95 1026 0.0842
95 1027 0.4220
95 1028 0.0986
95 1029 0.0556
95 1030 0.1233
95 1032 0.2362
95 1033 0.7905
95 1034 0.0968
95 1035 0.0921
95 1036 0.0897
95 1037 0.1144
95 1038 0.1156
95 1039 0.1499
95 1040 0.0808
95 1041 0.0963
95 1042 0.2259
95 1043 0.0912
95 1044 0.1327
95 1045 0.1300
95 1046 0.1499
95 1047 0.0703
95 1048 0.2314
95 1049 0.0489
95 1050 0.0698
95 1051 0.1073
95 1052 0.0945
95 1053 0.1196
95 1054 0.1362
95 1055 0.0715
95 1056 0.1034
95 1057 0.1089
95 1058 0.0821
95 1059 0.1654
95 1060 0.0669
95 1061 0.1538
95 1062 0.0995
95 1063 0.2199
95 1064 0.1048
95 1065 0.0694
95 1066 0.1622
95 1067 0.2235
95 1068 0.1447
95 1069 0.1633
95 1070 0.0910
95 1072 0.0757
95 1073 0.0873
95 1075 0.1425
95 1076 0.1170
95 1077 0.0751
95 1078 0.0771
95 1079 0.1561
95 1080 0.0724
95 1081 0.0827
95 1082 0.1076
95 1083 0.5040
95 1084 0.1008
95 1085 0.1270
95 1087 0.1300
95 1089 0.1684
95 1090 0.0889
95 1093 0.0720
95 1094 0.7143
95 1095 0.0743
95 1097 0.4446
95 1099 0.6359
95 1102 0.0847
95 1103 0.0743
95 1104 0.2892
95 1105 0.1987
95 1106 0.0906
95 1107 0.0746
95 1108 0.1300
95 1109 0.1362
95 1110 0.1362
95 1111 0.0744
95 1113 0.0708
95 1115 0.0853
95 1116 0.0920
95 1117 0.0727
95 1118 0.0708
95 1119 0.0734
95 1123 0.1430
95 1124 0.1249
95 1125 0.0448
95 1126 0.0930
95 1127 0.4437
95 1128 0.1764
95 1129 0.0888
95 1130 0.1459
95 1131 0.0903
95 1132 0.1058
95 1133 0.1167
95 1134 0.1119
95 1135 0.2518
95 1136 0.1499
95 1138 0.0749
95 1139 0.0922
95 1141 0.0454
95 1142 0.1317
95 1143 0.0601
95 1145 0.1822
95 1146 0.0971
95 1147 0.0740
95 1148 0.0963
95 1149 0.1251
95 1150 0.2148
95 1151 0.0873
95 1152 0.1907
95 1153 0.0682
95 1154 0.1291
95 1155 0.1300
95 1156 0.1362
95 1157 0.1300
95 1158 0.1324
95 1159 0.0729
95 1160 0.0863
95 1161 0.0616
95 1162 0.0983
95 1163 0.1936
95 1165 0.1633
95 1166 0.1350
95 1167 0.6526
95 1169 0.0757
95 1172 0.1362
95 1174 0.0854
95 1176 0.1014
95 1177 0.0949
95 1178 0.1300
95 1180 0.0806
95 1181 0.1496
95 1182 0.1632
95 1183 0.1499
95 1184 0.1499
95 1185 0.0895
95 1186 0.0873
95 1187 0.0882
95 1188 0.1362
95 1189 0.2271
95 1191 0.1071
95 1192 0.1037
95 1193 0.0729
95 1194 0.0521
95 1195 0.1561
95 1196 0.0733
95 1197 0.1117
95 1198 0.1228
95 1199 0.7657
95 1200 0.1008
95 1201 0.1869
95 1202 0.0844
95 1203 0.0715
95 1204 0.1362
95 1205 0.2032
95 1206 0.1762
95 1208 0.1413
95 1209 0.0803
95 1210 0.3165
95 1211 0.1523
95 1212 0.1439
95 1213 0.0986
95 1214 0.0737
95 1215 0.0840
95 1216 0.1499
95 1217 0.1009
95 1218 0.0668
95 1219 0.1070
95 1220 0.1117
95 1221 0.0982
95 1222 0.0718
95 1223 0.0885
95 1224 0.0782
95 1225 0.2884
95 1226 0.2218
95 1227 0.1509
95 1228 0.0859
95 1229 0.0790
95 1230 0.0814
95 1231 0.0837
95 1233 0.0788
95 1234 0.0873
95 1235 0.1255
95 1236 0.0899
95 1237 0.1048
95 1238 0.0754
95 1240 0.1874
95 1241 0.0939
95 1242 0.1395
95 1244 0.0840
95 1247 0.1356
95 1248 0.0766
95 1250 0.1163
95 1251 0.1044
95 1252 0.1690
95 1253 0.1270
95 1254 0.0847
95 1255 0.2797
95 1256 0.1987
95 1257 0.1270
95 1258 0.1521
95 1259 0.4206
95 1260 0.3189
95 1262 0.1169
95 1263 0.0695
95 1265 0.1178
95 1266 0.1228
95 1267 0.1707
95 1268 0.1377
95 1269 0.1197
95 1270 0.1167
95 1271 0.1095
95 1272 0.1243
95 1273 0.0719
95 1275 0.2763
95 1276 0.1013
95 1279 0.1178
95 1280 0.2990
95 1281 0.0911
95 1282 0.0840
95 1283 0.0976
95 1284 0.1034
95 1286 0.1064
95 1287 0.0662
95 1288 0.1258
95 1289 0.0924
95 1290 0.1004
95 1291 0.0749
95 1292 0.1319
95 1293 0.1013
95 1295 0.0856
95 1297 0.0728
95 1298 0.0510
95 1299 0.0613
95 1300 0.1362
95 1301 0.1207
95 1303 0.0778
95 1304 0.1477
95 1305 0.0792
95 1306 0.1206
95 1307 0.0856
95 1308 0.1300
95 1309 0.1362
95 1310 0.0761
95 1311 0.0811
95 1315 0.1759
95 1316 0.3979
95 1318 0.0833
95 1320 0.0678
95 1322 0.1499
95 1323 0.1633
95 1324 0.0734
95 1326 0.1327
95 1327 0.1157
95 1329 0.1300
95 1330 0.1077
95 1331 0.1095
95 1333 0.0795
95 1334 0.0837
95 1335 0.1273
95 1336 0.1041
95 1337 0.0847
95 1339 0.0858
95 1340 0.0764
95 1341 0.1362
95 1342 0.0654
95 1343 0.0982
95 1344 0.3420
95 1346 0.0941
95 1347 0.1117
95 1348 0.1129
95 1349 0.1007
95 1350 0.1499
95 1351 0.0740
95 1352 0.0918
95 1353 0.0759
95 1354 0.1350
95 1355 0.0759
95 1356 0.2032
95 1357 0.0805
95 1360 0.0829
95 1361 0.0889
95 1362 0.0955
95 1363 0.1465
95 1364 0.0718
95 1367 0.1521
95 1368 0.1222
95 1369 0.3044
95 1370 0.1302
95 1372 0.0746
95 1374 0.1035
95 1375 0.0718
95 1377 0.1300
95 1378 0.2032
95 1379 0.0959
95 1380 0.1465
95 1381 0.0749
95 1382 0.1499
95 1383 0.1270
95 1384 0.0730
95 1386 0.1514
95 1387 0.1197
95 1388 0.1159
95 1389 0.1011
95 1390 0.1003
95 1393 0.0758
95 1394 0.1077
95 1395 0.1309
95 1396 0.1064
95 1397 0.1292
95 1398 0.5461
95 1399 0.0702
95 1401 0.2837
95 1402 0.1061
95 1405 0.0723
95 1406 0.1327
95 1407 0.0938
95 1408 0.0718
95 1409 0.0914
95 1410 0.0707
95 1411 0.1270
95 1412 0.0954
95 1413 0.0805
95 1415 0.0850
95 1416 0.1214
95 1418 0.0722
95 1419 0.1288
95 1421 0.0774
95 1422 0.0674
95 1423 0.0547
95 1424 0.1499
95 1425 0.1050
95 1426 0.3811
95 1427 0.0678
95 1428 0.1201
95 1431 0.1169
95 1434 0.3945
95 1435 0.1330
95 1436 0.0924
95 1437 0.1387
95 1438 0.0874
95 1439 0.1398
95 1440 0.0852
95 1441 0.0671
95 1443 0.0847
95 1446 0.0979
95 1448 0.1527
95 1449 0.1536
95 1451 0.0968
95 1452 0.1499
95 1453 0.1300
95 1454 0.1300
95 1455 0.0976
95 1456 0.0878
95 1457 0.0890
95 1458 0.0742
95 1459 0.0873
95 1460 0.2870
95 1461 0.1228
95 1462 0.1189
95 1463 0.1851
95 1464 0.0835
95 1466 0.0739
95 1472 0.4011
95 1473 0.1018
95 1475 0.0741
95 1477 0.0995
95 1479 0.2393
95 1480 0.3487
95 1481 0.0847
95 1482 0.1216
95 1484 0.1257
95 1485 0.0760
95 1488 0.1228
95 1490 0.0768
95 1491 0.0947
95 1493 0.2674
95 1494 0.0778
95 1495 0.0868
95 1497 0.1362
95 1498 0.0873
95 1499 0.0742
95 1500 0.1189
95 1501 0.2217
95 1503 0.2188
95 1504 0.1146
95 1505 0.1469
95 1506 0.0847
95 1507 0.1310
95 1508 0.1489
95 1510 0.1307
95 1511 0.3449
95 1512 0.1161
95 1513 0.0724
95 1514 0.1499
95 1515 0.0989
95 1516 0.1680
95 1517 0.1217
95 1518 0.1544
95 1519 0.1190
95 1520 0.2441
95 1522 0.0982
95 1523 0.0850
95 1525 0.0910
95 1526 0.0799
95 1527 0.1116
95 1528 0.1300
95 1529 0.2242
95 1530 0.0480
95 1532 0.0976
95 1535 0.1100
95 1536 0.0836
95 1538 0.0667
95 1540 0.0782
95 1541 0.1378
95 1542 0.0782
95 1544 0.0933
95 1545 0.0708
95 1546 0.1362
95 1547 0.0968
95 1548 0.0698
95 1549 0.0803
95 1550 0.1300
95 1551 0.0811
95 1554 0.0950
95 1555 0.1499
95 1557 0.1300
95 1560 0.0916
95 1562 0.0734
95 1567 0.0755
95 1568 0.0788
95 1569 0.1358
95 1570 0.0759
95 1571 0.2171
95 1572 0.1013
95 1573 0.1170
95 1575 0.1034
95 1577 0.0931
95 1578 0.1043
95 1579 0.0741
95 1580 0.0752
95 1581 0.0878
95 1582 0.1225
95 1583 0.0962
95 1584 0.1362
95 1585 0.1071
95 1587 0.1423
95 1588 0.1296
95 1590 0.0852
95 1591 0.1061
95 1592 0.1270
95 1593 0.0708
95 1594 0.0707
95 1595 0.0732
95 1596 0.1499
95 1598 0.1362
95 1599 0.0988
95 1601 0.1499
95 1602 0.0749
95 1603 0.3774
95 1604 0.1270
95 1605 0.1362
95 1606 0.0894
95 1607 0.0737
95 1608 0.3268
95 1609 0.0734
95 1610 0.0759
95 1611 0.0707
95 1612 0.1793
95 1613 0.2333
95 1614 0.0867
95 1615 0.1087
95 1616 0.1348
95 1617 0.0749
95 1618 0.5335
95 1619 0.1338
95 1621 0.2706
95 1622 0.2982
95 1623 0.1048
95 1624 0.1320
95 1626 0.0734
95 1627 0.0749
95 1628 0.1536
95 1629 0.2204
95 1630 0.1459
95 1632 0.1300
95 1633 0.1150
95 1634 0.1158
95 1637 0.1327
95 1639 0.0737
95 1640 0.1072
95 1641 0.1362
95 1642 0.1362
95 1644 0.4734
95 1645 0.5474
95 1646 0.5426
95 1647 0.6204
95 1648 0.1362
95 1649 0.2347
95 1650 0.6299
95 1653 0.2344
95 1654 0.2347
95 1655 0.4328
95 1659 0.1362
95 1660 0.7050
95 1661 0.0878
95 1662 0.0959
95 1663 0.0803
95 1664 0.1829
95 1665 0.0680
95 1666 0.1362
95 1667 0.1684
95 1668 0.2010
95 1669 0.0853
95 1670 0.1362
95 1671 0.0840
95 1672 0.1300
95 1673 0.1499
95 1674 0.1250
95 1675 0.1300
95 1676 0.0830
95 1677 0.0824
95 1678 0.2199
95 1679 0.0786
95 1680 0.1362
95 1681 0.1270
95 1682 0.3767
95 1683 0.1196
95 1684 0.1499
95 1685 0.1752
95 1687 0.0687
95 1688 0.0846
95 1689 0.3070
95 1690 0.0847
95 1691 0.1520
95 1692 0.1391
95 1694 0.1928
95 1695 0.1270
95 1696 0.0968
95 1697 0.0873
95 1698 0.0741
95 1699 0.0924
95 1700 0.0955
95 1701 0.0921
95 1702 0.0729
95 1703 0.1228
95 1704 0.0695
95 1706 0.0651
95 1707 0.0893
95 1708 0.0920
95 1711 0.0955
95 1712 0.4128
95 1713 0.0652
95 1714 0.0550
95 1716 0.0712
95 1717 0.2696
95 1718 0.1282
95 1719 0.1300
95 1720 0.0897
95 1721 0.0873
95 1723 0.0807
95 1725 0.1117
96 97 0.2561
96 98 0.4676
96 99 0.1210
96 100 0.1076
96 101 0.1636
96 102 0.2620
96 103 0.2478
96 104 0.3630
96 105 0.2111
96 106 0.2376
96 107 0.1842
96 108 0.2735
96 109 0.2225
96 110 0.1801
96 111 0.2838
96 112 0.3084
96 113 0.1495
96 114 0.1117
96 115 0.2820
96 116 0.2559
96 117 0.2636
96 118 0.1754
96 119 0.2459
96 120 0.2195
96 121 0.1212
96 122 0.2386
96 123 0.3185
96 124 0.1840
96 125 0.3224
96 126 0.5366
96 128 0.2302
96 129 0.2139
96 130 0.2022
96 131 0.1659
96 132 0.2122
96 133 0.1909
96 134 0.3093
96 135 0.1966
96 136 0.5416
96 137 0.2153
96 138 0.3515
96 139 0.1836
96 140 0.2124
96 142 0.2223
96 143 0.3742
96 144 0.1782
96 145 0.3047
96 146 0.3590
96 147 0.1721
96 148 0.2825
96 149 0.3003
96 150 0.1352
96 151 0.2237
96 152 0.3521
96 153 0.4467
96 154 0.3078
96 156 0.2491
96 157 0.2100
96 158 0.2402
96 159 0.2627
96 160 0.4193
96 161 0.1657
96 162 0.3390
96 163 0.2483
96 164 0.2300
96 165 0.2291
96 166 0.1769
96 167 0.1511
96 168 0.2138
96 169 0.2356
96 170 0.2694
96 171 0.2696
96 172 0.2414
96 173 0.1190
96 174 0.2288
96 175 0.2481
96 176 0.2160
96 177 0.2163
96 178 0.2166
96 179 0.2710
96 180 0.1986
96 181 0.1399
96 182 0.2027
96 183 0.3432
96 184 0.3756
96 185 0.3080
96 187 0.3691
96 188 0.1898
96 189 0.2578
96 191 0.1599
96 192 0.1725
96 193 0.1952
96 194 0.3476
96 195 0.3646
96 196 0.3049
96 197 0.1673
96 198 0.1902
96 199 0.1907
96 200 0.1284
96 201 0.3207
96 202 0.3111
96 203 0.2223
96 204 0.3119
96 206 0.5457
96 207 0.1754
96 208 0.1584
96 209 0.2117
96 210 0.1776
96 211 0.3797
96 212 0.4115
96 213 0.2459
96 214 0.1682
96 215 0.4360
96 216 0.1093
96 217 0.1224
96 218 0.1865
96 219 0.1469
96 220 0.1472
96 221 0.2342
96 222 0.1483
96 223 0.3900
96 224 0.2311
96 225 0.3142
96 226 0.2242
96 228 0.4855
96 229 0.1461
96 230 0.4814
96 231 0.1952
96 232 0.1668
96 233 0.2067
96 234 0.1668
96 235 0.4510
96 236 0.2231
96 237 0.2470
96 238 0.2048
96 239 0.2221
96 240 0.3105
96 241 0.1943
96 242 0.1702
96 243 0.1739
96 244 0.1390
96 245 0.1858
96 246 0.1415
96 248 0.2579
96 249 0.1838
96 250 0.1452
96 251 0.2033
96 252 0.1754
96 253 0.1878
96 254 0.2414
96 255 0.1754
96 256 0.4720
96 258 0.2782
96 259 0.2009
96 260 0.1836
96 261 0.1471
96 262 0.2248
96 263 0.1913
96 264 0.2045
96 265 0.2113
96 266 0.1375
96 267 0.1926
96 268 0.2511
96 269 0.2510
96 270 0.2631
96 271 0.1170
96 272 0.1889
96 273 0.1418
96 274 0.2607
96 275 0.2668
96 276 0.2921
96 277 0.1349
96 278 0.2098
96 279 0.1940
96 280 0.2067
96 281 0.2009
96 282 0.1724
96 283 0.2227
96 284 0.1848
96 285 0.1631
96 286 0.3118
96 287 0.1341
96 288 0.2087
96 289 0.1116
96 290 0.2341
96 291 0.1682
96 292 0.3143
96 293 0.1678
96 294 0.1424
96 295 0.1972
96 296 0.1907
96 297 0.2479
96 298 0.1666
96 299 0.1914
96 300 0.3433
96 301 0.1813
96 302 0.1194
96 304 0.2480
96 305 0.1405
96 306 0.2248
96 307 0.1337
96 308 0.2114
96 309 0.3246
96 311 0.2565
96 313 0.3900
96 314 0.2391
96 315 0.2212
96 316 0.1833
96 317 0.2291
96 318 0.1358
96 319 0.1732
96 320 0.1489
96 321 0.3184
96 323 0.1125
96 324 0.1723
96 325 0.1432
96 326 0.2129
96 327 0.2482
96 328 0.1789
96 329 0.2019
96 330 0.1809
96 331 0.2137
96 332 0.2884
96 333 0.2191
96 334 0.1882
96 335 0.1437
96 336 0.2523
96 337 0.1920
96 338 0.3825
96 339 0.1472
96 340 0.2326
96 341 0.1866
96 342 0.1815
96 343 0.1125
96 344 0.1580
96 346 0.2379
96 347 0.2069
96 348 0.2500
96 349 0.1543
96 350 0.1792
96 351 0.1818
96 352 0.1383
96 353 0.2112
96 354 0.3189
96 355 0.1754
96 356 0.1378
96 357 0.2523
96 358 0.2212
96 359 0.1751
96 360 0.1844
96 361 0.1388
96 362 0.1848
96 363 0.2662
96 364 0.2633
96 366 0.2252
96 367 0.2092
96 368 0.1817
96 369 0.1937
96 370 0.2625
96 371 0.1316
96 372 0.1550
96 373 0.3483
96 374 0.1481
96 375 0.2207
96 376 0.1962
96 377 0.1807
96 378 0.1871
96 379 0.2379
96 380 0.3540
96 381 0.2933
96 382 0.1754
96 383 0.3665
96 384 0.1973
96 385 0.1734
96 386 0.3791
96 387 0.1782
96 388 0.2892
96 389 0.2513
96 390 0.1125
96 391 0.2705
96 392 0.3001
96 393 0.1888
96 394 0.1807
96 395 0.1834
96 396 0.1809
96 397 0.1602
96 398 0.3109
96 399 0.2650
96 400 0.2053
96 402 0.3068
96 403 0.1848
96 404 0.1807
96 405 0.1268
96 406 0.5075
96 407 0.1860
96 408 0.2013
96 409 0.1116
96 410 0.2651
96 411 0.2777
96 412 0.3286
96 413 0.2571
96 414 0.2605
96 415 0.1667
96 416 0.2422
96 418 0.3885
96 419 0.2470
96 420 0.1842
96 421 0.2198
96 422 0.1429
96 423 0.1623
96 424 0.3218
96 425 0.1845
96 427 0.1781
96 428 0.2541
96 430 0.2001
96 431 0.1395
96 433 0.2424
96 434 0.3338
96 435 0.1754
96 436 0.1743
96 438 0.3227
96 439 0.1687
96 440 0.2024
96 441 0.1692
96 442 0.2794
96 443 0.1425
96 445 0.1364
96 447 0.3103
96 448 0.1790
96 449 0.2411
96 450 0.1473
96 451 0.1769
96 452 0.2051
96 453 0.2211
96 454 0.4563
96 455 0.4371
96 456 0.2646
96 457 0.1761
96 458 0.2049
96 459 0.1958
96 460 0.2388
96 461 0.2017
96 462 0.2009
96 463 0.3636
96 464 0.1583
96 465 0.2009
96 466 0.3820
96 467 0.1395
96 468 0.1707
96 469 0.1281
96 470 0.1558
96 471 0.2183
96 472 0.1404
96 475 0.2943
96 476 0.3006
96 478 0.1884
96 479 0.1989
96 480 0.1771
96 481 0.1865
96 482 0.1743
96 484 0.3589
96 485 0.1702
96 486 0.1630
96 487 0.1442
96 488 0.1657
96 489 0.1782
96 490 0.2557
96 491 0.2679
96 492 0.1346
96 493 0.1391
96 494 0.1825
96 495 0.6311
96 496 0.2072
96 497 0.5275
96 498 0.2714
96 499 0.1780
96 500 0.1874
96 501 0.2203
96 503 0.1574
96 504 0.1910
96 505 0.1748
96 506 0.2077
96 507 0.1584
96 508 0.2316
96 509 0.2145
96 510 0.2090
96 511 0.5208
96 512 0.2793
96 513 0.1531
96 514 0.3016
96 515 0.3011
96 516 0.2522
96 517 0.3270
96 518 0.2413
96 519 0.2577
96 520 0.1709
96 521 0.3016
96 522 0.1754
96 523 0.2111
96 524 0.1470
96 526 0.1480
96 527 0.1982
96 528 0.1375
96 529 0.1618
96 530 0.2044
96 531 0.2157
96 532 0.1654
96 533 0.1766
96 534 0.1834
96 535 0.2420
96 536 0.2192
96 537 0.2793
96 538 0.2308
96 539 0.2396
96 540 0.2788
96 541 0.4099
96 542 0.3077
96 543 0.1511
96 544 0.2804
96 545 0.1503
96 546 0.2057
96 547 0.2857
96 548 0.2257
96 549 0.2206
96 551 0.2441
96 552 0.2218
96 553 0.2009
96 554 0.2295
96 555 0.2179
96 556 0.1754
96 557 0.3753
96 558 0.3546
96 559 0.1569
96 560 0.2633
96 561 0.1953
96 562 0.2482
96 563 0.1977
96 564 0.1621
96 565 0.2577
96 566 0.1574
96 567 0.1420
96 568 0.4905
96 569 0.1601
96 570 0.1318
96 571 0.4587
96 572 0.2460
96 573 0.1584
96 574 0.1408
96 575 0.3905
96 576 0.1841
96 577 0.1879
96 578 0.1569
96 579 0.3131
96 581 0.1841
96 582 0.2162
96 583 0.1599
96 584 0.1113
96 585 0.2538
96 586 0.2092
96 587 0.2163
96 589 0.1929
96 590 0.3010
96 591 0.2064
96 592 0.2322
96 593 0.1406
96 594 0.1450
96 595 0.1125
96 598 0.1754
96 599 0.2084
96 600 0.2368
96 601 0.2547
96 602 0.2266
96 604 0.1725
96 605 0.1335
96 606 0.2218
96 607 0.1476
96 608 0.1531
96 609 0.2571
96 610 0.1571
96 611 0.1874
96 612 0.1758
96 613 0.1827
96 614 0.5325
96 615 0.1449
96 617 0.1615
96 618 0.1394
96 619 0.3514
96 621 0.2419
96 622 0.2009
96 623 0.2322
96 624 0.1855
96 625 0.3364
96 626 0.1875
96 627 0.1848
96 628 0.1209
96 629 0.2067
96 630 0.1471
96 631 0.3632
96 632 0.1409
96 633 0.1720
96 634 0.3001
96 635 0.3454
96 636 0.2009
96 637 0.2914
96 638 0.3019
96 639 0.4995
96 640 0.1395
96 641 0.2031
96 642 0.2618
96 643 0.2058
96 645 0.2369
96 646 0.1611
96 647 0.1754
96 648 0.2233
96 649 0.1367
96 650 0.3100
96 651 0.1483
96 652 0.1667
96 653 0.1810
96 654 0.2387
96 655 0.1970
96 656 0.1991
96 657 0.1686
96 658 0.2426
96 659 0.2198
96 660 0.2009
96 661 0.1439
96 662 0.3137
96 663 0.2081
96 664 0.3567
96 665 0.1471
96 666 0.1756
96 667 0.1905
96 668 0.1379
96 669 0.2087
96 671 0.1730
96 672 0.1704
96 673 0.1702
96 674 0.1484
96 675 0.2545
96 676 0.2148
96 677 0.2636
96 678 0.2198
96 679 0.1515
96 680 0.1758
96 681 0.1330
96 682 0.1470
96 683 0.2441
96 684 0.2584
96 685 0.1327
96 686 0.1930
96 687 0.3545
96 688 0.2752
96 689 0.2600
96 690 0.1766
96 691 0.3040
96 692 0.1502
96 693 0.1382
96 694 0.1604
96 695 0.2571
96 696 0.1836
96 697 0.2996
96 698 0.1635
96 699 0.2882
96 700 0.2468
96 701 0.1447
96 702 0.1706
96 703 0.2865
96 704 0.1072
96 705 0.2112
96 706 0.2331
96 707 0.1541
96 708 0.1268
96 709 0.1911
96 710 0.2257
96 711 0.2844
96 712 0.1689
96 713 0.1881
96 714 0.3153
96 715 0.1442
96 716 0.2288
96 717 0.1709
96 718 0.2500
96 720 0.1125
96 721 0.2672
96 722 0.2699
96 723 0.1943
96 724 0.1125
96 725 0.1729
96 726 0.2067
96 727 0.3464
96 728 0.2502
96 729 0.2640
96 730 0.1874
96 731 0.2956
96 732 0.3997
96 733 0.2808
96 734 0.1754
96 735 0.2329
96 736 0.2874
96 737 0.4208
96 738 0.1484
96 740 0.3334
96 741 0.2503
96 742 0.1632
96 743 0.3047
96 744 0.1671
96 745 0.2180
96 746 0.2272
96 747 0.2958
96 748 0.3317
96 750 0.4000
96 751 0.1878
96 752 0.2303
96 753 0.2233
96 754 0.1584
96 755 0.1790
96 756 0.1874
96 757 0.2441
96 758 0.2442
96 759 0.1952
96 760 0.2156
96 761 0.2009
96 762 0.2967
96 763 0.3776
96 764 0.2074
96 765 0.1620
96 766 0.1713
96 767 0.2095
96 768 0.3705
96 769 0.2088
96 770 0.4563
96 771 0.1658
96 772 0.1754
96 773 0.2214
96 774 0.1390
96 775 0.1049
96 776 0.1412
96 777 0.2167
96 778 0.2317
96 780 0.1375
96 781 0.2009
96 782 0.3196
96 783 0.2911
96 784 0.1145
96 785 0.2229
96 786 0.1973
96 787 0.2033
96 788 0.1940
96 789 0.2507
96 791 0.1517
96 792 0.1820
96 793 0.2557
96 794 0.1539
96 796 0.2331
96 797 0.2468
96 798 0.1884
96 799 0.1438
96 800 0.2067
96 801 0.2642
96 802 0.1536
96 803 0.1809
96 804 0.3147
96 805 0.1672
96 806 0.2463
96 807 0.2576
96 808 0.2706
96 809 0.2753
96 810 0.2689
96 811 0.3238
96 812 0.1874
96 813 0.2096
96 814 0.1633
96 815 0.1952
96 816 0.2241
96 817 0.1764
96 818 0.1673
96 819 0.1978
96 820 0.2009
96 821 0.1891
96 822 0.1756
96 823 0.2684
96 824 0.2396
96 825 0.5395
96 827 0.1347
96 828 0.2118
96 829 0.2641
96 830 0.1391
96 831 0.3121
96 832 0.3994
96 833 0.1733
96 834 0.2501
96 835 0.2315
96 836 0.2772
96 837 0.1596
96 838 0.1147
96 839 0.1511
96 840 0.1615
96 841 0.2502
96 842 0.1522
96 843 0.2167
96 845 0.2574
96 846 0.2332
96 847 0.1125
96 848 0.2287
96 849 0.1298
96 850 0.1404
96 851 0.3216
96 852 0.2009
96 854 0.1349
96 855 0.2879
96 856 0.3539
96 858 0.3627
96 859 0.1807
96 860 0.1636
96 861 0.2190
96 862 0.2054
96 864 0.2379
96 865 0.1912
96 866 0.2643
96 867 0.1511
96 868 0.4436
96 869 0.1277
96 870 0.1257
96 871 0.1599
96 872 0.6313
96 874 0.1359
96 875 0.1571
96 876 0.2132
96 877 0.1743
96 878 0.3048
96 880 0.3761
96 881 0.2015
96 882 0.1364
96 883 0.2739
96 884 0.2131
96 886 0.2647
96 887 0.2034
96 888 0.2018
96 889 0.2502
96 890 0.2044
96 891 0.6230
96 893 0.2324
96 894 0.3052
96 895 0.2113
96 896 0.2517
96 897 0.2093
96 898 0.1686
96 899 0.1300
96 900 0.1822
96 901 0.1888
96 903 0.2466
96 905 0.1707
96 906 0.2009
96 907 0.2206
96 908 0.2357
96 909 0.5365
96 910 0.1125
96 911 0.1946
96 912 0.1584
96 913 0.3725
96 914 0.1752
96 915 0.2584
96 916 0.1754
96 917 0.1125
96 918 0.1356
96 919 0.1901
96 920 0.3056
96 921 0.1125
96 922 0.2687
96 924 0.2099
96 928 0.1503
96 929 0.3540
96 930 0.1973
96 932 0.1306
96 933 0.2392
96 934 0.1783
96 935 0.2001
96 936 0.3294
96 937 0.1125
96 938 0.1998
96 939 0.1390
96 940 0.2451
96 941 0.1999
96 942 0.1525
96 943 0.2950
96 944 0.2118
96 946 0.1867
96 947 0.1550
96 948 0.1746
96 949 0.1466
96 950 0.1279
96 951 0.1931
96 952 0.2514
96 953 0.4573
96 954 0.1828
96 955 0.2105
96 956 0.1378
96 957 0.1411
96 958 0.1125
96 959 0.2279
96 960 0.4956
96 961 0.1919
96 962 0.2000
96 964 0.2046
96 965 0.1488
96 966 0.2028
96 967 0.2083
96 968 0.1968
96 969 0.2118
96 971 0.1743
96 972 0.1959
96 973 0.2278
96 974 0.5121
96 976 0.1690
96 977 0.1754
96 978 0.4911
96 979 0.2716
96 980 0.1635
96 981 0.1754
96 982 0.2441
96 983 0.1409
96 984 0.2040
96 985 0.1861
96 986 0.1955
96 987 0.1783
96 989 0.2297
96 990 0.1995
96 991 0.1925
96 992 0.2161
96 993 0.2449
96 994 0.4352
96 995 0.3258
96 996 0.2156
96 1000 0.1439
96 1001 0.1785
96 1002 0.2347
96 1003 0.4818
96 1004 0.2328
96 1006 0.2327
96 1007 0.2287
96 1008 0.1948
96 1013 0.2441
96 1014 0.2529
96 1015 0.2469
96 1016 0.1420
96 1017 0.1672
96 1018 0.1713
96 1019 0.2322
96 1020 0.2344
96 1022 0.2953
96 1023 0.2811
96 1024 0.1367
96 1026 0.1884
96 1027 0.2137
96 1028 0.2251
96 1029 0.1774
96 1030 0.2326
96 1032 0.2421
96 1033 0.2753
96 1034 0.1583
96 1035 0.2047
96 1036 0.2095
96 1037 0.2309
96 1038 0.1929
96 1039 0.1125
96 1040 0.1415
96 1041 0.1768
96 1042 0.4290
96 1043 0.1854
96 1044 0.2666
96 1045 0.1754
96 1046 0.1125
96 1047 0.1355
96 1048 0.2833
96 1049 0.1723
96 1050 0.2223
96 1051 0.2189
96 1052 0.2071
96 1053 0.2343
96 1054 0.2009
96 1055 0.1777
96 1056 0.2098
96 1057 0.2179
96 1058 0.1512
96 1059 0.2278
96 1060 0.1936
96 1061 0.2656
96 1062 0.2112
96 1063 0.3267
96 1064 0.2297
96 1065 0.2147
96 1066 0.3364
96 1067 0.4563
96 1068 0.2535
96 1069 0.3305
96 1070 0.2247
96 1072 0.2004
96 1073 0.1874
96 1075 0.3060
96 1076 0.2793
96 1077 0.1337
96 1078 0.1690
96 1079 0.3351
96 1080 0.1301
96 1081 0.1548
96 1082 0.2353
96 1083 0.6853
96 1084 0.2099
96 1085 0.1743
96 1087 0.1754
96 1089 0.2623
96 1090 0.2777
96 1093 0.1413
96 1094 0.3015
96 1095 0.1404
96 1097 0.1743
96 1099 0.6121
96 1102 0.1724
96 1103 0.1361
96 1104 0.3390
96 1105 0.3439
96 1106 0.2312
96 1107 0.1483
96 1108 0.1754
96 1109 0.2009
96 1110 0.2009
96 1111 0.1523
96 1113 0.1349
96 1115 0.1413
96 1116 0.1911
96 1117 0.1797
96 1118 0.1461
96 1119 0.1558
96 1123 0.2518
96 1124 0.2681
96 1125 0.1241
96 1126 0.1751
96 1127 0.2402
96 1128 0.4655
96 1129 0.2558
96 1130 0.3119
96 1131 0.1367
96 1132 0.2172
96 1133 0.2405
96 1134 0.2223
96 1135 0.4439
96 1136 0.1125
96 1138 0.2632
96 1139 0.1415
96 1141 0.1119
96 1142 0.3046
96 1143 0.2360
96 1145 0.2271
96 1146 0.1979
96 1147 0.1474
96 1148 0.1798
96 1149 0.1965
96 1150 0.3906
96 1151 0.1874
96 1152 0.3490
96 1153 0.1631
96 1154 0.2755
96 1155 0.1754
96 1156 0.2009
96 1157 0.1754
96 1158 0.2935
96 1159 0.1598
96 1160 0.1715
96 1161 0.1853
96 1162 0.2331
96 1163 0.3286
96 1165 0.3305
96 1166 0.2470
96 1167 0.2148
96 1169 0.1424
96 1172 0.2009
96 1174 0.1687
96 1176 0.2037
96 1177 0.2298
96 1178 0.1754
96 1180 0.1861
96 1181 0.2690
96 1182 0.2145
96 1183 0.1125
96 1184 0.1125
96 1185 0.2277
96 1186 0.1908
96 1187 0.2139
96 1188 0.2009
96 1189 0.3074
96 1191 0.2465
96 1192 0.1904
96 1193 0.1750
96 1194 0.1447
96 1195 0.2487
96 1196 0.1391
96 1197 0.1584
96 1198 0.2441
96 1199 0.3070
96 1200 0.2197
96 1201 0.2300
96 1202 0.1719
96 1203 0.1722
96 1204 0.2009
96 1205 0.2387
96 1206 0.3270
96 1208 0.3012
96 1209 0.1918
96 1210 0.4170
96 1211 0.3018
96 1212 0.2862
96 1213 0.1883
96 1214 0.1669
96 1215 0.1968
96 1216 0.1125
96 1217 0.1939
96 1218 0.1510
96 1219 0.2339
96 1220 0.1584
96 1221 0.2231
96 1222 0.1395
96 1223 0.1451
96 1224 0.1454
96 1225 0.4519
96 1226 0.4243
96 1227 0.2328
96 1228 0.1522
96 1229 0.1774
96 1230 0.1945
96 1231 0.1438
96 1233 0.1799
96 1234 0.1874
96 1235 0.2538
96 1236 0.1783
96 1237 0.1747
96 1238 0.1390
96 1240 0.3365
96 1241 0.2104
96 1242 0.3056
96 1244 0.1782
96 1247 0.2568
96 1248 0.1474
96 1250 0.2502
96 1251 0.1974
96 1252 0.2596
96 1253 0.1743
96 1254 0.1724
96 1255 0.1975
96 1256 0.2552
96 1257 0.1743
96 1258 0.3072
96 1259 0.2051
96 1260 0.2823
96 1262 0.2055
96 1263 0.1716
96 1265 0.2572
96 1266 0.2441
96 1267 0.3613
96 1268 0.2305
96 1269 0.2338
96 1270 0.2182
96 1271 0.2742
96 1272 0.2095
96 1273 0.1568
96 1275 0.2671
96 1276 0.1712
96 1279 0.2183
96 1280 0.2641
96 1281 0.1953
96 1282 0.1782
96 1283 0.2070
96 1284 0.1853
96 1286 0.2346
96 1287 0.1411
96 1288 0.2177
96 1289 0.1992
96 1290 0.2102
96 1291 0.1574
96 1292 0.3007
96 1293 0.2151
96 1295 0.1393
96 1297 0.1391
96 1298 0.1311
96 1299 0.2057
96 1300 0.2009
96 1301 0.3280
96 1303 0.2175
96 1304 0.2052
96 1305 0.1849
96 1306 0.1748
96 1307 0.1393
96 1308 0.1971
96 1309 0.2009
96 1310 0.1406
96 1311 0.1614
96 1315 0.2911
96 1316 0.6660
96 1318 0.1725
96 1320 0.1236
96 1322 0.1125
96 1323 0.3305
96 1324 0.1558
96 1326 0.2666
96 1327 0.2214
96 1329 0.1754
96 1330 0.2073
96 1331 0.2403
96 1333 0.1961
96 1334 0.1438
96 1335 0.2676
96 1336 0.1836
96 1337 0.1724
96 1339 0.2018
96 1340 0.1666
96 1341 0.2009
96 1342 0.1975
96 1343 0.2019
96 1344 0.4762
96 1346 0.1447
96 1347 0.1584
96 1348 0.2031
96 1349 0.2094
96 1350 0.1125
96 1351 0.1348
96 1352 0.1829
96 1353 0.1511
96 1354 0.2470
96 1355 0.1511
96 1356 0.2387
96 1357 0.1786
96 1360 0.1468
96 1361 0.1490
96 1362 0.1901
96 1363 0.2608
96 1364 0.1395
96 1367 0.2253
96 1368 0.3046
96 1369 0.4854
96 1370 0.2304
96 1372 0.1483
96 1374 0.1961
96 1375 0.1395
96 1377 0.1754
96 1378 0.2387
96 1379 0.2034
96 1380 0.2608
96 1381 0.1574
96 1382 0.1125
96 1383 0.1743
96 1384 0.1403
96 1386 0.3420
96 1387 0.2565
96 1388 0.1945
96 1389 0.1756
96 1390 0.2386
96 1393 0.1405
96 1394 0.2242
96 1395 0.2890
96 1396 0.2112
96 1397 0.3021
96 1398 0.3320
96 1399 0.1664
96 1401 0.2636
96 1402 0.1975
96 1405 0.1234
96 1406 0.2666
96 1407 0.2001
96 1408 0.1395
96 1409 0.1431
96 1410 0.1607
96 1411 0.1743
96 1412 0.1893
96 1413 0.1748
96 1415 0.1367
96 1416 0.2367
96 1418 0.1854
96 1419 0.2419
96 1421 0.2634
96 1422 0.1250
96 1423 0.1191
96 1424 0.1125
96 1425 0.2723
96 1426 0.4621
96 1427 0.1257
96 1428 0.2293
96 1431 0.1535
96 1434 0.5402
96 1435 0.2787
96 1436 0.2353
96 1437 0.2845
96 1438 0.2200
96 1439 0.2447
96 1440 0.2104
96 1441 0.1166
96 1443 0.1724
96 1446 0.1932
96 1448 0.2989
96 1449 0.2636
96 1451 0.2049
96 1452 0.1125
96 1453 0.1754
96 1454 0.1754
96 1455 0.2067
96 1456 0.1826
96 1457 0.1414
96 1458 0.1407
96 1459 0.1874
96 1460 0.1980
96 1461 0.2441
96 1462 0.2025
96 1463 0.1724
96 1464 0.1952
96 1466 0.1858
96 1472 0.2958
96 1473 0.1947
96 1475 0.1439
96 1477 0.2112
96 1479 0.3166
96 1480 0.1743
96 1481 0.1724
96 1482 0.2958
96 1484 0.1890
96 1485 0.1998
96 1488 0.2441
96 1490 0.1417
96 1491 0.2160
96 1493 0.3794
96 1494 0.1528
96 1495 0.1454
96 1497 0.2009
96 1498 0.1874
96 1499 0.1407
96 1500 0.2749
96 1501 0.2752
96 1503 0.3977
96 1504 0.2140
96 1505 0.2519
96 1506 0.1724
96 1507 0.2603
96 1508 0.2396
96 1510 0.2174
96 1511 0.2122
96 1512 0.2186
96 1513 0.1551
96 1514 0.1125
96 1515 0.1918
96 1516 0.3326
96 1517 0.2298
96 1518 0.3040
96 1519 0.2661
96 1520 0.4490
96 1522 0.1721
96 1523 0.1395
96 1525 0.2105
96 1526 0.2168
96 1527 0.2088
96 1528 0.1754
96 1529 0.4549
96 1530 0.1324
96 1532 0.1750
96 1535 0.2439
96 1536 0.2552
96 1538 0.1432
96 1540 0.1454
96 1541 0.2996
96 1542 0.1785
96 1544 0.1680
96 1545 0.1349
96 1546 0.2009
96 1547 0.2061
96 1548 0.1684
96 1549 0.1693
96 1550 0.1754
96 1551 0.1495
96 1554 0.2356
96 1555 0.1125
96 1557 0.1754
96 1560 0.1402
96 1562 0.1558
96 1567 0.1444
96 1568 0.1615
96 1569 0.2559
96 1570 0.1511
96 1571 0.3104
96 1572 0.2210
96 1573 0.2793
96 1575 0.1964
96 1577 0.1775
96 1578 0.1892
96 1579 0.1350
96 1580 0.1713
96 1581 0.1980
96 1582 0.2388
96 1583 0.1899
96 1584 0.2009
96 1585 0.2415
96 1587 0.2245
96 1588 0.2695
96 1590 0.1806
96 1591 0.1764
96 1592 0.1743
96 1593 0.2539
96 1594 0.1499
96 1595 0.1525
96 1596 0.1125
96 1598 0.2009
96 1599 0.1841
96 1601 0.1125
96 1602 0.1574
96 1603 0.2645
96 1604 0.1743
96 1605 0.2009
96 1606 0.1785
96 1607 0.1821
96 1608 0.4530
96 1609 0.1558
96 1610 0.1511
96 1611 0.1499
96 1612 0.3357
96 1613 0.3378
96 1614 0.2078
96 1615 0.2478
96 1616 0.2589
96 1617 0.1574
96 1618 0.6702
96 1619 0.2478
96 1621 0.3684
96 1622 0.4801
96 1623 0.2297
96 1624 0.2044
96 1626 0.1558
96 1627 0.1574
96 1628 0.2636
96 1629 0.2650
96 1630 0.2747
96 1632 0.1754
96 1633 0.2195
96 1634 0.2357
96 1637 0.2666
96 1639 0.1418
96 1640 0.1830
96 1641 0.2009
96 1642 0.2009
96 1644 0.1931
96 1645 0.1866
96 1646 0.1896
96 1647 0.1731
96 1648 0.2009
96 1649 0.1474
96 1650 0.1879
96 1653 0.3951
96 1654 0.1474
96 1655 0.3127
96 1659 0.2009
96 1660 0.1730
96 1661 0.1411
96 1662 0.2034
96 1663 0.1640
96 1664 0.2039
96 1665 0.1350
96 1666 0.2009
96 1667 0.2857
96 1668 0.2655
96 1669 0.1635
96 1670 0.2009
96 1671 0.1782
96 1672 0.1754
96 1673 0.1125
96 1674 0.2472
96 1675 0.1843
96 1676 0.1628
96 1677 0.1965
96 1678 0.3149
96 1679 0.1505
96 1680 0.2009
96 1681 0.1743
96 1682 0.1511
96 1683 0.2843
96 1684 0.1125
96 1685 0.2033
96 1687 0.1673
96 1688 0.1787
96 1689 0.7270
96 1690 0.1724
96 1691 0.1947
96 1692 0.2585
96 1694 0.2461
96 1695 0.1743
96 1696 0.1888
96 1697 0.1874
96 1698 0.1304
96 1699 0.2380
96 1700 0.2427
96 1701 0.1779
96 1702 0.1905
96 1703 0.2441
96 1704 0.1257
96 1706 0.1153
96 1707 0.1703
96 1708 0.1276
96 1711 0.2405
96 1712 0.6521
96 1713 0.1911
96 1714 0.1153
96 1716 0.1291
96 1717 0.5458
96 1718 0.1932
96 1719 0.1754
96 1720 0.1908
96 1721 0.1874
96 1723 0.1865
96 1725 0.1584
97 98 0.4480
97 99 0.0753
97 100 0.0678
97 101 0.2149
97 102 0.6498
97 103 0.2293
97 104 0.2215
97 105 0.5738
97 106 0.5617
97 107 0.1298
97 108 0.2073
97 109 0.3626
97 110 0.3604
97 111 0.2099
97 112 0.2590
97 113 0.4116
97 114 0.3818
97 115 0.2166
97 116 0.1387
97 117 0.1484
97 118 0.2269
97 119 0.1800
97 120 0.1272
97 121 0.5491
97 122 0.1246
97 123 0.1928
97 124 0.1242
97 125 0.3092
97 126 0.4520
97 128 0.2439
97 129 0.3594
97 130 0.1175
97 131 0.5234
97 132 0.1854
97 133 0.0418
97 134 0.2100
97 135 0.2468
97 136 0.3788
97 137 0.1055
97 138 0.2216
97 139 0.1095
97 140 0.1292
97 142 0.1693
97 143 0.2482
97 144 0.1413
97 145 0.2140
97 146 0.2567
97 147 0.1050
97 148 0.2289
97 149 0.2354
97 150 0.0674
97 151 0.1486
97 152 0.3008
97 153 0.2576
97 154 0.2192
97 156 0.1807
97 157 0.3785
97 158 0.1718
97 159 0.7641
97 160 0.4282
97 161 0.5556
97 162 0.2335
97 163 0.1854
97 164 0.1419
97 165 0.1346
97 166 0.1093
97 167 0.1365
97 168 0.1217
97 169 0.2002
97 170 0.2365
97 171 0.1339
97 172 0.1723
97 173 0.0948
97 174 0.5286
97 175 0.2066
97 176 0.1284
97 177 0.1707
97 178 0.1472
97 179 0.2166
97 180 0.5083
97 181 0.5888
97 182 0.1522
97 183 0.5789
97 184 0.2419
97 185 0.1957
97 187 0.4614
97 188 0.6221
97 189 0.1557
97 191 0.6249
97 192 0.1429
97 193 0.1171
97 194 0.2928
97 195 0.3362
97 196 0.2188
97 197 0.1020
97 198 0.4790
97 199 0.1349
97 200 0.4128
97 201 0.2699
97 202 0.1965
97 203 0.1612
97 204 0.2298
97 206 0.3500
97 207 0.2269
97 208 0.1112
97 209 0.1244
97 210 0.1074
97 211 0.5303
97 212 0.3475
97 213 0.1588
97 214 0.0762
97 215 0.2456
97 216 0.0701
97 217 0.0932
97 218 0.7142
97 219 0.3431
97 220 0.0910
97 221 0.1513
97 222 0.1163
97 223 0.3563
97 224 0.4911
97 225 0.2369
97 226 0.1319
97 228 0.6385
97 229 0.1296
97 230 0.3908
97 231 0.1780
97 232 0.1227
97 233 0.1193
97 234 0.1323
97 235 0.2474
97 236 0.1601
97 237 0.1393
97 238 0.1253
97 239 0.1513
97 240 0.1860
97 241 0.1169
97 242 0.3265
97 243 0.5485
97 244 0.1210
97 245 0.1196
97 246 0.1152
97 248 0.4215
97 249 0.1100
97 250 0.4459
97 251 0.1125
97 252 0.2269
97 253 0.4054
97 254 0.5244
97 255 0.2269
97 256 0.3423
97 258 0.2785
97 259 0.1932
97 260 0.1383
97 261 0.1192
97 262 0.6189
97 263 0.1167
97 264 0.1078
97 265 0.2077
97 266 0.4052
97 267 0.1270
97 268 0.1598
97 269 0.2482
97 270 0.4429
97 271 0.4640
97 272 0.1038
97 273 0.1113
97 274 0.1684
97 275 0.5296
97 276 0.1752
97 277 0.1258
97 278 0.4536
97 279 0.4021
97 280 0.1262
97 281 0.1932
97 282 0.1405
97 283 0.1658
97 284 0.5206
97 285 0.1087
97 286 0.2925
97 287 0.0815
97 288 0.1378
97 289 0.3737
97 290 0.1490
97 291 0.1296
97 292 0.2038
97 293 0.4147
97 294 0.0697
97 295 0.1169
97 296 0.1220
97 297 0.1800
97 298 0.2436
97 299 0.1614
97 300 0.3896
97 301 0.3532
97 302 0.1087
97 304 0.6362
97 305 0.1218
97 306 0.1573
97 307 0.1690
97 308 0.1414
97 309 0.2311
97 311 0.1648
97 313 0.3713
97 314 0.3427
97 315 0.1489
97 316 0.3909
97 317 0.1454
97 318 0.1223
97 319 0.1749
97 320 0.3808
97 321 0.1919
97 323 0.2561
97 324 0.0769
97 325 0.5548
97 326 0.4946
97 327 0.1684
97 328 0.6310
97 329 0.1280
97 330 0.1427
97 331 0.1102
97 332 0.1235
97 333 0.3663
97 334 0.3096
97 335 0.1131
97 336 0.1908
97 337 0.3685
97 338 0.2532
97 339 0.4667
97 340 0.4604
97 341 0.1241
97 342 0.5787
97 343 0.2561
97 344 0.3022
97 346 0.2154
97 347 0.0928
97 348 0.1593
97 349 0.4745
97 350 0.1190
97 351 0.1156
97 352 0.1266
97 353 0.1258
97 354 0.3141
97 355 0.2269
97 356 0.3708
97 357 0.1966
97 358 0.1697
97 359 0.4909
97 360 0.1648
97 361 0.0710
97 362 0.1195
97 363 0.5756
97 364 0.2338
97 366 0.1677
97 367 0.1040
97 368 0.5138
97 369 0.1608
97 370 0.5255
97 371 0.0947
97 372 0.0983
97 373 0.2829
97 374 0.4453
97 375 0.1554
97 376 0.1283
97 377 0.5469
97 378 0.2002
97 379 0.1302
97 380 0.2652
97 381 0.1661
97 382 0.2269
97 383 0.4879
97 384 0.5480
97 385 0.1096
97 386 0.3019
97 387 0.1507
97 388 0.1919
97 389 0.1673
97 390 0.2561
97 391 0.1866
97 392 0.7078
97 393 0.3682
97 394 0.3068
97 395 0.1047
97 396 0.1450
97 397 0.1350
97 398 0.4788
97 399 0.1978
97 400 0.1665
97 402 0.2170
97 403 0.0943
97 404 0.1345
97 405 0.1194
97 406 0.6004
97 407 0.1434
97 408 0.1459
97 409 0.0715
97 410 0.2214
97 411 0.4006
97 412 0.3535
97 413 0.1588
97 414 0.0788
97 415 0.1051
97 416 0.1520
97 418 0.5786
97 419 0.3748
97 420 0.2732
97 421 0.1687
97 422 0.5421
97 423 0.0975
97 424 0.4711
97 425 0.0502
97 427 0.1879
97 428 0.0545
97 430 0.1157
97 431 0.4196
97 433 0.1337
97 434 0.1795
97 435 0.2269
97 436 0.1933
97 438 0.1417
97 439 0.1029
97 440 0.1464
97 441 0.1157
97 442 0.1766
97 443 0.1307
97 445 0.5146
97 447 0.1929
97 448 0.0992
97 449 0.1644
97 450 0.0938
97 451 0.1022
97 452 0.5703
97 453 0.3444
97 454 0.3641
97 455 0.3252
97 456 0.2156
97 457 0.1597
97 458 0.2105
97 459 0.1302
97 460 0.1867
97 461 0.1505
97 462 0.1932
97 463 0.2199
97 464 0.1187
97 465 0.3807
97 466 0.2713
97 467 0.4377
97 468 0.5149
97 469 0.1218
97 470 0.0965
97 471 0.1721
97 472 0.6435
97 475 0.2410
97 476 0.2085
97 478 0.1141
97 479 0.1126
97 480 0.1116
97 481 0.1335
97 482 0.1933
97 484 0.3284
97 485 0.4134
97 486 0.1544
97 487 0.1107
97 488 0.0796
97 489 0.1207
97 490 0.3313
97 491 0.5165
97 492 0.0795
97 493 0.1209
97 494 0.1555
97 495 0.6126
97 496 0.1906
97 497 0.5461
97 498 0.4500
97 499 0.1122
97 500 0.1617
97 501 0.6615
97 503 0.1299
97 504 0.2127
97 505 0.1140
97 506 0.1213
97 507 0.3359
97 508 0.1398
97 509 0.1339
97 510 0.2058
97 511 0.5109
97 512 0.2041
97 513 0.1268
97 514 0.6303
97 515 0.1984
97 516 0.3265
97 517 0.2119
97 518 0.2100
97 519 0.4460
97 520 0.4368
97 521 0.1912
97 522 0.2269
97 523 0.4985
97 524 0.1152
97 526 0.1349
97 527 0.1778
97 528 0.0689
97 529 0.1424
97 530 0.1207
97 531 0.1385
97 532 0.0970
97 533 0.1129
97 534 0.1085
97 535 0.1720
97 536 0.7436
97 537 0.2041
97 538 0.1465
97 539 0.2447
97 540 0.4633
97 541 0.2001
97 542 0.5331
97 543 0.1365
97 544 0.1950
97 545 0.1164
97 546 0.1396
97 547 0.2027
97 548 0.1949
97 549 0.1319
97 551 0.2068
97 552 0.3380
97 553 0.1932
97 554 0.4877
97 555 0.1110
97 556 0.3959
97 557 0.4090
97 558 0.2386
97 559 0.3840
97 560 0.5623
97 561 0.1474
97 562 0.3301
97 563 0.1162
97 564 0.3961
97 565 0.1859
97 566 0.1299
97 567 0.1219
97 568 0.9286
97 569 0.2927
97 570 0.1232
97 571 0.4143
97 572 0.1109
97 573 0.2291
97 574 0.1113
97 575 0.3931
97 576 0.0862
97 577 0.1389
97 578 0.3383
97 579 0.2353
97 581 0.1170
97 582 0.4475
97 583 0.4863
97 584 0.0619
97 585 0.1621
97 586 0.1289
97 587 0.3689
97 589 0.1285
97 590 0.2161
97 591 0.1205
97 592 0.1175
97 593 0.1300
97 594 0.1169
97 595 0.2561
97 598 0.2269
97 599 0.3666
97 600 0.1266
97 601 0.1706
97 602 0.3158
97 604 0.5519
97 605 0.1249
97 606 0.2198
97 607 0.0917
97 608 0.1268
97 609 0.1600
97 610 0.0951
97 611 0.1617
97 612 0.1430
97 613 0.4499
97 614 0.5556
97 615 0.4337
97 617 0.3869
97 618 0.5474
97 619 0.2491
97 621 0.1297
97 622 0.1932
97 623 0.1168
97 624 0.1147
97 625 0.2298
97 626 0.6422
97 627 0.1181
97 628 0.4188
97 629 0.1623
97 630 0.3465
97 631 0.2002
97 632 0.1006
97 633 0.1076
97 634 0.1780
97 635 0.3666
97 636 0.1932
97 637 0.2715
97 638 0.7266
97 639 0.9087
97 640 0.1206
97 641 0.1936
97 642 0.2080
97 643 0.1742
97 645 0.1476
97 646 0.1191
97 647 0.2269
97 648 0.4503
97 649 0.5593
97 650 0.2772
97 651 0.0684
97 652 0.1050
97 653 0.0887
97 654 0.3270
97 655 0.1397
97 656 0.1294
97 657 0.5420
97 658 0.1364
97 659 0.6813
97 660 0.1932
97 661 0.2574
97 662 0.4824
97 663 0.1901
97 664 0.3529
97 665 0.1192
97 666 0.4299
97 667 0.4678
97 668 0.1279
97 669 0.1257
97 671 0.1072
97 672 0.5111
97 673 0.5266
97 674 0.2193
97 675 0.2322
97 676 0.1505
97 677 0.1907
97 678 0.1783
97 679 0.0930
97 680 0.4191
97 681 0.1239
97 682 0.4272
97 683 0.2068
97 684 0.2745
97 685 0.6089
97 686 0.1565
97 687 0.2636
97 688 0.3091
97 689 0.2841
97 690 0.1340
97 691 0.2250
97 692 0.5975
97 693 0.1177
97 694 0.2741
97 695 0.1406
97 696 0.1095
97 697 0.1773
97 698 0.0948
97 699 0.2057
97 700 0.1503
97 701 0.1202
97 702 0.1008
97 703 0.1755
97 704 0.0684
97 705 0.1257
97 706 0.7879
97 707 0.3253
97 708 0.1194
97 709 0.2055
97 710 0.5571
97 711 0.2003
97 712 0.4482
97 713 0.1097
97 714 0.5923
97 715 0.1239
97 716 0.1864
97 717 0.4636
97 718 0.2627
97 720 0.2561
97 721 0.1651
97 722 0.5704
97 723 0.1197
97 724 0.2561
97 725 0.1026
97 726 0.1332
97 727 0.3699
97 728 0.1961
97 729 0.1869
97 730 0.1617
97 731 0.2553
97 732 0.3261
97 733 0.2155
97 734 0.2269
97 735 0.6582
97 736 0.1707
97 737 0.4642
97 738 0.1328
97 740 0.2396
97 741 0.2051
97 742 0.1160
97 743 0.2008
97 744 0.1012
97 745 0.1215
97 746 0.1495
97 747 0.2010
97 748 0.2392
97 750 0.3779
97 751 0.1646
97 752 0.1389
97 753 0.1425
97 754 0.1698
97 755 0.1347
97 756 0.1617
97 757 0.2068
97 758 0.1567
97 759 0.1147
97 760 0.3933
97 761 0.1932
97 762 0.2733
97 763 0.2406
97 764 0.4242
97 765 0.3708
97 766 0.5019
97 767 0.1411
97 768 0.2281
97 769 0.1226
97 770 0.3331
97 771 0.5885
97 772 0.2269
97 773 0.4279
97 774 0.1210
97 775 0.0685
97 776 0.0788
97 777 0.1519
97 778 0.2496
97 780 0.1168
97 781 0.1932
97 782 0.2925
97 783 0.2476
97 784 0.5062
97 785 0.3898
97 786 0.1212
97 787 0.1252
97 788 0.1466
97 789 0.1686
97 791 0.0879
97 792 0.2608
97 793 0.1279
97 794 0.0767
97 796 0.1920
97 797 0.3767
97 798 0.3847
97 799 0.0803
97 800 0.1262
97 801 0.5958
97 802 0.3012
97 803 0.4857
97 804 0.1494
97 805 0.1002
97 806 0.1653
97 807 0.2171
97 808 0.1593
97 809 0.1546
97 810 0.5090
97 811 0.8499
97 812 0.1617
97 813 0.1280
97 814 0.1020
97 815 0.1276
97 816 0.1634
97 817 0.4809
97 818 0.3724
97 819 0.6115
97 820 0.1932
97 821 0.1131
97 822 0.4593
97 823 0.2376
97 824 0.2447
97 825 0.5094
97 827 0.0848
97 828 0.2345
97 829 0.1760
97 830 0.1209
97 831 0.2204
97 832 0.2094
97 833 0.1349
97 834 0.2085
97 835 0.1570
97 836 0.1870
97 837 0.0960
97 838 0.0700
97 839 0.1365
97 840 0.3588
97 841 0.1628
97 842 0.4032
97 843 0.1385
97 845 0.1698
97 846 0.1294
97 847 0.2561
97 848 0.1984
97 849 0.0820
97 850 0.1188
97 851 0.1932
97 852 0.1932
