282 1650 0.1420
282 1653 0.2643
282 1654 0.0830
282 1655 0.2780
282 1659 0.1586
282 1660 0.0841
282 1661 0.0862
282 1662 0.1236
282 1663 0.1065
282 1664 0.1170
282 1665 0.0780
282 1666 0.1586
282 1667 0.1487
282 1668 0.1097
282 1669 0.0910
282 1670 0.1586
282 1671 0.0883
282 1672 0.1440
282 1673 0.1724
282 1674 0.1039
282 1675 0.1374
282 1676 0.0878
282 1677 0.0912
282 1678 0.1781
282 1679 0.0821
282 1680 0.1586
282 1681 0.1456
282 1682 0.0846
282 1683 0.1109
282 1684 0.1724
282 1685 0.1319
282 1687 0.1076
282 1688 0.0935
282 1689 0.6851
282 1690 0.0820
282 1691 0.1002
282 1692 0.2295
282 1694 0.1188
282 1695 0.1456
282 1696 0.0958
282 1697 0.0983
282 1698 0.0932
282 1699 0.0880
282 1700 0.0700
282 1701 0.0964
282 1702 0.0794
282 1703 0.1386
282 1704 0.1724
282 1706 0.0711
282 1707 0.0445
282 1708 0.0871
282 1711 0.1081
282 1712 0.4328
282 1713 0.1431
282 1714 0.0631
282 1716 0.0748
282 1717 0.0925
282 1718 0.1286
282 1719 0.1440
282 1720 0.1086
282 1721 0.1718
282 1723 0.0899
282 1725 0.1076
283 284 0.4328
283 285 0.6669
283 286 0.2651
283 287 0.6988
283 288 0.6453
283 289 0.0626
283 290 0.8009
283 291 0.0885
283 292 0.0825
283 293 0.0889
283 294 0.0448
283 295 0.1605
283 296 0.0980
283 297 0.1685
283 298 0.6532
283 299 0.7541
283 300 0.1106
283 301 0.3967
283 302 0.0799
283 304 0.0573
283 305 0.0834
283 306 0.1677
283 307 0.7813
283 308 0.7240
283 309 0.6712
283 311 0.2085
283 313 0.2081
283 314 0.0666
283 315 0.1977
283 316 0.0986
283 317 0.0933
283 318 0.7095
283 319 0.1357
283 320 0.0434
283 321 0.5718
283 323 0.1908
283 324 0.0441
283 325 0.1129
283 326 0.5300
283 327 0.3039
283 328 0.0463
283 329 0.5716
283 330 0.0881
283 331 0.2252
283 332 0.1505
283 333 0.6688
283 334 0.0417
283 335 0.5953
283 336 0.7725
283 337 0.5993
283 338 0.2876
283 339 0.0624
283 340 0.0897
283 341 0.1138
283 342 0.0559
283 343 0.1258
283 344 0.0460
283 346 0.5746
283 347 0.0415
283 348 0.1127
283 349 0.5484
283 350 0.3298
283 351 0.0715
283 352 0.4384
283 353 0.0757
283 354 0.8087
283 355 0.1319
283 356 0.0685
283 357 0.3353
283 358 0.3726
283 359 0.0796
283 360 0.6197
283 361 0.1738
283 362 0.1262
283 363 0.1444
283 364 0.3546
283 366 0.3828
283 367 0.5540
283 368 0.0453
283 369 0.0928
283 370 0.7048
283 371 0.0680
283 372 0.1382
283 373 0.2082
283 374 0.0811
283 375 0.1331
283 376 0.0846
283 377 0.0888
283 378 0.1355
283 379 0.1143
283 380 0.5444
283 381 0.1763
283 382 0.1049
283 383 0.5810
283 384 0.0764
283 385 0.5311
283 386 0.2990
283 387 0.1119
283 388 0.1201
283 389 0.4681
283 390 0.1908
283 391 0.1692
283 392 0.2055
283 393 0.5801
283 394 0.6484
283 395 0.0643
283 396 0.0883
283 397 0.1083
283 398 0.0652
283 399 0.1075
283 400 0.0918
283 402 0.1285
283 403 0.0442
283 404 0.0863
283 405 0.0840
283 406 0.4300
283 407 0.2024
283 408 0.2285
283 409 0.0639
283 410 0.5736
283 411 0.4827
283 412 0.2350
283 413 0.1034
283 414 0.4788
283 415 0.0694
283 416 0.0912
283 418 0.3287
283 419 0.1493
283 420 0.3103
283 421 0.3118
283 422 0.0458
283 423 0.0751
283 424 0.8524
283 425 0.0714
283 427 0.1363
283 428 0.5919
283 430 0.1215
283 431 0.0759
283 433 0.1976
283 434 0.8393
283 435 0.1319
283 436 0.1258
283 438 0.1187
283 439 0.8490
283 440 0.7149
283 441 0.2332
283 442 0.2014
283 443 0.0892
283 445 0.0655
283 447 0.7415
283 448 0.1484
283 449 0.1458
283 450 0.7030
283 451 0.6150
283 452 0.1172
283 453 0.0621
283 454 0.4660
283 455 0.2296
283 456 0.1535
283 457 0.1220
283 458 0.7286
283 459 0.2342
283 460 0.1169
283 461 0.3518
283 462 0.2838
283 463 0.1260
283 464 0.0810
283 465 0.1392
283 466 0.2510
283 467 0.0883
283 468 0.0698
283 469 0.0867
283 470 0.0652
283 471 0.3178
283 472 0.0725
283 475 0.1412
283 476 0.5334
283 478 0.0672
283 479 0.3225
283 480 0.6998
283 481 0.6300
283 482 0.2985
283 484 0.1894
283 485 0.0496
283 486 0.3895
283 487 0.0735
283 488 0.0394
283 489 0.7222
283 490 0.0616
283 491 0.1114
283 492 0.0987
283 493 0.7033
283 494 0.8085
283 495 0.8636
283 496 0.1033
283 497 0.5742
283 498 0.0511
283 499 0.0761
283 500 0.1192
283 501 0.1973
283 503 0.4489
283 504 0.6499
283 505 0.0893
283 506 0.0759
283 507 0.0884
283 508 0.1976
283 509 0.6104
283 510 0.1279
283 511 0.2633
283 512 0.4681
283 513 0.1012
283 514 0.3947
283 515 0.3186
283 516 0.1829
283 517 0.6898
283 518 0.1248
283 519 0.3570
283 520 0.0666
283 521 0.3226
283 522 0.4202
283 523 0.0785
283 524 0.7643
283 526 0.0882
283 527 0.1002
283 528 0.0459
283 529 0.2381
283 530 0.0706
283 531 0.1936
283 532 0.4705
283 533 0.5903
283 534 0.1170
283 535 0.5480
283 536 0.1369
283 537 0.6252
283 538 0.1007
283 539 0.5525
283 540 0.6146
283 541 0.1884
283 542 0.9454
283 543 0.0900
283 544 0.2790
283 545 0.2085
283 546 0.2452
283 547 0.1700
283 548 0.3865
283 549 0.0784
283 551 0.1442
283 552 0.0939
283 553 0.1392
283 554 0.2189
283 555 0.0628
283 556 0.1319
283 557 0.2601
283 558 0.6296
283 559 0.0883
283 560 0.0357
283 561 0.1229
283 562 0.0492
283 563 0.1505
283 564 0.0651
283 565 0.5617
283 566 0.4489
283 567 0.3341
283 568 0.1291
283 569 0.0662
283 570 0.0881
283 571 0.2878
283 572 0.0492
283 573 0.7769
283 574 0.0731
283 575 0.6011
283 576 0.0727
283 577 0.2174
283 578 0.0706
283 579 0.1257
283 581 0.0734
283 582 0.0642
283 583 0.0446
283 584 0.0686
283 585 0.3432
283 586 0.0846
283 587 0.7762
283 589 0.0922
283 590 0.3771
283 591 0.2018
283 592 0.6626
283 593 0.0879
283 594 0.6103
283 595 0.1908
283 598 0.1319
283 599 0.0449
283 600 0.1814
283 601 0.1067
283 602 0.1795
283 604 0.1536
283 605 0.5581
283 606 0.2067
283 607 0.2593
283 608 0.1012
283 609 0.1198
283 610 0.0922
283 611 0.3104
283 612 0.3253
283 613 0.0669
283 614 0.8914
283 615 0.0909
283 617 0.1060
283 618 0.0914
283 619 0.2324
283 621 0.1212
283 622 0.1392
283 623 0.7188
283 624 0.4887
283 625 0.1246
283 626 0.0883
283 627 0.0872
283 628 0.2478
283 629 0.4123
283 630 0.5739
283 631 0.1654
283 632 0.0655
283 633 0.0844
283 634 0.2122
283 635 0.4837
283 636 0.3471
283 637 0.2537
283 638 0.3675
283 639 0.0996
283 640 0.2635
283 641 0.1661
283 642 0.2940
283 643 0.3037
283 645 0.2210
283 646 0.1783
283 647 0.3097
283 648 0.0579
283 649 0.0806
283 650 0.1260
283 651 0.0376
283 652 0.0692
283 653 0.0871
283 654 0.1992
283 655 0.8106
283 656 0.1089
283 657 0.0739
283 658 0.0306
283 659 0.1653
283 660 0.1392
283 661 0.7235
283 662 0.5250
283 663 0.6778
283 664 0.8055
283 665 0.0790
283 666 0.0919
283 667 0.0467
283 668 0.0911
283 669 0.5896
283 671 0.1890
283 672 0.0754
283 673 0.0854
283 674 0.5417
283 675 0.4847
283 676 0.0902
283 677 0.4128
283 678 0.5541
283 679 0.0617
283 680 0.0959
283 681 0.6880
283 682 0.0626
283 683 0.1442
283 684 0.8118
283 685 0.0511
283 686 0.5256
283 687 0.5950
283 688 0.3878
283 689 0.8800
283 690 0.1951
283 691 0.1287
283 692 0.0498
283 693 0.6669
283 694 0.0457
283 695 0.5570
283 696 0.5778
283 697 0.5295
283 698 0.2148
283 699 0.5743
283 700 0.1355
283 701 0.1656
283 702 0.0653
283 703 0.0579
283 704 0.0610
283 705 0.2662
283 706 0.0453
283 707 0.0651
283 708 0.0840
283 709 0.1459
283 710 0.1813
283 711 0.1841
283 712 0.4644
283 713 0.6203
283 714 0.6381
283 715 0.0910
283 716 0.7675
283 717 0.0669
283 718 0.1242
283 720 0.1908
283 721 0.3742
283 722 0.1057
283 723 0.0727
283 724 0.1908
283 725 0.6004
283 726 0.0982
283 727 0.6522
283 728 0.2742
283 729 0.1019
283 730 0.2557
283 731 0.7354
283 732 0.1857
283 733 0.3947
283 734 0.1319
283 735 0.6163
283 736 0.2862
283 737 0.2344
283 738 0.0924
283 740 0.2495
283 741 0.6870
283 742 0.0853
283 743 0.3959
283 744 0.0814
283 745 0.0504
283 746 0.0940
283 747 0.1126
283 748 0.9096
283 750 0.1311
283 751 0.0838
283 752 0.0594
283 753 0.3249
283 754 0.1218
283 755 0.0890
283 756 0.1192
283 757 0.1442
283 758 0.6351
283 759 0.0493
283 760 0.0690
283 761 0.1392
283 762 0.3483
283 763 0.8392
283 764 0.0917
283 765 0.1967
283 766 0.0684
283 767 0.7076
283 768 0.1390
283 769 0.7378
283 770 0.3166
283 771 0.0828
283 772 0.1319
283 773 0.1835
283 774 0.6101
283 775 0.0622
283 776 0.0522
283 777 0.1489
283 778 0.3227
283 780 0.2858
283 781 0.4769
283 782 0.6411
283 783 0.1672
283 784 0.0629
283 785 0.6644
283 786 0.0773
283 787 0.2176
283 788 0.0920
283 789 0.1115
283 791 0.0849
283 792 0.7355
283 793 0.0674
283 794 0.1439
283 796 0.1447
283 797 0.4137
283 798 0.1323
283 799 0.0615
283 800 0.5956
283 801 0.0985
283 802 0.1064
283 803 0.0740
283 804 0.8245
283 805 0.0645
283 806 0.6571
283 807 0.3354
283 808 0.8315
283 809 0.1247
283 810 0.1200
283 811 0.3285
283 812 0.4729
283 813 0.1191
283 814 0.2232
283 815 0.0736
283 816 0.1047
283 817 0.0701
283 818 0.0706
283 819 0.1228
283 820 0.5811
283 821 0.0716
283 822 0.0691
283 823 0.2279
283 824 0.4694
283 825 0.4573
283 827 0.0665
283 828 0.1845
283 829 0.1097
283 830 0.7033
283 831 0.1585
283 832 0.0935
283 833 0.7680
283 834 0.4710
283 835 0.1036
283 836 0.3196
283 837 0.5039
283 838 0.0686
283 839 0.2561
283 840 0.1060
283 841 0.0987
283 842 0.0802
283 843 0.6893
283 845 0.1001
283 846 0.1029
283 847 0.1908
283 848 0.1410
283 849 0.0865
283 850 0.0821
283 851 0.1325
283 852 0.2661
283 854 0.0829
283 855 0.6206
283 856 0.7512
283 858 0.4082
283 859 0.4271
283 860 0.0784
283 861 0.3211
283 862 0.1159
283 864 0.0478
283 865 0.2191
283 866 0.1092
283 867 0.2295
283 868 0.7609
283 869 0.0467
283 870 0.0777
283 871 0.0519
283 872 0.7428
283 874 0.0865
283 875 0.0851
283 876 0.7985
283 877 0.4342
283 878 0.7759
283 880 0.7797
283 881 0.0618
283 882 0.0866
283 883 0.0608
283 884 0.0949
283 886 0.1100
283 887 0.1262
283 888 0.2112
283 889 0.3245
283 890 0.1041
283 891 0.8663
283 893 0.4773
283 894 0.1639
283 895 0.1470
283 896 0.1382
283 897 0.1391
283 898 0.0719
283 899 0.0807
283 900 0.0921
283 901 0.4046
283 903 0.1190
283 905 0.1318
283 906 0.2552
283 907 0.5945
283 908 0.2808
283 909 0.3328
283 910 0.1908
283 911 0.1312
283 912 0.1218
283 913 0.1800
283 914 0.7449
283 915 0.2479
283 916 0.1319
283 917 0.1908
283 918 0.0860
283 919 0.1490
283 920 0.1585
283 921 0.0656
283 922 0.3648
283 924 0.0806
283 928 0.7551
283 929 0.2424
283 930 0.0893
283 932 0.0843
283 933 0.0872
283 934 0.0708
283 935 0.1328
283 936 0.6417
283 937 0.1908
283 938 0.7780
283 939 0.5907
283 940 0.1265
283 941 0.1031
283 942 0.0743
283 943 0.6165
283 944 0.4756
283 946 0.0785
283 947 0.0870
283 948 0.0822
283 949 0.0619
283 950 0.0461
283 951 0.2371
283 952 0.1004
283 953 0.1330
283 954 0.6813
283 955 0.4251
283 956 0.0719
283 957 0.0718
283 958 0.1908
283 959 0.7381
283 960 0.5528
283 961 0.6093
283 962 0.0880
283 964 0.3972
283 965 0.0681
283 966 0.5122
283 967 0.0937
283 968 0.1484
283 969 0.1128
283 971 0.1258
283 972 0.0690
283 973 0.0553
283 974 0.3882
283 976 0.0949
283 977 0.1319
283 978 0.8157
283 979 0.1492
283 980 0.0483
283 981 0.1319
283 982 0.1442
283 983 0.0873
283 984 0.0858
283 985 0.6335
283 986 0.0803
283 987 0.0929
283 989 0.1438
283 990 0.0755
283 991 0.4942
283 992 0.7481
283 993 0.0452
283 994 0.4828
283 995 0.2828
283 996 0.1268
283 1000 0.0878
283 1001 0.1232
283 1002 0.0947
283 1003 0.8928
283 1004 0.1559
283 1006 0.1480
283 1007 0.0714
283 1008 0.6378
283 1013 0.1853
283 1014 0.0919
283 1015 0.7726
283 1016 0.0874
283 1017 0.2320
283 1018 0.0689
283 1019 0.0878
283 1020 0.6627
283 1022 0.1422
283 1023 0.2768
283 1024 0.0963
283 1026 0.0815
283 1027 0.1536
283 1028 0.3910
283 1029 0.0490
283 1030 0.4807
283 1032 0.2008
283 1033 0.1418
283 1034 0.0853
283 1035 0.4373
283 1036 0.0642
283 1037 0.1309
283 1038 0.2128
283 1039 0.1908
283 1040 0.0742
283 1041 0.1007
283 1042 0.2131
283 1043 0.7089
283 1044 0.3460
283 1045 0.1319
283 1046 0.1908
283 1047 0.0891
283 1048 0.1853
283 1049 0.0441
283 1050 0.0459
283 1051 0.1229
283 1052 0.0816
283 1053 0.0696
283 1054 0.1392
283 1055 0.5416
283 1056 0.1547
283 1057 0.7028
283 1058 0.0687
283 1059 0.1208
283 1060 0.0556
283 1061 0.1871
283 1062 0.7701
283 1063 0.9040
283 1064 0.0897
283 1065 0.0482
283 1066 0.7700
283 1067 0.7918
283 1068 0.1553
283 1069 0.1835
283 1070 0.0628
283 1072 0.0714
283 1073 0.2557
283 1075 0.2540
283 1076 0.5818
283 1077 0.7813
283 1078 0.5235
283 1079 0.1075
283 1080 0.0880
283 1081 0.0744
283 1082 0.1337
283 1083 0.9194
283 1084 0.0881
283 1085 0.2867
283 1087 0.1319
283 1089 0.1985
283 1090 0.0531
283 1093 0.0917
283 1094 0.1656
283 1095 0.0871
283 1097 0.1258
283 1099 0.9437
283 1102 0.5778
283 1103 0.1421
283 1104 0.2125
283 1105 0.2285
283 1106 0.0509
283 1107 0.4676
283 1108 0.1319
283 1109 0.1392
283 1110 0.1392
283 1111 0.0664
283 1113 0.0910
283 1115 0.0733
283 1116 0.6347
283 1117 0.7246
283 1118 0.0918
283 1119 0.1101
283 1123 0.2768
283 1124 0.2640
283 1125 0.0550
283 1126 0.4498
283 1127 0.1060
283 1128 0.1032
283 1129 0.0496
283 1130 0.8062
283 1131 0.0806
283 1132 0.4922
283 1133 0.1256
283 1134 0.1062
283 1135 0.9457
283 1136 0.1908
283 1138 0.0481
283 1139 0.7553
283 1141 0.0608
283 1142 0.7958
283 1143 0.1568
283 1145 0.3240
283 1146 0.1045
283 1147 0.0479
283 1148 0.6309
283 1149 0.1236
283 1150 0.2489
283 1151 0.5951
283 1152 0.5358
283 1153 0.0556
283 1154 0.1064
283 1155 0.1319
283 1156 0.1392
283 1157 0.1319
283 1158 0.1307
283 1159 0.1267
283 1160 0.0811
283 1161 0.0429
283 1162 0.2651
283 1163 0.1927
283 1165 0.4079
283 1166 0.2377
283 1167 0.3049
283 1169 0.0728
283 1172 0.1392
283 1174 0.1412
283 1176 0.6182
283 1177 0.0945
283 1178 0.1319
283 1180 0.0691
283 1181 0.3506
283 1182 0.2461
283 1183 0.1908
283 1184 0.1908
283 1185 0.0873
283 1186 0.5637
283 1187 0.0572
283 1188 0.1392
283 1189 0.8342
283 1191 0.0743
283 1192 0.0938
283 1193 0.1131
283 1194 0.0351
283 1195 0.1411
283 1196 0.7033
283 1197 0.4187
283 1198 0.1442
283 1199 0.1241
283 1200 0.2991
283 1201 0.2340
283 1202 0.2379
283 1203 0.0995
283 1204 0.2838
283 1205 0.1992
283 1206 0.7163
283 1208 0.1139
283 1209 0.0725
283 1210 0.5676
283 1211 0.6216
283 1212 0.3160
283 1213 0.2127
283 1214 0.1114
283 1215 0.4617
283 1216 0.1908
283 1217 0.1899
283 1218 0.2510
283 1219 0.1380
283 1220 0.1218
283 1221 0.2157
283 1222 0.2635
283 1223 0.1558
283 1224 0.1908
283 1225 0.2527
283 1226 0.3774
283 1227 0.3116
283 1228 0.1127
283 1229 0.2826
283 1230 0.1934
283 1231 0.1769
283 1233 0.0814
283 1234 0.1192
283 1235 0.1514
283 1236 0.0884
283 1237 0.2157
283 1238 0.0903
283 1240 0.7850
283 1241 0.1068
283 1242 0.6011
283 1244 0.1119
283 1247 0.1349
283 1248 0.1010
283 1250 0.0901
283 1251 0.1615
283 1252 0.1823
283 1253 0.1258
283 1254 0.1092
283 1255 0.0871
283 1256 0.2089
283 1257 0.1258
283 1258 0.1895
283 1259 0.0979
283 1260 0.1733
283 1262 0.0751
283 1263 0.0716
283 1265 0.1399
283 1266 0.1442
283 1267 0.6116
283 1268 0.1040
283 1269 0.1084
283 1270 0.1349
283 1271 0.1148
283 1272 0.1605
283 1273 0.0689
283 1275 0.1457
283 1276 0.0988
283 1279 0.0940
283 1280 0.0905
283 1281 0.0804
283 1282 0.1119
283 1283 0.0697
283 1284 0.0694
283 1286 0.1616
283 1287 0.0631
283 1288 0.1537
283 1289 0.0823
283 1290 0.4586
283 1291 0.3002
283 1292 0.0903
283 1293 0.1575
283 1295 0.0800
283 1297 0.0817
283 1298 0.0473
283 1299 0.0449
283 1300 0.1392
283 1301 0.0597
283 1303 0.0764
283 1304 0.1764
283 1305 0.1473
283 1306 0.1268
283 1307 0.0800
283 1308 0.1412
283 1309 0.1392
283 1310 0.0879
283 1311 0.0706
283 1315 0.1672
283 1316 0.1846
283 1318 0.0667
283 1320 0.0862
283 1322 0.1908
283 1323 0.1835
283 1324 0.4274
283 1326 0.1622
283 1327 0.3977
283 1329 0.1319
283 1330 0.2996
283 1331 0.3353
283 1333 0.5111
283 1334 0.1769
283 1335 0.1439
283 1336 0.0974
283 1337 0.1092
283 1339 0.0895
283 1340 0.2689
283 1341 0.1392
283 1342 0.1005
283 1343 0.2131
283 1344 0.4000
283 1346 0.1656
283 1347 0.1218
283 1348 0.2171
283 1349 0.0834
283 1350 0.1908
283 1351 0.0834
283 1352 0.0913
283 1353 0.0900
283 1354 0.1493
283 1355 0.0900
283 1356 0.3120
283 1357 0.0738
283 1360 0.0706
283 1361 0.1876
283 1362 0.0777
283 1363 0.1853
283 1364 0.0883
283 1367 0.2290
283 1368 0.1136
283 1369 0.5849
283 1370 0.2598
283 1372 0.0910
283 1374 0.0876
283 1375 0.0883
283 1377 0.1319
283 1378 0.1992
283 1379 0.2297
283 1380 0.1853
283 1381 0.3041
283 1382 0.1908
283 1383 0.1258
283 1384 0.0853
283 1386 0.2052
283 1387 0.1098
283 1388 0.0806
283 1389 0.0747
283 1390 0.2762
283 1393 0.0834
283 1394 0.1141
283 1395 0.1202
283 1396 0.0900
283 1397 0.0466
283 1398 0.1780
283 1399 0.0659
283 1401 0.1486
283 1402 0.0871
283 1405 0.0817
283 1406 0.1622
283 1407 0.7243
283 1408 0.0883
283 1409 0.0741
283 1410 0.0694
283 1411 0.1258
283 1412 0.0783
283 1413 0.0657
283 1415 0.0963
283 1416 0.1026
283 1418 0.0708
283 1419 0.1309
283 1421 0.0337
283 1422 0.0814
283 1423 0.0680
283 1424 0.1908
283 1425 0.0636
283 1426 0.8085
283 1427 0.0636
283 1428 0.0946
283 1431 0.1031
283 1434 0.0665
283 1435 0.0564
283 1436 0.0559
283 1437 0.0652
283 1438 0.0599
283 1439 0.1416
283 1440 0.0857
283 1441 0.0832
283 1443 0.1092
283 1446 0.0860
283 1448 0.7159
283 1449 0.4474
283 1451 0.5707
283 1452 0.1908
283 1453 0.1319
283 1454 0.1319
283 1455 0.3669
283 1456 0.7189
283 1457 0.0760
283 1458 0.3948
283 1459 0.2557
283 1460 0.4199
283 1461 0.1319
283 1462 0.6380
283 1463 0.1092
283 1464 0.8143
283 1466 0.5910
283 1472 0.3452
283 1473 0.4895
283 1475 0.0878
283 1477 0.7358
283 1479 0.8365
283 1480 0.1258
283 1481 0.4729
283 1482 0.4983
283 1484 0.1447
283 1485 0.7264
283 1488 0.1442
283 1490 0.6654
283 1491 0.8745
283 1493 0.4210
283 1494 0.4449
283 1495 0.0749
283 1497 0.4250
283 1498 0.1192
283 1499 0.3948
283 1500 0.4639
283 1501 0.2248
283 1503 0.8624
283 1504 0.7712
283 1505 0.4608
283 1506 0.6297
283 1507 0.7414
283 1508 0.1674
283 1510 0.8011
283 1511 0.6407
283 1512 0.4949
283 1513 0.3172
283 1514 0.1908
283 1515 0.6041
283 1516 0.5259
283 1517 0.6773
283 1518 0.6783
283 1519 0.2130
283 1520 0.2133
283 1522 0.0848
283 1523 0.0883
283 1525 0.0842
283 1526 0.0556
283 1527 0.5001
283 1528 0.1319
283 1529 0.7638
283 1530 0.0475
283 1532 0.0915
283 1535 0.3208
283 1536 0.0953
283 1538 0.0491
283 1540 0.1918
283 1541 0.4217
283 1542 0.0971
283 1544 0.0987
283 1545 0.0910
283 1546 0.1392
283 1547 0.1718
283 1548 0.0683
283 1549 0.0734
283 1550 0.1319
283 1551 0.0914
283 1554 0.0612
283 1555 0.1908
283 1557 0.1319
283 1560 0.0736
283 1562 0.1101
283 1567 0.0812
283 1568 0.2361
283 1569 0.1376
283 1570 0.0900
283 1571 0.1559
283 1572 0.0885
283 1573 0.2333
283 1575 0.0967
283 1577 0.0682
283 1578 0.1874
283 1579 0.0831
283 1580 0.1136
283 1581 0.1820
283 1582 0.1187
283 1583 0.2736
283 1584 0.2838
283 1585 0.1970
283 1587 0.3592
283 1588 0.3787
283 1590 0.0845
283 1591 0.1295
283 1592 0.1258
283 1593 0.1247
283 1594 0.1031
283 1595 0.6195
283 1596 0.1908
283 1598 0.4561
283 1599 0.8225
283 1601 0.1908
283 1602 0.0951
283 1603 0.5240
283 1604 0.1258
283 1605 0.4150
283 1606 0.2598
283 1607 0.1352
283 1608 0.5673
283 1609 0.1101
283 1610 0.0900
283 1611 0.1031
283 1612 0.4167
283 1613 0.2889
283 1614 0.0801
283 1615 0.3671
283 1616 0.5069
283 1617 0.3002
283 1618 0.7578
283 1619 0.2290
283 1621 0.4700
283 1622 0.4301
283 1623 0.5001
283 1624 0.2088
283 1626 0.1101
283 1627 0.0951
283 1628 0.2606
283 1629 0.2072
283 1630 0.2467
283 1632 0.1319
283 1633 0.5639
283 1634 0.1258
283 1637 0.3664
283 1639 0.0869
283 1640 0.4278
283 1641 0.1392
283 1642 0.1392
283 1644 0.1068
283 1645 0.0791
283 1646 0.0829
283 1647 0.0728
283 1648 0.1392
283 1649 0.1010
283 1650 0.1332
283 1653 0.2621
283 1654 0.1010
283 1655 0.2818
283 1659 0.2245
283 1660 0.0739
283 1661 0.0718
283 1662 0.1056
283 1663 0.0802
283 1664 0.1253
283 1665 0.0894
283 1666 0.1392
283 1667 0.1700
283 1668 0.0792
283 1669 0.0901
283 1670 0.1392
283 1671 0.1119
283 1672 0.1319
283 1673 0.1908
283 1674 0.1072
283 1675 0.1426
283 1676 0.0863
283 1677 0.2451
283 1678 0.2009
283 1679 0.0613
283 1680 0.1392
283 1681 0.1258
283 1682 0.0900
283 1683 0.1149
283 1684 0.1908
283 1685 0.1191
283 1687 0.0761
283 1688 0.0851
283 1689 0.4769
283 1690 0.2434
283 1691 0.1045
283 1692 0.1395
283 1694 0.1123
283 1695 0.1258
283 1696 0.0801
283 1697 0.1192
283 1698 0.0843
283 1699 0.0514
283 1700 0.1088
283 1701 0.0910
283 1702 0.0851
283 1703 0.1442
283 1704 0.1908
283 1706 0.0631
283 1707 0.0826
283 1708 0.0801
283 1711 0.0556
283 1712 0.2099
283 1713 0.0706
283 1714 0.0670
283 1716 0.0861
283 1717 0.1752
283 1718 0.1074
283 1719 0.1319
283 1720 0.1050
283 1721 0.1192
283 1723 0.0716
283 1725 0.1218
284 285 0.2390
284 286 0.0648
284 287 0.4294
284 288 0.0528
284 289 0.4802
284 290 0.7875
284 291 0.0644
284 292 0.1413
284 293 0.4794
284 294 0.0520
284 295 0.0247
284 296 0.0334
284 297 0.0514
284 298 0.5432
284 299 0.4825
284 300 0.5353
284 301 0.6741
284 302 0.0393
284 304 0.8954
284 305 0.0602
284 306 0.0807
284 307 0.2119
284 308 0.4072
284 309 0.5420
284 311 0.0617
284 313 0.0870
284 314 0.6270
284 315 0.0717
284 316 0.4420
284 317 0.0711
284 318 0.3966
284 319 0.0843
284 320 0.4894
284 321 0.2026
284 323 0.1514
284 324 0.0406
284 325 0.2797
284 326 0.4455
284 327 0.0426
284 328 0.8545
284 329 0.0373
284 330 0.0878
284 331 0.0625
284 332 0.0506
284 333 0.6474
284 334 0.5125
284 335 0.2692
284 336 0.1041
284 337 0.2467
284 338 0.0834
284 339 0.5076
284 340 0.7661
284 341 0.0197
284 342 0.6890
284 343 0.1126
284 344 0.6217
284 346 0.5626
284 347 0.0369
284 348 0.1062
284 349 0.4938
284 350 0.0250
284 351 0.0475
284 352 0.5265
284 353 0.0578
284 354 0.6224
284 355 0.0970
284 356 0.5011
284 357 0.0617
284 358 0.0746
284 359 0.5615
284 360 0.4127
284 361 0.0367
284 362 0.0432
284 363 0.7006
284 364 0.0900
284 366 0.1207
284 367 0.1700
284 368 0.6878
284 369 0.0748
284 370 0.3732
284 371 0.0353
284 372 0.0314
284 373 0.0916
284 374 0.4822
284 375 0.0632
284 376 0.0329
284 377 0.7883
284 378 0.1055
284 379 0.0789
284 380 0.2638
284 381 0.0948
284 382 0.0918
284 383 0.4487
284 384 0.6003
284 385 0.2251
284 386 0.0682
284 387 0.0784
284 388 0.1224
284 389 0.5031
284 390 0.1514
284 391 0.0906
284 392 0.7624
284 393 0.5234
284 394 0.2496
284 395 0.0412
284 396 0.0588
284 397 0.0730
284 398 0.6499
284 399 0.1493
284 400 0.0906
284 402 0.0872
284 403 0.0357
284 404 0.0604
284 405 0.0795
284 406 0.3939
284 407 0.0542
284 408 0.0285
284 409 0.0372
284 410 0.1494
284 411 0.4806
284 412 0.1626
284 413 0.0519
284 414 0.4652
284 415 0.0526
284 416 0.0881
284 418 0.2483
284 419 0.2319
284 420 0.4435
284 421 0.4478
284 422 0.3581
284 423 0.0315
284 424 0.3971
284 425 0.0397
284 427 0.1072
284 428 0.6812
284 430 0.0537
284 431 0.3764
284 433 0.0100
284 434 0.7938
284 435 0.1015
284 436 0.0900
284 438 0.1008
284 439 0.3919
284 440 0.5252
284 441 0.0396
284 442 0.0947
284 443 0.0791
284 445 0.5613
284 447 0.7877
284 448 0.0318
284 449 0.0953
284 450 0.6756
284 451 0.2860
284 452 0.7000
284 453 0.5839
284 454 0.0769
284 455 0.1647
284 456 0.1244
284 457 0.1303
284 458 0.5506
284 459 0.0417
284 460 0.1206
284 461 0.0450
284 462 0.0833
284 463 0.1247
284 464 0.0299
284 465 0.2327
284 466 0.0444
284 467 0.4800
284 468 0.6018
284 469 0.0804
284 470 0.0331
284 471 0.0527
284 472 0.7910
284 475 0.1602
284 476 0.1611
284 478 0.0491
284 479 0.1084
284 480 0.6075
284 481 0.4452
284 482 0.3072
284 484 0.3775
284 485 0.4700
284 486 0.4764
284 487 0.1262
284 488 0.0484
284 489 0.2590
284 490 0.6573
284 491 0.6062
284 492 0.1710
284 493 0.3814
284 494 0.3197
284 495 0.8900
284 496 0.0665
284 497 0.3999
284 498 0.7472
284 499 0.0618
284 500 0.0824
284 501 0.3967
284 503 0.1352
284 504 0.7205
284 505 0.0426
284 506 0.0208
284 507 0.4831
284 508 0.0424
284 509 0.5019
284 510 0.1524
284 511 0.1582
284 512 0.5480
284 513 0.0483
284 514 0.8439
284 515 0.0606
284 516 0.2730
284 517 0.3454
284 518 0.0971
284 519 0.7912
284 520 0.4261
284 521 0.3186
284 522 0.1015
284 523 0.6585
284 524 0.2408
284 526 0.0863
284 527 0.0504
284 528 0.0409
284 529 0.0361
284 530 0.0652
284 531 0.0800
284 532 0.3153
284 533 0.7131
284 534 0.1607
284 535 0.1962
284 536 0.8065
284 537 0.4867
284 538 0.1605
284 539 0.1788
284 540 0.7504
284 541 0.0896
284 542 0.5808
284 543 0.1194
284 544 0.0611
284 545 0.0726
284 546 0.1431
284 547 0.1202
284 548 0.0533
284 549 0.0619
284 551 0.0938
284 552 0.2476
284 553 0.0833
284 554 0.6240
284 555 0.0542
284 556 0.1618
284 557 0.1817
284 558 0.4741
284 559 0.4018
284 560 0.8443
284 561 0.1030
284 562 0.5277
284 563 0.0267
284 564 0.3788
284 565 0.6453
284 566 0.1352
284 567 0.0998
284 568 0.9848
284 569 0.6659
284 570 0.0803
284 571 0.3074
284 572 0.0439
284 573 0.3501
284 574 0.0291
284 575 0.1595
284 576 0.0495
284 577 0.0401
284 578 0.4804
284 579 0.1340
284 581 0.0650
284 582 0.5199
284 583 0.4023
284 584 0.0357
284 585 0.1329
284 586 0.0649
284 587 0.7677
284 589 0.2432
284 590 0.0462
284 591 0.0273
284 592 0.4339
284 593 0.0873
284 594 0.2814
284 595 0.1514
284 598 0.0948
284 599 0.5363
284 600 0.0343
284 601 0.0737
284 602 0.0476
284 604 0.5430
284 605 0.1591
284 606 0.2543
284 607 0.0408
284 608 0.0483
284 609 0.1854
284 610 0.0979
284 611 0.1159
284 612 0.1080
284 613 0.8813
284 614 0.3832
284 615 0.5604
284 617 0.3820
284 618 0.5758
284 619 0.0711
284 621 0.0102
284 622 0.1063
284 623 0.3788
284 624 0.3073
284 625 0.1203
284 626 0.7086
284 627 0.0588
284 628 0.6692
284 629 0.3993
284 630 0.5279
284 631 0.0278
284 632 0.0384
284 633 0.0396
284 634 0.0621
284 635 0.2238
284 636 0.1226
284 637 0.0865
284 638 0.5148
284 639 0.9881
284 640 0.1008
284 641 0.0911
284 642 0.0701
284 643 0.2319
284 645 0.1171
284 646 0.0342
284 647 0.1289
284 648 0.6060
284 649 0.5150
284 650 0.0403
284 651 0.0234
284 652 0.0635
284 653 0.0538
284 654 0.3971
284 655 0.2964
284 656 0.0370
284 657 0.6079
284 658 0.0101
284 659 0.3506
284 660 0.0833
284 661 0.2304
284 662 0.6737
284 663 0.2966
284 664 0.3261
284 665 0.0605
284 666 0.4994
284 667 0.5574
284 668 0.0831
284 669 0.4348
284 671 0.0315
284 672 0.2471
284 673 0.4767
284 674 0.5114
284 675 0.3485
284 676 0.0774
284 677 0.5347
284 678 0.3057
284 679 0.0317
284 680 0.6187
284 681 0.4589
284 682 0.3863
284 683 0.0938
284 684 0.5420
284 685 0.6677
284 686 0.4044
284 687 0.1760
284 688 0.1240
284 689 0.6515
284 690 0.0279
284 691 0.0942
284 692 0.7329
284 693 0.2390
284 694 0.4060
284 695 0.2896
284 696 0.4958
284 697 0.0665
284 698 0.0542
284 699 0.5557
284 700 0.0432
284 701 0.0719
284 702 0.0383
284 703 0.0425
284 704 0.0313
284 705 0.0355
284 706 0.9101
284 707 0.4343
284 708 0.0795
284 709 0.1193
284 710 0.6364
284 711 0.0602
284 712 0.6029
284 713 0.2432
284 714 0.3475
284 715 0.0856
284 716 0.5793
284 717 0.4947
284 718 0.3309
284 720 0.1514
284 721 0.0967
284 722 0.8097
284 723 0.0615
284 724 0.1514
284 725 0.2637
284 726 0.0435
284 727 0.4922
284 728 0.0847
284 729 0.0298
284 730 0.1102
284 731 0.5310
284 732 0.0889
284 733 0.0548
284 734 0.0970
284 735 0.7602
284 736 0.1710
284 737 0.5131
284 738 0.0815
284 740 0.0790
284 741 0.7738
284 742 0.0348
284 743 0.1339
284 744 0.0276
284 745 0.0452
284 746 0.0843
284 747 0.3596
284 748 0.9069
284 750 0.0478
284 751 0.0465
284 752 0.0656
284 753 0.1052
284 754 0.0849
284 755 0.0589
284 756 0.0824
284 757 0.0938
284 758 0.4639
284 759 0.0275
284 760 0.4784
284 761 0.0833
284 762 0.1456
284 763 0.8316
284 764 0.6317
284 765 0.4533
284 766 0.3467
284 767 0.2315
284 768 0.0849
284 769 0.3561
284 770 0.1026
284 771 0.6632
284 772 0.0970
284 773 0.5379
284 774 0.7162
284 775 0.0453
284 776 0.0664
284 777 0.0505
284 778 0.1255
284 780 0.2141
284 781 0.1091
284 782 0.4659
284 783 0.1269
284 784 0.4545
284 785 0.2422
284 786 0.0204
284 787 0.0386
284 788 0.0607
284 789 0.1384
284 791 0.0429
284 792 0.6633
284 793 0.0628
284 794 0.0460
284 796 0.1080
284 797 0.4790
284 798 0.4978
284 799 0.0532
284 800 0.4817
284 801 0.7950
284 802 0.4437
284 803 0.7084
284 804 0.7756
284 805 0.0319
284 806 0.4203
284 807 0.0156
284 808 0.5564
284 809 0.0611
284 810 0.5526
284 811 0.9442
284 812 0.1815
284 813 0.0512
284 814 0.0408
284 815 0.0499
284 816 0.0956
284 817 0.3287
284 818 0.4108
284 819 0.4789
284 820 0.1055
284 821 0.0649
284 822 0.4068
284 823 0.0325
284 824 0.1554
284 825 0.3281
284 827 0.0578
284 828 0.0997
284 829 0.0750
284 830 0.3814
284 831 0.1187
284 832 0.1248
284 833 0.2604
284 834 0.3374
284 835 0.0903
284 836 0.0814
284 837 0.7293
284 838 0.0493
284 839 0.1190
284 840 0.4012
284 841 0.0725
284 842 0.4710
284 843 0.6127
284 845 0.0749
284 846 0.1619
284 847 0.1514
284 848 0.1033
284 849 0.0320
284 850 0.0582
284 851 0.0674
284 852 0.2024
284 854 0.5339
284 855 0.1023
284 856 0.3310
284 858 0.2211
284 859 0.3915
284 860 0.6882
284 861 0.1725
284 862 0.5260
284 864 0.0607
284 865 0.4446
284 866 0.0983
284 867 0.0280
284 868 0.2905
284 869 0.4890
284 870 0.0414
284 871 0.6604
284 872 0.0684
284 874 0.0791
284 875 0.3354
284 876 0.3571
284 877 0.2497
284 878 0.5950
284 880 0.4456
284 881 0.5356
284 882 0.0718
284 883 0.0753
284 884 0.0816
284 886 0.0992
284 887 0.0692
284 888 0.3010
284 889 0.0850
284 890 0.0686
284 891 0.7624
284 893 0.2546
284 894 0.7010
284 895 0.1636
284 896 0.0911
284 897 0.5590
284 898 0.6926
284 899 0.3846
284 900 0.5399
284 901 0.0711
284 903 0.8037
284 905 0.0413
284 906 0.1307
284 907 0.5953
284 908 0.0830
284 909 0.0515
284 910 0.1514
284 911 0.0876
284 912 0.2218
284 913 0.1226
284 914 0.3275
284 915 0.0258
284 916 0.0970
284 917 0.1514
284 918 0.0828
284 919 0.0289
284 920 0.1399
284 921 0.0499
284 922 0.1944
284 924 0.0658
284 928 0.3199
284 929 0.1782
284 930 0.0414
284 932 0.3968
284 933 0.0728
284 934 0.3694
284 935 0.0534
284 936 0.6156
284 937 0.1514
284 938 0.3694
284 939 0.3067
284 940 0.1136
284 941 0.0898
284 942 0.0307
284 943 0.2872
284 944 0.1087
284 946 0.0515
284 947 0.0372
284 948 0.0655
284 949 0.3492
284 950 0.0262
284 951 0.0250
284 952 0.0337
284 953 0.1323
284 954 0.4371
284 955 0.5808
284 956 0.0343
284 957 0.0771
284 958 0.1514
284 959 0.5742
284 960 0.2885
284 961 0.5310
284 962 0.0747
284 964 0.0510
284 965 0.0477
284 966 0.6051
284 967 0.5536
284 968 0.0351
284 969 0.0666
284 971 0.1045
284 972 0.0640
284 973 0.0411
284 974 0.3023
284 976 0.6957
284 977 0.1720
284 978 0.5410
284 979 0.0728
284 980 0.0208
284 981 0.0970
284 982 0.0938
284 983 0.3888
284 984 0.0503
284 985 0.3544
284 986 0.1399
284 987 0.0470
284 989 0.0761
284 990 0.0660
284 991 0.5121
284 992 0.3812
284 993 0.0658
284 994 0.0684
284 995 0.1167
284 996 0.1167
284 1000 0.0844
284 1001 0.4792
284 1002 0.9158
284 1003 0.6840
284 1004 0.8263
284 1006 0.1574
284 1007 0.9038
284 1008 0.3879
284 1013 0.1640
284 1014 0.0909
284 1015 0.5111
284 1016 0.0865
284 1017 0.0346
284 1018 0.3807
284 1019 0.0673
284 1020 0.1920
284 1022 0.0529
284 1023 0.0908
284 1024 0.0565
284 1026 0.0839
284 1027 0.1169
284 1028 0.5209
284 1029 0.0249
284 1030 0.1142
284 1032 0.4181
284 1033 0.1322
284 1034 0.4999
284 1035 0.2787
284 1036 0.5534
284 1037 0.1110
284 1038 0.3827
284 1039 0.1514
284 1040 0.4227
284 1041 0.0920
284 1042 0.1391
284 1043 0.6022
284 1044 0.1581
284 1045 0.0970
284 1046 0.1514
284 1047 0.0818
284 1048 0.0788
284 1049 0.0406
284 1050 0.0436
284 1051 0.3292
284 1052 0.0554
284 1053 0.6112
284 1054 0.0833
284 1055 0.2813
284 1056 0.0567
284 1057 0.6079
284 1058 0.3376
284 1059 0.2419
284 1060 0.6687
284 1061 0.1450
284 1062 0.1989
284 1063 0.7511
284 1064 0.0825
284 1065 0.0494
284 1066 0.0770
284 1067 0.4989
284 1068 0.0831
284 1069 0.1180
284 1070 0.0359
284 1072 0.4498
284 1073 0.1102
284 1075 0.2298
284 1076 0.1599
284 1077 0.2119
284 1078 0.2523
284 1079 0.1097
284 1080 0.0801
284 1081 0.5784
284 1082 0.1226
284 1083 0.8489
284 1084 0.0821
284 1085 0.1126
284 1087 0.0970
284 1089 0.0827
284 1090 0.0647
284 1093 0.0834
284 1094 0.1253
284 1095 0.5571
284 1097 0.0900
284 1099 0.9537
284 1102 0.4075
284 1103 0.0590
284 1104 0.1398
284 1105 0.1521
284 1106 0.0442
284 1107 0.5164
284 1108 0.0970
284 1109 0.0833
284 1110 0.0833
284 1111 0.7169
284 1113 0.5620
284 1115 0.4956
284 1116 0.3128
284 1117 0.3372
284 1118 0.0797
284 1119 0.0829
284 1123 0.1059
284 1124 0.1114
284 1125 0.0344
284 1126 0.0971
284 1127 0.0859
284 1128 0.0905
284 1129 0.0549
284 1130 0.6624
284 1131 0.5150
284 1132 0.4006
284 1133 0.4729
284 1134 0.0952
284 1135 0.9174
284 1136 0.1514
284 1138 0.0517
284 1139 0.5087
284 1141 0.0359
284 1142 0.3724
284 1143 0.0556
284 1145 0.1107
284 1146 0.0666
284 1147 0.0353
284 1148 0.4491
284 1149 0.1178
284 1150 0.1775
284 1151 0.1298
284 1152 0.5747
284 1153 0.0405
284 1154 0.0607
284 1155 0.0970
284 1156 0.0833
284 1157 0.0970
284 1158 0.1395
284 1159 0.0404
284 1160 0.5471
284 1161 0.0666
284 1162 0.0929
284 1163 0.8473
284 1165 0.5156
284 1166 0.1310
284 1167 0.0358
284 1169 0.0394
284 1172 0.0833
284 1174 0.0915
284 1176 0.3937
284 1177 0.0673
284 1178 0.0970
284 1180 0.0299
284 1181 0.1054
284 1182 0.1272
284 1183 0.1514
284 1184 0.1514
284 1185 0.0404
284 1186 0.2545
284 1187 0.0471
284 1188 0.0833
284 1189 0.4436
284 1191 0.0330
284 1192 0.0709
284 1193 0.0358
284 1194 0.0628
284 1195 0.1431
284 1196 0.3814
284 1197 0.3142
284 1198 0.0938
284 1199 0.0883
284 1200 0.0322
284 1201 0.1525
284 1202 0.0295
284 1203 0.0553
284 1204 0.0833
284 1205 0.1361
284 1206 0.1681
284 1208 0.0968
284 1209 0.0569
284 1210 0.0982
284 1211 0.0587
284 1212 0.1380
284 1213 0.0400
284 1214 0.0511
284 1215 0.1569
284 1216 0.1514
284 1217 0.0586
284 1218 0.0505
284 1219 0.0864
284 1220 0.0849
284 1221 0.0702
284 1222 0.1008
284 1223 0.0243
284 1224 0.1514
284 1225 0.1572
284 1226 0.4867
284 1227 0.0592
284 1228 0.0782
284 1229 0.0338
284 1230 0.0532
284 1231 0.0730
284 1233 0.0512
284 1234 0.0824
284 1235 0.1158
284 1236 0.0502
284 1237 0.1080
284 1238 0.0862
284 1240 0.5549
284 1241 0.0406
284 1242 0.0871
284 1244 0.0784
284 1247 0.0215
284 1248 0.0909
284 1250 0.3071
284 1251 0.0845
284 1252 0.1683
284 1253 0.0900
284 1254 0.0892
284 1255 0.0908
284 1256 0.1143
284 1257 0.0900
284 1258 0.1644
284 1259 0.0942
284 1260 0.0758
284 1262 0.1389
284 1263 0.0537
284 1265 0.0465
284 1266 0.0938
284 1267 0.5654
284 1268 0.0475
284 1269 0.0896
284 1270 0.1239
284 1271 0.0514
284 1272 0.0859
284 1273 0.0525
284 1275 0.0448
284 1276 0.0428
284 1279 0.0364
284 1280 0.1245
284 1281 0.4285
284 1282 0.1959
284 1283 0.5076
284 1284 0.5123
284 1286 0.3208
284 1287 0.4848
284 1288 0.5818
284 1289 0.5643
284 1290 0.4603
284 1291 0.1039
284 1292 0.9699
284 1293 0.5770
284 1295 0.4477
284 1297 0.4222
284 1298 0.4835
284 1299 0.4887
284 1300 0.3956
284 1301 0.5776
284 1303 0.6329
284 1304 0.6088
284 1305 0.6529
284 1306 0.1675
284 1307 0.4477
284 1308 0.7011
284 1309 0.1588
284 1310 0.4919
284 1311 0.4438
284 1315 0.2578
284 1316 0.9928
284 1318 0.2778
284 1320 0.2455
284 1322 0.1514
284 1323 0.1180
284 1324 0.4221
284 1326 0.1515
284 1327 0.1523
284 1329 0.0970
284 1330 0.0572
284 1331 0.1234
284 1333 0.2204
284 1334 0.0730
284 1335 0.2136
284 1336 0.0840
284 1337 0.0849
284 1339 0.0648
284 1340 0.0362
284 1341 0.0833
284 1342 0.0570
284 1343 0.1271
284 1344 0.4487
284 1346 0.0719
284 1347 0.0849
284 1348 0.0975
284 1349 0.0584
284 1350 0.1514
284 1351 0.0584
284 1352 0.0522
284 1353 0.0883
284 1354 0.1310
284 1355 0.0883
284 1356 0.1361
284 1357 0.0626
284 1360 0.0279
284 1361 0.0757
284 1362 0.0571
284 1363 0.1235
284 1364 0.0808
284 1367 0.0611
284 1368 0.2883
284 1369 0.2121
284 1370 0.2369
284 1372 0.0878
284 1374 0.1159
284 1375 0.0808
284 1377 0.0970
284 1378 0.1361
284 1379 0.1198
284 1380 0.1235
284 1381 0.0901
284 1382 0.1514
284 1383 0.0900
284 1384 0.0692
284 1386 0.0612
284 1387 0.0997
284 1388 0.0402
284 1389 0.0339
284 1390 0.1293
284 1393 0.0602
284 1394 0.0718
284 1395 0.1093
284 1396 0.1095
284 1397 0.0525
284 1398 0.1224
284 1399 0.1300
284 1401 0.1267
284 1402 0.0908
284 1405 0.0703
284 1406 0.1193
284 1407 0.5145
284 1408 0.0808
284 1409 0.0641
284 1410 0.0292
284 1411 0.0900
284 1412 0.0795
284 1413 0.0557
284 1415 0.0565
284 1416 0.0895
284 1418 0.0607
284 1419 0.0632
284 1421 0.0482
284 1422 0.0369
284 1423 0.0503
284 1424 0.1514
284 1425 0.0615
284 1426 0.5261
284 1427 0.0363
284 1428 0.0801
284 1431 0.0481
284 1434 0.3060
284 1435 0.0471
284 1436 0.0256
284 1437 0.0888
284 1438 0.0543
284 1439 0.0399
284 1440 0.0315
284 1441 0.0733
284 1443 0.0892
284 1446 0.0778
284 1448 0.3013
284 1449 0.5707
284 1451 0.4092
284 1452 0.1514
284 1453 0.2139
284 1454 0.0970
284 1455 0.1915
284 1456 0.3169
284 1457 0.5743
284 1458 0.3521
284 1459 0.1102
284 1460 0.1890
284 1461 0.0970
284 1462 0.4586
284 1463 0.0892
284 1464 0.3290
284 1466 0.1788
284 1472 0.1631
284 1473 0.2831
284 1475 0.0844
284 1477 0.1793
284 1479 0.8381
284 1480 0.0900
284 1481 0.0959
284 1482 0.5850
284 1484 0.1198
284 1485 0.3647
284 1488 0.0938
284 1490 0.2999
284 1491 0.3741
284 1493 0.1547
284 1494 0.1174
284 1495 0.3126
284 1497 0.1126
284 1498 0.1002
284 1499 0.3521
284 1500 0.4148
284 1501 0.1240
284 1503 0.5415
284 1504 0.4166
284 1505 0.1322
284 1506 0.1248
284 1507 0.4706
284 1508 0.1666
284 1510 0.6259
284 1511 0.3197
284 1512 0.4526
284 1513 0.5653
284 1514 0.1514
284 1515 0.4383
284 1516 0.3790
284 1517 0.5518
284 1518 0.1765
284 1519 0.9211
284 1520 0.9595
284 1522 0.6712
284 1523 0.4800
284 1525 0.3999
284 1526 0.6276
284 1527 0.7039
284 1528 0.0970
284 1529 0.5005
284 1530 0.4801
284 1532 0.6337
284 1535 0.8254
284 1536 0.7347
284 1538 0.5918
284 1540 0.2413
284 1541 0.3228
284 1542 0.3547
284 1544 0.4821
284 1545 0.5620
284 1546 0.1301
284 1547 0.7064
284 1548 0.5108
284 1549 0.4627
284 1550 0.1943
284 1551 0.5972
284 1554 0.5904
284 1555 0.1514
284 1557 0.2850
284 1560 0.3579
284 1562 0.4568
284 1567 0.2224
284 1568 0.0851
284 1569 0.0963
284 1570 0.0883
284 1571 0.1255
284 1572 0.1156
284 1573 0.4366
284 1575 0.0652
284 1577 0.0576
284 1578 0.0973
284 1579 0.0607
284 1580 0.0572
284 1581 0.0629
284 1582 0.0707
284 1583 0.0654
284 1584 0.0833
284 1585 0.0613
284 1587 0.4867
284 1588 0.0322
284 1590 0.0556
284 1591 0.0300
284 1592 0.0900
284 1593 0.0431
284 1594 0.4029
284 1595 0.2637
284 1596 0.1514
284 1598 0.1126
284 1599 0.0547
284 1601 0.1514
284 1602 0.0914
284 1603 0.0821
284 1604 0.0900
284 1605 0.2413
284 1606 0.0813
284 1607 0.0612
284 1608 0.4505
284 1609 0.3194
284 1610 0.0883
284 1611 0.0817
284 1612 0.0522
284 1613 0.0513
284 1614 0.0600
284 1615 0.1282
284 1616 0.1104
284 1617 0.1039
284 1618 0.7308
284 1619 0.0931
284 1621 0.3718
284 1622 0.0859
284 1623 0.1952
284 1624 0.0282
284 1626 0.0829
284 1627 0.0914
284 1628 0.1267
284 1629 0.1675
284 1630 0.0858
284 1632 0.0970
284 1633 0.2026
284 1634 0.0900
284 1637 0.1193
284 1639 0.0837
284 1640 0.1142
284 1641 0.0833
284 1642 0.0833
284 1644 0.0910
284 1645 0.0643
284 1646 0.0497
284 1647 0.0552
284 1648 0.0833
284 1649 0.0909
284 1650 0.0914
284 1653 0.1638
284 1654 0.0909
284 1655 0.1942
284 1659 0.2071
284 1660 0.1046
284 1661 0.0771
284 1662 0.1038
284 1663 0.0473
284 1664 0.1092
284 1665 0.0742
284 1666 0.0833
284 1667 0.1202
284 1668 0.0793
284 1669 0.0320
284 1670 0.0833
284 1671 0.1671
284 1672 0.0970
284 1673 0.1514
284 1674 0.0419
284 1675 0.1186
284 1676 0.0476
284 1677 0.1662
284 1678 0.1574
284 1679 0.0433
284 1680 0.0833
284 1681 0.0900
284 1682 0.1194
284 1683 0.0882
284 1684 0.1514
284 1685 0.0864
284 1687 0.0545
284 1688 0.0661
284 1689 0.4612
284 1690 0.3013
284 1691 0.1083
284 1692 0.0684
284 1694 0.0905
284 1695 0.0900
284 1696 0.0577
284 1697 0.0824
284 1698 0.0689
284 1699 0.0469
284 1700 0.0489
284 1701 0.0335
284 1702 0.0286
284 1703 0.0938
284 1704 0.1514
284 1706 0.0326
284 1707 0.0490
284 1708 0.0789
284 1711 0.0515
284 1712 0.4131
284 1713 0.0727
284 1714 0.0498
284 1716 0.0805
284 1717 0.1167
284 1718 0.0391
284 1719 0.0970
284 1720 0.0480
284 1721 0.1102
284 1723 0.0474
284 1725 0.0849
285 286 0.1095
285 287 0.6885
285 288 0.2950
285 289 0.0538
285 290 0.7873
285 291 0.0692
285 292 0.1824
285 293 0.0739
285 294 0.0488
285 295 0.0755
285 296 0.0846
285 297 0.0781
285 298 0.4339
285 299 0.5650
285 300 0.1661
285 301 0.1181
285 302 0.0570
285 304 0.0897
285 305 0.0560
285 306 0.3155
285 307 0.5199
285 308 0.6169
285 309 0.6202
285 311 0.1937
285 313 0.1052
285 314 0.0512
285 315 0.1161
285 316 0.0661
285 317 0.0839
285 318 0.4515
285 319 0.1055
285 320 0.0375
285 321 0.0934
285 323 0.1389
285 324 0.0554
285 325 0.0561
285 326 0.0696
285 327 0.1444
285 328 0.0628
285 329 0.4282
285 330 0.0807
285 331 0.0873
285 332 0.0872
285 333 0.7510
285 334 0.1227
285 335 0.3934
285 336 0.3797
285 337 0.2459
285 338 0.1500
285 339 0.0303
285 340 0.0461
285 341 0.0716
285 342 0.0579
285 343 0.3284
285 344 0.0560
285 346 0.6384
285 347 0.0496
285 348 0.1006
285 349 0.1582
285 350 0.0765
285 351 0.0720
285 352 0.4187
285 353 0.0733
285 354 0.7240
285 355 0.1878
285 356 0.0654
285 357 0.1941
285 358 0.2273
285 359 0.0734
285 360 0.6175
285 361 0.0810
285 362 0.0736
285 363 0.1125
285 364 0.1631
285 366 0.2542
285 367 0.6846
285 368 0.0269
285 369 0.0780
285 370 0.4409
285 371 0.0597
285 372 0.0636
285 373 0.0900
285 374 0.0702
285 375 0.1169
285 376 0.0820
285 377 0.0387
285 378 0.1134
285 379 0.0554
285 380 0.5035
285 381 0.1484
285 382 0.0915
285 383 0.2927
285 384 0.0675
285 385 0.5913
285 386 0.2707
285 387 0.0887
285 388 0.1108
285 389 0.7078
285 390 0.1389
285 391 0.1514
285 392 0.1629
285 393 0.6678
285 394 0.6083
285 395 0.0582
285 396 0.1292
285 397 0.0925
285 398 0.0542
285 399 0.0956
285 400 0.0876
285 402 0.1035
285 403 0.0179
285 404 0.0769
285 405 0.0601
285 406 0.1717
285 407 0.1057
285 408 0.0840
285 409 0.0407
285 410 0.5089
285 411 0.4687
285 412 0.1871
285 413 0.0657
285 414 0.8656
285 415 0.0563
285 416 0.0859
285 418 0.1898
285 419 0.1280
285 420 0.3091
285 421 0.6920
285 422 0.0390
285 423 0.0609
285 424 0.8585
285 425 0.0803
285 427 0.1085
285 428 0.6885
285 430 0.0708
285 431 0.0550
285 433 0.1012
285 434 0.8705
285 435 0.1779
285 436 0.1106
285 438 0.1456
285 439 0.7862
285 440 0.5224
285 441 0.1241
285 442 0.0575
285 443 0.0646
285 445 0.0585
285 447 0.7938
285 448 0.0834
285 449 0.1231
285 450 0.5677
285 451 0.6208
285 452 0.0613
285 453 0.0293
285 454 0.3281
285 455 0.1902
285 456 0.1442
285 457 0.1409
285 458 0.7649
285 459 0.1082
285 460 0.0902
285 461 0.1651
285 462 0.1186
285 463 0.1231
285 464 0.0631
285 465 0.1186
285 466 0.1485
285 467 0.0594
285 468 0.0568
285 469 0.0629
285 470 0.0620
285 471 0.1142
285 472 0.0290
285 475 0.1037
285 476 0.3142
285 478 0.0607
285 479 0.0895
285 480 0.6389
285 481 0.7672
285 482 0.4980
285 484 0.1545
285 485 0.0413
285 486 0.6228
285 487 0.1370
285 488 0.0526
285 489 0.6370
285 490 0.0479
285 491 0.1950
285 492 0.0188
285 493 0.5356
285 494 0.4642
285 495 0.7861
285 496 0.1004
285 497 0.4681
285 498 0.0483
285 499 0.0604
285 500 0.0943
285 501 0.1698
285 503 0.5479
285 504 0.3443
285 505 0.0738
285 506 0.0563
285 507 0.0696
285 508 0.0809
285 509 0.4470
285 510 0.2454
285 511 0.3040
285 512 0.2896
285 513 0.0759
285 514 0.4230
285 515 0.1493
285 516 0.2859
285 517 0.5734
285 518 0.0996
285 519 0.2094
285 520 0.0616
285 521 0.5511
285 522 0.1687
285 523 0.0702
285 524 0.4195
285 526 0.0712
285 527 0.0828
285 528 0.0396
285 529 0.1255
285 530 0.0696
285 531 0.1017
285 532 0.6674
285 533 0.3363
285 534 0.1034
285 535 0.4801
285 536 0.0944
285 537 0.6109
285 538 0.2485
285 539 0.6420
285 540 0.7587
285 541 0.1079
285 542 0.4393
285 543 0.2422
285 544 0.0991
285 545 0.0551
285 546 0.0949
285 547 0.1349
285 548 0.0977
285 549 0.0829
285 551 0.1102
285 552 0.2132
285 553 0.1186
285 554 0.1160
285 555 0.0569
285 556 0.1082
285 557 0.2326
285 558 0.5941
285 559 0.0756
285 560 0.0302
285 561 0.1041
285 562 0.0413
285 563 0.1074
285 564 0.0572
285 565 0.6199
285 566 0.5479
285 567 0.1923
285 568 0.0490
285 569 0.0307
285 570 0.0640
285 571 0.2535
285 572 0.0428
285 573 0.7527
285 574 0.0627
285 575 0.1521
285 576 0.0416
285 577 0.0922
285 578 0.0665
285 579 0.1213
285 581 0.0679
285 582 0.0566
285 583 0.0358
285 584 0.0520
285 585 0.2203
285 586 0.0858
285 587 0.8034
285 589 0.1835
285 590 0.1094
285 591 0.1313
285 592 0.5604
285 593 0.0697
285 594 0.4082
285 595 0.1389
285 598 0.1082
285 599 0.1182
285 600 0.0672
285 601 0.0960
285 602 0.1159
285 604 0.0631
285 605 0.5814
285 606 0.2799
285 607 0.0728
285 608 0.0759
285 609 0.0813
285 610 0.0506
285 611 0.0943
285 612 0.0954
285 613 0.0403
285 614 0.5895
285 615 0.0666
285 617 0.0978
285 618 0.0786
285 619 0.1822
285 621 0.0948
285 622 0.1664
285 623 0.3024
285 624 0.4898
285 625 0.1209
285 626 0.0907
285 627 0.0933
285 628 0.0989
285 629 0.2770
285 630 0.3921
285 631 0.0675
285 632 0.0354
285 633 0.0510
285 634 0.1342
285 635 0.6596
285 636 0.2904
285 637 0.2441
285 638 0.1548
285 639 0.0523
285 640 0.1401
285 641 0.1368
285 642 0.1530
285 643 0.2604
285 645 0.1128
285 646 0.0710
285 647 0.3015
285 648 0.0402
285 649 0.0561
285 650 0.1330
285 651 0.0581
285 652 0.0627
285 653 0.0928
285 654 0.1750
285 655 0.7225
285 656 0.0853
285 657 0.0718
285 658 0.0883
285 659 0.2086
285 660 0.1186
285 661 0.6659
285 662 0.5982
285 663 0.6210
285 664 0.6348
285 665 0.1388
285 666 0.0934
285 667 0.0441
285 668 0.0675
285 669 0.5746
285 671 0.0793
285 672 0.0746
285 673 0.0742
285 674 0.6900
285 675 0.4632
285 676 0.0958
285 677 0.4315
285 678 0.3875
285 679 0.0725
285 680 0.0840
285 681 0.3742
285 682 0.0593
285 683 0.1102
285 684 0.5677
285 685 0.0729
285 686 0.5701
285 687 0.1969
285 688 0.1950
285 689 0.9054
285 690 0.0659
285 691 0.2504
285 692 0.0259
285 693 0.4256
285 694 0.0396
285 695 0.3546
285 696 0.7287
285 697 0.1192
285 698 0.0796
285 699 0.6646
285 700 0.0925
285 701 0.0561
285 702 0.0496
285 703 0.0597
285 704 0.0526
285 705 0.0887
285 706 0.0456
285 707 0.0539
285 708 0.0601
285 709 0.1179
285 710 0.1244
285 711 0.0652
285 712 0.3619
285 713 0.6360
285 714 0.4673
285 715 0.0666
285 716 0.3898
285 717 0.0533
285 718 0.2004
285 720 0.1389
285 721 0.2441
285 722 0.1026
285 723 0.0674
285 724 0.1389
285 725 0.1756
285 726 0.0518
285 727 0.6760
285 728 0.1710
285 729 0.0930
285 730 0.2252
285 731 0.6624
285 732 0.2047
285 733 0.1189
285 734 0.1082
285 735 0.7644
285 736 0.1157
285 737 0.2543
285 738 0.0694
285 740 0.1999
285 741 0.7587
285 742 0.0711
285 743 0.2997
285 744 0.0787
285 745 0.0595
285 746 0.0869
285 747 0.2809
285 748 0.8749
285 750 0.1022
285 751 0.1194
285 752 0.0696
285 753 0.3295
285 754 0.1076
285 755 0.0779
285 756 0.0943
285 757 0.1102
285 758 0.7155
285 759 0.0606
285 760 0.0585
285 761 0.1186
285 762 0.1385
285 763 0.8575
285 764 0.0891
285 765 0.2011
285 766 0.0611
285 767 0.5220
285 768 0.2071
285 769 0.6311
285 770 0.2713
285 771 0.0804
285 772 0.1082
285 773 0.1513
285 774 0.3593
285 775 0.0476
285 776 0.0675
285 777 0.1110
285 778 0.1438
285 780 0.4312
285 781 0.1186
285 782 0.7814
285 783 0.1314
285 784 0.0558
285 785 0.6769
285 786 0.0633
285 787 0.0905
285 788 0.0799
285 789 0.1170
285 791 0.0707
285 792 0.4653
285 793 0.0644
285 794 0.0728
285 796 0.1448
285 797 0.3120
285 798 0.1065
285 799 0.0580
285 800 0.4853
285 801 0.1900
285 802 0.1320
285 803 0.0422
285 804 0.8342
285 805 0.0769
285 806 0.8030
285 807 0.1719
285 808 0.8932
285 809 0.0399
285 810 0.0854
285 811 0.0323
285 812 0.5897
285 813 0.0747
285 814 0.0755
285 815 0.1976
285 816 0.1314
285 817 0.0619
285 818 0.0675
285 819 0.1037
285 820 0.1773
285 821 0.0692
285 822 0.0673
285 823 0.1130
285 824 0.1333
285 825 0.4253
285 827 0.0620
285 828 0.1496
285 829 0.0934
285 830 0.5356
285 831 0.1647
285 832 0.0857
285 833 0.3955
285 834 0.3522
285 835 0.0854
285 836 0.0806
285 837 0.5054
285 838 0.0546
285 839 0.0730
285 840 0.0978
285 841 0.0935
285 842 0.0694
285 843 0.5988
285 845 0.2841
285 846 0.1078
285 847 0.1389
285 848 0.1157
285 849 0.0519
285 850 0.0566
285 851 0.0852
285 852 0.2504
285 854 0.0591
285 855 0.1100
285 856 0.5638
285 858 0.5538
285 859 0.3623
285 860 0.0686
285 861 0.1985
285 862 0.1013
285 864 0.0588
285 865 0.1664
285 866 0.1013
285 867 0.0575
285 868 0.6383
285 869 0.0461
285 870 0.0501
285 871 0.0431
285 872 0.4935
285 874 0.0625
285 875 0.0546
285 876 0.4281
285 877 0.3334
285 878 0.7245
285 880 0.8702
285 881 0.0477
285 882 0.1973
285 883 0.0410
285 884 0.0827
285 886 0.0965
285 887 0.1228
285 888 0.0665
285 889 0.1510
285 890 0.0815
285 891 0.8567
285 893 0.2250
285 894 0.1361
285 895 0.3286
285 896 0.1147
285 897 0.1207
285 898 0.0391
285 899 0.0559
285 900 0.0854
285 901 0.0971
285 903 0.0303
285 905 0.0764
285 906 0.4396
285 907 0.6480
285 908 0.1363
285 909 0.2210
285 910 0.1389
285 911 0.1066
285 912 0.1076
285 913 0.1572
285 914 0.4973
285 915 0.0929
285 916 0.1082
285 917 0.1389
285 918 0.0615
285 919 0.1554
285 920 0.1419
285 921 0.0488
285 922 0.1657
285 924 0.0769
285 928 0.6207
285 929 0.1933
285 930 0.0989
285 932 0.0611
285 933 0.0805
285 934 0.0672
285 935 0.0820
285 936 0.7826
285 937 0.1389
285 938 0.6503
285 939 0.6161
285 940 0.1062
285 941 0.0914
285 942 0.0508
285 943 0.5918
285 944 0.3552
285 946 0.0752
285 947 0.0164
285 948 0.1209
285 949 0.0570
285 950 0.0537
285 951 0.0409
285 952 0.1022
285 953 0.1048
285 954 0.5075
285 955 0.3114
285 956 0.0544
285 957 0.0525
285 958 0.1389
285 959 0.5709
285 960 0.3438
285 961 0.5783
285 962 0.0875
285 964 0.1029
285 965 0.0691
285 966 0.5571
285 967 0.0756
285 968 0.0387
285 969 0.0793
285 971 0.1106
285 972 0.0663
285 973 0.0507
285 974 0.3209
285 976 0.0773
285 977 0.1082
285 978 0.8037
285 979 0.3527
285 980 0.2045
285 981 0.1082
285 982 0.1102
285 983 0.0678
285 984 0.0633
285 985 0.6375
285 986 0.1698
285 987 0.0776
285 989 0.0823
285 990 0.0740
285 991 0.3449
285 992 0.5519
285 993 0.0454
285 994 0.1888
285 995 0.1925
285 996 0.1000
285 1000 0.0690
285 1001 0.0668
285 1002 0.0441
285 1003 0.7486
285 1004 0.0339
285 1006 0.1726
285 1007 0.0277
285 1008 0.8002
285 1013 0.5007
285 1014 0.0808
285 1015 0.6745
285 1016 0.0634
285 1017 0.0679
285 1018 0.0674
285 1019 0.0789
285 1020 0.4635
285 1022 0.1164
285 1023 0.1021
285 1024 0.0711
285 1026 0.3062
285 1027 0.1141
285 1028 0.3140
285 1029 0.0523
285 1030 0.1365
285 1032 0.4309
285 1033 0.1140
285 1034 0.0814
285 1035 0.6479
285 1036 0.0540
285 1037 0.1119
285 1038 0.0686
285 1039 0.1389
285 1040 0.0544
285 1041 0.0804
285 1042 0.1675
285 1043 0.5645
285 1044 0.1313
285 1045 0.1082
285 1046 0.1389
285 1047 0.0664
285 1048 0.1576
285 1049 0.0554
285 1050 0.0542
285 1051 0.0690
285 1052 0.0827
285 1053 0.0660
285 1054 0.1186
285 1055 0.6367
285 1056 0.1142
285 1057 0.7420
285 1058 0.0597
285 1059 0.1086
285 1060 0.0547
285 1061 0.1574
285 1062 0.5660
285 1063 0.7019
285 1064 0.1144
285 1065 0.0420
285 1066 0.3520
285 1067 0.6002
285 1068 0.1096
285 1069 0.1428
285 1070 0.0639
285 1072 0.0657
285 1073 0.2252
285 1075 0.5847
285 1076 0.5514
285 1077 0.5199
285 1078 0.3515
285 1079 0.1001
285 1080 0.0637
285 1081 0.0617
285 1082 0.1438
285 1083 0.7951
285 1084 0.0778
285 1085 0.1962
285 1087 0.1082
285 1089 0.0851
285 1090 0.0522
285 1093 0.1595
285 1094 0.1490
285 1095 0.0670
285 1097 0.1106
285 1099 0.9438
285 1102 0.3325
285 1103 0.0568
285 1104 0.1809
285 1105 0.1874
285 1106 0.0543
285 1107 0.4216
285 1108 0.1082
285 1109 0.1186
285 1110 0.1717
285 1111 0.0853
285 1113 0.0677
285 1115 0.0537
285 1116 0.6338
285 1117 0.7123
285 1118 0.0685
285 1119 0.0946
285 1123 0.1213
285 1124 0.1749
285 1125 0.0490
285 1126 0.0972
285 1127 0.0903
285 1128 0.1129
285 1129 0.0750
285 1130 0.6241
285 1131 0.0561
285 1132 0.5197
285 1133 0.3788
285 1134 0.0897
285 1135 0.9352
285 1136 0.1389
285 1138 0.0452
285 1139 0.4765
285 1141 0.0491
285 1142 0.1203
285 1143 0.0586
285 1145 0.2090
285 1146 0.0837
285 1147 0.0645
285 1148 0.6290
285 1149 0.0989
285 1150 0.3484
285 1151 0.3599
285 1152 0.8684
285 1153 0.0507
285 1154 0.0538
285 1155 0.1082
285 1156 0.1186
285 1157 0.1082
285 1158 0.1695
285 1159 0.0720
285 1160 0.0705
285 1161 0.0255
285 1162 0.1151
285 1163 0.1619
285 1165 0.2693
285 1166 0.1280
285 1167 0.1352
285 1169 0.0338
285 1172 0.1186
285 1174 0.0762
285 1176 0.5308
285 1177 0.0832
285 1178 0.1082
285 1180 0.0737
285 1181 0.0973
285 1182 0.1347
285 1183 0.1389
285 1184 0.1389
285 1185 0.0468
285 1186 0.4776
285 1187 0.0429
285 1188 0.1186
285 1189 0.7012
285 1191 0.0783
285 1192 0.0781
285 1193 0.0482
285 1194 0.1944
285 1195 0.2088
285 1196 0.5356
285 1197 0.2966
285 1198 0.1102
285 1199 0.0992
285 1200 0.0616
285 1201 0.1640
285 1202 0.0750
285 1203 0.0771
285 1204 0.1186
285 1205 0.3013
285 1206 0.6723
285 1208 0.1007
285 1209 0.0675
285 1210 0.3652
285 1211 0.5049
285 1212 0.2259
285 1213 0.0928
285 1214 0.0618
285 1215 0.1726
285 1216 0.1389
285 1217 0.0717
285 1218 0.0571
285 1219 0.0850
285 1220 0.1076
285 1221 0.0977
285 1222 0.1401
285 1223 0.0601
285 1224 0.1389
285 1225 0.1748
285 1226 0.3994
285 1227 0.2158
285 1228 0.0994
285 1229 0.0803
285 1230 0.0686
285 1231 0.0553
285 1233 0.0735
285 1234 0.0943
285 1235 0.1208
285 1236 0.0763
285 1237 0.3018
285 1238 0.0687
285 1240 0.8171
285 1241 0.0756
285 1242 0.1051
285 1244 0.0887
285 1247 0.0884
285 1248 0.0734
285 1250 0.1081
285 1251 0.0947
285 1252 0.1255
285 1253 0.1106
285 1254 0.0903
285 1255 0.0810
285 1256 0.1074
285 1257 0.1106
285 1258 0.2992
285 1259 0.0813
285 1260 0.1694
285 1262 0.1890
285 1263 0.0586
285 1265 0.1330
285 1266 0.1102
285 1267 0.6327
285 1268 0.1084
285 1269 0.1405
285 1270 0.1202
285 1271 0.1431
285 1272 0.1430
285 1273 0.0606
285 1275 0.1301
285 1276 0.0644
285 1279 0.0860
285 1280 0.0870
285 1281 0.0724
285 1282 0.1910
285 1283 0.0561
285 1284 0.0599
285 1286 0.0804
285 1287 0.0529
285 1288 0.0861
285 1289 0.0742
285 1290 0.4483
285 1291 0.1223
285 1292 0.0332
285 1293 0.1775
285 1295 0.0586
285 1297 0.0563
285 1298 0.0410
285 1299 0.0361
285 1300 0.1186
285 1301 0.0662
285 1303 0.0622
285 1304 0.1354
285 1305 0.0610
285 1306 0.1090
285 1307 0.0586
285 1308 0.1123
285 1309 0.1186
285 1310 0.0697
285 1311 0.0680
285 1315 0.1314
285 1316 0.0999
285 1318 0.0667
285 1320 0.0618
285 1322 0.1389
285 1323 0.1428
285 1324 0.1608
285 1326 0.2738
285 1327 0.0868
285 1329 0.1082
285 1330 0.1881
285 1331 0.3905
285 1333 0.0740
285 1334 0.0553
285 1335 0.1233
285 1336 0.0797
285 1337 0.1567
285 1339 0.0833
285 1340 0.0557
285 1341 0.1186
285 1342 0.0880
285 1343 0.1943
285 1344 0.5587
285 1346 0.0561
285 1347 0.1076
285 1348 0.1759
285 1349 0.0739
285 1350 0.1389
285 1351 0.0574
285 1352 0.0758
285 1353 0.0730
285 1354 0.1280
285 1355 0.0730
285 1356 0.3486
285 1357 0.0656
285 1360 0.0599
285 1361 0.0548
285 1362 0.1906
285 1363 0.1421
285 1364 0.0638
285 1367 0.1678
285 1368 0.2854
285 1369 0.3375
285 1370 0.2414
285 1372 0.0685
285 1374 0.0857
285 1375 0.0638
285 1377 0.1082
285 1378 0.1750
285 1379 0.1050
285 1380 0.3193
285 1381 0.4593
285 1382 0.1389
285 1383 0.1106
285 1384 0.0602
285 1386 0.1652
285 1387 0.0957
285 1388 0.0848
285 1389 0.0665
285 1390 0.0851
285 1393 0.0560
285 1394 0.0933
285 1395 0.1110
285 1396 0.0802
285 1397 0.0534
285 1398 0.1573
285 1399 0.1621
285 1401 0.1260
285 1402 0.0810
285 1405 0.0587
285 1406 0.1313
285 1407 0.2748
285 1408 0.0638
285 1409 0.0559
285 1410 0.0553
285 1411 0.1106
285 1412 0.1150
285 1413 0.0637
285 1415 0.0711
285 1416 0.0962
285 1418 0.1719
285 1419 0.1796
285 1421 0.0539
285 1422 0.0608
285 1423 0.0591
285 1424 0.1389
285 1425 0.0515
285 1426 0.8353
285 1427 0.0556
285 1428 0.0971
285 1431 0.0741
285 1434 0.2340
285 1435 0.1086
285 1436 0.0475
285 1437 0.0533
285 1438 0.0559
285 1439 0.0827
285 1440 0.0832
285 1441 0.0573
285 1443 0.0903
285 1446 0.0711
285 1448 0.7051
285 1449 0.6384
285 1451 0.5869
285 1452 0.1389
285 1453 0.1082
285 1454 0.1082
285 1455 0.5137
285 1456 0.6974
285 1457 0.0553
285 1458 0.4494
285 1459 0.2252
285 1460 0.7720
285 1461 0.1687
285 1462 0.3449
285 1463 0.0903
285 1464 0.5919
285 1466 0.7461
285 1472 0.6146
285 1473 0.5088
285 1475 0.0690
285 1477 0.3222
285 1479 0.6187
285 1480 0.1106
285 1481 0.4705
285 1482 0.3912
285 1484 0.1176
285 1485 0.7254
285 1488 0.1102
285 1490 0.3006
285 1491 0.6479
285 1493 0.4388
285 1494 0.2325
285 1495 0.0541
285 1497 0.1721
285 1498 0.1987
285 1499 0.4494
285 1500 0.3779
285 1501 0.1950
285 1503 0.7615
285 1504 0.5879
285 1505 0.1211
285 1506 0.6266
285 1507 0.5866
285 1508 0.2758
285 1510 0.5565
285 1511 0.4246
285 1512 0.6301
285 1513 0.4844
285 1514 0.1389
285 1515 0.4636
285 1516 0.4618
285 1517 0.5383
285 1518 0.7065
285 1519 0.0429
285 1520 0.0779
285 1522 0.0758
285 1523 0.0594
285 1525 0.0795
285 1526 0.0504
285 1527 0.4156
285 1528 0.1082
285 1529 0.6033
285 1530 0.0404
285 1532 0.0870
285 1535 0.2000
285 1536 0.0532
285 1538 0.0738
285 1540 0.0722
285 1541 0.1006
285 1542 0.0797
285 1544 0.0736
285 1545 0.0677
285 1546 0.1186
285 1547 0.0821
285 1548 0.0595
285 1549 0.0721
285 1550 0.1082
285 1551 0.0878
285 1554 0.0523
285 1555 0.1389
285 1557 0.1082
285 1560 0.0522
285 1562 0.0946
285 1567 0.0813
285 1568 0.0978
285 1569 0.1103
285 1570 0.0730
285 1571 0.2206
285 1572 0.0807
285 1573 0.3747
285 1575 0.0860
285 1577 0.1428
285 1578 0.0843
285 1579 0.0591
285 1580 0.1116
285 1581 0.0732
285 1582 0.0939
285 1583 0.0725
285 1584 0.1186
285 1585 0.1405
285 1587 0.6439
285 1588 0.1574
285 1590 0.0786
285 1591 0.0803
285 1592 0.1106
285 1593 0.0775
285 1594 0.0726
285 1595 0.2346
285 1596 0.1389
285 1598 0.1721
285 1599 0.0784
285 1601 0.1389
285 1602 0.0725
285 1603 0.1678
285 1604 0.1106
285 1605 0.1186
285 1606 0.2969
285 1607 0.0865
285 1608 0.4378
285 1609 0.0946
285 1610 0.0730
285 1611 0.0726
285 1612 0.1124
285 1613 0.0710
285 1614 0.0789
285 1615 0.2976
285 1616 0.2686
285 1617 0.1223
285 1618 0.6835
285 1619 0.1070
285 1621 0.2273
285 1622 0.7128
285 1623 0.4596
285 1624 0.0925
285 1626 0.0946
285 1627 0.0725
285 1628 0.1260
285 1629 0.1898
285 1630 0.2005
285 1632 0.1082
285 1633 0.6174
285 1634 0.1106
285 1637 0.1313
285 1639 0.0678
285 1640 0.1434
285 1641 0.1186
285 1642 0.1186
285 1644 0.0911
285 1645 0.0772
285 1646 0.2026
285 1647 0.0613
285 1648 0.1186
285 1649 0.0734
285 1650 0.1045
285 1653 0.3807
285 1654 0.0734
285 1655 0.2207
285 1659 0.2355
285 1660 0.0937
285 1661 0.0525
285 1662 0.1050
285 1663 0.1279
285 1664 0.1095
285 1665 0.0663
285 1666 0.1186
285 1667 0.1349
285 1668 0.0533
285 1669 0.0787
285 1670 0.1186
285 1671 0.1730
285 1672 0.1082
285 1673 0.1389
285 1674 0.1042
285 1675 0.1158
285 1676 0.0867
285 1677 0.1495
285 1678 0.1789
285 1679 0.0612
285 1680 0.1186
285 1681 0.1106
285 1682 0.2422
285 1683 0.1313
285 1684 0.1389
285 1685 0.0901
285 1687 0.0603
285 1688 0.0757
285 1689 0.5820
285 1690 0.4899
285 1691 0.1043
285 1692 0.1668
285 1694 0.1043
285 1695 0.1106
285 1696 0.0778
285 1697 0.0943
285 1698 0.0593
285 1699 0.0449
285 1700 0.0469
285 1701 0.0767
285 1702 0.0734
285 1703 0.1102
285 1704 0.1389
285 1706 0.0514
285 1707 0.0168
285 1708 0.0565
285 1711 0.0444
285 1712 0.1888
285 1713 0.0499
285 1714 0.0689
285 1716 0.0641
285 1717 0.0996
285 1718 0.0772
285 1719 0.1082
285 1720 0.1049
285 1721 0.3535
285 1723 0.0822
285 1725 0.1076
286 287 0.0567
286 288 0.3286
286 289 0.0523
286 290 0.1306
286 291 0.1386
286 292 0.1117
286 293 0.0712
286 294 0.0853
286 295 0.6366
286 296 0.0820
286 297 0.7707
286 298 0.7298
286 299 0.2155
286 300 0.2103
286 301 0.2091
286 302 0.0767
286 304 0.0893
286 305 0.1536
286 306 0.1609
286 307 0.1204
286 308 0.4222
286 309 0.3841
286 311 0.1624
286 313 0.8299
286 314 0.0512
286 315 0.6294
286 316 0.0651
286 317 0.5934
286 318 0.1395
286 319 0.1069
286 320 0.0382
286 321 0.6974
286 323 0.2177
286 324 0.0334
286 325 0.0744
286 326 0.0789
286 327 0.0962
286 328 0.0495
286 329 0.0836
286 330 0.0913
286 331 0.7058
286 332 0.8063
286 333 0.1610
286 334 0.0667
286 335 0.1515
286 336 0.6327
286 337 0.3643
286 338 0.7757
286 339 0.0529
286 340 0.0720
286 341 0.8010
286 342 0.0629
286 343 0.1156
286 344 0.0529
286 346 0.1352
286 347 0.0475
286 348 0.0953
286 349 0.1246
286 350 0.5593
286 351 0.6472
286 352 0.1374
286 353 0.0602
286 354 0.3889
286 355 0.1342
286 356 0.0641
286 357 0.7161
286 358 0.5598
286 359 0.1548
286 360 0.2094
286 361 0.7974
286 362 0.6549
286 363 0.0968
286 364 0.8070
286 366 0.6142
286 367 0.1473
286 368 0.0407
286 369 0.0953
286 370 0.0933
286 371 0.0393
286 372 0.6160
286 373 0.7557
286 374 0.1114
286 375 0.1038
286 376 0.0502
286 377 0.0704
286 378 0.0939
286 379 0.0819
286 380 0.4555
286 381 0.8593
286 382 0.0988
286 383 0.8690
286 384 0.0644
286 385 0.7213
286 386 0.2457
286 387 0.6602
286 388 0.2499
286 389 0.1063
286 390 0.2177
286 391 0.4842
286 392 0.1738
286 393 0.3028
286 394 0.1270
286 395 0.0831
286 396 0.0185
286 397 0.0930
286 398 0.0705
286 399 0.1056
286 400 0.0990
286 402 0.2906
286 403 0.0242
286 404 0.5903
286 405 0.0829
286 406 0.3570
286 407 0.5178
286 408 0.4951
286 409 0.0813
286 410 0.3577
286 411 0.0910
286 412 0.2173
286 413 0.7679
286 414 0.1261
286 415 0.0578
286 416 0.5448
286 418 0.2589
286 419 0.4432
286 420 0.4398
286 421 0.2661
286 422 0.0435
286 423 0.0646
286 424 0.4793
286 425 0.0503
286 427 0.1199
286 428 0.1559
286 430 0.1889
286 431 0.0724
286 433 0.7833
286 434 0.3719
286 435 0.1342
286 436 0.1156
286 438 0.0948
286 439 0.4365
286 440 0.4104
286 441 0.8265
286 442 0.6633
286 443 0.0877
286 445 0.0787
286 447 0.0990
286 448 0.4779
286 449 0.1343
286 450 0.2176
286 451 0.1164
286 452 0.0594
286 453 0.0409
286 454 0.9332
286 455 0.1903
286 456 0.2375
286 457 0.3515
286 458 0.3083
286 459 0.1303
286 460 0.8428
286 461 0.0682
286 462 0.4346
286 463 0.1944
286 464 0.0714
286 465 0.1173
286 466 0.9035
286 467 0.0760
286 468 0.0603
286 469 0.0846
286 470 0.0438
286 471 0.6527
286 472 0.0434
286 475 0.7812
286 476 0.8008
286 478 0.1189
286 479 0.4751
286 480 0.1693
286 481 0.2437
286 482 0.1156
286 484 0.1501
286 485 0.0289
286 486 0.0998
286 487 0.1755
286 488 0.0354
286 489 0.4015
286 490 0.0525
286 491 0.1212
286 492 0.0991
286 493 0.1371
286 494 0.2262
286 495 0.5644
286 496 0.7552
286 497 0.8828
286 498 0.0691
286 499 0.0610
286 500 0.4206
286 501 0.1470
286 503 0.0905
286 504 0.7095
286 505 0.0758
286 506 0.6656
286 507 0.0517
286 508 0.7356
286 509 0.1616
286 510 0.1416
286 511 0.3885
286 512 0.3536
286 513 0.0904
286 514 0.4294
286 515 0.8531
286 516 0.6025
286 517 0.2052
286 518 0.1188
286 519 0.0960
286 520 0.0568
286 521 0.3924
286 522 0.1342
286 523 0.0709
286 524 0.1805
286 526 0.5003
286 527 0.0852
286 528 0.0404
286 529 0.6266
286 530 0.0594
286 531 0.8011
286 532 0.0968
286 533 0.0718
286 534 0.5053
286 535 0.3581
286 536 0.0742
286 537 0.0958
286 538 0.3325
286 539 0.1571
286 540 0.2470
286 541 0.7331
286 542 0.6825
286 543 0.0862
286 544 0.7836
286 545 0.6768
286 546 0.4653
286 547 0.5164
286 548 0.6396
286 549 0.0863
286 551 0.1288
286 552 0.4162
286 553 0.3808
286 554 0.4883
286 555 0.0613
286 556 0.1342
286 557 0.2537
286 558 0.4200
286 559 0.0697
286 560 0.0554
286 561 0.1079
286 562 0.0361
286 563 0.0734
286 564 0.0536
286 565 0.0694
286 566 0.0905
286 567 0.1563
286 568 0.0717
286 569 0.0533
286 570 0.0874
286 571 0.2666
286 572 0.0692
286 573 0.2098
286 574 0.0312
286 575 0.7983
286 576 0.0263
286 577 0.6870
286 578 0.0755
286 579 0.6164
286 581 0.2135
286 582 0.0468
286 583 0.0366
286 584 0.0252
286 585 0.6261
286 586 0.0745
286 587 0.1747
286 589 0.7153
286 590 0.8966
286 591 0.7480
286 592 0.1281
286 593 0.0937
286 594 0.1825
286 595 0.2177
286 598 0.1342
286 599 0.3362
286 600 0.7081
286 601 0.0923
286 602 0.7291
286 604 0.0546
286 605 0.2827
286 606 0.1369
286 607 0.8059
286 608 0.0904
286 609 0.4871
286 610 0.5909
286 611 0.4479
286 612 0.8572
286 613 0.0719
286 614 0.7133
286 615 0.0887
286 617 0.1019
286 618 0.0281
286 619 0.8426
286 621 0.0886
286 622 0.1173
286 623 0.0849
286 624 0.1555
286 625 0.1084
286 626 0.0862
286 627 0.0928
286 628 0.0756
286 629 0.4598
286 630 0.7712
286 631 0.7942
286 632 0.0198
286 633 0.0737
286 634 0.7929
286 635 0.2782
286 636 0.1173
286 637 0.8734
286 638 0.1549
286 639 0.6381
286 640 0.6597
286 641 0.2699
286 642 0.8232
286 643 0.0930
286 645 0.7312
286 646 0.7129
286 647 0.1342
286 648 0.0654
286 649 0.0738
286 650 0.0663
286 651 0.0875
286 652 0.0655
286 653 0.8076
286 654 0.1812
286 655 0.0928
286 656 0.0864
286 657 0.0623
286 658 0.0232
286 659 0.1243
286 660 0.4210
286 661 0.1992
286 662 0.1422
286 663 0.4213
286 664 0.3281
286 665 0.0794
286 666 0.0621
286 667 0.0484
286 668 0.5282
286 669 0.1438
286 671 0.6823
286 672 0.0567
286 673 0.0546
286 674 0.5539
286 675 0.4695
286 676 0.1315
286 677 0.1321
286 678 0.3102
286 679 0.0314
286 680 0.0729
286 681 0.1329
286 682 0.0536
286 683 0.1288
286 684 0.5153
286 685 0.0249
286 686 0.5797
286 687 0.5938
286 688 0.4579
286 689 0.3231
286 690 0.7362
286 691 0.1964
286 692 0.0435
286 693 0.1095
286 694 0.0411
286 695 0.8007
286 696 0.2106
286 697 0.7293
286 698 0.7444
286 699 0.5275
286 700 0.7184
286 701 0.3791
286 702 0.1052
286 703 0.2855
286 704 0.0305
286 705 0.7124
286 706 0.0566
286 707 0.0560
286 708 0.0829
286 709 0.7449
286 710 0.0837
286 711 0.9234
286 712 0.5553
286 713 0.1017
286 714 0.3027
286 715 0.0880
286 716 0.2136
286 717 0.0589
286 718 0.4576
286 720 0.2177
286 721 0.1840
286 722 0.2680
286 723 0.0616
286 724 0.2177
286 725 0.5458
286 726 0.0907
286 727 0.1789
286 728 0.2703
286 729 0.0723
286 730 0.1780
286 731 0.4245
286 732 0.1562
286 733 0.7912
286 734 0.4972
286 735 0.0901
286 736 0.7263
286 737 0.8158
286 738 0.4247
286 740 0.1818
286 741 0.5862
286 742 0.0529
286 743 0.7080
286 744 0.0618
286 745 0.0375
286 746 0.2950
286 747 0.1020
286 748 0.2806
286 750 0.1913
286 751 0.0446
286 752 0.0572
286 753 0.7990
286 754 0.1095
286 755 0.3101
286 756 0.5266
286 757 0.1288
286 758 0.2317
286 759 0.5794
286 760 0.0541
286 761 0.1173
286 762 0.6069
286 763 0.3442
286 764 0.0765
286 765 0.0983
286 766 0.0571
286 767 0.3045
286 768 0.9324
286 769 0.0706
286 770 0.2074
286 771 0.0501
286 772 0.2765
286 773 0.1620
286 774 0.1284
286 775 0.0859
286 776 0.0602
286 777 0.8215
286 778 0.7611
286 780 0.7832
286 781 0.1173
286 782 0.4772
286 783 0.1571
286 784 0.0537
286 785 0.3321
286 786 0.7018
286 787 0.7187
286 788 0.2002
286 789 0.2124
286 791 0.0756
286 792 0.2166
286 793 0.0681
286 794 0.7862
286 796 0.6760
286 797 0.0842
286 798 0.1095
286 799 0.0264
286 800 0.0658
286 801 0.2249
286 802 0.1021
286 803 0.0813
286 804 0.4294
286 805 0.0342
286 806 0.2483
286 807 0.7534
286 808 0.3248
286 809 0.7081
286 810 0.2402
286 811 0.0693
286 812 0.1020
286 813 0.6791
286 814 0.6993
286 815 0.7144
286 816 0.1073
286 817 0.1032
286 818 0.0591
286 819 0.1103
286 820 0.1173
286 821 0.0570
286 822 0.0544
286 823 0.8411
286 824 0.4891
286 825 0.5765
286 827 0.0206
286 828 0.1020
286 829 0.0879
286 830 0.1371
286 831 0.1339
286 832 0.2860
286 833 0.2341
286 834 0.1084
286 835 0.0937
286 836 0.8272
286 837 0.0667
286 838 0.0347
286 839 0.1403
286 840 0.1685
286 841 0.0794
286 842 0.0758
286 843 0.2331
286 845 0.0868
286 846 0.2899
286 847 0.2177
286 848 0.1264
286 849 0.0270
286 850 0.1109
286 851 0.0720
286 852 0.1173
286 854 0.0762
286 855 0.5726
286 856 0.3172
286 858 0.5090
286 859 0.7789
286 860 0.0816
286 861 0.3536
286 862 0.1193
286 864 0.0389
286 865 0.1178
286 866 0.0877
286 867 0.5091
286 868 0.4509
286 869 0.0543
286 870 0.0310
286 871 0.0445
286 872 0.9685
286 874 0.0603
286 875 0.0716
286 876 0.0706
286 877 0.1156
286 878 0.2402
286 880 0.1867
286 881 0.0387
286 882 0.6861
286 883 0.5776
286 884 0.4949
286 886 0.5112
286 887 0.0708
286 888 0.4891
286 889 0.6971
286 890 0.0979
286 891 0.5929
286 893 0.7184
286 894 0.1402
286 895 0.5172
286 896 0.6881
286 897 0.1363
286 898 0.0593
286 899 0.0726
286 900 0.0863
286 901 0.8105
286 903 0.0843
286 905 0.5419
286 906 0.1173
286 907 0.2579
286 908 0.7641
286 909 0.5723
286 910 0.2177
286 911 0.6601
286 912 0.1095
286 913 0.2665
286 914 0.1364
286 915 0.9100
286 916 0.1342
286 917 0.2177
286 918 0.0831
286 919 0.4109
286 920 0.1410
286 921 0.0395
286 922 0.4259
286 924 0.7882
286 928 0.1585
286 929 0.7058
286 930 0.0677
286 932 0.0860
286 933 0.5934
286 934 0.0661
286 935 0.0859
286 936 0.4202
286 937 0.2177
286 938 0.5602
286 939 0.1446
286 940 0.1131
286 941 0.0913
286 942 0.0651
286 943 0.2362
286 944 0.5504
286 946 0.0665
286 947 0.0304
286 948 0.0942
286 949 0.0783
286 950 0.0372
286 951 0.5310
286 952 0.2410
286 953 0.0848
286 954 0.1644
286 955 0.1120
286 956 0.0721
286 957 0.0853
286 958 0.2177
286 959 0.4085
286 960 0.3892
286 961 0.0717
286 962 0.0784
286 964 0.6839
286 965 0.0714
286 966 0.1694
286 967 0.0806
286 968 0.7642
286 969 0.4936
286 971 0.3935
286 972 0.0659
286 973 0.0473
286 974 0.3961
286 976 0.0744
286 977 0.1342
286 978 0.3505
286 979 0.1637
286 980 0.4271
286 981 0.1342
286 982 0.1288
286 983 0.0912
286 984 0.0339
286 985 0.2167
286 986 0.1608
286 987 0.1121
286 989 0.4896
286 990 0.1624
286 991 0.5538
286 992 0.1661
286 993 0.1227
286 994 0.9308
286 995 0.2388
286 996 0.1304
286 1000 0.6759
286 1001 0.0699
286 1002 0.0475
286 1003 0.6403
286 1004 0.0314
286 1006 0.1330
286 1007 0.1220
286 1008 0.1851
286 1013 0.1562
286 1014 0.1237
286 1015 0.4918
286 1016 0.0890
286 1017 0.6006
286 1018 0.0624
286 1019 0.0847
286 1020 0.8433
286 1022 0.7803
286 1023 0.6654
286 1024 0.0839
286 1026 0.5526
286 1027 0.1416
286 1028 0.0720
286 1029 0.0703
286 1030 0.6806
286 1032 0.2375
286 1033 0.2180
286 1034 0.0685
286 1035 0.1960
286 1036 0.0431
286 1037 0.6327
286 1038 0.0868
286 1039 0.2177
286 1040 0.0663
286 1041 0.1011
286 1042 0.1706
286 1043 0.1461
286 1044 0.5678
286 1045 0.4060
286 1046 0.2177
286 1047 0.0883
286 1048 0.1857
286 1049 0.0334
286 1050 0.0901
286 1051 0.0946
286 1052 0.0669
286 1053 0.0588
286 1054 0.1768
286 1055 0.1787
286 1056 0.1508
286 1057 0.6867
286 1058 0.0615
286 1059 0.1209
286 1060 0.0630
286 1061 0.1437
286 1062 0.0941
286 1063 0.4697
286 1064 0.0726
286 1065 0.0368
286 1066 0.7204
286 1067 0.8160
286 1068 0.1506
286 1069 0.2756
286 1070 0.0582
286 1072 0.0687
286 1073 0.1780
286 1075 0.7725
286 1076 0.0958
286 1077 0.1204
286 1078 0.1158
286 1079 0.1077
286 1080 0.4250
286 1081 0.0648
286 1082 0.7351
286 1083 0.5784
286 1084 0.0634
286 1085 0.1156
286 1087 0.1342
286 1089 0.6599
286 1090 0.0440
286 1093 0.6011
286 1094 0.1454
286 1095 0.0928
286 1097 0.1156
286 1099 0.7298
286 1102 0.1047
286 1103 0.5177
286 1104 0.6374
286 1105 0.3982
286 1106 0.0579
286 1107 0.1230
286 1108 0.1342
286 1109 0.1173
286 1110 0.1173
286 1111 0.0661
286 1113 0.0842
286 1115 0.0822
286 1116 0.1480
286 1117 0.2052
286 1118 0.0903
286 1119 0.0987
286 1123 0.5922
286 1124 0.6688
286 1125 0.0363
286 1126 0.6861
286 1127 0.0900
286 1128 0.1859
286 1129 0.0614
286 1130 0.2840
286 1131 0.0738
286 1132 0.0930
286 1133 0.0968
286 1134 0.4897
286 1135 0.5948
286 1136 0.2177
286 1138 0.0368
286 1139 0.1152
286 1141 0.0539
286 1142 0.6621
286 1143 0.7709
286 1145 0.5276
286 1146 0.0957
286 1147 0.0734
286 1148 0.0786
286 1149 0.1356
286 1150 0.1760
286 1151 0.1780
286 1152 0.6963
286 1153 0.0317
286 1154 0.0942
286 1155 0.1370
286 1156 0.1173
286 1157 0.1342
286 1158 0.8119
286 1159 0.5951
286 1160 0.0671
286 1161 0.0396
286 1162 0.6034
286 1163 0.1058
286 1165 0.1537
286 1166 0.6554
286 1167 0.0928
286 1169 0.0997
286 1172 0.5764
286 1174 0.1841
286 1176 0.4004
286 1177 0.5972
286 1178 0.1342
286 1180 0.0547
286 1181 0.6181
286 1182 0.5721
286 1183 0.2177
286 1184 0.2177
286 1185 0.0525
286 1186 0.1139
286 1187 0.1674
286 1188 0.1173
286 1189 0.4834
286 1191 0.0598
286 1192 0.0853
286 1193 0.0559
286 1194 0.0312
286 1195 0.4408
286 1196 0.1371
286 1197 0.1095
286 1198 0.1288
286 1199 0.1017
286 1200 0.6487
286 1201 0.2403
286 1202 0.7083
286 1203 0.3225
286 1204 0.3808
286 1205 0.1812
286 1206 0.8337
286 1208 0.7123
286 1209 0.1913
286 1210 0.8692
286 1211 0.8495
286 1212 0.7238
286 1213 0.7125
286 1214 0.2705
286 1215 0.5271
286 1216 0.2177
286 1217 0.8100
286 1218 0.4877
286 1219 0.7003
286 1220 0.1095
286 1221 0.6479
286 1222 0.6597
286 1223 0.5688
286 1224 0.2177
286 1225 0.9544
286 1226 0.6891
286 1227 0.6659
286 1228 0.1025
286 1229 0.4246
286 1230 0.6429
286 1231 0.6089
286 1233 0.5497
286 1234 0.4206
286 1235 0.6239
286 1236 0.7512
286 1237 0.7681
286 1238 0.0931
286 1240 0.6177
286 1241 0.7206
286 1242 0.8165
286 1244 0.5337
286 1247 0.7582
286 1248 0.4351
286 1250 0.6711
286 1251 0.5772
286 1252 0.6938
286 1253 0.1156
286 1254 0.1047
286 1255 0.1527
286 1256 0.1480
286 1257 0.1156
286 1258 0.5527
286 1259 0.0906
286 1260 0.0690
286 1262 0.1848
286 1263 0.0582
286 1265 0.0843
286 1266 0.1288
286 1267 0.2316
286 1268 0.1871
286 1269 0.1951
286 1270 0.1492
286 1271 0.1278
286 1272 0.1214
286 1273 0.3885
286 1275 0.1115
286 1276 0.0486
286 1279 0.1046
286 1280 0.2712
286 1281 0.4789
286 1282 0.0993
286 1283 0.0479
286 1284 0.0536
286 1286 0.0773
286 1287 0.0631
286 1288 0.1702
286 1289 0.0863
286 1290 0.0733
286 1291 0.6415
286 1292 0.1584
286 1293 0.0615
286 1295 0.0764
286 1297 0.0745
286 1298 0.0470
286 1299 0.0606
286 1300 0.1173
286 1301 0.0536
286 1303 0.0718
286 1304 0.1098
286 1305 0.0580
286 1306 0.1076
286 1307 0.0764
286 1308 0.1247
286 1309 0.1173
286 1310 0.0937
286 1311 0.0564
286 1315 0.1571
286 1316 0.0643
286 1318 0.3068
286 1320 0.0845
286 1322 0.2177
286 1323 0.4966
286 1324 0.2453
286 1326 0.4870
286 1327 0.5665
286 1329 0.1342
286 1330 0.6102
286 1331 0.3689
286 1333 0.4487
286 1334 0.6089
286 1335 0.1188
286 1336 0.0965
286 1337 0.1047
286 1339 0.5922
286 1340 0.7313
286 1341 0.1173
286 1342 0.8430
286 1343 0.5875
286 1344 0.7871
286 1346 0.3791
286 1347 0.6701
286 1348 0.6465
286 1349 0.2290
286 1350 0.2177
286 1351 0.6474
286 1352 0.3426
286 1353 0.1867
286 1354 0.1351
286 1355 0.1867
286 1356 0.2768
286 1357 0.3445
286 1360 0.5334
286 1361 0.6068
286 1362 0.5436
286 1363 0.5709
286 1364 0.0885
286 1367 0.8297
286 1368 0.1809
286 1369 0.6753
286 1370 0.8407
286 1372 0.4636
286 1374 0.4192
286 1375 0.0885
286 1377 0.1342
286 1378 0.6252
286 1379 0.8280
286 1380 0.5959
286 1381 0.2332
286 1382 0.2177
286 1383 0.5060
286 1384 0.6634
286 1386 0.1908
286 1387 0.0903
286 1388 0.0788
286 1389 0.0718
286 1390 0.1570
286 1393 0.1536
286 1394 0.1198
286 1395 0.1076
286 1396 0.2610
286 1397 0.0325
286 1398 0.1414
286 1399 0.0545
286 1401 0.1321
286 1402 0.0886
286 1405 0.0787
286 1406 0.1473
286 1407 0.3276
286 1408 0.0885
286 1409 0.0744
286 1410 0.1160
286 1411 0.1156
286 1412 0.0908
286 1413 0.0694
286 1415 0.0839
286 1416 0.0958
286 1418 0.0955
286 1419 0.2300
286 1421 0.0603
286 1422 0.0831
286 1423 0.0416
286 1424 0.2177
286 1425 0.0240
286 1426 0.2858
286 1427 0.0382
286 1428 0.0850
286 1431 0.0597
286 1434 0.3027
286 1435 0.0570
286 1436 0.0624
286 1437 0.1033
286 1438 0.0412
286 1439 0.1271
286 1440 0.0695
286 1441 0.0803
286 1443 0.1047
286 1446 0.1143
286 1448 0.1338
286 1449 0.1295
286 1451 0.3850
286 1452 0.2177
286 1453 0.1342
286 1454 0.4029
286 1455 0.5694
286 1456 0.2431
286 1457 0.0735
286 1458 0.2782
286 1459 0.1780
286 1460 0.2151
286 1461 0.1342
286 1462 0.5791
286 1463 0.1047
286 1464 0.2030
286 1466 0.2179
286 1472 0.1761
286 1473 0.3395
286 1475 0.6759
286 1477 0.6393
286 1479 0.2699
286 1480 0.1156
286 1481 0.1047
286 1482 0.1020
286 1484 0.1161
286 1485 0.2919
286 1488 0.1288
286 1490 0.0850
286 1491 0.1741
286 1493 0.2876
286 1494 0.6943
286 1495 0.0742
286 1497 0.3627
286 1498 0.1020
286 1499 0.2782
286 1500 0.0868
286 1501 0.1863
286 1503 0.2201
286 1504 0.3705
286 1505 0.1692
286 1506 0.1047
286 1507 0.2304
286 1508 0.1571
286 1510 0.2575
286 1511 0.3010
286 1512 0.1194
286 1513 0.2883
286 1514 0.2177
286 1515 0.1466
286 1516 0.1684
286 1517 0.2088
286 1518 0.4260
286 1519 0.0399
286 1520 0.0538
286 1522 0.0736
286 1523 0.0760
286 1525 0.3885
286 1526 0.0518
286 1527 0.7867
286 1528 0.1342
286 1529 0.6299
286 1530 0.0449
286 1532 0.1822
286 1535 0.0869
286 1536 0.0457
286 1538 0.0624
286 1540 0.1162
286 1541 0.1110
286 1542 0.4710
286 1544 0.0966
286 1545 0.0842
286 1546 0.1173
286 1547 0.0878
286 1548 0.0577
286 1549 0.0552
286 1550 0.1342
286 1551 0.0716
286 1554 0.0692
286 1555 0.2177
286 1557 0.1342
286 1560 0.0753
286 1562 0.0987
286 1567 0.0719
286 1568 0.4542
286 1569 0.7117
286 1570 0.1116
286 1571 0.5400
286 1572 0.3339
286 1573 0.5626
286 1575 0.4884
286 1577 0.4410
286 1578 0.5375
286 1579 0.6217
286 1580 0.5953
286 1581 0.5680
286 1582 0.7747
286 1583 0.3337
286 1584 0.4475
286 1585 0.5240
286 1587 0.1474
286 1588 0.8029
286 1590 0.4459
286 1591 0.4905
286 1592 0.5586
286 1593 0.6953
286 1594 0.1007
286 1595 0.6592
286 1596 0.2177
286 1598 0.1173
286 1599 0.6943
286 1601 0.2177
286 1602 0.6262
286 1603 0.5325
286 1604 0.4713
286 1605 0.1173
286 1606 0.6977
286 1607 0.4685
286 1608 0.7437
286 1609 0.0987
286 1610 0.1116
286 1611 0.7478
286 1612 0.7711
286 1613 0.8336
286 1614 0.5410
286 1615 0.5888
286 1616 0.5489
286 1617 0.6415
286 1618 0.8006
286 1619 0.7385
286 1621 0.7736
286 1622 0.9306
286 1623 0.5321
286 1624 0.6291
286 1626 0.4675
286 1627 0.5627
286 1628 0.7164
286 1629 0.7556
286 1630 0.8249
286 1632 0.1342
286 1633 0.1221
286 1634 0.4329
286 1637 0.5945
286 1639 0.6851
286 1640 0.7390
286 1641 0.1173
286 1642 0.5863
286 1644 0.0972
286 1645 0.0666
286 1646 0.0619
286 1647 0.1482
286 1648 0.1768
286 1649 0.0940
286 1650 0.1070
286 1653 0.2183
286 1654 0.0940
286 1655 0.2493
286 1659 0.1173
286 1660 0.0980
286 1661 0.0853
286 1662 0.0998
286 1663 0.1313
286 1664 0.1110
286 1665 0.0896
286 1666 0.1173
286 1667 0.1530
286 1668 0.0698
286 1669 0.0697
286 1670 0.1173
286 1671 0.0993
286 1672 0.1342
286 1673 0.2177
286 1674 0.3543
286 1675 0.1225
286 1676 0.0669
286 1677 0.0582
286 1678 0.3265
286 1679 0.0577
286 1680 0.1173
286 1681 0.1156
286 1682 0.0862
286 1683 0.1092
286 1684 0.2177
286 1685 0.1074
286 1687 0.1819
286 1688 0.0713
286 1689 0.3030
286 1690 0.1047
286 1691 0.0723
286 1692 0.2086
286 1694 0.1140
286 1695 0.1156
286 1696 0.1190
286 1697 0.1020
286 1698 0.1092
286 1699 0.0763
286 1700 0.1381
286 1701 0.0766
286 1702 0.0753
286 1703 0.1288
286 1704 0.2177
286 1706 0.0319
286 1707 0.0202
286 1708 0.0740
286 1711 0.0416
286 1712 0.2984
286 1713 0.0443
286 1714 0.0707
286 1716 0.0862
286 1717 0.0958
286 1718 0.0970
286 1719 0.1342
286 1720 0.3234
286 1721 0.3399
286 1723 0.1642
286 1725 0.1095
287 288 0.6534
287 289 0.0379
287 290 0.9688
287 291 0.0535
287 292 0.1233
287 293 0.0526
287 294 0.0234
287 295 0.0452
287 296 0.0366
287 297 0.0505
287 298 0.8559
287 299 0.7105
287 300 0.0236
287 301 0.1469
287 302 0.0484
287 304 0.0513
287 305 0.0669
287 306 0.1919
287 307 0.6096
287 308 0.9166
287 309 0.8896
287 311 0.0393
287 313 0.0756
287 314 0.0501
287 315 0.0887
287 316 0.0317
287 317 0.0720
287 318 0.7225
287 319 0.0709
287 320 0.0460
287 321 0.7229
287 323 0.1484
287 324 0.0295
287 325 0.0146
287 326 0.6037
287 327 0.0500
287 328 0.0317
287 329 0.7575
287 330 0.1258
287 331 0.0309
287 332 0.0343
287 333 0.9124
287 334 0.0610
287 335 0.7753
287 336 0.5583
287 337 0.4038
287 338 0.0997
287 339 0.0410
287 340 0.0807
287 341 0.0473
287 342 0.0554
287 343 0.0984
287 344 0.0352
287 346 0.7588
287 347 0.0499
287 348 0.0738
287 349 0.5506
287 350 0.0553
287 351 0.0895
287 352 0.6491
287 353 0.0572
287 354 0.9014
287 355 0.2051
287 356 0.0413
287 357 0.0511
287 358 0.2574
287 359 0.0480
287 360 0.7039
287 361 0.0263
287 362 0.0759
287 363 0.0943
287 364 0.2227
287 366 0.1275
287 367 0.7919
287 368 0.0398
287 369 0.0828
287 370 0.7681
287 371 0.0112
287 372 0.0391
287 373 0.0517
287 374 0.0516
287 375 0.0715
287 376 0.0562
287 377 0.0591
287 378 0.0542
287 379 0.1122
287 380 0.5751
287 381 0.0502
287 382 0.0574
287 383 0.6060
287 384 0.0347
287 385 0.7449
287 386 0.1684
287 387 0.0844
287 388 0.0959
287 389 0.8602
287 390 0.1484
287 391 0.1134
287 392 0.1620
287 393 0.8587
287 394 0.8608
287 395 0.0443
287 396 0.0444
287 397 0.0529
287 398 0.0711
287 399 0.0407
287 400 0.0425
287 402 0.1464
287 403 0.0382
287 404 0.0538
287 405 0.0482
287 406 0.2141
287 407 0.1534
287 408 0.0193
287 409 0.0186
287 410 0.3751
287 411 0.4533
287 412 0.2878
287 413 0.0291
287 414 0.9082
287 415 0.0273
287 416 0.1671
287 418 0.1062
287 419 0.2072
287 420 0.6711
287 421 0.8090
287 422 0.0354
287 423 0.0454
287 424 0.8394
287 425 0.0403
287 427 0.1652
287 428 0.8937
287 430 0.0969
287 431 0.0630
287 433 0.0604
287 434 0.9826
287 435 0.0819
287 436 0.0671
287 438 0.0464
287 439 0.8302
287 440 0.6415
287 441 0.0489
287 442 0.1334
287 443 0.0691
287 445 0.0379
287 447 0.9465
287 448 0.0470
287 449 0.0642
287 450 0.9485
287 451 0.8892
287 452 0.0538
287 453 0.0370
287 454 0.2790
287 455 0.1189
287 456 0.1248
287 457 0.1460
287 458 0.9152
287 459 0.0618
287 460 0.1108
287 461 0.0798
287 462 0.0558
287 463 0.0577
287 464 0.0570
287 465 0.1835
287 466 0.2965
287 467 0.0665
287 468 0.0483
287 469 0.0504
287 470 0.0281
287 471 0.0746
287 472 0.0309
287 475 0.0874
287 476 0.5395
287 478 0.0462
287 479 0.1190
287 480 0.8939
287 481 0.8859
287 482 0.2570
287 484 0.2119
287 485 0.0357
287 486 0.5566
287 487 0.0099
287 488 0.0252
287 489 0.9021
287 490 0.0359
287 491 0.0439
287 492 0.0346
287 493 0.6104
287 494 0.9032
287 495 0.9562
287 496 0.1151
287 497 0.5210
287 498 0.0848
287 499 0.0540
287 500 0.0600
287 501 0.0974
287 503 0.6591
287 504 0.8375
287 505 0.0485
287 506 0.1523
287 507 0.0289
287 508 0.0361
287 509 0.5871
287 510 0.1539
287 511 0.2289
287 512 0.3513
287 513 0.0160
287 514 0.3173
287 515 0.1080
287 516 0.0716
287 517 0.8735
287 518 0.0631
287 519 0.1831
287 520 0.0411
287 521 0.8778
287 522 0.1770
287 523 0.0414
287 524 0.7792
287 526 0.1197
287 527 0.0695
287 528 0.0182
287 529 0.0264
287 530 0.0537
287 531 0.0305
287 532 0.8648
287 533 0.7696
287 534 0.4265
287 535 0.5456
287 536 0.1025
287 537 0.5490
287 538 0.1179
287 539 0.3658
287 540 0.9068
287 541 0.0781
287 542 0.8488
287 543 0.1088
287 544 0.0247
287 545 0.1043
287 546 0.1397
287 547 0.0787
287 548 0.0391
287 549 0.0313
287 551 0.0803
287 552 0.1349
287 553 0.0678
287 554 0.1343
287 555 0.0713
287 556 0.0819
287 557 0.1838
287 558 0.6017
287 559 0.0445
287 560 0.0383
287 561 0.0900
287 562 0.0506
287 563 0.0538
287 564 0.0500
287 565 0.7729
287 566 0.6591
287 567 0.1350
287 568 0.3542
287 569 0.0446
287 570 0.0493
287 571 0.3689
287 572 0.0409
287 573 0.8794
287 574 0.0268
287 575 0.1370
287 576 0.0238
287 577 0.0319
287 578 0.0405
287 579 0.1774
287 581 0.0442
287 582 0.0330
287 583 0.0456
287 584 0.0386
287 585 0.6637
287 586 0.0455
287 587 0.8057
287 589 0.1493
287 590 0.2871
287 591 0.0588
287 592 0.8025
287 593 0.1154
287 594 0.7862
287 595 0.1484
287 598 0.0819
287 599 0.0165
287 600 0.0356
287 601 0.0654
287 602 0.0559
287 604 0.0734
287 605 0.6329
287 606 0.1636
287 607 0.0436
287 608 0.0160
287 609 0.1397
287 610 0.3236
287 611 0.1769
287 612 0.1385
287 613 0.0793
287 614 0.7896
287 615 0.0346
287 617 0.0552
287 618 0.0612
287 619 0.1307
287 621 0.0662
287 622 0.1507
287 623 0.5995
287 624 0.6674
287 625 0.0980
287 626 0.0596
287 627 0.0557
287 628 0.1480
287 629 0.2890
287 630 0.7035
287 631 0.0760
287 632 0.0236
287 633 0.0586
287 634 0.0999
287 635 0.4166
287 636 0.5096
287 637 0.1362
287 638 0.0691
287 639 0.2602
287 640 0.1232
287 641 0.0715
287 642 0.0623
287 643 0.1044
287 645 0.0487
287 646 0.0309
287 647 0.6239
287 648 0.0483
287 649 0.0562
287 650 0.0865
287 651 0.0372
287 652 0.0514
287 653 0.0530
287 654 0.1066
287 655 0.7182
287 656 0.0542
287 657 0.0543
287 658 0.2402
287 659 0.6283
287 660 0.0678
287 661 0.9086
287 662 0.4773
287 663 0.9219
287 664 0.7353
287 665 0.0827
287 666 0.0472
287 667 0.0519
287 668 0.0503
287 669 0.6571
287 671 0.0627
287 672 0.0467
287 673 0.0334
287 674 0.7280
287 675 0.6103
287 676 0.0858
287 677 0.4098
287 678 0.7191
287 679 0.0153
287 680 0.0585
287 681 0.6820
287 682 0.0260
287 683 0.0803
287 684 0.8041
287 685 0.0485
287 686 0.7085
287 687 0.3212
287 688 0.1048
287 689 0.9590
287 690 0.0298
287 691 0.0719
287 692 0.0280
287 693 0.6885
287 694 0.0335
287 695 0.5457
287 696 0.8284
287 697 0.7101
287 698 0.0522
287 699 0.5955
287 700 0.0426
287 701 0.0999
287 702 0.0273
287 703 0.0407
287 704 0.0228
287 705 0.0247
287 706 0.0505
287 707 0.0380
287 708 0.0482
287 709 0.1227
287 710 0.0838
287 711 0.2031
287 712 0.1609
287 713 0.7374
287 714 0.7491
287 715 0.0506
287 716 0.6062
287 717 0.0688
287 718 0.0656
287 720 0.1484
287 721 0.1913
287 722 0.0783
287 723 0.0482
287 724 0.1484
287 725 0.2070
287 726 0.0640
287 727 0.7112
287 728 0.0697
287 729 0.0364
287 730 0.3696
287 731 0.8017
287 732 0.1923
287 733 0.1326
287 734 0.1599
287 735 0.4125
287 736 0.1976
287 737 0.3580
287 738 0.0525
287 740 0.1133
287 741 0.9322
287 742 0.0381
287 743 0.2241
287 744 0.0669
287 745 0.0274
287 746 0.1328
287 747 0.3537
287 748 0.9838
287 750 0.1149
287 751 0.0323
287 752 0.0624
287 753 0.1680
287 754 0.0631
287 755 0.0446
287 756 0.0600
287 757 0.0803
287 758 0.8234
287 759 0.0787
287 760 0.0290
287 761 0.0678
287 762 0.0903
287 763 0.9477
287 764 0.1328
287 765 0.3454
287 766 0.0666
287 767 0.9168
287 768 0.0433
287 769 0.7640
287 770 0.2752
287 771 0.0328
287 772 0.0819
287 773 0.0876
287 774 0.7169
287 775 0.0105
287 776 0.0252
287 777 0.0491
287 778 0.2952
287 780 0.5173
287 781 0.3384
287 782 0.8280
287 783 0.0838
287 784 0.0409
287 785 0.9170
287 786 0.0495
287 787 0.1382
287 788 0.0628
287 789 0.0584
287 791 0.0446
287 792 0.7671
287 793 0.0485
287 794 0.0374
287 796 0.1540
287 797 0.0965
287 798 0.0719
287 799 0.0283
287 800 0.7588
287 801 0.0987
287 802 0.1480
287 803 0.0645
287 804 0.9768
287 805 0.0186
287 806 0.8967
287 807 0.1048
287 808 0.9079
287 809 0.0772
287 810 0.0238
287 811 0.0856
287 812 0.4236
287 813 0.1033
287 814 0.0608
287 815 0.0941
287 816 0.0580
287 817 0.0662
287 818 0.0447
287 819 0.0710
287 820 0.6153
287 821 0.0534
287 822 0.0468
287 823 0.1183
287 824 0.3146
287 825 0.5582
287 827 0.0293
287 828 0.0599
287 829 0.0688
287 830 0.6104
287 831 0.1170
287 832 0.1844
287 833 0.7627
287 834 0.2465
287 835 0.0689
287 836 0.1481
287 837 0.6629
287 838 0.0287
287 839 0.2015
287 840 0.1633
287 841 0.0680
287 842 0.0418
287 843 0.8550
287 845 0.0770
287 846 0.0638
287 847 0.1484
287 848 0.1209
287 849 0.1037
287 850 0.0993
287 851 0.1778
287 852 0.4166
287 854 0.0501
287 855 0.1487
287 856 0.9013
287 858 0.2876
287 859 0.4303
287 860 0.0601
287 861 0.0968
287 862 0.0478
287 864 0.0235
287 865 0.1613
287 866 0.0605
287 867 0.0419
287 868 0.6129
287 869 0.0326
287 870 0.0541
287 871 0.0337
287 872 0.7406
287 874 0.0330
287 875 0.0297
287 876 0.4802
287 877 0.4584
287 878 0.8653
287 880 0.9277
287 881 0.0314
287 882 0.0731
287 883 0.0379
287 884 0.0766
287 886 0.1399
287 887 0.0486
287 888 0.1298
287 889 0.0979
287 890 0.0631
287 891 0.9696
287 893 0.3155
287 894 0.1859
287 895 0.1069
287 896 0.1475
287 897 0.0793
287 898 0.0474
287 899 0.0541
287 900 0.0571
287 901 0.0862
287 903 0.0534
287 905 0.0488
287 906 0.3347
287 907 0.6257
287 908 0.0526
287 909 0.2131
287 910 0.1484
287 911 0.1662
287 912 0.0631
287 913 0.1134
287 914 0.8526
287 915 0.1434
287 916 0.1189
287 917 0.1484
287 918 0.0485
287 919 0.1755
287 920 0.1974
287 921 0.0261
287 922 0.1782
287 924 0.0385
287 928 0.8727
287 929 0.1231
287 930 0.0554
287 932 0.0639
287 933 0.0768
287 934 0.0176
287 935 0.1343
287 936 0.8967
287 937 0.1484
287 938 0.8622
287 939 0.7356
287 940 0.0709
287 941 0.0516
287 942 0.0488
287 943 0.6771
287 944 0.1185
287 946 0.0459
287 947 0.0537
287 948 0.0736
287 949 0.0431
287 950 0.0367
287 951 0.0273
287 952 0.1001
287 953 0.0881
287 954 0.7314
287 955 0.1699
287 956 0.0367
287 957 0.0527
287 958 0.1484
287 959 0.7018
287 960 0.1583
287 961 0.6163
287 962 0.0629
287 964 0.2063
287 965 0.0433
287 966 0.8058
287 967 0.0460
287 968 0.0913
287 969 0.0922
287 971 0.1622
287 972 0.0484
287 973 0.0677
287 974 0.1027
287 976 0.0524
287 977 0.0819
287 978 0.6493
287 979 0.5832
287 980 0.0519
287 981 0.0819
287 982 0.0803
287 983 0.0506
287 984 0.0406
287 985 0.8708
287 986 0.0951
287 987 0.0727
287 989 0.0390
287 990 0.0487
287 991 0.7709
287 992 0.7187
287 993 0.0792
287 994 0.1793
287 995 0.1149
287 996 0.0715
287 1000 0.1892
287 1001 0.0572
287 1002 0.0415
287 1003 0.9524
287 1004 0.0401
287 1006 0.0798
287 1007 0.0807
287 1008 0.8390
287 1013 0.1137
287 1014 0.0512
287 1015 0.8709
287 1016 0.0588
287 1017 0.0446
287 1018 0.0274
287 1019 0.0477
287 1020 0.7051
287 1022 0.0612
287 1023 0.0947
287 1024 0.0620
287 1026 0.0533
287 1027 0.1173
287 1028 0.2818
287 1029 0.0295
287 1030 0.0827
287 1032 0.2420
287 1033 0.0764
287 1034 0.0393
287 1035 0.8825
287 1036 0.0485
287 1037 0.1276
287 1038 0.0946
287 1039 0.1484
287 1040 0.0627
287 1041 0.0563
287 1042 0.1404
287 1043 0.8036
287 1044 0.2413
287 1045 0.0819
287 1046 0.1484
287 1047 0.0501
287 1048 0.0875
287 1049 0.0295
287 1050 0.0130
287 1051 0.0265
287 1052 0.0426
287 1053 0.0679
287 1054 0.0678
287 1055 0.7848
