208 566 0.3588
208 567 0.3588
208 568 0.9887
208 569 0.6165
208 570 0.3588
208 571 0.6920
208 572 0.7010
208 573 0.4204
208 574 0.6356
208 575 0.6920
208 576 0.6837
208 577 0.5784
208 578 0.2877
208 579 0.7157
208 581 0.3347
208 582 0.4293
208 583 0.5178
208 584 0.6766
208 585 0.6893
208 586 0.3347
208 587 0.7690
208 589 0.6549
208 590 0.9459
208 591 0.4771
208 592 0.5784
208 593 0.3588
208 594 0.3588
208 595 0.2300
208 598 0.3588
208 599 0.6549
208 600 0.6610
208 601 0.3347
208 602 0.6920
208 604 0.3347
208 605 0.3588
208 606 0.5784
208 607 0.5784
208 608 0.4085
208 609 0.5784
208 610 0.6920
208 611 0.3588
208 612 0.5784
208 613 0.7731
208 614 0.8497
208 615 0.3588
208 617 0.3588
208 618 0.5518
208 619 0.8309
208 621 0.6135
208 622 0.3588
208 623 0.5784
208 624 0.3347
208 625 0.6549
208 626 0.8068
208 627 0.5784
208 628 0.6958
208 629 0.3347
208 630 0.3588
208 631 0.6960
208 632 0.7606
208 633 0.8970
208 634 0.6549
208 635 0.5784
208 636 0.3588
208 637 0.8490
208 638 0.5784
208 639 0.9924
208 640 0.3588
208 641 0.5466
208 642 0.5742
208 643 0.4771
208 645 0.5784
208 646 0.5784
208 647 0.3588
208 648 0.5518
208 649 0.3588
208 650 0.7394
208 651 0.6533
208 652 0.3347
208 653 0.7690
208 654 0.3347
208 655 0.5784
208 656 0.5742
208 657 0.3347
208 658 0.6549
208 659 0.5742
208 660 0.3588
208 661 0.5178
208 662 0.5784
208 663 0.6087
208 664 0.7984
208 665 0.3588
208 666 0.4771
208 667 0.5178
208 668 0.3588
208 669 0.3347
208 671 0.7132
208 672 0.3347
208 673 0.4424
208 674 0.3347
208 675 0.5742
208 676 0.5048
208 677 0.3347
208 678 0.5784
208 679 0.5808
208 680 0.5742
208 681 0.3588
208 682 0.3347
208 683 0.3588
208 684 0.6893
208 685 0.6750
208 686 0.5742
208 687 0.7968
208 688 0.3347
208 689 0.9225
208 690 0.3347
208 691 0.6610
208 692 0.6224
208 693 0.3588
208 694 0.3347
208 695 0.6920
208 696 0.2877
208 697 0.5742
208 698 0.7899
208 699 0.5784
208 700 0.4771
208 701 0.3588
208 702 0.6548
208 703 0.4025
208 704 0.5249
208 705 0.5784
208 706 0.8799
208 707 0.3347
208 708 0.3588
208 709 0.3347
208 710 0.6549
208 711 0.9311
208 712 0.5178
208 713 0.2877
208 714 0.5742
208 715 0.3588
208 716 0.3347
208 717 0.5784
208 718 0.5742
208 720 0.2300
208 721 0.5784
208 722 0.8546
208 723 0.2877
208 724 0.2300
208 725 0.3347
208 726 0.7828
208 727 0.5784
208 728 0.6952
208 729 0.3675
208 730 0.3588
208 731 0.5742
208 732 0.8516
208 733 0.6610
208 734 0.3588
208 735 0.6893
208 736 0.9187
208 737 0.9264
208 738 0.3588
208 740 0.7341
208 741 0.7394
208 742 0.4431
208 743 0.5784
208 744 0.8319
208 745 0.5290
208 746 0.3347
208 747 0.3347
208 748 0.9409
208 750 0.8422
208 751 0.5742
208 752 0.9883
208 753 0.5742
208 754 0.3588
208 755 0.7463
208 756 0.3588
208 757 0.3588
208 758 0.6893
208 759 0.5784
208 760 0.3347
208 761 0.3588
208 762 0.5784
208 763 0.8244
208 764 0.5784
208 765 0.3347
208 766 0.3347
208 767 0.6189
208 768 0.9889
208 769 0.6087
208 770 0.6920
208 771 0.6694
208 772 0.3588
208 773 0.3347
208 774 0.3588
208 775 0.5387
208 776 0.5189
208 777 0.5178
208 778 0.5784
208 780 0.7968
208 781 0.3588
208 782 0.5784
208 783 0.3347
208 784 0.5699
208 785 0.5178
208 786 0.7864
208 787 0.5742
208 788 0.3347
208 789 0.6893
208 791 0.3347
208 792 0.5784
208 793 0.7202
208 794 0.7426
208 796 0.5784
208 797 0.3347
208 798 0.3347
208 799 0.6644
208 800 0.3347
208 801 0.7690
208 802 0.3588
208 803 0.7968
208 804 0.8572
208 805 0.6353
208 806 0.7157
208 807 0.5742
208 808 0.8100
208 809 0.7033
208 810 0.6920
208 811 0.9741
208 812 0.3588
208 813 0.3347
208 814 0.5784
208 815 0.3675
208 816 0.5784
208 817 0.5784
208 818 0.3347
208 819 0.3347
208 820 0.3588
208 821 0.4771
208 822 0.3588
208 823 0.8799
208 824 0.3347
208 825 0.8572
208 827 0.5533
208 828 0.3347
208 829 0.5784
208 830 0.3588
208 831 0.7832
208 832 0.8074
208 833 0.3347
208 834 0.5784
208 835 0.3347
208 836 0.7680
208 837 0.3347
208 838 0.6330
208 839 0.3588
208 840 0.3588
208 841 0.5784
208 842 0.3347
208 843 0.5784
208 845 0.3347
208 846 0.7110
208 847 0.2300
208 848 0.5742
208 849 0.6092
208 850 0.3588
208 851 0.9956
208 852 0.3588
208 854 0.3588
208 855 0.5784
208 856 0.5742
208 858 0.7244
208 859 0.3347
208 860 0.5742
208 861 0.5784
208 862 0.3347
208 864 0.6818
208 865 0.3347
208 866 0.3347
208 867 0.4771
208 868 0.5742
208 869 0.7129
208 870 0.5789
208 871 0.6647
208 872 0.9992
208 874 0.3588
208 875 0.4771
208 876 0.3347
208 877 0.3588
208 878 0.5742
208 880 0.8490
208 881 0.4771
208 882 0.3588
208 883 0.6092
208 884 0.3347
208 886 0.3347
208 887 0.8237
208 888 0.3347
208 889 0.6893
208 890 0.5784
208 891 0.9376
208 893 0.7690
208 894 0.5784
208 895 0.6227
208 896 0.5784
208 897 0.3347
208 898 0.7441
208 899 0.3588
208 900 0.2877
208 901 0.7968
208 903 0.9134
208 905 0.5784
208 906 0.3588
208 907 0.3347
208 908 0.6610
208 909 0.8647
208 910 0.2300
208 911 0.3347
208 912 0.3588
208 913 0.5742
208 914 0.6549
208 915 0.8641
208 916 0.3588
208 917 0.2300
208 918 0.3588
208 919 0.5742
208 920 0.5784
208 921 0.6067
208 922 0.6024
208 924 0.6024
208 928 0.4771
208 929 0.5784
208 930 0.7428
208 932 0.3588
208 933 0.5784
208 934 0.3347
208 935 0.8044
208 936 0.6610
208 937 0.2300
208 938 0.6920
208 939 0.3588
208 940 0.5784
208 941 0.3347
208 942 0.6438
208 943 0.5784
208 944 0.5784
208 946 0.5784
208 947 0.6901
208 948 0.3347
208 949 0.3347
208 950 0.4431
208 951 0.5784
208 952 0.6893
208 953 0.8504
208 954 0.4771
208 955 0.5784
208 956 0.3588
208 957 0.3588
208 958 0.2300
208 959 0.5784
208 960 0.9666
208 961 0.3347
208 962 0.3347
208 964 0.6549
208 965 0.5742
208 966 0.5742
208 967 0.3347
208 968 0.8735
208 969 0.5784
208 971 0.3588
208 972 0.3347
208 973 0.5784
208 974 0.9937
208 976 0.6043
208 977 0.3588
208 978 0.6893
208 979 0.9461
208 980 0.5784
208 981 0.3588
208 982 0.3588
208 983 0.3588
208 984 0.2877
208 985 0.3347
208 986 0.4771
208 987 0.5742
208 989 0.5742
208 990 0.5178
208 991 0.3347
208 992 0.3347
208 993 0.9866
208 994 0.9588
208 995 0.8888
208 996 0.3347
208 1000 0.3588
208 1001 0.5784
208 1002 0.8241
208 1003 0.8599
208 1004 0.8756
208 1006 0.5742
208 1007 0.9455
208 1008 0.5784
208 1013 0.3347
208 1014 0.6920
208 1015 0.5742
208 1016 0.3588
208 1017 0.5784
208 1018 0.3347
208 1019 0.3347
208 1020 0.6920
208 1022 0.6920
208 1023 0.5784
208 1024 0.3588
208 1026 0.3347
208 1027 0.5742
208 1028 0.5784
208 1029 0.6855
208 1030 0.7690
208 1032 0.5784
208 1033 0.6610
208 1034 0.3347
208 1035 0.5784
208 1036 0.6092
208 1037 0.3347
208 1038 0.3347
208 1039 0.2300
208 1040 0.3588
208 1041 0.3347
208 1042 0.6893
208 1043 0.5784
208 1044 0.3347
208 1045 0.3588
208 1046 0.2300
208 1047 0.3588
208 1048 0.6920
208 1049 0.2877
208 1050 0.4010
208 1051 0.3347
208 1052 0.3347
208 1053 0.4424
208 1054 0.3588
208 1055 0.3347
208 1056 0.5508
208 1057 0.5742
208 1058 0.3347
208 1059 0.5742
208 1060 0.6796
208 1061 0.5742
208 1062 0.3347
208 1063 0.8053
208 1064 0.5784
208 1065 0.6290
208 1066 0.7968
208 1067 0.6893
208 1068 0.8894
208 1069 0.3347
208 1070 0.5742
208 1072 0.5784
208 1073 0.3588
208 1075 0.5784
208 1076 0.3347
208 1077 0.3588
208 1078 0.3347
208 1079 0.7474
208 1080 0.3588
208 1081 0.3347
208 1082 0.5742
208 1083 0.9500
208 1084 0.5784
208 1085 0.3588
208 1087 0.3588
208 1089 0.5784
208 1090 0.6912
208 1093 0.3588
208 1094 0.5742
208 1095 0.3588
208 1097 0.3588
208 1099 0.9966
208 1102 0.3588
208 1103 0.3588
208 1104 0.7984
208 1105 0.7968
208 1106 0.5178
208 1107 0.3588
208 1108 0.3588
208 1109 0.3588
208 1110 0.3588
208 1111 0.5784
208 1113 0.3588
208 1115 0.3588
208 1116 0.5784
208 1117 0.4771
208 1118 0.3588
208 1119 0.3588
208 1123 0.5784
208 1124 0.5784
208 1125 0.5683
208 1126 0.6233
208 1127 0.3347
208 1128 0.8074
208 1129 0.6920
208 1130 0.8383
208 1131 0.3588
208 1132 0.3347
208 1133 0.5742
208 1134 0.3347
208 1135 0.9597
208 1136 0.2300
208 1138 0.6691
208 1139 0.3588
208 1141 0.3675
208 1142 0.5784
208 1143 0.6610
208 1145 0.3347
208 1146 0.5784
208 1147 0.6762
208 1148 0.3347
208 1149 0.3675
208 1150 0.6893
208 1151 0.3588
208 1152 0.7968
208 1153 0.4771
208 1154 0.9711
208 1155 0.3588
208 1156 0.3588
208 1157 0.3588
208 1158 0.6893
208 1159 0.5784
208 1160 0.3347
208 1161 0.5505
208 1162 0.5784
208 1163 0.8931
208 1165 0.3347
208 1166 0.3347
208 1167 0.6092
208 1169 0.6664
208 1172 0.3588
208 1174 0.6087
208 1176 0.3347
208 1177 0.5784
208 1178 0.3588
208 1180 0.8140
208 1181 0.6024
208 1182 0.5784
208 1183 0.2300
208 1184 0.2300
208 1185 0.4771
208 1186 0.3347
208 1187 0.6745
208 1188 0.3588
208 1189 0.5784
208 1191 0.6165
208 1192 0.3347
208 1193 0.8212
208 1194 0.5906
208 1195 0.6893
208 1196 0.3588
208 1197 0.3588
208 1198 0.3588
208 1199 0.5742
208 1200 0.5784
208 1201 0.3347
208 1202 0.5742
208 1203 0.3347
208 1204 0.3588
208 1205 0.3347
208 1206 0.8125
208 1208 0.5742
208 1209 0.3675
208 1210 0.7948
208 1211 0.8770
208 1212 0.5784
208 1213 0.4771
208 1214 0.3347
208 1215 0.3347
208 1216 0.2300
208 1217 0.5784
208 1218 0.3347
208 1219 0.4771
208 1220 0.4085
208 1221 0.5784
208 1222 0.3588
208 1223 0.4771
208 1224 0.3588
208 1225 0.9751
208 1226 0.5742
208 1227 0.3347
208 1228 0.3588
208 1229 0.5742
208 1230 0.3347
208 1231 0.3588
208 1233 0.3347
208 1234 0.3588
208 1235 0.3347
208 1236 0.3347
208 1237 0.6087
208 1238 0.3588
208 1240 0.7690
208 1241 0.4771
208 1242 0.8327
208 1244 0.3588
208 1247 0.7690
208 1248 0.3588
208 1250 0.5742
208 1251 0.5742
208 1252 0.5784
208 1253 0.3588
208 1254 0.3588
208 1255 0.3347
208 1256 0.6549
208 1257 0.3588
208 1258 0.7968
208 1259 0.5784
208 1260 0.8309
208 1262 0.7157
208 1263 0.5742
208 1265 0.6893
208 1266 0.3588
208 1267 0.5784
208 1268 0.5742
208 1269 0.6549
208 1270 0.5742
208 1271 0.7394
208 1272 0.5784
208 1273 0.5784
208 1275 0.7784
208 1276 0.5742
208 1279 0.6092
208 1280 0.5742
208 1281 0.6087
208 1282 0.3588
208 1283 0.5508
208 1284 0.3347
208 1286 0.5784
208 1287 0.5742
208 1288 0.5178
208 1289 0.5784
208 1290 0.3347
208 1291 0.3588
208 1292 0.9301
208 1293 0.3347
208 1295 0.3588
208 1297 0.3588
208 1298 0.6766
208 1299 0.4771
208 1300 0.3588
208 1301 0.6893
208 1303 0.7620
208 1304 0.5784
208 1305 0.3347
208 1306 0.3588
208 1307 0.3588
208 1308 0.3347
208 1309 0.3588
208 1310 0.2300
208 1311 0.3347
208 1315 0.3347
208 1316 0.9941
208 1318 0.3347
208 1320 0.3588
208 1322 0.2300
208 1323 0.3347
208 1324 0.3588
208 1326 0.3347
208 1327 0.3347
208 1329 0.3588
208 1330 0.6024
208 1331 0.5784
208 1333 0.3347
208 1334 0.3588
208 1335 0.5784
208 1336 0.3347
208 1337 0.3588
208 1339 0.3347
208 1340 0.5784
208 1341 0.3588
208 1342 0.7861
208 1343 0.3347
208 1344 0.6893
208 1346 0.3588
208 1347 0.3588
208 1348 0.3347
208 1349 0.5784
208 1350 0.2300
208 1351 0.3588
208 1352 0.3347
208 1353 0.3588
208 1354 0.3347
208 1355 0.3588
208 1356 0.3347
208 1357 0.3347
208 1360 0.3347
208 1361 0.3588
208 1362 0.3675
208 1363 0.3347
208 1364 0.3588
208 1367 0.6610
208 1368 0.5784
208 1369 0.8497
208 1370 0.9233
208 1372 0.3588
208 1374 0.3347
208 1375 0.3588
208 1377 0.3588
208 1378 0.3347
208 1379 0.3347
208 1380 0.3347
208 1381 0.3588
208 1382 0.2300
208 1383 0.3588
208 1384 0.3588
208 1386 0.6920
208 1387 0.6893
208 1388 0.5178
208 1389 0.5178
208 1390 0.6087
208 1393 0.3588
208 1394 0.5784
208 1395 0.3347
208 1396 0.5784
208 1397 0.6960
208 1398 0.5742
208 1399 0.3347
208 1401 0.3347
208 1402 0.3347
208 1405 0.3588
208 1406 0.3347
208 1407 0.3347
208 1408 0.3588
208 1409 0.3588
208 1410 0.2877
208 1411 0.3588
208 1412 0.3347
208 1413 0.3347
208 1415 0.3588
208 1416 0.5784
208 1418 0.3347
208 1419 0.6893
208 1421 0.6087
208 1422 0.3588
208 1423 0.5821
208 1424 0.2300
208 1425 0.6085
208 1426 0.6920
208 1427 0.5219
208 1428 0.6087
208 1431 0.3588
208 1434 0.9985
208 1435 0.9711
208 1436 0.3675
208 1437 0.5821
208 1438 0.5756
208 1439 0.5784
208 1440 0.7720
208 1441 0.3588
208 1443 0.4085
208 1446 0.3347
208 1448 0.5784
208 1449 0.5784
208 1451 0.5784
208 1452 0.2300
208 1453 0.3588
208 1454 0.3588
208 1455 0.3675
208 1456 0.6893
208 1457 0.3588
208 1458 0.3588
208 1459 0.3588
208 1460 0.5784
208 1461 0.3588
208 1462 0.5784
208 1463 0.3588
208 1464 0.4771
208 1466 0.2877
208 1472 0.3347
208 1473 0.3347
208 1475 0.3588
208 1477 0.3347
208 1479 0.7719
208 1480 0.3588
208 1481 0.3588
208 1482 0.3347
208 1484 0.3347
208 1485 0.6024
208 1488 0.3588
208 1490 0.3588
208 1491 0.6092
208 1493 0.5742
208 1494 0.3588
208 1495 0.3588
208 1497 0.3588
208 1498 0.3588
208 1499 0.3588
208 1500 0.5784
208 1501 0.3347
208 1503 0.6893
208 1504 0.6893
208 1505 0.3347
208 1506 0.3588
208 1507 0.6893
208 1508 0.3347
208 1510 0.5784
208 1511 0.5784
208 1512 0.3347
208 1513 0.5784
208 1514 0.2300
208 1515 0.3347
208 1516 0.5742
208 1517 0.3347
208 1518 0.5784
208 1519 0.8749
208 1520 0.9861
208 1522 0.6549
208 1523 0.3588
208 1525 0.3347
208 1526 0.6610
208 1527 0.5742
208 1528 0.3588
208 1529 0.7157
208 1530 0.6092
208 1532 0.5784
208 1535 0.5784
208 1536 0.5178
208 1538 0.7327
208 1540 0.3588
208 1541 0.5784
208 1542 0.5784
208 1544 0.3588
208 1545 0.3588
208 1546 0.3588
208 1547 0.7690
208 1548 0.5784
208 1549 0.3347
208 1550 0.3588
208 1551 0.5178
208 1554 0.4771
208 1555 0.2300
208 1557 0.3588
208 1560 0.3588
208 1562 0.3588
208 1567 0.3347
208 1568 0.3588
208 1569 0.5784
208 1570 0.3588
208 1571 0.6920
208 1572 0.5784
208 1573 0.3347
208 1575 0.3347
208 1577 0.5784
208 1578 0.3347
208 1579 0.3588
208 1580 0.5784
208 1581 0.3347
208 1582 0.5784
208 1583 0.5784
208 1584 0.3588
208 1585 0.5742
208 1587 0.3347
208 1588 0.7594
208 1590 0.3347
208 1591 0.6610
208 1592 0.3588
208 1593 0.6092
208 1594 0.3588
208 1595 0.3347
208 1596 0.2300
208 1598 0.3588
208 1599 0.3347
208 1601 0.2300
208 1602 0.3588
208 1603 0.5784
208 1604 0.4085
208 1605 0.3588
208 1606 0.5742
208 1607 0.3347
208 1608 0.6920
208 1609 0.3588
208 1610 0.3588
208 1611 0.3588
208 1612 0.5742
208 1613 0.8922
208 1614 0.3347
208 1615 0.3347
208 1616 0.5784
208 1617 0.3588
208 1618 0.8497
208 1619 0.5784
208 1621 0.8490
208 1622 0.9880
208 1623 0.3347
208 1624 0.6920
208 1626 0.3588
208 1627 0.3588
208 1628 0.3347
208 1629 0.5784
208 1630 0.6893
208 1632 0.3588
208 1633 0.3347
208 1634 0.3347
208 1637 0.3347
208 1639 0.3588
208 1640 0.5784
208 1641 0.3588
208 1642 0.3588
208 1644 0.3347
208 1645 0.3347
208 1646 0.5784
208 1647 0.4771
208 1648 0.3588
208 1649 0.3588
208 1650 0.3347
208 1653 0.5784
208 1654 0.3588
208 1655 0.5784
208 1659 0.3588
208 1660 0.5784
208 1661 0.3588
208 1662 0.3347
208 1663 0.5784
208 1664 0.3347
208 1665 0.3588
208 1666 0.3588
208 1667 0.3347
208 1668 0.6154
208 1669 0.4771
208 1670 0.3588
208 1671 0.3588
208 1672 0.3588
208 1673 0.2300
208 1674 0.6920
208 1675 0.3347
208 1676 0.2877
208 1677 0.3347
208 1678 0.5742
208 1679 0.3347
208 1680 0.3588
208 1681 0.3588
208 1682 0.3588
208 1683 0.6092
208 1684 0.2300
208 1685 0.3347
208 1687 0.3347
208 1688 0.3347
208 1689 0.9930
208 1690 0.3588
208 1691 0.6610
208 1692 0.7394
208 1694 0.6920
208 1695 0.3588
208 1696 0.3347
208 1697 0.3588
208 1698 0.3588
208 1699 0.5679
208 1700 0.5821
208 1701 0.3347
208 1702 0.3293
208 1703 0.3588
208 1704 0.3588
208 1706 0.5416
208 1707 0.7995
208 1708 0.3588
208 1711 0.3555
208 1712 0.9990
208 1713 0.7372
208 1714 0.7554
208 1716 0.3588
208 1717 0.9983
208 1718 0.4771
208 1719 0.3588
208 1720 0.5742
208 1721 0.3588
208 1723 0.3347
208 1725 0.4085
209 210 0.5784
209 211 0.3588
209 212 0.5742
209 213 0.3347
209 214 0.6246
209 215 0.8818
209 216 0.6212
209 217 0.7316
209 218 0.7015
209 219 0.3347
209 220 0.3675
209 221 0.5784
209 222 0.3588
209 223 0.8490
209 224 0.5488
209 225 0.6893
209 226 0.2877
209 228 0.8490
209 229 0.3588
209 230 0.8587
209 231 0.3347
209 232 0.6087
209 233 0.5742
209 234 0.6092
209 235 0.8565
209 236 0.6920
209 237 0.5950
209 238 0.9591
209 239 0.5253
209 240 0.8075
209 241 0.3347
209 242 0.5742
209 243 0.7394
209 244 0.3588
209 245 0.6893
209 246 0.3588
209 248 0.5784
209 249 0.5178
209 250 0.6610
209 251 0.5742
209 252 0.3588
209 253 0.6893
209 254 0.8944
209 255 0.3588
209 256 0.7719
209 258 0.8245
209 259 0.3588
209 260 0.3347
209 261 0.3588
209 262 0.8008
209 263 0.3347
209 264 0.6574
209 265 0.5742
209 266 0.5971
209 267 0.5784
209 268 0.5178
209 269 0.5784
209 270 0.6920
209 271 0.5518
209 272 0.5178
209 273 0.3588
209 274 0.6920
209 275 0.7567
209 276 0.8753
209 277 0.3588
209 278 0.4771
209 279 0.6610
209 280 0.3347
209 281 0.3588
209 282 0.3588
209 283 0.6549
209 284 0.7621
209 285 0.5518
209 286 0.7602
209 287 0.7085
209 288 0.6087
209 289 0.4829
209 290 0.8696
209 291 0.8134
209 292 0.8544
209 293 0.3347
209 294 0.6586
209 295 0.4605
209 296 0.4424
209 297 0.7277
209 298 0.5784
209 299 0.3347
209 300 0.8053
209 301 0.6043
209 302 0.3588
209 304 0.8511
209 305 0.3588
209 306 0.3347
209 307 0.3588
209 308 0.6092
209 309 0.7968
209 311 0.4233
209 313 0.6610
209 314 0.6549
209 315 0.7968
209 316 0.4424
209 317 0.3347
209 318 0.3588
209 319 0.7969
209 320 0.4424
209 321 0.7912
209 323 0.2300
209 324 0.3555
209 325 0.3588
209 326 0.5784
209 327 0.6893
209 328 0.7157
209 329 0.5784
209 330 0.3347
209 331 0.6925
209 332 0.6610
209 333 0.5178
209 334 0.7200
209 335 0.3588
209 336 0.5784
209 337 0.3347
209 338 0.6549
209 339 0.4883
209 340 0.7690
209 341 0.7107
209 342 0.7690
209 343 0.3588
209 344 0.4521
209 346 0.5742
209 347 0.5126
209 348 0.6893
209 349 0.5784
209 350 0.5742
209 351 0.3347
209 352 0.3588
209 353 0.5784
209 354 0.6920
209 355 0.3588
209 356 0.3347
209 357 0.5784
209 358 0.3347
209 359 0.5784
209 360 0.3347
209 361 0.6043
209 362 0.5742
209 363 0.6718
209 364 0.7157
209 366 0.3347
209 367 0.5215
209 368 0.5178
209 369 0.4771
209 370 0.5784
209 371 0.6278
209 372 0.5742
209 373 0.6893
209 374 0.2877
209 375 0.6610
209 376 0.7714
209 377 0.7440
209 378 0.3347
209 379 0.8315
209 380 0.6610
209 381 0.5742
209 382 0.3347
209 383 0.7984
209 384 0.7470
209 385 0.5742
209 386 0.7165
209 387 0.3588
209 388 0.6549
209 389 0.5784
209 390 0.2300
209 391 0.7968
209 392 0.7394
209 393 0.6893
209 394 0.4771
209 395 0.2877
209 396 0.7521
209 397 0.3588
209 398 0.6135
209 399 0.7968
209 400 0.3347
209 402 0.5178
209 403 0.5249
209 404 0.3347
209 405 0.3588
209 406 0.6920
209 407 0.3347
209 408 0.6024
209 409 0.7198
209 410 0.5784
209 411 0.6893
209 412 0.6893
209 413 0.5742
209 414 0.6893
209 415 0.4771
209 416 0.5784
209 418 0.8050
209 419 0.3347
209 420 0.3347
209 421 0.5742
209 422 0.5784
209 423 0.2877
209 424 0.7690
209 425 0.8034
209 427 0.3347
209 428 0.6958
209 430 0.3347
209 431 0.3588
209 433 0.7394
209 434 0.9668
209 435 0.3588
209 436 0.3588
209 438 0.8349
209 439 0.6893
209 440 0.3347
209 441 0.6920
209 442 0.9028
209 443 0.3588
209 445 0.4424
209 447 0.6864
209 448 0.3347
209 449 0.7691
209 450 0.5784
209 451 0.4771
209 452 0.7261
209 453 0.5742
209 454 0.9848
209 455 0.5742
209 456 0.5742
209 457 0.5784
209 458 0.5178
209 459 0.5784
209 460 0.6893
209 461 0.5959
209 462 0.3588
209 463 0.6893
209 464 0.4424
209 465 0.3588
209 466 0.9851
209 467 0.3588
209 468 0.4771
209 469 0.3588
209 470 0.8524
209 471 0.5178
209 472 0.6027
209 475 0.7968
209 476 0.7394
209 478 0.4771
209 479 0.3675
209 480 0.6549
209 481 0.5178
209 482 0.3588
209 484 0.6024
209 485 0.6549
209 486 0.3588
209 487 0.3588
209 488 0.4958
209 489 0.5784
209 490 0.6893
209 491 0.5178
209 492 0.6993
209 493 0.3588
209 494 0.6893
209 495 0.9038
209 496 0.6893
209 497 0.8490
209 498 0.6774
209 499 0.5784
209 500 0.3588
209 501 0.5178
209 503 0.3588
209 504 0.5784
209 505 0.4424
209 506 0.8223
209 507 0.5742
209 508 0.5784
209 509 0.3347
209 510 0.3347
209 511 0.8648
209 512 0.3347
209 513 0.4085
209 514 0.7968
209 515 0.7394
209 516 0.6893
209 517 0.6135
209 518 0.3347
209 519 0.5784
209 520 0.3347
209 521 0.7157
209 522 0.3588
209 523 0.5784
209 524 0.3588
209 526 0.3588
209 527 0.3347
209 528 0.5510
209 529 0.3588
209 530 0.3347
209 531 0.5784
209 532 0.5784
209 533 0.3347
209 534 0.6891
209 535 0.3347
209 536 0.8806
209 537 0.3347
209 538 0.3347
209 539 0.3347
209 540 0.7968
209 541 0.6480
209 542 0.6920
209 543 0.3588
209 544 0.6893
209 545 0.4085
209 546 0.3347
209 547 0.3347
209 548 0.6818
209 549 0.5178
209 551 0.3588
209 552 0.3347
209 553 0.3588
209 554 0.5784
209 555 0.7468
209 556 0.3588
209 557 0.5784
209 558 0.6893
209 559 0.4771
209 560 0.8087
209 561 0.5178
209 562 0.5178
209 563 0.9869
209 564 0.3347
209 565 0.5784
209 566 0.3588
209 567 0.3588
209 568 0.9887
209 569 0.6165
209 570 0.3588
209 571 0.6920
209 572 0.7010
209 573 0.4204
209 574 0.6450
209 575 0.6920
209 576 0.8078
209 577 0.5784
209 578 0.2877
209 579 0.6893
209 581 0.4233
209 582 0.4293
209 583 0.5178
209 584 0.6827
209 585 0.6893
209 586 0.3347
209 587 0.7690
209 589 0.6549
209 590 0.9459
209 591 0.4771
209 592 0.5784
209 593 0.3588
209 594 0.3588
209 595 0.2300
209 598 0.3588
209 599 0.6549
209 600 0.6610
209 601 0.3347
209 602 0.6920
209 604 0.3347
209 605 0.3588
209 606 0.5784
209 607 0.5784
209 608 0.4085
209 609 0.5784
209 610 0.7203
209 611 0.3588
209 612 0.5784
209 613 0.7731
209 614 0.8497
209 615 0.3588
209 617 0.3588
209 618 0.5518
209 619 0.8309
209 621 0.6135
209 622 0.3588
209 623 0.5784
209 624 0.3347
209 625 0.6818
209 626 0.8068
209 627 0.5784
209 628 0.6958
209 629 0.3347
209 630 0.3588
209 631 0.7729
209 632 0.7242
209 633 0.9003
209 634 0.6549
209 635 0.5784
209 636 0.3588
209 637 0.8490
209 638 0.5784
209 639 0.9924
209 640 0.3588
209 641 0.4424
209 642 0.5742
209 643 0.4771
209 645 0.5784
209 646 0.6087
209 647 0.3588
209 648 0.5518
209 649 0.3588
209 650 0.7394
209 651 0.6792
209 652 0.3675
209 653 0.7879
209 654 0.3347
209 655 0.5784
209 656 0.5742
209 657 0.3347
209 658 0.6549
209 659 0.5742
209 660 0.3588
209 661 0.5178
209 662 0.5784
209 663 0.5784
209 664 0.7984
209 665 0.3588
209 666 0.4771
209 667 0.5178
209 668 0.3588
209 669 0.3347
209 671 0.7132
209 672 0.3347
209 673 0.4424
209 674 0.3347
209 675 0.6233
209 676 0.5048
209 677 0.3347
209 678 0.5784
209 679 0.5748
209 680 0.5742
209 681 0.3588
209 682 0.3347
209 683 0.3588
209 684 0.6893
209 685 0.6750
209 686 0.5742
209 687 0.8125
209 688 0.3347
209 689 0.9225
209 690 0.3347
209 691 0.6610
209 692 0.6224
209 693 0.3588
209 694 0.3347
209 695 0.6920
209 696 0.2877
209 697 0.5742
209 698 0.7767
209 699 0.5784
209 700 0.4771
209 701 0.3588
209 702 0.6434
209 703 0.5784
209 704 0.5303
209 705 0.5784
209 706 0.8799
209 707 0.3347
209 708 0.3588
209 709 0.3347
209 710 0.6549
209 711 0.9637
209 712 0.5178
209 713 0.2877
209 714 0.5742
209 715 0.3588
209 716 0.3347
209 717 0.5784
209 718 0.5742
209 720 0.2300
209 721 0.5784
209 722 0.8546
209 723 0.2877
209 724 0.2300
209 725 0.3347
209 726 0.7602
209 727 0.5784
209 728 0.7043
209 729 0.3675
209 730 0.3588
209 731 0.5742
209 732 0.8516
209 733 0.7094
209 734 0.3588
209 735 0.6893
209 736 0.9404
209 737 0.9264
209 738 0.3588
209 740 0.7341
209 741 0.7394
209 742 0.4431
209 743 0.5784
209 744 0.8737
209 745 0.5080
209 746 0.3347
209 747 0.3347
209 748 0.9409
209 750 0.8422
209 751 0.5742
209 752 0.9898
209 753 0.5742
209 754 0.3588
209 755 0.7720
209 756 0.3588
209 757 0.3588
209 758 0.6893
209 759 0.5784
209 760 0.3347
209 761 0.3588
209 762 0.5784
209 763 0.8244
209 764 0.6087
209 765 0.3347
209 766 0.3347
209 767 0.7157
209 768 0.9857
209 769 0.5784
209 770 0.6920
209 771 0.6694
209 772 0.3588
209 773 0.3347
209 774 0.3588
209 775 0.5304
209 776 0.6190
209 777 0.5178
209 778 0.5784
209 780 0.7968
209 781 0.3588
209 782 0.5784
209 783 0.3347
209 784 0.5699
209 785 0.5178
209 786 0.7864
209 787 0.5742
209 788 0.3347
209 789 0.6893
209 791 0.3347
209 792 0.5784
209 793 0.7202
209 794 0.7426
209 796 0.5784
209 797 0.3347
209 798 0.3347
209 799 0.6856
209 800 0.3347
209 801 0.7690
209 802 0.3588
209 803 0.7968
209 804 0.8572
209 805 0.7421
209 806 0.6893
209 807 0.5742
209 808 0.8100
209 809 0.6549
209 810 0.6920
209 811 0.9741
209 812 0.3588
209 813 0.3347
209 814 0.6087
209 815 0.3347
209 816 0.5784
209 817 0.5784
209 818 0.3347
209 819 0.3347
209 820 0.3588
209 821 0.4771
209 822 0.3588
209 823 0.8799
209 824 0.3347
209 825 0.8647
209 827 0.6843
209 828 0.3675
209 829 0.5784
209 830 0.3588
209 831 0.7736
209 832 0.8074
209 833 0.3347
209 834 0.5784
209 835 0.3347
209 836 0.7833
209 837 0.3347
209 838 0.6511
209 839 0.3588
209 840 0.3588
209 841 0.5784
209 842 0.3347
209 843 0.5784
209 845 0.3347
209 846 0.7094
209 847 0.2300
209 848 0.5742
209 849 0.6957
209 850 0.1671
209 851 0.9943
209 852 0.3588
209 854 0.3588
209 855 0.5784
209 856 0.5742
209 858 0.6920
209 859 0.3347
209 860 0.5742
209 861 0.5784
209 862 0.3347
209 864 0.6299
209 865 0.3347
209 866 0.3347
209 867 0.4771
209 868 0.5742
209 869 0.7129
209 870 0.6598
209 871 0.6647
209 872 0.9980
209 874 0.3588
209 875 0.4771
209 876 0.3347
209 877 0.3588
209 878 0.5742
209 880 0.8490
209 881 0.4771
209 882 0.3588
209 883 0.6912
209 884 0.3347
209 886 0.3347
209 887 0.8436
209 888 0.3347
209 889 0.6893
209 890 0.5784
209 891 0.9316
209 893 0.7690
209 894 0.5784
209 895 0.5884
209 896 0.5784
209 897 0.3347
209 898 0.7441
209 899 0.3588
209 900 0.2877
209 901 0.7968
209 903 0.9134
209 905 0.5784
209 906 0.3588
209 907 0.3347
209 908 0.6610
209 909 0.8678
209 910 0.2300
209 911 0.3347
209 912 0.3588
209 913 0.5742
209 914 0.6549
209 915 0.8641
209 916 0.3588
209 917 0.2300
209 918 0.3588
209 919 0.5742
209 920 0.5784
209 921 0.6359
209 922 0.5742
209 924 0.5742
209 928 0.4771
209 929 0.5784
209 930 0.7562
209 932 0.3588
209 933 0.5784
209 934 0.3347
209 935 0.8018
209 936 0.6610
209 937 0.2300
209 938 0.6920
209 939 0.3588
209 940 0.5784
209 941 0.3347
209 942 0.7207
209 943 0.5784
209 944 0.5784
209 946 0.5784
209 947 0.6839
209 948 0.3347
209 949 0.3347
209 950 0.5679
209 951 0.6087
209 952 0.6189
209 953 0.8504
209 954 0.4771
209 955 0.5784
209 956 0.3588
209 957 0.3588
209 958 0.2300
209 959 0.5784
209 960 0.9666
209 961 0.3347
209 962 0.3347
209 964 0.6549
209 965 0.5742
209 966 0.5742
209 967 0.3347
209 968 0.8828
209 969 0.5784
209 971 0.3588
209 972 0.3347
209 973 0.5784
209 974 0.9937
209 976 0.6043
209 977 0.3588
209 978 0.6893
209 979 0.9533
209 980 0.5784
209 981 0.3588
209 982 0.3588
209 983 0.3588
209 984 0.3555
209 985 0.3347
209 986 0.4771
209 987 0.5742
209 989 0.5742
209 990 0.5178
209 991 0.3347
209 992 0.3347
209 993 0.9854
209 994 0.9588
209 995 0.8841
209 996 0.3347
209 1000 0.3588
209 1001 0.5784
209 1002 0.8241
209 1003 0.8599
209 1004 0.8756
209 1006 0.5742
209 1007 0.9455
209 1008 0.5784
209 1013 0.3347
209 1014 0.6920
209 1015 0.5742
209 1016 0.3588
209 1017 0.6087
209 1018 0.3347
209 1019 0.3347
209 1020 0.6920
209 1022 0.6920
209 1023 0.5784
209 1024 0.3588
209 1026 0.3347
209 1027 0.5742
209 1028 0.5784
209 1029 0.6651
209 1030 0.7690
209 1032 0.5784
209 1033 0.6610
209 1034 0.3347
209 1035 0.5784
209 1036 0.6092
209 1037 0.3347
209 1038 0.3347
209 1039 0.2300
209 1040 0.3588
209 1041 0.3347
209 1042 0.6893
209 1043 0.5784
209 1044 0.3347
209 1045 0.3588
209 1046 0.2300
209 1047 0.3588
209 1048 0.6920
209 1049 0.3555
209 1050 0.5821
209 1051 0.3347
209 1052 0.3347
209 1053 0.4424
209 1054 0.3588
209 1055 0.3347
209 1056 0.5508
209 1057 0.5742
209 1058 0.3347
209 1059 0.5742
209 1060 0.6796
209 1061 0.5742
209 1062 0.3347
209 1063 0.8053
209 1064 0.5784
209 1065 0.6087
209 1066 0.7968
209 1067 0.6893
209 1068 0.9039
209 1069 0.3675
209 1070 0.5742
209 1072 0.5784
209 1073 0.3588
209 1075 0.5784
209 1076 0.3347
209 1077 0.3588
209 1078 0.3347
209 1079 0.7277
209 1080 0.3588
209 1081 0.3347
209 1082 0.5742
209 1083 0.9458
209 1084 0.5784
209 1085 0.4085
209 1087 0.3588
209 1089 0.5784
209 1090 0.7066
209 1093 0.3588
209 1094 0.5742
209 1095 0.3588
209 1097 0.3588
209 1099 0.9963
209 1102 0.3588
209 1103 0.3588
209 1104 0.7984
209 1105 0.7968
209 1106 0.5178
209 1107 0.3588
209 1108 0.3588
209 1109 0.3588
209 1110 0.3588
209 1111 0.5784
209 1113 0.3588
209 1115 0.3588
209 1116 0.5784
209 1117 0.4771
209 1118 0.3588
209 1119 0.3588
209 1123 0.5784
209 1124 0.5784
209 1125 0.5601
209 1126 0.6024
209 1127 0.3347
209 1128 0.8074
209 1129 0.6920
209 1130 0.8244
209 1131 0.3588
209 1132 0.3347
209 1133 0.5742
209 1134 0.3347
209 1135 0.9597
209 1136 0.2300
209 1138 0.6203
209 1139 0.3588
209 1141 0.3675
209 1142 0.5784
209 1143 0.6891
209 1145 0.3347
209 1146 0.6087
209 1147 0.6800
209 1148 0.3347
209 1149 0.3675
209 1150 0.6893
209 1151 0.3588
209 1152 0.7968
209 1153 0.5821
209 1154 0.9714
209 1155 0.3588
209 1156 0.3588
209 1157 0.3588
209 1158 0.6893
209 1159 0.5784
209 1160 0.3347
209 1161 0.5520
209 1162 0.6087
209 1163 0.8931
209 1165 0.3347
209 1166 0.3347
209 1167 0.6092
209 1169 0.6634
209 1172 0.3588
209 1174 0.4025
209 1176 0.3347
209 1177 0.5784
209 1178 0.3588
209 1180 0.8285
209 1181 0.5742
209 1182 0.5784
209 1183 0.2300
209 1184 0.2300
209 1185 0.5862
209 1186 0.3347
209 1187 0.6611
209 1188 0.3588
209 1189 0.5784
209 1191 0.5821
209 1192 0.3675
209 1193 0.8437
209 1194 0.5748
209 1195 0.6893
209 1196 0.3588
209 1197 0.3588
209 1198 0.3588
209 1199 0.5742
209 1200 0.5784
209 1201 0.3347
209 1202 0.6024
209 1203 0.3675
209 1204 0.3588
209 1205 0.3347
209 1206 0.7968
209 1208 0.5742
209 1209 0.4233
209 1210 0.7948
209 1211 0.8864
209 1212 0.5784
209 1213 0.4771
209 1214 0.3347
209 1215 0.3347
209 1216 0.2300
209 1217 0.5784
209 1218 0.3347
209 1219 0.4771
209 1220 0.3588
209 1221 0.5784
209 1222 0.3588
209 1223 0.4771
209 1224 0.3588
209 1225 0.9751
209 1226 0.5742
209 1227 0.3347
209 1228 0.3588
209 1229 0.5742
209 1230 0.3347
209 1231 0.3588
209 1233 0.3347
209 1234 0.3588
209 1235 0.3347
209 1236 0.3347
209 1237 0.5784
209 1238 0.3588
209 1240 0.7690
209 1241 0.4771
209 1242 0.8327
209 1244 0.3588
209 1247 0.7690
209 1248 0.3588
209 1250 0.5742
209 1251 0.5742
209 1252 0.5784
209 1253 0.3588
209 1254 0.3588
209 1255 0.3347
209 1256 0.6549
209 1257 0.3588
209 1258 0.7968
209 1259 0.5784
209 1260 0.8309
209 1262 0.6189
209 1263 0.5742
209 1265 0.6893
209 1266 0.3588
209 1267 0.5784
209 1268 0.5742
209 1269 0.6549
209 1270 0.5742
209 1271 0.7394
209 1272 0.5784
209 1273 0.5784
209 1275 0.7784
209 1276 0.5742
209 1279 0.6092
209 1280 0.5742
209 1281 0.5784
209 1282 0.3588
209 1283 0.5508
209 1284 0.3347
209 1286 0.5784
209 1287 0.5742
209 1288 0.5178
209 1289 0.5784
209 1290 0.3347
209 1291 0.3588
209 1292 0.9301
209 1293 0.3347
209 1295 0.3588
209 1297 0.3588
209 1298 0.6766
209 1299 0.4771
209 1300 0.3588
209 1301 0.6893
209 1303 0.7620
209 1304 0.5784
209 1305 0.3347
209 1306 0.3588
209 1307 0.3588
209 1308 0.3347
209 1309 0.3588
209 1310 0.2300
209 1311 0.3347
209 1315 0.3347
209 1316 0.9941
209 1318 0.3347
209 1320 0.3588
209 1322 0.2300
209 1323 0.3347
209 1324 0.3588
209 1326 0.3347
209 1327 0.3347
209 1329 0.3588
209 1330 0.6233
209 1331 0.5784
209 1333 0.3675
209 1334 0.3588
209 1335 0.5784
209 1336 0.3347
209 1337 0.3588
209 1339 0.3347
209 1340 0.6087
209 1341 0.3588
209 1342 0.7861
209 1343 0.3347
209 1344 0.6893
209 1346 0.3588
209 1347 0.3588
209 1348 0.3347
209 1349 0.5784
209 1350 0.2300
209 1351 0.3588
209 1352 0.3347
209 1353 0.3588
209 1354 0.3347
209 1355 0.3588
209 1356 0.3347
209 1357 0.3347
209 1360 0.3347
209 1361 0.3588
209 1362 0.3347
209 1363 0.3347
209 1364 0.3588
209 1367 0.6610
209 1368 0.5784
209 1369 0.8647
209 1370 0.9112
209 1372 0.3588
209 1374 0.3347
209 1375 0.3588
209 1377 0.3588
209 1378 0.3347
209 1379 0.3347
209 1380 0.3347
209 1381 0.3588
209 1382 0.2300
209 1383 0.4085
209 1384 0.3588
209 1386 0.6920
209 1387 0.6893
209 1388 0.5178
209 1389 0.5178
209 1390 0.5784
209 1393 0.3588
209 1394 0.5784
209 1395 0.3347
209 1396 0.5784
209 1397 0.6960
209 1398 0.5742
209 1399 0.3347
209 1401 0.3347
209 1402 0.3347
209 1405 0.3588
209 1406 0.3347
209 1407 0.3347
209 1408 0.3588
209 1409 0.3588
209 1410 0.2877
209 1411 0.3588
209 1412 0.3347
209 1413 0.3347
209 1415 0.3588
209 1416 0.5784
209 1418 0.3347
209 1419 0.6893
209 1421 0.4290
209 1422 0.3588
209 1423 0.5781
209 1424 0.2300
209 1425 0.5884
209 1426 0.6920
209 1427 0.4958
209 1428 0.5784
209 1431 0.4085
209 1434 0.9986
209 1435 0.9841
209 1436 0.4352
209 1437 0.5821
209 1438 0.5381
209 1439 0.5784
209 1440 0.7640
209 1441 0.3588
209 1443 0.3588
209 1446 0.3675
209 1448 0.6087
209 1449 0.5784
209 1451 0.5784
209 1452 0.2300
209 1453 0.3588
209 1454 0.3588
209 1455 0.3347
209 1456 0.6893
209 1457 0.3588
209 1458 0.3588
209 1459 0.3588
209 1460 0.5784
209 1461 0.3588
209 1462 0.5784
209 1463 0.3588
209 1464 0.4771
209 1466 0.2877
209 1472 0.3347
209 1473 0.3347
209 1475 0.3588
209 1477 0.3347
209 1479 0.7719
209 1480 0.3588
209 1481 0.3588
209 1482 0.3347
209 1484 0.3347
209 1485 0.5742
209 1488 0.3588
209 1490 0.3588
209 1491 0.6092
209 1493 0.5742
209 1494 0.3588
209 1495 0.3588
209 1497 0.3588
209 1498 0.3588
209 1499 0.3588
209 1500 0.5784
209 1501 0.3347
209 1503 0.6893
209 1504 0.6893
209 1505 0.3347
209 1506 0.3588
209 1507 0.6893
209 1508 0.3347
209 1510 0.5784
209 1511 0.5784
209 1512 0.3347
209 1513 0.5784
209 1514 0.2300
209 1515 0.3347
209 1516 0.5742
209 1517 0.3347
209 1518 0.5784
209 1519 0.8749
209 1520 0.9861
209 1522 0.6549
209 1523 0.3588
209 1525 0.3347
209 1526 0.6610
209 1527 0.5742
209 1528 0.3588
209 1529 0.6893
209 1530 0.6092
209 1532 0.5784
209 1535 0.5784
209 1536 0.5178
209 1538 0.7327
209 1540 0.3588
209 1541 0.5784
209 1542 0.5784
209 1544 0.3588
209 1545 0.3588
209 1546 0.3588
209 1547 0.7690
209 1548 0.5784
209 1549 0.3347
209 1550 0.3588
209 1551 0.5178
209 1554 0.4771
209 1555 0.2300
209 1557 0.3588
209 1560 0.3588
209 1562 0.3588
209 1567 0.3347
209 1568 0.3588
209 1569 0.5784
209 1570 0.3588
209 1571 0.6920
209 1572 0.5784
209 1573 0.3347
209 1575 0.3347
209 1577 0.5784
209 1578 0.3347
209 1579 0.3588
209 1580 0.5784
209 1581 0.3347
209 1582 0.5784
209 1583 0.5784
209 1584 0.3588
209 1585 0.5742
209 1587 0.3347
209 1588 0.7394
209 1590 0.3347
209 1591 0.6610
209 1592 0.3588
209 1593 0.6092
209 1594 0.3588
209 1595 0.3347
209 1596 0.2300
209 1598 0.3588
209 1599 0.3675
209 1601 0.2300
209 1602 0.3588
209 1603 0.5784
209 1604 0.3588
209 1605 0.3588
209 1606 0.5742
209 1607 0.3347
209 1608 0.6920
209 1609 0.3588
209 1610 0.3588
209 1611 0.3588
209 1612 0.5742
209 1613 0.8922
209 1614 0.3347
209 1615 0.3347
209 1616 0.5784
209 1617 0.3588
209 1618 0.8647
209 1619 0.5784
209 1621 0.8607
209 1622 0.9880
209 1623 0.3347
209 1624 0.6920
209 1626 0.3588
209 1627 0.3588
209 1628 0.3347
209 1629 0.5784
209 1630 0.6893
209 1632 0.3588
209 1633 0.3347
209 1634 0.3347
209 1637 0.3347
209 1639 0.3588
209 1640 0.5784
209 1641 0.3588
209 1642 0.3588
209 1644 0.3347
209 1645 0.3347
209 1646 0.5784
209 1647 0.4771
209 1648 0.3588
209 1649 0.3588
209 1650 0.3347
209 1653 0.5784
209 1654 0.3588
209 1655 0.5784
209 1659 0.3588
209 1660 0.5784
209 1661 0.3588
209 1662 0.3347
209 1663 0.5784
209 1664 0.3347
209 1665 0.3588
209 1666 0.3588
209 1667 0.3347
209 1668 0.6154
209 1669 0.4771
209 1670 0.3588
209 1671 0.3588
209 1672 0.3588
209 1673 0.2300
209 1674 0.6920
209 1675 0.3347
209 1676 0.2877
209 1677 0.3347
209 1678 0.6024
209 1679 0.3347
209 1680 0.3588
209 1681 0.3588
209 1682 0.3588
209 1683 0.6092
209 1684 0.2300
209 1685 0.3347
209 1687 0.3347
209 1688 0.3347
209 1689 0.9930
209 1690 0.3588
209 1691 0.6610
209 1692 0.7394
209 1694 0.7121
209 1695 0.3588
209 1696 0.3675
209 1697 0.3588
209 1698 0.3588
209 1699 0.5679
209 1700 0.5862
209 1701 0.3347
209 1702 0.3702
209 1703 0.3588
209 1704 0.3588
209 1706 0.5601
209 1707 0.8367
209 1708 0.4085
209 1711 0.3555
209 1712 0.9992
209 1713 0.6975
209 1714 0.7155
209 1716 0.4085
209 1717 0.9990
209 1718 0.4771
209 1719 0.3588
209 1720 0.6024
209 1721 0.3588
209 1723 0.4233
209 1725 0.3588
210 211 0.3483
210 212 0.6844
210 213 0.5784
210 214 0.6085
210 215 0.9252
210 216 0.5375
210 217 0.5750
210 218 0.7640
210 219 0.5784
210 220 0.5784
210 221 0.5512
210 222 0.3483
210 223 0.8538
210 224 0.6823
210 225 0.6855
210 226 0.4735
210 228 0.8538
210 229 0.3483
210 230 0.9017
210 231 0.5784
210 232 0.5512
210 233 0.6844
210 234 0.6012
210 235 0.8967
210 236 0.8065
210 237 0.6218
210 238 0.6378
210 239 0.7419
210 240 0.8519
210 241 0.5784
210 242 0.6844
210 243 0.7519
210 244 0.3483
210 245 0.6855
210 246 0.3483
210 248 0.5512
210 249 0.6218
210 250 0.7619
210 251 0.6844
210 252 0.3483
210 253 0.6855
210 254 0.9042
210 255 0.3483
210 256 0.8248
210 258 0.8600
210 259 0.3483
210 260 0.5784
210 261 0.4134
210 262 0.8638
210 263 0.5784
210 264 0.6636
210 265 0.7058
210 266 0.6653
210 267 0.5512
210 268 0.6218
210 269 0.5512
210 270 0.7916
210 271 0.5821
210 272 0.6218
210 273 0.3483
210 274 0.8065
210 275 0.7840
210 276 0.8887
210 277 0.3483
210 278 0.5095
210 279 0.7619
210 280 0.5784
210 281 0.3483
210 282 0.3483
210 283 0.6511
210 284 0.7979
210 285 0.5821
210 286 0.7981
210 287 0.7467
210 288 0.5512
210 289 0.4898
210 290 0.8805
210 291 0.6316
210 292 0.8062
210 293 0.5784
210 294 0.6342
210 295 0.5764
210 296 0.7039
210 297 0.7695
210 298 0.5512
210 299 0.5784
210 300 0.8176
210 301 0.6902
210 302 0.3483
210 304 0.8492
210 305 0.4134
210 306 0.5784
210 307 0.3483
210 308 0.6012
210 309 0.7924
210 311 0.5784
210 313 0.7619
210 314 0.6511
210 315 0.7924
210 316 0.5977
210 317 0.5784
210 318 0.3483
210 319 0.6720
210 320 0.5977
210 321 0.8248
210 323 0.4746
210 324 0.4735
210 325 0.3483
210 326 0.5512
210 327 0.7089
210 328 0.7644
210 329 0.5512
210 330 0.5784
210 331 0.7619
210 332 0.7619
210 333 0.6218
210 334 0.7755
210 335 0.3483
210 336 0.5512
210 337 0.6087
210 338 0.6511
210 339 0.5042
210 340 0.7644
210 341 0.7452
210 342 0.7644
210 343 0.3483
210 344 0.4512
210 346 0.6844
210 347 0.6689
210 348 0.7020
210 349 0.5512
210 350 0.6844
210 351 0.5784
210 352 0.3483
210 353 0.5512
210 354 0.7916
210 355 0.3483
210 356 0.5784
210 357 0.5512
210 358 0.5784
210 359 0.5512
210 360 0.5784
210 361 0.6902
210 362 0.6844
210 363 0.7479
210 364 0.6855
210 366 0.6087
210 367 0.5095
210 368 0.6218
210 369 0.5095
210 370 0.5512
210 371 0.5450
210 372 0.6844
210 373 0.6855
210 374 0.4735
210 375 0.7942
210 376 0.5696
210 377 0.7388
210 378 0.4025
210 379 0.9185
210 380 0.7619
210 381 0.6844
210 382 0.5784
210 383 0.8442
210 384 0.7835
210 385 0.6844
210 386 0.8869
210 387 0.3483
210 388 0.6511
210 389 0.5512
210 390 0.4746
210 391 0.7924
210 392 0.7519
210 393 0.6855
210 394 0.5095
210 395 0.4735
210 396 0.6699
210 397 0.3483
210 398 0.7313
210 399 0.7924
210 400 0.5784
210 402 0.6218
210 403 0.4946
210 404 0.5784
210 405 0.3483
210 406 0.7916
210 407 0.5784
210 408 0.7058
210 409 0.5769
210 410 0.5512
210 411 0.6855
210 412 0.7020
210 413 0.6844
210 414 0.6855
210 415 0.5819
210 416 0.5512
210 418 0.7981
210 419 0.5784
210 420 0.5784
210 421 0.6844
210 422 0.5512
210 423 0.3955
210 424 0.7644
210 425 0.6970
210 427 0.5784
210 428 0.7533
210 430 0.4025
210 431 0.3483
210 433 0.7519
210 434 0.9765
210 435 0.3483
210 436 0.3483
210 438 0.9213
210 439 0.6855
210 440 0.5784
210 441 0.8065
210 442 0.8781
210 443 0.3483
210 445 0.5977
210 447 0.6817
210 448 0.5784
210 449 0.8920
210 450 0.5512
210 451 0.5095
210 452 0.7247
210 453 0.6844
210 454 0.9880
210 455 0.6844
210 456 0.6844
210 457 0.5787
210 458 0.6218
210 459 0.5787
210 460 0.6855
210 461 0.7163
210 462 0.3483
210 463 0.7020
210 464 0.4904
210 465 0.3483
210 466 0.9825
210 467 0.3483
210 468 0.5095
210 469 0.3951
210 470 0.6442
210 471 0.6218
210 472 0.6333
210 475 0.7924
210 476 0.7519
210 478 0.5095
210 479 0.5784
210 480 0.6511
210 481 0.6218
210 482 0.3483
210 484 0.6844
210 485 0.6511
210 486 0.3483
210 487 0.3483
210 488 0.4486
210 489 0.5512
210 490 0.6855
210 491 0.6218
210 492 0.6012
210 493 0.3483
210 494 0.6855
210 495 0.9287
210 496 0.6855
210 497 0.8446
210 498 0.7241
210 499 0.5512
210 500 0.3483
210 501 0.6218
210 503 0.3483
210 504 0.5512
210 505 0.6668
210 506 0.8176
210 507 0.6844
210 508 0.5512
210 509 0.5784
210 510 0.5784
210 511 0.9330
210 512 0.5784
210 513 0.3483
210 514 0.7924
210 515 0.7519
210 516 0.6855
210 517 0.7313
210 518 0.5784
210 519 0.5512
210 520 0.5784
210 521 0.6855
210 522 0.3483
210 523 0.5512
210 524 0.3483
210 526 0.3483
210 527 0.6089
210 528 0.5363
210 529 0.3483
210 530 0.6087
210 531 0.5512
210 532 0.5512
210 533 0.5784
210 534 0.7619
210 535 0.5784
210 536 0.9016
210 537 0.5784
210 538 0.5784
210 539 0.5784
210 540 0.7924
210 541 0.7313
210 542 0.7916
210 543 0.3483
210 544 0.6855
210 545 0.3483
210 546 0.5784
210 547 0.5784
210 548 0.6511
210 549 0.5965
210 551 0.3483
210 552 0.5784
210 553 0.3483
210 554 0.5512
210 555 0.8359
210 556 0.3483
210 557 0.5512
210 558 0.6855
210 559 0.5095
210 560 0.8245
210 561 0.6354
210 562 0.6218
210 563 0.7282
210 564 0.5784
210 565 0.5512
210 566 0.3483
210 567 0.4134
210 568 0.9895
210 569 0.6566
210 570 0.3483
210 571 0.7916
210 572 0.7918
210 573 0.5363
210 574 0.5723
210 575 0.7916
210 576 0.7519
210 577 0.5512
210 578 0.4735
210 579 0.6855
210 581 0.5784
210 582 0.5324
210 583 0.6218
210 584 0.5566
210 585 0.6855
210 586 0.5784
210 587 0.7644
210 589 0.6511
210 590 0.9509
210 591 0.5095
210 592 0.5512
210 593 0.4134
210 594 0.3483
210 595 0.4746
210 598 0.3483
210 599 0.6511
210 600 0.7619
210 601 0.5784
210 602 0.7916
210 604 0.5784
210 605 0.3483
210 606 0.5787
210 607 0.5512
210 608 0.3483
210 609 0.5787
210 610 0.7916
210 611 0.3483
210 612 0.5512
210 613 0.8184
210 614 0.8867
210 615 0.3483
210 617 0.3483
210 618 0.5821
210 619 0.8266
210 621 0.8066
210 622 0.3483
210 623 0.5512
210 624 0.5784
210 625 0.6511
210 626 0.7972
210 627 0.5512
210 628 0.7533
210 629 0.5784
210 630 0.3483
210 631 0.7638
210 632 0.6416
210 633 0.7225
210 634 0.6511
210 635 0.5512
210 636 0.3483
210 637 0.8446
210 638 0.5512
210 639 0.9926
210 640 0.3483
210 641 0.5977
210 642 0.6844
210 643 0.5819
210 645 0.5512
210 646 0.5512
210 647 0.3483
210 648 0.5821
210 649 0.3483
210 650 0.8178
210 651 0.6468
210 652 0.6087
210 653 0.7644
210 654 0.5784
210 655 0.5512
210 656 0.7108
210 657 0.5784
210 658 0.7107
210 659 0.6844
210 660 0.3483
210 661 0.6218
210 662 0.5512
210 663 0.5512
210 664 0.8569
210 665 0.4134
210 666 0.5095
210 667 0.6218
210 668 0.3483
210 669 0.5784
210 671 0.7638
210 672 0.5784
210 673 0.5977
210 674 0.5784
210 675 0.6844
210 676 0.7353
210 677 0.5784
210 678 0.5787
210 679 0.5977
210 680 0.6844
210 681 0.3483
210 682 0.5784
210 683 0.3483
210 684 0.6855
210 685 0.6742
210 686 0.6844
210 687 0.7924
210 688 0.5784
210 689 0.9274
210 690 0.5784
210 691 0.7942
210 692 0.7166
210 693 0.3483
210 694 0.5784
210 695 0.7916
210 696 0.4735
210 697 0.6844
210 698 0.7936
210 699 0.5512
210 700 0.5095
210 701 0.3483
210 702 0.6381
210 703 0.5512
210 704 0.3831
210 705 0.5512
210 706 0.8900
210 707 0.5784
210 708 0.3483
210 709 0.5784
210 710 0.6511
210 711 0.9524
210 712 0.6218
210 713 0.4735
210 714 0.6844
210 715 0.3483
210 716 0.5784
210 717 0.5512
210 718 0.6844
210 720 0.4746
210 721 0.5512
210 722 0.8713
210 723 0.5828
210 724 0.4746
210 725 0.5784
210 726 0.7134
210 727 0.5512
210 728 0.7313
210 729 0.5784
210 730 0.3483
210 731 0.6844
210 732 0.8509
210 733 0.7619
210 734 0.3483
210 735 0.6855
210 736 0.9259
210 737 0.9478
210 738 0.3483
210 740 0.8589
210 741 0.7519
210 742 0.5555
210 743 0.5512
210 744 0.5702
210 745 0.5324
210 746 0.5784
210 747 0.5784
210 748 0.9414
210 750 0.8542
210 751 0.7058
210 752 0.8530
210 753 0.6844
210 754 0.4134
210 755 0.6409
210 756 0.3483
210 757 0.3483
210 758 0.6855
210 759 0.5512
210 760 0.5784
210 761 0.3483
210 762 0.5512
210 763 0.8563
210 764 0.5512
210 765 0.5784
210 766 0.5784
210 767 0.6855
210 768 0.9870
210 769 0.5512
210 770 0.7916
210 771 0.7056
210 772 0.3483
210 773 0.5784
210 774 0.3483
210 775 0.4946
210 776 0.4173
210 777 0.6218
210 778 0.5512
210 780 0.7924
210 781 0.3483
210 782 0.5512
210 783 0.5784
210 784 0.5724
210 785 0.6218
210 786 0.8319
210 787 0.6844
210 788 0.6087
210 789 0.7020
210 791 0.6290
210 792 0.5512
210 793 0.8183
210 794 0.7378
210 796 0.5512
210 797 0.5784
210 798 0.5784
210 799 0.6687
210 800 0.5784
210 801 0.7644
210 802 0.3483
210 803 0.7924
210 804 0.8825
210 805 0.5957
210 806 0.6855
210 807 0.6844
210 808 0.8577
210 809 0.6511
210 810 0.7916
210 811 0.9767
210 812 0.3483
210 813 0.5784
210 814 0.5512
210 815 0.5784
210 816 0.5787
210 817 0.5512
210 818 0.5784
210 819 0.5784
210 820 0.3483
210 821 0.5819
210 822 0.3483
210 823 0.9074
210 824 0.5784
210 825 0.8867
210 827 0.5821
210 828 0.5784
210 829 0.5512
210 830 0.3483
210 831 0.6815
210 832 0.8248
210 833 0.5784
210 834 0.5787
210 835 0.5784
210 836 0.7997
210 837 0.5784
210 838 0.6298
210 839 0.3483
210 840 0.3483
210 841 0.5512
210 842 0.5784
210 843 0.5512
210 845 0.5784
210 846 0.7619
210 847 0.4746
210 848 0.6844
210 849 0.6012
210 850 0.3483
210 851 0.8368
210 852 0.3483
210 854 0.3483
210 855 0.5512
210 856 0.6844
210 858 0.7916
210 859 0.5784
210 860 0.6844
210 861 0.5512
210 862 0.5784
210 864 0.5627
210 865 0.5784
210 866 0.5784
210 867 0.5095
210 868 0.6844
210 869 0.7100
210 870 0.6639
210 871 0.6619
210 872 0.9988
210 874 0.3951
210 875 0.5095
210 876 0.5784
210 877 0.3483
210 878 0.6844
210 880 0.8446
210 881 0.5095
210 882 0.3483
210 883 0.6012
210 884 0.6087
210 886 0.5784
210 887 0.7319
210 888 0.5784
210 889 0.6855
210 890 0.5512
210 891 0.9313
210 893 0.7644
210 894 0.5512
210 895 0.6218
210 896 0.5512
210 897 0.5784
210 898 0.7475
210 899 0.3483
210 900 0.4735
210 901 0.7924
210 903 0.9175
210 905 0.5512
210 906 0.3483
210 907 0.5784
210 908 0.7619
210 909 0.8867
210 910 0.4746
210 911 0.5784
210 912 0.3483
210 913 0.6844
210 914 0.6511
210 915 0.8945
210 916 0.3483
210 917 0.4746
210 918 0.3483
210 919 0.7142
210 920 0.5512
210 921 0.5042
210 922 0.6844
210 924 0.6844
210 928 0.5095
210 929 0.5512
210 930 0.6047
210 932 0.3483
210 933 0.5512
210 934 0.5784
210 935 0.7374
210 936 0.7619
210 937 0.4746
210 938 0.7916
210 939 0.3483
210 940 0.5512
210 941 0.5784
210 942 0.5370
210 943 0.5512
210 944 0.5512
210 946 0.5512
210 947 0.6844
210 948 0.5784
210 949 0.5784
210 950 0.4271
210 951 0.5512
210 952 0.6855
210 953 0.9239
210 954 0.5095
210 955 0.5512
210 956 0.3483
210 957 0.3483
210 958 0.4746
210 959 0.5512
210 960 0.9886
210 961 0.5784
210 962 0.5784
210 964 0.6511
210 965 0.7058
210 966 0.6844
210 967 0.5784
210 968 0.9046
210 969 0.5512
210 971 0.3483
210 972 0.6087
210 973 0.5962
210 974 0.9980
210 976 0.6902
210 977 0.3483
210 978 0.6855
210 979 0.8088
210 980 0.5512
210 981 0.4134
210 982 0.3483
210 983 0.3483
210 984 0.4735
210 985 0.5784
210 986 0.5095
210 987 0.7156
210 989 0.6844
210 990 0.6218
210 991 0.5784
210 992 0.5784
210 993 0.8748
210 994 0.9585
210 995 0.8434
210 996 0.5784
210 1000 0.3483
210 1001 0.5512
210 1002 0.8656
210 1003 0.8940
210 1004 0.8846
210 1006 0.7058
210 1007 0.9490
210 1008 0.5512
210 1013 0.5784
210 1014 0.7916
210 1015 0.6844
210 1016 0.3483
210 1017 0.5512
210 1018 0.5784
210 1019 0.6087
210 1020 0.7916
210 1022 0.7916
210 1023 0.5512
210 1024 0.3858
210 1026 0.5784
210 1027 0.6844
210 1028 0.5512
210 1029 0.6902
210 1030 0.7644
210 1032 0.5512
210 1033 0.7808
210 1034 0.5784
210 1035 0.5512
210 1036 0.6012
210 1037 0.5784
210 1038 0.5784
210 1039 0.4746
210 1040 0.3483
210 1041 0.5784
210 1042 0.7020
210 1043 0.5512
210 1044 0.5784
210 1045 0.3483
210 1046 0.4746
210 1047 0.3483
210 1048 0.7916
210 1049 0.4735
210 1050 0.5095
210 1051 0.5784
210 1052 0.5784
210 1053 0.5977
210 1054 0.3483
210 1055 0.5784
210 1056 0.6909
210 1057 0.6844
210 1058 0.5784
210 1059 0.6844
210 1060 0.7374
210 1061 0.6844
210 1062 0.5784
210 1063 0.8176
210 1064 0.5787
210 1065 0.5512
210 1066 0.7924
210 1067 0.6855
210 1068 0.7089
210 1069 0.5784
210 1070 0.7096
210 1072 0.5512
210 1073 0.3483
210 1075 0.5512
210 1076 0.5784
210 1077 0.3483
210 1078 0.5784
210 1079 0.8111
210 1080 0.3483
210 1081 0.5784
210 1082 0.6844
210 1083 0.9601
210 1084 0.5512
210 1085 0.3483
210 1087 0.3483
210 1089 0.5512
210 1090 0.6012
210 1093 0.3483
210 1094 0.6844
210 1095 0.3483
210 1097 0.3483
210 1099 0.9967
210 1102 0.3483
210 1103 0.3483
210 1104 0.8569
210 1105 0.7924
210 1106 0.6126
210 1107 0.3483
210 1108 0.3483
210 1109 0.3483
210 1110 0.3483
210 1111 0.5512
210 1113 0.3483
210 1115 0.3483
210 1116 0.5512
210 1117 0.5095
210 1118 0.3483
210 1119 0.3483
210 1123 0.5512
210 1124 0.5512
210 1125 0.4271
210 1126 0.6844
210 1127 0.5784
210 1128 0.8248
210 1129 0.8253
210 1130 0.8563
210 1131 0.3483
210 1132 0.5784
210 1133 0.6844
210 1134 0.5784
210 1135 0.9724
210 1136 0.4746
210 1138 0.4637
210 1139 0.3483
210 1141 0.5784
210 1142 0.5512
210 1143 0.7619
210 1145 0.5784
210 1146 0.5512
210 1147 0.5821
210 1148 0.5784
210 1149 0.5784
210 1150 0.6855
210 1151 0.3483
210 1152 0.7924
210 1153 0.5095
210 1154 0.9007
210 1155 0.3483
210 1156 0.3483
210 1157 0.3483
210 1158 0.6855
210 1159 0.5512
210 1160 0.5784
210 1161 0.5561
210 1162 0.5512
210 1163 0.9087
210 1165 0.5784
210 1166 0.5784
210 1167 0.6368
210 1169 0.6504
210 1172 0.3483
210 1174 0.5787
210 1176 0.5784
210 1177 0.5512
210 1178 0.3483
210 1180 0.6737
210 1181 0.6844
210 1182 0.5512
210 1183 0.4746
210 1184 0.4746
210 1185 0.5095
210 1186 0.5784
210 1187 0.5227
210 1188 0.3483
210 1189 0.5512
210 1191 0.5095
210 1192 0.5784
210 1193 0.5575
210 1194 0.5977
210 1195 0.6855
210 1196 0.3483
210 1197 0.3483
210 1198 0.3483
210 1199 0.7058
210 1200 0.5512
210 1201 0.5784
210 1202 0.6844
210 1203 0.5784
210 1204 0.3483
210 1205 0.5784
210 1206 0.7924
210 1208 0.6844
210 1209 0.5784
210 1210 0.8457
210 1211 0.8757
210 1212 0.5512
210 1213 0.5095
210 1214 0.4025
210 1215 0.5784
210 1216 0.4746
210 1217 0.5512
210 1218 0.5784
210 1219 0.5095
210 1220 0.3483
210 1221 0.5512
210 1222 0.3483
210 1223 0.5095
210 1224 0.3483
210 1225 0.9820
210 1226 0.6844
210 1227 0.5784
210 1228 0.3483
210 1229 0.6844
210 1230 0.5784
210 1231 0.3483
210 1233 0.5784
210 1234 0.3483
210 1235 0.5784
210 1236 0.5784
210 1237 0.5512
210 1238 0.4134
210 1240 0.7644
210 1241 0.5095
210 1242 0.8727
210 1244 0.3483
210 1247 0.7644
210 1248 0.3483
210 1250 0.6844
210 1251 0.7058
210 1252 0.5512
210 1253 0.3483
210 1254 0.3483
210 1255 0.5784
210 1256 0.7216
210 1257 0.3483
210 1258 0.7924
210 1259 0.5787
210 1260 0.8629
210 1262 0.6855
210 1263 0.7058
210 1265 0.6855
210 1266 0.3483
210 1267 0.5512
210 1268 0.7156
210 1269 0.6854
210 1270 0.7058
210 1271 0.8078
210 1272 0.5962
210 1273 0.5962
210 1275 0.8530
210 1276 0.7156
210 1279 0.7005
210 1280 0.6844
210 1281 0.5512
210 1282 0.3483
210 1283 0.5906
210 1284 0.5784
210 1286 0.5512
210 1287 0.6844
210 1288 0.6218
210 1289 0.5512
210 1290 0.5784
210 1291 0.3483
210 1292 0.9339
210 1293 0.5784
210 1295 0.3483
210 1297 0.3483
210 1298 0.7042
210 1299 0.5095
210 1300 0.3483
210 1301 0.6855
210 1303 0.8001
210 1304 0.5512
210 1305 0.5784
210 1306 0.3483
210 1307 0.3483
210 1308 0.5784
210 1309 0.3483
210 1310 0.4746
210 1311 0.5784
210 1315 0.5784
210 1316 0.9945
210 1318 0.5784
210 1320 0.3483
210 1322 0.4746
210 1323 0.5784
210 1324 0.3483
210 1326 0.5784
210 1327 0.5784
210 1329 0.3483
210 1330 0.6844
210 1331 0.5512
210 1333 0.5784
210 1334 0.3483
210 1335 0.5512
210 1336 0.5784
210 1337 0.3483
210 1339 0.5784
210 1340 0.5512
210 1341 0.3483
210 1342 0.8065
210 1343 0.5784
210 1344 0.6855
210 1346 0.3483
210 1347 0.3483
210 1348 0.5784
210 1349 0.5512
210 1350 0.4746
210 1351 0.3483
210 1352 0.5784
210 1353 0.3483
210 1354 0.5784
210 1355 0.3483
210 1356 0.5784
210 1357 0.5784
210 1360 0.5784
210 1361 0.3483
210 1362 0.5784
210 1363 0.5784
210 1364 0.3483
210 1367 0.7619
210 1368 0.5512
210 1369 0.8867
210 1370 0.9350
210 1372 0.3483
210 1374 0.5784
210 1375 0.3483
210 1377 0.3483
210 1378 0.5784
210 1379 0.5784
210 1380 0.5784
210 1381 0.3483
210 1382 0.4746
210 1383 0.3483
210 1384 0.3483
210 1386 0.8095
210 1387 0.6855
210 1388 0.6860
210 1389 0.7090
210 1390 0.5512
210 1393 0.4134
210 1394 0.5512
210 1395 0.5784
210 1396 0.5512
210 1397 0.8414
210 1398 0.6844
210 1399 0.5784
210 1401 0.5784
210 1402 0.5784
210 1405 0.3483
210 1406 0.5784
210 1407 0.5784
210 1408 0.3483
210 1409 0.4134
210 1410 0.5828
210 1411 0.3483
210 1412 0.5784
210 1413 0.5784
210 1415 0.3858
210 1416 0.5512
210 1418 0.6087
210 1419 0.7020
210 1421 0.5512
210 1422 0.3483
210 1423 0.5095
210 1424 0.4746
210 1425 0.6218
210 1426 0.7916
210 1427 0.4486
210 1428 0.5787
210 1431 0.3483
210 1434 0.9555
210 1435 0.9114
210 1436 0.5784
210 1437 0.5095
210 1438 0.4271
210 1439 0.5512
210 1440 0.5782
210 1441 0.3483
210 1443 0.3483
210 1446 0.5784
210 1448 0.5512
210 1449 0.5512
210 1451 0.5512
210 1452 0.4746
210 1453 0.3483
210 1454 0.3483
210 1455 0.5784
210 1456 0.6855
210 1457 0.3483
210 1458 0.3483
210 1459 0.3483
210 1460 0.5512
210 1461 0.3483
210 1462 0.5512
210 1463 0.3483
210 1464 0.5095
210 1466 0.4735
210 1472 0.5784
210 1473 0.5784
210 1475 0.3483
210 1477 0.5784
210 1479 0.8248
210 1480 0.3483
210 1481 0.3483
210 1482 0.5784
210 1484 0.6087
210 1485 0.6844
210 1488 0.3483
210 1490 0.3483
210 1491 0.6012
210 1493 0.6844
210 1494 0.3483
210 1495 0.3483
210 1497 0.3483
210 1498 0.3483
210 1499 0.3483
210 1500 0.5512
210 1501 0.5784
210 1503 0.6855
210 1504 0.6855
210 1505 0.5784
210 1506 0.3483
210 1507 0.6855
210 1508 0.5784
210 1510 0.5512
210 1511 0.5787
210 1512 0.5784
210 1513 0.5512
210 1514 0.4746
210 1515 0.5784
210 1516 0.6844
210 1517 0.5784
210 1518 0.5512
210 1519 0.9059
210 1520 0.9885
210 1522 0.6511
210 1523 0.3483
210 1525 0.5784
210 1526 0.6659
210 1527 0.6844
210 1528 0.3483
210 1529 0.6855
210 1530 0.6012
210 1532 0.5512
210 1535 0.5512
210 1536 0.6218
210 1538 0.7924
210 1540 0.3483
210 1541 0.5512
210 1542 0.5512
210 1544 0.3483
210 1545 0.3483
210 1546 0.3483
210 1547 0.7644
210 1548 0.5512
210 1549 0.5784
210 1550 0.3483
210 1551 0.6218
210 1554 0.5095
210 1555 0.4746
210 1557 0.3483
210 1560 0.3483
210 1562 0.3483
210 1567 0.5784
210 1568 0.3483
210 1569 0.5512
210 1570 0.3483
210 1571 0.7916
210 1572 0.5512
210 1573 0.5784
210 1575 0.5784
210 1577 0.5512
210 1578 0.5784
210 1579 0.3483
210 1580 0.5512
210 1581 0.5784
210 1582 0.5512
210 1583 0.5512
210 1584 0.3483
210 1585 0.6844
210 1587 0.5784
210 1588 0.7519
210 1590 0.5784
210 1591 0.7619
210 1592 0.3483
210 1593 0.6012
210 1594 0.3483
210 1595 0.5784
210 1596 0.4746
210 1598 0.3483
210 1599 0.5784
210 1601 0.4746
210 1602 0.3483
210 1603 0.5512
210 1604 0.3483
210 1605 0.3483
210 1606 0.6844
210 1607 0.5784
210 1608 0.7916
210 1609 0.3483
210 1610 0.3483
210 1611 0.3483
210 1612 0.6844
210 1613 0.9255
210 1614 0.5784
210 1615 0.5784
210 1616 0.5512
210 1617 0.3483
210 1618 0.8867
210 1619 0.5512
210 1621 0.8446
210 1622 0.9893
210 1623 0.5784
210 1624 0.7916
210 1626 0.3483
210 1627 0.3483
210 1628 0.5784
210 1629 0.5512
210 1630 0.6855
210 1632 0.3483
210 1633 0.5784
210 1634 0.5784
210 1637 0.5784
210 1639 0.3483
210 1640 0.5512
210 1641 0.3483
210 1642 0.3483
210 1644 0.5784
210 1645 0.5784
210 1646 0.5512
210 1647 0.6284
210 1648 0.3483
210 1649 0.3483
210 1650 0.5784
210 1653 0.5512
210 1654 0.3483
210 1655 0.5512
210 1659 0.3483
210 1660 0.5512
210 1661 0.3483
210 1662 0.5784
210 1663 0.5787
210 1664 0.5784
210 1665 0.3483
210 1666 0.3483
210 1667 0.5784
210 1668 0.7942
210 1669 0.5926
210 1670 0.3483
210 1671 0.3483
210 1672 0.3483
210 1673 0.4746
210 1674 0.8058
210 1675 0.5784
210 1676 0.5900
210 1677 0.4025
210 1678 0.6844
210 1679 0.6087
210 1680 0.3483
210 1681 0.3483
210 1682 0.3483
210 1683 0.7005
210 1684 0.4746
210 1685 0.6087
210 1687 0.6087
210 1688 0.5784
210 1689 0.9989
210 1690 0.3483
210 1691 0.8145
210 1692 0.7880
210 1694 0.7916
210 1695 0.3483
210 1696 0.5784
210 1697 0.3483
210 1698 0.3483
210 1699 0.4271
210 1700 0.5095
210 1701 0.5784
210 1702 0.4735
210 1703 0.3483
210 1704 0.3483
210 1706 0.4271
210 1707 0.7833
210 1708 0.3483
210 1711 0.4735
210 1712 0.9854
210 1713 0.6774
210 1714 0.6574
210 1716 0.3483
210 1717 0.9711
210 1718 0.5095
210 1719 0.3483
210 1720 0.6844
210 1721 0.3483
210 1723 0.5784
210 1725 0.3483
211 212 0.5743
211 213 0.3588
211 214 0.4221
211 215 0.8608
211 216 0.3505
211 217 0.4179
211 218 0.8472
211 219 0.4085
211 220 0.3588
211 221 0.3483
211 222 0.1459
211 223 0.7965
211 224 0.5347
211 225 0.5719
211 226 0.2564
211 228 0.7965
211 229 0.1459
211 230 0.8159
211 231 0.3588
211 232 0.3483
211 233 0.5743
211 234 0.4348
211 235 0.8486
211 236 0.6881
211 237 0.4700
211 238 0.4406
211 239 0.3340
211 240 0.7814
211 241 0.3588
211 242 0.6334
211 243 0.6425
211 244 0.1459
211 245 0.5719
211 246 0.1459
211 248 0.3483
211 249 0.4700
211 250 0.5556
211 251 0.5743
211 252 0.1459
211 253 0.5719
211 254 0.9152
211 255 0.1459
211 256 0.7658
211 258 0.7747
211 259 0.1459
211 260 0.3588
211 261 0.1459
211 262 0.9319
211 263 0.3588
211 264 0.5502
211 265 0.5743
211 266 0.7055
211 267 0.3483
211 268 0.4700
211 269 0.3483
211 270 0.6881
211 271 0.4084
211 272 0.4700
211 273 0.1459
211 274 0.6881
211 275 0.8122
211 276 0.8434
211 277 0.1459
211 278 0.3821
211 279 0.6522
211 280 0.3588
211 281 0.1459
211 282 0.1459
211 283 0.5139
211 284 0.8387
211 285 0.4084
211 286 0.7352
211 287 0.6576
211 288 0.3483
211 289 0.4976
211 290 0.8235
211 291 0.4644
211 292 0.7369
211 293 0.3588
211 294 0.4597
211 295 0.4155
211 296 0.4339
211 297 0.6956
211 298 0.3483
211 299 0.3588
211 300 0.8147
211 301 0.6523
211 302 0.1459
211 304 0.9303
211 305 0.1459
211 306 0.3588
211 307 0.1459
211 308 0.4348
211 309 0.6911
211 311 0.3588
211 313 0.6522
211 314 0.5793
211 315 0.6911
211 316 0.5582
211 317 0.3588
211 318 0.1459
211 319 0.5635
211 320 0.4929
211 321 0.7658
211 323 0.2441
211 324 0.2564
211 325 0.1459
211 326 0.3483
211 327 0.5719
211 328 0.8557
211 329 0.3483
211 330 0.3588
211 331 0.6522
211 332 0.6522
211 333 0.4700
211 334 0.8069
211 335 0.1459
211 336 0.3483
211 337 0.3588
211 338 0.5139
211 339 0.5189
211 340 0.7227
211 341 0.6538
211 342 0.7285
211 343 0.1459
211 344 0.4621
211 346 0.5743
211 347 0.3823
211 348 0.5719
211 349 0.3483
211 350 0.5743
211 351 0.3588
211 352 0.1459
211 353 0.3483
211 354 0.6881
211 355 0.1459
211 356 0.3588
211 357 0.3483
211 358 0.3588
211 359 0.3951
211 360 0.3588
211 361 0.5452
211 362 0.5743
211 363 0.7670
211 364 0.5719
211 366 0.3588
211 367 0.2813
211 368 0.5323
211 369 0.2813
211 370 0.3483
211 371 0.3513
211 372 0.5743
211 373 0.5719
211 374 0.3639
211 375 0.6522
211 376 0.4122
211 377 0.7337
211 378 0.3588
211 379 0.7866
211 380 0.6522
211 381 0.5743
211 382 0.3588
211 383 0.7949
211 384 0.8275
211 385 0.5743
211 386 0.6868
211 387 0.1459
211 388 0.5139
211 389 0.3483
211 390 0.2441
211 391 0.6911
211 392 0.7169
211 393 0.5719
211 394 0.2813
211 395 0.2564
211 396 0.5541
211 397 0.1459
211 398 0.5969
211 399 0.6911
211 400 0.3588
211 402 0.4700
211 403 0.3186
211 404 0.3588
211 405 0.1459
211 406 0.6881
211 407 0.3588
211 408 0.5743
211 409 0.4403
211 410 0.3483
211 411 0.5719
211 412 0.5719
211 413 0.5743
211 414 0.5719
211 415 0.2813
211 416 0.3483
211 418 0.7352
211 419 0.3588
211 420 0.3588
211 421 0.5743
211 422 0.3483
211 423 0.2564
211 424 0.6584
211 425 0.5486
211 427 0.3588
211 428 0.6744
211 430 0.3588
211 431 0.1459
211 433 0.6425
211 434 0.9637
211 435 0.1459
211 436 0.1459
211 438 0.7577
211 439 0.5719
211 440 0.3588
211 441 0.6881
211 442 0.8164
211 443 0.1459
211 445 0.5780
211 447 0.5815
211 448 0.3588
211 449 0.6903
211 450 0.3483
211 451 0.2813
211 452 0.6386
211 453 0.5743
211 454 0.9835
211 455 0.5743
211 456 0.5743
211 457 0.3483
211 458 0.4700
211 459 0.3483
211 460 0.5719
211 461 0.5449
211 462 0.1459
211 463 0.5719
211 464 0.4339
211 465 0.1459
211 466 0.9761
211 467 0.1459
211 468 0.3275
211 469 0.1459
211 470 0.4843
211 471 0.4700
211 472 0.7669
211 475 0.6911
211 476 0.6425
211 478 0.2813
211 479 0.3588
211 480 0.5139
211 481 0.4700
211 482 0.1459
211 484 0.5743
211 485 0.5139
211 486 0.1459
211 487 0.1459
211 488 0.2772
211 489 0.3483
211 490 0.5719
211 491 0.5973
211 492 0.4935
211 493 0.1459
211 494 0.5719
211 495 0.8984
211 496 0.5719
211 497 0.7965
211 498 0.7823
211 499 0.3483
211 500 0.1459
211 501 0.4700
211 503 0.1459
211 504 0.3483
211 505 0.4339
211 506 0.7564
211 507 0.5743
211 508 0.3483
211 509 0.3588
211 510 0.3588
211 511 0.8213
211 512 0.3588
211 513 0.1459
211 514 0.7410
211 515 0.6425
211 516 0.5719
211 517 0.6054
211 518 0.3588
211 519 0.4134
211 520 0.4085
211 521 0.5719
211 522 0.1459
211 523 0.4134
211 524 0.1459
211 526 0.1459
211 527 0.3588
211 528 0.3656
211 529 0.1459
211 530 0.3588
211 531 0.3483
211 532 0.3483
211 533 0.3588
211 534 0.6522
211 535 0.3588
211 536 0.9429
211 537 0.3588
211 538 0.3588
211 539 0.3588
211 540 0.6911
211 541 0.6054
211 542 0.6881
211 543 0.1459
211 544 0.5719
211 545 0.1459
211 546 0.3588
211 547 0.3588
211 548 0.5139
211 549 0.4700
211 551 0.1459
211 552 0.3588
211 553 0.1459
211 554 0.3483
211 555 0.7380
211 556 0.1459
211 557 0.3483
211 558 0.5719
211 559 0.2813
211 560 0.8754
211 561 0.4700
211 562 0.4700
211 563 0.6042
211 564 0.3588
211 565 0.3483
211 566 0.1459
211 567 0.1459
211 568 0.9989
211 569 0.5545
211 570 0.1459
211 571 0.6881
211 572 0.5906
211 573 0.3656
211 574 0.3710
211 575 0.6881
211 576 0.6425
211 577 0.3483
211 578 0.2564
211 579 0.5719
211 581 0.3588
211 582 0.5113
211 583 0.5973
211 584 0.3832
211 585 0.5719
211 586 0.3588
211 587 0.6584
211 589 0.5139
211 590 0.9270
211 591 0.2813
211 592 0.3483
211 593 0.1459
211 594 0.1459
211 595 0.2441
211 598 0.1459
211 599 0.5972
211 600 0.6522
211 601 0.3588
211 602 0.6881
211 604 0.3588
211 605 0.1459
211 606 0.3483
211 607 0.3483
211 608 0.1459
211 609 0.3483
211 610 0.6881
211 611 0.1459
211 612 0.3483
211 613 0.8416
211 614 0.8474
211 615 0.1459
211 617 0.1459
211 618 0.4084
211 619 0.7689
211 621 0.6054
211 622 0.1459
211 623 0.3483
211 624 0.3588
211 625 0.5139
211 626 0.7260
211 627 0.3483
211 628 0.5824
211 629 0.3588
211 630 0.1459
211 631 0.6887
211 632 0.5294
211 633 0.6070
211 634 0.5139
211 635 0.3483
211 636 0.1459
211 637 0.7965
211 638 0.3483
211 639 0.9987
211 640 0.1459
211 641 0.4339
211 642 0.5743
211 643 0.2813
211 645 0.3483
211 646 0.3483
211 647 0.1459
211 648 0.5750
211 649 0.1459
211 650 0.6425
211 651 0.4789
211 652 0.3588
211 653 0.6584
211 654 0.3588
211 655 0.3483
211 656 0.5743
211 657 0.4085
211 658 0.5139
211 659 0.5743
211 660 0.1459
211 661 0.4700
211 662 0.3483
211 663 0.3483
211 664 0.7949
211 665 0.1459
211 666 0.3821
211 667 0.4700
211 668 0.1459
211 669 0.3588
211 671 0.6887
211 672 0.3588
211 673 0.4339
211 674 0.3588
211 675 0.5743
211 676 0.3815
211 677 0.3588
211 678 0.3483
211 679 0.4339
211 680 0.5743
211 681 0.1459
211 682 0.3588
211 683 0.1459
211 684 0.5719
211 685 0.7161
211 686 0.5743
211 687 0.6911
211 688 0.3588
211 689 0.9000
211 690 0.3588
211 691 0.6522
211 692 0.6704
211 693 0.1459
211 694 0.3588
211 695 0.6881
211 696 0.2564
211 697 0.5743
211 698 0.7214
211 699 0.3483
211 700 0.2813
211 701 0.1459
211 702 0.4139
211 703 0.3483
211 704 0.1900
211 705 0.3483
211 706 0.9766
211 707 0.1671
211 708 0.1459
211 709 0.3588
211 710 0.5972
211 711 0.9282
211 712 0.5965
211 713 0.2564
211 714 0.5743
211 715 0.1459
211 716 0.3588
211 717 0.4134
211 718 0.5743
211 720 0.2441
211 721 0.3483
211 722 0.9078
211 723 0.2564
211 724 0.2441
211 725 0.3588
211 726 0.6215
211 727 0.3483
211 728 0.6054
211 729 0.3588
211 730 0.1459
211 731 0.5743
211 732 0.7910
211 733 0.6522
211 734 0.1459
211 735 0.5719
211 736 0.8960
211 737 0.9229
211 738 0.1459
211 740 0.6962
211 741 0.6425
211 742 0.2237
211 743 0.3483
211 744 0.3980
211 745 0.3646
211 746 0.3588
211 747 0.3588
211 748 0.9119
211 750 0.7970
211 751 0.5743
211 752 0.8057
211 753 0.5743
211 754 0.1459
211 755 0.4748
211 756 0.1459
211 757 0.1459
211 758 0.5719
211 759 0.3483
211 760 0.3588
211 761 0.1459
211 762 0.3483
211 763 0.8022
211 764 0.3483
211 765 0.3588
211 766 0.4085
211 767 0.5719
211 768 0.9833
211 769 0.3483
211 770 0.6881
211 771 0.7542
211 772 0.1459
211 773 0.3588
211 774 0.1459
211 775 0.3186
211 776 0.2451
211 777 0.4700
211 778 0.3483
211 780 0.6911
211 781 0.1459
211 782 0.3483
211 783 0.3588
211 784 0.5499
211 785 0.4700
211 786 0.7675
211 787 0.5743
211 788 0.3588
211 789 0.5719
211 791 0.3588
211 792 0.3483
211 793 0.6504
211 794 0.6179
211 796 0.3483
211 797 0.3588
211 798 0.4085
211 799 0.5134
211 800 0.3588
211 801 0.7354
211 802 0.1459
211 803 0.7279
211 804 0.8342
211 805 0.4106
211 806 0.5719
211 807 0.5743
211 808 0.8038
211 809 0.5139
211 810 0.7309
211 811 0.9951
211 812 0.1459
211 813 0.3588
211 814 0.3483
211 815 0.3588
211 816 0.3483
211 817 0.3483
211 818 0.3588
211 819 0.1671
211 820 0.1459
211 821 0.2813
211 822 0.1459
211 823 0.8715
211 824 0.3588
211 825 0.8474
211 827 0.4084
211 828 0.3588
211 829 0.3483
211 830 0.1459
211 831 0.5375
211 832 0.7658
211 833 0.3588
211 834 0.3483
211 835 0.3588
211 836 0.7380
211 837 0.3588
211 838 0.4528
211 839 0.1459
211 840 0.1459
211 841 0.3483
211 842 0.3588
211 843 0.3483
211 845 0.3588
211 846 0.6522
211 847 0.2441
211 848 0.5743
211 849 0.4348
211 850 0.1459
211 851 0.7688
211 852 0.1459
211 854 0.1459
211 855 0.3483
211 856 0.5743
211 858 0.6881
211 859 0.3588
211 860 0.6334
211 861 0.3483
211 862 0.3588
211 864 0.3823
211 865 0.3588
211 866 0.3588
211 867 0.2813
211 868 0.5743
211 869 0.6964
211 870 0.5036
211 871 0.6745
211 872 0.9985
211 874 0.1459
211 875 0.3546
211 876 0.3588
211 877 0.1459
211 878 0.5743
211 880 0.7965
211 881 0.2813
211 882 0.1459
211 883 0.4348
211 884 0.3588
211 886 0.3588
211 887 0.6480
211 888 0.3588
211 889 0.5719
211 890 0.3483
211 891 0.9048
211 893 0.6584
211 894 0.4134
211 895 0.4700
211 896 0.3483
211 897 0.4085
211 898 0.8245
211 899 0.1459
211 900 0.2564
211 901 0.6911
211 903 0.9368
211 905 0.3483
211 906 0.1459
211 907 0.3588
211 908 0.6522
211 909 0.8474
211 910 0.2441
211 911 0.3588
211 912 0.1459
211 913 0.5743
211 914 0.5139
211 915 0.8467
211 916 0.1459
211 917 0.2441
211 918 0.1459
211 919 0.5743
211 920 0.3483
211 921 0.3285
211 922 0.5743
211 924 0.5743
211 928 0.2813
211 929 0.3483
211 930 0.4225
211 932 0.1459
211 933 0.3483
211 934 0.3588
211 935 0.6533
211 936 0.6522
211 937 0.2441
211 938 0.6881
211 939 0.1459
211 940 0.3483
211 941 0.3588
211 942 0.3490
211 943 0.3483
211 944 0.3483
211 946 0.3483
211 947 0.5360
211 948 0.3588
211 949 0.3588
211 950 0.2237
211 951 0.3483
211 952 0.5719
211 953 0.8295
211 954 0.2813
211 955 0.3483
211 956 0.1459
211 957 0.1459
211 958 0.2441
211 959 0.3483
211 960 0.9595
211 961 0.3588
211 962 0.3588
211 964 0.5139
211 965 0.5743
211 966 0.5743
211 967 0.3588
211 968 0.8592
211 969 0.3483
211 971 0.1459
211 972 0.3588
211 973 0.3483
211 974 0.9925
211 976 0.6881
211 977 0.1459
211 978 0.5719
211 979 0.7134
211 980 0.3483
211 981 0.1459
211 982 0.1459
211 983 0.1459
211 984 0.2564
211 985 0.3588
211 986 0.2813
211 987 0.5743
211 989 0.5743
211 990 0.4700
211 991 0.3588
211 992 0.3588
211 993 0.8193
211 994 0.9372
211 995 0.7814
211 996 0.3588
211 1000 0.1459
211 1001 0.3483
211 1002 0.8737
211 1003 0.8390
211 1004 0.9142
211 1006 0.5743
211 1007 0.9640
211 1008 0.3483
211 1013 0.3588
211 1014 0.6881
211 1015 0.5743
211 1016 0.1459
211 1017 0.3483
211 1018 0.3588
211 1019 0.3588
211 1020 0.6881
211 1022 0.6881
211 1023 0.3483
211 1024 0.1459
211 1026 0.3588
211 1027 0.5743
211 1028 0.4134
211 1029 0.5452
211 1030 0.6584
211 1032 0.3483
211 1033 0.6522
211 1034 0.3588
211 1035 0.3483
211 1036 0.4348
211 1037 0.3588
211 1038 0.3588
211 1039 0.2441
211 1040 0.1622
211 1041 0.3588
211 1042 0.5719
211 1043 0.3483
211 1044 0.3588
211 1045 0.1459
211 1046 0.2441
211 1047 0.1459
211 1048 0.6881
211 1049 0.2564
211 1050 0.2813
211 1051 0.3588
211 1052 0.3588
211 1053 0.4339
211 1054 0.1459
211 1055 0.3588
211 1056 0.4189
211 1057 0.5743
211 1058 0.1671
211 1059 0.5743
211 1060 0.7857
211 1061 0.5743
211 1062 0.3588
211 1063 0.7564
211 1064 0.3483
211 1065 0.3483
211 1066 0.6911
211 1067 0.5719
211 1068 0.5755
211 1069 0.3588
211 1070 0.5743
211 1072 0.3483
211 1073 0.1459
211 1075 0.3483
211 1076 0.3588
211 1077 0.1459
211 1078 0.3588
211 1079 0.6956
211 1080 0.1459
211 1081 0.4085
211 1082 0.5743
211 1083 0.9436
211 1084 0.3483
211 1085 0.1459
211 1087 0.1459
211 1089 0.3483
211 1090 0.4348
211 1093 0.1459
211 1094 0.5743
211 1095 0.1459
211 1097 0.1459
211 1099 0.9958
211 1102 0.1459
211 1103 0.1459
211 1104 0.7949
211 1105 0.6911
211 1106 0.4700
211 1107 0.1459
211 1108 0.1459
211 1109 0.1459
211 1110 0.1459
211 1111 0.3858
211 1113 0.1622
211 1115 0.1622
211 1116 0.3483
211 1117 0.2813
211 1118 0.1459
211 1119 0.1459
211 1123 0.3483
211 1124 0.3483
211 1125 0.2237
211 1126 0.5743
211 1127 0.3588
211 1128 0.7658
211 1129 0.6881
211 1130 0.8022
211 1131 0.1459
211 1132 0.3588
211 1133 0.5743
211 1134 0.3588
211 1135 0.9563
211 1136 0.2441
211 1138 0.2841
211 1139 0.1459
211 1141 0.3588
211 1142 0.3483
211 1143 0.6522
211 1145 0.3588
211 1146 0.3483
211 1147 0.4084
211 1148 0.3588
211 1149 0.3588
211 1150 0.5719
211 1151 0.1459
211 1152 0.6911
211 1153 0.2813
211 1154 0.8537
211 1155 0.1459
211 1156 0.1459
211 1157 0.1459
211 1158 0.5719
211 1159 0.3483
211 1160 0.3588
211 1161 0.3759
211 1162 0.3483
211 1163 0.9496
211 1165 0.3588
211 1166 0.3588
211 1167 0.4348
211 1169 0.4850
211 1172 0.1459
211 1174 0.3483
211 1176 0.3588
211 1177 0.3483
211 1178 0.1459
211 1180 0.5574
211 1181 0.5743
211 1182 0.3483
211 1183 0.2441
211 1184 0.2441
211 1185 0.2813
211 1186 0.3588
211 1187 0.3520
211 1188 0.1459
211 1189 0.3483
211 1191 0.2813
211 1192 0.3588
211 1193 0.4063
211 1194 0.4339
211 1195 0.5719
211 1196 0.1459
211 1197 0.1459
211 1198 0.1459
211 1199 0.5743
211 1200 0.3483
211 1201 0.3588
211 1202 0.5743
211 1203 0.3588
211 1204 0.1459
211 1205 0.3588
211 1206 0.6911
211 1208 0.5743
211 1209 0.3588
211 1210 0.7875
211 1211 0.8304
211 1212 0.3483
211 1213 0.2813
211 1214 0.3588
211 1215 0.3588
211 1216 0.2441
211 1217 0.3483
211 1218 0.3588
211 1219 0.2813
211 1220 0.1459
211 1221 0.3483
211 1222 0.1459
211 1223 0.2813
211 1224 0.1459
211 1225 0.9729
211 1226 0.5743
211 1227 0.3588
211 1228 0.1459
211 1229 0.5743
211 1230 0.3588
211 1231 0.1459
211 1233 0.3588
211 1234 0.1459
211 1235 0.3588
211 1236 0.3588
211 1237 0.3483
211 1238 0.1459
211 1240 0.6584
211 1241 0.2813
211 1242 0.8285
211 1244 0.1459
211 1247 0.6584
211 1248 0.1459
211 1250 0.5743
211 1251 0.5743
211 1252 0.3483
211 1253 0.1459
211 1254 0.1459
211 1255 0.3588
211 1256 0.5139
211 1257 0.1459
211 1258 0.6911
211 1259 0.3483
211 1260 0.7689
211 1262 0.5719
211 1263 0.5743
211 1265 0.5719
211 1266 0.1459
211 1267 0.3483
211 1268 0.5743
211 1269 0.5139
211 1270 0.5743
211 1271 0.6425
211 1272 0.3483
211 1273 0.3483
211 1275 0.7694
211 1276 0.5743
211 1279 0.4348
211 1280 0.5743
211 1281 0.3483
211 1282 0.1459
211 1283 0.5211
211 1284 0.3588
211 1286 0.3483
211 1287 0.5743
211 1288 0.4700
211 1289 0.4134
211 1290 0.3588
211 1291 0.1459
211 1292 0.9832
211 1293 0.4085
211 1295 0.1459
211 1297 0.1459
211 1298 0.6201
211 1299 0.3821
211 1300 0.1459
211 1301 0.5719
211 1303 0.7324
211 1304 0.3483
211 1305 0.3970
211 1306 0.1459
211 1307 0.1459
211 1308 0.3588
211 1309 0.1459
211 1310 0.2441
211 1311 0.3588
211 1315 0.3588
211 1316 0.9995
211 1318 0.4085
211 1320 0.1459
211 1322 0.2441
211 1323 0.3588
211 1324 0.1459
211 1326 0.3588
211 1327 0.3588
211 1329 0.1459
211 1330 0.5743
211 1331 0.3483
211 1333 0.3588
211 1334 0.1459
211 1335 0.3483
211 1336 0.3588
211 1337 0.1459
211 1339 0.3588
211 1340 0.3483
211 1341 0.1459
211 1342 0.7369
211 1343 0.3588
211 1344 0.5719
211 1346 0.1459
211 1347 0.1459
211 1348 0.3588
211 1349 0.3483
211 1350 0.2441
211 1351 0.1459
211 1352 0.3588
211 1353 0.1459
211 1354 0.3588
211 1355 0.1459
211 1356 0.3588
211 1357 0.3588
211 1360 0.3588
211 1361 0.1459
211 1362 0.3588
211 1363 0.3588
211 1364 0.1459
211 1367 0.6522
211 1368 0.3483
211 1369 0.8474
211 1370 0.9067
211 1372 0.1459
211 1374 0.3588
211 1375 0.1459
211 1377 0.1459
211 1378 0.3588
211 1379 0.3588
211 1380 0.3588
211 1381 0.1459
211 1382 0.2441
211 1383 0.1459
211 1384 0.1459
211 1386 0.6881
211 1387 0.5719
211 1388 0.4700
211 1389 0.4700
211 1390 0.3483
211 1393 0.1459
211 1394 0.3483
211 1395 0.3588
211 1396 0.3483
211 1397 0.6887
211 1398 0.5743
211 1399 0.3588
211 1401 0.3588
211 1402 0.3588
211 1405 0.1459
211 1406 0.3588
211 1407 0.3588
211 1408 0.1459
211 1409 0.1459
211 1410 0.2564
211 1411 0.1459
211 1412 0.3588
211 1413 0.3588
211 1415 0.1459
211 1416 0.3483
211 1418 0.3588
211 1419 0.5719
211 1421 0.3483
211 1422 0.1459
211 1423 0.2813
211 1424 0.2441
211 1425 0.4700
211 1426 0.6881
211 1427 0.2772
211 1428 0.3483
211 1431 0.1459
211 1434 0.9384
211 1435 0.8628
211 1436 0.3588
211 1437 0.2813
211 1438 0.2237
211 1439 0.3483
211 1440 0.4214
211 1441 0.1459
211 1443 0.1459
211 1446 0.3588
211 1448 0.3483
211 1449 0.3483
211 1451 0.3483
211 1452 0.2441
211 1453 0.1459
211 1454 0.1459
211 1455 0.3588
211 1456 0.5719
211 1457 0.1622
211 1458 0.1459
211 1459 0.1459
211 1460 0.3483
211 1461 0.1459
211 1462 0.3483
211 1463 0.1459
211 1464 0.2813
211 1466 0.2564
211 1472 0.3588
211 1473 0.3588
211 1475 0.1459
211 1477 0.3588
211 1479 0.7658
211 1480 0.1459
211 1481 0.1459
211 1482 0.3588
211 1484 0.3588
211 1485 0.5743
211 1488 0.1459
211 1490 0.1459
211 1491 0.4348
211 1493 0.5743
211 1494 0.1459
211 1495 0.1459
211 1497 0.1459
211 1498 0.1459
211 1499 0.1459
211 1500 0.3483
211 1501 0.3588
211 1503 0.5719
211 1504 0.5719
211 1505 0.3588
211 1506 0.1459
211 1507 0.5719
211 1508 0.3588
211 1510 0.3483
211 1511 0.3483
211 1512 0.3588
211 1513 0.3483
211 1514 0.2441
211 1515 0.3588
211 1516 0.5743
211 1517 0.3588
211 1518 0.3483
211 1519 0.9564
211 1520 0.9977
211 1522 0.5972
211 1523 0.1459
211 1525 0.3588
211 1526 0.6781
211 1527 0.5743
211 1528 0.1459
211 1529 0.5719
211 1530 0.4348
211 1532 0.4134
211 1535 0.3483
211 1536 0.5323
211 1538 0.7897
211 1540 0.1459
211 1541 0.3483
211 1542 0.3483
211 1544 0.1459
211 1545 0.1622
211 1546 0.1459
211 1547 0.6958
211 1548 0.4134
211 1549 0.3588
211 1550 0.1459
211 1551 0.6021
211 1554 0.2813
211 1555 0.2441
211 1557 0.1622
211 1560 0.1459
211 1562 0.1622
211 1567 0.3588
211 1568 0.1459
211 1569 0.3483
211 1570 0.1459
211 1571 0.6881
211 1572 0.3483
211 1573 0.3588
211 1575 0.3588
211 1577 0.3483
211 1578 0.3588
211 1579 0.1459
211 1580 0.3483
211 1581 0.3588
211 1582 0.3483
211 1583 0.3483
211 1584 0.1459
211 1585 0.5743
211 1587 0.3588
211 1588 0.6425
211 1590 0.3588
211 1591 0.6522
211 1592 0.1459
211 1593 0.4348
211 1594 0.1459
211 1595 0.3588
211 1596 0.2441
211 1598 0.1459
211 1599 0.3588
211 1601 0.2441
211 1602 0.1459
211 1603 0.3483
211 1604 0.1459
211 1605 0.1459
211 1606 0.5743
211 1607 0.3588
211 1608 0.6881
211 1609 0.1459
211 1610 0.1459
211 1611 0.1459
211 1612 0.5743
211 1613 0.8889
211 1614 0.3588
211 1615 0.3588
211 1616 0.3483
211 1617 0.1459
211 1618 0.8474
211 1619 0.3483
211 1621 0.7965
211 1622 0.9828
211 1623 0.3588
211 1624 0.6881
211 1626 0.1459
211 1627 0.1459
211 1628 0.3588
211 1629 0.3483
211 1630 0.5719
211 1632 0.1459
211 1633 0.3588
211 1634 0.3588
211 1637 0.3588
211 1639 0.1459
211 1640 0.3483
211 1641 0.1459
211 1642 0.1459
211 1644 0.3588
211 1645 0.3588
211 1646 0.3483
211 1647 0.2813
211 1648 0.1459
211 1649 0.1459
211 1650 0.3588
211 1653 0.3483
211 1654 0.1459
211 1655 0.3483
211 1659 0.1459
211 1660 0.3483
211 1661 0.1459
211 1662 0.3588
211 1663 0.3483
211 1664 0.3588
211 1665 0.1459
211 1666 0.1459
211 1667 0.3588
211 1668 0.4975
211 1669 0.2813
211 1670 0.1459
211 1671 0.1459
211 1672 0.1459
211 1673 0.2441
211 1674 0.6881
211 1675 0.3588
211 1676 0.2564
211 1677 0.3588
211 1678 0.5743
211 1679 0.3588
211 1680 0.1459
211 1681 0.1459
211 1682 0.1459
211 1683 0.4348
211 1684 0.2441
211 1685 0.3588
211 1687 0.3588
211 1688 0.3588
211 1689 0.9913
211 1690 0.1459
211 1691 0.6522
211 1692 0.6425
211 1694 0.6881
211 1695 0.1459
211 1696 0.3588
211 1697 0.1459
211 1698 0.1459
211 1699 0.2237
211 1700 0.2813
211 1701 0.3588
211 1702 0.2564
211 1703 0.1459
211 1704 0.1459
211 1706 0.2237
211 1707 0.7125
211 1708 0.1459
211 1711 0.2564
211 1712 0.9812
211 1713 0.5322
211 1714 0.5379
211 1716 0.1459
211 1717 0.9613
211 1718 0.2813
211 1719 0.1459
211 1720 0.5743
211 1721 0.1459
211 1723 0.3588
211 1725 0.1459
212 213 0.5742
212 214 0.6347
212 215 0.9403
212 216 0.6466
212 217 0.6618
212 218 0.7919
212 219 0.5742
212 220 0.5742
212 221 0.6844
212 222 0.5743
212 223 0.8807
212 224 0.6917
212 225 0.7791
212 226 0.5145
212 228 0.8807
212 229 0.5743
212 230 0.9518
212 231 0.5742
212 232 0.6844
212 233 0.6665
212 234 0.7352
212 235 0.9024
212 236 0.8001
212 237 0.6549
212 238 0.7699
212 239 0.6550
212 240 0.8699
212 241 0.5742
212 242 0.6665
212 243 0.8017
212 244 0.5743
212 245 0.7791
212 246 0.5743
212 248 0.6844
212 249 0.6549
212 250 0.7669
212 251 0.6665
212 252 0.5743
212 253 0.7791
212 254 0.9256
212 255 0.5743
212 256 0.8290
212 258 0.8830
212 259 0.5743
212 260 0.5742
212 261 0.5743
212 262 0.8666
212 263 0.5742
212 264 0.7433
212 265 0.6665
212 266 0.7008
212 267 0.6844
212 268 0.6549
212 269 0.6844
212 270 0.7800
212 271 0.6964
212 272 0.6549
212 273 0.5743
212 274 0.7800
212 275 0.8334
212 276 0.9134
212 277 0.5743
212 278 0.6252
212 279 0.7669
212 280 0.5742
212 281 0.5743
212 282 0.5743
212 283 0.7644
212 284 0.8342
212 285 0.6964
212 286 0.8209
212 287 0.7860
212 288 0.6844
212 289 0.6545
212 290 0.9129
212 291 0.6754
212 292 0.8354
212 293 0.5742
212 294 0.6526
212 295 0.6181
212 296 0.6966
212 297 0.7914
212 298 0.6844
212 299 0.5742
212 300 0.8589
212 301 0.7290
212 302 0.5743
212 304 0.9016
212 305 0.5743
212 306 0.5742
212 307 0.5743
212 308 0.7352
212 309 0.8349
212 311 0.5742
212 313 0.7669
212 314 0.7644
212 315 0.8349
212 316 0.6073
212 317 0.5742
212 318 0.5743
212 319 0.7239
212 320 0.6073
212 321 0.8290
212 323 0.4740
212 324 0.5145
212 325 0.5743
212 326 0.6844
212 327 0.7791
212 328 0.8214
212 329 0.6844
212 330 0.5742
212 331 0.7669
212 332 0.7669
212 333 0.6549
212 334 0.8243
212 335 0.5743
212 336 0.6844
212 337 0.5742
212 338 0.7644
212 339 0.6581
212 340 0.8272
212 341 0.7886
212 342 0.8272
212 343 0.5743
212 344 0.6354
212 346 0.6665
212 347 0.7731
212 348 0.7791
212 349 0.6844
212 350 0.6665
212 351 0.5742
212 352 0.5743
212 353 0.6844
212 354 0.7800
212 355 0.5743
212 356 0.5742
212 357 0.6844
212 358 0.5742
212 359 0.6844
212 360 0.5742
212 361 0.7290
212 362 0.6665
212 363 0.7529
212 364 0.7791
212 366 0.5742
212 367 0.6252
212 368 0.6549
212 369 0.6252
212 370 0.6844
212 371 0.6177
212 372 0.6665
212 373 0.7791
212 374 0.5145
212 375 0.7980
212 376 0.6401
212 377 0.8103
212 378 0.5742
212 379 0.9233
212 380 0.7669
212 381 0.6665
212 382 0.5742
212 383 0.8354
212 384 0.8205
212 385 0.6665
212 386 0.8063
212 387 0.5743
212 388 0.7644
212 389 0.6844
212 390 0.4740
212 391 0.8349
212 392 0.8017
212 393 0.7791
212 394 0.6252
212 395 0.5145
212 396 0.7253
212 397 0.5743
212 398 0.7355
212 399 0.8349
212 400 0.5742
212 402 0.6549
212 403 0.5617
212 404 0.5742
212 405 0.5743
212 406 0.7800
212 407 0.5742
212 408 0.6665
212 409 0.6438
212 410 0.6844
212 411 0.7791
212 412 0.8023
212 413 0.6665
212 414 0.7791
212 415 0.6252
212 416 0.6844
212 418 0.8209
212 419 0.5742
212 420 0.5742
212 421 0.6665
212 422 0.6844
212 423 0.5910
212 424 0.8272
212 425 0.7236
212 427 0.5742
212 428 0.7700
212 430 0.5742
212 431 0.5743
212 433 0.8017
212 434 0.9788
212 435 0.5743
212 436 0.5743
212 438 0.9429
212 439 0.7791
212 440 0.5742
212 441 0.7800
212 442 0.9143
212 443 0.5743
212 445 0.6073
212 447 0.7684
212 448 0.5742
212 449 0.9186
212 450 0.6844
212 451 0.6252
212 452 0.7942
212 453 0.6665
212 454 0.9894
212 455 0.6665
212 456 0.6665
212 457 0.7058
212 458 0.6549
212 459 0.6844
212 460 0.7791
212 461 0.7231
212 462 0.5743
212 463 0.7791
212 464 0.6073
212 465 0.5743
212 466 0.9836
212 467 0.5743
212 468 0.6252
212 469 0.5743
212 470 0.7071
212 471 0.6549
212 472 0.7111
212 475 0.8349
212 476 0.8017
212 478 0.6252
212 479 0.5742
212 480 0.7644
212 481 0.6549
212 482 0.5743
212 484 0.6665
212 485 0.7644
212 486 0.5743
212 487 0.5743
212 488 0.5429
212 489 0.6844
212 490 0.7791
212 491 0.6549
212 492 0.7352
212 493 0.5743
212 494 0.7791
212 495 0.9322
212 496 0.7791
212 497 0.8807
212 498 0.7562
212 499 0.6844
212 500 0.5743
212 501 0.6549
212 503 0.5743
212 504 0.6844
212 505 0.6073
212 506 0.8589
212 507 0.6665
212 508 0.6844
212 509 0.5742
212 510 0.5742
212 511 0.9084
212 512 0.5742
212 513 0.5743
212 514 0.8349
212 515 0.8017
212 516 0.7791
212 517 0.7355
212 518 0.5742
212 519 0.6844
212 520 0.5742
212 521 0.7791
212 522 0.5743
212 523 0.6844
212 524 0.5743
212 526 0.5743
212 527 0.6024
212 528 0.5928
212 529 0.5743
212 530 0.5742
212 531 0.6844
212 532 0.6844
212 533 0.5742
212 534 0.7669
212 535 0.5742
212 536 0.9176
212 537 0.5742
212 538 0.5742
212 539 0.5742
212 540 0.8349
212 541 0.7355
212 542 0.7800
212 543 0.5743
212 544 0.7791
212 545 0.5743
212 546 0.5742
212 547 0.5742
212 548 0.7644
212 549 0.6549
212 551 0.5743
212 552 0.5742
212 553 0.5743
212 554 0.6844
212 555 0.8384
212 556 0.5743
212 557 0.6844
212 558 0.7791
212 559 0.6252
212 560 0.8669
212 561 0.6549
212 562 0.6549
212 563 0.8092
212 564 0.5742
212 565 0.6844
212 566 0.5743
212 567 0.5743
212 568 0.9909
212 569 0.7156
212 570 0.5743
212 571 0.7800
212 572 0.8386
212 573 0.5928
212 574 0.6083
212 575 0.7800
212 576 0.8409
212 577 0.6844
212 578 0.5145
212 579 0.7791
212 581 0.5742
212 582 0.5996
212 583 0.6549
212 584 0.7067
212 585 0.7791
212 586 0.5742
212 587 0.8272
212 589 0.7644
212 590 0.9654
212 591 0.6252
212 592 0.6844
212 593 0.5743
212 594 0.5743
212 595 0.4740
212 598 0.5743
212 599 0.7644
212 600 0.7669
212 601 0.5742
212 602 0.7800
212 604 0.5742
212 605 0.5743
212 606 0.6844
212 607 0.6844
212 608 0.5743
212 609 0.6844
212 610 0.7800
212 611 0.5743
212 612 0.6844
212 613 0.8333
212 614 0.8897
212 615 0.5743
212 617 0.5743
212 618 0.6964
212 619 0.8746
212 621 0.8036
212 622 0.5743
212 623 0.6844
212 624 0.5742
212 625 0.7644
212 626 0.8692
212 627 0.6844
212 628 0.7700
212 629 0.5742
212 630 0.5743
212 631 0.7687
212 632 0.6921
212 633 0.7596
212 634 0.7644
212 635 0.6844
212 636 0.5743
212 637 0.8807
212 638 0.6844
212 639 0.9941
212 640 0.5743
212 641 0.6073
212 642 0.6665
212 643 0.6252
212 645 0.6844
212 646 0.6844
212 647 0.5743
212 648 0.6964
212 649 0.5743
212 650 0.8188
212 651 0.6754
212 652 0.6024
212 653 0.8272
212 654 0.5742
212 655 0.6844
212 656 0.6935
212 657 0.5742
212 658 0.8041
212 659 0.6665
212 660 0.5743
212 661 0.6549
212 662 0.6844
212 663 0.6844
212 664 0.8354
212 665 0.5743
212 666 0.6252
212 667 0.6549
212 668 0.5743
212 669 0.5742
212 671 0.7882
212 672 0.5742
212 673 0.6073
212 674 0.5742
212 675 0.6665
212 676 0.6420
212 677 0.5742
212 678 0.6844
212 679 0.6073
212 680 0.6665
212 681 0.5743
212 682 0.5742
212 683 0.5743
212 684 0.7791
212 685 0.7570
212 686 0.6665
212 687 0.8349
212 688 0.5742
212 689 0.9483
212 690 0.5742
212 691 0.7669
212 692 0.7427
212 693 0.5743
212 694 0.5742
212 695 0.7800
212 696 0.5145
212 697 0.6665
212 698 0.8505
212 699 0.6844
212 700 0.6252
212 701 0.5743
212 702 0.6266
212 703 0.6844
212 704 0.5672
212 705 0.6844
212 706 0.9208
212 707 0.5742
212 708 0.5743
212 709 0.5742
212 710 0.7644
212 711 0.9556
212 712 0.6549
212 713 0.5145
212 714 0.6665
212 715 0.5743
212 716 0.5742
212 717 0.6844
212 718 0.6665
212 720 0.4740
212 721 0.6844
212 722 0.8957
212 723 0.5145
212 724 0.4740
212 725 0.5742
212 726 0.7525
212 727 0.6844
212 728 0.7355
212 729 0.5742
212 730 0.5743
212 731 0.6665
212 732 0.9240
212 733 0.7669
212 734 0.5743
212 735 0.7791
212 736 0.9452
212 737 0.9504
212 738 0.5743
212 740 0.8450
212 741 0.8017
212 742 0.6825
212 743 0.6844
212 744 0.6730
212 745 0.5996
212 746 0.5742
212 747 0.5742
212 748 0.9615
212 750 0.9106
212 751 0.6935
212 752 0.8797
212 753 0.6665
212 754 0.5743
212 755 0.7372
212 756 0.5743
212 757 0.5743
212 758 0.7791
212 759 0.6844
212 760 0.5742
212 761 0.5743
212 762 0.6844
212 763 0.8712
212 764 0.6844
212 765 0.5742
212 766 0.5742
212 767 0.7791
212 768 0.9890
212 769 0.6844
212 770 0.7800
212 771 0.7517
212 772 0.5743
212 773 0.5742
212 774 0.5743
212 775 0.5617
212 776 0.6188
212 777 0.6549
212 778 0.6844
212 780 0.8349
212 781 0.5743
212 782 0.6844
212 783 0.5742
212 784 0.7086
212 785 0.6549
212 786 0.8465
212 787 0.6665
212 788 0.5742
212 789 0.7791
212 791 0.6024
212 792 0.6844
212 793 0.8487
212 794 0.8037
212 796 0.6844
212 797 0.5742
212 798 0.5742
212 799 0.6917
212 800 0.5742
212 801 0.8272
212 802 0.5743
212 803 0.8349
212 804 0.9012
212 805 0.6658
212 806 0.7791
212 807 0.6665
212 808 0.8642
212 809 0.7644
212 810 0.7800
212 811 0.9811
212 812 0.5743
212 813 0.5742
212 814 0.7058
212 815 0.5742
212 816 0.6844
212 817 0.6844
212 818 0.5742
212 819 0.5742
212 820 0.5743
212 821 0.6252
212 822 0.5743
212 823 0.9150
212 824 0.5742
212 825 0.8897
212 827 0.6964
212 828 0.5742
212 829 0.6844
212 830 0.5743
212 831 0.7395
212 832 0.8290
212 833 0.5742
212 834 0.6844
212 835 0.5742
212 836 0.8066
212 837 0.5742
212 838 0.6539
212 839 0.5743
212 840 0.5743
212 841 0.6844
212 842 0.5742
212 843 0.6844
212 845 0.5742
212 846 0.7669
212 847 0.4740
212 848 0.6665
212 849 0.7352
212 850 0.5743
212 851 0.8877
212 852 0.5743
212 854 0.5743
212 855 0.6844
212 856 0.6665
212 858 0.7800
212 859 0.5742
212 860 0.6665
212 861 0.6844
212 862 0.5742
212 864 0.6722
212 865 0.5742
212 866 0.5742
212 867 0.6252
212 868 0.6665
212 869 0.7801
212 870 0.7106
212 871 0.7474
212 872 0.9990
212 874 0.5743
212 875 0.6252
212 876 0.5742
212 877 0.5743
212 878 0.6665
212 880 0.8807
212 881 0.6252
212 882 0.5743
212 883 0.7352
212 884 0.5742
212 886 0.5742
212 887 0.8057
212 888 0.5742
212 889 0.7791
212 890 0.6844
212 891 0.9544
212 893 0.8272
212 894 0.6844
212 895 0.6549
212 896 0.6844
212 897 0.5742
212 898 0.8221
212 899 0.5743
212 900 0.5145
212 901 0.8349
212 903 0.9412
212 905 0.6844
212 906 0.5743
212 907 0.5742
212 908 0.7669
212 909 0.8897
212 910 0.4740
212 911 0.5742
212 912 0.5743
212 913 0.6665
212 914 0.7644
212 915 0.9077
212 916 0.5743
212 917 0.4740
212 918 0.5743
212 919 0.6935
212 920 0.6844
212 921 0.6581
212 922 0.6665
212 924 0.6665
212 928 0.6252
212 929 0.6844
212 930 0.6784
212 932 0.5743
212 933 0.6844
212 934 0.5742
212 935 0.7589
212 936 0.7669
212 937 0.4740
212 938 0.7800
212 939 0.5743
212 940 0.6844
212 941 0.5742
212 942 0.6552
212 943 0.6844
212 944 0.6844
212 946 0.6094
212 947 0.6880
212 948 0.5742
212 949 0.5742
212 950 0.6043
212 951 0.6844
212 952 0.7791
212 953 0.9250
212 954 0.6252
212 955 0.6844
212 956 0.5743
212 957 0.5743
212 958 0.4740
212 959 0.6844
212 960 0.9915
212 961 0.5742
212 962 0.5742
212 964 0.7644
212 965 0.6665
212 966 0.6665
212 967 0.5742
212 968 0.9149
212 969 0.6844
212 971 0.5743
212 972 0.6024
212 973 0.7273
212 974 0.9978
212 976 0.7290
212 977 0.5743
212 978 0.7791
212 979 0.8520
212 980 0.6844
212 981 0.5743
212 982 0.5743
212 983 0.5743
212 984 0.5145
212 985 0.5742
212 986 0.6984
212 987 0.6935
212 989 0.6665
212 990 0.6549
212 991 0.5742
212 992 0.5742
212 993 0.8930
212 994 0.9741
212 995 0.8910
212 996 0.5742
212 1000 0.5743
212 1001 0.6844
212 1002 0.8861
212 1003 0.9053
212 1004 0.9197
212 1006 0.7090
212 1007 0.9655
212 1008 0.6844
212 1013 0.5742
212 1014 0.7800
212 1015 0.6665
212 1016 0.5743
212 1017 0.6844
212 1018 0.5742
212 1019 0.5742
212 1020 0.7800
212 1022 0.7800
212 1023 0.6844
212 1024 0.6334
212 1026 0.5742
212 1027 0.6665
212 1028 0.6844
212 1029 0.7290
212 1030 0.8272
212 1032 0.6844
212 1033 0.7669
212 1034 0.5742
212 1035 0.6844
212 1036 0.7352
212 1037 0.5742
212 1038 0.5742
212 1039 0.4740
212 1040 0.5743
212 1041 0.5742
212 1042 0.7791
212 1043 0.6844
212 1044 0.5742
212 1045 0.5743
212 1046 0.4740
212 1047 0.5743
212 1048 0.7800
212 1049 0.5145
212 1050 0.6252
212 1051 0.5742
212 1052 0.5742
212 1053 0.6073
212 1054 0.5743
212 1055 0.5742
212 1056 0.7919
212 1057 0.6665
212 1058 0.5742
212 1059 0.6665
212 1060 0.7589
212 1061 0.6665
212 1062 0.5742
212 1063 0.8589
212 1064 0.6844
212 1065 0.6844
212 1066 0.8349
212 1067 0.7791
212 1068 0.8628
212 1069 0.5742
212 1070 0.6935
212 1072 0.6844
212 1073 0.5743
212 1075 0.6844
212 1076 0.5742
212 1077 0.5743
212 1078 0.5742
212 1079 0.8436
212 1080 0.5743
212 1081 0.5742
212 1082 0.6665
212 1083 0.9616
212 1084 0.6844
212 1085 0.5743
212 1087 0.5743
212 1089 0.6844
212 1090 0.7352
212 1093 0.5743
212 1094 0.6665
212 1095 0.5743
212 1097 0.5743
212 1099 0.9971
