28 774 0.6973
28 775 0.1038
28 776 0.2687
28 777 0.4081
28 778 0.2658
28 780 0.2141
28 781 0.2309
28 782 0.7913
28 783 0.4728
28 784 0.2937
28 785 0.8467
28 786 0.4555
28 787 0.2496
28 788 0.3907
28 789 0.2947
28 791 0.1346
28 792 0.3419
28 793 0.2894
28 794 0.2482
28 795 0.1146
28 796 0.1729
28 797 0.4253
28 798 0.4708
28 799 0.1735
28 800 0.4633
28 801 0.7283
28 802 0.3053
28 803 0.6326
28 804 0.8654
28 805 0.0859
28 806 0.3896
28 807 0.2163
28 808 0.9393
28 809 0.1805
28 810 0.4142
28 811 0.9022
28 812 0.5213
28 813 0.4472
28 814 0.2116
28 815 0.1451
28 816 0.2826
28 817 0.5366
28 818 0.5219
28 819 0.3734
28 820 0.8857
28 821 0.2496
28 822 0.3000
28 823 0.5172
28 824 0.6393
28 825 0.3444
28 827 0.1395
28 828 0.3710
28 829 0.4780
28 830 0.6694
28 831 0.3260
28 832 0.2088
28 833 0.6116
28 834 0.3111
28 835 0.1947
28 836 0.2346
28 838 0.1140
28 839 0.6905
28 840 0.1624
28 841 0.2925
28 842 0.4479
28 843 0.7907
28 844 0.1445
28 845 0.2916
28 846 0.1714
28 848 0.2122
28 849 0.2729
28 850 0.1273
28 851 0.6048
28 852 0.5263
28 853 0.3690
28 854 0.3320
28 855 0.2393
28 856 0.5843
28 857 0.1415
28 858 0.5436
28 859 0.4999
28 860 0.6111
28 861 0.2245
28 862 0.5032
28 864 0.0798
28 865 0.6034
28 866 0.1757
28 867 0.2050
28 868 0.8222
28 869 0.3323
28 870 0.1540
28 871 0.6236
28 872 0.9524
28 873 0.3211
28 874 0.1271
28 875 0.3615
28 876 0.8327
28 877 0.4572
28 878 0.2652
28 880 0.8011
28 881 0.2249
28 882 0.5546
28 883 0.1343
28 884 0.1693
28 885 0.3214
28 886 0.2886
28 887 0.4547
28 888 0.1336
28 889 0.2521
28 890 0.1402
28 891 0.9512
28 892 0.3829
28 893 0.2785
28 894 0.5090
28 895 0.3294
28 896 0.3909
28 898 0.6819
28 899 0.3936
28 900 0.6058
28 901 0.3034
28 903 0.6364
28 905 0.1942
28 906 0.3993
28 907 0.6973
28 908 0.3735
28 909 0.3491
28 910 0.2163
28 911 0.3612
28 912 0.3907
28 913 0.4082
28 914 0.8661
28 915 0.3551
28 916 0.2557
28 917 0.3645
28 918 0.1684
28 919 0.2605
28 920 0.5602
28 921 0.0761
28 922 0.1485
28 924 0.1501
28 925 0.2392
28 928 0.7833
28 929 0.2828
28 930 0.1355
28 932 0.2569
28 933 0.4026
28 934 0.3922
28 935 0.1585
28 936 0.7355
28 937 0.1527
28 938 0.9155
28 939 0.8235
28 940 0.5057
28 941 0.0945
28 942 0.3588
28 943 0.7356
28 944 0.3452
28 946 0.2855
28 947 0.0683
28 948 0.1024
28 949 0.3877
28 950 0.0820
28 951 0.1793
28 952 0.3376
28 953 0.4077
28 954 0.8668
28 955 0.6064
28 956 0.3225
28 957 0.3513
28 958 0.4084
28 959 0.5763
28 960 0.5023
28 961 0.6936
28 962 0.2590
28 963 0.6706
28 964 0.2044
28 965 0.2160
28 966 0.6635
28 967 0.4013
28 968 0.7619
28 969 0.3001
28 971 0.5923
28 972 0.4562
28 973 0.4135
28 974 0.8541
28 975 0.1465
28 976 0.5068
28 977 0.3934
28 978 0.4908
28 979 0.4229
28 980 0.4070
28 981 0.2228
28 982 0.6662
28 983 0.3397
28 984 0.0906
28 985 0.6973
28 986 0.3535
28 987 0.2845
28 989 0.5171
28 990 0.1122
28 991 0.6986
28 992 0.6230
28 993 0.4049
28 994 0.3705
28 995 0.3176
28 996 0.2705
28 998 0.1874
28 999 0.5247
28 1000 0.1628
28 1001 0.4488
28 1002 0.6349
28 1003 0.9588
28 1004 0.6319
28 1005 0.1730
28 1006 0.3239
28 1007 0.8318
28 1008 0.7566
28 1010 0.1784
28 1012 0.7867
28 1013 0.6374
28 1014 0.2181
28 1015 0.8554
28 1016 0.0706
28 1017 0.2004
28 1018 0.4636
28 1019 0.3251
28 1020 0.3635
28 1022 0.1350
28 1023 0.6639
28 1024 0.1899
28 1025 0.1963
28 1026 0.3290
28 1027 0.4079
28 1028 0.4722
28 1029 0.1243
28 1030 0.3337
28 1032 0.4303
28 1033 0.3929
28 1034 0.4740
28 1035 0.6246
28 1036 0.5422
28 1037 0.3898
28 1038 0.3613
28 1039 0.6495
28 1040 0.3934
28 1041 0.5202
28 1042 0.3453
28 1043 0.6801
28 1044 0.8026
28 1045 0.1882
28 1046 0.8588
28 1047 0.0863
28 1048 0.1914
28 1049 0.1066
28 1050 0.0936
28 1051 0.1687
28 1052 0.1596
28 1053 0.4425
28 1054 0.4342
28 1055 0.7833
28 1056 0.1328
28 1057 0.8939
28 1058 0.4485
28 1059 0.2302
28 1060 0.4561
28 1061 0.4024
28 1062 0.6226
28 1063 0.9066
28 1064 0.3066
28 1065 0.1033
28 1066 0.1837
28 1067 0.5224
28 1068 0.2902
28 1069 0.2907
28 1070 0.3202
28 1071 0.2371
28 1072 0.4049
28 1073 0.6763
28 1075 0.7715
28 1076 0.7501
28 1077 0.7262
28 1078 0.6800
28 1079 0.3751
28 1080 0.1746
28 1081 0.3220
28 1082 0.2534
28 1083 0.9254
28 1084 0.1132
28 1085 0.1391
28 1087 0.4383
28 1089 0.1779
28 1090 0.1790
28 1093 0.1153
28 1094 0.1652
28 1095 0.3934
28 1096 0.3487
28 1097 0.2996
28 1099 0.9979
28 1102 0.6504
28 1103 0.2180
28 1104 0.1855
28 1105 0.2705
28 1106 0.3155
28 1107 0.1014
28 1108 0.2340
28 1109 0.5152
28 1110 0.2604
28 1111 0.4757
28 1113 0.4504
28 1114 0.3817
28 1115 0.4800
28 1116 0.6757
28 1117 0.8910
28 1118 0.1493
28 1119 0.1505
28 1120 0.5263
28 1121 0.2986
28 1122 0.4363
28 1123 0.3704
28 1124 0.1524
28 1125 0.1106
28 1126 0.3034
28 1127 0.4684
28 1128 0.3652
28 1129 0.2252
28 1130 0.8794
28 1132 0.7658
28 1133 0.3473
28 1134 0.2973
28 1135 0.9937
28 1136 0.6974
28 1138 0.3401
28 1139 0.2024
28 1141 0.1120
28 1142 0.4027
28 1143 0.5607
28 1144 0.1444
28 1145 0.2247
28 1146 0.3324
28 1147 0.0948
28 1148 0.3161
28 1149 0.1033
28 1150 0.5332
28 1151 0.6343
28 1152 0.9785
28 1153 0.0885
28 1154 0.3502
28 1156 0.1802
28 1157 0.3881
28 1158 0.2354
28 1159 0.1973
28 1160 0.3422
28 1161 0.1328
28 1162 0.1648
28 1163 0.7792
28 1165 0.6120
28 1166 0.4198
28 1167 0.4341
28 1169 0.1145
28 1170 0.1582
28 1172 0.2885
28 1173 0.1624
28 1174 0.1517
28 1176 0.8578
28 1177 0.1797
28 1178 0.8369
28 1180 0.2621
28 1181 0.2841
28 1182 0.2876
28 1183 0.2800
28 1184 0.2569
28 1185 0.2515
28 1186 0.5630
28 1187 0.0820
28 1188 0.7449
28 1189 0.5118
28 1191 0.0919
28 1192 0.2694
28 1193 0.1272
28 1194 0.1221
28 1195 0.3039
28 1196 0.5239
28 1197 0.4810
28 1198 0.3324
28 1199 0.3760
28 1200 0.5672
28 1201 0.4148
28 1202 0.1533
28 1203 0.1544
28 1204 0.2598
28 1205 0.3211
28 1206 0.5811
28 1207 0.1352
28 1208 0.1543
28 1209 0.1928
28 1210 0.2919
28 1211 0.1899
28 1212 0.1186
28 1213 0.1522
28 1214 0.1225
28 1215 0.3456
28 1216 0.1295
28 1217 0.2937
28 1218 0.1336
28 1219 0.2193
28 1220 0.2044
28 1221 0.0874
28 1222 0.3215
28 1223 0.1841
28 1224 0.1527
28 1225 0.3721
28 1226 0.4167
28 1227 0.1817
28 1228 0.1514
28 1229 0.2173
28 1230 0.1931
28 1231 0.1444
28 1233 0.2660
28 1234 0.2086
28 1235 0.1551
28 1237 0.3498
28 1238 0.1454
28 1239 0.1250
28 1240 0.6916
28 1241 0.1372
28 1242 0.2337
28 1243 0.1874
28 1245 0.1307
28 1246 0.1152
28 1247 0.1302
28 1248 0.5692
28 1249 0.1613
28 1250 0.3459
28 1251 0.1704
28 1252 0.1826
28 1253 0.1292
28 1254 0.1486
28 1255 0.1119
28 1256 0.3511
28 1257 0.1486
28 1258 0.5809
28 1259 0.3587
28 1260 0.3321
28 1262 0.3593
28 1263 0.3436
28 1265 0.2223
28 1266 0.2468
28 1267 0.2756
28 1268 0.5539
28 1269 0.5253
28 1270 0.1882
28 1271 0.4265
28 1272 0.2684
28 1273 0.1599
28 1274 0.1186
28 1275 0.1942
28 1276 0.2491
28 1278 0.1528
28 1279 0.2022
28 1280 0.1181
28 1281 0.2300
28 1282 0.2567
28 1283 0.4272
28 1284 0.2418
28 1286 0.1763
28 1287 0.4799
28 1288 0.4780
28 1289 0.4422
28 1290 0.3994
28 1291 0.3340
28 1292 0.9267
28 1295 0.3489
28 1296 0.2219
28 1297 0.3087
28 1298 0.3658
28 1299 0.5492
28 1301 0.5125
28 1302 0.3907
28 1303 0.7227
28 1304 0.3447
28 1305 0.3124
28 1306 0.3258
28 1308 0.5388
28 1309 0.5671
28 1310 0.5362
28 1311 0.4021
28 1312 0.4269
28 1313 0.3887
28 1315 0.2661
28 1316 0.9864
28 1318 0.3778
28 1319 0.2351
28 1320 0.3730
28 1323 0.1733
28 1324 0.3286
28 1325 0.3590
28 1326 0.2571
28 1327 0.2911
28 1328 0.1234
28 1329 0.2356
28 1330 0.3667
28 1331 0.1311
28 1332 0.3830
28 1333 0.2131
28 1334 0.2002
28 1335 0.2592
28 1336 0.2518
28 1337 0.2623
28 1338 0.2834
28 1339 0.3340
28 1340 0.1911
28 1341 0.3313
28 1342 0.2313
28 1343 0.2459
28 1344 0.7612
28 1346 0.1666
28 1347 0.2176
28 1348 0.2298
28 1349 0.3144
28 1350 0.1568
28 1351 0.4965
28 1352 0.2504
28 1353 0.1576
28 1354 0.3054
28 1355 0.1576
28 1356 0.4409
28 1357 0.2863
28 1358 0.1234
28 1360 0.2401
28 1361 0.1722
28 1362 0.2788
28 1363 0.1614
28 1364 0.3907
28 1366 0.3829
28 1367 0.1434
28 1368 0.3667
28 1369 0.3730
28 1370 0.3454
28 1371 0.1357
28 1372 0.3301
28 1373 0.4438
28 1374 0.1445
28 1375 0.1461
28 1376 0.3907
28 1377 0.1909
28 1378 0.3211
28 1379 0.3145
28 1380 0.4138
28 1381 0.3007
28 1382 0.3465
28 1383 0.1813
28 1384 0.3907
28 1386 0.3024
28 1387 0.2453
28 1388 0.2985
28 1389 0.3328
28 1390 0.2422
28 1392 0.1723
28 1393 0.1563
28 1394 0.1957
28 1395 0.3907
28 1396 0.2603
28 1397 0.2267
28 1398 0.1751
28 1399 0.1941
28 1401 0.3267
28 1402 0.1699
28 1405 0.1688
28 1406 0.1501
28 1407 0.2633
28 1408 0.1486
28 1409 0.3744
28 1410 0.1719
28 1411 0.2902
28 1412 0.4146
28 1413 0.2952
28 1415 0.3907
28 1416 0.1071
28 1418 0.1289
28 1419 0.4122
28 1420 0.3781
28 1421 0.1160
28 1422 0.1084
28 1423 0.2915
28 1424 0.1584
28 1425 0.1228
28 1426 0.7035
28 1427 0.1102
28 1428 0.1897
28 1430 0.1273
28 1431 0.2938
28 1433 0.0934
28 1434 0.4688
28 1435 0.2286
28 1436 0.1801
28 1437 0.1170
28 1438 0.0910
28 1439 0.3739
28 1440 0.2823
28 1441 0.1750
28 1443 0.2825
28 1445 0.1099
28 1446 0.1131
28 1448 0.4981
28 1449 0.4539
28 1451 0.6742
28 1452 0.5935
28 1453 0.1651
28 1454 0.3211
28 1455 0.3532
28 1456 0.8781
28 1457 0.7605
28 1458 0.6817
28 1459 0.5648
28 1460 0.7834
28 1461 0.2603
28 1462 0.5249
28 1463 0.5417
28 1464 0.6077
28 1465 0.3434
28 1466 0.6753
28 1468 0.3608
28 1472 0.6757
28 1474 0.6801
28 1475 0.5712
28 1476 0.6820
28 1477 0.1601
28 1478 0.6973
28 1479 0.8748
28 1480 0.5897
28 1481 0.1847
28 1482 0.6045
28 1484 0.1116
28 1485 0.6823
28 1486 0.2557
28 1487 0.7337
28 1488 0.2192
28 1490 0.2148
28 1491 0.7576
28 1492 0.6973
28 1493 0.2995
28 1494 0.8560
28 1495 0.5353
28 1496 0.8093
28 1497 0.2697
28 1498 0.5480
28 1499 0.5325
28 1500 0.5269
28 1501 0.3100
28 1502 0.2336
28 1503 0.9220
28 1504 0.8331
28 1505 0.4060
28 1506 0.4254
28 1507 0.1220
28 1508 0.6518
28 1510 0.8000
28 1511 0.6597
28 1512 0.5561
28 1513 0.4398
28 1515 0.1597
28 1516 0.6668
28 1517 0.2148
28 1518 0.8524
28 1519 0.7185
28 1520 0.9682
28 1522 0.5945
28 1523 0.5395
28 1525 0.3642
28 1526 0.5088
28 1527 0.3626
28 1528 0.2953
28 1529 0.4055
28 1530 0.7306
28 1531 0.5479
28 1532 0.3756
28 1535 0.3516
28 1536 0.3907
28 1537 0.4143
28 1538 0.6844
28 1540 0.2510
28 1541 0.2973
28 1542 0.1439
28 1544 0.3354
28 1545 0.4560
28 1546 0.3288
28 1547 0.7375
28 1548 0.3672
28 1549 0.3861
28 1550 0.3068
28 1551 0.5084
28 1552 0.1482
28 1553 0.4604
28 1554 0.5169
28 1555 0.1648
28 1556 0.2973
28 1557 0.3640
28 1560 0.2571
28 1562 0.3279
28 1565 0.5910
28 1566 0.3636
28 1567 0.3470
28 1568 0.2362
28 1569 0.3304
28 1570 0.1295
28 1571 0.3886
28 1572 0.2498
28 1573 0.5064
28 1574 0.1900
28 1575 0.2148
28 1576 0.1731
28 1577 0.1899
28 1578 0.1892
28 1579 0.1745
28 1580 0.1802
28 1582 0.2795
28 1583 0.1975
28 1584 0.3760
28 1585 0.1775
28 1586 0.1116
28 1587 0.3907
28 1588 0.2519
28 1589 0.1684
28 1590 0.0965
28 1591 0.2361
28 1592 0.0992
28 1593 0.2149
28 1594 0.1582
28 1595 0.1379
28 1596 0.1902
28 1597 0.1018
28 1598 0.4542
28 1599 0.1140
28 1600 0.4721
28 1601 0.1903
28 1602 0.1614
28 1603 0.1220
28 1604 0.1793
28 1605 0.1613
28 1606 0.3011
28 1607 0.1603
28 1608 0.2717
28 1609 0.1722
28 1610 0.1769
28 1611 0.3149
28 1612 0.2001
28 1613 0.2884
28 1614 0.3353
28 1615 0.1522
28 1616 0.3199
28 1617 0.2363
28 1618 0.6532
28 1619 0.2086
28 1620 0.0947
28 1621 0.3079
28 1622 0.4622
28 1623 0.1333
28 1624 0.2346
28 1625 0.2202
28 1626 0.1426
28 1628 0.1521
28 1629 0.3353
28 1630 0.1642
28 1631 0.1266
28 1632 0.2493
28 1633 0.1413
28 1634 0.1198
28 1635 0.3784
28 1636 0.2034
28 1637 0.1859
28 1638 0.2032
28 1639 0.1582
28 1640 0.3841
28 1641 0.1293
28 1642 0.1310
28 1643 0.1455
28 1644 0.2163
28 1645 0.5605
28 1646 0.2084
28 1647 0.2526
28 1648 0.2773
28 1649 0.1419
28 1650 0.2578
28 1651 0.1657
28 1652 0.1330
28 1653 0.8272
28 1654 0.1566
28 1655 0.2703
28 1656 0.5706
28 1657 0.2837
28 1658 0.1597
28 1659 0.1548
28 1660 0.1299
28 1661 0.2983
28 1662 0.1452
28 1663 0.1829
28 1664 0.2480
28 1665 0.1270
28 1666 0.2398
28 1667 0.3081
28 1668 0.3173
28 1669 0.1134
28 1670 0.2398
28 1671 0.1874
28 1672 0.2987
28 1673 0.2518
28 1674 0.1771
28 1675 0.1054
28 1676 0.2643
28 1677 0.2863
28 1678 0.1190
28 1679 0.2282
28 1680 0.3211
28 1681 0.2078
28 1682 0.3108
28 1683 0.2293
28 1684 0.2081
28 1685 0.1862
28 1686 0.1975
28 1687 0.2172
28 1688 0.3467
28 1689 0.7154
28 1690 0.1463
28 1691 0.1597
28 1692 0.4068
28 1694 0.2102
28 1695 0.1350
28 1696 0.3057
28 1697 0.2015
28 1698 0.2360
28 1699 0.1033
28 1700 0.7126
28 1701 0.0927
28 1702 0.0730
28 1703 0.3981
28 1704 0.2925
28 1705 0.1099
28 1706 0.1167
28 1707 0.1876
28 1708 0.3907
28 1709 0.1661
28 1710 0.2398
28 1711 0.1053
28 1712 0.8071
28 1713 0.1878
28 1714 0.2352
28 1715 0.0959
28 1716 0.1973
28 1717 0.6810
28 1718 0.0855
28 1719 0.2078
28 1720 0.2105
28 1721 0.3157
28 1722 0.3211
28 1723 0.2579
28 1724 0.2339
28 1725 0.2309
28 1726 0.1356
28 1727 0.1415
28 1728 0.1451
28 1729 0.2812
28 1730 0.1725
29 30 0.1315
29 31 0.1104
29 32 0.1205
29 33 0.5398
29 34 0.3574
29 35 0.6725
29 36 0.2914
29 37 0.4563
29 38 0.2804
29 39 0.5679
29 40 0.1306
29 41 0.8438
29 42 0.3110
29 43 0.2419
29 44 0.1436
29 45 0.6566
29 46 0.4212
29 47 0.3423
29 48 0.1541
29 49 0.6695
29 50 0.4415
29 51 0.5607
29 52 0.5171
29 53 0.1535
29 54 0.5214
29 55 0.2138
29 56 0.3686
29 57 0.7964
29 58 0.7552
29 59 0.4551
29 60 0.4805
29 61 0.5439
29 62 0.3683
29 63 0.1131
29 64 0.1917
29 65 0.5638
29 66 0.4598
29 67 0.3901
29 68 0.3168
29 69 0.4803
29 70 0.1294
29 71 0.4831
29 72 0.3578
29 73 0.5823
29 74 0.1482
29 75 0.3939
29 76 0.2249
29 77 0.5750
29 78 0.2467
29 79 0.1889
29 80 0.3582
29 81 0.1698
29 82 0.3234
29 83 0.4580
29 84 0.3940
29 85 0.2356
29 86 0.2665
29 87 0.4165
29 88 0.4289
29 89 0.0993
29 90 0.6583
29 91 0.5384
29 92 0.4785
29 93 0.3549
29 94 0.2063
29 95 0.2997
29 96 0.2843
29 97 0.1591
29 98 0.3504
29 99 0.1730
29 100 0.1832
29 101 0.1267
29 102 0.5636
29 103 0.2879
29 104 0.2964
29 105 0.2386
29 106 0.2466
29 107 0.2635
29 108 0.4941
29 109 0.2475
29 110 0.2537
29 111 0.2858
29 112 0.2724
29 113 0.2614
29 114 0.1793
29 115 0.3771
29 116 0.3488
29 117 0.4175
29 119 0.2231
29 120 0.2374
29 121 0.4222
29 122 0.1631
29 123 0.3721
29 124 0.1797
29 125 0.3052
29 126 0.3223
29 127 0.1948
29 128 0.3180
29 129 0.2577
29 130 0.2853
29 131 0.2467
29 132 0.2734
29 133 0.1221
29 134 0.4873
29 135 0.2125
29 136 0.4699
29 137 0.2567
29 138 0.2986
29 139 0.1681
29 140 0.4298
29 142 0.2287
29 143 0.3732
29 144 0.3682
29 145 0.4653
29 146 0.5134
29 147 0.1996
29 148 0.3121
29 149 0.2728
29 150 0.2021
29 151 0.4001
29 152 0.6236
29 153 0.6540
29 154 0.3571
29 156 0.1392
29 157 0.1585
29 158 0.2912
29 159 0.6036
29 160 0.2880
29 161 0.2478
29 162 0.5368
29 163 0.1969
29 164 0.2277
29 165 0.3762
29 166 0.2104
29 167 0.2268
29 168 0.1611
29 169 0.3124
29 170 0.3098
29 171 0.3306
29 172 0.1533
29 173 0.2108
29 174 0.2262
29 175 0.3704
29 176 0.4512
29 177 0.2106
29 178 0.4716
29 179 0.2418
29 180 0.1985
29 181 0.1262
29 182 0.4526
29 183 0.4033
29 184 0.5155
29 185 0.4181
29 186 0.1881
29 187 0.5373
29 188 0.1641
29 189 0.2623
29 191 0.2163
29 192 0.3134
29 193 0.3193
29 194 0.4737
29 195 0.4554
29 196 0.5969
29 197 0.2520
29 198 0.1300
29 199 0.3844
29 200 0.3623
29 201 0.4386
29 202 0.1041
29 203 0.2244
29 204 0.4008
29 206 0.3337
29 207 0.1424
29 208 0.1276
29 209 0.2241
29 210 0.2038
29 211 0.2962
29 212 0.3016
29 213 0.0955
29 214 0.2070
29 215 0.3490
29 216 0.1877
29 217 0.3995
29 218 0.2904
29 219 0.1383
29 220 0.1768
29 221 0.2325
29 222 0.0969
29 223 0.4597
29 224 0.2051
29 225 0.1692
29 226 0.1791
29 227 0.1063
29 228 0.4162
29 229 0.1749
29 230 0.5165
29 231 0.1722
29 232 0.3560
29 233 0.2924
29 234 0.1599
29 235 0.5173
29 236 0.3144
29 237 0.2167
29 238 0.2804
29 239 0.1303
29 240 0.3562
29 241 0.2767
29 242 0.2303
29 243 0.2589
29 244 0.1785
29 245 0.2528
29 246 0.1123
29 247 0.1199
29 248 0.1649
29 249 0.1867
29 250 0.1925
29 251 0.1805
29 252 0.2020
29 253 0.2819
29 254 0.4626
29 255 0.3148
29 256 0.4493
29 257 0.1073
29 258 0.3931
29 259 0.1749
29 260 0.1159
29 261 0.1041
29 262 0.4403
29 263 0.2212
29 264 0.2693
29 265 0.2933
29 266 0.4249
29 267 0.2141
29 268 0.2399
29 269 0.2752
29 270 0.3517
29 271 0.1613
29 272 0.1462
29 273 0.1020
29 274 0.2523
29 275 0.2854
29 276 0.5120
29 277 0.1180
29 278 0.2329
29 279 0.2050
29 281 0.1635
29 282 0.1335
29 283 0.3652
29 284 0.4400
29 285 0.1689
29 286 0.5161
29 287 0.4041
29 288 0.1704
29 289 0.1731
29 290 0.5334
29 291 0.1935
29 292 0.5809
29 293 0.1235
29 294 0.3859
29 295 0.1167
29 296 0.2759
29 297 0.3567
29 298 0.1663
29 299 0.1001
29 300 0.4210
29 301 0.2635
29 302 0.1182
29 303 0.1486
29 304 0.3834
29 305 0.1063
29 306 0.3148
29 307 0.1209
29 308 0.1871
29 309 0.4173
29 310 0.1044
29 311 0.1920
29 313 0.2151
29 314 0.2538
29 315 0.4444
29 316 0.1846
29 317 0.2238
29 318 0.2468
29 319 0.5422
29 320 0.1863
29 321 0.4829
29 322 0.1555
29 323 0.1893
29 324 0.2678
29 325 0.1706
29 326 0.1597
29 327 0.1639
29 328 0.2254
29 329 0.1907
29 330 0.2058
29 331 0.3124
29 332 0.3831
29 333 0.3206
29 334 0.2289
29 335 0.1368
29 336 0.3012
29 337 0.1418
29 338 0.3408
29 339 0.1396
29 340 0.2822
29 341 0.3242
29 342 0.3185
29 343 0.1813
29 344 0.1740
29 345 0.1379
29 346 0.1532
29 347 0.2011
29 348 0.1384
29 349 0.1162
29 350 0.1157
29 351 0.2579
29 352 0.1599
29 353 0.1771
29 354 0.2791
29 355 0.2223
29 356 0.1042
29 357 0.2990
29 358 0.4091
29 359 0.1218
29 360 0.1677
29 361 0.3038
29 362 0.3639
29 363 0.3497
29 364 0.3264
29 366 0.2055
29 367 0.1422
29 368 0.1719
29 369 0.1425
29 370 0.3257
29 371 0.1935
29 372 0.3680
29 373 0.2898
29 374 0.2633
29 375 0.2712
29 376 0.1899
29 377 0.2837
29 378 0.1771
29 379 0.3960
29 380 0.4188
29 381 0.2931
29 382 0.2325
29 383 0.4155
29 384 0.2303
29 385 0.2644
29 386 0.2425
29 387 0.3589
29 388 0.1823
29 389 0.2283
29 390 0.1998
29 391 0.2941
29 392 0.3107
29 393 0.4247
29 394 0.1465
29 395 0.0984
29 396 0.5040
29 397 0.1897
29 398 0.2145
29 399 0.4586
29 400 0.2367
29 402 0.1831
29 403 0.2344
29 404 0.2329
29 405 0.1766
29 406 0.3306
29 407 0.1036
29 408 0.2045
29 409 0.1921
29 410 0.1089
29 411 0.3617
29 412 0.3478
29 413 0.2459
29 414 0.4361
29 415 0.4350
29 416 0.1810
29 417 0.1041
29 418 0.5781
29 419 0.2372
29 420 0.1524
29 421 0.2772
29 422 0.1767
29 423 0.2010
29 424 0.3762
29 425 0.3050
29 426 0.1135
29 427 0.2298
29 428 0.2349
29 429 0.1159
29 430 0.1001
29 432 0.1039
29 433 0.2376
29 434 0.5893
29 435 0.1983
29 436 0.1283
29 437 0.1041
29 438 0.4259
29 439 0.1636
29 440 0.1964
29 441 0.3107
29 442 0.3290
29 443 0.1838
29 444 0.1159
29 445 0.1277
29 447 0.1912
29 449 0.2295
29 450 0.1162
29 451 0.1487
29 452 0.2752
29 453 0.1159
29 454 0.7045
29 455 0.2759
29 456 0.1662
29 457 0.2095
29 458 0.2619
29 459 0.1270
29 460 0.2306
29 461 0.1429
29 462 0.1999
29 463 0.4473
29 464 0.2307
29 465 0.1817
29 466 0.6492
29 467 0.1991
29 468 0.1386
29 469 0.1608
29 470 0.2294
29 471 0.4391
29 472 0.2593
29 474 0.1143
29 475 0.4313
29 476 0.4145
29 478 0.0971
29 479 0.1505
29 480 0.1250
29 481 0.2468
29 482 0.1233
29 484 0.2555
29 485 0.1772
29 486 0.1408
29 487 0.2117
29 488 0.1739
29 489 0.1066
29 490 0.1815
29 491 0.3247
29 492 0.4181
29 493 0.1772
29 494 0.1993
29 495 0.6105
29 496 0.2172
29 497 0.5029
29 498 0.2242
29 499 0.1924
29 500 0.2234
29 501 0.1886
29 502 0.1749
29 503 0.3955
29 504 0.1975
29 505 0.2511
29 506 0.3752
29 507 0.1786
29 508 0.1378
29 509 0.2094
29 510 0.1796
29 511 0.4942
29 512 0.1431
29 513 0.1669
29 514 0.4343
29 515 0.4002
29 516 0.4527
29 517 0.1020
29 518 0.1977
29 519 0.2129
29 520 0.1383
29 521 0.3092
29 522 0.1663
29 523 0.1802
29 524 0.1783
29 525 0.1767
29 526 0.3226
29 527 0.3157
29 528 0.1659
29 529 0.1882
29 530 0.1293
29 531 0.2331
29 532 0.1572
29 533 0.2086
29 534 0.3572
29 535 0.2212
29 536 0.3803
29 537 0.1837
29 538 0.1872
29 539 0.1785
29 540 0.3024
29 541 0.4514
29 542 0.1942
29 543 0.1860
29 544 0.2466
29 545 0.1653
29 546 0.2900
29 547 0.3904
29 548 0.2212
29 549 0.1369
29 550 0.1104
29 551 0.1459
29 552 0.2542
29 553 0.5405
29 554 0.2246
29 555 0.2984
29 556 0.1269
29 557 0.4682
29 558 0.2990
29 559 0.1690
29 560 0.2379
29 561 0.2417
29 562 0.1277
29 563 0.4530
29 564 0.2909
29 565 0.1953
29 566 0.1501
29 567 0.1395
29 568 0.7810
29 569 0.1784
29 570 0.1516
29 571 0.5879
29 572 0.1600
29 573 0.2674
29 574 0.1735
29 575 0.3357
29 576 0.3243
29 577 0.1154
29 578 0.2049
29 579 0.5782
29 581 0.2281
29 582 0.1627
29 583 0.1186
29 584 0.2010
29 585 0.2946
29 586 0.2008
29 587 0.3604
29 589 0.2721
29 590 0.6055
29 591 0.2128
29 592 0.3170
29 593 0.1229
29 594 0.1300
29 595 0.1426
29 598 0.2671
29 599 0.1547
29 600 0.3598
29 601 0.2283
29 602 0.3703
29 604 0.0988
29 605 0.1492
29 606 0.2287
29 607 0.4630
29 608 0.1424
29 609 0.1397
29 610 0.3477
29 611 0.1528
29 612 0.1608
29 613 0.2121
29 614 0.5521
29 615 0.1621
29 616 0.1940
29 617 0.1086
29 618 0.3095
29 619 0.3774
29 620 0.1170
29 621 0.1561
29 622 0.1491
29 623 0.1394
29 624 0.1052
29 625 0.2509
29 626 0.3267
29 627 0.2587
29 628 0.2733
29 629 0.3772
29 630 0.0991
29 631 0.2430
29 632 0.2599
29 633 0.4121
29 634 0.2288
29 635 0.3404
29 636 0.1416
29 637 0.4957
29 638 0.2429
29 639 0.6134
29 640 0.1501
29 641 0.2055
29 642 0.2563
29 643 0.3490
29 644 0.1410
29 645 0.1822
29 646 0.3429
29 647 0.1579
29 648 0.0983
29 649 0.1729
29 650 0.3296
29 651 0.1897
29 652 0.2095
29 653 0.3876
29 654 0.1479
29 655 0.1522
29 656 0.2397
29 657 0.2307
29 658 0.2592
29 659 0.4625
29 660 0.1974
29 661 0.1203
29 662 0.1941
29 663 0.2797
29 664 0.3579
29 665 0.1680
29 666 0.2177
29 667 0.2373
29 668 0.2022
29 669 0.2121
29 670 0.1999
29 671 0.3603
29 672 0.1888
29 673 0.1955
29 674 0.1923
29 675 0.1159
29 676 0.2532
29 677 0.2104
29 678 0.2254
29 679 0.2264
29 680 0.1898
29 681 0.1469
29 682 0.1109
29 683 0.1414
29 684 0.1571
29 685 0.3985
29 686 0.1384
29 687 0.5558
29 688 0.2567
29 689 0.4554
29 690 0.1749
29 691 0.1875
29 692 0.1860
29 693 0.1044
29 694 0.2547
29 695 0.2994
29 696 0.1653
29 697 0.2300
29 698 0.3573
29 699 0.4260
29 700 0.0988
29 701 0.1002
29 702 0.1932
29 703 0.2433
29 704 0.1797
29 705 0.2306
29 706 0.4832
29 707 0.2747
29 708 0.1766
29 709 0.2403
29 710 0.4909
29 711 0.5113
29 712 0.1884
29 713 0.1507
29 714 0.3406
29 716 0.1044
29 717 0.1688
29 718 0.2701
29 720 0.1089
29 721 0.1836
29 722 0.3509
29 723 0.1228
29 724 0.1265
29 725 0.1002
29 726 0.3637
29 727 0.2323
29 728 0.2913
29 729 0.2826
29 731 0.2742
29 732 0.3596
29 733 0.3075
29 734 0.2941
29 735 0.3845
29 736 0.5025
29 737 0.4869
29 738 0.1804
29 740 0.3178
29 741 0.3320
29 742 0.1816
29 743 0.4045
29 744 0.2109
29 745 0.1648
29 746 0.1842
29 747 0.2476
29 748 0.6129
29 749 0.0938
29 750 0.2331
29 751 0.2011
29 752 0.4122
29 753 0.3016
29 754 0.1763
29 755 0.2933
29 756 0.1532
29 757 0.3676
29 758 0.2080
29 759 0.1956
29 760 0.2636
29 761 0.2476
29 762 0.2631
29 763 0.2931
29 764 0.1545
29 765 0.0970
29 766 0.1541
29 767 0.3176
29 768 0.4297
29 769 0.1747
29 770 0.2259
29 771 0.2905
29 772 0.2659
29 773 0.1347
29 774 0.1002
29 775 0.1843
29 776 0.2289
29 777 0.2127
29 778 0.2063
29 780 0.2254
29 781 0.1021
29 782 0.3902
29 783 0.4956
29 784 0.1745
29 785 0.3041
29 786 0.2497
29 787 0.1682
29 788 0.1159
29 789 0.4579
29 791 0.1181
29 792 0.1797
29 793 0.2410
29 794 0.3560
29 795 0.2055
29 796 0.1437
29 797 0.2271
29 798 0.1552
29 799 0.2524
29 800 0.1435
29 801 0.3760
29 802 0.1550
29 803 0.1376
29 804 0.6164
29 805 0.2144
29 806 0.1758
29 807 0.2559
29 808 0.4071
29 809 0.2783
29 810 0.2352
29 811 0.5973
29 812 0.2201
29 813 0.4161
29 814 0.1873
29 815 0.2254
29 816 0.1530
29 817 0.2224
29 818 0.1401
29 819 0.2245
29 820 0.1338
29 821 0.1883
29 822 0.1714
29 823 0.3601
29 824 0.1527
29 825 0.4875
29 827 0.2580
29 828 0.3445
29 829 0.2630
29 830 0.1605
29 831 0.4530
29 832 0.4592
29 833 0.1482
29 834 0.3076
29 835 0.1767
29 836 0.4245
29 838 0.2327
29 839 0.1496
29 840 0.2657
29 841 0.2259
29 842 0.1587
29 843 0.1378
29 844 0.2399
29 845 0.2011
29 846 0.2108
29 848 0.1651
29 849 0.3364
29 850 0.1044
29 851 0.5555
29 852 0.2117
29 853 0.1806
29 854 0.2046
29 855 0.3595
29 856 0.1568
29 857 0.1013
29 858 0.4383
29 859 0.1063
29 860 0.1307
29 861 0.2369
29 862 0.2062
29 864 0.2274
29 865 0.1645
29 866 0.1970
29 867 0.4094
29 868 0.4627
29 869 0.2348
29 870 0.2030
29 871 0.1421
29 872 0.9776
29 873 0.1999
29 874 0.1261
29 875 0.2150
29 876 0.1930
29 877 0.2075
29 878 0.1767
29 880 0.4684
29 881 0.1753
29 882 0.1573
29 883 0.1688
29 884 0.2322
29 885 0.1621
29 886 0.2558
29 887 0.4387
29 888 0.0990
29 889 0.1771
29 890 0.2142
29 891 0.5164
29 892 0.1767
29 893 0.2603
29 894 0.3211
29 895 0.3101
29 896 0.2457
29 898 0.3091
29 899 0.1500
29 900 0.1820
29 901 0.3567
29 903 0.2779
29 905 0.1505
29 906 0.2188
29 907 0.1020
29 908 0.2998
29 909 0.4625
29 910 0.2559
29 911 0.1376
29 912 0.1159
29 913 0.1342
29 914 0.2326
29 915 0.3501
29 916 0.1999
29 917 0.3071
29 918 0.2090
29 919 0.1996
29 920 0.4626
29 921 0.1665
29 922 0.2037
29 924 0.1609
29 925 0.1162
29 928 0.2134
29 929 0.5015
29 930 0.2267
29 932 0.1544
29 933 0.1609
29 934 0.2728
29 935 0.2285
29 936 0.3277
29 937 0.1089
29 938 0.1709
29 939 0.1066
29 940 0.2130
29 941 0.2380
29 942 0.2046
29 943 0.3352
29 944 0.1503
29 946 0.1755
29 947 0.2170
29 948 0.1030
29 949 0.1005
29 950 0.1793
29 951 0.1005
29 952 0.4509
29 953 0.3119
29 954 0.1930
29 955 0.1455
29 956 0.1404
29 957 0.1505
29 958 0.1554
29 959 0.2398
29 960 0.6141
29 961 0.1029
29 962 0.1912
29 963 0.1633
29 964 0.1729
29 965 0.1324
29 966 0.1692
29 967 0.2148
29 968 0.4963
29 969 0.1512
29 971 0.3341
29 972 0.1485
29 973 0.1909
29 974 0.7211
29 975 0.1015
29 976 0.1699
29 977 0.1106
29 978 0.6376
29 979 0.4532
29 980 0.1483
29 981 0.1875
29 982 0.1821
29 983 0.1841
29 984 0.1912
29 985 0.1020
29 986 0.1208
29 987 0.2244
29 989 0.1674
29 990 0.2868
29 991 0.1572
29 992 0.2035
29 993 0.4760
29 994 0.5247
29 995 0.4868
29 996 0.2672
29 998 0.0991
29 999 0.1751
29 1000 0.1127
29 1001 0.1937
29 1002 0.4627
29 1003 0.6770
29 1004 0.4074
29 1005 0.1036
29 1006 0.2109
29 1007 0.5013
29 1008 0.1190
29 1010 0.2004
29 1012 0.1596
29 1013 0.1634
29 1014 0.1635
29 1015 0.2371
29 1016 0.1786
29 1017 0.1755
29 1018 0.1164
29 1019 0.1745
29 1020 0.2730
29 1022 0.2218
29 1023 0.4253
29 1024 0.1388
29 1025 0.1980
29 1026 0.1289
29 1027 0.2000
29 1028 0.1796
29 1029 0.2551
29 1030 0.4540
29 1032 0.3437
29 1033 0.3604
29 1034 0.1013
29 1035 0.1469
29 1036 0.1938
29 1037 0.3408
29 1038 0.1351
29 1039 0.3658
29 1040 0.1106
29 1041 0.2020
29 1042 0.2537
29 1043 0.1045
29 1044 0.1712
29 1045 0.1279
29 1046 0.2230
29 1047 0.1982
29 1048 0.1739
29 1049 0.1624
29 1050 0.1746
29 1051 0.1866
29 1052 0.1034
29 1053 0.1226
29 1054 0.1947
29 1055 0.1514
29 1056 0.1822
29 1057 0.5019
29 1058 0.1482
29 1059 0.2244
29 1060 0.2135
29 1061 0.1975
29 1062 0.1445
29 1063 0.1999
29 1064 0.1061
29 1065 0.1685
29 1066 0.2113
29 1067 0.4457
29 1068 0.2111
29 1069 0.2734
29 1070 0.1755
29 1071 0.1127
29 1072 0.1921
29 1073 0.1221
29 1075 0.2597
29 1076 0.1947
29 1077 0.1301
29 1078 0.1107
29 1079 0.1617
29 1080 0.1459
29 1081 0.1248
29 1082 0.3810
29 1083 0.4198
29 1084 0.1408
29 1085 0.1646
29 1087 0.1055
29 1089 0.1447
29 1090 0.2041
29 1093 0.1502
29 1094 0.1679
29 1095 0.1584
29 1096 0.1819
29 1097 0.1999
29 1099 0.8724
29 1102 0.1501
29 1103 0.1734
29 1104 0.3187
29 1105 0.4926
29 1106 0.1869
29 1107 0.1277
29 1108 0.1576
29 1109 0.1277
29 1110 0.2061
29 1111 0.2447
29 1113 0.1073
29 1114 0.1445
29 1115 0.1071
29 1116 0.2010
29 1117 0.1427
29 1118 0.1517
29 1119 0.1415
29 1120 0.1785
29 1121 0.1247
29 1122 0.1741
29 1123 0.3192
29 1124 0.1959
29 1125 0.1632
29 1126 0.1545
29 1127 0.1760
29 1128 0.5142
29 1129 0.1633
29 1130 0.2623
29 1132 0.1306
29 1133 0.1200
29 1134 0.2058
29 1135 0.7455
29 1136 0.1503
29 1138 0.2610
29 1139 0.1999
29 1141 0.1765
29 1142 0.2200
29 1143 0.5360
29 1144 0.1428
29 1145 0.1502
29 1146 0.1880
29 1147 0.1926
29 1148 0.1999
29 1149 0.0911
29 1150 0.3656
29 1151 0.1508
29 1152 0.5926
29 1153 0.1839
29 1154 0.5341
29 1156 0.2272
29 1157 0.2746
29 1158 0.1731
29 1159 0.1750
29 1160 0.2203
29 1161 0.1693
29 1162 0.1850
29 1163 0.4431
29 1165 0.4343
29 1166 0.1819
29 1167 0.1926
29 1169 0.2523
29 1170 0.1002
29 1172 0.3083
29 1173 0.1672
29 1174 0.1352
29 1176 0.2462
29 1177 0.1569
29 1178 0.2121
29 1180 0.2150
29 1181 0.2575
29 1182 0.2315
29 1183 0.1767
29 1184 0.1141
29 1185 0.1956
29 1186 0.1447
29 1187 0.2046
29 1188 0.2200
29 1189 0.4916
29 1191 0.2332
29 1192 0.1534
29 1193 0.2418
29 1194 0.2166
29 1195 0.1821
29 1196 0.1480
29 1197 0.2918
29 1198 0.2346
29 1199 0.1535
29 1200 0.2461
29 1201 0.5528
29 1202 0.2001
29 1203 0.1499
29 1204 0.1724
29 1205 0.1999
29 1206 0.2554
29 1207 0.1381
29 1208 0.2939
29 1209 0.2118
29 1210 0.2826
29 1211 0.2141
29 1212 0.2882
29 1213 0.1679
29 1214 0.1318
29 1215 0.1969
29 1216 0.1233
29 1217 0.1821
29 1218 0.0990
29 1219 0.1113
29 1220 0.1412
29 1221 0.1721
29 1222 0.1755
29 1223 0.1343
29 1224 0.1089
29 1225 0.5251
29 1226 0.4056
29 1227 0.2466
29 1228 0.1197
29 1229 0.1517
29 1230 0.1539
29 1231 0.2514
29 1233 0.1934
29 1234 0.1257
29 1235 0.1852
29 1237 0.1481
29 1238 0.2722
29 1239 0.1287
29 1240 0.3550
29 1241 0.1621
29 1242 0.2336
29 1243 0.0991
29 1245 0.1700
29 1246 0.1327
29 1247 0.1924
29 1248 0.2157
29 1249 0.1749
29 1250 0.2419
29 1251 0.1513
29 1252 0.2741
29 1253 0.1486
29 1254 0.1038
29 1255 0.1655
29 1256 0.2243
29 1257 0.1038
29 1258 0.4550
29 1259 0.1696
29 1260 0.2911
29 1262 0.3214
29 1263 0.2226
29 1265 0.3261
29 1266 0.1663
29 1267 0.1651
29 1268 0.1969
29 1269 0.2789
29 1270 0.1960
29 1271 0.3118
29 1272 0.2054
29 1273 0.1344
29 1274 0.1257
29 1275 0.2119
29 1276 0.2331
29 1278 0.1344
29 1279 0.2879
29 1280 0.2484
29 1281 0.1460
29 1282 0.2282
29 1283 0.1530
29 1284 0.2229
29 1286 0.1402
29 1287 0.2377
29 1288 0.1379
29 1289 0.2023
29 1290 0.1482
29 1291 0.2093
29 1292 0.5102
29 1295 0.1959
29 1296 0.1819
29 1297 0.1582
29 1298 0.2070
29 1299 0.1363
29 1301 0.1272
29 1302 0.1159
29 1303 0.3106
29 1304 0.3007
29 1305 0.3101
29 1306 0.1704
29 1308 0.2414
29 1309 0.1237
29 1310 0.1330
29 1311 0.1527
29 1312 0.1907
29 1313 0.1502
29 1315 0.1824
29 1316 0.8154
29 1318 0.1737
29 1319 0.1346
29 1320 0.1360
29 1323 0.1533
29 1324 0.1061
29 1325 0.1691
29 1326 0.2125
29 1327 0.1792
29 1328 0.0989
29 1329 0.2487
29 1330 0.1999
29 1331 0.1753
29 1332 0.1621
29 1333 0.1523
29 1334 0.1271
29 1335 0.2734
29 1336 0.1819
29 1337 0.2341
29 1338 0.1685
29 1339 0.1884
29 1340 0.1541
29 1341 0.1767
29 1342 0.4010
29 1343 0.1371
29 1344 0.2143
29 1346 0.2505
29 1347 0.1247
29 1348 0.2016
29 1349 0.1266
29 1350 0.1576
29 1351 0.1018
29 1352 0.1790
29 1353 0.1351
29 1354 0.1502
29 1355 0.1351
29 1356 0.3599
29 1357 0.1394
29 1358 0.0989
29 1360 0.1539
29 1361 0.1021
29 1362 0.1437
29 1363 0.1427
29 1364 0.1159
29 1366 0.1767
29 1367 0.3150
29 1368 0.2793
29 1369 0.2935
29 1370 0.4981
29 1371 0.1010
29 1372 0.2647
29 1373 0.1445
29 1374 0.2921
29 1375 0.2406
29 1376 0.1159
29 1377 0.1765
29 1378 0.1999
29 1379 0.1582
29 1380 0.2752
29 1381 0.1722
29 1382 0.1379
29 1383 0.2537
29 1384 0.1159
29 1386 0.1497
29 1387 0.1888
29 1388 0.2047
29 1389 0.2974
29 1390 0.1267
29 1392 0.0996
29 1393 0.1882
29 1394 0.2237
29 1395 0.1159
29 1396 0.2020
29 1397 0.2838
29 1398 0.1938
29 1399 0.1353
29 1401 0.1767
29 1402 0.1573
29 1405 0.1903
29 1406 0.1954
29 1407 0.1368
29 1408 0.1038
29 1409 0.1141
29 1410 0.1639
29 1411 0.1477
29 1412 0.1186
29 1413 0.1514
29 1415 0.1159
29 1416 0.2657
29 1418 0.1247
29 1419 0.2676
29 1420 0.2482
29 1421 0.2069
29 1422 0.1049
29 1423 0.2171
29 1424 0.2053
29 1425 0.2209
29 1426 0.5608
29 1427 0.1352
29 1428 0.2115
29 1430 0.1044
29 1431 0.1873
29 1433 0.1296
29 1434 0.6358
29 1435 0.4379
29 1436 0.2767
29 1437 0.3152
29 1438 0.1784
29 1439 0.3782
29 1440 0.3207
29 1441 0.2603
29 1443 0.1199
29 1445 0.1424
29 1446 0.2292
29 1448 0.2510
29 1449 0.1530
29 1451 0.1715
29 1452 0.1866
29 1453 0.2020
29 1454 0.1999
29 1455 0.2155
29 1456 0.1556
29 1457 0.1503
29 1458 0.1473
29 1459 0.2109
29 1460 0.1829
29 1461 0.2020
29 1462 0.1017
29 1463 0.1204
29 1464 0.1070
29 1465 0.2114
29 1466 0.1127
29 1468 0.1704
29 1472 0.1218
29 1474 0.1045
29 1475 0.1296
29 1476 0.1244
29 1477 0.1546
29 1478 0.1002
29 1479 0.3388
29 1480 0.2381
29 1481 0.1149
29 1482 0.3391
29 1484 0.1123
29 1485 0.2068
29 1486 0.2020
29 1487 0.1246
29 1488 0.1767
29 1490 0.1819
29 1491 0.1572
29 1492 0.1020
29 1493 0.2470
29 1494 0.1330
29 1495 0.1995
29 1496 0.1177
29 1497 0.1596
29 1498 0.1668
29 1499 0.1143
29 1500 0.1696
29 1501 0.1767
29 1502 0.1663
29 1503 0.1592
29 1504 0.3106
29 1505 0.1886
29 1506 0.1929
29 1507 0.2210
29 1508 0.3071
29 1510 0.1440
29 1511 0.1213
29 1512 0.2114
29 1513 0.1474
29 1515 0.1767
29 1516 0.2775
29 1517 0.1819
29 1518 0.1845
29 1519 0.2791
29 1520 0.7511
29 1522 0.1246
29 1523 0.0938
29 1525 0.1197
29 1526 0.2135
29 1527 0.0983
29 1528 0.2348
29 1529 0.2356
29 1530 0.2314
29 1531 0.1309
29 1532 0.1634
29 1535 0.2552
29 1536 0.1159
29 1537 0.2477
29 1538 0.2295
29 1540 0.1666
29 1541 0.2772
29 1542 0.1049
29 1544 0.1447
29 1545 0.2040
29 1546 0.1397
29 1547 0.2673
29 1548 0.2398
29 1549 0.1219
29 1550 0.1999
29 1551 0.3429
29 1552 0.1999
29 1553 0.1680
29 1554 0.1792
29 1555 0.1999
29 1556 0.1025
29 1557 0.1372
29 1560 0.0970
29 1562 0.2698
29 1565 0.1445
29 1566 0.1652
29 1567 0.1510
29 1568 0.1495
29 1569 0.2138
29 1570 0.1253
29 1571 0.2129
29 1572 0.2065
29 1573 0.1400
29 1574 0.1508
29 1575 0.1819
29 1576 0.1177
29 1577 0.2251
29 1578 0.1155
29 1579 0.2808
29 1580 0.1242
29 1582 0.1874
29 1583 0.1386
29 1584 0.1952
29 1585 0.2167
29 1586 0.1123
29 1587 0.1159
29 1588 0.2001
29 1589 0.2725
29 1590 0.1473
29 1591 0.1919
29 1592 0.1969
29 1593 0.4653
29 1594 0.1002
29 1595 0.1260
29 1596 0.1549
29 1597 0.0988
29 1598 0.2020
29 1599 0.1332
29 1600 0.2020
29 1601 0.1563
29 1602 0.1282
29 1603 0.1727
29 1604 0.1005
29 1605 0.1749
29 1606 0.2103
29 1607 0.1285
29 1608 0.2721
29 1609 0.1021
29 1610 0.2251
29 1611 0.1819
29 1612 0.2413
29 1613 0.4101
29 1614 0.1904
29 1615 0.1789
29 1616 0.1951
29 1617 0.1109
29 1618 0.4306
29 1619 0.1792
29 1620 0.1060
29 1621 0.4691
29 1622 0.5502
29 1623 0.1353
29 1624 0.2499
29 1625 0.1386
29 1626 0.2840
29 1628 0.1663
29 1629 0.2323
29 1630 0.2294
29 1631 0.0982
29 1632 0.2020
29 1633 0.1430
29 1634 0.1818
29 1635 0.2020
29 1636 0.1147
29 1637 0.2810
29 1638 0.0931
29 1639 0.1397
29 1640 0.1410
29 1641 0.2538
29 1642 0.1168
29 1643 0.1503
29 1644 0.1656
29 1645 0.3061
29 1646 0.1124
29 1647 0.1572
29 1648 0.1767
29 1649 0.2077
29 1650 0.1887
29 1651 0.2188
29 1652 0.1368
29 1653 0.7106
29 1654 0.1469
29 1655 0.3404
29 1656 0.1999
29 1657 0.2020
29 1658 0.1767
29 1659 0.0988
29 1660 0.1684
29 1661 0.1902
29 1662 0.1567
29 1663 0.1064
29 1664 0.1819
29 1665 0.1139
29 1666 0.1663
29 1667 0.3128
29 1668 0.2657
29 1669 0.1604
29 1670 0.1663
29 1671 0.1753
29 1672 0.1861
29 1673 0.1502
29 1674 0.2148
29 1675 0.1512
29 1676 0.2373
29 1677 0.1737
29 1678 0.1805
29 1679 0.1363
29 1680 0.1999
29 1681 0.1663
29 1682 0.1232
29 1683 0.2034
29 1684 0.1940
29 1685 0.1794
29 1686 0.1386
29 1687 0.1227
29 1688 0.3404
29 1689 0.6852
29 1690 0.1141
29 1691 0.1649
29 1692 0.2644
29 1694 0.2042
29 1695 0.2578
29 1696 0.1723
29 1697 0.2920
29 1698 0.1132
29 1699 0.1685
29 1700 0.1619
29 1701 0.1019
29 1702 0.1581
29 1703 0.1528
29 1704 0.1936
29 1705 0.1424
29 1706 0.1760
29 1707 0.2044
29 1708 0.1159
29 1709 0.2149
29 1710 0.1663
29 1711 0.1822
29 1712 0.7678
29 1713 0.2333
29 1714 0.2117
29 1715 0.1619
29 1716 0.1235
29 1717 0.7116
29 1718 0.1786
29 1719 0.1663
29 1720 0.1310
29 1721 0.2190
29 1722 0.1999
29 1723 0.1928
29 1724 0.2387
29 1725 0.1021
29 1726 0.1625
29 1727 0.1013
29 1728 0.0949
29 1729 0.1520
29 1730 0.1394
30 31 0.1986
30 32 0.1430
30 33 0.6105
30 34 0.2902
30 35 0.8661
30 36 0.7828
30 37 0.1306
30 38 0.0832
30 39 0.4622
30 40 0.2183
30 41 0.7943
30 42 0.1252
30 43 0.0953
30 44 0.0780
30 45 0.7630
30 46 0.8564
30 47 0.1249
30 48 0.0747
30 49 0.3988
30 50 0.7803
30 51 0.5363
30 52 0.8225
30 53 0.3273
30 54 0.8850
30 55 0.1206
30 56 0.0369
30 57 0.8012
30 58 0.8401
30 59 0.2253
30 60 0.8303
30 61 0.4276
30 62 0.0492
30 63 0.1014
30 64 0.1090
30 65 0.3641
30 66 0.8040
30 67 0.1608
30 68 0.7923
30 69 0.8554
30 70 0.1089
30 71 0.1160
30 72 0.7638
30 73 0.4725
30 74 0.1045
30 75 0.2890
30 76 0.1656
30 77 0.2829
30 78 0.1190
30 79 0.0665
30 80 0.0892
30 81 0.0846
30 82 0.4477
30 83 0.7999
30 84 0.2865
30 85 0.0763
30 86 0.4142
30 87 0.3213
30 88 0.7456
30 89 0.3439
30 90 0.3651
30 91 0.8786
30 92 0.8072
30 93 0.0537
30 94 0.1189
30 95 0.2005
30 96 0.4991
30 97 0.2125
30 98 0.5136
30 99 0.0763
30 100 0.0599
30 101 0.4438
30 102 0.3237
30 103 0.2544
30 104 0.2146
30 105 0.1670
30 106 0.1964
30 107 0.0317
30 108 0.1782
30 109 0.2180
30 110 0.1655
30 111 0.6938
30 112 0.1234
30 113 0.1449
30 114 0.1690
30 115 0.1350
30 116 0.1196
30 117 0.8354
30 119 0.0938
30 120 0.0926
30 121 0.2750
30 122 0.1616
30 123 0.6256
30 124 0.1296
30 125 0.3375
30 126 0.4605
30 127 0.2581
30 128 0.0453
30 129 0.1975
30 130 0.0474
30 131 0.1776
30 132 0.0934
30 133 0.2274
30 134 0.1824
30 135 0.2580
30 136 0.4020
30 137 0.0773
30 138 0.1858
30 139 0.4844
30 140 0.1748
30 142 0.1172
30 143 0.3350
30 144 0.8111
30 145 0.1005
30 146 0.2898
30 147 0.1877
30 148 0.3349
30 149 0.1954
30 150 0.0962
30 151 0.1183
30 152 0.4217
30 153 0.3642
30 154 0.2078
30 156 0.1478
30 157 0.5615
30 158 0.4571
30 159 0.6700
30 160 0.4855
30 161 0.2005
30 162 0.8333
30 163 0.2009
30 164 0.2946
30 165 0.1470
30 166 0.5845
30 167 0.3429
30 168 0.5858
30 169 0.0454
30 170 0.0829
30 171 0.1593
30 172 0.0723
30 173 0.0771
30 174 0.4682
30 175 0.1082
30 176 0.0776
30 177 0.4660
30 178 0.2303
30 179 0.1310
30 180 0.2526
30 181 0.2234
30 182 0.4242
30 183 0.3916
30 184 0.7685
30 185 0.2926
30 186 0.1274
30 187 0.1344
30 188 0.2108
30 189 0.5260
30 191 0.0968
30 192 0.1653
30 193 0.0537
30 194 0.7062
30 195 0.2264
30 196 0.2372
30 197 0.1345
30 198 0.1948
30 199 0.0689
30 200 0.2934
30 201 0.2701
30 202 0.0528
30 203 0.1697
30 204 0.1302
30 206 0.6792
30 207 0.5206
30 208 0.0972
30 209 0.0535
30 210 0.0620
30 211 0.1451
30 212 0.1589
30 213 0.2254
30 214 0.1397
30 215 0.1933
30 216 0.1696
30 217 0.3476
30 218 0.2427
30 219 0.0985
30 220 0.3317
30 221 0.2026
30 222 0.1691
30 223 0.2360
30 224 0.4406
30 225 0.5251
30 226 0.0924
30 227 0.2996
30 228 0.2046
30 229 0.0842
30 230 0.3264
30 231 0.1375
30 232 0.0969
30 233 0.0534
30 234 0.1154
30 235 0.2304
30 236 0.1598
30 237 0.0732
30 238 0.1161
30 239 0.0961
30 240 0.7789
30 241 0.4285
30 242 0.5027
30 243 0.2857
30 244 0.1445
30 245 0.0386
30 246 0.3994
30 247 0.2346
30 248 0.1464
30 249 0.5288
30 250 0.1459
30 251 0.2607
30 252 0.0958
30 253 0.2829
30 254 0.2776
30 255 0.3428
30 256 0.1904
30 257 0.3099
30 258 0.1430
30 259 0.0427
30 260 0.1315
30 261 0.0662
30 262 0.2786
30 263 0.1897
30 264 0.6369
30 265 0.0750
30 266 0.1633
30 267 0.2030
30 268 0.0581
30 269 0.1432
30 270 0.7243
30 271 0.1486
30 272 0.0835
30 273 0.2796
30 274 0.7628
30 275 0.1409
30 276 0.2587
30 277 0.0542
30 278 0.1954
30 279 0.1983
30 281 0.1259
30 282 0.1482
30 283 0.6702
30 284 0.3951
30 285 0.6478
30 286 0.1798
30 287 0.7531
30 288 0.1587
30 289 0.0870
30 290 0.7869
30 291 0.1325
30 292 0.3260
30 293 0.1281
30 294 0.1408
30 295 0.0609
30 296 0.1180
30 297 0.0496
30 298 0.2041
30 299 0.3342
30 300 0.2541
30 301 0.2719
30 302 0.0921
30 303 0.1809
30 304 0.4701
30 305 0.1183
30 306 0.4234
30 307 0.4054
30 308 0.1833
30 309 0.6090
30 310 0.0910
30 311 0.3603
30 313 0.1840
30 314 0.1825
30 315 0.0743
30 316 0.2550
30 317 0.0484
30 318 0.3943
30 319 0.1975
30 320 0.1756
30 321 0.2196
30 322 0.2881
30 323 0.1748
30 324 0.1857
30 325 0.1348
30 326 0.2050
30 327 0.1253
30 328 0.1474
30 329 0.2156
30 330 0.1240
30 331 0.0809
30 332 0.0373
30 333 0.3250
30 334 0.1912
30 335 0.3989
30 336 0.4189
30 337 0.4533
30 338 0.0481
30 339 0.1341
30 340 0.1964
30 341 0.3209
30 342 0.2802
30 343 0.2889
30 344 0.1761
30 345 0.2443
30 346 0.5644
30 347 0.1032
30 348 0.1231
30 349 0.2197
30 350 0.1185
30 351 0.0322
30 352 0.2685
30 353 0.0994
30 354 0.4539
30 355 0.4130
30 356 0.0972
30 357 0.4732
30 358 0.5468
30 359 0.0974
30 360 0.1980
30 361 0.0771
30 362 0.0930
30 363 0.1212
30 364 0.1684
30 366 0.0444
30 367 0.4479
30 368 0.1500
30 369 0.1269
30 370 0.5600
30 371 0.0777
30 372 0.0776
30 373 0.4054
30 374 0.1140
30 375 0.0743
30 376 0.0448
30 377 0.2032
30 378 0.3226
30 379 0.4913
30 380 0.3142
30 381 0.0909
30 382 0.1146
30 383 0.3868
30 384 0.1198
30 385 0.4807
30 386 0.1425
30 387 0.2627
30 388 0.1247
30 389 0.1416
30 390 0.0729
30 391 0.0364
30 392 0.1587
30 393 0.6518
30 394 0.5025
30 395 0.0966
30 396 0.3302
30 397 0.0636
30 398 0.1386
30 399 0.1864
30 400 0.2443
30 402 0.3146
30 403 0.0557
30 404 0.0291
30 405 0.0691
30 406 0.4320
30 407 0.1493
30 408 0.0968
30 409 0.0995
30 410 0.1175
30 411 0.5247
30 412 0.4710
30 413 0.0503
30 414 0.4219
30 415 0.0703
30 416 0.1309
30 417 0.1046
30 418 0.4923
30 419 0.1360
30 420 0.4042
30 421 0.3656
30 422 0.1134
30 423 0.0412
30 424 0.6291
30 425 0.0412
30 426 0.2096
30 427 0.1149
30 428 0.6184
30 429 0.1315
30 430 0.1092
30 432 0.3391
30 433 0.0317
30 434 0.9298
30 435 0.0286
30 436 0.1488
30 437 0.0528
30 438 0.1681
30 439 0.7138
30 440 0.3786
30 441 0.0719
30 442 0.0655
30 443 0.0920
30 444 0.1315
30 445 0.0889
30 447 0.3847
30 449 0.0645
30 450 0.3376
30 451 0.6102
30 452 0.1659
30 453 0.1315
30 454 0.6726
30 455 0.2454
30 456 0.0731
30 457 0.0528
30 458 0.2747
30 459 0.1374
30 460 0.3370
30 461 0.1009
30 462 0.1791
30 463 0.5553
30 464 0.1044
30 465 0.5408
30 466 0.3621
30 467 0.4482
30 468 0.1169
30 469 0.1673
30 470 0.0769
30 471 0.2504
30 472 0.2205
30 474 0.3784
30 475 0.0627
30 476 0.1292
30 478 0.0837
30 479 0.2221
30 480 0.3982
30 481 0.7895
30 482 0.2979
30 484 0.2416
30 485 0.1385
30 486 0.4171
30 487 0.0746
30 488 0.1269
30 489 0.4620
30 490 0.1927
30 491 0.0983
30 492 0.1574
30 493 0.4242
30 494 0.7444
30 495 0.8642
30 496 0.1452
30 497 0.1784
30 498 0.2006
30 499 0.1581
30 500 0.0375
30 501 0.2336
30 502 0.0427
30 503 0.3203
30 504 0.1958
30 505 0.0950
30 506 0.1292
30 507 0.1365
30 508 0.1202
30 509 0.3175
30 510 0.2725
30 511 0.2102
30 512 0.3920
30 513 0.0541
30 514 0.6196
30 515 0.1453
30 516 0.1608
30 517 0.2796
30 518 0.1370
30 519 0.4202
30 520 0.3131
30 521 0.6719
30 522 0.1683
30 523 0.1920
30 524 0.3200
30 525 0.0898
30 526 0.2369
30 527 0.1408
30 528 0.0649
30 529 0.0359
30 530 0.0932
30 531 0.0669
30 532 0.4855
30 533 0.4129
30 534 0.1604
30 535 0.3069
30 536 0.2384
30 537 0.6382
30 538 0.1020
30 539 0.3275
30 540 0.7445
30 541 0.1240
30 542 0.5959
30 543 0.1347
30 544 0.0881
30 545 0.1433
30 546 0.1935
30 547 0.0396
30 548 0.0705
30 549 0.0899
30 550 0.1986
30 551 0.3998
30 552 0.2785
30 553 0.3284
30 554 0.2211
30 555 0.0971
30 556 0.1099
30 557 0.6019
30 558 0.6927
30 559 0.1500
30 560 0.2286
30 561 0.1186
30 562 0.1684
30 563 0.0955
30 564 0.2782
30 565 0.2020
30 566 0.2189
30 567 0.0949
30 568 0.8029
30 569 0.2162
30 570 0.1075
30 571 0.3792
30 572 0.0744
30 573 0.7048
30 574 0.0968
30 575 0.0798
30 576 0.1488
30 577 0.1569
30 578 0.0876
30 579 0.2740
30 581 0.0390
30 582 0.0894
30 583 0.1279
30 584 0.0930
30 585 0.3512
30 586 0.1430
30 587 0.3724
30 589 0.2077
30 590 0.4704
30 591 0.0290
30 592 0.3515
30 593 0.1227
30 594 0.2364
30 595 0.5295
30 598 0.3420
30 599 0.2367
30 600 0.1667
30 601 0.0900
30 602 0.0633
30 604 0.2464
30 605 0.4148
30 606 0.4041
30 607 0.1501
30 608 0.0842
30 609 0.0823
30 610 0.0774
30 611 0.2509
30 612 0.3047
30 613 0.1718
30 614 0.4406
30 615 0.1099
30 616 0.1607
30 617 0.2120
30 618 0.2332
30 619 0.1409
30 620 0.1008
30 621 0.1043
30 622 0.2735
30 623 0.2692
30 624 0.5792
30 625 0.1108
30 626 0.3307
30 627 0.1218
30 628 0.3414
30 629 0.4779
30 630 0.1312
30 631 0.1013
30 632 0.0534
30 633 0.0886
30 634 0.2719
30 635 0.1364
30 636 0.4464
30 637 0.1382
30 638 0.4800
30 639 0.6204
30 640 0.2432
30 641 0.0736
30 642 0.0788
30 643 0.1681
30 644 0.1419
30 645 0.1982
30 646 0.3010
30 647 0.1603
30 648 0.2310
30 649 0.1162
30 650 0.1223
30 651 0.0666
30 652 0.1021
30 653 0.0864
30 654 0.1915
30 655 0.3563
30 656 0.0864
30 657 0.1894
30 658 0.2990
30 659 0.5019
30 660 0.1278
30 661 0.4097
30 662 0.2578
30 663 0.5319
30 664 0.7551
30 665 0.3888
30 666 0.1150
30 667 0.2272
30 668 0.2105
30 669 0.2055
30 670 0.0818
30 671 0.1176
30 672 0.0838
30 673 0.1057
30 674 0.4497
30 675 0.1315
30 676 0.2164
30 677 0.1353
30 678 0.6893
30 679 0.1580
30 680 0.1090
30 681 0.3314
30 682 0.2850
30 683 0.1143
30 684 0.2563
30 685 0.3158
30 686 0.2902
30 687 0.5083
30 688 0.5470
30 689 0.8983
30 690 0.0427
30 691 0.2658
30 692 0.1428
30 693 0.0910
30 694 0.2093
30 695 0.2613
30 696 0.3148
30 697 0.5366
30 698 0.1666
30 699 0.5555
30 700 0.0695
30 701 0.1079
30 702 0.0853
30 703 0.0877
30 704 0.1164
30 705 0.0598
30 706 0.3042
30 707 0.2821
30 708 0.1332
30 709 0.0410
30 710 0.3006
30 711 0.2125
30 712 0.2138
30 713 0.4850
30 714 0.8554
30 716 0.0910
30 717 0.1852
30 718 0.4889
30 720 0.5769
30 721 0.2545
30 722 0.4030
30 723 0.1386
30 724 0.2600
30 725 0.1079
30 726 0.1874
30 727 0.1967
30 728 0.1913
30 729 0.1124
30 731 0.5807
30 732 0.1742
30 733 0.0631
30 734 0.1763
30 735 0.7372
30 736 0.1092
30 737 0.6808
30 738 0.0687
30 740 0.1036
30 741 0.8524
30 742 0.0646
30 743 0.2941
30 744 0.1068
30 745 0.0571
30 746 0.1417
30 747 0.4288
30 748 0.9299
30 749 0.0977
30 750 0.1506
30 751 0.0750
30 752 0.1059
30 753 0.0595
30 754 0.0747
30 755 0.1204
30 756 0.1044
30 757 0.2304
30 758 0.5701
30 759 0.1470
30 760 0.1490
30 761 0.1279
30 762 0.0582
30 763 0.8260
30 764 0.1887
30 765 0.1408
30 766 0.1769
30 767 0.4748
30 768 0.3343
30 769 0.3768
30 770 0.1275
30 771 0.2248
30 772 0.1254
30 773 0.1107
30 774 0.2242
30 775 0.0839
30 776 0.0886
30 777 0.2625
30 778 0.1419
30 780 0.0734
30 781 0.0795
30 782 0.7154
30 783 0.3392
30 784 0.2061
30 785 0.5178
30 786 0.1951
30 787 0.1323
30 788 0.1315
30 789 0.0984
30 791 0.0918
30 792 0.1431
30 793 0.1173
30 794 0.1285
30 795 0.0444
30 796 0.1605
30 797 0.1864
30 798 0.1800
30 799 0.1109
30 800 0.4232
30 801 0.2430
30 802 0.1411
30 803 0.2021
30 804 0.6784
30 805 0.0819
30 806 0.2229
30 807 0.0509
30 808 0.8360
30 809 0.0539
30 810 0.3471
30 811 0.4655
30 812 0.3777
30 813 0.1799
30 814 0.1110
30 815 0.0313
30 816 0.0807
30 817 0.1515
30 818 0.1379
30 819 0.1327
30 820 0.3986
30 821 0.1152
30 822 0.1153
30 823 0.3866
30 824 0.3322
30 825 0.1650
30 827 0.0407
30 828 0.2124
30 829 0.4072
30 830 0.4282
30 831 0.2394
30 832 0.0986
30 833 0.2596
30 834 0.1803
30 835 0.0876
30 836 0.0551
30 838 0.0495
30 839 0.3867
30 840 0.0597
30 841 0.1130
30 842 0.2472
30 843 0.4789
30 844 0.0581
30 845 0.2640
30 846 0.0833
30 848 0.1647
30 849 0.1677
30 850 0.0910
30 851 0.3295
30 852 0.2887
30 853 0.1516
30 854 0.2316
30 855 0.1214
30 856 0.4399
30 857 0.0864
30 858 0.5308
30 859 0.2996
30 860 0.1416
30 861 0.0645
30 862 0.1761
30 864 0.0455
30 865 0.4382
30 866 0.1738
30 867 0.1941
30 868 0.5755
30 869 0.1436
30 870 0.1075
30 871 0.2060
30 872 0.8614
30 873 0.1028
30 874 0.1063
30 875 0.1478
30 876 0.6415
30 877 0.2192
30 878 0.0898
30 880 0.5788
30 881 0.1252
30 882 0.2876
30 883 0.1003
30 884 0.0510
30 885 0.1380
30 886 0.1837
30 887 0.1624
30 888 0.1204
30 889 0.1506
30 890 0.1764
30 891 0.8737
30 892 0.1694
30 893 0.1985
30 894 0.4081
30 895 0.1321
30 896 0.1595
30 898 0.2526
30 899 0.1266
30 900 0.1539
30 901 0.1625
30 903 0.3501
30 905 0.1051
30 906 0.2971
30 907 0.2796
30 908 0.2466
30 909 0.1578
30 910 0.0509
30 911 0.3222
30 912 0.1315
30 913 0.2543
30 914 0.7234
30 915 0.2094
30 916 0.1604
30 917 0.1606
30 918 0.0859
30 919 0.1595
30 920 0.4996
30 921 0.0678
30 922 0.2411
30 924 0.1699
30 925 0.1626
30 928 0.4880
30 929 0.3110
30 930 0.1062
30 932 0.1054
30 933 0.2829
30 934 0.2809
30 935 0.0279
30 936 0.4171
30 937 0.1341
30 938 0.5669
30 939 0.4620
30 940 0.1925
30 941 0.0970
30 942 0.0541
30 943 0.3241
30 944 0.2000
30 946 0.0822
30 947 0.0355
30 948 0.1283
30 949 0.1368
30 950 0.1207
30 951 0.1145
30 952 0.2003
30 953 0.1696
30 954 0.5416
30 955 0.3749
30 956 0.1741
30 957 0.1221
30 958 0.1647
30 959 0.4312
30 960 0.2952
30 961 0.2751
30 962 0.0943
30 963 0.3197
30 964 0.1508
30 965 0.0719
30 966 0.5364
30 967 0.2123
30 968 0.2721
30 969 0.4014
30 971 0.4763
30 972 0.0966
30 973 0.1055
30 974 0.5989
30 975 0.0812
30 976 0.1249
30 977 0.1484
30 978 0.4565
30 979 0.1228
30 980 0.2963
30 981 0.1817
30 982 0.3969
30 983 0.1128
30 984 0.0758
30 985 0.2796
30 986 0.0661
30 987 0.0462
30 989 0.1784
30 990 0.0891
30 991 0.2495
30 992 0.4513
30 993 0.2043
30 994 0.1880
30 995 0.3929
30 996 0.1542
30 998 0.1312
30 999 0.3399
30 1000 0.1135
30 1001 0.2277
30 1002 0.2248
30 1003 0.9141
30 1004 0.2759
30 1005 0.1493
30 1006 0.1364
30 1007 0.3554
30 1008 0.3064
30 1010 0.1734
30 1012 0.3392
30 1013 0.5068
30 1014 0.0710
30 1015 0.7112
30 1016 0.0679
30 1017 0.1326
30 1018 0.3078
30 1019 0.2466
30 1020 0.2486
30 1022 0.0288
30 1023 0.4463
30 1024 0.1063
30 1025 0.0997
30 1026 0.0776
30 1027 0.2067
30 1028 0.2798
30 1029 0.0553
30 1030 0.0716
30 1032 0.5435
30 1033 0.3032
30 1034 0.1780
30 1035 0.3950
30 1036 0.1702
30 1037 0.2589
30 1038 0.2784
30 1039 0.4058
30 1040 0.1484
30 1041 0.2155
30 1042 0.2209
30 1043 0.4588
30 1044 0.5035
30 1045 0.1742
30 1046 0.5180
30 1047 0.0759
30 1048 0.1057
30 1049 0.0984
30 1050 0.0881
30 1051 0.0718
30 1052 0.1144
30 1053 0.2983
30 1054 0.2826
30 1055 0.3423
30 1056 0.0812
30 1057 0.5957
30 1058 0.1141
30 1059 0.2796
30 1060 0.1982
30 1061 0.1118
30 1062 0.2095
30 1063 0.5989
30 1064 0.0473
30 1065 0.0788
30 1066 0.0979
30 1067 0.5520
30 1068 0.1186
30 1069 0.0934
30 1070 0.0778
30 1071 0.1186
30 1072 0.1232
30 1073 0.3515
30 1075 0.5899
30 1076 0.3301
30 1077 0.5955
30 1078 0.2016
30 1079 0.1045
30 1080 0.1056
30 1081 0.1077
30 1082 0.0502
30 1083 0.8780
30 1084 0.1219
30 1085 0.1513
30 1087 0.0688
30 1089 0.1192
30 1090 0.1018
30 1093 0.1660
30 1094 0.0947
30 1095 0.2071
30 1096 0.2538
30 1097 0.1028
30 1099 0.9787
30 1102 0.3110
30 1103 0.0974
30 1104 0.0514
30 1105 0.1534
30 1106 0.1326
30 1107 0.0834
30 1108 0.1650
30 1109 0.3395
30 1110 0.2362
30 1111 0.1519
30 1113 0.3099
30 1114 0.1765
30 1115 0.1592
30 1116 0.5088
30 1117 0.5955
30 1118 0.1565
30 1119 0.0988
30 1120 0.3047
30 1121 0.0874
30 1122 0.1815
30 1123 0.2752
30 1124 0.1827
30 1125 0.0825
30 1126 0.1637
30 1127 0.3506
30 1128 0.2392
30 1129 0.0863
30 1130 0.6531
30 1132 0.3081
30 1133 0.1410
30 1134 0.1443
30 1135 0.9425
30 1136 0.3790
30 1138 0.1353
30 1139 0.1818
30 1141 0.0824
30 1142 0.2653
30 1143 0.5793
30 1144 0.1745
30 1145 0.0795
30 1146 0.3324
30 1147 0.0527
30 1148 0.1028
30 1149 0.1323
30 1150 0.1632
30 1151 0.2999
30 1152 0.8314
30 1153 0.0924
30 1154 0.1116
30 1156 0.1930
30 1157 0.2036
30 1158 0.2604
30 1159 0.0910
30 1160 0.1228
30 1161 0.0772
30 1162 0.0819
30 1163 0.2600
30 1165 0.5489
30 1166 0.1994
30 1167 0.0650
30 1169 0.1415
30 1170 0.1079
30 1172 0.1781
30 1173 0.0866
30 1174 0.0601
30 1176 0.6567
30 1177 0.1844
30 1178 0.4805
30 1180 0.1314
30 1181 0.1909
30 1182 0.1907
30 1183 0.1558
30 1184 0.0661
30 1185 0.0765
30 1186 0.2994
30 1187 0.0893
30 1188 0.4891
30 1189 0.4322
30 1191 0.0688
30 1192 0.1111
30 1193 0.0852
30 1194 0.0469
30 1195 0.0890
30 1196 0.3904
30 1197 0.3483
30 1198 0.2799
30 1199 0.1358
30 1200 0.4813
30 1201 0.2138
30 1202 0.0233
30 1203 0.1255
30 1204 0.1522
30 1205 0.1028
30 1206 0.3182
30 1207 0.1723
30 1208 0.0994
30 1209 0.0387
30 1210 0.0698
30 1211 0.1301
30 1212 0.1465
30 1213 0.0995
30 1214 0.1587
30 1215 0.2114
30 1216 0.1016
30 1217 0.2549
30 1218 0.1204
30 1219 0.1639
30 1220 0.1257
30 1221 0.1171
30 1222 0.1748
30 1223 0.0591
30 1224 0.1341
30 1225 0.2309
30 1226 0.4539
30 1227 0.0302
30 1228 0.1149
30 1229 0.1255
30 1230 0.2025
30 1231 0.0388
30 1233 0.1789
30 1234 0.1011
30 1235 0.1270
30 1237 0.2373
30 1238 0.0679
30 1239 0.1173
30 1240 0.4106
30 1241 0.1150
30 1242 0.1375
30 1243 0.1312
30 1245 0.1048
30 1246 0.1430
30 1247 0.2037
30 1248 0.3962
30 1249 0.0427
30 1250 0.2876
30 1251 0.0842
30 1252 0.0314
30 1253 0.1025
30 1254 0.0726
30 1255 0.0500
30 1256 0.1119
30 1257 0.0726
30 1258 0.3507
30 1259 0.1803
30 1260 0.1386
30 1262 0.1145
30 1263 0.1778
30 1265 0.1465
30 1266 0.0868
30 1267 0.1155
30 1268 0.4243
30 1269 0.3780
30 1270 0.1055
30 1271 0.2001
30 1272 0.1956
30 1273 0.0888
30 1274 0.0729
30 1275 0.0856
30 1276 0.0831
30 1278 0.0822
30 1279 0.0999
30 1280 0.1242
30 1281 0.1534
30 1282 0.1878
30 1283 0.0668
30 1284 0.1037
30 1286 0.1516
30 1287 0.2148
30 1288 0.1606
30 1289 0.1682
30 1290 0.0977
30 1291 0.1133
30 1292 0.4202
30 1295 0.0942
30 1296 0.1948
30 1297 0.2754
30 1298 0.1681
30 1299 0.0809
30 1301 0.2013
30 1302 0.1315
30 1303 0.2316
30 1304 0.2066
30 1305 0.2885
30 1306 0.1409
30 1308 0.2131
30 1309 0.2429
30 1310 0.1383
30 1311 0.1667
30 1312 0.1917
30 1313 0.1277
30 1315 0.1373
30 1316 0.7452
30 1318 0.1764
30 1319 0.1556
30 1320 0.2191
30 1323 0.1700
30 1324 0.1462
30 1325 0.1511
30 1326 0.1056
30 1327 0.2130
30 1328 0.1406
30 1329 0.1442
30 1330 0.1748
30 1331 0.1531
30 1332 0.1327
30 1333 0.1406
30 1334 0.0781
30 1335 0.2406
30 1336 0.0982
30 1337 0.1382
30 1338 0.0939
30 1339 0.1350
30 1340 0.1518
30 1341 0.0916
30 1342 0.0767
30 1343 0.1286
30 1344 0.4795
30 1346 0.0499
30 1347 0.1120
30 1348 0.3246
30 1349 0.2094
30 1350 0.1025
30 1351 0.2826
30 1352 0.1145
30 1353 0.1328
30 1354 0.2275
30 1355 0.1328
30 1356 0.5022
30 1357 0.2634
30 1358 0.1406
30 1360 0.1161
30 1361 0.1266
30 1362 0.3084
30 1363 0.1601
30 1364 0.1315
30 1366 0.1694
30 1367 0.0611
30 1368 0.3407
30 1369 0.2267
30 1370 0.2675
30 1371 0.0936
30 1372 0.1172
30 1373 0.1299
30 1374 0.0537
30 1375 0.0388
30 1376 0.1315
30 1377 0.1693
30 1378 0.1028
30 1379 0.2190
30 1380 0.2819
30 1381 0.0796
30 1382 0.1817
30 1383 0.0557
30 1384 0.1315
30 1386 0.2460
30 1387 0.1055
30 1388 0.0630
30 1389 0.0956
30 1390 0.0456
30 1392 0.1010
30 1393 0.0548
30 1394 0.0930
30 1395 0.1315
30 1396 0.0958
30 1397 0.0859
30 1398 0.1517
30 1399 0.0940
30 1401 0.0898
30 1402 0.1553
30 1405 0.1806
30 1406 0.0870
30 1407 0.1336
30 1408 0.0726
30 1409 0.1889
30 1410 0.1764
30 1411 0.2109
30 1412 0.0867
30 1413 0.1035
30 1415 0.1315
30 1416 0.1246
30 1418 0.1219
30 1419 0.1564
30 1420 0.2423
30 1421 0.0985
30 1422 0.1203
30 1423 0.0858
30 1424 0.0863
30 1425 0.0939
30 1426 0.4884
30 1427 0.1187
30 1428 0.0676
30 1430 0.0910
30 1431 0.0863
30 1433 0.1050
30 1434 0.2038
30 1435 0.0809
30 1436 0.0731
30 1437 0.1059
30 1438 0.0704
30 1439 0.4362
30 1440 0.1417
30 1441 0.1469
30 1443 0.1820
30 1445 0.0842
30 1446 0.0786
30 1448 0.3123
30 1449 0.3049
30 1451 0.4431
30 1452 0.5407
30 1453 0.0958
30 1454 0.1028
30 1455 0.2358
30 1456 0.6097
30 1457 0.4249
30 1458 0.3793
30 1459 0.4008
30 1460 0.5339
30 1461 0.2407
30 1462 0.2501
30 1463 0.2979
30 1464 0.5145
30 1465 0.2896
30 1466 0.5596
30 1468 0.1564
30 1472 0.3337
30 1474 0.4588
30 1475 0.4088
30 1476 0.4011
30 1477 0.0919
30 1478 0.2242
30 1479 0.5303
30 1480 0.3499
30 1481 0.1238
30 1482 0.2575
30 1484 0.1284
30 1485 0.4563
30 1486 0.1945
30 1487 0.5150
30 1488 0.0898
30 1490 0.0968
30 1491 0.4325
30 1492 0.2796
30 1493 0.2538
30 1494 0.6448
30 1495 0.3889
30 1496 0.4346
30 1497 0.0845
30 1498 0.2509
30 1499 0.3784
30 1500 0.4079
30 1501 0.1183
30 1502 0.2341
30 1503 0.8179
30 1504 0.5295
30 1505 0.2608
30 1506 0.2554
30 1507 0.1561
30 1508 0.4284
30 1510 0.6299
30 1511 0.6119
30 1512 0.3964
30 1513 0.2486
30 1515 0.1633
30 1516 0.6365
30 1517 0.0968
30 1518 0.4323
30 1519 0.2558
30 1520 0.6115
30 1522 0.1089
30 1523 0.0977
30 1525 0.1429
30 1526 0.1477
30 1527 0.2310
30 1528 0.2134
30 1529 0.1907
30 1530 0.2998
30 1531 0.1728
30 1532 0.2819
30 1535 0.2579
30 1536 0.1315
30 1537 0.2729
30 1538 0.2499
30 1540 0.0847
30 1541 0.3977
30 1542 0.1264
30 1544 0.1633
30 1545 0.2295
30 1546 0.2645
30 1547 0.3426
30 1548 0.1383
30 1549 0.1667
30 1550 0.1827
30 1551 0.2300
30 1552 0.1028
30 1553 0.1354
30 1554 0.3718
30 1555 0.1028
30 1556 0.1493
30 1557 0.1810
30 1560 0.1408
30 1562 0.1543
30 1565 0.2020
30 1566 0.0948
30 1567 0.1146
30 1568 0.0786
30 1569 0.1084
30 1570 0.0722
30 1571 0.1236
30 1572 0.1925
30 1573 0.2139
30 1574 0.1244
30 1575 0.1984
30 1576 0.1300
30 1577 0.2120
30 1578 0.1800
30 1579 0.2019
30 1580 0.0713
30 1582 0.1781
30 1583 0.0769
30 1584 0.2520
30 1585 0.0726
30 1586 0.1284
30 1587 0.1315
30 1588 0.1325
30 1589 0.0468
30 1590 0.1250
30 1591 0.1917
30 1592 0.1151
30 1593 0.0944
30 1594 0.1079
30 1595 0.1695
30 1596 0.2322
30 1597 0.1317
30 1598 0.1745
30 1599 0.0872
30 1600 0.0958
30 1601 0.1467
30 1602 0.1296
30 1603 0.1538
30 1604 0.1145
30 1605 0.0427
30 1606 0.2080
30 1607 0.0990
30 1608 0.2015
30 1609 0.1266
30 1610 0.0514
30 1611 0.2019
30 1612 0.1102
30 1613 0.1377
30 1614 0.2670
30 1615 0.1583
30 1616 0.2033
30 1617 0.1858
30 1618 0.7153
30 1619 0.3119
30 1620 0.1372
30 1621 0.1169
30 1622 0.2090
30 1623 0.1138
30 1624 0.0843
30 1625 0.0769
30 1626 0.0525
30 1628 0.1509
30 1629 0.1669
30 1630 0.2006
30 1631 0.1079
30 1632 0.2154
30 1633 0.1450
30 1634 0.1378
30 1635 0.2214
30 1636 0.1257
30 1637 0.0801
30 1638 0.1310
30 1639 0.1756
30 1640 0.1019
30 1641 0.0316
30 1642 0.0803
30 1643 0.1336
30 1644 0.0861
30 1645 0.3725
30 1646 0.0622
30 1647 0.0963
30 1648 0.0898
30 1649 0.1549
30 1650 0.2123
30 1651 0.1789
30 1652 0.1407
30 1653 0.6359
30 1654 0.0926
30 1655 0.3292
30 1656 0.1028
30 1657 0.0958
30 1658 0.1633
30 1659 0.0695
30 1660 0.1035
30 1661 0.0838
30 1662 0.0581
30 1663 0.1621
30 1664 0.0982
30 1665 0.0778
30 1666 0.0868
30 1667 0.0930
30 1668 0.0570
30 1669 0.0826
30 1670 0.0868
30 1671 0.0974
30 1672 0.0579
30 1673 0.0795
30 1674 0.0800
30 1675 0.0458
30 1676 0.1311
30 1677 0.1869
30 1678 0.0897
30 1679 0.0586
30 1680 0.1028
30 1681 0.1534
30 1682 0.1591
30 1683 0.1635
30 1684 0.1007
30 1685 0.1329
30 1686 0.0769
30 1687 0.1020
30 1688 0.3284
30 1689 0.5452
30 1690 0.1437
30 1691 0.0661
30 1692 0.1752
30 1694 0.0888
30 1695 0.1073
30 1696 0.1786
30 1697 0.1290
30 1698 0.1382
30 1699 0.0788
30 1700 0.3809
30 1701 0.0655
30 1702 0.0744
30 1703 0.1940
30 1704 0.2719
30 1705 0.0842
30 1706 0.1147
30 1707 0.0734
30 1708 0.1315
30 1709 0.0819
30 1710 0.0868
30 1711 0.0618
30 1712 0.7706
30 1713 0.0853
30 1714 0.0602
30 1715 0.0894
30 1716 0.1283
30 1717 0.5773
30 1718 0.0765
30 1719 0.1534
30 1720 0.0766
30 1721 0.2132
30 1722 0.1028
30 1723 0.1307
30 1724 0.1079
30 1725 0.0795
30 1726 0.1361
30 1727 0.0864
30 1728 0.0940
30 1729 0.0959
30 1730 0.0746
31 32 0.2705
31 33 0.2973
31 34 0.6668
31 35 0.9045
31 36 0.5181
31 37 0.1156
31 38 0.0866
31 39 0.6620
31 40 0.4147
31 41 0.7809
31 42 0.1545
31 43 0.0790
31 44 0.0757
31 45 0.8065
31 46 0.7550
31 47 0.1500
31 48 0.1437
31 49 0.5669
31 50 0.5888
31 51 0.6557
31 52 0.6670
31 53 0.3779
31 54 0.6655
31 55 0.6202
31 56 0.1467
31 57 0.7823
31 58 0.7517
31 59 0.1592
31 60 0.6330
31 61 0.2492
31 62 0.1407
31 63 0.0845
31 64 0.1041
31 65 0.4206
31 66 0.7635
31 67 0.1854
31 68 0.6423
31 69 0.6462
31 70 0.1022
31 71 0.1673
31 72 0.2449
31 73 0.7098
31 74 0.1401
31 75 0.5681
31 76 0.1976
31 77 0.3101
31 78 0.1271
31 79 0.1081
31 80 0.0898
31 81 0.0802
31 82 0.4139
31 83 0.5853
31 84 0.1643
31 85 0.0957
31 86 0.6135
31 87 0.1143
31 88 0.6167
31 89 0.2896
31 90 0.4204
31 91 0.8682
31 92 0.8456
31 93 0.0884
31 94 0.0752
31 95 0.1672
31 96 0.7426
31 97 0.2812
31 98 0.8276
31 99 0.0715
31 100 0.0387
31 101 0.2575
31 102 0.6611
31 103 0.3773
31 104 0.1091
31 105 0.6903
31 106 0.6452
31 107 0.1211
31 108 0.1428
31 109 0.3191
31 110 0.5109
31 111 0.6007
31 112 0.1822
31 113 0.4368
31 114 0.3007
31 115 0.2446
31 116 0.1356
31 117 0.3270
31 119 0.1194
31 120 0.2140
31 121 0.5262
31 122 0.1955
31 123 0.5500
31 124 0.0702
31 125 0.3262
31 126 0.5848
31 127 0.1848
31 128 0.1200
31 129 0.2936
31 130 0.1055
31 131 0.5672
31 132 0.0731
31 133 0.2166
31 134 0.3462
31 135 0.3047
31 136 0.2510
31 137 0.1391
31 138 0.3655
31 139 0.2124
31 140 0.1584
31 142 0.2380
31 143 0.2517
31 144 0.5350
31 145 0.1206
31 146 0.3409
31 147 0.0941
31 148 0.1569
31 149 0.1068
31 150 0.0935
31 151 0.0847
31 152 0.5043
31 153 0.4583
31 154 0.1199
31 156 0.1020
31 157 0.2665
31 158 0.5515
31 159 0.8923
31 160 0.6479
31 161 0.5059
31 162 0.6857
31 163 0.1003
31 164 0.3253
31 165 0.0910
31 166 0.6195
31 167 0.4207
31 168 0.6735
31 169 0.1069
31 170 0.1503
31 171 0.1960
31 172 0.0927
31 173 0.0748
31 174 0.3372
31 175 0.1114
31 176 0.2045
31 177 0.2676
31 178 0.1982
31 179 0.1427
31 180 0.4259
31 181 0.3054
31 182 0.3399
31 183 0.6056
31 184 0.3400
31 185 0.3701
31 186 0.1894
31 187 0.4469
31 188 0.5674
31 189 0.6647
31 191 0.3169
31 192 0.1409
31 193 0.0948
31 194 0.4940
31 195 0.3583
31 196 0.5455
31 197 0.1148
31 198 0.3995
31 199 0.1231
31 200 0.5480
31 201 0.2045
31 202 0.0716
31 203 0.1244
31 204 0.1438
31 206 0.6101
31 207 0.2862
31 208 0.0901
31 209 0.0722
31 210 0.0748
31 211 0.5546
31 212 0.1359
31 213 0.3417
31 214 0.1140
31 215 0.1566
31 216 0.2402
31 217 0.2587
31 218 0.6293
31 219 0.1948
31 220 0.1651
31 221 0.5359
31 222 0.2881
31 223 0.2091
31 224 0.5727
31 225 0.4143
31 226 0.0634
31 227 0.3821
31 228 0.2977
31 229 0.0852
31 230 0.3346
31 231 0.2116
31 232 0.0943
31 233 0.0862
31 234 0.0580
31 235 0.1922
31 236 0.1151
31 237 0.0823
31 238 0.0909
31 239 0.0942
31 240 0.5392
31 241 0.2388
31 242 0.4123
31 243 0.4510
31 244 0.3626
31 245 0.1212
31 246 0.2974
31 247 0.2129
31 248 0.3755
31 249 0.3046
31 250 0.3971
31 251 0.2374
31 252 0.0759
31 253 0.3068
31 254 0.6318
31 255 0.2570
31 256 0.2036
31 257 0.2236
31 258 0.1596
31 259 0.1360
31 260 0.1104
31 261 0.0858
31 262 0.6326
31 263 0.2178
31 264 0.7958
31 265 0.0822
31 266 0.4892
31 267 0.1760
31 268 0.1190
31 269 0.2813
31 270 0.5335
31 271 0.3689
31 272 0.0889
31 273 0.2916
31 274 0.5823
31 275 0.5337
31 276 0.3173
31 277 0.0500
31 278 0.5263
31 279 0.4216
31 281 0.1255
31 282 0.1483
31 283 0.5550
31 284 0.5650
31 285 0.5744
31 286 0.4222
31 287 0.5931
31 288 0.2613
31 289 0.3221
31 290 0.6919
31 291 0.1022
31 292 0.1152
31 293 0.3674
31 294 0.1138
31 295 0.1310
31 296 0.1943
31 297 0.1377
31 298 0.2707
31 299 0.3512
31 300 0.4884
31 301 0.3868
31 302 0.0649
31 303 0.1565
31 304 0.4946
31 305 0.1919
31 306 0.2196
31 307 0.2265
31 308 0.2914
31 309 0.5884
31 310 0.1113
31 311 0.1873
31 313 0.1592
31 314 0.8052
31 315 0.1433
31 316 0.3709
31 317 0.0996
31 318 0.3277
31 319 0.1712
31 320 0.2968
31 321 0.2908
31 322 0.1946
31 323 0.1094
31 324 0.1395
31 325 0.6148
31 326 0.3526
31 327 0.1445
31 328 0.6375
31 329 0.2427
31 330 0.1638
31 331 0.1132
31 332 0.0803
31 333 0.6652
31 334 0.3794
31 335 0.3561
31 336 0.5865
31 337 0.2301
31 338 0.1481
31 339 0.4505
31 340 0.4291
31 341 0.2699
31 342 0.4558
31 343 0.2831
31 344 0.4872
31 345 0.2836
31 346 0.3900
31 347 0.0864
31 348 0.0977
31 349 0.4235
31 350 0.1880
31 351 0.0757
31 352 0.3762
31 353 0.1191
31 354 0.5051
31 355 0.4083
31 356 0.2154
31 357 0.3423
31 358 0.2167
31 359 0.3793
31 360 0.1666
31 361 0.2015
31 362 0.0997
31 363 0.3733
31 364 0.2091
31 366 0.0884
31 367 0.4823
31 368 0.4346
31 369 0.1152
31 370 0.4294
31 371 0.0735
31 372 0.1285
31 373 0.2472
31 374 0.4986
31 375 0.0568
31 376 0.0480
31 377 0.4923
31 378 0.4473
31 379 0.4654
31 380 0.4340
31 381 0.0893
31 382 0.1527
31 383 0.3313
31 384 0.5209
31 385 0.3474
31 386 0.1905
31 387 0.1515
31 388 0.1246
31 389 0.3914
31 390 0.0978
31 391 0.0763
31 392 0.2619
31 393 0.6904
31 394 0.3918
31 395 0.0866
31 396 0.1427
31 397 0.0484
31 398 0.3530
31 399 0.2405
31 400 0.2499
31 402 0.3402
31 403 0.0616
31 404 0.1278
31 405 0.0960
31 406 0.5924
31 407 0.1639
31 408 0.0573
31 409 0.0892
31 410 0.2280
31 411 0.2698
31 412 0.1771
31 413 0.1174
31 414 0.4666
31 415 0.1049
31 416 0.1689
31 417 0.1663
31 418 0.5139
31 419 0.3274
31 420 0.4034
31 421 0.5626
31 422 0.5800
31 423 0.0591
31 424 0.4163
31 425 0.0499
31 426 0.2916
31 427 0.1543
31 428 0.5070
31 429 0.1104
31 430 0.0919
31 432 0.2945
31 433 0.1032
31 434 0.7647
31 435 0.1287
31 436 0.0954
31 437 0.0716
31 438 0.1151
31 439 0.4697
31 440 0.1673
31 441 0.1323
31 442 0.1005
31 443 0.0707
31 444 0.1104
31 445 0.2898
31 447 0.5627
31 449 0.1163
31 450 0.3088
31 451 0.1793
31 452 0.7157
31 453 0.1104
31 454 0.4179
31 455 0.1939
31 456 0.0673
31 457 0.0790
31 458 0.4949
31 459 0.1005
31 460 0.1452
31 461 0.0898
31 462 0.0822
31 463 0.3641
31 464 0.0551
31 465 0.2689
31 466 0.4793
31 467 0.2785
31 468 0.2500
31 469 0.1157
31 470 0.0593
31 471 0.1986
31 472 0.4737
31 474 0.3982
31 475 0.1286
31 476 0.4634
31 478 0.0856
31 479 0.2066
31 480 0.2117
31 481 0.4867
31 482 0.3078
31 484 0.1794
31 485 0.3479
31 486 0.3822
31 487 0.1220
31 488 0.0767
31 489 0.2750
31 490 0.4076
31 491 0.4982
31 492 0.2055
31 493 0.2765
31 494 0.4232
31 495 0.8578
31 496 0.1057
31 497 0.5428
31 498 0.5531
31 499 0.0910
31 500 0.1004
31 501 0.3363
31 502 0.1360
31 503 0.4409
31 504 0.5996
31 505 0.0591
31 506 0.1123
31 507 0.2622
31 508 0.0971
31 509 0.3310
31 510 0.6020
31 511 0.2709
31 512 0.2402
31 513 0.0563
31 514 0.6054
31 515 0.4238
31 516 0.1475
31 517 0.2916
31 518 0.1421
31 519 0.4640
31 520 0.3181
31 521 0.5705
31 522 0.1172
31 523 0.3524
31 524 0.1378
31 525 0.0749
31 526 0.2476
31 527 0.1343
31 528 0.0391
31 529 0.1027
31 530 0.0740
31 531 0.2023
31 532 0.4036
31 533 0.2535
31 534 0.1949
31 535 0.2763
31 536 0.6973
31 537 0.5713
31 538 0.0852
31 539 0.1443
31 540 0.4676
31 541 0.2004
31 542 0.3749
31 543 0.2415
31 544 0.1159
31 545 0.1108
31 546 0.2816
31 547 0.0889
31 548 0.0904
31 549 0.1984
31 550 0.3070
31 551 0.4324
31 552 0.1023
31 553 0.6231
31 554 0.3129
31 555 0.0739
31 556 0.4726
31 557 0.6194
31 558 0.3661
31 559 0.3472
31 560 0.3994
31 561 0.0974
31 562 0.3584
31 563 0.0892
31 564 0.3411
31 565 0.3287
31 566 0.1667
31 567 0.0977
31 568 0.9671
31 569 0.2452
31 570 0.0898
31 571 0.4493
31 572 0.0759
31 573 0.3652
31 574 0.0763
31 575 0.1487
31 576 0.0966
31 577 0.1357
31 578 0.2511
31 579 0.2214
31 581 0.0836
31 582 0.3461
31 583 0.4124
31 584 0.0828
31 585 0.2425
31 586 0.1458
31 587 0.5525
31 589 0.2435
31 590 0.3653
31 591 0.1072
31 592 0.1231
31 593 0.0779
31 594 0.1809
31 595 0.3480
31 598 0.1459
31 599 0.4736
31 600 0.1144
31 601 0.0873
31 602 0.0875
31 604 0.1991
31 605 0.2711
31 606 0.1698
31 607 0.3212
31 608 0.0745
31 609 0.1199
31 610 0.1170
31 611 0.2377
31 612 0.3078
31 613 0.2727
31 614 0.5837
31 615 0.1861
31 616 0.1959
31 617 0.3780
31 618 0.4160
31 619 0.2545
31 620 0.2626
31 621 0.1405
31 622 0.5125
31 623 0.1660
31 624 0.2269
31 625 0.1613
31 626 0.5852
31 627 0.1378
31 628 0.4336
31 629 0.3676
31 630 0.1885
31 631 0.3080
31 632 0.1340
31 633 0.1136
31 634 0.1281
31 635 0.1830
31 636 0.2935
31 637 0.2323
31 638 0.5039
31 639 0.9314
31 640 0.1801
31 641 0.0602
31 642 0.1172
31 643 0.1972
31 644 0.1187
31 645 0.2049
31 646 0.0817
31 647 0.4175
31 648 0.3716
31 649 0.3011
31 650 0.1397
31 651 0.0465
31 652 0.1074
31 653 0.1187
31 654 0.0983
31 655 0.3001
31 656 0.0602
31 657 0.3232
31 658 0.1470
31 659 0.6700
31 660 0.1746
31 661 0.2176
31 662 0.2998
31 663 0.5237
31 664 0.2605
31 665 0.1957
31 666 0.3893
31 667 0.5184
31 668 0.2530
31 669 0.2730
31 670 0.1343
31 671 0.1403
31 672 0.2281
31 673 0.2808
31 674 0.4814
31 675 0.1104
31 676 0.2596
31 677 0.1062
31 678 0.4767
31 679 0.1352
31 680 0.4723
31 681 0.1003
31 682 0.4889
31 683 0.0998
31 684 0.1220
31 685 0.6146
31 686 0.2668
31 687 0.2511
31 688 0.4819
31 689 0.7737
31 690 0.1360
31 691 0.2116
31 692 0.3803
31 693 0.1113
31 694 0.3224
31 695 0.1173
31 696 0.1363
31 697 0.2262
31 698 0.0695
31 699 0.5783
31 700 0.1337
31 701 0.0991
31 702 0.0819
31 703 0.0956
31 704 0.0811
31 705 0.0911
31 706 0.6931
31 707 0.3811
31 708 0.0938
31 709 0.1315
31 710 0.5472
31 711 0.1231
31 712 0.5147
31 713 0.4160
31 714 0.5265
31 716 0.1113
31 717 0.3990
31 718 0.5125
31 720 0.2173
31 721 0.2572
31 722 0.6630
31 723 0.1094
31 724 0.3651
31 725 0.0991
31 726 0.1762
31 727 0.4728
31 728 0.0875
31 729 0.0822
31 731 0.4168
31 732 0.0875
31 733 0.1004
31 734 0.3529
31 735 0.6484
31 736 0.2175
31 737 0.3057
31 738 0.1123
31 740 0.0933
31 741 0.4384
31 742 0.0599
31 743 0.1516
31 744 0.1479
31 745 0.0469
31 746 0.0889
31 747 0.4411
31 748 0.7958
31 749 0.1666
31 750 0.1058
31 751 0.1065
31 752 0.1134
31 753 0.1130
31 754 0.0872
31 755 0.1209
31 756 0.0684
31 757 0.3262
31 758 0.3609
31 759 0.1283
31 760 0.4506
31 761 0.0912
31 762 0.1152
31 763 0.5983
31 764 0.2604
31 765 0.3635
31 766 0.3469
31 767 0.2933
31 768 0.1444
31 769 0.4201
31 770 0.1376
31 771 0.5629
31 772 0.0801
31 773 0.3618
31 774 0.3785
31 775 0.0653
31 776 0.0822
31 777 0.0991
31 778 0.1773
31 780 0.0778
31 781 0.1914
31 782 0.5279
31 783 0.4728
31 784 0.4728
31 785 0.5162
31 786 0.1418
31 787 0.0953
31 788 0.1104
31 789 0.1048
31 791 0.0844
31 792 0.3630
31 793 0.1000
31 794 0.1183
31 795 0.0884
31 796 0.1015
31 797 0.2478
31 798 0.4172
31 799 0.1019
31 800 0.3342
31 801 0.5117
31 802 0.3526
31 803 0.4141
31 804 0.7861
31 805 0.0883
31 806 0.4832
31 807 0.2493
31 808 0.6514
31 809 0.1031
31 810 0.3809
31 811 0.8445
31 812 0.2952
31 813 0.4154
31 814 0.1154
31 815 0.1099
31 816 0.3219
31 817 0.3784
31 818 0.3351
31 819 0.3382
31 820 0.4040
31 821 0.0865
31 822 0.3548
31 823 0.1831
31 824 0.3349
31 825 0.1321
31 827 0.0585
31 828 0.2540
31 829 0.3780
31 830 0.4669
31 831 0.1149
31 832 0.0849
31 833 0.2545
31 834 0.3186
31 835 0.0749
31 836 0.1385
31 838 0.0612
31 839 0.3024
31 840 0.0872
31 841 0.1157
31 842 0.1917
31 843 0.2801
31 844 0.1190
31 845 0.1050
31 846 0.0623
31 848 0.1898
31 849 0.1309
31 850 0.1113
31 851 0.3600
31 852 0.2885
31 853 0.2566
31 854 0.1931
31 855 0.1725
31 856 0.4135
31 857 0.0554
31 858 0.3435
31 859 0.3821
31 860 0.3081
31 861 0.0905
31 862 0.4124
31 864 0.0447
31 865 0.3598
31 866 0.1335
31 867 0.1850
31 868 0.5382
31 869 0.5475
31 870 0.0821
31 871 0.4476
31 872 0.8372
31 873 0.0822
31 874 0.0955
31 875 0.3969
31 876 0.1553
31 877 0.1978
31 878 0.0749
31 880 0.7057
31 881 0.3323
31 882 0.2944
31 883 0.0753
31 884 0.1378
31 885 0.0345
31 886 0.1648
31 887 0.2228
31 888 0.0807
31 889 0.1808
31 890 0.1012
31 891 0.6903
31 892 0.0749
31 893 0.2856
31 894 0.5143
31 895 0.2125
31 896 0.1108
31 898 0.5007
31 899 0.1916
31 900 0.3657
31 901 0.1493
31 903 0.6284
31 905 0.1021
31 906 0.2664
31 907 0.2916
31 908 0.1351
31 909 0.1011
31 910 0.2493
31 911 0.1125
31 912 0.1104
31 913 0.1964
31 914 0.5944
31 915 0.1076
31 916 0.0946
31 917 0.1313
31 918 0.0807
31 919 0.1813
31 920 0.4669
31 921 0.0600
31 922 0.1291
31 924 0.0738
31 925 0.1400
31 928 0.5094
31 929 0.4523
31 930 0.0975
31 932 0.3005
31 933 0.1455
31 934 0.5470
31 935 0.0593
31 936 0.6394
31 937 0.1217
31 938 0.4166
31 939 0.2750
31 940 0.1521
31 941 0.0891
31 942 0.0742
31 943 0.3499
31 944 0.0870
31 946 0.0801
31 947 0.0434
31 948 0.0804
31 949 0.3012
31 950 0.0659
31 951 0.1336
31 952 0.0705
31 953 0.1691
31 954 0.4202
31 955 0.4390
31 956 0.2555
31 957 0.1096
31 958 0.3049
31 959 0.6317
31 960 0.2232
31 961 0.2827
31 962 0.1017
31 963 0.3906
31 964 0.1106
31 965 0.0623
31 966 0.3391
31 967 0.2642
31 968 0.2669
31 969 0.1849
31 971 0.4115
31 972 0.0797
31 973 0.1076
31 974 0.6338
31 975 0.0758
31 976 0.3304
31 977 0.2304
31 978 0.4320
31 979 0.1822
31 980 0.0856
31 981 0.2006
31 982 0.3935
31 983 0.3222
31 984 0.0765
31 985 0.2916
31 986 0.0725
31 987 0.0613
31 989 0.1880
31 990 0.0937
31 991 0.3081
31 992 0.3095
31 993 0.2128
31 994 0.1938
31 995 0.1943
31 996 0.1432
31 998 0.1885
31 999 0.2122
31 1000 0.1188
31 1001 0.4329
31 1002 0.6534
31 1003 0.8698
31 1004 0.7331
31 1005 0.1639
31 1006 0.1572
31 1007 0.7225
31 1008 0.4085
31 1010 0.2574
31 1012 0.1960
31 1013 0.6136
31 1014 0.1104
31 1015 0.4543
31 1016 0.0642
31 1017 0.1090
31 1018 0.4053
31 1019 0.1391
31 1020 0.1432
31 1022 0.0957
31 1023 0.6950
31 1024 0.1096
31 1025 0.1045
31 1026 0.0823
31 1027 0.1750
31 1028 0.3935
31 1029 0.0653
31 1030 0.0937
31 1032 0.2853
31 1033 0.2096
31 1034 0.1924
31 1035 0.3290
31 1036 0.5524
31 1037 0.1723
31 1038 0.4656
31 1039 0.2551
31 1040 0.2304
31 1041 0.0759
31 1042 0.1778
31 1043 0.3112
31 1044 0.4055
31 1045 0.0708
31 1046 0.3787
31 1047 0.0502
31 1048 0.0708
31 1049 0.0739
31 1050 0.0548
31 1051 0.6963
31 1052 0.1116
31 1053 0.2715
31 1054 0.5375
31 1055 0.3668
31 1056 0.0736
31 1057 0.6749
31 1058 0.3786
31 1059 0.3094
31 1060 0.5723
31 1061 0.0878
31 1062 0.2151
31 1063 0.4061
31 1064 0.2095
31 1065 0.0775
31 1066 0.0527
31 1067 0.5751
31 1068 0.0794
31 1069 0.0731
31 1070 0.0693
31 1071 0.0947
31 1072 0.2636
31 1073 0.2709
31 1075 0.3933
31 1076 0.3448
31 1077 0.3200
31 1078 0.1990
31 1079 0.1387
31 1080 0.0782
31 1081 0.3046
31 1082 0.1083
31 1083 0.5872
31 1084 0.0996
31 1085 0.0636
31 1087 0.0774
31 1089 0.0593
31 1090 0.0974
31 1093 0.0737
31 1094 0.1185
31 1095 0.4496
31 1096 0.0557
31 1097 0.0822
31 1099 0.9672
31 1102 0.4825
31 1103 0.0890
31 1104 0.1717
31 1105 0.3998
31 1106 0.0866
31 1107 0.0755
31 1108 0.1211
31 1109 0.2454
31 1110 0.3520
31 1111 0.2141
31 1113 0.2236
31 1114 0.0996
31 1115 0.1814
31 1116 0.4762
31 1117 0.4326
31 1118 0.1506
31 1119 0.0773
31 1120 0.4006
31 1121 0.1188
31 1122 0.1298
31 1123 0.2619
31 1124 0.0860
31 1125 0.0880
31 1126 0.1301
31 1127 0.3580
31 1128 0.2316
31 1129 0.1184
31 1130 0.4228
31 1132 0.4231
31 1133 0.2809
31 1134 0.1417
31 1135 0.9472
31 1136 0.3062
31 1138 0.1478
31 1139 0.1965
31 1141 0.0786
31 1142 0.3661
31 1143 0.5540
31 1144 0.1546
31 1145 0.0737
31 1146 0.2582
31 1147 0.0489
31 1148 0.0822
31 1149 0.1150
31 1150 0.1734
31 1151 0.2386
31 1152 0.7190
31 1153 0.1661
31 1154 0.1719
31 1156 0.3495
31 1157 0.2960
31 1158 0.1335
31 1159 0.0941
31 1160 0.2916
31 1161 0.0538
31 1162 0.0903
31 1163 0.6836
31 1165 0.3641
31 1166 0.0895
31 1167 0.1019
31 1169 0.1220
31 1170 0.0991
31 1172 0.2488
31 1173 0.0986
31 1174 0.0795
31 1176 0.2393
31 1177 0.1477
31 1178 0.2639
31 1180 0.0583
31 1181 0.1317
31 1182 0.3747
31 1183 0.0749
31 1184 0.1372
31 1185 0.0777
31 1186 0.3249
31 1187 0.0796
31 1188 0.3101
31 1189 0.5340
31 1191 0.1115
31 1192 0.0680
31 1193 0.0632
31 1194 0.0635
31 1195 0.1202
31 1196 0.4012
31 1197 0.4373
31 1198 0.1757
31 1199 0.1006
31 1200 0.2972
31 1201 0.6059
31 1202 0.1034
31 1203 0.0820
31 1204 0.0949
31 1205 0.1429
31 1206 0.4534
31 1207 0.1374
31 1208 0.1158
31 1209 0.0939
31 1210 0.1602
31 1211 0.1474
31 1212 0.1358
31 1213 0.0657
31 1214 0.0918
31 1215 0.2029
31 1216 0.0783
31 1217 0.2136
31 1218 0.0807
31 1219 0.1168
31 1220 0.0772
31 1221 0.0724
31 1222 0.1538
31 1223 0.0947
31 1224 0.1217
31 1225 0.1187
31 1226 0.2094
31 1227 0.1042
31 1228 0.1103
31 1229 0.0816
31 1230 0.1371
31 1231 0.0949
31 1233 0.1056
31 1234 0.0669
31 1235 0.1343
31 1237 0.2817
31 1238 0.0891
31 1239 0.1217
31 1240 0.2679
31 1241 0.0817
31 1242 0.1628
31 1243 0.1885
31 1245 0.1032
31 1246 0.0946
31 1247 0.1001
31 1248 0.4689
31 1249 0.1360
31 1250 0.2137
31 1251 0.0752
31 1252 0.1168
31 1253 0.0890
31 1254 0.0939
31 1255 0.0972
31 1256 0.1255
31 1257 0.0939
31 1258 0.2979
31 1259 0.2414
31 1260 0.0860
31 1262 0.1233
31 1263 0.2785
31 1265 0.0785
31 1266 0.1310
31 1267 0.1601
31 1268 0.3094
31 1269 0.1285
31 1270 0.0793
31 1271 0.1465
31 1272 0.1374
31 1273 0.0794
31 1274 0.0800
31 1275 0.0957
31 1276 0.1323
31 1278 0.0735
31 1279 0.0732
31 1280 0.1002
31 1281 0.4884
31 1282 0.3390
31 1283 0.3919
31 1284 0.5020
31 1286 0.4651
31 1287 0.3781
31 1288 0.3220
31 1289 0.4904
31 1290 0.3896
31 1291 0.5204
31 1292 0.8146
31 1295 0.2657
31 1296 0.1176
31 1297 0.2331
31 1298 0.7088
31 1299 0.1987
31 1301 0.2598
31 1302 0.1104
31 1303 0.6065
31 1304 0.3666
31 1305 0.3701
31 1306 0.3860
31 1308 0.4638
31 1309 0.3629
31 1310 0.3013
31 1311 0.2840
31 1312 0.4549
31 1313 0.2468
31 1315 0.1864
31 1316 0.9729
31 1318 0.1497
31 1319 0.3222
31 1320 0.3603
31 1323 0.0856
31 1324 0.0911
31 1325 0.3478
31 1326 0.1556
31 1327 0.1790
31 1328 0.1766
31 1329 0.0579
31 1330 0.0822
31 1331 0.1029
31 1332 0.1523
31 1333 0.1207
31 1334 0.0700
31 1335 0.2516
31 1336 0.1770
31 1337 0.2170
31 1338 0.0730
31 1339 0.1796
31 1340 0.1410
31 1341 0.0749
31 1342 0.1206
31 1343 0.0880
31 1344 0.2393
31 1346 0.1258
31 1347 0.0790
31 1348 0.2556
31 1349 0.1331
31 1350 0.0819
31 1351 0.1182
31 1352 0.1382
31 1353 0.1062
31 1354 0.4051
31 1355 0.1062
31 1356 0.6411
31 1357 0.0931
31 1358 0.1766
31 1360 0.0839
31 1361 0.0946
31 1362 0.2481
31 1363 0.0985
31 1364 0.1104
31 1366 0.0749
31 1367 0.1044
31 1368 0.2619
31 1369 0.1815
31 1370 0.1758
31 1371 0.0795
31 1372 0.0966
31 1373 0.1980
31 1374 0.0990
31 1375 0.1164
31 1376 0.1104
31 1377 0.1200
31 1378 0.0822
31 1379 0.1224
31 1380 0.1155
31 1381 0.0787
31 1382 0.2446
31 1383 0.2191
31 1384 0.1104
31 1386 0.1651
31 1387 0.1520
31 1388 0.0965
31 1389 0.1296
31 1390 0.1832
31 1392 0.0980
31 1393 0.0975
31 1394 0.0883
31 1395 0.1104
31 1396 0.0759
31 1397 0.0873
31 1398 0.1973
31 1399 0.0625
31 1401 0.0749
31 1402 0.2955
31 1405 0.2569
31 1406 0.0932
31 1407 0.1055
31 1408 0.0939
31 1409 0.1555
31 1410 0.0996
31 1411 0.2383
31 1412 0.1110
31 1413 0.0996
31 1415 0.1104
31 1416 0.1241
31 1418 0.0743
31 1419 0.0760
31 1420 0.1940
31 1421 0.0709
31 1422 0.0823
31 1423 0.0742
31 1424 0.0994
31 1425 0.0763
31 1426 0.5759
31 1427 0.1331
31 1428 0.0927
31 1430 0.1113
31 1431 0.0814
31 1433 0.0730
31 1434 0.2402
31 1435 0.0867
31 1436 0.0826
31 1437 0.1002
31 1438 0.0639
31 1439 0.4076
31 1440 0.1081
31 1441 0.1370
31 1443 0.0878
31 1445 0.0745
31 1446 0.0770
31 1448 0.2601
31 1449 0.3835
31 1451 0.5577
31 1452 0.5925
31 1453 0.1541
31 1454 0.0822
31 1455 0.1037
31 1456 0.3485
31 1457 0.3366
31 1458 0.3392
31 1459 0.2589
31 1460 0.3965
31 1461 0.1510
31 1462 0.2243
31 1463 0.4037
31 1464 0.2882
31 1465 0.3195
31 1466 0.2805
31 1468 0.0790
31 1472 0.2811
31 1474 0.3112
31 1475 0.2357
31 1476 0.2477
31 1477 0.1260
31 1478 0.3785
31 1479 0.4983
31 1480 0.0991
31 1481 0.0734
31 1482 0.4984
31 1484 0.0973
31 1485 0.2354
31 1486 0.1638
31 1487 0.3379
31 1488 0.2058
31 1490 0.1326
31 1491 0.3646
31 1492 0.2916
31 1493 0.1168
31 1494 0.1643
31 1495 0.3094
31 1496 0.1942
31 1497 0.0746
31 1498 0.4466
31 1499 0.3982
31 1500 0.3069
31 1501 0.2708
31 1502 0.1817
31 1503 0.4753
31 1504 0.4902
31 1505 0.2107
31 1506 0.3308
31 1507 0.2534
31 1508 0.2010
31 1510 0.1954
31 1511 0.2320
31 1512 0.3234
31 1513 0.3575
31 1515 0.0749
31 1516 0.2623
31 1517 0.1326
31 1518 0.4484
31 1519 0.5921
31 1520 0.9579
31 1522 0.2104
31 1523 0.1666
31 1525 0.1351
31 1526 0.3543
31 1527 0.3716
31 1528 0.5424
31 1529 0.1998
31 1530 0.4213
31 1531 0.3685
31 1532 0.3988
31 1535 0.6136
31 1536 0.1104
31 1537 0.3701
31 1538 0.4106
31 1540 0.2438
31 1541 0.2987
31 1542 0.1672
31 1544 0.2452
31 1545 0.3406
31 1546 0.2839
31 1547 0.4025
31 1548 0.4681
31 1549 0.2731
31 1550 0.1341
31 1551 0.4754
31 1552 0.1349
31 1553 0.2711
31 1554 0.4636
31 1555 0.1372
31 1556 0.2503
31 1557 0.5088
31 1560 0.3635
31 1562 0.3489
31 1565 0.3248
31 1566 0.1854
31 1567 0.4577
31 1568 0.0754
31 1569 0.0988
31 1570 0.0650
31 1571 0.1507
31 1572 0.1538
31 1573 0.1149
31 1574 0.1001
31 1575 0.0804
31 1576 0.1175
31 1577 0.2071
31 1578 0.1186
31 1579 0.1889
31 1580 0.0788
31 1582 0.1728
31 1583 0.0715
31 1584 0.1224
31 1585 0.0661
31 1586 0.0973
31 1587 0.1104
31 1588 0.1789
31 1589 0.1069
31 1590 0.1063
31 1591 0.0965
31 1592 0.0917
31 1593 0.1044
31 1594 0.0991
31 1595 0.0906
31 1596 0.2589
31 1597 0.1683
31 1598 0.1640
31 1599 0.1184
31 1600 0.1576
31 1601 0.1216
31 1602 0.1053
31 1603 0.1018
31 1604 0.1336
31 1605 0.1360
31 1606 0.1325
31 1607 0.0643
31 1608 0.2248
31 1609 0.0946
31 1610 0.0936
31 1611 0.2789
31 1612 0.0940
31 1613 0.0757
31 1614 0.2783
31 1615 0.1109
31 1616 0.3439
31 1617 0.1658
31 1618 0.6002
31 1619 0.2019
31 1620 0.1223
31 1621 0.1700
31 1622 0.2097
31 1623 0.0797
31 1624 0.1073
31 1625 0.1232
31 1626 0.1033
31 1628 0.0765
31 1629 0.3252
31 1630 0.1735
31 1631 0.0922
31 1632 0.0759
31 1633 0.1400
31 1634 0.1478
31 1635 0.1494
31 1636 0.1317
31 1637 0.1042
31 1638 0.1760
31 1639 0.1080
31 1640 0.1278
31 1641 0.1093
31 1642 0.0870
31 1643 0.0990
31 1644 0.1025
31 1645 0.4820
31 1646 0.0722
31 1647 0.1106
31 1648 0.0749
31 1649 0.1315
31 1650 0.1224
31 1651 0.3548
31 1652 0.0811
31 1653 0.4178
31 1654 0.1276
31 1655 0.1562
31 1656 0.0822
31 1657 0.0759
31 1658 0.0749
31 1659 0.1337
31 1660 0.1100
31 1661 0.0879
31 1662 0.0921
31 1663 0.1024
31 1664 0.0804
31 1665 0.0963
31 1666 0.0765
31 1667 0.0900
31 1668 0.0655
31 1669 0.0674
31 1670 0.0765
31 1671 0.2708
31 1672 0.1704
31 1673 0.0737
31 1674 0.1131
31 1675 0.0801
31 1676 0.0722
31 1677 0.1992
31 1678 0.0738
31 1679 0.1390
31 1680 0.0822
31 1681 0.0765
31 1682 0.1318
31 1683 0.2391
31 1684 0.2175
31 1685 0.1181
31 1686 0.0715
31 1687 0.1192
31 1688 0.2563
31 1689 0.3801
31 1690 0.1973
31 1691 0.1143
31 1692 0.1453
31 1694 0.0981
31 1695 0.0749
31 1696 0.1712
31 1697 0.1025
31 1698 0.1172
31 1699 0.0775
31 1700 0.4490
31 1701 0.0878
31 1702 0.0573
31 1703 0.2446
31 1704 0.1630
31 1705 0.0745
31 1706 0.0793
31 1707 0.0642
31 1708 0.1104
31 1709 0.1027
31 1710 0.0765
31 1711 0.0573
31 1712 0.7685
31 1713 0.0954
31 1714 0.0898
31 1715 0.0555
31 1716 0.0657
31 1717 0.6382
31 1718 0.0632
31 1719 0.0765
31 1720 0.0849
31 1721 0.1023
31 1722 0.0822
31 1723 0.0657
31 1724 0.1225
31 1725 0.1914
31 1726 0.1223
31 1727 0.0554
31 1728 0.0723
31 1729 0.0796
31 1730 0.0661
32 33 0.6713
32 34 0.1291
32 35 0.2852
32 36 0.3422
32 37 0.3472
32 38 0.3440
32 39 0.2492
32 40 0.0873
32 41 0.9663
32 42 0.5035
32 43 0.1516
32 44 0.0700
32 45 0.6233
32 46 0.5411
32 47 0.1711
32 48 0.4539
32 49 0.8025
32 50 0.2550
32 51 0.7960
32 52 0.3404
32 53 0.1871
32 54 0.2528
32 55 0.1530
32 56 0.5324
32 57 0.9604
32 58 0.9049
32 59 0.4755
32 60 0.5212
32 61 0.4249
32 62 0.4396
32 63 0.2898
32 64 0.1993
32 65 0.7526
32 66 0.4931
32 67 0.1752
32 68 0.5606
32 69 0.5275
32 70 0.0959
32 71 0.5979
32 72 0.2417
32 73 0.6972
32 74 0.4819
32 75 0.1258
32 76 0.1478
32 77 0.3927
32 78 0.6405
32 79 0.4385
32 80 0.6119
32 81 0.1371
32 82 0.5493
32 83 0.4433
32 84 0.5126
32 85 0.1055
32 86 0.1615
32 87 0.6360
32 88 0.3789
32 89 0.2132
32 90 0.6122
32 91 0.5097
32 92 0.3940
32 93 0.3751
32 94 0.1258
32 95 0.5008
32 96 0.2712
32 97 0.1471
32 98 0.3290
32 99 0.5050
32 100 0.3861
32 101 0.1676
32 102 0.1916
32 103 0.6957
32 104 0.2217
32 105 0.1758
32 106 0.1032
32 107 0.2887
32 108 0.5036
32 109 0.1007
32 110 0.1728
32 111 0.3815
32 112 0.4140
32 113 0.0659
32 114 0.0654
32 115 0.4931
32 116 0.1372
32 117 0.1346
32 119 0.1114
32 120 0.4048
32 121 0.1397
32 122 0.3183
32 123 0.2269
32 124 0.1574
32 125 0.2472
32 126 0.3109
32 127 0.4414
32 128 0.3196
32 129 0.1073
32 130 0.4403
32 131 0.0881
32 132 0.0786
32 133 0.1899
32 134 0.6709
32 135 0.2347
32 136 0.2910
32 137 0.1052
32 138 0.3379
32 139 0.2021
32 140 0.5834
32 142 0.5330
32 143 0.2832
32 144 0.2655
32 145 0.5472
32 146 0.2365
32 147 0.4925
32 148 0.5447
32 149 0.1438
32 150 0.3661
32 151 0.4770
32 152 0.5744
32 153 0.4874
32 154 0.2586
32 156 0.5171
32 157 0.2957
32 158 0.3984
32 159 0.3867
32 160 0.1153
32 161 0.1246
32 162 0.2857
32 163 0.3791
32 164 0.1971
32 165 0.3913
32 166 0.2670
32 167 0.2576
32 168 0.2544
32 169 0.3779
32 170 0.2653
32 171 0.3685
32 172 0.0897
32 173 0.3402
32 174 0.0802
32 175 0.1355
32 176 0.4452
32 177 0.1282
32 178 0.3568
32 179 0.3102
32 180 0.0718
32 181 0.1123
32 182 0.6729
32 183 0.3868
32 184 0.4365
32 185 0.4574
32 186 0.3252
32 187 0.4674
32 188 0.1059
32 189 0.2934
32 191 0.0870
32 192 0.3265
32 193 0.6421
32 194 0.3198
32 195 0.2919
32 196 0.5562
32 197 0.6335
32 198 0.1275
32 199 0.4022
32 200 0.1183
32 201 0.2996
32 202 0.0871
32 203 0.1227
32 204 0.1632
32 206 0.4213
32 207 0.1185
32 208 0.2630
32 209 0.5450
32 210 0.0755
32 211 0.1048
32 212 0.4691
32 213 0.2553
32 214 0.2710
32 215 0.2735
32 216 0.2828
32 217 0.3921
32 218 0.1166
32 219 0.0859
32 220 0.3198
32 221 0.2218
32 222 0.1113
32 223 0.5842
32 224 0.1554
32 225 0.0980
32 226 0.3749
32 227 0.1701
32 228 0.3664
32 229 0.2780
32 230 0.4367
32 231 0.1438
32 232 0.4721
32 233 0.1157
32 234 0.3580
32 235 0.7550
32 236 0.2572
32 237 0.5576
32 238 0.6720
32 239 0.0953
32 240 0.2916
32 241 0.3647
32 242 0.1192
32 243 0.1044
32 244 0.4271
32 245 0.4030
32 246 0.1187
32 247 0.2504
32 248 0.0950
32 249 0.3860
32 250 0.3298
32 251 0.1659
32 252 0.0841
32 253 0.1492
32 254 0.1174
32 255 0.1249
32 256 0.3400
32 257 0.0823
32 258 0.1828
32 259 0.4358
32 260 0.1205
32 261 0.0583
32 262 0.1609
32 263 0.3851
32 264 0.2178
32 265 0.2092
32 266 0.1596
32 267 0.1938
32 268 0.3999
32 269 0.2478
32 270 0.4151
32 271 0.1271
32 272 0.0941
32 273 0.1111
32 274 0.4155
32 275 0.0907
32 276 0.6189
32 277 0.1146
32 278 0.1018
32 279 0.0709
32 281 0.1073
32 282 0.1854
32 283 0.2589
32 284 0.2661
32 285 0.1302
32 286 0.4433
32 287 0.1794
32 288 0.1209
32 289 0.0900
32 290 0.3217
32 291 0.4107
32 292 0.4036
32 293 0.1195
32 294 0.6218
32 295 0.2928
32 296 0.2265
32 297 0.3826
32 298 0.1603
32 299 0.1798
32 300 0.2751
32 301 0.1414
32 302 0.2692
32 303 0.3252
32 304 0.0893
32 305 0.4005
32 306 0.1784
32 307 0.1298
32 308 0.1666
32 309 0.3244
32 310 0.2723
32 311 0.4032
32 313 0.2360
32 314 0.2279
32 315 0.4591
32 316 0.1120
32 317 0.2582
32 318 0.2915
32 319 0.6708
32 320 0.0844
32 321 0.4976
32 322 0.2097
32 323 0.2054
32 324 0.4545
32 325 0.1079
32 326 0.2459
32 327 0.0860
32 328 0.1602
32 329 0.1385
32 330 0.1338
32 331 0.3333
32 332 0.3409
32 333 0.2288
32 334 0.0979
32 335 0.1039
32 336 0.3171
32 337 0.1925
32 338 0.4200
32 339 0.0645
32 340 0.1497
32 341 0.5097
32 342 0.0815
32 343 0.0947
32 344 0.0967
32 345 0.1672
32 346 0.4814
32 347 0.2130
32 348 0.1178
32 349 0.1129
32 350 0.1031
32 351 0.3483
32 352 0.2338
32 353 0.0801
32 354 0.1726
32 355 0.3379
32 356 0.0899
32 357 0.3866
32 358 0.2891
32 359 0.0837
32 360 0.4196
32 361 0.3895
32 362 0.3274
32 363 0.0910
32 364 0.3433
32 366 0.2609
32 367 0.3017
32 368 0.0966
32 369 0.1024
32 370 0.3930
32 371 0.4654
32 372 0.3963
32 373 0.4234
32 374 0.2048
32 375 0.1923
32 376 0.4092
32 377 0.0510
32 378 0.1850
32 379 0.2332
32 380 0.4268
32 381 0.2949
32 382 0.1529
32 383 0.4914
32 384 0.1098
32 385 0.3251
32 386 0.1173
32 387 0.4619
32 388 0.0989
32 389 0.2894
32 390 0.0838
32 391 0.3350
32 392 0.2588
32 393 0.4080
32 394 0.1634
32 395 0.1083
32 396 0.6841
32 397 0.1664
32 398 0.1463
32 399 0.3765
32 400 0.2969
32 402 0.2244
32 403 0.3807
32 404 0.3005
32 405 0.0993
32 406 0.1997
32 407 0.3139
32 408 0.1698
32 409 0.4755
32 410 0.1952
32 411 0.2310
32 412 0.2589
32 413 0.3742
32 414 0.5496
32 415 0.1669
32 416 0.2418
32 417 0.1282
32 418 0.5926
32 419 0.1026
32 420 0.2819
32 421 0.1269
32 422 0.1258
32 423 0.1010
32 424 0.5855
32 425 0.3882
32 426 0.4437
32 427 0.5211
32 428 0.3077
32 429 0.1205
32 430 0.3761
32 432 0.0991
32 433 0.3424
32 434 0.2797
32 435 0.2870
32 436 0.1255
32 437 0.0871
32 438 0.1895
32 439 0.1913
32 440 0.3619
32 441 0.4343
32 442 0.3252
32 443 0.1800
32 444 0.1205
32 445 0.0628
32 447 0.3070
32 449 0.1947
32 450 0.0919
32 451 0.1463
32 452 0.1420
32 453 0.1205
32 454 0.8143
32 455 0.3819
32 456 0.0914
32 457 0.1059
32 458 0.4905
32 459 0.1332
32 460 0.5330
32 461 0.1034
32 462 0.2090
32 463 0.5830
32 464 0.1025
32 465 0.0638
32 466 0.8476
32 467 0.1030
32 468 0.1555
32 469 0.1638
32 470 0.4200
32 471 0.4543
32 472 0.0845
32 474 0.1806
32 475 0.4043
32 476 0.3816
32 478 0.1045
32 479 0.2953
32 480 0.1177
32 481 0.1360
32 482 0.1353
32 484 0.1679
32 485 0.0937
32 486 0.2399
32 487 0.2521
32 488 0.5053
32 489 0.0961
32 490 0.0813
32 491 0.1788
32 492 0.2853
32 493 0.2136
32 494 0.3219
32 495 0.3296
32 496 0.3076
32 497 0.4525
32 498 0.0868
32 499 0.2281
32 500 0.4880
32 501 0.1557
32 502 0.4358
32 503 0.2919
32 504 0.1645
32 505 0.0552
32 506 0.4918
32 507 0.1238
32 508 0.3317
32 509 0.1208
32 510 0.1808
32 511 0.3356
32 512 0.0882
32 513 0.1623
32 514 0.3666
32 515 0.4031
32 516 0.3511
32 517 0.1111
32 518 0.0935
32 519 0.0711
32 520 0.1023
32 521 0.2047
32 522 0.1260
32 523 0.1511
32 524 0.0764
32 525 0.1568
32 526 0.1322
32 527 0.2580
32 528 0.3682
32 529 0.4158
32 530 0.0857
32 531 0.2536
32 532 0.0670
32 533 0.1207
32 534 0.2432
32 535 0.2146
32 536 0.1496
32 537 0.1936
32 538 0.2026
32 539 0.1702
32 540 0.3103
32 541 0.5280
32 542 0.1415
32 543 0.1715
32 544 0.1923
32 545 0.1758
32 546 0.3875
32 547 0.3065
32 548 0.2981
32 549 0.4017
32 550 0.2705
32 551 0.1588
32 552 0.5009
32 553 0.6039
32 554 0.1143
32 555 0.2555
32 556 0.1180
32 557 0.4304
32 558 0.2708
32 559 0.0938
32 560 0.0865
32 561 0.1026
32 562 0.0674
32 563 0.8415
32 564 0.1007
32 565 0.3538
32 566 0.1594
32 567 0.1959
32 568 0.6622
32 569 0.0675
32 570 0.2040
32 571 0.7187
32 572 0.0924
32 573 0.2505
32 574 0.4636
32 575 0.3856
32 576 0.4340
32 577 0.3862
32 578 0.0822
32 579 0.3637
32 581 0.3303
32 582 0.0583
32 583 0.1221
32 584 0.3801
32 585 0.2128
32 586 0.1572
32 587 0.4479
32 589 0.4540
32 590 0.7873
32 591 0.3282
32 592 0.4154
32 593 0.0813
32 594 0.0831
32 595 0.2478
32 598 0.3008
32 599 0.2073
32 600 0.3310
32 601 0.1824
32 602 0.3328
32 604 0.1257
32 605 0.1447
32 606 0.0432
32 607 0.3992
32 608 0.3815
32 609 0.3049
32 610 0.3672
32 611 0.1806
32 612 0.2991
32 613 0.2421
32 614 0.4190
32 615 0.0949
32 616 0.3591
32 617 0.0891
32 618 0.1157
32 619 0.7008
32 620 0.1270
32 621 0.2405
32 622 0.1739
32 623 0.2164
32 624 0.1149
32 625 0.3768
32 626 0.0835
32 627 0.1643
32 628 0.1366
32 629 0.3991
32 630 0.2210
32 631 0.3951
32 632 0.3280
32 633 0.6638
32 634 0.2344
32 635 0.1298
32 636 0.4275
32 637 0.5545
32 638 0.2429
32 639 0.2672
32 640 0.2264
32 641 0.3289
32 642 0.3802
32 643 0.3813
32 644 0.5025
32 645 0.3012
32 646 0.4184
32 647 0.1495
32 648 0.0970
32 649 0.0782
32 650 0.1585
32 651 0.4086
32 652 0.3812
32 653 0.4443
32 654 0.5359
32 655 0.1167
32 656 0.0792
32 657 0.0609
32 658 0.1442
32 659 0.1157
32 660 0.3691
32 661 0.1705
32 662 0.1520
32 663 0.1495
32 664 0.1297
32 665 0.1267
32 666 0.0539
32 667 0.1830
32 668 0.5739
32 669 0.3531
32 670 0.1945
32 671 0.3869
32 672 0.0412
32 673 0.0672
32 674 0.1501
32 675 0.1205
32 676 0.2425
32 677 0.2787
32 678 0.2478
32 679 0.2813
32 680 0.0858
32 681 0.1764
32 682 0.0957
32 683 0.1082
32 684 0.1270
32 685 0.2725
32 686 0.3629
32 687 0.6915
32 688 0.3100
32 689 0.4575
32 690 0.4358
32 691 0.1426
32 692 0.0590
32 693 0.2723
32 694 0.0757
32 695 0.3676
32 696 0.3933
32 697 0.2601
32 698 0.3673
32 699 0.2336
32 700 0.1443
32 701 0.3425
32 702 0.3514
32 703 0.3674
32 704 0.4068
32 705 0.3934
32 706 0.1325
32 707 0.1914
32 708 0.1149
32 709 0.4325
32 710 0.1416
32 711 0.4428
32 712 0.0926
32 713 0.1142
32 714 0.3152
32 716 0.2723
32 717 0.3062
32 718 0.1109
32 720 0.0981
32 721 0.3122
32 722 0.1536
32 723 0.1013
32 724 0.1141
32 725 0.3425
32 726 0.5546
32 727 0.3723
32 728 0.6071
32 729 0.3779
32 731 0.3442
32 732 0.4451
32 733 0.3065
32 734 0.4612
32 735 0.2015
32 736 0.5191
32 737 0.4616
32 738 0.3714
32 740 0.1580
32 741 0.1909
32 742 0.0653
32 743 0.7079
32 744 0.5535
32 745 0.3207
32 746 0.3057
32 747 0.1062
32 748 0.3709
32 749 0.1082
32 750 0.2764
32 751 0.2169
32 752 0.8202
32 753 0.3693
32 754 0.1259
32 755 0.4572
32 756 0.3300
32 757 0.3496
32 758 0.2899
32 759 0.3845
32 760 0.0581
32 761 0.1504
32 762 0.4359
32 763 0.3180
32 764 0.3054
32 765 0.0872
32 766 0.1117
32 767 0.2743
32 768 0.7951
32 769 0.2565
32 770 0.1430
32 771 0.1258
32 772 0.3331
32 773 0.1023
32 774 0.2420
32 775 0.4043
32 776 0.2579
32 777 0.5230
32 778 0.2249
32 780 0.2955
32 781 0.2142
32 782 0.2597
32 783 0.3284
32 784 0.0658
32 785 0.2105
32 786 0.3268
32 787 0.5321
32 788 0.1205
32 789 0.2603
32 791 0.1070
32 792 0.1950
32 793 0.1211
32 794 0.4309
32 795 0.2609
32 796 0.2375
32 797 0.1231
32 798 0.1094
32 799 0.4109
32 800 0.1256
32 801 0.4005
32 802 0.1070
32 803 0.0902
32 804 0.4194
32 805 0.2743
32 806 0.1573
32 807 0.4594
32 808 0.2388
32 809 0.2852
32 810 0.6425
32 811 0.5449
32 812 0.2928
32 813 0.3538
32 814 0.3781
32 815 0.3321
32 816 0.1070
32 817 0.1469
32 818 0.1145
32 819 0.1558
32 820 0.2160
32 821 0.3218
32 822 0.0813
32 823 0.6085
32 824 0.1792
32 825 0.5505
32 827 0.3745
32 828 0.5564
32 829 0.2933
32 830 0.1231
32 831 0.5586
32 832 0.4060
32 833 0.1387
32 834 0.4655
32 835 0.0851
32 836 0.3290
32 838 0.4320
32 839 0.1286
32 840 0.3956
32 841 0.2725
32 842 0.0801
32 843 0.0891
32 844 0.3999
32 845 0.1401
32 846 0.4223
32 848 0.6094
32 849 0.4168
32 850 0.2723
32 851 0.9328
32 852 0.3805
32 853 0.3530
32 854 0.1269
32 855 0.3718
32 856 0.4919
32 857 0.3022
32 858 0.4265
32 859 0.1701
32 860 0.1264
32 861 0.3544
32 862 0.1563
32 864 0.3722
32 865 0.3360
32 866 0.3628
32 867 0.4755
32 868 0.3870
32 869 0.0804
32 870 0.3569
32 871 0.1215
32 872 0.9831
32 873 0.1921
32 874 0.0837
32 875 0.1646
32 876 0.2724
32 877 0.2615
32 878 0.0804
32 880 0.1578
32 881 0.0775
32 882 0.3085
32 883 0.3201
32 884 0.4441
32 885 0.5952
32 886 0.1297
32 887 0.5802
32 888 0.3330
32 889 0.3856
32 890 0.1408
32 891 0.2360
32 892 0.1221
32 893 0.3242
32 894 0.2332
32 895 0.4126
32 896 0.1804
32 898 0.0822
32 899 0.0604
32 900 0.1232
32 901 0.2211
32 903 0.1162
32 905 0.3178
32 906 0.6315
32 907 0.1111
32 908 0.2437
32 909 0.5065
32 910 0.4594
32 911 0.2173
32 912 0.1205
32 913 0.3904
32 914 0.1743
32 915 0.5970
32 916 0.0921
32 917 0.1442
32 918 0.4362
32 919 0.2818
32 920 0.4903
32 921 0.3030
32 922 0.4403
32 924 0.4171
32 925 0.2129
32 928 0.2971
32 929 0.3591
32 930 0.4795
32 932 0.1676
32 933 0.4138
32 934 0.2268
32 935 0.3702
32 936 0.3087
32 937 0.2997
32 938 0.1873
32 939 0.0961
32 940 0.1857
32 941 0.4027
32 942 0.6244
32 943 0.4487
32 944 0.2563
32 946 0.0788
32 947 0.3158
32 948 0.2341
32 949 0.0886
32 950 0.4159
32 951 0.2194
32 952 0.3870
32 953 0.2905
32 954 0.2569
32 955 0.3060
32 956 0.2513
32 957 0.1101
32 958 0.1444
32 959 0.1807
