78 817 0.0827
78 818 0.0838
78 819 0.1177
78 820 0.1852
78 821 0.4519
78 822 0.0573
78 823 0.7899
78 824 0.1668
78 825 0.4877
78 827 0.3412
78 828 0.3290
78 829 0.2322
78 830 0.0833
78 831 0.3869
78 832 0.4664
78 833 0.2701
78 834 0.4161
78 835 0.1217
78 836 0.4636
78 838 0.2771
78 839 0.3579
78 840 0.2423
78 841 0.2866
78 842 0.1144
78 843 0.1385
78 844 0.2575
78 845 0.2076
78 846 0.3269
78 848 0.3900
78 849 0.3338
78 850 0.2503
78 851 0.9233
78 852 0.3943
78 853 0.4798
78 854 0.2106
78 855 0.3623
78 856 0.5132
78 857 0.3657
78 858 0.3828
78 859 0.3849
78 860 0.0597
78 861 0.3135
78 862 0.0701
78 864 0.3203
78 865 0.2559
78 866 0.2909
78 867 0.5022
78 868 0.5387
78 869 0.0973
78 870 0.2526
78 871 0.0792
78 872 0.9964
78 873 0.2482
78 874 0.0721
78 875 0.0937
78 876 0.3159
78 877 0.1596
78 878 0.1837
78 880 0.3351
78 881 0.0492
78 882 0.3315
78 883 0.2156
78 884 0.2577
78 885 0.4825
78 886 0.1351
78 887 0.5352
78 888 0.3272
78 889 0.6918
78 890 0.1779
78 891 0.3205
78 892 0.1514
78 893 0.5503
78 894 0.2992
78 895 0.3111
78 896 0.1152
78 898 0.0963
78 899 0.0770
78 900 0.0544
78 901 0.4762
78 903 0.1301
78 905 0.3794
78 906 0.5177
78 907 0.0806
78 908 0.5747
78 909 0.5032
78 910 0.2734
78 911 0.2189
78 912 0.1832
78 913 0.1784
78 914 0.1759
78 915 0.8341
78 916 0.1375
78 917 0.2062
78 918 0.3677
78 919 0.1209
78 920 0.2087
78 921 0.2621
78 922 0.5164
78 924 0.3173
78 925 0.2345
78 928 0.3036
78 929 0.2741
78 930 0.3452
78 932 0.0960
78 933 0.5915
78 934 0.1732
78 935 0.3728
78 936 0.3470
78 937 0.5360
78 938 0.2637
78 939 0.1515
78 940 0.0848
78 941 0.2608
78 942 0.5658
78 943 0.3496
78 944 0.3806
78 946 0.0854
78 947 0.3093
78 948 0.1971
78 949 0.1129
78 950 0.3297
78 951 0.4281
78 952 0.3333
78 953 0.1609
78 954 0.3851
78 955 0.3241
78 956 0.1597
78 957 0.0867
78 958 0.1181
78 959 0.2403
78 960 0.4538
78 961 0.1207
78 962 0.0801
78 963 0.2414
78 964 0.3165
78 965 0.1022
78 966 0.2139
78 967 0.1495
78 968 0.6861
78 969 0.1428
78 971 0.3920
78 972 0.1542
78 973 0.1187
78 974 0.4834
78 975 0.0869
78 976 0.0305
78 977 0.1198
78 978 0.6597
78 979 0.4743
78 980 0.3793
78 981 0.4088
78 982 0.1687
78 983 0.0823
78 984 0.1641
78 985 0.0806
78 986 0.0625
78 987 0.1604
78 989 0.2956
78 990 0.1048
78 991 0.3519
78 992 0.2621
78 993 0.8437
78 994 0.8780
78 995 0.4084
78 996 0.3929
78 998 0.2792
78 999 0.2002
78 1000 0.1529
78 1001 0.1887
78 1002 0.1135
78 1003 0.5559
78 1004 0.0866
78 1005 0.2853
78 1006 0.1716
78 1007 0.1966
78 1008 0.0733
78 1010 0.1331
78 1012 0.1321
78 1013 0.3494
78 1014 0.0959
78 1015 0.1719
78 1016 0.2693
78 1017 0.4126
78 1018 0.1250
78 1019 0.1192
78 1020 0.2754
78 1022 0.3874
78 1023 0.3082
78 1024 0.1103
78 1025 0.0725
78 1026 0.0840
78 1027 0.1522
78 1028 0.2085
78 1029 0.3619
78 1030 0.4630
78 1032 0.2662
78 1033 0.6918
78 1034 0.1063
78 1035 0.1649
78 1036 0.0681
78 1037 0.1687
78 1038 0.1398
78 1039 0.3658
78 1040 0.1198
78 1041 0.2193
78 1042 0.1029
78 1043 0.2585
78 1044 0.1433
78 1045 0.5894
78 1046 0.1804
78 1047 0.1714
78 1048 0.2370
78 1049 0.2175
78 1050 0.3743
78 1051 0.0894
78 1052 0.1367
78 1053 0.0779
78 1054 0.1875
78 1055 0.1379
78 1056 0.0603
78 1057 0.3779
78 1058 0.1284
78 1059 0.1734
78 1060 0.0787
78 1061 0.0775
78 1062 0.1331
78 1063 0.1362
78 1064 0.0930
78 1065 0.2699
78 1066 0.4906
78 1067 0.4421
78 1068 0.5619
78 1069 0.1244
78 1070 0.1479
78 1071 0.4801
78 1072 0.0549
78 1073 0.1035
78 1075 0.2749
78 1076 0.2877
78 1077 0.0935
78 1078 0.0843
78 1079 0.1113
78 1080 0.2347
78 1081 0.0662
78 1082 0.5242
78 1083 0.3043
78 1084 0.2810
78 1085 0.2495
78 1087 0.0988
78 1089 0.4940
78 1090 0.2027
78 1093 0.2721
78 1094 0.1591
78 1095 0.1593
78 1096 0.2341
78 1097 0.1147
78 1099 0.8842
78 1102 0.1875
78 1103 0.4256
78 1104 0.3578
78 1105 0.4380
78 1106 0.0973
78 1107 0.2428
78 1108 0.4134
78 1109 0.1146
78 1110 0.3214
78 1111 0.0947
78 1113 0.0838
78 1114 0.3411
78 1115 0.1002
78 1116 0.0669
78 1117 0.2311
78 1118 0.1301
78 1119 0.0504
78 1120 0.1694
78 1121 0.4470
78 1122 0.5358
78 1123 0.4047
78 1124 0.2443
78 1125 0.2743
78 1126 0.3883
78 1127 0.1991
78 1128 0.4046
78 1129 0.1892
78 1130 0.3327
78 1132 0.4334
78 1133 0.0997
78 1134 0.2692
78 1135 0.6214
78 1136 0.3230
78 1138 0.3691
78 1139 0.1375
78 1141 0.3104
78 1142 0.1536
78 1143 0.4669
78 1144 0.1361
78 1145 0.0820
78 1146 0.6246
78 1147 0.3590
78 1148 0.2258
78 1149 0.3165
78 1150 0.4705
78 1151 0.1408
78 1152 0.4516
78 1153 0.1752
78 1154 0.6177
78 1156 0.2712
78 1157 0.2841
78 1158 0.4035
78 1159 0.3159
78 1160 0.0758
78 1161 0.1832
78 1162 0.4342
78 1163 0.0812
78 1165 0.5672
78 1166 0.2128
78 1167 0.1173
78 1169 0.3267
78 1170 0.4725
78 1172 0.5349
78 1173 0.2204
78 1174 0.1334
78 1176 0.2145
78 1177 0.4172
78 1178 0.2181
78 1180 0.2609
78 1181 0.2063
78 1182 0.1943
78 1183 0.1856
78 1184 0.3024
78 1185 0.4768
78 1186 0.2005
78 1187 0.3406
78 1188 0.2212
78 1189 0.3487
78 1191 0.3936
78 1192 0.0884
78 1193 0.3834
78 1194 0.2546
78 1195 0.4366
78 1196 0.2121
78 1197 0.4617
78 1198 0.2566
78 1199 0.1005
78 1200 0.2178
78 1201 0.4284
78 1202 0.4739
78 1203 0.4014
78 1204 0.5074
78 1205 0.2339
78 1206 0.3736
78 1207 0.1489
78 1208 0.4636
78 1209 0.3972
78 1210 0.6490
78 1211 0.6000
78 1212 0.2391
78 1213 0.3590
78 1214 0.3667
78 1215 0.2513
78 1216 0.4170
78 1217 0.5283
78 1218 0.3272
78 1219 0.2873
78 1220 0.3234
78 1221 0.2759
78 1222 0.4811
78 1223 0.4167
78 1224 0.5360
78 1225 0.8687
78 1226 0.6980
78 1227 0.2567
78 1228 0.3649
78 1229 0.4358
78 1230 0.3069
78 1231 0.4342
78 1233 0.4466
78 1234 0.3856
78 1235 0.4721
78 1237 0.2030
78 1238 0.2399
78 1239 0.4455
78 1240 0.3917
78 1241 0.4150
78 1242 0.7088
78 1243 0.2792
78 1245 0.3241
78 1246 0.4382
78 1247 0.3544
78 1248 0.4778
78 1249 0.2523
78 1250 0.3359
78 1251 0.4281
78 1252 0.4059
78 1253 0.0848
78 1254 0.0823
78 1255 0.1202
78 1256 0.1654
78 1257 0.0823
78 1258 0.2667
78 1259 0.3961
78 1260 0.1330
78 1262 0.1789
78 1263 0.1781
78 1265 0.1612
78 1266 0.1232
78 1267 0.1105
78 1268 0.2651
78 1269 0.2600
78 1270 0.1166
78 1271 0.1741
78 1272 0.1125
78 1273 0.1000
78 1274 0.0958
78 1275 0.0529
78 1276 0.1303
78 1278 0.0986
78 1279 0.1025
78 1280 0.1485
78 1281 0.1631
78 1282 0.1010
78 1283 0.0741
78 1284 0.0703
78 1286 0.0654
78 1287 0.0933
78 1288 0.2532
78 1289 0.0678
78 1290 0.1016
78 1291 0.0766
78 1292 0.1580
78 1295 0.0604
78 1296 0.1297
78 1297 0.1528
78 1298 0.0424
78 1299 0.0584
78 1301 0.0934
78 1302 0.1832
78 1303 0.1737
78 1304 0.1088
78 1305 0.1869
78 1306 0.0607
78 1308 0.2819
78 1309 0.1122
78 1310 0.0979
78 1311 0.1176
78 1312 0.1376
78 1313 0.1199
78 1315 0.1182
78 1316 0.6624
78 1318 0.4000
78 1319 0.1201
78 1320 0.1185
78 1323 0.3450
78 1324 0.4404
78 1325 0.3128
78 1326 0.3938
78 1327 0.3787
78 1328 0.0759
78 1329 0.2988
78 1330 0.3573
78 1331 0.1993
78 1332 0.1467
78 1333 0.5862
78 1334 0.2480
78 1335 0.2584
78 1336 0.5385
78 1337 0.1412
78 1338 0.4298
78 1339 0.4015
78 1340 0.5625
78 1341 0.1796
78 1342 0.6514
78 1343 0.2870
78 1344 0.2244
78 1346 0.5140
78 1347 0.2770
78 1348 0.2597
78 1349 0.4193
78 1350 0.3653
78 1351 0.3476
78 1352 0.3241
78 1353 0.4926
78 1354 0.1904
78 1355 0.4926
78 1356 0.3707
78 1357 0.2737
78 1358 0.0759
78 1360 0.3637
78 1361 0.2469
78 1362 0.4435
78 1363 0.3698
78 1364 0.1832
78 1366 0.1514
78 1367 0.4312
78 1368 0.4512
78 1369 0.3497
78 1370 0.8081
78 1371 0.3652
78 1372 0.4177
78 1373 0.3814
78 1374 0.2532
78 1375 0.2139
78 1376 0.1832
78 1377 0.4628
78 1378 0.2220
78 1379 0.4552
78 1380 0.5125
78 1381 0.3502
78 1382 0.2931
78 1383 0.2880
78 1384 0.1832
78 1386 0.1257
78 1387 0.1610
78 1388 0.1394
78 1389 0.1145
78 1390 0.0778
78 1392 0.0689
78 1393 0.1551
78 1394 0.1430
78 1395 0.1832
78 1396 0.1251
78 1397 0.1207
78 1398 0.2279
78 1399 0.1882
78 1401 0.1780
78 1402 0.0734
78 1405 0.4222
78 1406 0.2061
78 1407 0.5227
78 1408 0.0823
78 1409 0.3097
78 1410 0.1779
78 1411 0.1060
78 1412 0.0876
78 1413 0.0812
78 1415 0.1832
78 1416 0.1215
78 1418 0.1902
78 1419 0.2459
78 1420 0.2765
78 1421 0.2650
78 1422 0.2437
78 1423 0.5200
78 1424 0.2211
78 1425 0.3258
78 1426 0.5076
78 1427 0.2240
78 1428 0.2852
78 1430 0.2503
78 1431 0.4553
78 1433 0.1750
78 1434 0.9552
78 1435 0.7053
78 1436 0.2520
78 1437 0.2574
78 1438 0.2390
78 1439 0.3991
78 1440 0.4505
78 1441 0.3217
78 1443 0.3966
78 1445 0.2720
78 1446 0.2698
78 1448 0.1594
78 1449 0.2063
78 1451 0.1694
78 1452 0.3081
78 1453 0.1251
78 1454 0.1836
78 1455 0.2503
78 1456 0.2297
78 1457 0.1446
78 1458 0.4408
78 1459 0.1262
78 1460 0.0853
78 1461 0.2277
78 1462 0.1337
78 1463 0.3728
78 1464 0.0994
78 1465 0.3373
78 1466 0.1425
78 1468 0.1494
78 1472 0.2126
78 1474 0.2585
78 1475 0.3049
78 1476 0.4232
78 1477 0.1454
78 1478 0.1508
78 1479 0.5562
78 1480 0.1801
78 1481 0.3118
78 1482 0.1867
78 1484 0.0675
78 1485 0.2477
78 1486 0.2029
78 1487 0.0818
78 1488 0.2240
78 1490 0.1750
78 1491 0.0951
78 1492 0.0806
78 1493 0.2430
78 1494 0.2822
78 1495 0.1496
78 1496 0.1713
78 1497 0.2690
78 1498 0.1816
78 1499 0.2097
78 1500 0.1819
78 1501 0.2464
78 1502 0.1359
78 1503 0.1772
78 1504 0.3630
78 1505 0.2118
78 1506 0.1455
78 1507 0.2483
78 1508 0.2788
78 1510 0.3089
78 1511 0.1544
78 1512 0.2794
78 1513 0.1912
78 1515 0.1217
78 1516 0.3279
78 1517 0.1297
78 1518 0.2929
78 1519 0.0994
78 1520 0.6189
78 1522 0.0444
78 1523 0.0876
78 1525 0.3684
78 1526 0.0634
78 1527 0.1467
78 1528 0.1121
78 1529 0.3258
78 1530 0.0624
78 1531 0.1755
78 1532 0.1956
78 1535 0.2874
78 1536 0.1832
78 1537 0.1000
78 1538 0.1617
78 1540 0.1331
78 1541 0.2030
78 1542 0.2016
78 1544 0.1582
78 1545 0.2561
78 1546 0.1527
78 1547 0.1820
78 1548 0.1753
78 1549 0.1071
78 1550 0.1375
78 1551 0.0909
78 1552 0.1375
78 1553 0.2181
78 1554 0.1946
78 1555 0.1375
78 1556 0.1012
78 1557 0.1163
78 1560 0.1109
78 1562 0.2568
78 1565 0.0900
78 1566 0.2303
78 1567 0.0738
78 1568 0.4134
78 1569 0.2977
78 1570 0.3572
78 1571 0.4363
78 1572 0.3599
78 1573 0.4338
78 1574 0.3312
78 1575 0.3138
78 1576 0.3797
78 1577 0.3434
78 1578 0.5104
78 1579 0.4130
78 1580 0.4894
78 1582 0.5620
78 1583 0.2662
78 1584 0.1777
78 1585 0.3862
78 1586 0.0675
78 1587 0.1832
78 1588 0.5864
78 1589 0.3252
78 1590 0.3540
78 1591 0.5787
78 1592 0.0999
78 1593 0.7056
78 1594 0.4725
78 1595 0.5433
78 1596 0.1895
78 1597 0.3961
78 1598 0.2051
78 1599 0.5231
78 1600 0.1251
78 1601 0.5205
78 1602 0.3298
78 1603 0.3970
78 1604 0.4281
78 1605 0.2523
78 1606 0.3962
78 1607 0.4178
78 1608 0.6780
78 1609 0.2469
78 1610 0.3112
78 1611 0.1279
78 1612 0.4495
78 1613 0.8473
78 1614 0.4881
78 1615 0.4333
78 1616 0.4642
78 1617 0.2542
78 1618 0.5626
78 1619 0.4403
78 1620 0.2269
78 1621 0.6853
78 1622 0.8845
78 1623 0.3206
78 1624 0.6113
78 1625 0.2662
78 1626 0.3269
78 1628 0.2888
78 1629 0.5391
78 1630 0.3884
78 1631 0.3004
78 1632 0.1848
78 1633 0.5420
78 1634 0.4496
78 1635 0.2857
78 1636 0.4104
78 1637 0.2754
78 1638 0.1872
78 1639 0.3623
78 1640 0.5652
78 1641 0.3785
78 1642 0.5196
78 1643 0.5520
78 1644 0.1414
78 1645 0.3082
78 1646 0.1377
78 1647 0.1695
78 1648 0.2177
78 1649 0.1751
78 1650 0.1452
78 1651 0.2524
78 1652 0.1258
78 1653 0.6328
78 1654 0.1893
78 1655 0.1824
78 1656 0.1375
78 1657 0.1251
78 1658 0.1217
78 1659 0.0909
78 1660 0.1516
78 1661 0.1065
78 1662 0.1230
78 1663 0.1481
78 1664 0.1297
78 1665 0.0666
78 1666 0.1232
78 1667 0.1293
78 1668 0.1237
78 1669 0.1012
78 1670 0.1232
78 1671 0.0928
78 1672 0.2187
78 1673 0.1111
78 1674 0.2615
78 1675 0.2741
78 1676 0.1672
78 1677 0.2183
78 1678 0.2186
78 1679 0.0778
78 1680 0.2339
78 1681 0.2906
78 1682 0.1147
78 1683 0.0885
78 1684 0.2177
78 1685 0.1592
78 1686 0.2662
78 1687 0.1257
78 1688 0.1824
78 1689 0.4709
78 1690 0.2466
78 1691 0.1422
78 1692 0.1965
78 1694 0.2698
78 1695 0.1394
78 1696 0.3505
78 1697 0.1275
78 1698 0.1676
78 1699 0.2699
78 1700 0.1837
78 1701 0.3392
78 1702 0.2462
78 1703 0.5879
78 1704 0.2845
78 1705 0.2720
78 1706 0.3152
78 1707 0.3886
78 1708 0.1832
78 1709 0.2538
78 1710 0.1232
78 1711 0.2867
78 1712 0.9918
78 1713 0.3163
78 1714 0.4723
78 1715 0.2332
78 1716 0.2887
78 1717 0.9822
78 1718 0.3009
78 1719 0.2906
78 1720 0.4137
78 1721 0.3673
78 1722 0.1836
78 1723 0.6644
78 1724 0.2772
78 1725 0.1491
78 1726 0.3029
78 1727 0.3657
78 1728 0.3381
78 1729 0.1858
78 1730 0.1890
79 80 0.3061
79 81 0.2276
79 82 0.0780
79 83 0.2831
79 84 0.4269
79 85 0.7490
79 86 0.2564
79 87 0.3788
79 88 0.1308
79 89 0.0554
79 90 0.8686
79 91 0.3720
79 92 0.2396
79 93 0.0755
79 94 0.5545
79 95 0.1863
79 96 0.1713
79 97 0.0936
79 98 0.2029
79 99 0.2167
79 100 0.2515
79 101 0.0775
79 102 0.2756
79 103 0.2067
79 104 0.2048
79 105 0.2961
79 106 0.1461
79 107 0.0953
79 108 0.1864
79 109 0.2956
79 110 0.3027
79 111 0.4462
79 112 0.1331
79 113 0.2326
79 114 0.1781
79 115 0.4294
79 116 0.5638
79 117 0.1325
79 119 0.1055
79 120 0.2475
79 121 0.3283
79 122 0.2530
79 123 0.1387
79 124 0.5405
79 125 0.1980
79 126 0.2575
79 127 0.1213
79 128 0.1429
79 129 0.3737
79 130 0.3777
79 131 0.0635
79 132 0.0969
79 133 0.1423
79 134 0.3551
79 135 0.2116
79 136 0.7617
79 137 0.7192
79 138 0.1832
79 139 0.0893
79 140 0.1037
79 142 0.2417
79 143 0.7416
79 144 0.2325
79 145 0.1587
79 146 0.5147
79 147 0.2060
79 148 0.2917
79 149 0.2255
79 150 0.4175
79 151 0.1186
79 152 0.7694
79 153 0.4973
79 154 0.6005
79 156 0.1411
79 157 0.1740
79 158 0.2392
79 159 0.3910
79 160 0.0933
79 161 0.1989
79 162 0.1918
79 163 0.3097
79 164 0.1202
79 165 0.1203
79 166 0.3663
79 167 0.3117
79 168 0.1360
79 169 0.0722
79 170 0.3715
79 171 0.3802
79 172 0.1086
79 173 0.3721
79 174 0.0873
79 175 0.6056
79 176 0.3078
79 177 0.1059
79 178 0.5108
79 179 0.2786
79 180 0.0995
79 181 0.1608
79 182 0.4159
79 183 0.4841
79 184 0.4625
79 185 0.4328
79 186 0.1105
79 187 0.1975
79 188 0.1574
79 189 0.1832
79 191 0.3258
79 192 0.1602
79 193 0.4578
79 194 0.3196
79 195 0.1756
79 196 0.3150
79 197 0.5456
79 198 0.2701
79 199 0.2166
79 200 0.5062
79 201 0.2471
79 202 0.1687
79 203 0.3708
79 204 0.1243
79 206 0.1848
79 207 0.0961
79 208 0.1851
79 209 0.2607
79 210 0.3279
79 211 0.3333
79 212 0.2866
79 213 0.1622
79 214 0.2487
79 215 0.8226
79 216 0.2740
79 217 0.3096
79 218 0.2419
79 219 0.1291
79 220 0.1706
79 221 0.4420
79 222 0.1083
79 223 0.5823
79 224 0.0536
79 225 0.4855
79 226 0.1519
79 227 0.1294
79 228 0.2414
79 229 0.1297
79 230 0.6429
79 231 0.1106
79 232 0.0776
79 233 0.7353
79 234 0.0952
79 235 0.3133
79 236 0.6262
79 237 0.3763
79 238 0.4218
79 239 0.1054
79 240 0.2558
79 241 0.3580
79 242 0.1259
79 243 0.1601
79 244 0.0841
79 245 0.1200
79 246 0.0817
79 247 0.2387
79 248 0.1245
79 249 0.1159
79 250 0.1652
79 251 0.1582
79 252 0.1062
79 253 0.5044
79 254 0.2347
79 255 0.1399
79 256 0.1474
79 257 0.1250
79 258 0.1860
79 259 0.1344
79 260 0.1423
79 261 0.5062
79 262 0.2006
79 263 0.1852
79 264 0.1193
79 265 0.4305
79 266 0.2962
79 267 0.1112
79 268 0.0968
79 269 0.1584
79 270 0.4382
79 271 0.1317
79 272 0.3054
79 273 0.0855
79 274 0.2377
79 275 0.1902
79 276 0.4153
79 277 0.3510
79 278 0.1304
79 279 0.1461
79 281 0.2256
79 282 0.0750
79 283 0.1855
79 284 0.4455
79 285 0.0673
79 286 0.1321
79 287 0.3781
79 288 0.1961
79 289 0.0909
79 290 0.1823
79 291 0.4522
79 292 0.3343
79 293 0.0949
79 294 0.4748
79 295 0.1417
79 296 0.2419
79 297 0.1440
79 298 0.1617
79 299 0.1358
79 300 0.1893
79 301 0.2334
79 302 0.2257
79 303 0.0794
79 304 0.2162
79 305 0.1285
79 306 0.2008
79 307 0.1320
79 308 0.1801
79 309 0.2163
79 310 0.2506
79 311 0.3094
79 313 0.2378
79 314 0.2401
79 315 0.2122
79 316 0.3052
79 317 0.1055
79 318 0.1169
79 319 0.4858
79 320 0.2412
79 321 0.1572
79 322 0.1764
79 323 0.3160
79 324 0.3368
79 325 0.1056
79 326 0.2802
79 327 0.1555
79 328 0.1905
79 329 0.1970
79 330 0.2251
79 331 0.1493
79 332 0.1125
79 333 0.2371
79 334 0.1402
79 335 0.0599
79 336 0.2066
79 337 0.1271
79 338 0.1396
79 339 0.1386
79 340 0.2409
79 341 0.2278
79 342 0.2586
79 343 0.2719
79 344 0.1419
79 345 0.1451
79 346 0.2144
79 347 0.5636
79 348 0.3016
79 349 0.2285
79 350 0.3719
79 351 0.0947
79 352 0.1525
79 353 0.1357
79 354 0.0968
79 355 0.1741
79 356 0.1150
79 357 0.1795
79 358 0.0887
79 359 0.0857
79 360 0.3366
79 361 0.1218
79 362 0.0901
79 363 0.1719
79 364 0.1540
79 366 0.0799
79 367 0.2129
79 368 0.1884
79 369 0.2006
79 370 0.2468
79 371 0.4159
79 372 0.1246
79 373 0.4465
79 374 0.1506
79 375 0.4104
79 376 0.3670
79 377 0.2114
79 378 0.1353
79 379 0.6540
79 380 0.3976
79 381 0.1097
79 382 0.1377
79 383 0.3473
79 384 0.2111
79 385 0.5679
79 386 0.1747
79 387 0.2489
79 388 0.2458
79 389 0.1022
79 390 0.3404
79 391 0.1883
79 392 0.5150
79 393 0.1796
79 394 0.2129
79 395 0.1565
79 396 0.5267
79 397 0.1730
79 398 0.1308
79 399 0.7217
79 400 0.3680
79 402 0.1835
79 403 0.1848
79 404 0.1056
79 405 0.1099
79 406 0.2092
79 407 0.0969
79 408 0.2589
79 409 0.3466
79 410 0.1458
79 411 0.4416
79 412 0.3059
79 413 0.1404
79 414 0.3285
79 415 0.2572
79 416 0.2609
79 417 0.0714
79 418 0.6165
79 419 0.1059
79 420 0.2937
79 421 0.3671
79 422 0.1284
79 423 0.2736
79 424 0.6326
79 425 0.3228
79 426 0.1294
79 427 0.3013
79 428 0.2683
79 429 0.1423
79 430 0.1528
79 432 0.1229
79 433 0.0833
79 434 0.4940
79 435 0.1140
79 436 0.2523
79 437 0.1687
79 438 0.8422
79 439 0.1414
79 440 0.1262
79 441 0.1895
79 442 0.1419
79 443 0.1044
79 444 0.1423
79 445 0.0885
79 447 0.1104
79 449 0.7775
79 450 0.0768
79 451 0.0617
79 452 0.1751
79 453 0.1423
79 454 0.5161
79 455 0.2599
79 456 0.4200
79 457 0.3930
79 458 0.2888
79 459 0.1920
79 460 0.3751
79 461 0.1241
79 462 0.1146
79 463 0.5355
79 464 0.4511
79 465 0.0717
79 466 0.5384
79 467 0.0464
79 468 0.0860
79 469 0.2854
79 470 0.4714
79 471 0.2298
79 472 0.2089
79 474 0.1766
79 475 0.0906
79 476 0.0835
79 478 0.1158
79 479 0.0969
79 480 0.1193
79 481 0.1146
79 482 0.0849
79 484 0.4517
79 485 0.1194
79 486 0.1137
79 487 0.0977
79 488 0.4254
79 489 0.1032
79 490 0.1953
79 491 0.2061
79 492 0.3570
79 493 0.2251
79 494 0.1000
79 495 0.3752
79 496 0.2047
79 497 0.2985
79 498 0.1921
79 499 0.4353
79 500 0.1135
79 501 0.1224
79 502 0.1344
79 503 0.1084
79 504 0.1374
79 505 0.5160
79 506 0.0962
79 507 0.0960
79 508 0.1447
79 509 0.3191
79 510 0.2383
79 511 0.2516
79 512 0.1785
79 513 0.2446
79 514 0.3047
79 515 0.1302
79 516 0.3345
79 517 0.0855
79 518 0.1604
79 519 0.0957
79 520 0.1185
79 521 0.1507
79 522 0.6366
79 523 0.2088
79 524 0.1428
79 525 0.0990
79 526 0.1885
79 527 0.4179
79 528 0.1742
79 529 0.1277
79 530 0.3840
79 531 0.1600
79 532 0.1070
79 533 0.1241
79 534 0.1290
79 535 0.1868
79 536 0.2959
79 537 0.0963
79 538 0.2226
79 539 0.4953
79 540 0.1201
79 541 0.2096
79 542 0.0801
79 543 0.2000
79 544 0.1771
79 545 0.1498
79 546 0.6430
79 547 0.1291
79 548 0.1330
79 549 0.1849
79 550 0.1702
79 551 0.1693
79 552 0.3442
79 553 0.6056
79 554 0.1271
79 555 0.4660
79 556 0.1841
79 557 0.5323
79 558 0.3676
79 559 0.1094
79 560 0.1027
79 561 0.5251
79 562 0.1513
79 563 0.7924
79 564 0.2148
79 565 0.1712
79 566 0.1009
79 567 0.3596
79 568 0.5460
79 569 0.2042
79 570 0.2624
79 571 0.3174
79 572 0.6062
79 573 0.1954
79 574 0.4808
79 575 0.1086
79 576 0.4271
79 577 0.2432
79 578 0.0994
79 579 0.6247
79 581 0.0866
79 582 0.1486
79 583 0.0883
79 584 0.4994
79 585 0.2041
79 586 0.1789
79 587 0.2640
79 589 0.1755
79 590 0.4314
79 591 0.0684
79 592 0.3238
79 593 0.2495
79 594 0.3494
79 595 0.2328
79 598 0.0675
79 599 0.2453
79 600 0.1528
79 601 0.6266
79 602 0.1088
79 604 0.1149
79 605 0.1043
79 606 0.2264
79 607 0.1844
79 608 0.1778
79 609 0.2400
79 610 0.2641
79 611 0.1161
79 612 0.1373
79 613 0.1160
79 614 0.3324
79 615 0.1006
79 616 0.2422
79 617 0.1588
79 618 0.0786
79 619 0.1889
79 620 0.1609
79 621 0.2394
79 622 0.0463
79 623 0.4122
79 624 0.1413
79 625 0.2877
79 626 0.2677
79 627 0.6940
79 628 0.1796
79 629 0.4844
79 630 0.2082
79 631 0.1200
79 632 0.5215
79 633 0.4237
79 634 0.0417
79 635 0.1497
79 636 0.0934
79 637 0.2553
79 638 0.2949
79 639 0.2271
79 640 0.0980
79 641 0.2209
79 642 0.1259
79 643 0.3429
79 644 0.1210
79 645 0.1608
79 646 0.1097
79 647 0.2971
79 648 0.1142
79 649 0.0962
79 650 0.7132
79 651 0.2894
79 652 0.1342
79 653 0.1635
79 654 0.2089
79 655 0.1210
79 656 0.4938
79 657 0.1013
79 658 0.5697
79 659 0.2583
79 660 0.1592
79 661 0.1694
79 662 0.1256
79 663 0.1338
79 664 0.1786
79 665 0.1234
79 666 0.1867
79 667 0.1740
79 668 0.2233
79 669 0.3581
79 670 0.1146
79 671 0.1310
79 672 0.1927
79 673 0.0964
79 674 0.1419
79 675 0.1423
79 676 0.2982
79 677 0.2363
79 678 0.1786
79 679 0.1866
79 680 0.1535
79 681 0.1208
79 682 0.1055
79 683 0.1601
79 684 0.3105
79 685 0.2835
79 686 0.2047
79 687 0.5392
79 688 0.3663
79 689 0.5771
79 690 0.1344
79 691 0.3242
79 692 0.1355
79 693 0.2506
79 694 0.1495
79 695 0.2241
79 696 0.0932
79 697 0.2004
79 698 0.1040
79 699 0.2266
79 700 0.1143
79 701 0.0900
79 702 0.2825
79 703 0.2866
79 704 0.1864
79 705 0.1061
79 706 0.2180
79 707 0.0863
79 708 0.1293
79 709 0.1262
79 710 0.4503
79 711 0.2874
79 712 0.0824
79 713 0.1269
79 714 0.3431
79 716 0.2506
79 717 0.1084
79 718 0.1980
79 720 0.0447
79 721 0.1352
79 722 0.3176
79 723 0.2787
79 724 0.1100
79 725 0.0900
79 726 0.4640
79 727 0.1338
79 728 0.3757
79 729 0.3274
79 731 0.1897
79 732 0.4625
79 733 0.1515
79 734 0.4608
79 735 0.2077
79 736 0.3816
79 737 0.3411
79 738 0.2535
79 740 0.4926
79 741 0.4078
79 742 0.4844
79 743 0.4292
79 744 0.2974
79 745 0.3202
79 746 0.3034
79 747 0.0936
79 748 0.3282
79 749 0.1247
79 750 0.4565
79 751 0.6405
79 752 0.5597
79 753 0.1114
79 754 0.1560
79 755 0.3572
79 756 0.2370
79 757 0.0713
79 758 0.2578
79 759 0.2613
79 760 0.1402
79 761 0.2128
79 762 0.1025
79 763 0.0655
79 764 0.2259
79 765 0.1012
79 766 0.1493
79 767 0.2794
79 768 0.3542
79 769 0.1692
79 770 0.3893
79 771 0.2286
79 772 0.2364
79 773 0.1609
79 774 0.0563
79 775 0.3237
79 776 0.3168
79 777 0.2282
79 778 0.1757
79 780 0.0700
79 781 0.2235
79 782 0.1709
79 783 0.3095
79 784 0.2308
79 785 0.0684
79 786 0.0996
79 787 0.2357
79 788 0.1423
79 789 0.3080
79 791 0.4503
79 792 0.1292
79 793 0.7423
79 794 0.0949
79 795 0.0799
79 796 0.2221
79 797 0.2001
79 798 0.1257
79 799 0.2501
79 800 0.3246
79 801 0.4294
79 802 0.1046
79 803 0.1431
79 804 0.3504
79 805 0.1496
79 806 0.1567
79 807 0.1636
79 808 0.1522
79 809 0.1387
79 810 0.1852
79 811 0.4433
79 812 0.4553
79 813 0.3509
79 814 0.2723
79 815 0.0905
79 816 0.5257
79 817 0.1026
79 818 0.0852
79 819 0.1278
79 820 0.1226
79 821 0.6445
79 822 0.1328
79 823 0.2287
79 824 0.1678
79 825 0.5157
79 827 0.2084
79 828 0.5518
79 829 0.5301
79 830 0.1783
79 831 0.5161
79 832 0.2435
79 833 0.0695
79 834 0.3294
79 835 0.0990
79 836 0.1211
79 838 0.5001
79 839 0.0989
79 840 0.1277
79 841 0.5437
79 842 0.0919
79 843 0.0642
79 844 0.0968
79 845 0.2342
79 846 0.4350
79 848 0.2216
79 849 0.3722
79 850 0.2506
79 851 0.8461
79 852 0.1505
79 853 0.3305
79 854 0.1479
79 855 0.1446
79 856 0.2476
79 857 0.2012
79 858 0.3661
79 859 0.1294
79 860 0.1187
79 861 0.1138
79 862 0.1702
79 864 0.2016
79 865 0.3169
79 866 0.1751
79 867 0.2050
79 868 0.3056
79 869 0.2512
79 870 0.3721
79 871 0.1314
79 872 0.9146
79 873 0.1146
79 874 0.2012
79 875 0.1847
79 876 0.1071
79 877 0.2392
79 878 0.1883
79 880 0.2577
79 881 0.1468
79 882 0.1585
79 883 0.2620
79 884 0.1240
79 885 0.1132
79 886 0.2416
79 887 0.4678
79 888 0.2897
79 889 0.1895
79 890 0.1377
79 891 0.1597
79 892 0.3880
79 893 0.4532
79 894 0.2577
79 895 0.4389
79 896 0.2124
79 898 0.2838
79 899 0.1011
79 900 0.1359
79 901 0.1406
79 903 0.1858
79 905 0.1284
79 906 0.3029
79 907 0.0855
79 908 0.1727
79 909 0.3420
79 910 0.1636
79 911 0.3488
79 912 0.1423
79 913 0.2466
79 914 0.0465
79 915 0.2721
79 916 0.2000
79 917 0.2335
79 918 0.3597
79 919 0.3312
79 920 0.4691
79 921 0.2116
79 922 0.1419
79 924 0.2044
79 925 0.1240
79 928 0.2482
79 929 0.3345
79 930 0.5163
79 932 0.1229
79 933 0.2532
79 934 0.2553
79 935 0.2481
79 936 0.3054
79 937 0.1427
79 938 0.1534
79 939 0.1032
79 940 0.4274
79 941 0.2895
79 942 0.4011
79 943 0.1475
79 944 0.3701
79 946 0.2442
79 947 0.2321
79 948 0.1909
79 949 0.0925
79 950 0.3050
79 951 0.1009
79 952 0.3368
79 953 0.5299
79 954 0.3696
79 955 0.3219
79 956 0.3022
79 957 0.2539
79 958 0.1508
79 959 0.1775
79 960 0.8670
79 961 0.1482
79 962 0.1009
79 963 0.1611
79 964 0.1565
79 965 0.2800
79 966 0.0954
79 967 0.1152
79 968 0.2525
79 969 0.4083
79 971 0.2946
79 972 0.1932
79 973 0.3674
79 974 0.9448
79 975 0.1058
79 976 0.1258
79 977 0.0795
79 978 0.3387
79 979 0.4806
79 980 0.3931
79 981 0.1767
79 982 0.1385
79 983 0.1309
79 984 0.2295
79 985 0.0855
79 986 0.1467
79 987 0.5123
79 989 0.1377
79 990 0.1136
79 991 0.3761
79 992 0.2790
79 993 0.5230
79 994 0.3771
79 995 0.4557
79 996 0.2080
79 998 0.2082
79 999 0.1892
79 1000 0.3078
79 1001 0.1640
79 1002 0.2365
79 1003 0.3429
79 1004 0.3171
79 1005 0.0969
79 1006 0.5593
79 1007 0.2659
79 1008 0.0947
79 1010 0.2049
79 1012 0.1342
79 1013 0.3462
79 1014 0.3153
79 1015 0.0639
79 1016 0.1980
79 1017 0.1091
79 1018 0.1181
79 1019 0.2344
79 1020 0.3319
79 1022 0.0992
79 1023 0.3076
79 1024 0.2732
79 1025 0.0941
79 1026 0.4164
79 1027 0.2573
79 1028 0.1202
79 1029 0.3199
79 1030 0.1626
79 1032 0.2048
79 1033 0.4567
79 1034 0.0872
79 1035 0.0790
79 1036 0.1854
79 1037 0.3357
79 1038 0.1374
79 1039 0.4276
79 1040 0.0795
79 1041 0.3333
79 1042 0.4621
79 1043 0.1397
79 1044 0.0983
79 1045 0.1471
79 1046 0.1462
79 1047 0.2663
79 1048 0.4071
79 1049 0.4321
79 1050 0.2239
79 1051 0.0970
79 1052 0.1359
79 1053 0.1380
79 1054 0.1235
79 1055 0.1184
79 1056 0.4887
79 1057 0.2593
79 1058 0.0983
79 1059 0.1191
79 1060 0.2339
79 1061 0.2909
79 1062 0.1182
79 1063 0.2543
79 1064 0.3655
79 1065 0.2334
79 1066 0.0816
79 1067 0.4645
79 1068 0.2356
79 1069 0.0969
79 1070 0.6555
79 1071 0.1525
79 1072 0.0994
79 1073 0.1352
79 1075 0.1442
79 1076 0.2030
79 1077 0.1386
79 1078 0.0561
79 1079 0.4373
79 1080 0.2409
79 1081 0.1652
79 1082 0.1498
79 1083 0.2941
79 1084 0.3041
79 1085 0.1303
79 1087 0.1298
79 1089 0.1633
79 1090 0.2454
79 1093 0.2235
79 1094 0.2248
79 1095 0.1123
79 1096 0.1070
79 1097 0.1146
79 1099 0.8623
79 1102 0.1640
79 1103 0.2052
79 1104 0.1474
79 1105 0.4335
79 1106 0.6806
79 1107 0.1460
79 1108 0.1225
79 1109 0.1821
79 1110 0.2214
79 1111 0.1364
79 1113 0.1250
79 1114 0.1433
79 1115 0.0667
79 1116 0.0624
79 1117 0.0929
79 1118 0.1676
79 1119 0.4715
79 1120 0.1336
79 1121 0.1318
79 1122 0.1725
79 1123 0.2953
79 1124 0.1093
79 1125 0.3188
79 1126 0.1926
79 1127 0.2260
79 1128 0.3831
79 1129 0.2384
79 1130 0.1573
79 1132 0.1899
79 1133 0.1085
79 1134 0.1775
79 1135 0.6304
79 1136 0.0867
79 1138 0.2833
79 1139 0.1146
79 1141 0.3465
79 1142 0.1308
79 1143 0.5264
79 1144 0.1236
79 1145 0.0888
79 1146 0.4349
79 1147 0.2386
79 1148 0.2032
79 1149 0.2962
79 1150 0.4025
79 1151 0.5717
79 1152 0.6367
79 1153 0.2650
79 1154 0.5836
79 1156 0.2105
79 1157 0.2288
79 1158 0.1319
79 1159 0.0707
79 1160 0.1060
79 1161 0.1941
79 1162 0.1826
79 1163 0.3150
79 1165 0.4934
79 1166 0.1993
79 1167 0.1170
79 1169 0.4628
79 1170 0.0900
79 1172 0.2497
79 1173 0.2022
79 1174 0.1830
79 1176 0.0930
79 1177 0.2091
79 1178 0.0841
79 1180 0.3654
79 1181 0.1618
79 1182 0.1945
79 1183 0.2100
79 1184 0.1980
79 1185 0.2236
79 1186 0.1978
79 1187 0.1846
79 1188 0.2480
79 1189 0.4306
79 1191 0.2243
79 1192 0.3167
79 1193 0.2510
79 1194 0.5976
79 1195 0.3420
79 1196 0.1603
79 1197 0.2473
79 1198 0.3519
79 1199 0.1547
79 1200 0.3220
79 1201 0.2900
79 1202 0.0536
79 1203 0.3128
79 1204 0.1316
79 1205 0.1146
79 1206 0.3170
79 1207 0.2480
79 1208 0.1952
79 1209 0.0960
79 1210 0.1420
79 1211 0.1313
79 1212 0.1230
79 1213 0.1676
79 1214 0.2135
79 1215 0.1467
79 1216 0.1845
79 1217 0.2931
79 1218 0.2897
79 1219 0.0722
79 1220 0.1404
79 1221 0.1645
79 1222 0.1633
79 1223 0.1032
79 1224 0.1427
79 1225 0.4214
79 1226 0.3261
79 1227 0.1064
79 1228 0.1436
79 1229 0.3380
79 1230 0.4402
79 1231 0.0668
79 1233 0.1645
79 1234 0.1098
79 1235 0.2665
79 1237 0.3951
79 1238 0.2067
79 1239 0.1123
79 1240 0.3450
79 1241 0.1412
79 1242 0.1751
79 1243 0.2082
79 1245 0.2385
79 1246 0.3334
79 1247 0.1885
79 1248 0.1209
79 1249 0.1344
79 1250 0.2124
79 1251 0.1382
79 1252 0.0752
79 1253 0.3244
79 1254 0.5034
79 1255 0.2089
79 1256 0.5341
79 1257 0.5034
79 1258 0.6270
79 1259 0.2999
79 1260 0.7243
79 1262 0.5659
79 1263 0.3369
79 1265 0.5186
79 1266 0.0867
79 1267 0.2139
79 1268 0.3178
79 1269 0.3178
79 1270 0.4641
79 1271 0.5102
79 1272 0.2320
79 1273 0.3063
79 1274 0.2411
79 1275 0.5936
79 1276 0.4466
79 1278 0.2461
79 1279 0.5249
79 1280 0.1219
79 1281 0.3526
79 1282 0.1344
79 1283 0.0953
79 1284 0.1535
79 1286 0.0716
79 1287 0.2358
79 1288 0.3476
79 1289 0.2106
79 1290 0.1402
79 1291 0.2272
79 1292 0.1805
79 1295 0.1011
79 1296 0.1070
79 1297 0.1237
79 1298 0.1701
79 1299 0.0866
79 1301 0.1164
79 1302 0.1423
79 1303 0.2487
79 1304 0.1833
79 1305 0.1459
79 1306 0.1040
79 1308 0.1333
79 1309 0.1187
79 1310 0.1225
79 1311 0.1100
79 1312 0.1128
79 1313 0.0888
79 1315 0.0999
79 1316 0.4440
79 1318 0.5192
79 1319 0.1049
79 1320 0.1422
79 1323 0.2347
79 1324 0.3157
79 1325 0.1529
79 1326 0.2512
79 1327 0.1536
79 1328 0.2268
79 1329 0.1561
79 1330 0.2028
79 1331 0.3383
79 1332 0.1758
79 1333 0.1213
79 1334 0.0992
79 1335 0.1970
79 1336 0.1437
79 1337 0.0855
79 1338 0.3503
79 1339 0.2580
79 1340 0.3141
79 1341 0.2607
79 1342 0.1174
79 1343 0.1229
79 1344 0.2407
79 1346 0.0698
79 1347 0.1406
79 1348 0.1609
79 1349 0.3024
79 1350 0.1147
79 1351 0.1623
79 1352 0.2306
79 1353 0.1440
79 1354 0.1424
79 1355 0.1440
79 1356 0.4211
79 1357 0.1662
79 1358 0.2268
79 1360 0.1689
79 1361 0.2430
79 1362 0.4009
79 1363 0.0690
79 1364 0.1423
79 1366 0.3880
79 1367 0.1950
79 1368 0.4351
79 1369 0.3557
79 1370 0.4383
79 1371 0.3890
79 1372 0.1059
79 1373 0.1331
79 1374 0.1440
79 1375 0.1222
79 1376 0.1423
79 1377 0.1402
79 1378 0.0802
79 1379 0.4559
79 1380 0.3157
79 1381 0.3713
79 1382 0.2795
79 1383 0.1727
79 1384 0.1423
79 1386 0.3658
79 1387 0.4048
79 1388 0.5660
79 1389 0.4739
79 1390 0.4086
79 1392 0.1446
79 1393 0.2086
79 1394 0.1393
79 1395 0.1423
79 1396 0.1590
79 1397 0.5633
79 1398 0.2761
79 1399 0.4416
79 1401 0.2120
79 1402 0.1432
79 1405 0.1857
79 1406 0.5741
79 1407 0.1724
79 1408 0.5034
79 1409 0.1266
79 1410 0.3170
79 1411 0.2303
79 1412 0.3564
79 1413 0.3039
79 1415 0.1423
79 1416 0.4856
79 1418 0.1968
79 1419 0.4835
79 1420 0.1778
79 1421 0.1665
79 1422 0.2915
79 1423 0.2497
79 1424 0.1924
79 1425 0.2317
79 1426 0.4082
79 1427 0.2558
79 1428 0.3135
79 1430 0.2506
79 1431 0.3588
79 1433 0.4000
79 1434 0.7026
79 1435 0.5290
79 1436 0.2829
79 1437 0.3502
79 1438 0.2750
79 1439 0.5395
79 1440 0.3785
79 1441 0.4719
79 1443 0.1969
79 1445 0.1778
79 1446 0.3162
79 1448 0.1242
79 1449 0.2403
79 1451 0.1412
79 1452 0.4894
79 1453 0.1062
79 1454 0.1146
79 1455 0.1269
79 1456 0.1439
79 1457 0.2603
79 1458 0.0995
79 1459 0.1525
79 1460 0.2311
79 1461 0.1062
79 1462 0.1392
79 1463 0.1610
79 1464 0.1267
79 1465 0.2493
79 1466 0.2246
79 1468 0.1223
79 1472 0.1876
79 1474 0.1397
79 1475 0.1925
79 1476 0.2306
79 1477 0.1048
79 1478 0.0563
79 1479 0.2403
79 1480 0.2738
79 1481 0.1358
79 1482 0.2064
79 1484 0.2085
79 1485 0.3452
79 1486 0.1062
79 1487 0.1123
79 1488 0.1888
79 1490 0.1109
79 1491 0.0986
79 1492 0.0855
79 1493 0.1155
79 1494 0.0871
79 1495 0.0855
79 1496 0.1233
79 1497 0.2208
79 1498 0.2497
79 1499 0.1766
79 1500 0.1863
79 1501 0.2001
79 1502 0.1715
79 1503 0.0889
79 1504 0.1301
79 1505 0.2819
79 1506 0.1162
79 1507 0.3463
79 1508 0.2159
79 1510 0.1690
79 1511 0.3159
79 1512 0.2710
79 1513 0.1004
79 1515 0.0990
79 1516 0.2979
79 1517 0.1070
79 1518 0.1515
79 1519 0.2704
79 1520 0.5335
79 1522 0.1030
79 1523 0.1247
79 1525 0.1437
79 1526 0.1969
79 1527 0.1142
79 1528 0.0858
79 1529 0.1603
79 1530 0.1701
79 1531 0.1559
79 1532 0.1483
79 1535 0.0955
79 1536 0.1423
79 1537 0.1978
79 1538 0.1783
79 1540 0.3289
79 1541 0.3112
79 1542 0.1370
79 1544 0.3236
79 1545 0.1078
79 1546 0.0921
79 1547 0.1946
79 1548 0.0481
79 1549 0.1227
79 1550 0.1146
79 1551 0.1959
79 1552 0.1146
79 1553 0.2017
79 1554 0.1688
79 1555 0.1146
79 1556 0.1551
79 1557 0.1217
79 1560 0.1012
79 1562 0.2307
79 1565 0.0845
79 1566 0.0616
79 1567 0.1479
79 1568 0.2707
79 1569 0.3046
79 1570 0.1611
79 1571 0.3704
79 1572 0.2654
79 1573 0.3801
79 1574 0.2262
79 1575 0.1394
79 1576 0.1433
79 1577 0.3216
79 1578 0.1966
79 1579 0.2164
79 1580 0.1348
79 1582 0.2609
79 1583 0.2533
79 1584 0.2363
79 1585 0.0796
79 1586 0.2085
79 1587 0.1423
79 1588 0.1354
79 1589 0.1197
79 1590 0.2440
79 1591 0.2109
79 1592 0.1593
79 1593 0.1010
79 1594 0.0900
79 1595 0.2437
79 1596 0.2979
79 1597 0.1743
79 1598 0.1062
79 1599 0.1516
79 1600 0.1978
79 1601 0.1074
79 1602 0.2587
79 1603 0.1184
79 1604 0.1009
79 1605 0.1344
79 1606 0.1219
79 1607 0.0966
79 1608 0.3048
79 1609 0.2430
79 1610 0.1202
79 1611 0.1646
79 1612 0.0809
79 1613 0.1962
79 1614 0.1315
79 1615 0.1559
79 1616 0.2145
79 1617 0.1434
79 1618 0.5586
79 1619 0.4728
79 1620 0.2805
79 1621 0.3163
79 1622 0.2201
79 1623 0.1625
79 1624 0.0933
79 1625 0.1643
79 1626 0.1542
79 1628 0.1680
79 1629 0.1775
79 1630 0.4088
79 1631 0.0904
79 1632 0.0451
79 1633 0.1575
79 1634 0.1775
79 1635 0.1923
79 1636 0.1523
79 1637 0.1732
79 1638 0.2622
79 1639 0.1512
79 1640 0.1881
79 1641 0.0779
79 1642 0.1275
79 1643 0.1822
79 1644 0.0928
79 1645 0.1890
79 1646 0.1298
79 1647 0.2016
79 1648 0.0990
79 1649 0.3217
79 1650 0.2279
79 1651 0.1171
79 1652 0.0870
79 1653 0.4867
79 1654 0.1789
79 1655 0.1497
79 1656 0.1146
79 1657 0.1062
79 1658 0.0990
79 1659 0.1143
79 1660 0.1956
79 1661 0.4808
79 1662 0.2517
79 1663 0.3002
79 1664 0.0385
79 1665 0.3737
79 1666 0.1450
79 1667 0.4401
79 1668 0.5450
79 1669 0.3388
79 1670 0.1450
79 1671 0.2705
79 1672 0.3546
79 1673 0.0888
79 1674 0.2403
79 1675 0.3141
79 1676 0.3898
79 1677 0.3490
79 1678 0.3320
79 1679 0.3275
79 1680 0.1146
79 1681 0.1268
79 1682 0.2662
79 1683 0.4375
79 1684 0.1724
79 1685 0.4802
79 1686 0.2533
79 1687 0.2263
79 1688 0.2018
79 1689 0.8904
79 1690 0.1765
79 1691 0.6392
79 1692 0.6681
79 1694 0.5263
79 1695 0.2498
79 1696 0.2378
79 1697 0.2576
79 1698 0.2947
79 1699 0.2334
79 1700 0.2285
79 1701 0.1800
79 1702 0.1944
79 1703 0.1734
79 1704 0.1424
79 1705 0.1778
79 1706 0.1507
79 1707 0.2062
79 1708 0.1423
79 1709 0.3355
79 1710 0.1450
79 1711 0.0787
79 1712 0.9531
79 1713 0.2922
79 1714 0.3341
79 1715 0.1677
79 1716 0.2364
79 1717 0.8948
79 1718 0.2203
79 1719 0.1268
79 1720 0.2183
79 1721 0.1716
79 1722 0.2000
79 1723 0.1434
79 1724 0.2750
79 1725 0.2235
79 1726 0.1493
79 1727 0.2012
79 1728 0.2059
79 1729 0.2351
79 1730 0.1398
80 81 0.1521
80 82 0.0971
80 83 0.5235
80 84 0.4521
80 85 0.0484
80 86 0.2944
80 87 0.7868
80 88 0.3898
80 89 0.2267
80 90 0.7282
80 91 0.4380
80 92 0.2580
80 93 0.0820
80 94 0.1130
80 95 0.4553
80 96 0.2734
80 97 0.1490
80 98 0.1412
80 99 0.0835
80 100 0.6538
80 101 0.1386
80 102 0.1921
80 103 0.3489
80 104 0.1897
80 105 0.1496
80 106 0.1109
80 107 0.0617
80 108 0.1435
80 109 0.0692
80 110 0.1512
80 111 0.3810
80 112 0.1097
80 113 0.0712
80 114 0.0889
80 115 0.5006
80 116 0.1235
80 117 0.1224
80 119 0.1022
80 120 0.2634
80 121 0.1396
80 122 0.2609
80 123 0.3049
80 124 0.0792
80 125 0.1248
80 126 0.4263
80 127 0.4186
80 128 0.2350
80 129 0.1891
80 130 0.7678
80 131 0.0607
80 132 0.0812
80 133 0.1131
80 134 0.1700
80 135 0.2565
80 136 0.2404
80 137 0.0842
80 138 0.2364
80 139 0.1905
80 140 0.4339
80 142 0.5783
80 143 0.2849
80 144 0.3311
80 145 0.1223
80 146 0.4110
80 147 0.2343
80 148 0.2994
80 149 0.1279
80 150 0.8124
80 151 0.1612
80 152 0.5607
80 153 0.6609
80 154 0.2416
80 156 0.4773
80 157 0.1870
80 158 0.3595
80 159 0.3117
80 160 0.0998
80 161 0.1789
80 162 0.2964
80 163 0.1133
80 164 0.2336
80 165 0.1768
80 166 0.3470
80 167 0.2912
80 168 0.3412
80 169 0.0489
80 170 0.1035
80 171 0.5730
80 172 0.1751
80 173 0.7160
80 174 0.0896
80 175 0.1322
80 176 0.1076
80 177 0.1281
80 178 0.5643
80 179 0.2454
80 180 0.0799
80 181 0.1169
80 182 0.2833
80 183 0.4176
80 184 0.3509
80 185 0.4135
80 186 0.1086
80 187 0.2580
80 188 0.0606
80 189 0.2712
80 191 0.1257
80 192 0.1132
80 193 0.9339
80 194 0.4293
80 195 0.1539
80 196 0.2571
80 197 0.8651
80 198 0.1650
80 199 0.5410
80 200 0.1132
80 201 0.2418
80 202 0.1021
80 203 0.1440
80 204 0.2382
80 206 0.3874
80 207 0.1262
80 208 0.7318
80 209 0.7893
80 210 0.0627
80 211 0.1796
80 212 0.3578
80 213 0.1843
80 214 0.6437
80 215 0.1554
80 216 0.6020
80 217 0.7711
80 218 0.1612
80 219 0.1095
80 220 0.4546
80 221 0.1212
80 222 0.1358
80 223 0.3206
80 224 0.0617
80 225 0.1448
80 226 0.4744
80 227 0.1741
80 228 0.4221
80 229 0.1953
80 230 0.4693
80 231 0.2896
80 232 0.2864
80 233 0.0402
80 234 0.0656
80 235 0.3587
80 236 0.1009
80 237 0.7341
80 238 0.9214
80 239 0.1140
80 240 0.2750
80 241 0.3768
80 242 0.1061
80 243 0.1182
80 244 0.1618
80 245 0.1193
80 246 0.1186
80 247 0.3905
80 248 0.1171
80 249 0.5327
80 250 0.1369
80 251 0.1276
80 252 0.0826
80 253 0.1493
80 254 0.0850
80 255 0.3080
80 256 0.1572
80 257 0.0950
80 258 0.1387
80 259 0.1225
80 260 0.1131
80 261 0.0740
80 262 0.1278
80 263 0.3972
80 264 0.3117
80 265 0.1205
80 266 0.1020
80 267 0.2248
80 268 0.1146
80 269 0.2702
80 270 0.5083
80 271 0.1294
80 272 0.1091
80 273 0.0581
80 274 0.3680
80 275 0.0573
80 276 0.3150
80 277 0.0615
80 278 0.0802
80 279 0.0863
80 281 0.1300
80 282 0.1331
80 283 0.2038
80 284 0.2515
80 285 0.1489
80 286 0.2069
80 287 0.1318
80 288 0.1628
80 289 0.0778
80 290 0.2306
80 291 0.7997
80 292 0.8052
80 293 0.1337
80 294 0.8691
80 295 0.0961
80 296 0.2163
80 297 0.1315
80 298 0.2270
80 299 0.1777
80 300 0.2407
80 301 0.1528
80 302 0.3435
80 303 0.1044
80 304 0.0963
80 305 0.5360
80 306 0.1684
80 307 0.1288
80 308 0.2147
80 309 0.2551
80 310 0.4329
80 311 0.4939
80 313 0.1264
80 314 0.2229
80 315 0.2215
80 316 0.1688
80 317 0.1880
80 318 0.0902
80 319 0.8412
80 320 0.0916
80 321 0.4052
80 322 0.3596
80 323 0.1923
80 324 0.7269
80 325 0.0952
80 326 0.1551
80 327 0.1332
80 328 0.1594
80 329 0.2434
80 330 0.1585
80 331 0.2267
80 332 0.0842
80 333 0.1846
80 334 0.1132
80 335 0.1692
80 336 0.2378
80 337 0.2271
80 338 0.1448
80 339 0.0933
80 340 0.1244
80 341 0.2337
80 342 0.0791
80 343 0.0357
80 344 0.0670
80 345 0.1492
80 346 0.5035
80 347 0.1050
80 348 0.1857
80 349 0.1079
80 350 0.1323
80 351 0.1078
80 352 0.2579
80 353 0.1059
80 354 0.2349
80 355 0.1855
80 356 0.1046
80 357 0.2138
80 358 0.1016
80 359 0.0748
80 360 0.2280
80 361 0.1083
80 362 0.1108
80 363 0.0915
80 364 0.2865
80 366 0.0507
80 367 0.2667
80 368 0.0896
80 369 0.1444
80 370 0.3493
80 371 0.7173
80 372 0.0955
80 373 0.4485
80 374 0.0938
80 375 0.2370
80 376 0.7425
80 377 0.0605
80 378 0.2666
80 379 0.2470
80 380 0.4206
80 381 0.0931
80 382 0.2544
80 383 0.3971
80 384 0.1151
80 385 0.2873
80 386 0.1065
80 387 0.6578
80 388 0.1338
80 389 0.3135
80 390 0.0406
80 391 0.7472
80 392 0.2196
80 393 0.2834
80 394 0.1376
80 395 0.1143
80 396 0.8229
80 397 0.3827
80 398 0.0771
80 399 0.3986
80 400 0.2641
80 402 0.2717
80 403 0.7241
80 404 0.0686
80 405 0.1380
80 406 0.1860
80 407 0.1467
80 408 0.1004
80 409 0.7108
80 410 0.1448
80 411 0.2373
80 412 0.3940
80 413 0.1061
80 414 0.6461
80 415 0.1387
80 416 0.2396
80 417 0.1296
80 418 0.7551
80 419 0.1320
80 420 0.3169
80 421 0.1042
80 422 0.1093
80 423 0.0568
80 424 0.4916
80 425 0.7140
80 426 0.3143
80 427 0.6523
80 428 0.2972
80 429 0.1131
80 430 0.1538
80 432 0.0930
80 433 0.1179
80 434 0.2733
80 435 0.0736
80 436 0.1883
80 437 0.1021
80 438 0.2507
80 439 0.1692
80 440 0.1913
80 441 0.1138
80 442 0.1848
80 443 0.1452
80 444 0.1131
80 445 0.0795
80 447 0.2530
80 449 0.3810
80 450 0.1578
80 451 0.1824
80 452 0.0884
80 453 0.1131
80 454 0.4927
80 455 0.3156
80 456 0.0596
80 457 0.1273
80 458 0.5833
80 459 0.1108
80 460 0.4629
80 461 0.0867
80 462 0.1910
80 463 0.5960
80 464 0.0754
80 465 0.0530
80 466 0.4628
80 467 0.0655
80 468 0.1460
80 469 0.4776
80 470 0.8338
80 471 0.3385
80 472 0.0560
80 474 0.1607
80 475 0.2158
80 476 0.1579
80 478 0.0974
80 479 0.1038
80 480 0.1079
80 481 0.1105
80 482 0.1071
80 484 0.1686
80 485 0.0988
80 486 0.2353
80 487 0.1617
80 488 0.7323
80 489 0.0917
80 490 0.0766
80 491 0.0934
80 492 0.2261
80 493 0.2953
80 494 0.3317
80 495 0.2939
80 496 0.3235
80 497 0.4160
80 498 0.1270
80 499 0.3434
80 500 0.1057
80 501 0.1373
80 502 0.1225
80 503 0.3466
80 504 0.2202
80 505 0.0804
80 506 0.1464
80 507 0.0623
80 508 0.1532
80 509 0.0782
80 510 0.3295
80 511 0.2896
80 512 0.1363
80 513 0.6817
80 514 0.3569
80 515 0.1403
80 516 0.1595
80 517 0.0581
80 518 0.1906
80 519 0.1001
80 520 0.1211
80 521 0.1951
80 522 0.1980
80 523 0.1785
80 524 0.0976
80 525 0.1852
80 526 0.2234
80 527 0.2951
80 528 0.6574
80 529 0.0761
80 530 0.0788
80 531 0.1252
80 532 0.0531
80 533 0.1196
80 534 0.1210
80 535 0.2036
80 536 0.1445
80 537 0.1263
80 538 0.3854
80 539 0.1712
80 540 0.4831
80 541 0.5016
80 542 0.1492
80 543 0.2197
80 544 0.1438
80 545 0.2290
80 546 0.1622
80 547 0.1996
80 548 0.1584
80 549 0.6481
80 550 0.1390
80 551 0.2050
80 552 0.2820
80 553 0.5274
80 554 0.1161
80 555 0.4286
80 556 0.1255
80 557 0.5185
80 558 0.2510
80 559 0.1061
80 560 0.0819
80 561 0.0747
80 562 0.0833
80 563 0.9331
80 564 0.0845
80 565 0.2882
80 566 0.1252
80 567 0.1281
80 568 0.6512
80 569 0.0835
80 570 0.1433
80 571 0.7952
80 572 0.0656
80 573 0.2218
80 574 0.7982
80 575 0.1278
80 576 0.7330
80 577 0.3590
80 578 0.0731
80 579 0.3516
80 581 0.0710
80 582 0.0489
80 583 0.1068
80 584 0.7138
80 585 0.2251
80 586 0.2398
80 587 0.3139
80 589 0.1992
80 590 0.4902
80 591 0.0907
80 592 0.4630
80 593 0.0910
80 594 0.0872
80 595 0.1918
80 598 0.1051
80 599 0.1419
80 600 0.1584
80 601 0.1683
80 602 0.2158
80 604 0.1346
80 605 0.1229
80 606 0.0398
80 607 0.3241
80 608 0.6191
80 609 0.0704
80 610 0.0676
80 611 0.2019
80 612 0.2471
80 613 0.1331
80 614 0.3752
80 615 0.0840
80 616 0.3962
80 617 0.0873
80 618 0.0823
80 619 0.6431
80 620 0.0910
80 621 0.1509
80 622 0.1755
80 623 0.0950
80 624 0.1962
80 625 0.3342
80 626 0.2238
80 627 0.1658
80 628 0.1154
80 629 0.3770
80 630 0.1119
80 631 0.1514
80 632 0.7942
80 633 0.7905
80 634 0.0430
80 635 0.1282
80 636 0.3573
80 637 0.2819
80 638 0.2174
80 639 0.2187
80 640 0.1324
80 641 0.6688
80 642 0.0930
80 643 0.4338
80 644 0.4011
80 645 0.3247
80 646 0.0969
80 647 0.2202
80 648 0.0898
80 649 0.0704
80 650 0.1059
80 651 0.7936
80 652 0.5589
80 653 0.1233
80 654 0.5145
80 655 0.1091
80 656 0.0460
80 657 0.0571
80 658 0.1946
80 659 0.1692
80 660 0.1994
80 661 0.1692
80 662 0.1326
80 663 0.1304
80 664 0.0937
80 665 0.1391
80 666 0.0848
80 667 0.1487
80 668 0.6045
80 669 0.1483
80 670 0.1910
80 671 0.2854
80 672 0.0614
80 673 0.0722
80 674 0.0954
80 675 0.1131
80 676 0.2223
80 677 0.1910
80 678 0.1943
80 679 0.7113
80 680 0.0814
80 681 0.1412
80 682 0.1064
80 683 0.1188
80 684 0.1134
80 685 0.2921
80 686 0.4472
80 687 0.6734
80 688 0.2757
80 689 0.3283
80 690 0.1225
80 691 0.1998
80 692 0.0670
80 693 0.4329
80 694 0.0711
80 695 0.1904
80 696 0.1363
80 697 0.3597
80 698 0.1445
80 699 0.3288
80 700 0.2162
80 701 0.1019
80 702 0.7081
80 703 0.6061
80 704 0.6914
80 705 0.0771
80 706 0.1405
80 707 0.1398
80 708 0.1497
80 709 0.1363
80 710 0.1110
80 711 0.2726
80 712 0.1461
80 713 0.0966
80 714 0.3351
80 716 0.4329
80 717 0.1000
80 718 0.0944
80 720 0.0734
80 721 0.2360
80 722 0.1501
80 723 0.1392
80 724 0.1415
80 725 0.1019
80 726 0.6471
80 727 0.1798
80 728 0.8006
80 729 0.5995
80 731 0.2346
80 732 0.4388
80 733 0.2042
80 734 0.1955
80 735 0.2206
80 736 0.1128
80 737 0.2762
80 738 0.0756
80 740 0.2147
80 741 0.2261
80 742 0.0513
80 743 0.6087
80 744 0.7636
80 745 0.7768
80 746 0.3508
80 747 0.0868
80 748 0.3954
80 749 0.1461
80 750 0.1491
80 751 0.1450
80 752 0.9131
80 753 0.1833
80 754 0.1020
80 755 0.7311
80 756 0.1916
80 757 0.3733
80 758 0.2685
80 759 0.2184
80 760 0.0623
80 761 0.1474
80 762 0.1150
80 763 0.3461
80 764 0.2697
80 765 0.0911
80 766 0.1228
80 767 0.2252
80 768 0.3036
80 769 0.2770
80 770 0.1700
80 771 0.1175
80 772 0.2616
80 773 0.0765
80 774 0.2547
80 775 0.7320
80 776 0.6192
80 777 0.3383
80 778 0.1661
80 780 0.0981
80 781 0.2130
80 782 0.1562
80 783 0.4199
80 784 0.0614
80 785 0.1625
80 786 0.1497
80 787 0.2818
80 788 0.1131
80 789 0.1862
80 791 0.0824
80 792 0.1420
80 793 0.2066
80 794 0.0603
80 795 0.0507
80 796 0.1826
80 797 0.0775
80 798 0.1155
80 799 0.8328
80 800 0.1926
80 801 0.3668
80 802 0.1090
80 803 0.1182
80 804 0.4483
80 805 0.6425
80 806 0.1376
80 807 0.1584
80 808 0.1776
80 809 0.1134
80 810 0.4943
80 811 0.4333
80 812 0.2682
80 813 0.1516
80 814 0.3558
80 815 0.0728
80 816 0.0545
80 817 0.1280
80 818 0.1080
80 819 0.1241
80 820 0.1915
80 821 0.3207
80 822 0.0892
80 823 0.3130
80 824 0.3787
80 825 0.6212
80 827 0.7078
80 828 0.6723
80 829 0.5243
80 830 0.1608
80 831 0.7069
80 832 0.6490
80 833 0.1017
80 834 0.1826
80 835 0.0841
80 836 0.1829
80 838 0.7067
80 839 0.0975
80 840 0.0922
80 841 0.4005
80 842 0.0701
80 843 0.1578
80 844 0.1146
80 845 0.1649
80 846 0.6418
80 848 0.4657
80 849 0.7561
80 850 0.4329
80 851 0.9774
80 852 0.3979
80 853 0.4927
80 854 0.1514
80 855 0.1439
80 856 0.5265
80 857 0.6169
80 858 0.7608
80 859 0.1741
80 860 0.0853
80 861 0.1223
80 862 0.1407
80 864 0.6624
80 865 0.3358
80 866 0.3770
80 867 0.2180
80 868 0.2633
80 869 0.0830
80 870 0.7485
80 871 0.1363
80 872 0.9131
80 873 0.1910
80 874 0.0948
80 875 0.2021
80 876 0.1389
80 877 0.2261
80 878 0.0841
80 880 0.1698
80 881 0.0855
80 882 0.3009
80 883 0.2603
80 884 0.1232
80 885 0.0999
80 886 0.1835
80 887 0.8864
80 888 0.1536
80 889 0.2096
80 890 0.2182
80 891 0.1949
80 892 0.1847
80 893 0.2225
80 894 0.3620
80 895 0.6534
80 896 0.2035
80 898 0.0854
80 899 0.0592
80 900 0.1147
80 901 0.1614
80 903 0.1447
80 905 0.1261
80 906 0.4031
80 907 0.0581
80 908 0.2224
80 909 0.8293
80 910 0.1584
80 911 0.1961
80 912 0.1131
80 913 0.1841
80 914 0.1058
80 915 0.2186
80 916 0.0835
80 917 0.1275
80 918 0.6424
80 919 0.3230
80 920 0.3675
80 921 0.4494
80 922 0.1849
80 924 0.2450
80 925 0.1853
80 928 0.4291
80 929 0.3777
80 930 0.7957
80 932 0.1074
80 933 0.3460
80 934 0.2373
80 935 0.8510
80 936 0.2582
80 937 0.2986
80 938 0.2524
80 939 0.0917
80 940 0.3025
80 941 0.3322
80 942 0.7431
80 943 0.4683
80 944 0.0971
80 946 0.0927
80 947 0.7753
80 948 0.6252
80 949 0.0884
80 950 0.6610
80 951 0.1252
80 952 0.7720
80 953 0.3867
80 954 0.2561
80 955 0.1059
80 956 0.5349
80 957 0.0875
80 958 0.1416
80 959 0.1699
80 960 0.3794
80 961 0.1595
80 962 0.1078
80 963 0.2437
80 964 0.2138
80 965 0.0722
80 966 0.1333
80 967 0.0964
80 968 0.2031
80 969 0.2492
80 971 0.3246
80 972 0.2099
80 973 0.0980
80 974 0.5788
80 975 0.0833
80 976 0.0884
80 977 0.0897
80 978 0.6194
80 979 0.7659
80 980 0.1720
80 981 0.3007
80 982 0.1419
80 983 0.0674
80 984 0.3884
80 985 0.0581
80 986 0.1108
80 987 0.0317
80 989 0.1139
80 990 0.1016
80 991 0.1617
80 992 0.3165
80 993 0.9444
80 994 0.4013
80 995 0.8770
80 996 0.4997
80 998 0.1119
80 999 0.2202
80 1000 0.2242
80 1001 0.1576
80 1002 0.1053
80 1003 0.4843
80 1004 0.0989
80 1005 0.1467
80 1006 0.0942
80 1007 0.3244
80 1008 0.0519
80 1010 0.1802
80 1012 0.0929
80 1013 0.4258
80 1014 0.0862
80 1015 0.0725
80 1016 0.4636
80 1017 0.1400
80 1018 0.1212
80 1019 0.1200
80 1020 0.3040
80 1022 0.0772
80 1023 0.3019
80 1024 0.1562
80 1025 0.1374
80 1026 0.0849
80 1027 0.2537
80 1028 0.2414
80 1029 0.7245
80 1030 0.2366
80 1032 0.4238
80 1033 0.4534
80 1034 0.1101
80 1035 0.2202
80 1036 0.1160
80 1037 0.3298
80 1038 0.1176
80 1039 0.3016
80 1040 0.0897
80 1041 0.2445
80 1042 0.2065
80 1043 0.2127
80 1044 0.1051
80 1045 0.1240
80 1046 0.1864
80 1047 0.4563
80 1048 0.2918
80 1049 0.4972
80 1050 0.7298
80 1051 0.0825
80 1052 0.1591
80 1053 0.1013
80 1054 0.1992
80 1055 0.1043
80 1056 0.0727
80 1057 0.4307
80 1058 0.0819
80 1059 0.1292
80 1060 0.1304
80 1061 0.1254
80 1062 0.1782
80 1063 0.2436
80 1064 0.0270
80 1065 0.4767
80 1066 0.0694
80 1067 0.3837
80 1068 0.7943
80 1069 0.0812
80 1070 0.2306
80 1071 0.3098
80 1072 0.0810
80 1073 0.0924
80 1075 0.1139
80 1076 0.2404
80 1077 0.1887
80 1078 0.1200
80 1079 0.0658
80 1080 0.2121
80 1081 0.0874
80 1082 0.1258
80 1083 0.3390
80 1084 0.3560
80 1085 0.2516
80 1087 0.1470
80 1089 0.1681
80 1090 0.6001
80 1093 0.1816
80 1094 0.1621
80 1095 0.1135
80 1096 0.2042
80 1097 0.1612
80 1099 0.8455
80 1102 0.2600
80 1103 0.1283
80 1104 0.1052
80 1105 0.5940
80 1106 0.1780
80 1107 0.1377
80 1108 0.1798
80 1109 0.1776
80 1110 0.2472
80 1111 0.1327
80 1113 0.0950
80 1114 0.3628
80 1115 0.1032
80 1116 0.0694
80 1117 0.2695
80 1118 0.2575
80 1119 0.0550
80 1120 0.2797
80 1121 0.1331
80 1122 0.4137
80 1123 0.3965
80 1124 0.3696
80 1125 0.5192
80 1126 0.2676
80 1127 0.1604
80 1128 0.6068
80 1129 0.2031
80 1130 0.2033
80 1132 0.3909
80 1133 0.0932
80 1134 0.1532
80 1135 0.4463
80 1136 0.3446
80 1138 0.5498
80 1139 0.0835
80 1141 0.6856
80 1142 0.1235
80 1143 0.4605
80 1144 0.0798
80 1145 0.1030
80 1146 0.4309
80 1147 0.5911
80 1148 0.1901
80 1149 0.5758
80 1150 0.7354
80 1151 0.1648
80 1152 0.4561
80 1153 0.6645
80 1154 0.8492
80 1156 0.3828
80 1157 0.1865
80 1158 0.3437
80 1159 0.1229
80 1160 0.0755
80 1161 0.6436
80 1162 0.1237
80 1163 0.1053
80 1165 0.4795
80 1166 0.2017
80 1167 0.0701
80 1169 0.7755
80 1170 0.1019
80 1172 0.3608
80 1173 0.2120
80 1174 0.1231
80 1176 0.1073
80 1177 0.2141
80 1178 0.1315
80 1180 0.7538
80 1181 0.2275
80 1182 0.2394
80 1183 0.0841
80 1184 0.2129
80 1185 0.7391
80 1186 0.1581
80 1187 0.7137
80 1188 0.3443
80 1189 0.4853
80 1191 0.4864
80 1192 0.0760
80 1193 0.8081
80 1194 0.6828
80 1195 0.1304
80 1196 0.2298
80 1197 0.3825
80 1198 0.1837
80 1199 0.1134
80 1200 0.3679
80 1201 0.2221
80 1202 0.0536
80 1203 0.2445
80 1204 0.1907
80 1205 0.1910
80 1206 0.3923
80 1207 0.1726
80 1208 0.5591
80 1209 0.1518
80 1210 0.1228
80 1211 0.2929
80 1212 0.2348
80 1213 0.1702
80 1214 0.2013
80 1215 0.1097
80 1216 0.1616
80 1217 0.2816
80 1218 0.1536
80 1219 0.2108
80 1220 0.2251
80 1221 0.1647
80 1222 0.2205
80 1223 0.0989
80 1224 0.2986
80 1225 0.4109
80 1226 0.1393
80 1227 0.0800
80 1228 0.1326
80 1229 0.5220
80 1230 0.3283
80 1231 0.0376
80 1233 0.1564
80 1234 0.1076
80 1235 0.1227
80 1237 0.2160
80 1238 0.0871
80 1239 0.1228
80 1240 0.4292
80 1241 0.1793
80 1242 0.1378
80 1243 0.1119
80 1245 0.2850
80 1246 0.2568
80 1247 0.2424
80 1248 0.1097
80 1249 0.1225
80 1250 0.1189
80 1251 0.1088
80 1252 0.0872
80 1253 0.1459
80 1254 0.0759
80 1255 0.1025
80 1256 0.1181
80 1257 0.0759
80 1258 0.4590
80 1259 0.4812
80 1260 0.0683
80 1262 0.3885
80 1263 0.1625
80 1265 0.3388
80 1266 0.1227
80 1267 0.1064
80 1268 0.1874
80 1269 0.2037
80 1270 0.0601
80 1271 0.1188
80 1272 0.1349
80 1273 0.0743
80 1274 0.0804
80 1275 0.0627
80 1276 0.0953
80 1278 0.0968
80 1279 0.1487
80 1280 0.2187
80 1281 0.1592
80 1282 0.0604
80 1283 0.1011
80 1284 0.0815
80 1286 0.1309
80 1287 0.1309
80 1288 0.1727
80 1289 0.1136
80 1290 0.1153
80 1291 0.0576
80 1292 0.1625
80 1295 0.0726
80 1296 0.0800
80 1297 0.1860
80 1298 0.0896
80 1299 0.0960
80 1301 0.1227
80 1302 0.1131
80 1303 0.1083
80 1304 0.0982
80 1305 0.1211
80 1306 0.0963
80 1308 0.2163
80 1309 0.0937
80 1310 0.1007
80 1311 0.1031
80 1312 0.1129
80 1313 0.0841
80 1315 0.0778
80 1316 0.5588
80 1318 0.3126
80 1319 0.1038
80 1320 0.1037
80 1323 0.2154
80 1324 0.2164
80 1325 0.2822
80 1326 0.1096
80 1327 0.3124
80 1328 0.1084
80 1329 0.2415
80 1330 0.1885
80 1331 0.2699
80 1332 0.0840
80 1333 0.1330
80 1334 0.1237
80 1335 0.2068
80 1336 0.3158
80 1337 0.1288
80 1338 0.2611
80 1339 0.2566
80 1340 0.1124
80 1341 0.1862
80 1342 0.1075
80 1343 0.1822
80 1344 0.3121
80 1346 0.0540
80 1347 0.1490
80 1348 0.2082
80 1349 0.2771
80 1350 0.1329
80 1351 0.1878
80 1352 0.3995
80 1353 0.4430
80 1354 0.1474
80 1355 0.4430
80 1356 0.4794
80 1357 0.1297
80 1358 0.1084
80 1360 0.1205
80 1361 0.2291
80 1362 0.4048
80 1363 0.1227
80 1364 0.1131
80 1366 0.1847
80 1367 0.1130
80 1368 0.3044
80 1369 0.3847
80 1370 0.2050
80 1371 0.1519
80 1372 0.1197
80 1373 0.2528
80 1374 0.1040
80 1375 0.0639
80 1376 0.1131
80 1377 0.1016
80 1378 0.1964
80 1379 0.2386
80 1380 0.3408
80 1381 0.1662
80 1382 0.3250
80 1383 0.1461
80 1384 0.1131
80 1386 0.1550
80 1387 0.1394
80 1388 0.0909
80 1389 0.0756
80 1390 0.0271
80 1392 0.0863
80 1393 0.0891
80 1394 0.1928
80 1395 0.1131
80 1396 0.0826
80 1397 0.1597
80 1398 0.3130
80 1399 0.2650
80 1401 0.1660
80 1402 0.1827
80 1405 0.1830
80 1406 0.1124
80 1407 0.2287
80 1408 0.0759
80 1409 0.1772
80 1410 0.2059
80 1411 0.1342
80 1412 0.0798
80 1413 0.1293
80 1415 0.1131
80 1416 0.1246
80 1418 0.1955
80 1419 0.3779
80 1420 0.1359
80 1421 0.6859
80 1422 0.3897
80 1423 0.7024
80 1424 0.2149
80 1425 0.6333
80 1426 0.7254
80 1427 0.6622
80 1428 0.5230
80 1430 0.4329
80 1431 0.6712
80 1433 0.5278
80 1434 0.9745
80 1435 0.9212
80 1436 0.5107
80 1437 0.6961
80 1438 0.7634
80 1439 0.7551
80 1440 0.8060
80 1441 0.5471
80 1443 0.2092
80 1445 0.6191
80 1446 0.6644
80 1448 0.1315
80 1449 0.3131
80 1451 0.1930
80 1452 0.2688
80 1453 0.0826
80 1454 0.0835
80 1455 0.2297
80 1456 0.1129
80 1457 0.1098
80 1458 0.1268
80 1459 0.1378
80 1460 0.0998
80 1461 0.2302
80 1462 0.1446
80 1463 0.3228
80 1464 0.1389
80 1465 0.3716
80 1466 0.2182
80 1468 0.1915
80 1472 0.2050
80 1474 0.2127
80 1475 0.1965
80 1476 0.3954
80 1477 0.1713
80 1478 0.2547
80 1479 0.3594
80 1480 0.2660
80 1481 0.1549
80 1482 0.2277
80 1484 0.0833
80 1485 0.4235
80 1486 0.0826
80 1487 0.0911
80 1488 0.0841
80 1490 0.3201
80 1491 0.1130
80 1492 0.0581
80 1493 0.2021
80 1494 0.0886
80 1495 0.1395
80 1496 0.1382
80 1497 0.2918
80 1498 0.2526
80 1499 0.1607
80 1500 0.2435
80 1501 0.2292
80 1502 0.1656
80 1503 0.1086
80 1504 0.1645
80 1505 0.3194
80 1506 0.1634
80 1507 0.3899
80 1508 0.2329
80 1510 0.2953
80 1511 0.1294
80 1512 0.3936
80 1513 0.1399
80 1515 0.0841
80 1516 0.3707
80 1517 0.0800
80 1518 0.2518
80 1519 0.1019
80 1520 0.5189
80 1522 0.0832
80 1523 0.1461
80 1525 0.1094
80 1526 0.0667
80 1527 0.0898
80 1528 0.1722
80 1529 0.3027
80 1530 0.1180
80 1531 0.1482
80 1532 0.1505
80 1535 0.1781
80 1536 0.1131
80 1537 0.0976
80 1538 0.1014
80 1540 0.2414
80 1541 0.3591
80 1542 0.1436
80 1544 0.2749
80 1545 0.2143
80 1546 0.1101
80 1547 0.1551
80 1548 0.1014
80 1549 0.1245
80 1550 0.0835
80 1551 0.1015
80 1552 0.0835
80 1553 0.1689
80 1554 0.1749
80 1555 0.0835
80 1556 0.1065
80 1557 0.1149
80 1560 0.0911
80 1562 0.2604
80 1565 0.1142
80 1566 0.1526
80 1567 0.0889
80 1568 0.1523
80 1569 0.3541
80 1570 0.1080
80 1571 0.1178
80 1572 0.2402
80 1573 0.1952
80 1574 0.2202
80 1575 0.2952
80 1576 0.1287
80 1577 0.5620
80 1578 0.3022
80 1579 0.2785
80 1580 0.1944
80 1582 0.4580
80 1583 0.2919
80 1584 0.1570
80 1585 0.1260
80 1586 0.0833
80 1587 0.1131
80 1588 0.1507
80 1589 0.1491
80 1590 0.3494
80 1591 0.2862
80 1592 0.2101
80 1593 0.2235
80 1594 0.1019
80 1595 0.1226
80 1596 0.1625
80 1597 0.1855
80 1598 0.2484
80 1599 0.1265
80 1600 0.0826
80 1601 0.1242
80 1602 0.2706
80 1603 0.1296
80 1604 0.1252
80 1605 0.1225
80 1606 0.1977
80 1607 0.1910
80 1608 0.4166
80 1609 0.2291
80 1610 0.0820
80 1611 0.1734
80 1612 0.0756
80 1613 0.2446
80 1614 0.4088
80 1615 0.4545
80 1616 0.3044
80 1617 0.2457
80 1618 0.6648
80 1619 0.3686
80 1620 0.3216
80 1621 0.2069
80 1622 0.2779
80 1623 0.2184
80 1624 0.0627
80 1625 0.1648
80 1626 0.1637
80 1628 0.1811
80 1629 0.4056
80 1630 0.2621
80 1631 0.4007
80 1632 0.1808
80 1633 0.1501
80 1634 0.2869
80 1635 0.3410
80 1636 0.1468
80 1637 0.1254
80 1638 0.1738
80 1639 0.1791
80 1640 0.0999
80 1641 0.0799
80 1642 0.0821
80 1643 0.2206
80 1644 0.1483
80 1645 0.2346
80 1646 0.0833
80 1647 0.0686
80 1648 0.1852
80 1649 0.3472
80 1650 0.2574
80 1651 0.2539
80 1652 0.0832
80 1653 0.6854
80 1654 0.2481
80 1655 0.1282
80 1656 0.0835
80 1657 0.0826
80 1658 0.0841
80 1659 0.2162
80 1660 0.1519
80 1661 0.0717
80 1662 0.1020
80 1663 0.1276
80 1664 0.0800
80 1665 0.0489
80 1666 0.0785
80 1667 0.0833
80 1668 0.1286
80 1669 0.0791
80 1670 0.0785
80 1671 0.1624
80 1672 0.0707
80 1673 0.1030
80 1674 0.0830
80 1675 0.1911
80 1676 0.1713
80 1677 0.2536
80 1678 0.2757
80 1679 0.0956
80 1680 0.1910
80 1681 0.2068
80 1682 0.1320
80 1683 0.0637
80 1684 0.2013
80 1685 0.2002
80 1686 0.2919
80 1687 0.0989
80 1688 0.1282
80 1689 0.4460
80 1690 0.3092
80 1691 0.1086
80 1692 0.3196
80 1694 0.2298
80 1695 0.1724
80 1696 0.3764
80 1697 0.0784
80 1698 0.3397
80 1699 0.4767
80 1700 0.3683
80 1701 0.1937
80 1702 0.5989
80 1703 0.4784
80 1704 0.5388
80 1705 0.6191
80 1706 0.6659
80 1707 0.7796
80 1708 0.1131
80 1709 0.6485
80 1710 0.0785
80 1711 0.5537
80 1712 0.9972
80 1713 0.7333
80 1714 0.6920
80 1715 0.4796
80 1716 0.2210
80 1717 0.9896
80 1718 0.5859
80 1719 0.2068
80 1720 0.5716
80 1721 0.2883
80 1722 0.0835
80 1723 0.7154
80 1724 0.2575
80 1725 0.2130
80 1726 0.3562
80 1727 0.6169
80 1728 0.6074
80 1729 0.3377
80 1730 0.2224
81 82 0.0968
81 83 0.6941
81 84 0.8468
81 85 0.7366
81 86 0.3823
81 87 0.2099
81 88 0.1578
81 89 0.0578
81 90 0.9346
81 91 0.2708
81 92 0.2578
81 93 0.1619
81 94 0.5970
81 95 0.4157
81 96 0.1109
81 97 0.1339
81 98 0.3095
81 99 0.1679
81 100 0.1203
81 101 0.1595
81 102 0.1328
81 103 0.2431
81 104 0.4408
81 105 0.2350
81 106 0.1032
81 107 0.0764
81 108 0.1955
81 109 0.6576
81 110 0.0802
81 111 0.4793
81 112 0.1538
81 113 0.0939
81 114 0.0718
81 115 0.8169
81 116 0.8617
81 117 0.4898
81 119 0.2831
81 120 0.1926
81 121 0.2764
81 122 0.2310
81 123 0.1972
81 124 0.5275
81 125 0.2217
81 126 0.3359
81 127 0.0754
81 128 0.2336
81 129 0.1410
81 130 0.1490
81 131 0.1098
81 132 0.0915
81 133 0.0933
81 134 0.3370
81 135 0.5062
81 136 0.6048
81 137 0.6193
81 138 0.4354
81 139 0.0814
81 140 0.2078
81 142 0.3552
81 143 0.8666
81 144 0.4076
81 145 0.1064
81 146 0.4290
81 147 0.2781
81 148 0.5263
81 149 0.2637
81 150 0.1388
81 151 0.2043
81 152 0.8403
81 153 0.8492
81 154 0.7452
81 156 0.1285
81 157 0.2636
81 158 0.2781
81 159 0.3963
81 160 0.1770
81 161 0.0877
81 162 0.3365
81 163 0.2394
81 164 0.1451
81 165 0.1913
81 166 0.1736
81 167 0.1799
81 168 0.2003
81 169 0.0599
81 170 0.6323
81 171 0.2147
81 172 0.1718
81 173 0.0774
81 174 0.1093
81 175 0.7749
81 176 0.2314
81 177 0.3528
81 178 0.6864
81 179 0.5673
81 180 0.1581
81 181 0.0928
81 182 0.2724
81 183 0.2831
81 184 0.6625
81 185 0.5582
81 186 0.0639
81 187 0.3153
81 188 0.0858
81 189 0.1241
81 191 0.3275
81 192 0.1329
81 193 0.2692
81 194 0.7474
81 195 0.2247
81 196 0.3602
81 197 0.1507
81 198 0.2195
81 199 0.2492
81 200 0.3950
81 201 0.5204
81 202 0.3573
81 203 0.7534
81 204 0.4052
81 206 0.4740
81 207 0.1140
81 208 0.2169
81 209 0.0731
81 210 0.4826
81 211 0.0640
81 212 0.4809
81 213 0.0951
81 214 0.1066
81 215 0.8488
81 216 0.0894
81 217 0.1811
81 218 0.0591
81 219 0.0890
81 220 0.0919
81 221 0.1699
81 222 0.0914
81 223 0.3725
81 224 0.1104
81 225 0.0836
81 226 0.1678
81 227 0.1535
81 228 0.2056
81 229 0.2417
81 230 0.9281
81 231 0.1499
81 232 0.0881
81 233 0.7371
81 234 0.0637
81 235 0.3819
81 236 0.7079
81 237 0.0320
81 238 0.1421
81 239 0.0853
81 240 0.1393
81 241 0.5957
81 242 0.1079
81 243 0.0783
81 244 0.0969
81 245 0.1617
81 246 0.1027
81 247 0.1815
81 248 0.0585
81 249 0.1095
81 250 0.0980
81 251 0.5191
81 252 0.1087
81 253 0.4933
81 254 0.1258
81 255 0.1400
81 256 0.2806
81 257 0.0930
81 258 0.3359
81 259 0.0433
81 260 0.0933
81 261 0.5793
81 262 0.1144
81 263 0.0933
81 264 0.1473
81 265 0.6486
81 266 0.2411
81 267 0.0895
81 268 0.0731
81 269 0.1665
81 270 0.3987
81 271 0.2018
81 272 0.6335
81 273 0.1493
81 274 0.3681
81 275 0.0992
81 276 0.2879
81 277 0.6877
81 278 0.0865
81 279 0.0962
81 281 0.2072
81 282 0.3558
81 283 0.4265
81 284 0.1290
81 285 0.0833
81 286 0.1954
81 287 0.3510
81 288 0.0897
81 289 0.0487
81 290 0.1963
81 291 0.0770
81 292 0.3502
81 293 0.1250
81 294 0.3544
81 295 0.2560
81 296 0.3884
81 297 0.1834
81 298 0.1013
81 299 0.0588
81 300 0.2199
81 301 0.1589
81 302 0.0592
81 303 0.4162
81 304 0.1383
81 305 0.1133
81 306 0.1382
81 307 0.0859
81 308 0.1052
81 309 0.2566
81 310 0.1352
81 311 0.3638
81 313 0.3261
81 314 0.1473
81 315 0.1107
81 316 0.1340
81 317 0.0837
81 318 0.0969
81 319 0.4126
81 320 0.1923
81 321 0.1427
81 322 0.2076
81 323 0.2521
81 324 0.1350
81 325 0.0502
81 326 0.2315
81 327 0.2303
81 328 0.0928
81 329 0.1044
81 330 0.1960
81 331 0.1268
81 332 0.2359
81 333 0.1102
81 334 0.0444
81 335 0.1363
81 336 0.2486
81 337 0.1592
81 338 0.2260
81 339 0.0711
81 340 0.1348
81 341 0.1691
81 342 0.0988
81 343 0.3268
81 344 0.0873
81 345 0.0630
81 346 0.1611
81 347 0.6443
81 348 0.3382
81 349 0.1089
81 350 0.2343
81 351 0.0792
81 352 0.1257
81 353 0.2028
81 354 0.1249
81 355 0.1233
81 356 0.1245
81 357 0.1794
81 358 0.1575
81 359 0.1077
81 360 0.2219
81 361 0.1552
81 362 0.0641
81 363 0.0867
81 364 0.1061
81 366 0.0785
81 367 0.1456
81 368 0.0572
81 369 0.2038
81 370 0.3004
81 371 0.0431
81 372 0.1499
81 373 0.6069
81 374 0.1541
81 375 0.7752
81 376 0.0899
81 377 0.0849
81 378 0.2575
81 379 0.7644
81 380 0.3228
81 381 0.1411
81 382 0.1708
81 383 0.4340
81 384 0.0695
81 385 0.3540
81 386 0.3668
81 387 0.2453
81 388 0.2645
81 389 0.0961
81 390 0.3457
81 391 0.1359
81 392 0.3557
81 393 0.2457
81 394 0.1141
81 395 0.2831
81 396 0.4809
81 397 0.3898
81 398 0.0983
81 399 0.7219
81 400 0.2626
81 402 0.1229
81 403 0.0601
81 404 0.1393
81 405 0.0846
81 406 0.1579
81 407 0.0938
81 408 0.5155
81 409 0.0718
81 410 0.0663
81 411 0.4781
81 412 0.6483
81 413 0.0679
81 414 0.1565
81 415 0.6058
81 416 0.1474
81 417 0.0620
81 418 0.4644
81 419 0.1482
81 420 0.1066
81 421 0.1045
81 422 0.0547
81 423 0.7166
81 424 0.6162
81 425 0.1983
81 426 0.0892
81 427 0.1348
81 428 0.1005
81 429 0.0933
81 430 0.1469
81 432 0.0899
81 433 0.1110
81 434 0.3515
81 435 0.1394
81 436 0.7391
81 437 0.3573
81 438 0.8314
81 439 0.1370
81 440 0.0989
81 441 0.3103
81 442 0.1242
81 443 0.1091
81 444 0.0933
81 445 0.0885
81 447 0.0983
81 449 0.7867
81 450 0.0952
81 451 0.1383
81 452 0.1043
81 453 0.0933
81 454 0.5229
81 455 0.5229
81 456 0.5172
81 457 0.4891
81 458 0.1286
81 459 0.2064
81 460 0.3062
81 461 0.3817
81 462 0.0877
81 463 0.6297
81 464 0.7017
81 465 0.0800
81 466 0.5500
81 467 0.0869
81 468 0.0982
81 469 0.4019
81 470 0.0902
81 471 0.2878
81 472 0.0861
81 474 0.1414
81 475 0.2656
81 476 0.1731
81 478 0.1241
81 479 0.3528
81 480 0.1646
81 481 0.2177
81 482 0.1628
81 484 0.8261
81 485 0.0588
81 486 0.0918
81 487 0.1815
81 488 0.0472
81 489 0.1015
81 490 0.0682
81 491 0.0727
81 492 0.5613
81 493 0.1325
81 494 0.0787
81 495 0.5336
81 496 0.1133
81 497 0.2165
81 498 0.1453
81 499 0.4328
81 500 0.0475
81 501 0.1081
81 502 0.0433
81 503 0.2128
81 504 0.1107
81 505 0.6004
81 506 0.1385
81 507 0.0687
81 508 0.0640
81 509 0.3753
81 510 0.1402
81 511 0.3397
81 512 0.2093
81 513 0.0920
81 514 0.3501
81 515 0.2132
81 516 0.1514
81 517 0.1493
81 518 0.1805
81 519 0.0902
81 520 0.1335
81 521 0.1246
81 522 0.0715
81 523 0.0715
81 524 0.5148
81 525 0.1068
81 526 0.1634
81 527 0.7654
81 528 0.1076
81 529 0.0501
81 530 0.4428
81 531 0.1989
81 532 0.0939
81 533 0.1300
81 534 0.2272
81 535 0.3576
81 536 0.1077
81 537 0.1312
81 538 0.1841
81 539 0.4609
81 540 0.1690
81 541 0.1524
81 542 0.1142
81 543 0.3003
81 544 0.1553
81 545 0.3059
81 546 0.4829
81 547 0.2322
81 548 0.1412
81 549 0.1198
81 550 0.1041
81 551 0.0864
81 552 0.2875
81 553 0.6137
81 554 0.1255
81 555 0.6367
81 556 0.1182
81 557 0.5340
81 558 0.2941
81 559 0.0532
81 560 0.1305
81 561 0.6266
81 562 0.1061
81 563 0.1428
81 564 0.1285
81 565 0.4215
81 566 0.2488
81 567 0.4186
81 568 0.5697
81 569 0.0579
81 570 0.4610
81 571 0.5839
81 572 0.3982
81 573 0.2206
81 574 0.0883
81 575 0.1225
81 576 0.1347
81 577 0.1368
81 578 0.0920
81 579 0.7608
81 581 0.0758
81 582 0.1208
81 583 0.0912
81 584 0.0528
81 585 0.3116
81 586 0.2477
81 587 0.2412
81 589 0.3963
81 590 0.4852
81 591 0.0742
81 592 0.1941
81 593 0.2924
81 594 0.2116
81 595 0.1647
81 598 0.0878
81 599 0.2009
81 600 0.2695
81 601 0.6258
81 602 0.1103
81 604 0.1414
81 605 0.1167
81 606 0.3751
81 607 0.1791
81 608 0.0426
81 609 0.4296
81 610 0.1143
81 611 0.0798
81 612 0.2840
81 613 0.0795
81 614 0.2864
81 615 0.0905
81 616 0.1271
81 617 0.1094
81 618 0.1585
81 619 0.4710
81 620 0.1590
81 621 0.6172
81 622 0.1073
81 623 0.4342
81 624 0.0599
81 625 0.1909
81 626 0.0727
81 627 0.7378
81 628 0.2170
81 629 0.5378
81 630 0.1204
81 631 0.2040
81 632 0.1180
81 633 0.2694
81 634 0.0902
81 635 0.1638
81 636 0.1310
81 637 0.2528
81 638 0.1809
81 639 0.2257
81 640 0.1605
81 641 0.1280
81 642 0.0767
81 643 0.3083
81 644 0.1786
81 645 0.1731
81 646 0.1927
81 647 0.4328
81 648 0.1103
81 649 0.0727
81 650 0.4597
81 651 0.0690
81 652 0.1936
81 653 0.1438
81 654 0.1604
81 655 0.1638
81 656 0.5923
81 657 0.1043
81 658 0.6097
81 659 0.2025
81 660 0.0968
81 661 0.1736
81 662 0.1175
81 663 0.1323
81 664 0.1487
81 665 0.1026
81 666 0.0795
81 667 0.1206
81 668 0.2716
81 669 0.1853
81 670 0.0873
81 671 0.1118
81 672 0.2033
81 673 0.0632
81 674 0.0956
81 675 0.0933
81 676 0.3802
81 677 0.3027
81 678 0.2020
81 679 0.1412
81 680 0.0741
81 681 0.3201
81 682 0.0636
81 683 0.4430
81 684 0.4191
81 685 0.2444
81 686 0.2104
81 687 0.2086
81 688 0.3153
81 689 0.3352
81 690 0.0433
81 691 0.3708
81 692 0.0973
81 693 0.1352
81 694 0.0896
81 695 0.2395
81 696 0.1929
81 697 0.2178
81 698 0.2280
81 699 0.3306
81 700 0.0905
81 701 0.1312
81 702 0.2312
81 703 0.1602
81 704 0.1393
81 705 0.0679
81 706 0.1469
81 707 0.1252
81 708 0.2102
81 709 0.0677
81 710 0.2421
81 711 0.3039
81 712 0.0506
81 713 0.1167
81 714 0.4786
81 716 0.1352
81 717 0.1081
81 718 0.3020
81 720 0.1484
81 721 0.0836
81 722 0.1512
81 723 0.3442
81 724 0.0643
81 725 0.1312
81 726 0.4189
81 727 0.1136
81 728 0.0943
81 729 0.3031
81 731 0.1803
81 732 0.7065
81 733 0.2989
81 734 0.4291
81 735 0.1331
81 736 0.1657
81 737 0.4497
81 738 0.2271
81 740 0.7549
81 741 0.5315
81 742 0.5901
81 743 0.3987
81 744 0.1656
81 745 0.1598
81 746 0.1432
81 747 0.0842
81 748 0.2639
81 749 0.1132
81 750 0.6957
81 751 0.5904
81 752 0.1684
81 753 0.2699
81 754 0.4111
81 755 0.1497
81 756 0.0687
81 757 0.2166
81 758 0.2105
81 759 0.1923
81 760 0.0935
81 761 0.4540
81 762 0.0502
81 763 0.2049
81 764 0.1390
81 765 0.0575
81 766 0.1061
81 767 0.2929
81 768 0.2650
81 769 0.1226
81 770 0.6349
81 771 0.0732
81 772 0.1508
81 773 0.2336
81 774 0.0931
81 775 0.0479
81 776 0.2956
81 777 0.1659
81 778 0.3237
81 780 0.1114
81 781 0.0396
81 782 0.2337
81 783 0.3171
81 784 0.0577
81 785 0.1160
81 786 0.1233
81 787 0.1375
81 788 0.0933
81 789 0.3068
81 791 0.6755
81 792 0.0714
81 793 0.7491
81 794 0.0598
81 795 0.0785
81 796 0.0958
81 797 0.2110
81 798 0.1730
81 799 0.2337
81 800 0.6694
81 801 0.2630
81 802 0.0839
81 803 0.1245
81 804 0.2264
81 805 0.0916
81 806 0.1209
81 807 0.0647
81 808 0.1167
81 809 0.1695
81 810 0.0831
81 811 0.4634
81 812 0.2309
81 813 0.1337
81 814 0.2777
81 815 0.1041
81 816 0.2734
81 817 0.0426
81 818 0.1328
81 819 0.1075
81 820 0.1172
81 821 0.6167
81 822 0.0578
81 823 0.3256
81 824 0.1153
81 825 0.3459
81 827 0.1675
81 828 0.2871
81 829 0.8476
81 830 0.1021
81 831 0.1471
81 832 0.3343
81 833 0.1238
81 834 0.3719
81 835 0.1068
81 836 0.1788
81 838 0.1151
81 839 0.1045
81 840 0.0706
81 841 0.6184
81 842 0.0850
81 843 0.1464
81 844 0.0731
81 845 0.6899
81 846 0.0566
81 848 0.0932
81 849 0.0845
81 850 0.1352
81 851 0.5810
81 852 0.1230
81 853 0.1497
81 854 0.1027
81 855 0.2028
81 856 0.1562
81 857 0.1600
81 858 0.1866
81 859 0.1535
81 860 0.1382
81 861 0.1036
81 862 0.0829
81 864 0.0624
81 865 0.1101
81 866 0.1489
81 867 0.2198
81 868 0.3853
81 869 0.0868
81 870 0.0415
81 871 0.1523
81 872 0.8864
81 873 0.0877
81 874 0.1881
81 875 0.0968
81 876 0.1784
81 877 0.1517
81 878 0.0753
81 880 0.2235
81 881 0.0553
81 882 0.1405
81 883 0.1980
81 884 0.0614
81 885 0.1732
81 886 0.2537
81 887 0.3144
81 888 0.1572
81 889 0.4416
81 890 0.1842
81 891 0.1670
81 892 0.1114
81 893 0.2554
81 894 0.2482
81 895 0.4269
81 896 0.2459
81 898 0.0809
81 899 0.1063
81 900 0.0640
81 901 0.1286
81 903 0.2648
81 905 0.3318
81 906 0.1312
81 907 0.1493
81 908 0.4425
81 909 0.3361
81 910 0.0647
81 911 0.3955
81 912 0.0933
81 913 0.1736
81 914 0.0925
81 915 0.4020
81 916 0.0877
81 917 0.1530
81 918 0.1111
81 919 0.5846
81 920 0.5190
81 921 0.1019
81 922 0.2020
81 924 0.2864
81 925 0.0812
81 928 0.3868
81 929 0.5142
81 930 0.0838
81 932 0.0759
81 933 0.2258
81 934 0.1973
81 935 0.1120
81 936 0.5384
81 937 0.0971
81 938 0.2744
81 939 0.1015
81 940 0.3945
81 941 0.1299
81 942 0.0833
81 943 0.2002
81 944 0.2348
81 946 0.7415
81 947 0.1242
81 948 0.1331
81 949 0.0588
81 950 0.0748
81 951 0.2488
81 952 0.1329
81 953 0.7766
81 954 0.2143
81 955 0.2725
81 956 0.0836
81 957 0.4168
81 958 0.0809
81 959 0.2175
81 960 0.8492
81 961 0.0854
81 962 0.0705
81 963 0.0759
81 964 0.3771
81 965 0.4032
81 966 0.1098
81 967 0.0977
81 968 0.1935
81 969 0.5505
81 971 0.2203
81 972 0.2243
81 973 0.4556
81 974 0.9654
81 975 0.0629
81 976 0.0576
81 977 0.0620
81 978 0.3636
81 979 0.2826
81 980 0.4021
81 981 0.2254
81 982 0.1028
81 983 0.0704
81 984 0.1803
81 985 0.1493
81 986 0.2502
81 987 0.6604
81 989 0.3348
81 990 0.1935
81 991 0.1172
81 992 0.1047
81 993 0.3031
81 994 0.4472
81 995 0.2622
81 996 0.4327
81 998 0.1204
81 999 0.1462
81 1000 0.2861
81 1001 0.1216
81 1002 0.0950
81 1003 0.5747
81 1004 0.1174
81 1005 0.0938
81 1006 0.6853
81 1007 0.1100
81 1008 0.1602
81 1010 0.2208
81 1012 0.0982
81 1013 0.2506
81 1014 0.6228
81 1015 0.1187
81 1016 0.1220
81 1017 0.2548
81 1018 0.0673
81 1019 0.2743
81 1020 0.3262
81 1022 0.1385
81 1023 0.2759
81 1024 0.6722
81 1025 0.0891
81 1026 0.5083
81 1027 0.1791
81 1028 0.0917
81 1029 0.1538
81 1030 0.2423
81 1032 0.1533
81 1033 0.5180
81 1034 0.0592
81 1035 0.0960
81 1036 0.0419
81 1037 0.1717
81 1038 0.0846
81 1039 0.5550
81 1040 0.0620
81 1041 0.1080
81 1042 0.5829
81 1043 0.0333
81 1044 0.1345
81 1045 0.1665
81 1046 0.2417
81 1047 0.1371
81 1048 0.6096
81 1049 0.1413
81 1050 0.0700
81 1051 0.0607
81 1052 0.1404
81 1053 0.1045
81 1054 0.1285
81 1055 0.2247
81 1056 0.6326
81 1057 0.3947
81 1058 0.0857
81 1059 0.2858
81 1060 0.0801
81 1061 0.1442
81 1062 0.0958
81 1063 0.2857
81 1064 0.2030
81 1065 0.0828
81 1066 0.1376
81 1067 0.4604
81 1068 0.1040
81 1069 0.0915
81 1070 0.5258
81 1071 0.0983
81 1072 0.0704
81 1073 0.0934
81 1075 0.1583
81 1076 0.1331
81 1077 0.0931
81 1078 0.0767
81 1079 0.5874
81 1080 0.1272
81 1081 0.1431
81 1082 0.2169
81 1083 0.1725
81 1084 0.1087
81 1085 0.1551
81 1087 0.1489
81 1089 0.1847
81 1090 0.1644
81 1093 0.0866
81 1094 0.4187
81 1095 0.0921
81 1096 0.1036
81 1097 0.0877
81 1099 0.8147
81 1102 0.1854
81 1103 0.2933
81 1104 0.3229
81 1105 0.2857
81 1106 0.6052
81 1107 0.0714
81 1108 0.0726
81 1109 0.0958
81 1110 0.1312
81 1111 0.1231
81 1113 0.0930
81 1114 0.0939
81 1115 0.0588
81 1116 0.0952
81 1117 0.1172
81 1118 0.1368
81 1119 0.5624
81 1120 0.1254
81 1121 0.0827
81 1122 0.1607
81 1123 0.2856
81 1124 0.2639
81 1125 0.0719
81 1126 0.2464
81 1127 0.2304
81 1128 0.1925
81 1129 0.4983
81 1130 0.1252
81 1132 0.1962
81 1133 0.0908
81 1134 0.0887
81 1135 0.6029
81 1136 0.1039
81 1138 0.1047
81 1139 0.0877
81 1141 0.0571
81 1142 0.2406
81 1143 0.4513
81 1144 0.1231
81 1145 0.0775
81 1146 0.3740
81 1147 0.0877
81 1148 0.0924
81 1149 0.1453
81 1150 0.1397
81 1151 0.3540
81 1152 0.4893
81 1153 0.0830
81 1154 0.2900
81 1156 0.3740
81 1157 0.1441
81 1158 0.2886
81 1159 0.2744
81 1160 0.0789
81 1161 0.1461
81 1162 0.2549
81 1163 0.1290
81 1165 0.2506
81 1166 0.1036
81 1167 0.1239
81 1169 0.0902
81 1170 0.1312
81 1172 0.1531
81 1173 0.1556
81 1174 0.4574
81 1176 0.2857
81 1177 0.1596
81 1178 0.3366
81 1180 0.0823
81 1181 0.3312
81 1182 0.1135
81 1183 0.0964
81 1184 0.0867
81 1185 0.2805
81 1186 0.1227
81 1187 0.0838
81 1188 0.1628
81 1189 0.3458
81 1191 0.1216
81 1192 0.7097
81 1193 0.1087
81 1194 0.0617
81 1195 0.3690
81 1196 0.0961
81 1197 0.2166
81 1198 0.1479
81 1199 0.2145
81 1200 0.3775
81 1201 0.3591
81 1202 0.1039
81 1203 0.2063
81 1204 0.3668
81 1205 0.0877
81 1206 0.2070
81 1207 0.1850
81 1208 0.4469
81 1209 0.1028
81 1210 0.2142
81 1211 0.3092
81 1212 0.1780
81 1213 0.0948
81 1214 0.2112
81 1215 0.1232
81 1216 0.1164
81 1217 0.2793
81 1218 0.1572
81 1219 0.0857
81 1220 0.2282
81 1221 0.1186
81 1222 0.1139
81 1223 0.2194
81 1224 0.0971
81 1225 0.3651
81 1226 0.4696
81 1227 0.1232
81 1228 0.0886
81 1229 0.2568
81 1230 0.2850
81 1231 0.0461
81 1233 0.1039
81 1234 0.0757
81 1235 0.2359
81 1237 0.2164
81 1238 0.2052
81 1239 0.0840
81 1240 0.3237
81 1241 0.0789
81 1242 0.2820
81 1243 0.1204
81 1245 0.4127
81 1246 0.2353
81 1247 0.2336
81 1248 0.3501
81 1249 0.0433
81 1250 0.1488
81 1251 0.2025
81 1252 0.1041
81 1253 0.2576
81 1254 0.4408
81 1255 0.4188
81 1256 0.4457
81 1257 0.4408
81 1258 0.8235
81 1259 0.3902
81 1260 0.7071
81 1262 0.4586
81 1263 0.2268
81 1265 0.8146
81 1266 0.1347
81 1267 0.6921
81 1268 0.5517
81 1269 0.6313
81 1270 0.7319
81 1271 0.7594
81 1272 0.2275
81 1273 0.6670
81 1274 0.6800
81 1275 0.6448
81 1276 0.6100
81 1278 0.6180
81 1279 0.5577
81 1280 0.3004
81 1281 0.1208
81 1282 0.0655
81 1283 0.1178
81 1284 0.0586
81 1286 0.2281
81 1287 0.0546
81 1288 0.1317
81 1289 0.0637
81 1290 0.0966
81 1291 0.0488
81 1292 0.2660
81 1295 0.0722
81 1296 0.1227
81 1297 0.1724
81 1298 0.0476
81 1299 0.1105
81 1301 0.0712
81 1302 0.0933
81 1303 0.1077
81 1304 0.0686
81 1305 0.1542
81 1306 0.0578
81 1308 0.1773
81 1309 0.1354
81 1310 0.0948
81 1311 0.0868
81 1312 0.1000
81 1313 0.0958
81 1315 0.1017
81 1316 0.6604
81 1318 0.3742
81 1319 0.0626
81 1320 0.1222
81 1323 0.2312
81 1324 0.1364
81 1325 0.1710
81 1326 0.2778
81 1327 0.1504
81 1328 0.2760
81 1329 0.1509
81 1330 0.0924
81 1331 0.2550
81 1332 0.0835
81 1333 0.3730
81 1334 0.3623
81 1335 0.2814
81 1336 0.0834
81 1337 0.1314
81 1338 0.2688
81 1339 0.2759
81 1340 0.2717
81 1341 0.0770
81 1342 0.1780
81 1343 0.1319
81 1344 0.1281
81 1346 0.0751
81 1347 0.0864
81 1348 0.1240
81 1349 0.1535
81 1350 0.0631
81 1351 0.0856
81 1352 0.1707
81 1353 0.3632
81 1354 0.0958
81 1355 0.3632
81 1356 0.4701
81 1357 0.1416
81 1358 0.2760
81 1360 0.2661
81 1361 0.1450
81 1362 0.2727
81 1363 0.2948
81 1364 0.0933
81 1366 0.1114
81 1367 0.1388
81 1368 0.4090
81 1369 0.1844
81 1370 0.2707
81 1371 0.2189
81 1372 0.2394
81 1373 0.0768
81 1374 0.0674
81 1375 0.1624
81 1376 0.0933
81 1377 0.2966
81 1378 0.0877
81 1379 0.3620
81 1380 0.1467
81 1381 0.2295
81 1382 0.0637
81 1383 0.0677
81 1384 0.0933
81 1386 0.6971
81 1387 0.5428
81 1388 0.5642
81 1389 0.6354
81 1390 0.1962
81 1392 0.2037
81 1393 0.4499
81 1394 0.5333
81 1395 0.0933
81 1396 0.1368
81 1397 0.8203
81 1398 0.4919
81 1399 0.2829
81 1401 0.1297
81 1402 0.3122
81 1405 0.3130
81 1406 0.5668
81 1407 0.0766
81 1408 0.4408
81 1409 0.0987
81 1410 0.2177
81 1411 0.3998
81 1412 0.3336
81 1413 0.2774
81 1415 0.0933
81 1416 0.3457
81 1418 0.0476
81 1419 0.5849
81 1420 0.0965
81 1421 0.1064
81 1422 0.1192
81 1423 0.1521
81 1424 0.1448
81 1425 0.0745
81 1426 0.2953
81 1427 0.1138
81 1428 0.2261
81 1430 0.1352
81 1431 0.0287
81 1433 0.2049
81 1434 0.4258
81 1435 0.3811
81 1436 0.0862
81 1437 0.2015
81 1438 0.0641
81 1439 0.2991
81 1440 0.2929
81 1441 0.1131
81 1443 0.0750
81 1445 0.0426
81 1446 0.1729
81 1448 0.1757
81 1449 0.1324
81 1451 0.0818
81 1452 0.1202
81 1453 0.1087
81 1454 0.0877
81 1455 0.1044
81 1456 0.1119
81 1457 0.1685
81 1458 0.0979
81 1459 0.1503
81 1460 0.1054
81 1461 0.0983
81 1462 0.1430
81 1463 0.1042
81 1464 0.0843
81 1465 0.2337
81 1466 0.1529
81 1468 0.1016
81 1472 0.1800
81 1474 0.0333
81 1475 0.1142
81 1476 0.1316
81 1477 0.1108
81 1478 0.0931
81 1479 0.2761
81 1480 0.1824
81 1481 0.0961
81 1482 0.1533
81 1484 0.1619
81 1485 0.1816
81 1486 0.1087
81 1487 0.0996
81 1488 0.1068
81 1490 0.1239
81 1491 0.1664
81 1492 0.1493
81 1493 0.1255
81 1494 0.1806
81 1495 0.1312
81 1496 0.4312
81 1497 0.1000
81 1498 0.1720
81 1499 0.1414
81 1500 0.1543
81 1501 0.1068
81 1502 0.1715
81 1503 0.1537
81 1504 0.1327
81 1505 0.1473
81 1506 0.0661
81 1507 0.0897
81 1508 0.1454
81 1510 0.2775
81 1511 0.5095
81 1512 0.1447
81 1513 0.1246
81 1515 0.1068
81 1516 0.3154
81 1517 0.1036
81 1518 0.2532
81 1519 0.1019
81 1520 0.5751
81 1522 0.0901
81 1523 0.1132
81 1525 0.0846
81 1526 0.0795
81 1527 0.1103
81 1528 0.1363
81 1529 0.2018
81 1530 0.1125
81 1531 0.0609
81 1532 0.0937
81 1535 0.3008
81 1536 0.0933
81 1537 0.0798
81 1538 0.2909
81 1540 0.1298
81 1541 0.1379
81 1542 0.0784
81 1544 0.1186
81 1545 0.1041
81 1546 0.0391
81 1547 0.1893
81 1548 0.0752
81 1549 0.0833
81 1550 0.0877
81 1551 0.1470
81 1552 0.0877
81 1553 0.1026
81 1554 0.0998
81 1555 0.0877
81 1556 0.1416
81 1557 0.0766
81 1560 0.0575
81 1562 0.1384
81 1565 0.1223
81 1566 0.0812
81 1567 0.1348
81 1568 0.2105
81 1569 0.1381
81 1570 0.1529
81 1571 0.2190
81 1572 0.1416
81 1573 0.2465
81 1574 0.1962
81 1575 0.1089
81 1576 0.0752
81 1577 0.2429
81 1578 0.1222
81 1579 0.0933
81 1580 0.2032
81 1582 0.1855
81 1583 0.0913
81 1584 0.2412
81 1585 0.2489
81 1586 0.1619
81 1587 0.0933
81 1588 0.3263
81 1589 0.0831
81 1590 0.1817
81 1591 0.4088
81 1592 0.3126
81 1593 0.0998
81 1594 0.1312
81 1595 0.2472
81 1596 0.3390
81 1597 0.1923
81 1598 0.1087
81 1599 0.1783
81 1600 0.1056
81 1601 0.3330
81 1602 0.1680
81 1603 0.0854
81 1604 0.2488
81 1605 0.0433
81 1606 0.2777
81 1607 0.2345
81 1608 0.3722
81 1609 0.1450
81 1610 0.0566
81 1611 0.0782
81 1612 0.0520
81 1613 0.4672
81 1614 0.1051
81 1615 0.1274
81 1616 0.1853
81 1617 0.0969
81 1618 0.5197
81 1619 0.5101
81 1620 0.0551
81 1621 0.2552
81 1622 0.2839
81 1623 0.1295
81 1624 0.1278
81 1625 0.0778
81 1626 0.1196
81 1628 0.0747
81 1629 0.1271
81 1630 0.4487
81 1631 0.2418
81 1632 0.1087
81 1633 0.2285
81 1634 0.1170
81 1635 0.1087
81 1636 0.1090
81 1637 0.0800
81 1638 0.1089
81 1639 0.1314
81 1640 0.2828
81 1641 0.1179
81 1642 0.1610
81 1643 0.2691
81 1644 0.0888
81 1645 0.1753
81 1646 0.0688
81 1647 0.5342
81 1648 0.0753
81 1649 0.2927
81 1650 0.2719
81 1651 0.1237
81 1652 0.0631
81 1653 0.7140
81 1654 0.2938
81 1655 0.1433
81 1656 0.0877
81 1657 0.1087
81 1658 0.1068
81 1659 0.0905
81 1660 0.2213
81 1661 0.6210
81 1662 0.4857
81 1663 0.2531
81 1664 0.0885
81 1665 0.4201
81 1666 0.0920
81 1667 0.7007
81 1668 0.8681
81 1669 0.5364
81 1670 0.0920
81 1671 0.3452
81 1672 0.3053
81 1673 0.1065
81 1674 0.6851
81 1675 0.4079
81 1676 0.6292
81 1677 0.2642
81 1678 0.6176
81 1679 0.5127
81 1680 0.0930
81 1681 0.0708
81 1682 0.1497
81 1683 0.5007
81 1684 0.2535
81 1685 0.3090
81 1686 0.0913
81 1687 0.2099
81 1688 0.1207
81 1689 0.9518
81 1690 0.0705
81 1691 0.4961
81 1692 0.7270
81 1694 0.6468
81 1695 0.2746
81 1696 0.0714
81 1697 0.6482
81 1698 0.2929
81 1699 0.0828
81 1700 0.1073
81 1701 0.1317
81 1702 0.1252
81 1703 0.3109
81 1704 0.0446
81 1705 0.0426
81 1706 0.1156
81 1707 0.1053
81 1708 0.0933
81 1709 0.0936
81 1710 0.0920
81 1711 0.0709
81 1712 0.8161
81 1713 0.0831
81 1714 0.1979
81 1715 0.1251
81 1716 0.0808
81 1717 0.6807
81 1718 0.1451
81 1719 0.0708
81 1720 0.3793
81 1721 0.1511
81 1722 0.0877
81 1723 0.0684
81 1724 0.2181
81 1725 0.0396
81 1726 0.1715
81 1727 0.1600
81 1728 0.0843
81 1729 0.0871
81 1730 0.0805
82 83 0.5757
82 84 0.5163
82 85 0.1642
82 86 0.3861
82 87 0.2446
82 88 0.7241
82 89 0.1659
82 90 0.4002
82 91 0.6328
82 92 0.5704
82 93 0.4285
82 94 0.1570
82 95 0.1892
82 96 0.4214
82 97 0.1323
82 98 0.4634
82 99 0.7113
82 100 0.0811
82 101 0.3425
82 102 0.2490
82 103 0.7760
82 104 0.1597
82 105 0.2175
82 106 0.1396
82 107 0.4378
82 108 0.4936
82 109 0.2327
82 110 0.1347
82 111 0.5022
82 112 0.4818
82 113 0.2119
82 114 0.2480
82 115 0.2012
82 116 0.1156
82 117 0.2837
82 119 0.0862
82 120 0.7023
82 121 0.2410
82 122 0.7064
82 123 0.3199
82 124 0.1305
82 125 0.5077
82 126 0.3384
82 127 0.2735
82 128 0.4943
82 129 0.1986
82 130 0.2855
82 131 0.1554
82 132 0.1257
82 133 0.1814
82 134 0.8227
82 135 0.1389
82 136 0.5200
82 137 0.1532
82 138 0.4452
82 139 0.1323
82 140 0.6289
82 142 0.1974
82 143 0.1962
82 144 0.6862
82 145 0.8005
82 146 0.5727
82 147 0.6235
82 148 0.6528
82 149 0.1999
82 150 0.2007
82 151 0.4690
82 152 0.7480
82 153 0.3128
82 154 0.0992
82 156 0.1169
82 157 0.4905
82 158 0.3604
82 159 0.3205
82 160 0.4470
82 161 0.1062
82 162 0.6167
82 163 0.5145
82 164 0.5070
82 165 0.6885
82 166 0.2181
82 167 0.1980
82 168 0.3762
82 169 0.5614
82 170 0.2222
82 171 0.2790
82 172 0.1092
82 173 0.0367
82 174 0.3804
82 175 0.1562
82 176 0.4649
82 177 0.2771
82 178 0.3256
82 179 0.4220
82 180 0.1326
82 181 0.0591
82 182 0.7303
82 183 0.2446
82 184 0.4696
82 185 0.5490
82 186 0.3256
82 187 0.6859
82 188 0.0652
82 189 0.2283
82 191 0.1067
82 192 0.3557
82 193 0.2141
82 194 0.6148
82 195 0.5326
82 196 0.6834
82 197 0.2020
82 198 0.2346
82 199 0.3772
82 200 0.1729
82 201 0.2252
82 202 0.1147
82 203 0.0967
82 204 0.1299
82 206 0.5665
82 207 0.4067
82 208 0.1048
82 209 0.1121
82 210 0.0750
82 211 0.1277
82 212 0.2559
82 213 0.2552
82 214 0.2037
82 215 0.2331
82 216 0.2186
82 217 0.2335
82 218 0.1231
82 219 0.1043
82 220 0.1559
82 221 0.5057
82 222 0.1510
82 223 0.4703
82 224 0.1911
82 225 0.2334
82 226 0.2215
82 227 0.3071
82 228 0.3004
82 229 0.4743
82 230 0.3922
82 231 0.1658
82 232 0.4605
82 233 0.2124
82 234 0.6468
82 235 0.8387
82 236 0.1444
82 237 0.0741
82 238 0.1810
82 239 0.0897
82 240 0.3525
82 241 0.2960
82 242 0.2096
82 243 0.1303
82 244 0.4826
82 245 0.3687
82 246 0.3539
82 247 0.2727
82 248 0.0770
82 249 0.2120
82 250 0.3667
82 251 0.1566
82 252 0.1258
82 253 0.3740
82 254 0.2302
82 255 0.2131
82 256 0.4923
82 257 0.3059
82 258 0.1443
82 259 0.3574
82 260 0.1814
82 261 0.0663
82 262 0.2535
82 263 0.2570
82 264 0.3767
82 265 0.1523
82 266 0.1763
82 267 0.2815
82 268 0.2931
82 269 0.2208
82 270 0.3441
82 271 0.1144
82 272 0.0637
82 273 0.2461
82 274 0.3496
82 275 0.1497
82 276 0.8401
82 277 0.0789
82 278 0.0948
82 279 0.1181
82 281 0.1087
82 282 0.4546
82 283 0.3111
82 284 0.2466
82 285 0.2305
82 286 0.6747
82 287 0.5311
82 288 0.1026
82 289 0.1374
82 290 0.5953
82 291 0.0519
82 292 0.3194
82 293 0.0613
82 294 0.1611
82 295 0.4383
82 296 0.2726
82 297 0.5030
82 298 0.2761
82 299 0.1471
82 300 0.2744
82 301 0.2260
82 302 0.1181
82 303 0.2993
82 304 0.2270
82 305 0.1234
82 306 0.1868
82 307 0.1583
82 308 0.0949
82 309 0.4447
82 310 0.1104
82 311 0.1764
82 313 0.5609
82 314 0.1226
82 315 0.3817
82 316 0.2985
82 317 0.2887
82 318 0.5994
82 319 0.1857
82 320 0.1200
82 321 0.3411
82 322 0.1911
82 323 0.2118
82 324 0.1392
82 325 0.0992
82 326 0.1028
82 327 0.0716
82 328 0.1860
82 329 0.1881
82 330 0.1861
82 331 0.3960
82 332 0.4653
82 333 0.4060
82 334 0.1271
82 335 0.2378
82 336 0.2977
82 337 0.2028
82 338 0.4432
82 339 0.1397
82 340 0.2345
82 341 0.7903
82 342 0.2370
82 343 0.1672
82 344 0.1412
82 345 0.2858
82 346 0.3051
82 347 0.2446
82 348 0.0857
82 349 0.1225
82 350 0.5573
82 351 0.3945
82 352 0.1257
82 353 0.0849
82 354 0.4107
82 355 0.2326
82 356 0.0822
82 357 0.4015
82 358 0.3720
82 359 0.0697
82 360 0.3848
82 361 0.5178
82 362 0.5976
82 363 0.1754
82 364 0.4989
82 366 0.5518
82 367 0.4128
82 368 0.0999
82 369 0.1162
82 370 0.4019
82 371 0.1054
82 372 0.3965
82 373 0.5099
82 374 0.1919
82 375 0.2065
82 376 0.0870
82 377 0.2043
82 378 0.2843
82 379 0.3971
82 380 0.2475
82 381 0.4559
82 382 0.1125
82 383 0.7190
82 384 0.1454
82 385 0.3516
82 386 0.1583
82 387 0.2958
82 388 0.1167
82 389 0.1207
82 390 0.1082
82 391 0.0829
82 392 0.1668
82 393 0.5780
82 394 0.1931
82 395 0.0851
82 396 0.1351
82 397 0.0894
82 398 0.2848
82 399 0.5657
82 400 0.3977
82 402 0.1432
82 403 0.5089
82 404 0.4389
82 405 0.1390
82 406 0.2823
82 407 0.4224
82 408 0.2553
82 409 0.0690
82 410 0.1281
82 411 0.3283
82 412 0.3646
82 413 0.3104
82 414 0.2706
82 415 0.3133
82 416 0.4025
82 417 0.1253
82 418 0.3183
82 419 0.1998
82 420 0.3108
82 421 0.2886
82 422 0.0815
82 423 0.1060
82 424 0.6318
82 425 0.2511
82 426 0.3544
82 427 0.1575
82 428 0.3547
82 429 0.1814
82 430 0.3228
82 432 0.4008
82 433 0.4169
82 434 0.4985
82 435 0.3280
82 436 0.0723
82 437 0.1147
82 438 0.2190
82 439 0.3634
82 440 0.4289
82 441 0.4632
82 442 0.4279
82 443 0.1323
82 444 0.1814
82 445 0.0717
82 447 0.3826
82 449 0.2057
82 450 0.3431
82 451 0.3350
82 452 0.1106
82 453 0.1814
82 454 0.9673
82 455 0.1802
82 456 0.1358
82 457 0.1603
82 458 0.1625
82 459 0.0712
82 460 0.5963
82 461 0.0683
82 462 0.1296
82 463 0.2438
82 464 0.1133
82 465 0.1883
82 466 0.9452
82 467 0.1614
82 468 0.0929
82 469 0.2217
82 470 0.0873
82 471 0.7222
82 472 0.2336
82 474 0.3189
82 475 0.5540
82 476 0.5031
82 478 0.0905
82 479 0.2702
82 480 0.3539
82 481 0.3833
82 482 0.2308
82 484 0.2079
82 485 0.0764
82 486 0.2731
82 487 0.2574
82 488 0.0665
82 489 0.2399
82 490 0.1288
82 491 0.2786
82 492 0.2886
82 493 0.2726
82 494 0.2717
82 495 0.6356
82 496 0.5941
82 497 0.7144
82 498 0.2024
82 499 0.1080
82 500 0.2995
82 501 0.0889
82 502 0.3574
82 503 0.2970
82 504 0.2177
82 505 0.2475
82 506 0.4377
82 507 0.1070
82 508 0.3632
82 509 0.2534
82 510 0.3102
82 511 0.3225
82 512 0.2585
82 513 0.0898
82 514 0.4831
82 515 0.5394
82 516 0.4040
82 517 0.2461
82 518 0.1484
82 519 0.2216
82 520 0.1509
82 521 0.3360
82 522 0.1283
82 523 0.2870
82 524 0.2571
82 525 0.1206
82 526 0.3850
82 527 0.1879
82 528 0.0603
82 529 0.3224
82 530 0.0633
82 531 0.4340
82 532 0.1990
82 533 0.1010
82 534 0.3495
82 535 0.2331
82 536 0.2528
82 537 0.2026
82 538 0.1389
82 539 0.1870
82 540 0.3527
82 541 0.3883
82 542 0.2963
82 543 0.2324
82 544 0.5508
82 545 0.4181
82 546 0.6189
82 547 0.3377
82 548 0.2722
82 549 0.1110
82 550 0.2295
82 551 0.2778
82 552 0.6284
82 553 0.4942
82 554 0.1577
82 555 0.0949
82 556 0.0876
82 557 0.4698
82 558 0.3457
82 559 0.0723
82 560 0.1728
82 561 0.0994
82 562 0.1977
82 563 0.3382
82 564 0.2039
82 565 0.3648
82 566 0.3682
82 567 0.1001
82 568 0.8520
82 569 0.1288
82 570 0.1099
82 571 0.3335
82 572 0.1092
82 573 0.4848
82 574 0.0566
82 575 0.5133
82 576 0.0961
82 577 0.2282
82 578 0.0897
82 579 0.6212
82 581 0.3337
82 582 0.1426
82 583 0.0568
82 584 0.0456
82 585 0.4617
82 586 0.1213
82 587 0.3633
82 589 0.5980
82 590 0.8974
82 591 0.3659
82 592 0.1763
82 593 0.0856
82 594 0.1437
82 595 0.4095
82 598 0.2989
82 599 0.2433
82 600 0.4773
82 601 0.1613
82 602 0.3817
82 604 0.0839
82 605 0.2835
82 606 0.2641
82 607 0.3749
82 608 0.0345
82 609 0.2007
82 610 0.3625
82 611 0.4527
82 612 0.4285
82 613 0.2794
82 614 0.6688
82 615 0.0795
82 616 0.1774
82 617 0.0662
82 618 0.2996
82 619 0.5189
82 620 0.0651
82 621 0.3776
82 622 0.1427
82 623 0.3022
82 624 0.1011
82 625 0.1151
82 626 0.2255
82 627 0.1662
82 628 0.2682
82 629 0.4671
82 630 0.4651
82 631 0.7521
82 632 0.1153
82 633 0.1944
82 634 0.2366
82 635 0.3817
82 636 0.5038
82 637 0.7324
82 638 0.2776
82 639 0.4191
82 640 0.3978
82 641 0.0654
82 642 0.4095
82 643 0.1243
82 644 0.3914
82 645 0.3267
82 646 0.3424
82 647 0.1561
82 648 0.0667
82 649 0.1154
82 650 0.1683
82 651 0.0687
82 652 0.1623
82 653 0.5313
82 654 0.1865
82 655 0.2374
82 656 0.1837
82 657 0.1893
82 658 0.3146
82 659 0.3331
82 660 0.2423
82 661 0.1220
82 662 0.1896
82 663 0.3547
82 664 0.1950
82 665 0.0998
82 666 0.1299
82 667 0.2148
82 668 0.3333
82 669 0.3947
82 670 0.1362
82 671 0.4206
82 672 0.1198
82 673 0.0783
82 674 0.3670
82 675 0.1814
82 676 0.1886
82 677 0.1736
82 678 0.2607
82 679 0.1255
82 680 0.1709
82 681 0.2958
82 682 0.0687
82 683 0.0893
82 684 0.1375
82 685 0.3336
82 686 0.2693
82 687 0.4975
82 688 0.3686
82 689 0.4636
82 690 0.3574
82 691 0.1885
82 692 0.1701
82 693 0.1104
82 694 0.1586
82 695 0.7611
82 696 0.5029
82 697 0.2301
82 698 0.5803
82 699 0.4442
82 700 0.0760
82 701 0.4510
82 702 0.0563
82 703 0.1047
82 704 0.0929
82 705 0.3270
82 706 0.3503
82 707 0.2317
82 708 0.0947
82 709 0.4170
82 710 0.4209
82 711 0.7176
82 712 0.1905
82 713 0.3516
82 714 0.5335
82 716 0.1104
82 717 0.4949
82 718 0.3643
82 720 0.1751
82 721 0.2397
82 722 0.1738
82 723 0.0910
82 724 0.0994
82 725 0.4510
82 726 0.3786
82 727 0.2196
82 728 0.1791
82 729 0.0771
82 731 0.5436
82 732 0.1203
82 733 0.3333
82 734 0.5569
82 735 0.3456
82 736 0.8270
82 737 0.7936
82 738 0.2252
82 740 0.0968
82 741 0.2241
82 742 0.1369
82 743 0.6303
82 744 0.1810
82 745 0.0960
82 746 0.2191
82 747 0.2603
82 748 0.7556
82 749 0.1188
82 750 0.1792
82 751 0.2203
82 752 0.2294
82 753 0.3759
82 754 0.0664
82 755 0.1952
82 756 0.4085
82 757 0.1471
82 758 0.2417
82 759 0.4390
82 760 0.1429
82 761 0.0827
82 762 0.3022
82 763 0.3641
82 764 0.0779
82 765 0.0804
82 766 0.3125
82 767 0.4255
82 768 0.9224
82 769 0.2543
82 770 0.0903
82 771 0.1059
82 772 0.5147
82 773 0.0826
82 774 0.1992
82 775 0.0616
82 776 0.1169
82 777 0.5542
82 778 0.3912
82 780 0.4312
82 781 0.1522
82 782 0.2683
82 783 0.3992
82 784 0.1021
82 785 0.2619
82 786 0.4184
82 787 0.4643
82 788 0.1814
82 789 0.3124
82 791 0.1419
82 792 0.2564
82 793 0.1408
82 794 0.5660
82 795 0.5518
82 796 0.3820
82 797 0.2192
82 798 0.2122
82 799 0.1236
82 800 0.1508
82 801 0.2482
82 802 0.0850
82 803 0.3132
82 804 0.7589
82 805 0.0744
82 806 0.1489
82 807 0.3884
82 808 0.5296
82 809 0.3302
82 810 0.2105
82 811 0.4416
82 812 0.1208
82 813 0.6125
82 814 0.5213
82 815 0.2562
82 816 0.1699
82 817 0.1130
82 818 0.2119
82 819 0.1823
82 820 0.2280
82 821 0.0689
82 822 0.0716
82 823 0.7950
82 824 0.4152
82 825 0.6241
82 827 0.0981
82 828 0.4791
82 829 0.1957
82 830 0.1686
82 831 0.2192
82 832 0.2193
82 833 0.2643
82 834 0.3546
82 835 0.1206
82 836 0.4392
82 838 0.0840
82 839 0.3261
82 840 0.3237
82 841 0.1063
82 842 0.2742
82 843 0.3385
82 844 0.2931
82 845 0.0968
82 846 0.1381
82 848 0.2400
82 849 0.1286
82 850 0.1104
82 851 0.3257
82 852 0.2954
82 853 0.4022
82 854 0.0878
82 855 0.3612
82 856 0.3935
82 857 0.0932
82 858 0.3506
82 859 0.3071
82 860 0.0797
82 861 0.3304
82 862 0.0807
82 864 0.0551
82 865 0.2780
82 866 0.1519
82 867 0.7252
82 868 0.5661
82 869 0.3128
82 870 0.0653
82 871 0.1731
82 872 0.9920
82 873 0.1362
82 874 0.0750
82 875 0.0925
82 876 0.3764
82 877 0.1658
82 878 0.2162
82 880 0.5340
82 881 0.1042
82 882 0.4024
82 883 0.2224
82 884 0.3521
82 885 0.3945
82 886 0.1563
82 887 0.2238
82 888 0.4803
82 889 0.7699
82 890 0.0982
82 891 0.6080
82 892 0.1236
82 893 0.5465
82 894 0.1660
82 895 0.1276
82 896 0.0809
82 898 0.1631
82 899 0.1301
82 900 0.0887
82 901 0.3504
82 903 0.1439
82 905 0.4270
82 906 0.3666
82 907 0.2461
82 908 0.6155
82 909 0.2906
82 910 0.3501
82 911 0.3077
82 912 0.1814
82 913 0.4205
82 914 0.3016
82 915 0.8661
82 916 0.0845
82 917 0.3078
82 918 0.0604
82 919 0.0923
82 920 0.5103
82 921 0.0674
82 922 0.3169
82 924 0.4361
82 925 0.2629
82 928 0.2794
82 929 0.2121
82 930 0.0589
82 932 0.2367
82 933 0.5087
82 934 0.3759
82 935 0.1402
82 936 0.5353
82 937 0.2626
82 938 0.4855
82 939 0.2399
82 940 0.0939
82 941 0.1163
82 942 0.0749
82 943 0.2921
82 944 0.3292
82 946 0.0833
82 947 0.1005
82 948 0.0749
82 949 0.0655
82 950 0.0701
82 951 0.3682
82 952 0.2060
82 953 0.1774
82 954 0.4167
82 955 0.3148
82 956 0.1748
82 957 0.1389
82 958 0.2256
82 959 0.4956
82 960 0.3699
82 961 0.4145
82 962 0.0629
82 963 0.2613
82 964 0.3182
82 965 0.1035
82 966 0.2223
82 967 0.2022
82 968 0.8027
82 969 0.3250
82 971 0.4480
82 972 0.1408
82 973 0.1638
82 974 0.5733
82 975 0.0793
82 976 0.0935
82 977 0.0904
82 978 0.6937
82 979 0.2443
82 980 0.2527
82 981 0.4762
82 982 0.2335
82 983 0.1138
82 984 0.0932
82 985 0.2461
82 986 0.0686
82 987 0.2106
82 989 0.5272
82 990 0.1718
82 991 0.3470
82 992 0.1947
82 993 0.4615
82 994 0.9013
82 995 0.2510
82 996 0.1732
82 998 0.4651
82 999 0.1803
82 1000 0.1566
82 1001 0.1089
82 1002 0.2749
82 1003 0.6527
82 1004 0.2203
82 1005 0.4224
82 1006 0.1499
82 1007 0.3570
82 1008 0.2385
82 1010 0.1137
82 1012 0.2514
82 1013 0.2764
82 1014 0.1384
82 1015 0.2257
82 1016 0.0664
82 1017 0.3232
82 1018 0.0712
82 1019 0.0684
82 1020 0.3269
82 1022 0.3647
82 1023 0.3370
82 1024 0.0968
82 1025 0.1136
82 1026 0.0904
82 1027 0.2108
82 1028 0.1820
82 1029 0.1026
82 1030 0.5148
82 1032 0.2629
82 1033 0.3238
82 1034 0.1268
82 1035 0.1936
82 1036 0.1031
82 1037 0.2638
82 1038 0.1025
82 1039 0.2948
82 1040 0.0904
82 1041 0.2227
82 1042 0.1284
82 1043 0.2348
82 1044 0.2750
82 1045 0.4695
82 1046 0.4073
82 1047 0.0724
82 1048 0.0879
82 1049 0.0522
82 1050 0.0724
82 1051 0.1365
82 1052 0.1442
82 1053 0.1909
82 1054 0.0972
82 1055 0.2917
82 1056 0.0570
82 1057 0.3565
82 1058 0.0788
82 1059 0.1061
82 1060 0.1591
82 1061 0.0723
82 1062 0.1877
82 1063 0.4352
82 1064 0.1004
82 1065 0.0289
82 1066 0.4839
82 1067 0.6323
82 1068 0.1075
82 1069 0.1257
82 1070 0.2164
82 1071 0.3815
82 1072 0.0887
82 1073 0.1904
82 1075 0.4122
82 1076 0.3828
82 1077 0.1655
82 1078 0.2511
82 1079 0.1103
82 1080 0.2876
82 1081 0.0723
82 1082 0.6139
82 1083 0.3059
82 1084 0.0693
82 1085 0.4154
82 1087 0.0922
82 1089 0.4907
82 1090 0.1338
82 1093 0.3185
82 1094 0.2121
82 1095 0.0742
82 1096 0.0939
82 1097 0.1362
82 1099 0.9437
82 1102 0.2160
82 1103 0.7088
82 1104 0.5223
82 1105 0.2310
82 1106 0.1688
82 1107 0.3885
82 1108 0.1476
82 1109 0.2892
82 1110 0.2135
82 1111 0.0700
82 1113 0.3059
82 1114 0.3154
82 1115 0.2769
82 1116 0.2080
82 1117 0.3356
82 1118 0.1164
82 1119 0.0661
82 1120 0.2263
82 1121 0.2296
82 1122 0.5520
82 1123 0.4976
82 1124 0.3789
82 1125 0.0386
82 1126 0.3471
82 1127 0.1672
82 1128 0.3480
82 1129 0.2147
82 1130 0.3107
82 1132 0.5290
82 1133 0.1615
82 1134 0.2904
82 1135 0.8232
82 1136 0.2771
82 1138 0.0909
82 1139 0.0881
82 1141 0.0400
82 1142 0.1631
82 1143 0.5560
82 1144 0.1707
82 1145 0.1208
82 1146 0.4569
82 1147 0.0824
82 1148 0.1576
82 1149 0.1084
82 1150 0.2114
82 1151 0.3696
82 1152 0.6367
82 1153 0.0517
82 1154 0.1659
82 1156 0.1803
82 1157 0.1038
82 1158 0.4699
82 1159 0.3209
82 1160 0.1240
82 1161 0.0990
82 1162 0.5910
82 1163 0.2289
82 1165 0.3651
82 1166 0.2451
82 1167 0.1199
82 1169 0.0466
82 1170 0.4510
82 1172 0.3146
82 1173 0.1400
82 1174 0.1417
82 1176 0.3220
82 1177 0.4883
82 1178 0.2261
82 1180 0.1145
82 1181 0.3692
82 1182 0.0836
82 1183 0.1206
82 1184 0.2910
82 1185 0.1095
82 1186 0.4566
82 1187 0.1192
82 1188 0.4189
82 1189 0.4248
82 1191 0.0985
82 1192 0.1047
82 1193 0.0693
82 1194 0.1010
82 1195 0.4369
82 1196 0.2757
82 1197 0.3666
82 1198 0.2385
82 1199 0.1169
82 1200 0.5092
82 1201 0.5258
82 1202 0.3749
82 1203 0.3289
82 1204 0.3843
82 1205 0.1362
82 1206 0.1413
82 1207 0.2997
82 1208 0.3570
82 1209 0.2858
82 1210 0.4880
82 1211 0.5618
82 1212 0.4340
82 1213 0.3919
82 1214 0.3677
82 1215 0.4949
82 1216 0.4809
82 1217 0.5558
82 1218 0.4803
82 1219 0.3341
82 1220 0.0941
82 1221 0.4834
82 1222 0.4218
82 1223 0.6038
82 1224 0.2626
82 1225 0.9305
82 1226 0.8291
