313 711 0.3670
313 712 0.1991
313 713 0.1731
313 714 0.4104
313 715 0.2284
313 716 0.1490
313 718 0.4630
313 720 0.1228
313 721 0.2247
313 722 0.2253
313 723 0.1808
313 724 0.1896
313 726 0.4728
313 727 0.1228
313 728 0.4053
313 729 0.2011
313 731 0.1709
313 732 0.4679
313 733 0.2730
313 734 0.2085
313 735 0.2940
313 736 0.5568
313 737 0.4307
313 738 0.1431
313 740 0.2642
313 741 0.2343
313 743 0.2907
313 744 0.2145
313 748 0.5702
313 749 0.1696
313 750 0.2152
313 751 0.2837
313 752 0.6211
313 753 0.2194
313 754 0.1870
313 755 0.1757
313 756 0.2284
313 757 0.2981
313 758 0.3077
313 759 0.2244
313 760 0.2106
313 763 0.4493
313 764 0.2215
313 766 0.1228
313 767 0.2537
313 768 0.4930
313 769 0.2007
313 770 0.3121
313 771 0.1228
313 772 0.1490
313 773 0.1696
313 775 0.1994
313 776 0.4334
313 777 0.1755
313 778 0.4175
313 779 0.2025
313 780 0.1814
313 781 0.1731
313 782 0.2537
313 783 0.2184
313 785 0.1490
313 786 0.3535
313 787 0.1431
313 788 0.2025
313 789 0.4204
313 791 0.2022
313 792 0.1875
313 793 0.2791
313 794 0.2132
313 796 0.3492
313 797 0.1889
313 798 0.1490
313 799 0.2993
313 801 0.3693
313 803 0.1964
313 804 0.6384
313 805 0.2685
313 806 0.2901
313 807 0.2012
313 808 0.4459
313 809 0.4515
313 810 0.1954
313 811 0.5813
313 813 0.4141
313 814 0.1744
313 815 0.1731
313 816 0.1431
313 817 0.2127
313 818 0.1806
313 819 0.2537
313 821 0.2289
313 823 0.4729
313 824 0.1431
313 825 0.2660
313 827 0.3206
313 828 0.2857
313 829 0.2467
313 830 0.1798
313 831 0.3026
313 832 0.1934
313 834 0.3589
313 836 0.2802
313 838 0.2581
313 839 0.1431
313 840 0.1755
313 841 0.1490
313 843 0.2656
313 844 0.3487
313 845 0.1896
313 846 0.2139
313 848 0.1228
313 849 0.1431
313 851 0.5375
313 852 0.1731
313 853 0.4192
313 855 0.3565
313 856 0.2353
313 858 0.4884
313 860 0.2137
313 861 0.2515
313 865 0.1923
313 866 0.2426
313 867 0.2287
313 868 0.2153
313 869 0.3009
313 872 0.5968
313 874 0.1820
313 875 0.1705
313 876 0.2226
313 878 0.2478
313 880 0.2537
313 882 0.1731
313 883 0.2442
313 884 0.1490
313 885 0.1228
313 886 0.2353
313 887 0.3197
313 889 0.2342
313 891 0.5911
313 893 0.2852
313 894 0.2025
313 895 0.3240
313 897 0.1490
313 898 0.1991
313 900 0.2178
313 901 0.1744
313 903 0.3653
313 905 0.2529
313 906 0.1490
313 907 0.1490
313 908 0.1731
313 909 0.4779
313 912 0.1731
313 913 0.1755
313 914 0.2049
313 915 0.4874
313 916 0.1431
313 918 0.4747
313 919 0.2226
313 920 0.3136
313 921 0.4688
313 922 0.2979
313 925 0.1490
313 928 0.1808
313 929 0.1490
313 930 0.1874
313 932 0.2496
313 934 0.1731
313 935 0.1731
313 936 0.2084
313 938 0.2379
313 939 0.1896
313 940 0.2438
313 941 0.2410
313 942 0.3692
313 943 0.1818
313 944 0.1814
313 946 0.3591
313 947 0.2402
313 951 0.2537
313 952 0.4249
313 953 0.5914
313 954 0.3113
313 955 0.1790
313 956 0.1933
313 957 0.1896
313 958 0.1991
313 959 0.1864
313 960 0.5418
313 961 0.2206
313 962 0.1490
313 964 0.2478
313 966 0.2008
313 968 0.4368
313 969 0.2433
313 971 0.3221
313 972 0.1731
313 973 0.2745
313 974 0.9440
313 975 0.2342
313 976 0.2010
313 977 0.2668
313 978 0.1818
313 979 0.4800
313 980 0.2008
313 981 0.1228
313 982 0.2542
313 983 0.1755
313 984 0.1649
313 987 0.2837
313 989 0.1951
313 990 0.2353
313 992 0.1995
313 993 0.5684
313 994 0.7542
313 995 0.3365
313 996 0.1731
313 998 0.1661
313 999 0.2022
313 1000 0.2382
313 1001 0.2312
313 1002 0.3241
313 1003 0.3152
313 1004 0.6301
313 1005 0.2342
313 1006 0.2837
313 1007 0.5470
313 1008 0.2593
313 1010 0.1490
313 1012 0.1731
313 1013 0.3257
313 1014 0.3310
313 1015 0.2772
313 1017 0.2195
313 1018 0.1896
313 1019 0.1755
313 1020 0.3231
313 1022 0.1228
313 1023 0.1671
313 1025 0.1755
313 1026 0.1755
313 1027 0.2065
313 1028 0.2293
313 1029 0.1683
313 1030 0.4686
313 1031 0.3487
313 1032 0.2153
313 1033 0.1818
313 1035 0.2153
313 1036 0.1696
313 1037 0.1431
313 1038 0.1228
313 1039 0.1755
313 1040 0.1714
313 1041 0.1431
313 1042 0.3380
313 1043 0.1228
313 1045 0.2008
313 1047 0.2062
313 1048 0.3218
313 1049 0.2096
313 1050 0.2450
313 1051 0.1869
313 1055 0.2229
313 1056 0.1490
313 1057 0.3189
313 1059 0.2520
313 1060 0.3696
313 1061 0.2930
313 1062 0.1755
313 1063 0.4877
313 1066 0.2779
313 1067 0.3919
313 1068 0.5103
313 1069 0.1431
313 1070 0.2465
313 1072 0.1755
313 1075 0.2194
313 1079 0.1714
313 1080 0.1963
313 1082 0.4586
313 1083 0.4834
313 1084 0.1228
313 1087 0.1490
313 1089 0.2436
313 1090 0.2132
313 1091 0.1431
313 1092 0.1705
313 1093 0.1793
313 1094 0.1896
313 1095 0.2442
313 1097 0.1228
313 1099 0.5979
313 1104 0.1766
313 1105 0.3683
313 1106 0.1955
313 1107 0.2606
313 1108 0.2062
313 1110 0.1967
313 1111 0.1696
313 1115 0.1705
313 1116 0.2585
313 1117 0.1709
313 1118 0.1755
313 1122 0.1490
313 1123 0.1490
313 1124 0.2442
313 1125 0.1939
313 1126 0.1431
313 1127 0.1820
313 1128 0.3242
313 1129 0.2196
313 1130 0.1896
313 1132 0.2470
313 1134 0.1940
313 1135 0.6061
313 1136 0.2025
313 1138 0.2747
313 1139 0.1228
313 1141 0.1994
313 1142 0.1768
313 1143 0.1848
313 1145 0.2537
313 1146 0.2225
313 1147 0.1927
313 1148 0.1955
313 1149 0.1746
313 1150 0.3710
313 1151 0.2353
313 1152 0.6143
313 1153 0.2062
313 1154 0.5292
313 1156 0.2745
313 1157 0.1800
313 1158 0.1228
313 1159 0.2108
313 1160 0.2505
313 1161 0.1714
313 1162 0.1996
313 1163 0.5234
313 1166 0.2328
313 1167 0.2022
313 1169 0.1431
313 1173 0.1431
313 1176 0.1228
313 1180 0.2000
313 1181 0.2284
313 1182 0.2478
313 1186 0.2057
313 1187 0.2353
313 1188 0.2065
313 1189 0.2442
313 1191 0.1490
313 1192 0.1228
313 1193 0.1994
313 1194 0.1957
313 1195 0.2738
313 1198 0.2143
313 1200 0.2009
313 1201 0.1818
313 1203 0.1228
313 1204 0.1431
313 1206 0.3033
313 1207 0.2284
313 1208 0.1490
313 1209 0.3487
313 1210 0.2115
313 1211 0.3595
313 1212 0.2596
313 1214 0.1755
313 1217 0.1894
313 1218 0.1940
313 1220 0.1755
313 1221 0.2834
313 1224 0.2025
313 1225 0.5224
313 1226 0.4227
313 1227 0.3487
313 1228 0.1490
313 1229 0.2268
313 1231 0.2132
313 1235 0.1490
313 1236 0.1490
313 1237 0.1814
313 1238 0.3487
313 1239 0.2315
313 1240 0.1490
313 1241 0.3487
313 1245 0.1755
313 1246 0.1431
313 1247 0.2526
313 1249 0.3487
313 1250 0.2209
313 1251 0.2131
313 1252 0.3487
313 1255 0.2508
313 1256 0.1490
313 1258 0.4214
313 1259 0.1840
313 1260 0.2969
313 1262 0.1998
313 1263 0.2127
313 1265 0.2266
313 1268 0.1840
313 1269 0.2520
313 1270 0.3206
313 1271 0.3007
313 1272 0.2987
313 1273 0.1744
313 1274 0.1714
313 1275 0.2266
313 1276 0.2371
313 1279 0.1755
313 1280 0.2374
313 1282 0.1692
313 1283 0.2258
313 1284 0.1753
313 1286 0.1731
313 1287 0.2178
313 1288 0.2293
313 1291 0.2830
313 1292 0.6945
313 1293 0.1696
313 1297 0.2342
313 1298 0.5022
313 1299 0.2636
313 1300 0.1228
313 1301 0.1696
313 1302 0.1755
313 1303 0.5574
313 1304 0.1705
313 1305 0.2639
313 1306 0.2745
313 1307 0.1228
313 1308 0.1490
313 1310 0.1696
313 1313 0.2249
313 1315 0.1490
313 1316 0.6680
313 1319 0.1731
313 1320 0.2353
313 1322 0.1824
313 1323 0.1731
313 1324 0.2322
313 1326 0.1228
313 1327 0.2353
313 1328 0.1731
313 1330 0.1963
313 1331 0.2106
313 1333 0.2293
313 1334 0.1991
313 1335 0.1840
313 1336 0.1490
313 1339 0.2284
313 1340 0.2108
313 1341 0.1431
313 1342 0.4669
313 1343 0.2008
313 1344 0.2745
313 1345 0.1431
313 1346 0.3487
313 1347 0.1228
313 1348 0.1814
313 1352 0.2038
313 1357 0.1661
313 1361 0.1991
313 1362 0.1755
313 1363 0.1490
313 1365 0.1755
313 1367 0.2832
313 1368 0.1731
313 1369 0.3321
313 1370 0.4675
313 1372 0.1755
313 1375 0.4478
313 1376 0.1490
313 1377 0.2132
313 1382 0.1906
313 1384 0.1490
313 1385 0.1490
313 1386 0.2009
313 1387 0.2022
313 1388 0.2025
313 1389 0.3357
313 1390 0.2514
313 1392 0.1943
313 1394 0.3037
313 1395 0.1731
313 1397 0.1955
313 1398 0.2537
313 1401 0.2414
313 1402 0.1490
313 1405 0.2049
313 1408 0.1228
313 1409 0.1808
313 1410 0.1955
313 1411 0.1490
313 1412 0.2085
313 1415 0.2906
313 1416 0.2795
313 1419 0.1731
313 1421 0.2668
313 1422 0.2315
313 1423 0.2426
313 1426 0.4597
313 1427 0.1994
313 1428 0.2001
313 1430 0.1657
313 1433 0.1817
313 1434 0.5989
313 1435 0.5070
313 1437 0.2629
313 1439 0.3156
313 1440 0.4713
313 1441 0.1731
313 1446 0.1228
313 1448 0.2382
313 1449 0.2127
313 1452 0.1731
313 1453 0.1228
313 1455 0.1755
313 1456 0.2403
313 1457 0.2507
313 1460 0.2353
313 1461 0.1228
313 1462 0.2009
313 1464 0.2032
313 1466 0.1999
313 1468 0.1967
313 1472 0.1755
313 1474 0.1808
313 1475 0.1955
313 1476 0.1228
313 1477 0.2674
313 1479 0.2354
313 1480 0.1228
313 1484 0.2153
313 1485 0.2600
313 1487 0.2030
313 1490 0.2602
313 1491 0.2353
313 1493 0.2127
313 1494 0.2106
313 1495 0.1907
313 1496 0.2598
313 1497 0.1490
313 1499 0.1490
313 1500 0.1889
313 1501 0.2382
313 1503 0.3249
313 1504 0.2358
313 1505 0.1490
313 1506 0.1731
313 1507 0.1755
313 1508 0.1490
313 1510 0.1228
313 1512 0.1755
313 1514 0.1490
313 1516 0.2537
313 1517 0.1431
313 1519 0.5159
313 1520 0.5855
313 1522 0.4981
313 1526 0.3410
313 1528 0.1666
313 1529 0.2519
313 1530 0.2246
313 1531 0.1431
313 1532 0.2353
313 1534 0.1755
313 1535 0.2408
313 1537 0.2553
313 1538 0.2571
313 1541 0.2204
313 1544 0.2305
313 1545 0.2315
313 1546 0.2025
313 1547 0.3922
313 1548 0.1731
313 1549 0.1871
313 1550 0.2989
313 1551 0.3155
313 1554 0.1954
313 1562 0.1431
313 1565 0.1954
313 1567 0.2526
313 1568 0.1228
313 1569 0.1744
313 1570 0.1671
313 1571 0.1481
313 1572 0.2194
313 1573 0.2552
313 1574 0.1755
313 1579 0.2200
313 1580 0.1228
313 1581 0.1671
313 1583 0.1228
313 1585 0.1792
313 1586 0.2353
313 1587 0.1755
313 1588 0.1840
313 1590 0.2127
313 1591 0.1490
313 1593 0.2827
313 1594 0.2277
313 1595 0.1755
313 1597 0.1875
313 1598 0.1717
313 1603 0.1877
313 1604 0.1431
313 1605 0.3545
313 1606 0.2719
313 1608 0.1864
313 1609 0.2025
313 1611 0.1228
313 1612 0.1967
313 1613 0.2687
313 1614 0.1731
313 1616 0.2009
313 1618 0.3945
313 1619 0.1431
313 1620 0.2416
313 1621 0.4609
313 1622 0.7536
313 1623 0.2547
313 1624 0.2874
313 1628 0.1731
313 1629 0.1755
313 1630 0.1975
313 1633 0.1228
313 1634 0.4661
313 1636 0.1731
313 1637 0.2508
313 1640 0.2769
313 1642 0.1731
313 1643 0.1755
313 1645 0.1490
313 1646 0.1896
313 1647 0.1820
313 1649 0.1731
313 1650 0.1975
313 1651 0.1431
313 1653 0.1481
313 1655 0.1431
313 1656 0.1431
313 1660 0.2745
313 1661 0.2332
313 1664 0.3153
313 1665 0.2342
313 1666 0.1490
313 1667 0.2127
313 1668 0.3572
313 1669 0.1955
313 1672 0.2152
313 1677 0.1755
313 1678 0.1731
313 1679 0.1228
313 1681 0.1490
313 1682 0.1896
313 1683 0.3566
313 1686 0.2386
313 1687 0.1815
313 1688 0.1490
313 1689 0.8677
313 1690 0.1755
313 1691 0.1949
313 1692 0.1864
313 1693 0.1731
313 1694 0.3198
313 1696 0.1731
313 1698 0.2022
313 1700 0.1864
313 1701 0.2342
313 1702 0.2349
313 1703 0.1490
313 1704 0.1894
313 1705 0.2062
313 1706 0.2062
313 1707 0.2413
313 1708 0.2512
313 1711 0.1490
313 1712 0.7089
313 1713 0.4745
313 1714 0.2447
313 1715 0.2096
313 1716 0.2263
313 1717 0.7341
313 1718 0.2512
313 1721 0.2342
313 1724 0.1431
313 1725 0.1228
313 1726 0.1490
313 1730 0.1431
314 315 0.1927
314 316 0.1927
314 317 0.1927
314 318 0.2243
314 319 0.1897
314 320 0.4231
314 321 0.1993
314 322 0.2054
314 323 0.3369
314 324 0.5216
314 325 0.1823
314 326 0.2171
314 327 0.1980
314 328 0.8128
314 329 0.1981
314 331 0.1980
314 332 0.2278
314 333 0.1637
314 334 0.7600
314 336 0.1915
314 337 0.1930
314 338 0.1986
314 339 0.5717
314 340 0.9202
314 341 0.2601
314 342 0.7062
314 343 0.2211
314 344 0.7966
314 346 0.1902
314 347 0.2379
314 348 0.2060
314 349 0.6566
314 350 0.1983
314 352 0.2156
314 353 0.2082
314 354 0.2276
314 355 0.2278
314 356 0.6877
314 357 0.2526
314 358 0.1867
314 360 0.2054
314 361 0.1881
314 362 0.1872
314 363 0.2729
314 364 0.2918
314 366 0.1940
314 367 0.1393
314 368 0.5897
314 369 0.1823
314 370 0.3399
314 371 0.1927
314 372 0.4215
314 373 0.1591
314 374 0.7016
314 375 0.2360
314 376 0.2085
314 377 0.5224
314 378 0.1865
314 379 0.2048
314 380 0.1980
314 381 0.2041
314 382 0.1682
314 383 0.2267
314 384 0.7907
314 385 0.4340
314 386 0.1786
314 387 0.2250
314 388 0.2055
314 389 0.3058
314 391 0.5322
314 392 0.1986
314 393 0.2541
314 394 0.2276
314 395 0.1639
314 396 0.6251
314 397 0.2626
314 398 0.7401
314 399 0.4410
314 400 0.2278
314 402 0.1994
314 403 0.5089
314 404 0.2278
314 405 0.1986
314 406 0.5948
314 407 0.1872
314 408 0.2042
314 409 0.2505
314 411 0.2522
314 412 0.2805
314 413 0.1794
314 414 0.2729
314 415 0.3996
314 416 0.1980
314 418 0.4284
314 419 0.1872
314 420 0.1927
314 421 0.2211
314 422 0.1927
314 423 0.2021
314 424 0.5038
314 425 0.2994
314 427 0.3858
314 428 0.5512
314 430 0.4130
314 432 0.1927
314 433 0.2080
314 434 0.4905
314 438 0.6771
314 439 0.1980
314 440 0.1997
314 441 0.5754
314 442 0.4330
314 443 0.1980
314 445 0.4548
314 447 0.2780
314 449 0.3594
314 450 0.1916
314 451 0.2906
314 452 0.5902
314 453 0.3447
314 454 0.3162
314 455 0.2038
314 456 0.1765
314 457 0.2021
314 458 0.2211
314 459 0.1930
314 460 0.2278
314 461 0.2118
314 463 0.2278
314 464 0.2078
314 465 0.1986
314 466 0.1415
314 467 0.3984
314 468 0.7299
314 469 0.2278
314 470 0.1999
314 471 0.2323
314 472 0.6078
314 475 0.3638
314 476 0.2302
314 478 0.1927
314 479 0.1927
314 480 0.2042
314 481 0.2421
314 482 0.1927
314 484 0.3355
314 485 0.5972
314 488 0.4782
314 489 0.1965
314 491 0.4307
314 492 0.3319
314 493 0.1858
314 494 0.1786
314 495 0.5755
314 496 0.2123
314 497 0.2453
314 498 0.5788
314 499 0.1872
314 501 0.6071
314 503 0.2729
314 504 0.1826
314 505 0.1639
314 506 0.2089
314 507 0.6063
314 508 0.1940
314 509 0.2054
314 510 0.5362
314 511 0.6639
314 512 0.1986
314 513 0.4729
314 514 0.3669
314 515 0.2385
314 516 0.2049
314 517 0.1980
314 518 0.1823
314 519 0.5532
314 520 0.6748
314 521 0.1698
314 523 0.5421
314 524 0.2021
314 525 0.2089
314 526 0.2211
314 527 0.2601
314 528 0.1851
314 529 0.1940
314 530 0.1872
314 531 0.2352
314 534 0.4598
314 535 0.1980
314 536 0.8510
314 537 0.2005
314 539 0.2278
314 540 0.2520
314 541 0.4351
314 542 0.2198
314 544 0.2595
314 546 0.1986
314 547 0.1940
314 548 0.1804
314 550 0.6495
314 551 0.1631
314 552 0.2936
314 553 0.7401
314 554 0.1786
314 555 0.3526
314 556 0.3407
314 557 0.2713
314 558 0.2025
314 559 0.5123
314 560 0.4243
314 561 0.1980
314 562 0.6848
314 563 0.3320
314 564 0.7125
314 565 0.2843
314 567 0.3476
314 568 0.9893
314 570 0.3638
314 571 0.2996
314 572 0.2287
314 573 0.3007
314 574 0.2166
314 575 0.2261
314 576 0.2399
314 578 0.7395
314 579 0.2830
314 582 0.1927
314 583 0.5020
314 585 0.2112
314 586 0.2931
314 587 0.2400
314 589 0.1960
314 590 0.8716
314 591 0.1940
314 592 0.4831
314 593 0.2041
314 594 0.2211
314 599 0.6877
314 600 0.4180
314 601 0.3368
314 602 0.2278
314 604 0.6148
314 605 0.5224
314 607 0.2918
314 610 0.2145
314 611 0.1698
314 612 0.1940
314 613 0.5601
314 614 0.3584
314 616 0.1698
314 617 0.3999
314 618 0.3419
314 619 0.2074
314 620 0.4956
314 621 0.2150
314 622 0.2054
314 624 0.2054
314 625 0.2084
314 626 0.7413
314 627 0.2042
314 628 0.4029
314 629 0.2382
314 631 0.5437
314 632 0.2387
314 633 0.5019
314 634 0.5799
314 635 0.2250
314 637 0.3753
314 638 0.3071
314 639 0.9535
314 642 0.1984
314 643 0.1986
314 645 0.1616
314 646 0.4598
314 648 0.4548
314 649 0.3891
314 650 0.3363
314 651 0.4855
314 652 0.1986
314 653 0.1971
314 655 0.5449
314 656 0.1953
314 657 0.4484
314 658 0.2820
314 659 0.4530
314 660 0.1823
314 661 0.2105
314 662 0.2048
314 664 0.2036
314 666 0.6632
314 668 0.1927
314 669 0.3664
314 671 0.1739
314 672 0.1698
314 673 0.3400
314 674 0.2489
314 675 0.2268
314 676 0.3010
314 677 0.2011
314 678 0.2156
314 679 0.1698
314 680 0.6216
314 682 0.3999
314 683 0.1639
314 684 0.2250
314 685 0.7289
314 686 0.4829
314 687 0.3518
314 688 0.2186
314 689 0.7842
314 690 0.1940
314 691 0.1980
314 692 0.2278
314 693 0.1870
314 695 0.3856
314 696 0.2313
314 697 0.1698
314 698 0.2823
314 699 0.2961
314 700 0.1930
314 701 0.3419
314 702 0.2162
314 703 0.1927
314 704 0.4928
314 705 0.2385
314 706 0.9191
314 707 0.6924
314 708 0.1927
314 710 0.7154
314 711 0.3598
314 712 0.4943
314 713 0.1980
314 714 0.3403
314 715 0.1616
314 716 0.1986
314 718 0.3979
314 720 0.1927
314 721 0.2172
314 722 0.5880
314 723 0.1630
314 724 0.1786
314 726 0.4728
314 727 0.1927
314 728 0.4923
314 729 0.4140
314 731 0.2489
314 732 0.4201
314 733 0.3946
314 734 0.2679
314 735 0.2516
314 736 0.4022
314 737 0.6645
314 738 0.2278
314 740 0.2654
314 741 0.5196
314 743 0.3015
314 744 0.5544
314 748 0.2463
314 749 0.6148
314 750 0.2341
314 751 0.2187
314 752 0.6211
314 753 0.2208
314 754 0.1717
314 755 0.4507
314 756 0.1616
314 757 0.6014
314 758 0.7305
314 759 0.1958
314 760 0.1977
314 763 0.7133
314 764 0.4834
314 766 0.1927
314 767 0.2287
314 768 0.2664
314 769 0.2054
314 770 0.2605
314 771 0.1927
314 772 0.1986
314 773 0.6148
314 775 0.1653
314 776 0.5603
314 777 0.1698
314 778 0.2731
314 779 0.1919
314 780 0.1860
314 781 0.3074
314 782 0.4452
314 783 0.5722
314 785 0.1986
314 786 0.2593
314 787 0.2278
314 788 0.1919
314 789 0.2832
314 791 0.1930
314 792 0.4825
314 793 0.3069
314 794 0.3419
314 796 0.1915
314 797 0.3891
314 798 0.1986
314 799 0.2095
314 801 0.8413
314 803 0.6436
314 804 0.3113
314 805 0.2310
314 806 0.3204
314 807 0.2057
314 808 0.4315
314 809 0.1963
314 810 0.5931
314 811 0.9201
314 813 0.4380
314 814 0.1622
314 815 0.1980
314 816 0.2278
314 817 0.4294
314 818 0.1867
314 819 0.4837
314 821 0.2213
314 823 0.2109
314 824 0.2278
314 825 0.5067
314 827 0.2513
314 828 0.2625
314 829 0.2444
314 830 0.1858
314 831 0.5760
314 832 0.2351
314 834 0.1984
314 836 0.2403
314 838 0.4963
314 839 0.2278
314 840 0.1698
314 841 0.1986
314 843 0.2747
314 844 0.1940
314 845 0.1786
314 846 0.1980
314 848 0.1927
314 849 0.2278
314 851 0.3533
314 852 0.1980
314 853 0.2436
314 855 0.2839
314 856 0.1872
314 858 0.4884
314 860 0.5161
314 861 0.6742
314 865 0.6497
314 866 0.2055
314 867 0.2120
314 868 0.2078
314 869 0.7324
314 872 0.7339
314 874 0.1865
314 875 0.5382
314 876 0.2774
314 878 0.4919
314 880 0.2287
314 882 0.1980
314 883 0.2162
314 884 0.1986
314 885 0.1927
314 886 0.1872
314 887 0.5479
314 889 0.1823
314 891 0.3898
314 893 0.2670
314 894 0.4606
314 895 0.3518
314 897 0.1986
314 898 0.4943
314 900 0.6877
314 901 0.3135
314 903 0.6205
314 905 0.2243
314 906 0.1986
314 907 0.1986
314 908 0.1980
314 909 0.4787
314 912 0.1980
314 913 0.1698
314 914 0.1980
314 915 0.3373
314 916 0.2278
314 918 0.4747
314 919 0.2755
314 920 0.6497
314 921 0.4688
314 922 0.2185
314 925 0.1986
314 928 0.1630
314 929 0.1986
314 930 0.1785
314 932 0.5671
314 934 0.1980
314 935 0.1980
314 936 0.4122
314 938 0.2373
314 939 0.1943
314 940 0.2089
314 941 0.4310
314 942 0.4826
314 943 0.2729
314 944 0.1860
314 946 0.2344
314 947 0.2285
314 951 0.2287
314 952 0.3012
314 953 0.3757
314 954 0.5994
314 955 0.3746
314 956 0.2039
314 957 0.1786
314 958 0.1826
314 959 0.2250
314 960 0.6129
314 961 0.2302
314 962 0.1986
314 964 0.2011
314 966 0.1916
314 968 0.6215
314 969 0.2516
314 971 0.4283
314 972 0.1980
314 973 0.2422
314 974 0.9213
314 975 0.1823
314 976 0.6387
314 977 0.4645
314 978 0.2729
314 979 0.4800
314 980 0.1916
314 981 0.1927
314 982 0.2254
314 983 0.3819
314 984 0.3210
314 987 0.2187
314 989 0.2034
314 990 0.1872
314 992 0.1958
314 993 0.5715
314 994 0.7187
314 995 0.4845
314 996 0.1980
314 998 0.1739
314 999 0.1930
314 1000 0.2148
314 1001 0.7102
314 1002 0.8475
314 1003 0.3009
314 1004 0.8730
314 1005 0.1823
314 1006 0.2187
314 1007 0.8684
314 1008 0.2678
314 1010 0.1986
314 1012 0.1980
314 1013 0.2704
314 1014 0.3063
314 1015 0.3071
314 1017 0.5247
314 1018 0.3999
314 1019 0.1698
314 1020 0.3186
314 1022 0.1927
314 1023 0.1744
314 1025 0.1698
314 1026 0.1698
314 1027 0.2143
314 1028 0.3912
314 1029 0.4169
314 1030 0.2257
314 1031 0.1940
314 1032 0.2078
314 1033 0.2729
314 1035 0.2078
314 1036 0.6148
314 1037 0.2278
314 1038 0.1927
314 1039 0.1698
314 1040 0.4601
314 1041 0.2278
314 1042 0.2939
314 1043 0.1927
314 1045 0.4130
314 1047 0.3648
314 1048 0.3207
314 1049 0.4277
314 1050 0.5105
314 1051 0.6989
314 1055 0.2423
314 1056 0.1986
314 1057 0.3066
314 1059 0.2038
314 1060 0.7227
314 1061 0.2245
314 1062 0.2889
314 1063 0.2803
314 1066 0.2284
314 1067 0.3840
314 1068 0.3400
314 1069 0.2278
314 1070 0.3175
314 1072 0.3362
314 1075 0.2355
314 1079 0.1927
314 1080 0.3907
314 1082 0.2304
314 1083 0.4920
314 1084 0.1927
314 1087 0.1986
314 1089 0.2406
314 1090 0.2065
314 1091 0.2278
314 1092 0.5382
314 1093 0.1698
314 1094 0.1786
314 1095 0.2162
314 1097 0.1927
314 1099 0.5811
314 1104 0.1610
314 1105 0.6613
314 1106 0.2042
314 1107 0.2556
314 1108 0.3648
314 1110 0.5209
314 1111 0.6148
314 1115 0.5382
314 1116 0.4673
314 1117 0.2489
314 1118 0.2889
314 1122 0.1986
314 1123 0.1986
314 1124 0.2162
314 1125 0.4609
314 1126 0.2278
314 1127 0.1865
314 1128 0.5170
314 1129 0.2387
314 1130 0.1943
314 1132 0.1923
314 1134 0.2039
314 1135 0.4387
314 1136 0.1919
314 1138 0.3073
314 1139 0.1927
314 1141 0.1653
314 1142 0.1775
314 1143 0.4317
314 1145 0.2287
314 1146 0.5534
314 1147 0.3165
314 1148 0.2042
314 1149 0.1979
314 1150 0.5651
314 1151 0.1872
314 1152 0.7744
314 1153 0.3648
314 1154 0.3053
314 1156 0.2422
314 1157 0.1997
314 1158 0.1927
314 1159 0.4598
314 1160 0.6189
314 1161 0.1999
314 1162 0.2133
314 1163 0.9039
314 1166 0.2076
314 1167 0.1930
314 1169 0.2278
314 1173 0.2278
314 1176 0.1927
314 1180 0.1986
314 1181 0.1616
314 1182 0.5330
314 1186 0.1969
314 1187 0.1872
314 1188 0.2067
314 1189 0.2162
314 1191 0.1986
314 1192 0.1927
314 1193 0.1653
314 1194 0.2743
314 1195 0.2834
314 1198 0.2048
314 1200 0.1944
314 1201 0.2729
314 1203 0.1927
314 1204 0.2278
314 1206 0.3229
314 1207 0.1616
314 1208 0.1986
314 1209 0.1940
314 1210 0.2084
314 1211 0.3211
314 1212 0.2196
314 1214 0.1698
314 1217 0.1922
314 1218 0.2039
314 1220 0.1698
314 1221 0.5829
314 1224 0.1919
314 1225 0.5964
314 1226 0.5964
314 1227 0.1940
314 1228 0.1986
314 1229 0.2084
314 1231 0.3419
314 1235 0.1986
314 1236 0.1986
314 1237 0.1860
314 1238 0.1940
314 1239 0.1771
314 1240 0.1986
314 1241 0.1940
314 1245 0.1698
314 1246 0.2278
314 1247 0.2156
314 1249 0.1940
314 1250 0.2056
314 1251 0.2018
314 1252 0.1940
314 1255 0.1978
314 1256 0.1986
314 1258 0.4359
314 1259 0.2198
314 1260 0.3801
314 1262 0.2019
314 1263 0.2018
314 1265 0.1965
314 1268 0.2198
314 1269 0.2502
314 1270 0.2928
314 1271 0.2916
314 1272 0.2097
314 1273 0.1980
314 1274 0.1927
314 1275 0.1965
314 1276 0.2299
314 1279 0.1698
314 1280 0.2691
314 1282 0.6544
314 1283 0.5812
314 1284 0.6553
314 1286 0.3793
314 1287 0.6877
314 1288 0.2874
314 1291 0.6028
314 1292 0.9110
314 1293 0.6148
314 1297 0.1823
314 1298 0.4506
314 1299 0.6008
314 1300 0.1927
314 1301 0.6148
314 1302 0.3652
314 1303 0.8713
314 1304 0.3573
314 1305 0.6985
314 1306 0.5792
314 1307 0.1927
314 1308 0.1986
314 1310 0.6148
314 1313 0.4569
314 1315 0.1986
314 1316 0.9927
314 1319 0.3599
314 1320 0.3667
314 1322 0.5224
314 1323 0.1980
314 1324 0.2087
314 1326 0.1927
314 1327 0.1872
314 1328 0.1980
314 1330 0.4326
314 1331 0.2010
314 1333 0.1639
314 1334 0.1826
314 1335 0.2198
314 1336 0.1986
314 1339 0.1616
314 1340 0.4598
314 1341 0.2278
314 1342 0.2248
314 1343 0.1916
314 1344 0.2804
314 1345 0.2278
314 1346 0.1940
314 1347 0.1927
314 1348 0.1860
314 1352 0.4382
314 1357 0.1739
314 1361 0.1826
314 1362 0.1698
314 1363 0.1986
314 1365 0.1698
314 1367 0.2318
314 1368 0.1980
314 1369 0.3081
314 1370 0.6392
314 1372 0.1698
314 1375 0.1824
314 1376 0.1986
314 1377 0.3419
314 1382 0.2022
314 1384 0.1986
314 1385 0.1986
314 1386 0.1944
314 1387 0.1930
314 1388 0.1919
314 1389 0.3327
314 1390 0.2106
314 1392 0.2041
314 1394 0.2654
314 1395 0.1980
314 1397 0.2042
314 1398 0.2287
314 1401 0.2407
314 1402 0.1986
314 1405 0.1970
314 1408 0.1927
314 1409 0.1630
314 1410 0.2042
314 1411 0.2791
314 1412 0.2679
314 1415 0.2994
314 1416 0.2900
314 1419 0.1980
314 1421 0.5285
314 1422 0.1771
314 1423 0.5400
314 1426 0.3796
314 1427 0.1653
314 1428 0.3344
314 1430 0.1870
314 1433 0.4209
314 1434 0.5162
314 1435 0.5070
314 1437 0.5659
314 1439 0.5431
314 1440 0.4713
314 1441 0.3599
314 1446 0.1927
314 1448 0.2148
314 1449 0.3369
314 1452 0.1980
314 1453 0.1927
314 1455 0.1698
314 1456 0.2213
314 1457 0.2382
314 1460 0.1872
314 1461 0.1927
314 1462 0.1991
314 1464 0.2263
314 1466 0.2090
314 1468 0.5791
314 1472 0.1698
314 1474 0.1630
314 1475 0.2042
314 1476 0.1927
314 1477 0.2438
314 1479 0.2222
314 1480 0.1927
314 1484 0.2078
314 1485 0.6108
314 1487 0.2009
314 1490 0.2177
314 1491 0.1872
314 1493 0.3638
314 1494 0.1977
314 1495 0.5788
314 1496 0.2187
314 1497 0.1986
314 1499 0.1986
314 1500 0.1765
314 1501 0.2148
314 1503 0.2678
314 1504 0.2060
314 1505 0.1986
314 1506 0.3793
314 1507 0.1698
314 1508 0.1986
314 1510 0.1927
314 1512 0.1698
314 1514 0.1986
314 1516 0.2287
314 1517 0.2278
314 1519 0.7862
314 1520 0.9703
314 1522 0.6561
314 1526 0.7631
314 1528 0.5362
314 1529 0.3712
314 1530 0.4033
314 1531 0.2278
314 1532 0.1872
314 1534 0.3476
314 1535 0.5715
314 1537 0.6637
314 1538 0.7420
314 1541 0.2288
314 1544 0.6692
314 1545 0.4484
314 1546 0.4606
314 1547 0.7153
314 1548 0.1980
314 1549 0.4705
314 1550 0.6180
314 1551 0.6104
314 1554 0.6848
314 1562 0.2278
314 1565 0.6848
314 1567 0.4956
314 1568 0.1927
314 1569 0.1622
314 1570 0.1744
314 1571 0.2422
314 1572 0.2355
314 1573 0.2473
314 1574 0.1698
314 1579 0.2105
314 1580 0.1927
314 1581 0.1744
314 1583 0.1927
314 1585 0.2058
314 1586 0.1872
314 1587 0.1698
314 1588 0.2198
314 1590 0.4091
314 1591 0.1986
314 1593 0.2096
314 1594 0.4491
314 1595 0.1698
314 1597 0.1752
314 1598 0.1834
314 1603 0.1754
314 1604 0.2278
314 1605 0.2443
314 1606 0.2531
314 1608 0.2250
314 1609 0.4169
314 1611 0.1927
314 1612 0.5791
314 1613 0.5779
314 1614 0.1980
314 1616 0.1944
314 1618 0.4191
314 1619 0.2278
314 1620 0.4213
314 1621 0.4940
314 1622 0.7811
314 1623 0.2268
314 1624 0.2791
314 1628 0.1980
314 1629 0.1698
314 1630 0.1823
314 1633 0.1927
314 1634 0.2381
314 1636 0.1980
314 1637 0.2364
314 1640 0.2648
314 1642 0.1980
314 1643 0.1698
314 1645 0.1986
314 1646 0.1786
314 1647 0.1865
314 1649 0.2930
314 1650 0.1823
314 1651 0.2278
314 1653 0.2422
314 1655 0.2278
314 1656 0.2278
314 1660 0.2422
314 1661 0.3394
314 1664 0.2829
314 1665 0.1823
314 1666 0.1986
314 1667 0.3736
314 1668 0.3168
314 1669 0.2042
314 1672 0.2341
314 1677 0.3164
314 1678 0.1980
314 1679 0.1927
314 1681 0.1986
314 1682 0.1786
314 1683 0.3735
314 1686 0.2021
314 1687 0.1631
314 1688 0.1986
314 1689 0.7638
314 1690 0.1698
314 1691 0.2002
314 1692 0.2250
314 1693 0.1980
314 1694 0.2884
314 1696 0.1980
314 1698 0.1930
314 1700 0.4669
314 1701 0.1823
314 1702 0.5317
314 1703 0.1986
314 1704 0.1940
314 1705 0.3648
314 1706 0.3648
314 1707 0.2344
314 1708 0.2166
314 1711 0.1986
314 1712 0.7066
314 1713 0.4907
314 1714 0.4384
314 1715 0.3247
314 1716 0.1652
314 1717 0.6905
314 1718 0.2166
314 1721 0.1823
314 1724 0.2278
314 1725 0.1927
314 1726 0.1986
314 1730 0.2278
315 316 0.1228
315 317 0.1228
315 318 0.2215
315 319 0.2578
315 320 0.1929
315 321 0.4680
315 322 0.2007
315 323 0.2127
315 324 0.2533
315 325 0.1988
315 326 0.2103
315 327 0.1731
315 328 0.6215
315 329 0.1748
315 331 0.1731
315 332 0.1431
315 333 0.1996
315 334 0.2914
315 336 0.2410
315 337 0.2022
315 338 0.1490
315 339 0.2702
315 340 0.5716
315 341 0.2829
315 342 0.4172
315 343 0.2136
315 344 0.3140
315 346 0.1883
315 347 0.2993
315 348 0.2358
315 349 0.2645
315 350 0.4700
315 352 0.2526
315 353 0.2103
315 354 0.2962
315 355 0.1431
315 356 0.2178
315 357 0.3825
315 358 0.1806
315 360 0.2007
315 361 0.1668
315 362 0.1899
315 363 0.1818
315 364 0.3267
315 366 0.3487
315 367 0.2225
315 368 0.2338
315 369 0.1975
315 370 0.3728
315 371 0.1228
315 372 0.1815
315 373 0.4602
315 374 0.4049
315 375 0.2653
315 376 0.2408
315 377 0.1824
315 378 0.1820
315 379 0.2143
315 380 0.1731
315 381 0.1943
315 382 0.1803
315 383 0.4627
315 384 0.2792
315 385 0.2615
315 386 0.1896
315 387 0.2709
315 388 0.2426
315 389 0.2818
315 391 0.3065
315 392 0.1490
315 393 0.2668
315 394 0.2245
315 395 0.2293
315 396 0.5027
315 397 0.2713
315 398 0.3998
315 399 0.5148
315 400 0.1431
315 402 0.2285
315 403 0.2632
315 404 0.1431
315 405 0.1490
315 406 0.2235
315 407 0.2353
315 408 0.1955
315 409 0.2907
315 411 0.2468
315 412 0.3022
315 413 0.3485
315 414 0.1818
315 415 0.3684
315 416 0.1731
315 418 0.4724
315 419 0.2353
315 420 0.1228
315 421 0.2136
315 422 0.1228
315 423 0.2386
315 424 0.5104
315 425 0.1712
315 427 0.2179
315 428 0.5339
315 430 0.2008
315 432 0.1228
315 433 0.4625
315 434 0.5011
315 438 0.4276
315 439 0.1731
315 440 0.2149
315 441 0.3111
315 442 0.3161
315 443 0.1731
315 445 0.1988
315 447 0.3332
315 449 0.3710
315 450 0.2008
315 451 0.2870
315 452 0.2521
315 453 0.1731
315 454 0.4847
315 455 0.2520
315 456 0.1889
315 457 0.2386
315 458 0.2136
315 459 0.2022
315 460 0.1431
315 461 0.1912
315 463 0.1431
315 464 0.2153
315 465 0.1490
315 466 0.4707
315 467 0.2288
315 468 0.3279
315 469 0.1431
315 470 0.2377
315 471 0.2218
315 472 0.5757
315 475 0.2127
315 476 0.2206
315 478 0.1228
315 479 0.1228
315 480 0.1955
315 481 0.2421
315 482 0.1228
315 484 0.3414
315 485 0.4835
315 488 0.4782
315 489 0.1923
315 491 0.4977
315 492 0.2796
315 493 0.1798
315 494 0.1896
315 495 0.6829
315 496 0.2251
315 497 0.2551
315 498 0.1887
315 499 0.2353
315 501 0.3215
315 503 0.1818
315 504 0.1991
315 505 0.2293
315 506 0.2438
315 507 0.2077
315 508 0.3487
315 509 0.2007
315 510 0.1666
315 511 0.6698
315 512 0.1490
315 513 0.4729
315 514 0.3116
315 515 0.3603
315 516 0.4623
315 517 0.1731
315 518 0.2342
315 519 0.2927
315 520 0.3266
315 521 0.1755
315 523 0.2709
315 524 0.2386
315 525 0.2074
315 526 0.2136
315 527 0.2863
315 528 0.1645
315 529 0.1894
315 530 0.2353
315 531 0.2989
315 534 0.2108
315 535 0.1731
315 536 0.3890
315 537 0.2432
315 539 0.1431
315 540 0.3120
315 541 0.3552
315 542 0.1840
315 544 0.3235
315 546 0.1490
315 547 0.3487
315 548 0.1744
315 550 0.2015
315 551 0.1815
315 552 0.3257
315 553 0.3998
315 554 0.1896
315 555 0.4131
315 556 0.1815
315 557 0.4753
315 558 0.2141
315 559 0.2728
315 560 0.5394
315 561 0.1731
315 562 0.1954
315 563 0.5384
315 564 0.4772
315 565 0.1490
315 567 0.2390
315 568 0.8244
315 570 0.3285
315 571 0.3061
315 572 0.2537
315 573 0.3640
315 574 0.2512
315 575 0.2518
315 576 0.2712
315 578 0.1689
315 579 0.3269
315 582 0.1228
315 583 0.2456
315 585 0.1956
315 586 0.3150
315 587 0.5873
315 589 0.2511
315 590 0.5537
315 591 0.3487
315 592 0.2248
315 593 0.1943
315 594 0.2136
315 599 0.2178
315 600 0.3027
315 601 0.2229
315 602 0.1431
315 604 0.1696
315 605 0.1824
315 607 0.3583
315 610 0.2015
315 611 0.1755
315 612 0.3487
315 613 0.3581
315 614 0.4227
315 616 0.1755
315 617 0.1896
315 618 0.2132
315 619 0.4711
315 620 0.2526
315 621 0.2581
315 622 0.2007
315 624 0.2007
315 625 0.2268
315 626 0.2073
315 627 0.1955
315 628 0.1755
315 629 0.2455
315 631 0.2356
315 632 0.2125
315 633 0.5019
315 634 0.2509
315 635 0.1864
315 637 0.2936
315 638 0.2772
315 639 0.5576
315 642 0.3589
315 643 0.1490
315 645 0.2284
315 646 0.2108
315 648 0.1988
315 649 0.1889
315 650 0.2919
315 651 0.4855
315 652 0.1490
315 653 0.2251
315 655 0.2682
315 656 0.2368
315 657 0.2315
315 658 0.3458
315 659 0.2199
315 660 0.2342
315 661 0.2084
315 662 0.2143
315 664 0.1826
315 666 0.1755
315 668 0.1228
315 669 0.2714
315 671 0.4633
315 672 0.1755
315 673 0.1731
315 674 0.1709
315 675 0.2256
315 676 0.3029
315 677 0.2478
315 678 0.2526
315 679 0.1755
315 680 0.1638
315 682 0.1896
315 683 0.2293
315 684 0.1864
315 685 0.5104
315 686 0.2251
315 687 0.3760
315 688 0.1929
315 689 0.5879
315 690 0.3487
315 691 0.1731
315 692 0.1431
315 693 0.1657
315 695 0.3932
315 696 0.2221
315 697 0.1755
315 698 0.3210
315 699 0.2455
315 700 0.2022
315 701 0.2132
315 702 0.2442
315 703 0.1228
315 704 0.3622
315 705 0.3603
315 706 0.5271
315 707 0.1848
315 708 0.1228
315 710 0.4826
315 711 0.3670
315 712 0.1991
315 713 0.1731
315 714 0.4104
315 715 0.2284
315 716 0.1490
315 718 0.4630
315 720 0.1228
315 721 0.2247
315 722 0.2253
315 723 0.1808
315 724 0.1896
315 726 0.4728
315 727 0.1228
315 728 0.4053
315 729 0.2011
315 731 0.1709
315 732 0.4679
315 733 0.2730
315 734 0.2085
315 735 0.2940
315 736 0.5568
315 737 0.4307
315 738 0.1431
315 740 0.2642
315 741 0.2343
315 743 0.2907
315 744 0.2145
315 748 0.5702
315 749 0.1696
315 750 0.2152
315 751 0.2837
315 752 0.6211
315 753 0.2194
315 754 0.1870
315 755 0.1757
315 756 0.2284
315 757 0.2981
315 758 0.3077
315 759 0.2244
315 760 0.2106
315 763 0.4493
315 764 0.2215
315 766 0.1228
315 767 0.2537
315 768 0.4930
315 769 0.2007
315 770 0.3121
315 771 0.1228
315 772 0.1490
315 773 0.1696
315 775 0.1994
315 776 0.4334
315 777 0.1755
315 778 0.4175
315 779 0.2025
315 780 0.1814
315 781 0.1731
315 782 0.2537
315 783 0.2184
315 785 0.1490
315 786 0.3535
315 787 0.1431
315 788 0.2025
315 789 0.4204
315 791 0.2022
315 792 0.1875
315 793 0.2791
315 794 0.2132
315 796 0.3492
315 797 0.1889
315 798 0.1490
315 799 0.2993
315 801 0.3693
315 803 0.1964
315 804 0.6384
315 805 0.2685
315 806 0.2901
315 807 0.2012
315 808 0.4459
315 809 0.4515
315 810 0.1954
315 811 0.5813
315 813 0.4141
315 814 0.1744
315 815 0.1731
315 816 0.1431
315 817 0.2127
315 818 0.1806
315 819 0.2537
315 821 0.2289
315 823 0.4729
315 824 0.1431
315 825 0.2660
315 827 0.3206
315 828 0.2857
315 829 0.2467
315 830 0.1798
315 831 0.3026
315 832 0.1934
315 834 0.3589
315 836 0.2802
315 838 0.2581
315 839 0.1431
315 840 0.1755
315 841 0.1490
315 843 0.2656
315 844 0.3487
315 845 0.1896
315 846 0.2139
315 848 0.1228
315 849 0.1431
315 851 0.5375
315 852 0.1731
315 853 0.4192
315 855 0.3565
315 856 0.2353
315 858 0.4884
315 860 0.2137
315 861 0.2515
315 865 0.1923
315 866 0.2426
315 867 0.2287
315 868 0.2153
315 869 0.3009
315 872 0.5968
315 874 0.1820
315 875 0.1705
315 876 0.2226
315 878 0.2478
315 880 0.2537
315 882 0.1731
315 883 0.2442
315 884 0.1490
315 885 0.1228
315 886 0.2353
315 887 0.3197
315 889 0.2342
315 891 0.5911
315 893 0.2852
315 894 0.2025
315 895 0.3240
315 897 0.1490
315 898 0.1991
315 900 0.2178
315 901 0.1744
315 903 0.3653
315 905 0.2529
315 906 0.1490
315 907 0.1490
315 908 0.1731
315 909 0.4779
315 912 0.1731
315 913 0.1755
315 914 0.2049
315 915 0.4874
315 916 0.1431
315 918 0.4747
315 919 0.2226
315 920 0.3136
315 921 0.4688
315 922 0.2979
315 925 0.1490
315 928 0.1808
315 929 0.1490
315 930 0.1874
315 932 0.2496
315 934 0.1731
315 935 0.1731
315 936 0.2084
315 938 0.2379
315 939 0.1896
315 940 0.2438
315 941 0.2410
315 942 0.3692
315 943 0.1818
315 944 0.1814
315 946 0.3591
315 947 0.2402
315 951 0.2537
315 952 0.4249
315 953 0.5914
315 954 0.3113
315 955 0.1790
315 956 0.1933
315 957 0.1896
315 958 0.1991
315 959 0.1864
315 960 0.5418
315 961 0.2206
315 962 0.1490
315 964 0.2478
315 966 0.2008
315 968 0.4368
315 969 0.2433
315 971 0.3221
315 972 0.1731
315 973 0.2745
315 974 0.9440
315 975 0.2342
315 976 0.2010
315 977 0.2668
315 978 0.1818
315 979 0.4800
315 980 0.2008
315 981 0.1228
315 982 0.2542
315 983 0.1755
315 984 0.1649
315 987 0.2837
315 989 0.1951
315 990 0.2353
315 992 0.1995
315 993 0.5684
315 994 0.7542
315 995 0.3365
315 996 0.1731
315 998 0.1661
315 999 0.2022
315 1000 0.2382
315 1001 0.2312
315 1002 0.3241
315 1003 0.3152
315 1004 0.6301
315 1005 0.2342
315 1006 0.2837
315 1007 0.5470
315 1008 0.2593
315 1010 0.1490
315 1012 0.1731
315 1013 0.3257
315 1014 0.3310
315 1015 0.2772
315 1017 0.2195
315 1018 0.1896
315 1019 0.1755
315 1020 0.3231
315 1022 0.1228
315 1023 0.1671
315 1025 0.1755
315 1026 0.1755
315 1027 0.2065
315 1028 0.2293
315 1029 0.1683
315 1030 0.4686
315 1031 0.3487
315 1032 0.2153
315 1033 0.1818
315 1035 0.2153
315 1036 0.1696
315 1037 0.1431
315 1038 0.1228
315 1039 0.1755
315 1040 0.1714
315 1041 0.1431
315 1042 0.3380
315 1043 0.1228
315 1045 0.2008
315 1047 0.2062
315 1048 0.3218
315 1049 0.2096
315 1050 0.2450
315 1051 0.1869
315 1055 0.2229
315 1056 0.1490
315 1057 0.3189
315 1059 0.2520
315 1060 0.3696
315 1061 0.2930
315 1062 0.1755
315 1063 0.4877
315 1066 0.2779
315 1067 0.3919
315 1068 0.5103
315 1069 0.1431
315 1070 0.2465
315 1072 0.1755
315 1075 0.2194
315 1079 0.1714
315 1080 0.1963
315 1082 0.4586
315 1083 0.4834
315 1084 0.1228
315 1087 0.1490
315 1089 0.2436
315 1090 0.2132
315 1091 0.1431
315 1092 0.1705
315 1093 0.1793
315 1094 0.1896
315 1095 0.2442
315 1097 0.1228
315 1099 0.5979
315 1104 0.1766
315 1105 0.3683
315 1106 0.1955
315 1107 0.2606
315 1108 0.2062
315 1110 0.1967
315 1111 0.1696
315 1115 0.1705
315 1116 0.2585
315 1117 0.1709
315 1118 0.1755
315 1122 0.1490
315 1123 0.1490
315 1124 0.2442
315 1125 0.1939
315 1126 0.1431
315 1127 0.1820
315 1128 0.3242
315 1129 0.2196
315 1130 0.1896
315 1132 0.2470
315 1134 0.1940
315 1135 0.6061
315 1136 0.2025
315 1138 0.2747
315 1139 0.1228
315 1141 0.1994
315 1142 0.1768
315 1143 0.1848
315 1145 0.2537
315 1146 0.2225
315 1147 0.1927
315 1148 0.1955
315 1149 0.1746
315 1150 0.3710
315 1151 0.2353
315 1152 0.6143
315 1153 0.2062
315 1154 0.5292
315 1156 0.2745
315 1157 0.1800
315 1158 0.1228
315 1159 0.2108
315 1160 0.2505
315 1161 0.1714
315 1162 0.1996
315 1163 0.5234
315 1166 0.2328
315 1167 0.2022
315 1169 0.1431
315 1173 0.1431
315 1176 0.1228
315 1180 0.2000
315 1181 0.2284
315 1182 0.2478
315 1186 0.2057
315 1187 0.2353
315 1188 0.2065
315 1189 0.2442
315 1191 0.1490
315 1192 0.1228
315 1193 0.1994
315 1194 0.1957
315 1195 0.2738
315 1198 0.2143
315 1200 0.2009
315 1201 0.1818
315 1203 0.1228
315 1204 0.1431
315 1206 0.3033
315 1207 0.2284
315 1208 0.1490
315 1209 0.3487
315 1210 0.2115
315 1211 0.3595
315 1212 0.2596
315 1214 0.1755
315 1217 0.1894
315 1218 0.1940
315 1220 0.1755
315 1221 0.2834
315 1224 0.2025
315 1225 0.5224
315 1226 0.4227
315 1227 0.3487
315 1228 0.1490
315 1229 0.2268
315 1231 0.2132
315 1235 0.1490
315 1236 0.1490
315 1237 0.1814
315 1238 0.3487
315 1239 0.2315
315 1240 0.1490
315 1241 0.3487
315 1245 0.1755
315 1246 0.1431
315 1247 0.2526
315 1249 0.3487
315 1250 0.2209
315 1251 0.2131
315 1252 0.3487
315 1255 0.2508
315 1256 0.1490
315 1258 0.4214
315 1259 0.1840
315 1260 0.2969
315 1262 0.1998
315 1263 0.2127
315 1265 0.2266
315 1268 0.1840
315 1269 0.2520
315 1270 0.3206
315 1271 0.3007
315 1272 0.2987
315 1273 0.1744
315 1274 0.1714
315 1275 0.2266
315 1276 0.2371
315 1279 0.1755
315 1280 0.2374
315 1282 0.1692
315 1283 0.2258
315 1284 0.1753
315 1286 0.1731
315 1287 0.2178
315 1288 0.2293
315 1291 0.2830
315 1292 0.6945
315 1293 0.1696
315 1297 0.2342
315 1298 0.5022
315 1299 0.2636
315 1300 0.1228
315 1301 0.1696
315 1302 0.1755
315 1303 0.5574
315 1304 0.1705
315 1305 0.2639
315 1306 0.2745
315 1307 0.1228
315 1308 0.1490
315 1310 0.1696
315 1313 0.2249
315 1315 0.1490
315 1316 0.6680
315 1319 0.1731
315 1320 0.2353
315 1322 0.1824
315 1323 0.1731
315 1324 0.2322
315 1326 0.1228
315 1327 0.2353
315 1328 0.1731
315 1330 0.1963
315 1331 0.2106
315 1333 0.2293
315 1334 0.1991
315 1335 0.1840
315 1336 0.1490
315 1339 0.2284
315 1340 0.2108
315 1341 0.1431
315 1342 0.4669
315 1343 0.2008
315 1344 0.2745
315 1345 0.1431
315 1346 0.3487
315 1347 0.1228
315 1348 0.1814
315 1352 0.2038
315 1357 0.1661
315 1361 0.1991
315 1362 0.1755
315 1363 0.1490
315 1365 0.1755
315 1367 0.2832
315 1368 0.1731
315 1369 0.3321
315 1370 0.4675
315 1372 0.1755
315 1375 0.4478
315 1376 0.1490
315 1377 0.2132
315 1382 0.1906
315 1384 0.1490
315 1385 0.1490
315 1386 0.2009
315 1387 0.2022
315 1388 0.2025
315 1389 0.3357
315 1390 0.2514
315 1392 0.1943
315 1394 0.3037
315 1395 0.1731
315 1397 0.1955
315 1398 0.2537
315 1401 0.2414
315 1402 0.1490
315 1405 0.2049
315 1408 0.1228
315 1409 0.1808
315 1410 0.1955
315 1411 0.1490
315 1412 0.2085
315 1415 0.2906
315 1416 0.2795
315 1419 0.1731
315 1421 0.2668
315 1422 0.2315
315 1423 0.2426
315 1426 0.4597
315 1427 0.1994
315 1428 0.2001
315 1430 0.1657
315 1433 0.1817
315 1434 0.5989
315 1435 0.5070
315 1437 0.2629
315 1439 0.3156
315 1440 0.4713
315 1441 0.1731
315 1446 0.1228
315 1448 0.2382
315 1449 0.2127
315 1452 0.1731
315 1453 0.1228
315 1455 0.1755
315 1456 0.2403
315 1457 0.2507
315 1460 0.2353
315 1461 0.1228
315 1462 0.2009
315 1464 0.2032
315 1466 0.1999
315 1468 0.1967
315 1472 0.1755
315 1474 0.1808
315 1475 0.1955
315 1476 0.1228
315 1477 0.2674
315 1479 0.2354
315 1480 0.1228
315 1484 0.2153
315 1485 0.2600
315 1487 0.2030
315 1490 0.2602
315 1491 0.2353
315 1493 0.2127
315 1494 0.2106
315 1495 0.1907
315 1496 0.2598
315 1497 0.1490
315 1499 0.1490
315 1500 0.1889
315 1501 0.2382
315 1503 0.3249
315 1504 0.2358
315 1505 0.1490
315 1506 0.1731
315 1507 0.1755
315 1508 0.1490
315 1510 0.1228
315 1512 0.1755
315 1514 0.1490
315 1516 0.2537
315 1517 0.1431
315 1519 0.5159
315 1520 0.5855
315 1522 0.4981
315 1526 0.3410
315 1528 0.1666
315 1529 0.2519
315 1530 0.2246
315 1531 0.1431
315 1532 0.2353
315 1534 0.1755
315 1535 0.2408
315 1537 0.2553
315 1538 0.2571
315 1541 0.2204
315 1544 0.2305
315 1545 0.2315
315 1546 0.2025
315 1547 0.3922
315 1548 0.1731
315 1549 0.1871
315 1550 0.2989
315 1551 0.3155
315 1554 0.1954
315 1562 0.1431
315 1565 0.1954
315 1567 0.2526
315 1568 0.1228
315 1569 0.1744
315 1570 0.1671
315 1571 0.1481
315 1572 0.2194
315 1573 0.2552
315 1574 0.1755
315 1579 0.2200
315 1580 0.1228
315 1581 0.1671
315 1583 0.1228
315 1585 0.1792
315 1586 0.2353
315 1587 0.1755
315 1588 0.1840
315 1590 0.2127
315 1591 0.1490
315 1593 0.2827
315 1594 0.2277
315 1595 0.1755
315 1597 0.1875
315 1598 0.1717
315 1603 0.1877
315 1604 0.1431
315 1605 0.3545
315 1606 0.2719
315 1608 0.1864
315 1609 0.2025
315 1611 0.1228
315 1612 0.1967
315 1613 0.2687
315 1614 0.1731
315 1616 0.2009
315 1618 0.3945
315 1619 0.1431
315 1620 0.2416
315 1621 0.4609
315 1622 0.7536
315 1623 0.2547
315 1624 0.2874
315 1628 0.1731
315 1629 0.1755
315 1630 0.1975
315 1633 0.1228
315 1634 0.4661
315 1636 0.1731
315 1637 0.2508
315 1640 0.2769
315 1642 0.1731
315 1643 0.1755
315 1645 0.1490
315 1646 0.1896
315 1647 0.1820
315 1649 0.1731
315 1650 0.1975
315 1651 0.1431
315 1653 0.1481
315 1655 0.1431
315 1656 0.1431
315 1660 0.2745
315 1661 0.2332
315 1664 0.3153
315 1665 0.2342
315 1666 0.1490
315 1667 0.2127
315 1668 0.3572
315 1669 0.1955
315 1672 0.2152
315 1677 0.1755
315 1678 0.1731
315 1679 0.1228
315 1681 0.1490
315 1682 0.1896
315 1683 0.3566
315 1686 0.2386
315 1687 0.1815
315 1688 0.1490
315 1689 0.8677
315 1690 0.1755
315 1691 0.1949
315 1692 0.1864
315 1693 0.1731
315 1694 0.3198
315 1696 0.1731
315 1698 0.2022
315 1700 0.1864
315 1701 0.2342
315 1702 0.2349
315 1703 0.1490
315 1704 0.1894
315 1705 0.2062
315 1706 0.2062
315 1707 0.2413
315 1708 0.2512
315 1711 0.1490
315 1712 0.7089
315 1713 0.4745
315 1714 0.2447
315 1715 0.2096
315 1716 0.2263
315 1717 0.7341
315 1718 0.2512
315 1721 0.2342
315 1724 0.1431
315 1725 0.1228
315 1726 0.1490
315 1730 0.1431
316 317 0.1228
316 318 0.2215
316 319 0.2578
316 320 0.1929
316 321 0.4680
316 322 0.2007
316 323 0.2127
316 324 0.2533
316 325 0.1988
316 326 0.2103
316 327 0.1731
316 328 0.6215
316 329 0.1748
316 331 0.1731
316 332 0.1431
316 333 0.1996
316 334 0.2914
316 336 0.2410
316 337 0.2022
316 338 0.1490
316 339 0.2702
316 340 0.5716
316 341 0.2829
316 342 0.4172
316 343 0.2136
316 344 0.3140
316 346 0.1883
316 347 0.2993
316 348 0.2358
316 349 0.2645
316 350 0.4700
316 352 0.2526
316 353 0.2103
316 354 0.2962
316 355 0.1431
316 356 0.2178
316 357 0.3825
316 358 0.1806
316 360 0.2007
316 361 0.1668
316 362 0.1899
316 363 0.1818
316 364 0.3267
316 366 0.3487
316 367 0.2225
316 368 0.2338
316 369 0.1975
316 370 0.3728
316 371 0.1228
316 372 0.1815
316 373 0.4602
316 374 0.4049
316 375 0.2653
316 376 0.2408
316 377 0.1824
316 378 0.1820
316 379 0.2143
316 380 0.1731
316 381 0.1943
316 382 0.1803
316 383 0.4627
316 384 0.2792
316 385 0.2615
316 386 0.1896
316 387 0.2709
316 388 0.2426
316 389 0.2818
316 391 0.3065
316 392 0.1490
316 393 0.2668
316 394 0.2245
316 395 0.2293
316 396 0.5027
316 397 0.2713
316 398 0.3998
316 399 0.5148
316 400 0.1431
316 402 0.2285
316 403 0.2632
316 404 0.1431
316 405 0.1490
316 406 0.2235
316 407 0.2353
316 408 0.1955
316 409 0.2907
316 411 0.2468
316 412 0.3022
316 413 0.3485
316 414 0.1818
316 415 0.3684
316 416 0.1731
316 418 0.4724
316 419 0.2353
316 420 0.1228
316 421 0.2136
316 422 0.1228
316 423 0.2386
316 424 0.5104
316 425 0.1712
316 427 0.2179
316 428 0.5339
316 430 0.2008
316 432 0.1228
316 433 0.4625
316 434 0.5011
316 438 0.4276
316 439 0.1731
316 440 0.2149
316 441 0.3111
316 442 0.3161
316 443 0.1731
316 445 0.1988
316 447 0.3332
316 449 0.3710
316 450 0.2008
316 451 0.2870
316 452 0.2521
316 453 0.1731
316 454 0.4847
316 455 0.2520
316 456 0.1889
316 457 0.2386
316 458 0.2136
316 459 0.2022
316 460 0.1431
316 461 0.1912
316 463 0.1431
316 464 0.2153
316 465 0.1490
316 466 0.4707
316 467 0.2288
316 468 0.3279
316 469 0.1431
316 470 0.2377
316 471 0.2218
316 472 0.5757
316 475 0.2127
316 476 0.2206
316 478 0.1228
316 479 0.1228
316 480 0.1955
316 481 0.2421
316 482 0.1228
316 484 0.3414
316 485 0.4835
316 488 0.4782
316 489 0.1923
316 491 0.4977
316 492 0.2796
316 493 0.1798
316 494 0.1896
316 495 0.6829
316 496 0.2251
316 497 0.2551
316 498 0.1887
316 499 0.2353
316 501 0.3215
316 503 0.1818
316 504 0.1991
316 505 0.2293
316 506 0.2438
316 507 0.2077
316 508 0.3487
316 509 0.2007
316 510 0.1666
316 511 0.6698
316 512 0.1490
316 513 0.4729
316 514 0.3116
316 515 0.3603
316 516 0.4623
316 517 0.1731
316 518 0.2342
316 519 0.2927
316 520 0.3266
316 521 0.1755
316 523 0.2709
316 524 0.2386
316 525 0.2074
316 526 0.2136
316 527 0.2863
316 528 0.1645
316 529 0.1894
316 530 0.2353
316 531 0.2989
316 534 0.2108
316 535 0.1731
316 536 0.3890
316 537 0.2432
316 539 0.1431
316 540 0.3120
316 541 0.3552
316 542 0.1840
316 544 0.3235
316 546 0.1490
316 547 0.3487
316 548 0.1744
316 550 0.2015
316 551 0.1815
316 552 0.3257
316 553 0.3998
316 554 0.1896
316 555 0.4131
316 556 0.1815
316 557 0.4753
316 558 0.2141
316 559 0.2728
316 560 0.5394
316 561 0.1731
316 562 0.1954
316 563 0.5384
316 564 0.4772
316 565 0.1490
316 567 0.2390
316 568 0.8244
316 570 0.3285
316 571 0.3061
316 572 0.2537
316 573 0.3640
316 574 0.2512
316 575 0.2518
316 576 0.2712
316 578 0.1689
316 579 0.3269
316 582 0.1228
316 583 0.2456
316 585 0.1956
316 586 0.3150
316 587 0.5873
316 589 0.2511
316 590 0.5537
316 591 0.3487
316 592 0.2248
316 593 0.1943
316 594 0.2136
316 599 0.2178
316 600 0.3027
316 601 0.2229
316 602 0.1431
316 604 0.1696
316 605 0.1824
316 607 0.3583
316 610 0.2015
316 611 0.1755
316 612 0.3487
316 613 0.3581
316 614 0.4227
316 616 0.1755
316 617 0.1896
316 618 0.2132
316 619 0.4711
316 620 0.2526
316 621 0.2581
316 622 0.2007
316 624 0.2007
316 625 0.2268
316 626 0.2073
316 627 0.1955
316 628 0.1755
316 629 0.2455
316 631 0.2356
316 632 0.2125
316 633 0.5019
316 634 0.2509
316 635 0.1864
316 637 0.2936
316 638 0.2772
316 639 0.5576
316 642 0.3589
316 643 0.1490
316 645 0.2284
316 646 0.2108
316 648 0.1988
316 649 0.1889
316 650 0.2919
316 651 0.4855
316 652 0.1490
316 653 0.2251
316 655 0.2682
316 656 0.2368
316 657 0.2315
316 658 0.3458
316 659 0.2199
316 660 0.2342
316 661 0.2084
316 662 0.2143
316 664 0.1826
316 666 0.1755
316 668 0.1228
316 669 0.2714
316 671 0.4633
316 672 0.1755
316 673 0.1731
316 674 0.1709
316 675 0.2256
316 676 0.3029
316 677 0.2478
316 678 0.2526
316 679 0.1755
316 680 0.1638
316 682 0.1896
316 683 0.2293
316 684 0.1864
316 685 0.5104
316 686 0.2251
316 687 0.3760
316 688 0.1929
316 689 0.5879
316 690 0.3487
316 691 0.1731
316 692 0.1431
316 693 0.1657
316 695 0.3932
316 696 0.2221
316 697 0.1755
316 698 0.3210
316 699 0.2455
316 700 0.2022
316 701 0.2132
316 702 0.2442
316 703 0.1228
316 704 0.3622
316 705 0.3603
316 706 0.5271
316 707 0.1848
316 708 0.1228
316 710 0.4826
316 711 0.3670
316 712 0.1991
316 713 0.1731
316 714 0.4104
316 715 0.2284
316 716 0.1490
316 718 0.4630
316 720 0.1228
316 721 0.2247
316 722 0.2253
316 723 0.1808
316 724 0.1896
316 726 0.4728
316 727 0.1228
316 728 0.4053
316 729 0.2011
316 731 0.1709
316 732 0.4679
316 733 0.2730
316 734 0.2085
316 735 0.2940
316 736 0.5568
316 737 0.4307
316 738 0.1431
316 740 0.2642
316 741 0.2343
316 743 0.2907
316 744 0.2145
316 748 0.5702
316 749 0.1696
316 750 0.2152
316 751 0.2837
316 752 0.6211
316 753 0.2194
316 754 0.1870
316 755 0.1757
316 756 0.2284
316 757 0.2981
316 758 0.3077
316 759 0.2244
316 760 0.2106
316 763 0.4493
316 764 0.2215
316 766 0.1228
316 767 0.2537
316 768 0.4930
316 769 0.2007
316 770 0.3121
316 771 0.1228
316 772 0.1490
316 773 0.1696
316 775 0.1994
316 776 0.4334
316 777 0.1755
316 778 0.4175
316 779 0.2025
316 780 0.1814
316 781 0.1731
316 782 0.2537
316 783 0.2184
316 785 0.1490
316 786 0.3535
316 787 0.1431
316 788 0.2025
316 789 0.4204
316 791 0.2022
316 792 0.1875
316 793 0.2791
316 794 0.2132
316 796 0.3492
316 797 0.1889
316 798 0.1490
316 799 0.2993
316 801 0.3693
316 803 0.1964
316 804 0.6384
316 805 0.2685
316 806 0.2901
316 807 0.2012
316 808 0.4459
316 809 0.4515
316 810 0.1954
316 811 0.5813
316 813 0.4141
316 814 0.1744
316 815 0.1731
316 816 0.1431
316 817 0.2127
316 818 0.1806
316 819 0.2537
316 821 0.2289
316 823 0.4729
316 824 0.1431
316 825 0.2660
316 827 0.3206
316 828 0.2857
316 829 0.2467
316 830 0.1798
316 831 0.3026
316 832 0.1934
316 834 0.3589
316 836 0.2802
316 838 0.2581
316 839 0.1431
316 840 0.1755
316 841 0.1490
316 843 0.2656
316 844 0.3487
316 845 0.1896
316 846 0.2139
316 848 0.1228
316 849 0.1431
316 851 0.5375
316 852 0.1731
316 853 0.4192
316 855 0.3565
316 856 0.2353
316 858 0.4884
316 860 0.2137
316 861 0.2515
316 865 0.1923
316 866 0.2426
316 867 0.2287
316 868 0.2153
316 869 0.3009
316 872 0.5968
316 874 0.1820
316 875 0.1705
316 876 0.2226
316 878 0.2478
316 880 0.2537
316 882 0.1731
316 883 0.2442
316 884 0.1490
316 885 0.1228
316 886 0.2353
316 887 0.3197
316 889 0.2342
316 891 0.5911
316 893 0.2852
316 894 0.2025
316 895 0.3240
316 897 0.1490
316 898 0.1991
316 900 0.2178
316 901 0.1744
316 903 0.3653
316 905 0.2529
316 906 0.1490
316 907 0.1490
316 908 0.1731
316 909 0.4779
316 912 0.1731
316 913 0.1755
316 914 0.2049
316 915 0.4874
316 916 0.1431
316 918 0.4747
316 919 0.2226
316 920 0.3136
316 921 0.4688
316 922 0.2979
316 925 0.1490
316 928 0.1808
316 929 0.1490
316 930 0.1874
316 932 0.2496
316 934 0.1731
316 935 0.1731
316 936 0.2084
316 938 0.2379
316 939 0.1896
316 940 0.2438
316 941 0.2410
316 942 0.3692
316 943 0.1818
316 944 0.1814
316 946 0.3591
316 947 0.2402
316 951 0.2537
316 952 0.4249
316 953 0.5914
316 954 0.3113
316 955 0.1790
316 956 0.1933
316 957 0.1896
316 958 0.1991
316 959 0.1864
316 960 0.5418
316 961 0.2206
316 962 0.1490
316 964 0.2478
316 966 0.2008
316 968 0.4368
316 969 0.2433
316 971 0.3221
316 972 0.1731
316 973 0.2745
316 974 0.9440
316 975 0.2342
316 976 0.2010
316 977 0.2668
316 978 0.1818
316 979 0.4800
316 980 0.2008
316 981 0.1228
316 982 0.2542
316 983 0.1755
316 984 0.1649
316 987 0.2837
316 989 0.1951
316 990 0.2353
316 992 0.1995
316 993 0.5684
316 994 0.7542
316 995 0.3365
316 996 0.1731
316 998 0.1661
316 999 0.2022
316 1000 0.2382
316 1001 0.2312
316 1002 0.3241
316 1003 0.3152
316 1004 0.6301
316 1005 0.2342
316 1006 0.2837
316 1007 0.5470
316 1008 0.2593
316 1010 0.1490
316 1012 0.1731
316 1013 0.3257
316 1014 0.3310
316 1015 0.2772
316 1017 0.2195
316 1018 0.1896
316 1019 0.1755
316 1020 0.3231
316 1022 0.1228
316 1023 0.1671
316 1025 0.1755
316 1026 0.1755
316 1027 0.2065
316 1028 0.2293
316 1029 0.1683
316 1030 0.4686
316 1031 0.3487
316 1032 0.2153
316 1033 0.1818
316 1035 0.2153
316 1036 0.1696
316 1037 0.1431
316 1038 0.1228
316 1039 0.1755
316 1040 0.1714
316 1041 0.1431
316 1042 0.3380
316 1043 0.1228
316 1045 0.2008
316 1047 0.2062
316 1048 0.3218
316 1049 0.2096
316 1050 0.2450
316 1051 0.1869
316 1055 0.2229
316 1056 0.1490
316 1057 0.3189
316 1059 0.2520
316 1060 0.3696
316 1061 0.2930
316 1062 0.1755
316 1063 0.4877
316 1066 0.2779
316 1067 0.3919
316 1068 0.5103
316 1069 0.1431
316 1070 0.2465
316 1072 0.1755
316 1075 0.2194
316 1079 0.1714
316 1080 0.1963
316 1082 0.4586
316 1083 0.4834
316 1084 0.1228
316 1087 0.1490
316 1089 0.2436
316 1090 0.2132
316 1091 0.1431
316 1092 0.1705
316 1093 0.1793
316 1094 0.1896
316 1095 0.2442
316 1097 0.1228
316 1099 0.5979
316 1104 0.1766
316 1105 0.3683
316 1106 0.1955
316 1107 0.2606
316 1108 0.2062
316 1110 0.1967
316 1111 0.1696
316 1115 0.1705
316 1116 0.2585
316 1117 0.1709
316 1118 0.1755
316 1122 0.1490
316 1123 0.1490
316 1124 0.2442
316 1125 0.1939
316 1126 0.1431
316 1127 0.1820
316 1128 0.3242
316 1129 0.2196
316 1130 0.1896
316 1132 0.2470
316 1134 0.1940
316 1135 0.6061
316 1136 0.2025
316 1138 0.2747
316 1139 0.1228
316 1141 0.1994
316 1142 0.1768
316 1143 0.1848
316 1145 0.2537
316 1146 0.2225
316 1147 0.1927
316 1148 0.1955
316 1149 0.1746
316 1150 0.3710
316 1151 0.2353
316 1152 0.6143
316 1153 0.2062
316 1154 0.5292
316 1156 0.2745
316 1157 0.1800
316 1158 0.1228
316 1159 0.2108
316 1160 0.2505
316 1161 0.1714
316 1162 0.1996
316 1163 0.5234
316 1166 0.2328
316 1167 0.2022
316 1169 0.1431
316 1173 0.1431
316 1176 0.1228
316 1180 0.2000
316 1181 0.2284
316 1182 0.2478
316 1186 0.2057
316 1187 0.2353
316 1188 0.2065
316 1189 0.2442
316 1191 0.1490
316 1192 0.1228
316 1193 0.1994
316 1194 0.1957
316 1195 0.2738
316 1198 0.2143
316 1200 0.2009
316 1201 0.1818
316 1203 0.1228
316 1204 0.1431
316 1206 0.3033
316 1207 0.2284
316 1208 0.1490
316 1209 0.3487
316 1210 0.2115
316 1211 0.3595
316 1212 0.2596
316 1214 0.1755
316 1217 0.1894
316 1218 0.1940
316 1220 0.1755
316 1221 0.2834
316 1224 0.2025
316 1225 0.5224
316 1226 0.4227
316 1227 0.3487
316 1228 0.1490
316 1229 0.2268
316 1231 0.2132
316 1235 0.1490
316 1236 0.1490
316 1237 0.1814
316 1238 0.3487
316 1239 0.2315
316 1240 0.1490
316 1241 0.3487
316 1245 0.1755
316 1246 0.1431
316 1247 0.2526
316 1249 0.3487
316 1250 0.2209
316 1251 0.2131
316 1252 0.3487
316 1255 0.2508
316 1256 0.1490
316 1258 0.4214
316 1259 0.1840
316 1260 0.2969
316 1262 0.1998
316 1263 0.2127
316 1265 0.2266
316 1268 0.1840
316 1269 0.2520
316 1270 0.3206
316 1271 0.3007
316 1272 0.2987
316 1273 0.1744
316 1274 0.1714
316 1275 0.2266
316 1276 0.2371
316 1279 0.1755
316 1280 0.2374
316 1282 0.1692
316 1283 0.2258
316 1284 0.1753
316 1286 0.1731
316 1287 0.2178
316 1288 0.2293
316 1291 0.2830
316 1292 0.6945
316 1293 0.1696
316 1297 0.2342
316 1298 0.5022
316 1299 0.2636
316 1300 0.1228
316 1301 0.1696
316 1302 0.1755
316 1303 0.5574
316 1304 0.1705
316 1305 0.2639
316 1306 0.2745
316 1307 0.1228
316 1308 0.1490
316 1310 0.1696
316 1313 0.2249
316 1315 0.1490
316 1316 0.6680
316 1319 0.1731
316 1320 0.2353
316 1322 0.1824
316 1323 0.1731
316 1324 0.2322
316 1326 0.1228
316 1327 0.2353
316 1328 0.1731
316 1330 0.1963
316 1331 0.2106
316 1333 0.2293
316 1334 0.1991
316 1335 0.1840
316 1336 0.1490
316 1339 0.2284
316 1340 0.2108
316 1341 0.1431
316 1342 0.4669
316 1343 0.2008
316 1344 0.2745
316 1345 0.1431
316 1346 0.3487
316 1347 0.1228
316 1348 0.1814
316 1352 0.2038
316 1357 0.1661
316 1361 0.1991
316 1362 0.1755
316 1363 0.1490
316 1365 0.1755
316 1367 0.2832
316 1368 0.1731
316 1369 0.3321
316 1370 0.4675
316 1372 0.1755
316 1375 0.4478
316 1376 0.1490
316 1377 0.2132
316 1382 0.1906
316 1384 0.1490
316 1385 0.1490
316 1386 0.2009
316 1387 0.2022
316 1388 0.2025
316 1389 0.3357
316 1390 0.2514
316 1392 0.1943
316 1394 0.3037
316 1395 0.1731
316 1397 0.1955
316 1398 0.2537
316 1401 0.2414
316 1402 0.1490
316 1405 0.2049
316 1408 0.1228
316 1409 0.1808
316 1410 0.1955
316 1411 0.1490
316 1412 0.2085
316 1415 0.2906
316 1416 0.2795
316 1419 0.1731
316 1421 0.2668
316 1422 0.2315
316 1423 0.2426
316 1426 0.4597
316 1427 0.1994
316 1428 0.2001
316 1430 0.1657
316 1433 0.1817
316 1434 0.5989
316 1435 0.5070
316 1437 0.2629
316 1439 0.3156
316 1440 0.4713
316 1441 0.1731
316 1446 0.1228
316 1448 0.2382
316 1449 0.2127
316 1452 0.1731
316 1453 0.1228
316 1455 0.1755
316 1456 0.2403
316 1457 0.2507
316 1460 0.2353
316 1461 0.1228
316 1462 0.2009
316 1464 0.2032
316 1466 0.1999
316 1468 0.1967
316 1472 0.1755
316 1474 0.1808
316 1475 0.1955
316 1476 0.1228
316 1477 0.2674
316 1479 0.2354
316 1480 0.1228
316 1484 0.2153
316 1485 0.2600
316 1487 0.2030
316 1490 0.2602
316 1491 0.2353
316 1493 0.2127
316 1494 0.2106
316 1495 0.1907
316 1496 0.2598
316 1497 0.1490
316 1499 0.1490
316 1500 0.1889
316 1501 0.2382
316 1503 0.3249
316 1504 0.2358
316 1505 0.1490
316 1506 0.1731
316 1507 0.1755
316 1508 0.1490
316 1510 0.1228
316 1512 0.1755
316 1514 0.1490
316 1516 0.2537
316 1517 0.1431
316 1519 0.5159
316 1520 0.5855
316 1522 0.4981
316 1526 0.3410
316 1528 0.1666
316 1529 0.2519
316 1530 0.2246
316 1531 0.1431
316 1532 0.2353
316 1534 0.1755
316 1535 0.2408
316 1537 0.2553
316 1538 0.2571
316 1541 0.2204
316 1544 0.2305
316 1545 0.2315
316 1546 0.2025
316 1547 0.3922
316 1548 0.1731
316 1549 0.1871
316 1550 0.2989
316 1551 0.3155
316 1554 0.1954
316 1562 0.1431
316 1565 0.1954
316 1567 0.2526
316 1568 0.1228
316 1569 0.1744
316 1570 0.1671
316 1571 0.1481
316 1572 0.2194
316 1573 0.2552
316 1574 0.1755
316 1579 0.2200
316 1580 0.1228
316 1581 0.1671
316 1583 0.1228
316 1585 0.1792
316 1586 0.2353
316 1587 0.1755
316 1588 0.1840
316 1590 0.2127
316 1591 0.1490
316 1593 0.2827
316 1594 0.2277
316 1595 0.1755
316 1597 0.1875
316 1598 0.1717
316 1603 0.1877
316 1604 0.1431
316 1605 0.3545
316 1606 0.2719
316 1608 0.1864
316 1609 0.2025
316 1611 0.1228
316 1612 0.1967
316 1613 0.2687
316 1614 0.1731
316 1616 0.2009
316 1618 0.3945
316 1619 0.1431
316 1620 0.2416
316 1621 0.4609
316 1622 0.7536
316 1623 0.2547
316 1624 0.2874
316 1628 0.1731
316 1629 0.1755
316 1630 0.1975
316 1633 0.1228
316 1634 0.4661
316 1636 0.1731
316 1637 0.2508
316 1640 0.2769
316 1642 0.1731
316 1643 0.1755
316 1645 0.1490
316 1646 0.1896
316 1647 0.1820
316 1649 0.1731
316 1650 0.1975
316 1651 0.1431
316 1653 0.1481
316 1655 0.1431
316 1656 0.1431
316 1660 0.2745
316 1661 0.2332
316 1664 0.3153
316 1665 0.2342
316 1666 0.1490
316 1667 0.2127
316 1668 0.3572
316 1669 0.1955
316 1672 0.2152
316 1677 0.1755
316 1678 0.1731
316 1679 0.1228
316 1681 0.1490
316 1682 0.1896
316 1683 0.3566
316 1686 0.2386
316 1687 0.1815
316 1688 0.1490
316 1689 0.8677
316 1690 0.1755
316 1691 0.1949
316 1692 0.1864
316 1693 0.1731
316 1694 0.3198
316 1696 0.1731
316 1698 0.2022
316 1700 0.1864
316 1701 0.2342
316 1702 0.2349
316 1703 0.1490
316 1704 0.1894
316 1705 0.2062
316 1706 0.2062
316 1707 0.2413
316 1708 0.2512
316 1711 0.1490
316 1712 0.7089
316 1713 0.4745
316 1714 0.2447
316 1715 0.2096
316 1716 0.2263
316 1717 0.7341
316 1718 0.2512
316 1721 0.2342
316 1724 0.1431
316 1725 0.1228
316 1726 0.1490
316 1730 0.1431
317 318 0.2215
317 319 0.2578
317 320 0.1929
317 321 0.4680
317 322 0.2007
317 323 0.2127
317 324 0.2533
317 325 0.1988
317 326 0.2103
317 327 0.1731
317 328 0.6215
317 329 0.1748
317 331 0.1731
317 332 0.1431
317 333 0.1996
317 334 0.2914
317 336 0.2410
317 337 0.2022
317 338 0.1490
317 339 0.2702
317 340 0.5716
317 341 0.2829
317 342 0.4172
317 343 0.2136
317 344 0.3140
317 346 0.1883
317 347 0.2993
317 348 0.2358
317 349 0.2645
317 350 0.4700
317 352 0.2526
317 353 0.2103
317 354 0.2962
317 355 0.1431
317 356 0.2178
317 357 0.3825
317 358 0.1806
317 360 0.2007
317 361 0.1668
317 362 0.1899
317 363 0.1818
317 364 0.3267
317 366 0.3487
317 367 0.2225
317 368 0.2338
317 369 0.1975
317 370 0.3728
317 371 0.1228
317 372 0.1815
317 373 0.4602
317 374 0.4049
317 375 0.2653
317 376 0.2408
317 377 0.1824
317 378 0.1820
317 379 0.2143
317 380 0.1731
317 381 0.1943
317 382 0.1803
317 383 0.4627
317 384 0.2792
317 385 0.2615
317 386 0.1896
317 387 0.2709
317 388 0.2426
317 389 0.2818
317 391 0.3065
317 392 0.1490
317 393 0.2668
317 394 0.2245
317 395 0.2293
317 396 0.5027
317 397 0.2713
317 398 0.3998
317 399 0.5148
317 400 0.1431
317 402 0.2285
317 403 0.2632
317 404 0.1431
317 405 0.1490
317 406 0.2235
317 407 0.2353
317 408 0.1955
317 409 0.2907
317 411 0.2468
317 412 0.3022
317 413 0.3485
317 414 0.1818
317 415 0.3684
317 416 0.1731
317 418 0.4724
317 419 0.2353
317 420 0.1228
317 421 0.2136
317 422 0.1228
317 423 0.2386
317 424 0.5104
317 425 0.1712
317 427 0.2179
317 428 0.5339
317 430 0.2008
317 432 0.1228
317 433 0.4625
317 434 0.5011
317 438 0.4276
317 439 0.1731
317 440 0.2149
317 441 0.3111
317 442 0.3161
317 443 0.1731
317 445 0.1988
317 447 0.3332
317 449 0.3710
317 450 0.2008
317 451 0.2870
317 452 0.2521
317 453 0.1731
317 454 0.4847
317 455 0.2520
317 456 0.1889
317 457 0.2386
317 458 0.2136
317 459 0.2022
317 460 0.1431
317 461 0.1912
317 463 0.1431
317 464 0.2153
317 465 0.1490
317 466 0.4707
317 467 0.2288
317 468 0.3279
317 469 0.1431
317 470 0.2377
317 471 0.2218
317 472 0.5757
317 475 0.2127
317 476 0.2206
317 478 0.1228
317 479 0.1228
317 480 0.1955
317 481 0.2421
317 482 0.1228
317 484 0.3414
317 485 0.4835
317 488 0.4782
317 489 0.1923
317 491 0.4977
317 492 0.2796
317 493 0.1798
317 494 0.1896
317 495 0.6829
317 496 0.2251
317 497 0.2551
317 498 0.1887
317 499 0.2353
317 501 0.3215
317 503 0.1818
317 504 0.1991
317 505 0.2293
317 506 0.2438
317 507 0.2077
317 508 0.3487
317 509 0.2007
317 510 0.1666
317 511 0.6698
317 512 0.1490
317 513 0.4729
317 514 0.3116
317 515 0.3603
317 516 0.4623
317 517 0.1731
317 518 0.2342
317 519 0.2927
317 520 0.3266
317 521 0.1755
317 523 0.2709
317 524 0.2386
317 525 0.2074
317 526 0.2136
317 527 0.2863
317 528 0.1645
317 529 0.1894
317 530 0.2353
317 531 0.2989
317 534 0.2108
317 535 0.1731
317 536 0.3890
317 537 0.2432
317 539 0.1431
317 540 0.3120
317 541 0.3552
317 542 0.1840
317 544 0.3235
317 546 0.1490
317 547 0.3487
317 548 0.1744
317 550 0.2015
317 551 0.1815
317 552 0.3257
317 553 0.3998
317 554 0.1896
317 555 0.4131
317 556 0.1815
317 557 0.4753
317 558 0.2141
317 559 0.2728
317 560 0.5394
317 561 0.1731
317 562 0.1954
317 563 0.5384
317 564 0.4772
317 565 0.1490
317 567 0.2390
317 568 0.8244
317 570 0.3285
317 571 0.3061
317 572 0.2537
317 573 0.3640
317 574 0.2512
317 575 0.2518
317 576 0.2712
317 578 0.1689
317 579 0.3269
317 582 0.1228
317 583 0.2456
317 585 0.1956
317 586 0.3150
317 587 0.5873
317 589 0.2511
317 590 0.5537
317 591 0.3487
317 592 0.2248
317 593 0.1943
317 594 0.2136
317 599 0.2178
317 600 0.3027
317 601 0.2229
317 602 0.1431
317 604 0.1696
317 605 0.1824
317 607 0.3583
317 610 0.2015
317 611 0.1755
317 612 0.3487
317 613 0.3581
317 614 0.4227
317 616 0.1755
317 617 0.1896
317 618 0.2132
317 619 0.4711
317 620 0.2526
317 621 0.2581
317 622 0.2007
317 624 0.2007
317 625 0.2268
317 626 0.2073
317 627 0.1955
317 628 0.1755
317 629 0.2455
317 631 0.2356
317 632 0.2125
317 633 0.5019
317 634 0.2509
317 635 0.1864
317 637 0.2936
317 638 0.2772
317 639 0.5576
317 642 0.3589
317 643 0.1490
317 645 0.2284
317 646 0.2108
317 648 0.1988
317 649 0.1889
317 650 0.2919
317 651 0.4855
317 652 0.1490
317 653 0.2251
317 655 0.2682
317 656 0.2368
317 657 0.2315
317 658 0.3458
317 659 0.2199
317 660 0.2342
317 661 0.2084
317 662 0.2143
317 664 0.1826
317 666 0.1755
317 668 0.1228
317 669 0.2714
317 671 0.4633
317 672 0.1755
317 673 0.1731
317 674 0.1709
317 675 0.2256
317 676 0.3029
317 677 0.2478
317 678 0.2526
317 679 0.1755
317 680 0.1638
317 682 0.1896
317 683 0.2293
317 684 0.1864
317 685 0.5104
317 686 0.2251
317 687 0.3760
317 688 0.1929
317 689 0.5879
317 690 0.3487
317 691 0.1731
317 692 0.1431
317 693 0.1657
317 695 0.3932
317 696 0.2221
317 697 0.1755
317 698 0.3210
317 699 0.2455
317 700 0.2022
317 701 0.2132
317 702 0.2442
317 703 0.1228
317 704 0.3622
317 705 0.3603
317 706 0.5271
317 707 0.1848
317 708 0.1228
317 710 0.4826
317 711 0.3670
317 712 0.1991
317 713 0.1731
317 714 0.4104
317 715 0.2284
317 716 0.1490
317 718 0.4630
317 720 0.1228
317 721 0.2247
317 722 0.2253
317 723 0.1808
317 724 0.1896
317 726 0.4728
317 727 0.1228
317 728 0.4053
317 729 0.2011
317 731 0.1709
317 732 0.4679
317 733 0.2730
317 734 0.2085
317 735 0.2940
317 736 0.5568
317 737 0.4307
317 738 0.1431
317 740 0.2642
317 741 0.2343
317 743 0.2907
317 744 0.2145
317 748 0.5702
317 749 0.1696
317 750 0.2152
317 751 0.2837
317 752 0.6211
317 753 0.2194
317 754 0.1870
317 755 0.1757
317 756 0.2284
317 757 0.2981
317 758 0.3077
317 759 0.2244
317 760 0.2106
317 763 0.4493
317 764 0.2215
317 766 0.1228
317 767 0.2537
317 768 0.4930
317 769 0.2007
317 770 0.3121
317 771 0.1228
317 772 0.1490
317 773 0.1696
317 775 0.1994
317 776 0.4334
317 777 0.1755
317 778 0.4175
317 779 0.2025
317 780 0.1814
317 781 0.1731
317 782 0.2537
317 783 0.2184
317 785 0.1490
317 786 0.3535
317 787 0.1431
317 788 0.2025
317 789 0.4204
317 791 0.2022
317 792 0.1875
317 793 0.2791
317 794 0.2132
317 796 0.3492
317 797 0.1889
317 798 0.1490
317 799 0.2993
317 801 0.3693
317 803 0.1964
317 804 0.6384
317 805 0.2685
317 806 0.2901
317 807 0.2012
317 808 0.4459
317 809 0.4515
317 810 0.1954
317 811 0.5813
317 813 0.4141
317 814 0.1744
317 815 0.1731
317 816 0.1431
317 817 0.2127
317 818 0.1806
317 819 0.2537
317 821 0.2289
317 823 0.4729
317 824 0.1431
317 825 0.2660
317 827 0.3206
317 828 0.2857
317 829 0.2467
317 830 0.1798
317 831 0.3026
317 832 0.1934
317 834 0.3589
317 836 0.2802
317 838 0.2581
317 839 0.1431
317 840 0.1755
317 841 0.1490
317 843 0.2656
317 844 0.3487
317 845 0.1896
317 846 0.2139
317 848 0.1228
317 849 0.1431
317 851 0.5375
317 852 0.1731
317 853 0.4192
317 855 0.3565
317 856 0.2353
317 858 0.4884
317 860 0.2137
317 861 0.2515
317 865 0.1923
317 866 0.2426
317 867 0.2287
317 868 0.2153
317 869 0.3009
317 872 0.5968
317 874 0.1820
317 875 0.1705
317 876 0.2226
317 878 0.2478
317 880 0.2537
317 882 0.1731
317 883 0.2442
317 884 0.1490
317 885 0.1228
317 886 0.2353
317 887 0.3197
317 889 0.2342
317 891 0.5911
317 893 0.2852
317 894 0.2025
317 895 0.3240
317 897 0.1490
317 898 0.1991
317 900 0.2178
317 901 0.1744
317 903 0.3653
317 905 0.2529
317 906 0.1490
317 907 0.1490
317 908 0.1731
317 909 0.4779
317 912 0.1731
317 913 0.1755
317 914 0.2049
317 915 0.4874
317 916 0.1431
317 918 0.4747
317 919 0.2226
317 920 0.3136
317 921 0.4688
317 922 0.2979
317 925 0.1490
317 928 0.1808
317 929 0.1490
317 930 0.1874
317 932 0.2496
317 934 0.1731
317 935 0.1731
317 936 0.2084
317 938 0.2379
317 939 0.1896
317 940 0.2438
317 941 0.2410
317 942 0.3692
317 943 0.1818
317 944 0.1814
317 946 0.3591
317 947 0.2402
317 951 0.2537
317 952 0.4249
317 953 0.5914
317 954 0.3113
317 955 0.1790
317 956 0.1933
317 957 0.1896
317 958 0.1991
317 959 0.1864
317 960 0.5418
317 961 0.2206
317 962 0.1490
317 964 0.2478
317 966 0.2008
317 968 0.4368
317 969 0.2433
317 971 0.3221
317 972 0.1731
317 973 0.2745
317 974 0.9440
317 975 0.2342
317 976 0.2010
317 977 0.2668
317 978 0.1818
317 979 0.4800
317 980 0.2008
317 981 0.1228
317 982 0.2542
317 983 0.1755
317 984 0.1649
317 987 0.2837
317 989 0.1951
317 990 0.2353
317 992 0.1995
317 993 0.5684
317 994 0.7542
317 995 0.3365
317 996 0.1731
317 998 0.1661
317 999 0.2022
317 1000 0.2382
317 1001 0.2312
317 1002 0.3241
317 1003 0.3152
317 1004 0.6301
317 1005 0.2342
317 1006 0.2837
317 1007 0.5470
317 1008 0.2593
317 1010 0.1490
317 1012 0.1731
317 1013 0.3257
317 1014 0.3310
317 1015 0.2772
317 1017 0.2195
317 1018 0.1896
317 1019 0.1755
317 1020 0.3231
317 1022 0.1228
317 1023 0.1671
317 1025 0.1755
317 1026 0.1755
317 1027 0.2065
317 1028 0.2293
317 1029 0.1683
