1390 1573 0.2931
1390 1574 0.2514
1390 1579 0.2343
1390 1580 0.2514
1390 1581 0.1904
1390 1583 0.2514
1390 1585 0.2269
1390 1586 0.2762
1390 1587 0.2514
1390 1588 0.2840
1390 1590 0.4430
1390 1591 0.2293
1390 1593 0.3474
1390 1594 0.4236
1390 1595 0.2367
1390 1597 0.2278
1390 1598 0.2594
1390 1603 0.3773
1390 1604 0.2638
1390 1605 0.1772
1390 1606 0.5310
1390 1608 0.3099
1390 1609 0.2231
1390 1611 0.2514
1390 1612 0.2369
1390 1613 0.5790
1390 1614 0.2762
1390 1616 0.4187
1390 1618 0.5975
1390 1619 0.2638
1390 1620 0.2938
1390 1621 0.4314
1390 1622 0.9483
1390 1623 0.2790
1390 1624 0.3866
1390 1628 0.2762
1390 1629 0.3482
1390 1630 0.1892
1390 1633 0.2514
1390 1634 0.1849
1390 1636 0.2762
1390 1637 0.5817
1390 1640 0.3307
1390 1642 0.2762
1390 1643 0.2721
1390 1645 0.2293
1390 1646 0.2337
1390 1647 0.2003
1390 1649 0.2762
1390 1650 0.1892
1390 1651 0.2638
1390 1653 0.2756
1390 1655 0.2638
1390 1656 0.2638
1390 1660 0.3526
1390 1661 0.5234
1390 1664 0.2666
1390 1665 0.2819
1390 1666 0.2293
1390 1667 0.2842
1390 1668 0.3411
1390 1669 0.2486
1390 1672 0.2855
1390 1677 0.2367
1390 1678 0.2762
1390 1679 0.2514
1390 1681 0.2293
1390 1682 0.2337
1390 1683 0.3666
1390 1686 0.2182
1390 1687 0.1984
1390 1688 0.2293
1390 1689 0.8675
1390 1690 0.2367
1390 1691 0.5082
1390 1692 0.3099
1390 1693 0.2762
1390 1694 0.6831
1390 1696 0.2687
1390 1698 0.2228
1390 1700 0.5325
1390 1701 0.3613
1390 1702 0.7054
1390 1703 0.2293
1390 1704 0.2932
1390 1705 0.7007
1390 1706 0.7007
1390 1707 0.5695
1390 1708 0.6343
1390 1711 0.2293
1390 1712 0.9866
1390 1713 0.7012
1390 1714 0.4998
1390 1715 0.5656
1390 1716 0.3335
1390 1717 0.9953
1390 1718 0.6343
1390 1721 0.2819
1390 1724 0.2638
1390 1725 0.2514
1390 1726 0.2293
1390 1730 0.2638
1392 1394 0.2208
1392 1395 0.1704
1392 1397 0.1749
1392 1398 0.1943
1392 1401 0.4870
1392 1402 0.3189
1392 1405 0.3811
1392 1408 0.1943
1392 1409 0.3349
1392 1410 0.1749
1392 1411 0.1920
1392 1412 0.3644
1392 1415 0.3977
1392 1416 0.2752
1392 1419 0.1704
1392 1421 0.1732
1392 1422 0.1545
1392 1423 0.2955
1392 1426 0.3271
1392 1427 0.1943
1392 1428 0.2472
1392 1430 0.2747
1392 1433 0.1468
1392 1434 0.4482
1392 1435 0.2345
1392 1437 0.4944
1392 1439 0.2186
1392 1440 0.1674
1392 1441 0.1704
1392 1446 0.1943
1392 1448 0.2008
1392 1449 0.1841
1392 1452 0.1704
1392 1453 0.1943
1392 1455 0.1761
1392 1456 0.2088
1392 1457 0.2363
1392 1460 0.1525
1392 1461 0.1943
1392 1462 0.2036
1392 1464 0.2161
1392 1466 0.2132
1392 1468 0.3646
1392 1472 0.1761
1392 1474 0.1639
1392 1475 0.1749
1392 1476 0.1943
1392 1477 0.2344
1392 1479 0.2005
1392 1480 0.1943
1392 1484 0.2942
1392 1485 0.2543
1392 1487 0.2064
1392 1490 0.1813
1392 1491 0.1525
1392 1493 0.1841
1392 1494 0.1938
1392 1495 0.1936
1392 1496 0.2200
1392 1497 0.1920
1392 1499 0.1920
1392 1500 0.1607
1392 1501 0.2008
1392 1503 0.2459
1392 1504 0.1874
1392 1505 0.1920
1392 1506 0.1704
1392 1507 0.1943
1392 1508 0.1920
1392 1510 0.1943
1392 1512 0.1761
1392 1514 0.1920
1392 1516 0.1912
1392 1517 0.1823
1392 1519 0.5159
1392 1520 0.9693
1392 1522 0.5522
1392 1526 0.5631
1392 1528 0.1793
1392 1529 0.1812
1392 1530 0.1612
1392 1531 0.1823
1392 1532 0.3275
1392 1534 0.1761
1392 1535 0.2001
1392 1537 0.2996
1392 1538 0.2505
1392 1541 0.2357
1392 1544 0.2847
1392 1545 0.1545
1392 1546 0.1577
1392 1547 0.5385
1392 1548 0.1704
1392 1549 0.1805
1392 1550 0.2113
1392 1551 0.2385
1392 1554 0.1896
1392 1562 0.1823
1392 1565 0.1896
1392 1567 0.1906
1392 1568 0.1943
1392 1569 0.1651
1392 1570 0.1798
1392 1571 0.2385
1392 1572 0.2327
1392 1573 0.2160
1392 1574 0.1943
1392 1579 0.1955
1392 1580 0.1943
1392 1581 0.1798
1392 1583 0.1943
1392 1585 0.1811
1392 1586 0.2293
1392 1587 0.1943
1392 1588 0.2268
1392 1590 0.3754
1392 1591 0.1920
1392 1593 0.1994
1392 1594 0.3814
1392 1595 0.1761
1392 1597 0.1589
1392 1598 0.1616
1392 1603 0.1735
1392 1604 0.1823
1392 1605 0.2010
1392 1606 0.2154
1392 1608 0.2335
1392 1609 0.3391
1392 1611 0.1943
1392 1612 0.3646
1392 1613 0.2695
1392 1614 0.1704
1392 1616 0.1920
1392 1618 0.3490
1392 1619 0.1823
1392 1620 0.3977
1392 1621 0.3829
1392 1622 0.7690
1392 1623 0.2028
1392 1624 0.2913
1392 1628 0.1704
1392 1629 0.3234
1392 1630 0.1763
1392 1633 0.1943
1392 1634 0.2345
1392 1636 0.1704
1392 1637 0.2384
1392 1640 0.2110
1392 1642 0.1704
1392 1643 0.1761
1392 1645 0.1920
1392 1646 0.1636
1392 1647 0.1934
1392 1649 0.1704
1392 1650 0.1763
1392 1651 0.1823
1392 1653 0.2385
1392 1655 0.1823
1392 1656 0.1823
1392 1660 0.4438
1392 1661 0.3644
1392 1664 0.4902
1392 1665 0.3679
1392 1666 0.1920
1392 1667 0.1841
1392 1668 0.7293
1392 1669 0.1749
1392 1672 0.5195
1392 1677 0.3229
1392 1678 0.2257
1392 1679 0.1943
1392 1681 0.1920
1392 1682 0.1636
1392 1683 0.6191
1392 1686 0.3806
1392 1687 0.1660
1392 1688 0.1920
1392 1689 0.9810
1392 1690 0.1761
1392 1691 0.3151
1392 1692 0.2335
1392 1693 0.3048
1392 1694 0.6478
1392 1696 0.1704
1392 1698 0.1561
1392 1700 0.4148
1392 1701 0.1572
1392 1702 0.2698
1392 1703 0.1920
1392 1704 0.3271
1392 1705 0.1732
1392 1706 0.1732
1392 1707 0.3784
1392 1708 0.2062
1392 1711 0.1920
1392 1712 0.7613
1392 1713 0.4916
1392 1714 0.3066
1392 1715 0.2585
1392 1716 0.1671
1392 1717 0.8618
1392 1718 0.2062
1392 1721 0.1572
1392 1724 0.1823
1392 1725 0.1943
1392 1726 0.1920
1392 1730 0.1823
1394 1395 0.2470
1394 1397 0.2388
1394 1398 0.3037
1394 1401 0.3306
1394 1402 0.4613
1394 1405 0.5468
1394 1408 0.3037
1394 1409 0.4341
1394 1410 0.2388
1394 1411 0.3012
1394 1412 0.5732
1394 1415 0.6167
1394 1416 0.4075
1394 1419 0.3913
1394 1421 0.2268
1394 1422 0.3941
1394 1423 0.3498
1394 1426 0.5569
1394 1427 0.3037
1394 1428 0.6994
1394 1430 0.5426
1394 1433 0.5661
1394 1434 0.9165
1394 1435 0.7988
1394 1437 0.6144
1394 1439 0.3270
1394 1440 0.5181
1394 1441 0.3913
1394 1446 0.3037
1394 1448 0.2865
1394 1449 0.2694
1394 1452 0.2470
1394 1453 0.3037
1394 1455 0.2682
1394 1456 0.2982
1394 1457 0.3991
1394 1460 0.2328
1394 1461 0.3037
1394 1462 0.2767
1394 1464 0.3143
1394 1466 0.2887
1394 1468 0.2794
1394 1472 0.2682
1394 1474 0.4341
1394 1475 0.4850
1394 1476 0.3037
1394 1477 0.3316
1394 1479 0.2709
1394 1480 0.3037
1394 1484 0.2788
1394 1485 0.6231
1394 1487 0.4513
1394 1490 0.2409
1394 1491 0.2328
1394 1493 0.2694
1394 1494 0.2676
1394 1495 0.2809
1394 1496 0.5865
1394 1497 0.3012
1394 1499 0.3012
1394 1500 0.2212
1394 1501 0.2865
1394 1503 0.5812
1394 1504 0.5390
1394 1505 0.3012
1394 1506 0.2470
1394 1507 0.3037
1394 1508 0.3012
1394 1510 0.3037
1394 1512 0.2682
1394 1514 0.3012
1394 1516 0.2859
1394 1517 0.2846
1394 1519 0.5159
1394 1520 0.9782
1394 1522 0.5298
1394 1526 0.5744
1394 1528 0.2495
1394 1529 0.2797
1394 1530 0.2205
1394 1531 0.2846
1394 1532 0.2328
1394 1534 0.2682
1394 1535 0.2923
1394 1537 0.3963
1394 1538 0.3600
1394 1541 0.3432
1394 1544 0.3851
1394 1545 0.2217
1394 1546 0.1974
1394 1547 0.5498
1394 1548 0.3913
1394 1549 0.3514
1394 1550 0.3087
1394 1551 0.2977
1394 1554 0.2697
1394 1562 0.2846
1394 1565 0.2697
1394 1567 0.2452
1394 1568 0.3037
1394 1569 0.2462
1394 1570 0.2498
1394 1571 0.3794
1394 1572 0.3326
1394 1573 0.3047
1394 1574 0.3037
1394 1579 0.2806
1394 1580 0.3037
1394 1581 0.2498
1394 1583 0.3037
1394 1585 0.2439
1394 1586 0.2328
1394 1587 0.3037
1394 1588 0.5553
1394 1590 0.5294
1394 1591 0.3012
1394 1593 0.3985
1394 1594 0.3910
1394 1595 0.2682
1394 1597 0.2194
1394 1598 0.2379
1394 1603 0.2495
1394 1604 0.2846
1394 1605 0.4526
1394 1606 0.3088
1394 1608 0.3615
1394 1609 0.1974
1394 1611 0.3037
1394 1612 0.2794
1394 1613 0.3764
1394 1614 0.2470
1394 1616 0.3240
1394 1618 0.7076
1394 1619 0.2846
1394 1620 0.4112
1394 1621 0.5471
1394 1622 0.8319
1394 1623 0.2811
1394 1624 0.4350
1394 1628 0.2470
1394 1629 0.2682
1394 1630 0.2383
1394 1633 0.3037
1394 1634 0.4624
1394 1636 0.2470
1394 1637 0.5344
1394 1640 0.3100
1394 1642 0.2470
1394 1643 0.4476
1394 1645 0.3012
1394 1646 0.2204
1394 1647 0.4107
1394 1649 0.2470
1394 1650 0.2383
1394 1651 0.2846
1394 1653 0.3794
1394 1655 0.2846
1394 1656 0.2846
1394 1660 0.5851
1394 1661 0.5732
1394 1664 0.5350
1394 1665 0.2257
1394 1666 0.3012
1394 1667 0.2694
1394 1668 0.7359
1394 1669 0.2388
1394 1672 0.4808
1394 1677 0.2682
1394 1678 0.2470
1394 1679 0.3037
1394 1681 0.3012
1394 1682 0.2204
1394 1683 0.5940
1394 1686 0.5076
1394 1687 0.2222
1394 1688 0.3012
1394 1689 0.9706
1394 1690 0.2682
1394 1691 0.3779
1394 1692 0.3615
1394 1693 0.4289
1394 1694 0.6764
1394 1696 0.2470
1394 1698 0.1973
1394 1700 0.6501
1394 1701 0.4249
1394 1702 0.5928
1394 1703 0.3012
1394 1704 0.5569
1394 1705 0.5131
1394 1706 0.5131
1394 1707 0.6318
1394 1708 0.6278
1394 1711 0.3012
1394 1712 0.9807
1394 1713 0.7579
1394 1714 0.7079
1394 1715 0.6657
1394 1716 0.4015
1394 1717 0.9901
1394 1718 0.6278
1394 1721 0.3783
1394 1724 0.2846
1394 1725 0.3037
1394 1726 0.3012
1394 1730 0.2846
1395 1397 0.4974
1395 1398 0.1731
1395 1401 0.2569
1395 1402 0.2153
1395 1405 0.4169
1395 1408 0.1731
1395 1409 0.3196
1395 1410 0.4974
1395 1411 0.2153
1395 1412 0.2260
1395 1415 0.2405
1395 1416 0.3069
1395 1419 0.2169
1395 1421 0.2092
1395 1422 0.1798
1395 1423 0.2798
1395 1426 0.2045
1395 1427 0.1731
1395 1428 0.2067
1395 1430 0.2817
1395 1433 0.2089
1395 1434 0.6031
1395 1435 0.5129
1395 1437 0.3403
1395 1439 0.3290
1395 1440 0.4734
1395 1441 0.2169
1395 1446 0.1731
1395 1448 0.2081
1395 1449 0.2201
1395 1452 0.2169
1395 1453 0.1731
1395 1455 0.2118
1395 1456 0.2382
1395 1457 0.2342
1395 1460 0.1824
1395 1461 0.1731
1395 1462 0.2226
1395 1464 0.2617
1395 1466 0.2281
1395 1468 0.2154
1395 1472 0.2118
1395 1474 0.2065
1395 1475 0.1637
1395 1476 0.1731
1395 1477 0.2900
1395 1479 0.2173
1395 1480 0.1731
1395 1484 0.2197
1395 1485 0.2920
1395 1487 0.2242
1395 1490 0.2096
1395 1491 0.1824
1395 1493 0.2201
1395 1494 0.2151
1395 1495 0.2233
1395 1496 0.2808
1395 1497 0.2153
1395 1499 0.2153
1395 1500 0.1949
1395 1501 0.2518
1395 1503 0.2801
1395 1504 0.2002
1395 1505 0.2153
1395 1506 0.2169
1395 1507 0.1731
1395 1508 0.2153
1395 1510 0.1731
1395 1512 0.2118
1395 1514 0.2153
1395 1516 0.2095
1395 1517 0.1790
1395 1519 0.5159
1395 1520 0.5855
1395 1522 0.5454
1395 1526 0.4707
1395 1528 0.1871
1395 1529 0.2084
1395 1530 0.2055
1395 1531 0.1790
1395 1532 0.1824
1395 1534 0.2285
1395 1535 0.2275
1395 1537 0.2018
1395 1538 0.2615
1395 1541 0.2802
1395 1544 0.1805
1395 1545 0.1798
1395 1546 0.1828
1395 1547 0.5162
1395 1548 0.2169
1395 1549 0.1962
1395 1550 0.2337
1395 1551 0.2414
1395 1554 0.2024
1395 1562 0.1790
1395 1565 0.2024
1395 1567 0.1857
1395 1568 0.1731
1395 1569 0.2110
1395 1570 0.1875
1395 1571 0.2447
1395 1572 0.3115
1395 1573 0.2287
1395 1574 0.1731
1395 1579 0.2337
1395 1580 0.1731
1395 1581 0.1875
1395 1583 0.1731
1395 1585 0.1898
1395 1586 0.1824
1395 1587 0.1731
1395 1588 0.2556
1395 1590 0.2201
1395 1591 0.2153
1395 1593 0.2033
1395 1594 0.2700
1395 1595 0.2118
1395 1597 0.1936
1395 1598 0.2036
1395 1603 0.2261
1395 1604 0.1790
1395 1605 0.4368
1395 1606 0.2091
1395 1608 0.2387
1395 1609 0.1828
1395 1611 0.1731
1395 1612 0.2154
1395 1613 0.3185
1395 1614 0.2169
1395 1616 0.2550
1395 1618 0.3488
1395 1619 0.1790
1395 1620 0.2403
1395 1621 0.5211
1395 1622 0.7551
1395 1623 0.2155
1395 1624 0.3003
1395 1628 0.2169
1395 1629 0.2118
1395 1630 0.1923
1395 1633 0.1731
1395 1634 0.4624
1395 1636 0.2169
1395 1637 0.2567
1395 1640 0.2098
1395 1642 0.2169
1395 1643 0.2118
1395 1645 0.2153
1395 1646 0.1955
1395 1647 0.1800
1395 1649 0.2169
1395 1650 0.1923
1395 1651 0.1790
1395 1653 0.2447
1395 1655 0.1790
1395 1656 0.1790
1395 1660 0.2339
1395 1661 0.2260
1395 1664 0.3656
1395 1665 0.1817
1395 1666 0.2153
1395 1667 0.2201
1395 1668 0.5335
1395 1669 0.4974
1395 1672 0.2247
1395 1677 0.2118
1395 1678 0.2169
1395 1679 0.1731
1395 1681 0.2153
1395 1682 0.1955
1395 1683 0.3085
1395 1686 0.2128
1395 1687 0.2071
1395 1688 0.2153
1395 1689 0.9079
1395 1690 0.2118
1395 1691 0.3360
1395 1692 0.2533
1395 1693 0.2169
1395 1694 0.5604
1395 1696 0.2169
1395 1698 0.1824
1395 1700 0.2630
1395 1701 0.1817
1395 1702 0.2697
1395 1703 0.2153
1395 1704 0.2045
1395 1705 0.1740
1395 1706 0.1740
1395 1707 0.1935
1395 1708 0.1872
1395 1711 0.2153
1395 1712 0.6162
1395 1713 0.4808
1395 1714 0.2145
1395 1715 0.2151
1395 1716 0.2069
1395 1717 0.6406
1395 1718 0.1872
1395 1721 0.1817
1395 1724 0.1790
1395 1725 0.1731
1395 1726 0.2153
1395 1730 0.1790
1397 1398 0.1955
1397 1401 0.2420
1397 1402 0.1851
1397 1405 0.3520
1397 1408 0.1955
1397 1409 0.3460
1397 1410 0.2467
1397 1411 0.1851
1397 1412 0.2885
1397 1415 0.5913
1397 1416 0.3877
1397 1419 0.1635
1397 1421 0.2079
1397 1422 0.1689
1397 1423 0.3610
1397 1426 0.2089
1397 1427 0.1955
1397 1428 0.2720
1397 1430 0.3179
1397 1433 0.1917
1397 1434 0.4742
1397 1435 0.2773
1397 1437 0.2623
1397 1439 0.2506
1397 1440 0.1511
1397 1441 0.1635
1397 1446 0.1955
1397 1448 0.5554
1397 1449 0.2032
1397 1452 0.1635
1397 1453 0.1955
1397 1455 0.1932
1397 1456 0.2142
1397 1457 0.1858
1397 1460 0.1747
1397 1461 0.1955
1397 1462 0.2236
1397 1464 0.2355
1397 1466 0.3682
1397 1468 0.2047
1397 1472 0.1932
1397 1474 0.1856
1397 1475 0.1927
1397 1476 0.1955
1397 1477 0.2457
1397 1479 0.2096
1397 1480 0.1955
1397 1484 0.3575
1397 1485 0.2649
1397 1487 0.2286
1397 1490 0.2766
1397 1491 0.1747
1397 1493 0.2032
1397 1494 0.2098
1397 1495 0.1981
1397 1496 0.2880
1397 1497 0.1851
1397 1499 0.1851
1397 1500 0.1869
1397 1501 0.2370
1397 1503 0.3810
1397 1504 0.1895
1397 1505 0.1851
1397 1506 0.1635
1397 1507 0.1955
1397 1508 0.1851
1397 1510 0.1955
1397 1512 0.1932
1397 1514 0.1851
1397 1516 0.2092
1397 1517 0.1736
1397 1519 0.5159
1397 1520 0.5648
1397 1522 0.5471
1397 1526 0.5593
1397 1528 0.1890
1397 1529 0.1992
1397 1530 0.1954
1397 1531 0.1736
1397 1532 0.3424
1397 1534 0.1932
1397 1535 0.2094
1397 1537 0.4445
1397 1538 0.2364
1397 1541 0.2619
1397 1544 0.4445
1397 1545 0.1689
1397 1546 0.1693
1397 1547 0.5456
1397 1548 0.1635
1397 1549 0.1879
1397 1550 0.2123
1397 1551 0.2260
1397 1554 0.2068
1397 1562 0.1736
1397 1565 0.2068
1397 1567 0.1816
1397 1568 0.1955
1397 1569 0.1870
1397 1570 0.1903
1397 1571 0.2244
1397 1572 0.2559
1397 1573 0.2195
1397 1574 0.1955
1397 1579 0.2032
1397 1580 0.1955
1397 1581 0.1903
1397 1583 0.1955
1397 1585 0.1937
1397 1586 0.1747
1397 1587 0.1955
1397 1588 0.2509
1397 1590 0.2032
1397 1591 0.1851
1397 1593 0.2104
1397 1594 0.2090
1397 1595 0.1932
1397 1597 0.1843
1397 1598 0.1547
1397 1603 0.1947
1397 1604 0.1736
1397 1605 0.1379
1397 1606 0.2240
1397 1608 0.2449
1397 1609 0.1693
1397 1611 0.1955
1397 1612 0.2047
1397 1613 0.2849
1397 1614 0.1635
1397 1616 0.2261
1397 1618 0.3556
1397 1619 0.1736
1397 1620 0.2211
1397 1621 0.5745
1397 1622 0.7004
1397 1623 0.2045
1397 1624 0.3164
1397 1628 0.1635
1397 1629 0.1932
1397 1630 0.1813
1397 1633 0.1955
1397 1634 0.1546
1397 1636 0.1635
1397 1637 0.2501
1397 1640 0.2321
1397 1642 0.1635
1397 1643 0.1932
1397 1645 0.1851
1397 1646 0.1900
1397 1647 0.1888
1397 1649 0.1635
1397 1650 0.1813
1397 1651 0.1736
1397 1653 0.2244
1397 1655 0.1736
1397 1656 0.1736
1397 1660 0.2236
1397 1661 0.2885
1397 1664 0.4803
1397 1665 0.3278
1397 1666 0.1851
1397 1667 0.2032
1397 1668 0.7477
1397 1669 0.2467
1397 1672 0.2272
1397 1677 0.1932
1397 1678 0.3150
1397 1679 0.1955
1397 1681 0.1851
1397 1682 0.1900
1397 1683 0.4640
1397 1686 0.4236
1397 1687 0.1877
1397 1688 0.1851
1397 1689 0.9482
1397 1690 0.1932
1397 1691 0.5073
1397 1692 0.4423
1397 1693 0.1635
1397 1694 0.6061
1397 1696 0.1635
1397 1698 0.3842
1397 1700 0.2187
1397 1701 0.1720
1397 1702 0.1433
1397 1703 0.1851
1397 1704 0.2089
1397 1705 0.2004
1397 1706 0.2004
1397 1707 0.2143
1397 1708 0.1992
1397 1711 0.1851
1397 1712 0.8434
1397 1713 0.2996
1397 1714 0.4579
1397 1715 0.2274
1397 1716 0.2011
1397 1717 0.8704
1397 1718 0.1992
1397 1721 0.1720
1397 1724 0.1736
1397 1725 0.1955
1397 1726 0.1851
1397 1730 0.1736
1398 1401 0.2414
1398 1402 0.1490
1398 1405 0.2049
1398 1408 0.1228
1398 1409 0.1808
1398 1410 0.1955
1398 1411 0.1490
1398 1412 0.2085
1398 1415 0.2906
1398 1416 0.2795
1398 1419 0.1731
1398 1421 0.2293
1398 1422 0.2315
1398 1423 0.1889
1398 1426 0.1894
1398 1427 0.1228
1398 1428 0.2001
1398 1430 0.1657
1398 1433 0.2268
1398 1434 0.6031
1398 1435 0.5129
1398 1437 0.2629
1398 1439 0.3156
1398 1440 0.4734
1398 1441 0.1731
1398 1446 0.1228
1398 1448 0.2382
1398 1449 0.2127
1398 1452 0.1731
1398 1453 0.1228
1398 1455 0.1755
1398 1456 0.2403
1398 1457 0.2507
1398 1460 0.2353
1398 1461 0.1228
1398 1462 0.2009
1398 1464 0.2032
1398 1466 0.1999
1398 1468 0.1967
1398 1472 0.1755
1398 1474 0.1808
1398 1475 0.1955
1398 1476 0.1228
1398 1477 0.2674
1398 1479 0.2354
1398 1480 0.1228
1398 1484 0.2153
1398 1485 0.2600
1398 1487 0.2030
1398 1490 0.2602
1398 1491 0.2353
1398 1493 0.2127
1398 1494 0.2106
1398 1495 0.1907
1398 1496 0.2598
1398 1497 0.1490
1398 1499 0.1490
1398 1500 0.1889
1398 1501 0.2382
1398 1503 0.3249
1398 1504 0.2358
1398 1505 0.1490
1398 1506 0.1731
1398 1507 0.1228
1398 1508 0.1490
1398 1510 0.1228
1398 1512 0.1755
1398 1514 0.1490
1398 1516 0.2537
1398 1517 0.1431
1398 1519 0.5159
1398 1520 0.5855
1398 1522 0.4629
1398 1526 0.3337
1398 1528 0.1666
1398 1529 0.2519
1398 1530 0.2246
1398 1531 0.1431
1398 1532 0.2353
1398 1534 0.1755
1398 1535 0.2408
1398 1537 0.2553
1398 1538 0.2571
1398 1541 0.2204
1398 1544 0.2305
1398 1545 0.2315
1398 1546 0.2025
1398 1547 0.4768
1398 1548 0.1731
1398 1549 0.1871
1398 1550 0.2989
1398 1551 0.3155
1398 1554 0.1871
1398 1562 0.1431
1398 1565 0.1871
1398 1567 0.2526
1398 1568 0.1228
1398 1569 0.1744
1398 1570 0.1671
1398 1571 0.1481
1398 1572 0.2194
1398 1573 0.2552
1398 1574 0.1228
1398 1579 0.2200
1398 1580 0.1228
1398 1581 0.1671
1398 1583 0.1228
1398 1585 0.1792
1398 1586 0.2353
1398 1587 0.1228
1398 1588 0.1840
1398 1590 0.2127
1398 1591 0.1490
1398 1593 0.2827
1398 1594 0.2277
1398 1595 0.1755
1398 1597 0.1875
1398 1598 0.1717
1398 1603 0.1877
1398 1604 0.1431
1398 1605 0.4249
1398 1606 0.2719
1398 1608 0.1864
1398 1609 0.2025
1398 1611 0.1228
1398 1612 0.1967
1398 1613 0.2687
1398 1614 0.1731
1398 1616 0.2009
1398 1618 0.3945
1398 1619 0.1431
1398 1620 0.2416
1398 1621 0.4609
1398 1622 0.7536
1398 1623 0.2547
1398 1624 0.2874
1398 1628 0.1731
1398 1629 0.1755
1398 1630 0.1975
1398 1633 0.1228
1398 1634 0.4624
1398 1636 0.1731
1398 1637 0.2508
1398 1640 0.2769
1398 1642 0.1731
1398 1643 0.1755
1398 1645 0.1490
1398 1646 0.1896
1398 1647 0.1820
1398 1649 0.1731
1398 1650 0.1975
1398 1651 0.1431
1398 1653 0.1481
1398 1655 0.1431
1398 1656 0.1431
1398 1660 0.2745
1398 1661 0.2085
1398 1664 0.2813
1398 1665 0.2342
1398 1666 0.1490
1398 1667 0.2127
1398 1668 0.3572
1398 1669 0.1955
1398 1672 0.2152
1398 1677 0.1755
1398 1678 0.1731
1398 1679 0.1228
1398 1681 0.1490
1398 1682 0.1896
1398 1683 0.3566
1398 1686 0.2386
1398 1687 0.1815
1398 1688 0.1490
1398 1689 0.8761
1398 1690 0.1755
1398 1691 0.1949
1398 1692 0.1864
1398 1693 0.1731
1398 1694 0.3198
1398 1696 0.1731
1398 1698 0.2022
1398 1700 0.1864
1398 1701 0.2342
1398 1702 0.2349
1398 1703 0.1490
1398 1704 0.1894
1398 1705 0.1681
1398 1706 0.1681
1398 1707 0.2413
1398 1708 0.2512
1398 1711 0.1490
1398 1712 0.7098
1398 1713 0.4808
1398 1714 0.2780
1398 1715 0.2096
1398 1716 0.2263
1398 1717 0.7391
1398 1718 0.2512
1398 1721 0.2342
1398 1724 0.1431
1398 1725 0.1228
1398 1726 0.1490
1398 1730 0.1431
1401 1402 0.2880
1401 1405 0.4391
1401 1408 0.2414
1401 1409 0.4518
1401 1410 0.2420
1401 1411 0.2880
1401 1412 0.4182
1401 1415 0.4826
1401 1416 0.3899
1401 1419 0.3114
1401 1421 0.2543
1401 1422 0.2490
1401 1423 0.3768
1401 1426 0.2613
1401 1427 0.2414
1401 1428 0.5009
1401 1430 0.3456
1401 1433 0.2462
1401 1434 0.7042
1401 1435 0.2562
1401 1437 0.3281
1401 1439 0.4000
1401 1440 0.1613
1401 1441 0.2569
1401 1446 0.2414
1401 1448 0.3364
1401 1449 0.2805
1401 1452 0.2569
1401 1453 0.2414
1401 1455 0.2959
1401 1456 0.2882
1401 1457 0.2880
1401 1460 0.2610
1401 1461 0.2414
1401 1462 0.4326
1401 1464 0.3203
1401 1466 0.2906
1401 1468 0.2672
1401 1472 0.2959
1401 1474 0.2526
1401 1475 0.2421
1401 1476 0.2414
1401 1477 0.3194
1401 1479 0.2961
1401 1480 0.2414
1401 1484 0.4915
1401 1485 0.3872
1401 1487 0.4565
1401 1490 0.2541
1401 1491 0.2610
1401 1493 0.2805
1401 1494 0.2611
1401 1495 0.2841
1401 1496 0.4527
1401 1497 0.2880
1401 1499 0.2880
1401 1500 0.2494
1401 1501 0.3364
1401 1503 0.3634
1401 1504 0.2677
1401 1505 0.2880
1401 1506 0.2569
1401 1507 0.2414
1401 1508 0.2880
1401 1510 0.2414
1401 1512 0.2959
1401 1514 0.2880
1401 1516 0.2984
1401 1517 0.2473
1401 1519 0.5159
1401 1520 0.5855
1401 1522 0.5394
1401 1526 0.5773
1401 1528 0.2389
1401 1529 0.2965
1401 1530 0.2503
1401 1531 0.2473
1401 1532 0.3739
1401 1534 0.2959
1401 1535 0.3287
1401 1537 0.3084
1401 1538 0.3397
1401 1541 0.3828
1401 1544 0.2792
1401 1545 0.2490
1401 1546 0.2334
1401 1547 0.5491
1401 1548 0.2569
1401 1549 0.2522
1401 1550 0.3235
1401 1551 0.3088
1401 1554 0.2587
1401 1562 0.2473
1401 1565 0.2587
1401 1567 0.2553
1401 1568 0.2414
1401 1569 0.2792
1401 1570 0.2394
1401 1571 0.3460
1401 1572 0.4102
1401 1573 0.2885
1401 1574 0.2414
1401 1579 0.3045
1401 1580 0.2414
1401 1581 0.2394
1401 1583 0.2414
1401 1585 0.2444
1401 1586 0.2610
1401 1587 0.2414
1401 1588 0.3733
1401 1590 0.2805
1401 1591 0.2880
1401 1593 0.2790
1401 1594 0.3427
1401 1595 0.2959
1401 1597 0.2483
1401 1598 0.2431
1401 1603 0.2728
1401 1604 0.2473
1401 1605 0.4380
1401 1606 0.3163
1401 1608 0.3696
1401 1609 0.2334
1401 1611 0.2414
1401 1612 0.2672
1401 1613 0.3783
1401 1614 0.2569
1401 1616 0.3094
1401 1618 0.5032
1401 1619 0.2473
1401 1620 0.3138
1401 1621 0.5532
1401 1622 0.8636
1401 1623 0.2986
1401 1624 0.4249
1401 1628 0.2569
1401 1629 0.2959
1401 1630 0.2345
1401 1633 0.2414
1401 1634 0.4624
1401 1636 0.2569
1401 1637 0.6156
1401 1640 0.3168
1401 1642 0.2569
1401 1643 0.2959
1401 1645 0.2880
1401 1646 0.2498
1401 1647 0.2215
1401 1649 0.2569
1401 1650 0.2345
1401 1651 0.2473
1401 1653 0.3460
1401 1655 0.2473
1401 1656 0.2473
1401 1660 0.3476
1401 1661 0.4182
1401 1664 0.4826
1401 1665 0.2513
1401 1666 0.2880
1401 1667 0.2805
1401 1668 0.7701
1401 1669 0.2420
1401 1672 0.2997
1401 1677 0.2959
1401 1678 0.3227
1401 1679 0.2414
1401 1681 0.2880
1401 1682 0.2498
1401 1683 0.3675
1401 1686 0.3883
1401 1687 0.2532
1401 1688 0.2880
1401 1689 0.9568
1401 1690 0.2959
1401 1691 0.5681
1401 1692 0.3696
1401 1693 0.2569
1401 1694 0.6709
1401 1696 0.2569
1401 1698 0.4424
1401 1700 0.3101
1401 1701 0.2513
1401 1702 0.3787
1401 1703 0.2880
1401 1704 0.2613
1401 1705 0.2774
1401 1706 0.2774
1401 1707 0.2977
1401 1708 0.3297
1401 1711 0.2476
1401 1712 0.8843
1401 1713 0.3235
1401 1714 0.3386
1401 1715 0.4351
1401 1716 0.2520
1401 1717 0.9101
1401 1718 0.3297
1401 1721 0.2513
1401 1724 0.2473
1401 1725 0.2414
1401 1726 0.2880
1401 1730 0.2473
1402 1405 0.2634
1402 1408 0.1490
1402 1409 0.1760
1402 1410 0.1851
1402 1411 0.1800
1402 1412 0.2817
1402 1415 0.6245
1402 1416 0.2483
1402 1419 0.2153
1402 1421 0.2022
1402 1422 0.2106
1402 1423 0.2645
1402 1426 0.1790
1402 1427 0.1490
1402 1428 0.2322
1402 1430 0.1827
1402 1433 0.1988
1402 1434 0.6031
1402 1435 0.5129
1402 1437 0.2794
1402 1439 0.3744
1402 1440 0.4734
1402 1441 0.2153
1402 1446 0.1490
1402 1448 0.2841
1402 1449 0.2517
1402 1452 0.2153
1402 1453 0.1490
1402 1455 0.2182
1402 1456 0.2524
1402 1457 0.2125
1402 1460 0.2141
1402 1461 0.1490
1402 1462 0.1932
1402 1464 0.2470
1402 1466 0.1920
1402 1468 0.3279
1402 1472 0.2182
1402 1474 0.2073
1402 1475 0.1852
1402 1476 0.1490
1402 1477 0.2790
1402 1479 0.2563
1402 1480 0.1490
1402 1484 0.3118
1402 1485 0.2989
1402 1487 0.1946
1402 1490 0.2478
1402 1491 0.2141
1402 1493 0.2517
1402 1494 0.2335
1402 1495 0.2076
1402 1496 0.2854
1402 1497 0.1800
1402 1499 0.1800
1402 1500 0.2189
1402 1501 0.2841
1402 1503 0.2942
1402 1504 0.2333
1402 1505 0.1800
1402 1506 0.2153
1402 1507 0.1490
1402 1508 0.1800
1402 1510 0.1490
1402 1512 0.2182
1402 1514 0.1800
1402 1516 0.2308
1402 1517 0.1762
1402 1519 0.3126
1402 1520 0.4189
1402 1522 0.5285
1402 1526 0.4449
1402 1528 0.1745
1402 1529 0.2294
1402 1530 0.1984
1402 1531 0.1762
1402 1532 0.2141
1402 1534 0.2182
1402 1535 0.2637
1402 1537 0.2366
1402 1538 0.2517
1402 1541 0.2887
1402 1544 0.2137
1402 1545 0.2106
1402 1546 0.2206
1402 1547 0.4977
1402 1548 0.2153
1402 1549 0.2210
1402 1550 0.2870
1402 1551 0.2940
1402 1554 0.1773
1402 1562 0.1762
1402 1565 0.1773
1402 1567 0.2954
1402 1568 0.1490
1402 1569 0.2169
1402 1570 0.1748
1402 1571 0.1855
1402 1572 0.2876
1402 1573 0.2794
1402 1574 0.1490
1402 1579 0.2640
1402 1580 0.1490
1402 1581 0.1748
1402 1583 0.1490
1402 1585 0.2124
1402 1586 0.2497
1402 1587 0.1490
1402 1588 0.2510
1402 1590 0.2517
1402 1591 0.1800
1402 1593 0.2470
1402 1594 0.2394
1402 1595 0.2182
1402 1597 0.2173
1402 1598 0.2138
1402 1603 0.2282
1402 1604 0.1762
1402 1605 0.4249
1402 1606 0.2521
1402 1608 0.2329
1402 1609 0.3475
1402 1611 0.1490
1402 1612 0.3279
1402 1613 0.2994
1402 1614 0.2153
1402 1616 0.2584
1402 1618 0.3909
1402 1619 0.1762
1402 1620 0.2127
1402 1621 0.5437
1402 1622 0.8832
1402 1623 0.2529
1402 1624 0.2643
1402 1628 0.2153
1402 1629 0.2182
1402 1630 0.2048
1402 1633 0.1490
1402 1634 0.4624
1402 1636 0.2153
1402 1637 0.2538
1402 1640 0.2535
1402 1642 0.2153
1402 1643 0.2182
1402 1645 0.1800
1402 1646 0.2196
1402 1647 0.1792
1402 1649 0.2153
1402 1650 0.2048
1402 1651 0.1762
1402 1653 0.1855
1402 1655 0.1762
1402 1656 0.1762
1402 1660 0.2109
1402 1661 0.2817
1402 1664 0.4215
1402 1665 0.2267
1402 1666 0.1800
1402 1667 0.2517
1402 1668 0.6958
1402 1669 0.1851
1402 1672 0.4582
1402 1677 0.2182
1402 1678 0.2184
1402 1679 0.1490
1402 1681 0.1800
1402 1682 0.2196
1402 1683 0.5652
1402 1686 0.5849
1402 1687 0.2079
1402 1688 0.1800
1402 1689 0.9596
1402 1690 0.2182
1402 1691 0.3888
1402 1692 0.2329
1402 1693 0.1783
1402 1694 0.6012
1402 1696 0.2153
1402 1698 0.3276
1402 1700 0.2017
1402 1701 0.2131
1402 1702 0.2492
1402 1703 0.1800
1402 1704 0.1790
1402 1705 0.1940
1402 1706 0.1940
1402 1707 0.2241
1402 1708 0.1845
1402 1711 0.1800
1402 1712 0.7098
1402 1713 0.4808
1402 1714 0.2575
1402 1715 0.2430
1402 1716 0.1998
1402 1717 0.7391
1402 1718 0.1845
1402 1721 0.2131
1402 1724 0.1762
1402 1725 0.1490
1402 1726 0.1800
1402 1730 0.1762
1405 1408 0.2049
1405 1409 0.4143
1405 1410 0.3520
1405 1411 0.2433
1405 1412 0.4115
1405 1415 0.5330
1405 1416 0.5406
1405 1419 0.3207
1405 1421 0.2012
1405 1422 0.2247
1405 1423 0.4616
1405 1426 0.2055
1405 1427 0.2049
1405 1428 0.2805
1405 1430 0.3917
1405 1433 0.2810
1405 1434 0.4074
1405 1435 0.5129
1405 1437 0.4331
1405 1439 0.3636
1405 1440 0.4734
1405 1441 0.3010
1405 1446 0.2049
1405 1448 0.5109
1405 1449 0.2876
1405 1452 0.3010
1405 1453 0.2049
1405 1455 0.4279
1405 1456 0.2205
1405 1457 0.2344
1405 1460 0.2435
1405 1461 0.2049
1405 1462 0.4216
1405 1464 0.2573
1405 1466 0.2240
1405 1468 0.2156
1405 1472 0.2493
1405 1474 0.1846
1405 1475 0.2450
1405 1476 0.2049
1405 1477 0.2580
1405 1479 0.4035
1405 1480 0.2049
1405 1484 0.2906
1405 1485 0.2947
1405 1487 0.4490
1405 1490 0.2474
1405 1491 0.2435
1405 1493 0.2876
1405 1494 0.2245
1405 1495 0.2413
1405 1496 0.3716
1405 1497 0.2433
1405 1499 0.2433
1405 1500 0.2222
1405 1501 0.2819
1405 1503 0.2945
1405 1504 0.2317
1405 1505 0.2433
1405 1506 0.3010
1405 1507 0.2049
1405 1508 0.2433
1405 1510 0.2049
1405 1512 0.2493
1405 1514 0.2433
1405 1516 0.3236
1405 1517 0.2802
1405 1519 0.5159
1405 1520 0.9685
1405 1522 0.5407
1405 1526 0.5275
1405 1528 0.2123
1405 1529 0.3029
1405 1530 0.1888
1405 1531 0.2802
1405 1532 0.3012
1405 1534 0.2493
1405 1535 0.3147
1405 1537 0.3059
1405 1538 0.3055
1405 1541 0.3195
1405 1544 0.2904
1405 1545 0.2247
1405 1546 0.2245
1405 1547 0.5178
1405 1548 0.3010
1405 1549 0.2333
1405 1550 0.2643
1405 1551 0.2982
1405 1554 0.2036
1405 1562 0.2802
1405 1565 0.2036
1405 1567 0.2331
1405 1568 0.2049
1405 1569 0.2343
1405 1570 0.2126
1405 1571 0.2998
1405 1572 0.3421
1405 1573 0.3168
1405 1574 0.2049
1405 1579 0.2316
1405 1580 0.2049
1405 1581 0.2126
1405 1583 0.2049
1405 1585 0.2382
1405 1586 0.2435
1405 1587 0.2049
1405 1588 0.3303
1405 1590 0.2876
1405 1591 0.2433
1405 1593 0.2573
1405 1594 0.2777
1405 1595 0.2493
1405 1597 0.2194
1405 1598 0.2815
1405 1603 0.2238
1405 1604 0.2802
1405 1605 0.4570
1405 1606 0.3086
1405 1608 0.3396
1405 1609 0.2245
1405 1611 0.2049
1405 1612 0.2156
1405 1613 0.3406
1405 1614 0.3010
1405 1616 0.4434
1405 1618 0.5282
1405 1619 0.2802
1405 1620 0.2615
1405 1621 0.5522
1405 1622 0.8255
1405 1623 0.2544
1405 1624 0.3595
1405 1628 0.3010
1405 1629 0.2493
1405 1630 0.1931
1405 1633 0.2049
1405 1634 0.4624
1405 1636 0.3010
1405 1637 0.5473
1405 1640 0.3069
1405 1642 0.3010
1405 1643 0.2493
1405 1645 0.2433
1405 1646 0.2218
1405 1647 0.1829
1405 1649 0.3010
1405 1650 0.1931
1405 1651 0.2802
1405 1653 0.2998
1405 1655 0.2802
1405 1656 0.2802
1405 1660 0.3967
1405 1661 0.4115
1405 1664 0.5632
1405 1665 0.2314
1405 1666 0.2433
1405 1667 0.2876
1405 1668 0.7584
1405 1669 0.3520
1405 1672 0.2936
1405 1677 0.2493
1405 1678 0.4169
1405 1679 0.2049
1405 1681 0.2433
1405 1682 0.2218
1405 1683 0.5180
1405 1686 0.3966
1405 1687 0.1862
1405 1688 0.2433
1405 1689 0.9881
1405 1690 0.2726
1405 1691 0.7141
1405 1692 0.3396
1405 1693 0.3207
1405 1694 0.7216
1405 1696 0.3010
1405 1698 0.4845
1405 1700 0.3605
1405 1701 0.2314
1405 1702 0.3061
1405 1703 0.2433
1405 1704 0.2055
1405 1705 0.2421
1405 1706 0.2421
1405 1707 0.3874
1405 1708 0.1919
1405 1711 0.2433
1405 1712 0.6694
1405 1713 0.4914
1405 1714 0.3324
1405 1715 0.2851
1405 1716 0.1925
1405 1717 0.7911
1405 1718 0.1919
1405 1721 0.2314
1405 1724 0.2802
1405 1725 0.2049
1405 1726 0.2433
1405 1730 0.2802
1408 1409 0.1808
1408 1410 0.1955
1408 1411 0.1490
1408 1412 0.2085
1408 1415 0.2906
1408 1416 0.2795
1408 1419 0.1731
1408 1421 0.2293
1408 1422 0.2315
1408 1423 0.1889
1408 1426 0.1894
1408 1427 0.1228
1408 1428 0.2001
1408 1430 0.1657
1408 1433 0.2268
1408 1434 0.6031
1408 1435 0.5129
1408 1437 0.2629
1408 1439 0.3156
1408 1440 0.4734
1408 1441 0.1731
1408 1446 0.1228
1408 1448 0.2382
1408 1449 0.2127
1408 1452 0.1731
1408 1453 0.1228
1408 1455 0.1755
1408 1456 0.2403
1408 1457 0.2507
1408 1460 0.2353
1408 1461 0.1228
1408 1462 0.2009
1408 1464 0.2032
1408 1466 0.1999
1408 1468 0.1967
1408 1472 0.1755
1408 1474 0.1808
1408 1475 0.1955
1408 1476 0.1228
1408 1477 0.2674
1408 1479 0.2354
1408 1480 0.1228
1408 1484 0.2153
1408 1485 0.2600
1408 1487 0.2030
1408 1490 0.2602
1408 1491 0.2353
1408 1493 0.2127
1408 1494 0.2106
1408 1495 0.1907
1408 1496 0.2598
1408 1497 0.1490
1408 1499 0.1490
1408 1500 0.1889
1408 1501 0.2382
1408 1503 0.3249
1408 1504 0.2358
1408 1505 0.1490
1408 1506 0.1731
1408 1507 0.1228
1408 1508 0.1490
1408 1510 0.1228
1408 1512 0.1755
1408 1514 0.1490
1408 1516 0.2537
1408 1517 0.1431
1408 1519 0.5159
1408 1520 0.5855
1408 1522 0.4629
1408 1526 0.3337
1408 1528 0.1666
1408 1529 0.2519
1408 1530 0.2246
1408 1531 0.1431
1408 1532 0.2353
1408 1534 0.1755
1408 1535 0.2408
1408 1537 0.2553
1408 1538 0.2571
1408 1541 0.2204
1408 1544 0.2305
1408 1545 0.2315
1408 1546 0.2025
1408 1547 0.4768
1408 1548 0.1731
1408 1549 0.1871
1408 1550 0.2989
1408 1551 0.3155
1408 1554 0.1871
1408 1562 0.1431
1408 1565 0.1871
1408 1567 0.2526
1408 1568 0.1228
1408 1569 0.1744
1408 1570 0.1671
1408 1571 0.1481
1408 1572 0.2194
1408 1573 0.2552
1408 1574 0.1228
1408 1579 0.2200
1408 1580 0.1228
1408 1581 0.1671
1408 1583 0.1228
1408 1585 0.1792
1408 1586 0.2353
1408 1587 0.1228
1408 1588 0.1840
1408 1590 0.2127
1408 1591 0.1490
1408 1593 0.2827
1408 1594 0.2277
1408 1595 0.1755
1408 1597 0.1875
1408 1598 0.1717
1408 1603 0.1877
1408 1604 0.1431
1408 1605 0.4249
1408 1606 0.2719
1408 1608 0.1864
1408 1609 0.2025
1408 1611 0.1228
1408 1612 0.1967
1408 1613 0.2687
1408 1614 0.1731
1408 1616 0.2009
1408 1618 0.3945
1408 1619 0.1431
1408 1620 0.2416
1408 1621 0.4609
1408 1622 0.7536
1408 1623 0.2547
1408 1624 0.2874
1408 1628 0.1731
1408 1629 0.1755
1408 1630 0.1975
1408 1633 0.1228
1408 1634 0.4624
1408 1636 0.1731
1408 1637 0.2508
1408 1640 0.2769
1408 1642 0.1731
1408 1643 0.1755
1408 1645 0.1490
1408 1646 0.1896
1408 1647 0.1820
1408 1649 0.1731
1408 1650 0.1975
1408 1651 0.1431
1408 1653 0.1481
1408 1655 0.1431
1408 1656 0.1431
1408 1660 0.2745
1408 1661 0.2085
1408 1664 0.2813
1408 1665 0.2342
1408 1666 0.1490
1408 1667 0.2127
1408 1668 0.3572
1408 1669 0.1955
1408 1672 0.2152
1408 1677 0.1755
1408 1678 0.1731
1408 1679 0.1228
1408 1681 0.1490
1408 1682 0.1896
1408 1683 0.3566
1408 1686 0.2386
1408 1687 0.1815
1408 1688 0.1490
1408 1689 0.8761
1408 1690 0.1755
1408 1691 0.1949
1408 1692 0.1864
1408 1693 0.1731
1408 1694 0.3198
1408 1696 0.1731
1408 1698 0.2022
1408 1700 0.1864
1408 1701 0.2342
1408 1702 0.2349
1408 1703 0.1490
1408 1704 0.1894
1408 1705 0.1681
1408 1706 0.1681
1408 1707 0.2413
1408 1708 0.2512
1408 1711 0.1490
1408 1712 0.7098
1408 1713 0.4808
1408 1714 0.2780
1408 1715 0.2096
1408 1716 0.2263
1408 1717 0.7391
1408 1718 0.2512
1408 1721 0.2342
1408 1724 0.1431
1408 1725 0.1228
1408 1726 0.1490
1408 1730 0.1431
1409 1410 0.3460
1409 1411 0.2073
1409 1412 0.3769
1409 1415 0.6329
1409 1416 0.3348
1409 1419 0.2065
1409 1421 0.1684
1409 1422 0.1688
1409 1423 0.2720
1409 1426 0.1692
1409 1427 0.1808
1409 1428 0.2501
1409 1430 0.1851
1409 1433 0.2607
1409 1434 0.6031
1409 1435 0.5129
1409 1437 0.4239
1409 1439 0.2701
1409 1440 0.4734
1409 1441 0.2065
1409 1446 0.1808
1409 1448 0.4506
1409 1449 0.1980
1409 1452 0.2065
1409 1453 0.1808
1409 1455 0.1706
1409 1456 0.1842
1409 1457 0.1960
1409 1460 0.1799
1409 1461 0.1808
1409 1462 0.1718
1409 1464 0.2057
1409 1466 0.1824
1409 1468 0.4050
1409 1472 0.1706
1409 1474 0.1589
1409 1475 0.1857
1409 1476 0.1808
1409 1477 0.2066
1409 1479 0.2327
1409 1480 0.1808
1409 1484 0.3742
1409 1485 0.2267
1409 1487 0.1783
1409 1490 0.1978
1409 1491 0.1799
1409 1493 0.1980
1409 1494 0.1790
1409 1495 0.1877
1409 1496 0.1839
1409 1497 0.2073
1409 1499 0.2073
1409 1500 0.1648
1409 1501 0.2249
1409 1503 0.2469
1409 1504 0.1728
1409 1505 0.2073
1409 1506 0.2065
1409 1507 0.1808
1409 1508 0.2073
1409 1510 0.1808
1409 1512 0.1706
1409 1514 0.2073
1409 1516 0.2215
1409 1517 0.2440
1409 1519 0.3126
1409 1520 0.4189
1409 1522 0.5487
1409 1526 0.5665
1409 1528 0.1764
1409 1529 0.2249
1409 1530 0.1601
1409 1531 0.2440
1409 1532 0.2216
1409 1534 0.1706
1409 1535 0.2595
1409 1537 0.2729
1409 1538 0.2125
1409 1541 0.2260
1409 1544 0.2454
1409 1545 0.1688
1409 1546 0.1677
1409 1547 0.5400
1409 1548 0.2065
1409 1549 0.1893
1409 1550 0.2157
1409 1551 0.2296
1409 1554 0.1677
1409 1562 0.2440
1409 1565 0.1677
1409 1567 0.2412
1409 1568 0.1808
1409 1569 0.1690
1409 1570 0.1764
1409 1571 0.2612
1409 1572 0.2518
1409 1573 0.2217
1409 1574 0.1808
1409 1579 0.1853
1409 1580 0.1808
1409 1581 0.1764
1409 1583 0.1808
1409 1585 0.1865
1409 1586 0.2960
1409 1587 0.1808
1409 1588 0.2337
1409 1590 0.1980
1409 1591 0.2073
1409 1593 0.2128
1409 1594 0.2382
1409 1595 0.1706
1409 1597 0.1641
1409 1598 0.1891
1409 1603 0.1749
1409 1604 0.2440
1409 1605 0.1363
1409 1606 0.2273
1409 1608 0.2404
1409 1609 0.3505
1409 1611 0.1808
1409 1612 0.4050
1409 1613 0.2584
1409 1614 0.2065
1409 1616 0.1894
1409 1618 0.3733
1409 1619 0.2440
1409 1620 0.1881
1409 1621 0.5589
1409 1622 0.8588
1409 1623 0.1886
1409 1624 0.2632
1409 1628 0.2065
1409 1629 0.1706
1409 1630 0.1595
1409 1633 0.1808
1409 1634 0.1493
1409 1636 0.2065
1409 1637 0.1947
1409 1640 0.2462
1409 1642 0.2065
1409 1643 0.1706
1409 1645 0.2073
1409 1646 0.1677
1409 1647 0.1567
1409 1649 0.2065
1409 1650 0.1595
1409 1651 0.2440
1409 1653 0.2612
1409 1655 0.2440
1409 1656 0.2440
1409 1660 0.2200
1409 1661 0.3769
1409 1664 0.6447
1409 1665 0.3346
1409 1666 0.2073
1409 1667 0.1980
1409 1668 0.7590
1409 1669 0.3460
1409 1672 0.5932
1409 1677 0.1706
1409 1678 0.3196
1409 1679 0.1808
1409 1681 0.2073
1409 1682 0.1677
1409 1683 0.6816
1409 1686 0.6145
1409 1687 0.1586
1409 1688 0.2073
1409 1689 0.9720
1409 1690 0.1706
1409 1691 0.3735
1409 1692 0.2404
1409 1693 0.1943
1409 1694 0.6511
1409 1696 0.2065
1409 1698 0.3665
1409 1700 0.3158
1409 1701 0.1745
1409 1702 0.3919
1409 1703 0.2073
1409 1704 0.1692
1409 1705 0.2056
1409 1706 0.2056
1409 1707 0.2201
1409 1708 0.1615
1409 1711 0.2073
1409 1712 0.7085
1409 1713 0.4939
1409 1714 0.2903
1409 1715 0.2132
1409 1716 0.1633
1409 1717 0.7432
1409 1718 0.1615
1409 1721 0.1745
1409 1724 0.2440
1409 1725 0.1808
1409 1726 0.2073
1409 1730 0.2440
1410 1411 0.1851
1410 1412 0.2885
1410 1415 0.5913
1410 1416 0.3877
1410 1419 0.1635
1410 1421 0.2079
1410 1422 0.1689
1410 1423 0.3610
1410 1426 0.2089
1410 1427 0.1955
1410 1428 0.2720
1410 1430 0.3179
1410 1433 0.1917
1410 1434 0.4742
1410 1435 0.2773
1410 1437 0.2623
1410 1439 0.2506
1410 1440 0.1511
1410 1441 0.1635
1410 1446 0.1955
1410 1448 0.5554
1410 1449 0.2032
1410 1452 0.1635
1410 1453 0.1955
1410 1455 0.1932
1410 1456 0.2142
1410 1457 0.1858
1410 1460 0.1747
1410 1461 0.1955
1410 1462 0.2236
1410 1464 0.2355
1410 1466 0.3682
1410 1468 0.2047
1410 1472 0.1932
1410 1474 0.1856
1410 1475 0.1927
1410 1476 0.1955
1410 1477 0.2457
1410 1479 0.2096
1410 1480 0.1955
1410 1484 0.3575
1410 1485 0.2649
1410 1487 0.2286
1410 1490 0.2766
1410 1491 0.1747
1410 1493 0.2032
1410 1494 0.2098
1410 1495 0.1981
1410 1496 0.2880
1410 1497 0.1851
1410 1499 0.1851
1410 1500 0.1869
1410 1501 0.2370
1410 1503 0.3810
1410 1504 0.1895
1410 1505 0.1851
1410 1506 0.1635
1410 1507 0.1955
1410 1508 0.1851
1410 1510 0.1955
1410 1512 0.1932
1410 1514 0.1851
1410 1516 0.2092
1410 1517 0.1736
1410 1519 0.5159
1410 1520 0.5648
1410 1522 0.5471
1410 1526 0.5593
1410 1528 0.1890
1410 1529 0.1992
1410 1530 0.1954
1410 1531 0.1736
1410 1532 0.3424
1410 1534 0.1932
1410 1535 0.2094
1410 1537 0.4445
1410 1538 0.2364
1410 1541 0.2619
1410 1544 0.4445
1410 1545 0.1689
1410 1546 0.1693
1410 1547 0.5456
1410 1548 0.1635
1410 1549 0.1879
1410 1550 0.2123
1410 1551 0.2260
1410 1554 0.2068
1410 1562 0.1736
1410 1565 0.2068
1410 1567 0.1816
1410 1568 0.1955
1410 1569 0.1870
1410 1570 0.1903
1410 1571 0.2244
1410 1572 0.2559
1410 1573 0.2195
1410 1574 0.1955
1410 1579 0.2032
1410 1580 0.1955
1410 1581 0.1903
1410 1583 0.1955
1410 1585 0.1937
1410 1586 0.1747
1410 1587 0.1955
1410 1588 0.2509
1410 1590 0.2032
1410 1591 0.1851
1410 1593 0.2104
1410 1594 0.2090
1410 1595 0.1932
1410 1597 0.1843
1410 1598 0.1547
1410 1603 0.1947
1410 1604 0.1736
1410 1605 0.1379
1410 1606 0.2240
1410 1608 0.2449
1410 1609 0.1693
1410 1611 0.1955
1410 1612 0.2047
1410 1613 0.2849
1410 1614 0.1635
1410 1616 0.2261
1410 1618 0.3556
1410 1619 0.1736
1410 1620 0.2211
1410 1621 0.5745
1410 1622 0.7004
1410 1623 0.2045
1410 1624 0.3164
1410 1628 0.1635
1410 1629 0.1932
1410 1630 0.1813
1410 1633 0.1955
1410 1634 0.1546
1410 1636 0.1635
1410 1637 0.2501
1410 1640 0.2321
1410 1642 0.1635
1410 1643 0.1932
1410 1645 0.1851
1410 1646 0.1900
1410 1647 0.1888
1410 1649 0.1635
1410 1650 0.1813
1410 1651 0.1736
1410 1653 0.2244
1410 1655 0.1736
1410 1656 0.1736
1410 1660 0.2236
1410 1661 0.2885
1410 1664 0.4803
1410 1665 0.3278
1410 1666 0.1851
1410 1667 0.2032
1410 1668 0.7477
1410 1669 0.2467
1410 1672 0.2272
1410 1677 0.1932
1410 1678 0.3150
1410 1679 0.1955
1410 1681 0.1851
1410 1682 0.1900
1410 1683 0.4640
1410 1686 0.4236
1410 1687 0.1877
1410 1688 0.1851
1410 1689 0.9482
1410 1690 0.1932
1410 1691 0.5073
1410 1692 0.4423
1410 1693 0.1635
1410 1694 0.6061
1410 1696 0.1635
1410 1698 0.3842
1410 1700 0.2187
1410 1701 0.1720
1410 1702 0.1433
1410 1703 0.1851
1410 1704 0.2089
1410 1705 0.2004
1410 1706 0.2004
1410 1707 0.2143
1410 1708 0.1992
1410 1711 0.1851
1410 1712 0.8434
1410 1713 0.2996
1410 1714 0.4579
1410 1715 0.2274
1410 1716 0.2011
1410 1717 0.8704
1410 1718 0.1992
1410 1721 0.1720
1410 1724 0.1736
1410 1725 0.1955
1410 1726 0.1851
1410 1730 0.1736
1411 1412 0.2003
1411 1415 0.2836
1411 1416 0.2483
1411 1419 0.2153
1411 1421 0.2022
1411 1422 0.2106
1411 1423 0.2189
1411 1426 0.1790
1411 1427 0.1490
1411 1428 0.2322
1411 1430 0.1827
1411 1433 0.1988
1411 1434 0.6031
1411 1435 0.5129
1411 1437 0.2794
1411 1439 0.3514
1411 1440 0.4734
1411 1441 0.2184
1411 1446 0.1490
1411 1448 0.2841
1411 1449 0.2517
1411 1452 0.2153
1411 1453 0.1490
1411 1455 0.2182
1411 1456 0.2524
1411 1457 0.2125
1411 1460 0.2141
1411 1461 0.1490
1411 1462 0.1932
1411 1464 0.2470
1411 1466 0.1920
1411 1468 0.2076
1411 1472 0.2182
1411 1474 0.2073
1411 1475 0.1852
1411 1476 0.1490
1411 1477 0.2790
1411 1479 0.2563
1411 1480 0.1490
1411 1484 0.2557
1411 1485 0.4227
1411 1487 0.1946
1411 1490 0.2478
1411 1491 0.2141
1411 1493 0.2517
1411 1494 0.2335
1411 1495 0.2076
1411 1496 0.2854
1411 1497 0.1800
1411 1499 0.1800
1411 1500 0.2189
1411 1501 0.2841
1411 1503 0.2942
1411 1504 0.2333
1411 1505 0.1800
1411 1506 0.2153
1411 1507 0.1490
1411 1508 0.1800
1411 1510 0.1490
1411 1512 0.2182
1411 1514 0.1800
1411 1516 0.2308
1411 1517 0.1762
1411 1519 0.5028
1411 1520 0.9506
1411 1522 0.4732
1411 1526 0.4559
1411 1528 0.2131
1411 1529 0.2766
1411 1530 0.2174
1411 1531 0.1762
1411 1532 0.2141
1411 1534 0.1973
1411 1535 0.2578
1411 1537 0.7791
1411 1538 0.5491
1411 1541 0.3331
1411 1544 0.7516
1411 1545 0.2106
1411 1546 0.2206
1411 1547 0.5915
1411 1548 0.2153
1411 1549 0.5399
1411 1550 0.4743
1411 1551 0.3555
1411 1554 0.2234
1411 1562 0.1762
1411 1565 0.2234
1411 1567 0.3053
1411 1568 0.1490
1411 1569 0.2169
1411 1570 0.1748
1411 1571 0.1855
1411 1572 0.2876
1411 1573 0.3598
1411 1574 0.1490
1411 1579 0.2640
1411 1580 0.1490
1411 1581 0.1748
1411 1583 0.1490
1411 1585 0.2124
1411 1586 0.2141
1411 1587 0.1490
1411 1588 0.2510
1411 1590 0.2517
1411 1591 0.1800
1411 1593 0.2470
1411 1594 0.2394
1411 1595 0.2182
1411 1597 0.2173
1411 1598 0.2138
1411 1603 0.2282
1411 1604 0.1762
1411 1605 0.4249
1411 1606 0.2521
1411 1608 0.2329
1411 1609 0.2206
1411 1611 0.1490
1411 1612 0.2076
1411 1613 0.2994
1411 1614 0.2153
1411 1616 0.2584
1411 1618 0.3909
1411 1619 0.1762
1411 1620 0.2127
1411 1621 0.5437
1411 1622 0.7756
1411 1623 0.2529
1411 1624 0.2643
1411 1628 0.2153
1411 1629 0.2182
1411 1630 0.2048
1411 1633 0.1490
1411 1634 0.4624
1411 1636 0.2153
1411 1637 0.2538
1411 1640 0.2535
1411 1642 0.2153
1411 1643 0.2182
1411 1645 0.1800
1411 1646 0.2196
1411 1647 0.1792
1411 1649 0.2153
1411 1650 0.2048
1411 1651 0.1762
1411 1653 0.1855
1411 1655 0.1762
1411 1656 0.1762
1411 1660 0.2581
1411 1661 0.2003
1411 1664 0.2569
1411 1665 0.2131
1411 1666 0.1800
1411 1667 0.3265
1411 1668 0.3124
1411 1669 0.1851
1411 1672 0.2554
1411 1677 0.2182
1411 1678 0.2153
1411 1679 0.1490
1411 1681 0.1800
1411 1682 0.2196
1411 1683 0.3666
1411 1686 0.1999
1411 1687 0.2079
1411 1688 0.1800
1411 1689 0.8900
1411 1690 0.2182
1411 1691 0.2078
1411 1692 0.2329
1411 1693 0.2153
1411 1694 0.2938
1411 1696 0.2153
1411 1698 0.2202
1411 1700 0.2017
1411 1701 0.2131
1411 1702 0.2492
1411 1703 0.1800
1411 1704 0.1790
1411 1705 0.1940
1411 1706 0.1940
1411 1707 0.2241
1411 1708 0.1845
1411 1711 0.1800
1411 1712 0.7080
1411 1713 0.4808
1411 1714 0.2575
1411 1715 0.2430
1411 1716 0.1998
1411 1717 0.7391
1411 1718 0.1845
1411 1721 0.2131
1411 1724 0.1762
1411 1725 0.1490
1411 1726 0.1800
1411 1730 0.1762
1412 1415 0.3734
1412 1416 0.3107
1412 1419 0.2260
1412 1421 0.2718
1412 1422 0.3681
1412 1423 0.4306
1412 1426 0.3621
1412 1427 0.2085
1412 1428 0.2798
1412 1430 0.3417
1412 1433 0.2577
1412 1434 0.9598
1412 1435 0.4475
1412 1437 0.3151
1412 1439 0.5274
1412 1440 0.3183
1412 1441 0.3487
1412 1446 0.2085
1412 1448 0.2635
1412 1449 0.2352
1412 1452 0.2260
1412 1453 0.2085
1412 1455 0.2544
1412 1456 0.3290
1412 1457 0.2464
1412 1460 0.3109
1412 1461 0.2085
1412 1462 0.8023
1412 1464 0.1975
1412 1466 0.3327
1412 1468 0.3676
1412 1472 0.2544
1412 1474 0.2482
1412 1475 0.2354
1412 1476 0.2085
1412 1477 0.4101
1412 1479 0.4487
1412 1480 0.2085
1412 1484 0.3650
1412 1485 0.3917
1412 1487 0.7976
1412 1490 0.3324
1412 1491 0.3109
1412 1493 0.2352
1412 1494 0.2167
1412 1495 0.4170
1412 1496 0.2935
1412 1497 0.2925
1412 1499 0.2003
1412 1500 0.2036
1412 1501 0.2635
1412 1503 0.4227
1412 1504 0.3118
1412 1505 0.2003
1412 1506 0.2627
1412 1507 0.2085
1412 1508 0.2003
1412 1510 0.2085
1412 1512 0.1961
1412 1514 0.2003
1412 1516 0.2703
1412 1517 0.2333
1412 1519 0.2750
1412 1520 0.4896
1412 1522 0.2529
1412 1526 0.2951
1412 1528 0.1508
1412 1529 0.2605
1412 1530 0.2357
1412 1531 0.2333
1412 1532 0.3509
1412 1534 0.1961
1412 1535 0.2255
1412 1537 0.1869
1412 1538 0.2606
1412 1541 0.4073
1412 1544 0.1913
1412 1545 0.2308
1412 1546 0.2056
1412 1547 0.2116
1412 1548 0.3048
1412 1549 0.2667
1412 1550 0.3532
1412 1551 0.2525
1412 1554 0.2942
1412 1562 0.2333
1412 1565 0.2942
1412 1567 0.2323
1412 1568 0.2085
1412 1569 0.1903
1412 1570 0.1518
1412 1571 0.2338
1412 1572 0.2823
1412 1573 0.2286
1412 1574 0.2085
1412 1579 0.2306
1412 1580 0.2085
1412 1581 0.1518
1412 1583 0.2085
1412 1585 0.1754
1412 1586 0.3109
1412 1587 0.2085
1412 1588 0.2989
1412 1590 0.3280
1412 1591 0.2003
1412 1593 0.1937
1412 1594 0.3152
1412 1595 0.2953
1412 1597 0.2010
1412 1598 0.2164
1412 1603 0.3411
1412 1604 0.2333
1412 1605 0.1308
1412 1606 0.2316
1412 1608 0.2421
1412 1609 0.3664
1412 1611 0.2085
1412 1612 0.3796
1412 1613 0.2644
1412 1614 0.2260
1412 1616 0.4104
1412 1618 0.7437
1412 1619 0.2333
1412 1620 0.2613
1412 1621 0.5317
1412 1622 0.3471
1412 1623 0.2222
1412 1624 0.3240
1412 1628 0.2260
1412 1629 0.1961
1412 1630 0.1860
1412 1633 0.2085
1412 1634 0.1458
1412 1636 0.2260
1412 1637 0.7846
1412 1640 0.2332
1412 1642 0.2260
1412 1643 0.3361
1412 1645 0.2003
1412 1646 0.2613
1412 1647 0.3100
1412 1649 0.2260
1412 1650 0.2373
1412 1651 0.2333
1412 1653 0.2338
1412 1655 0.2333
1412 1656 0.2333
1412 1660 0.4379
1412 1661 0.2969
1412 1664 0.5372
1412 1665 0.2240
1412 1666 0.2003
1412 1667 0.2352
1412 1668 0.6932
1412 1669 0.2885
1412 1672 0.3463
1412 1677 0.1961
1412 1678 0.2907
1412 1679 0.2085
1412 1681 0.2003
1412 1682 0.2613
1412 1683 0.5263
1412 1686 0.4192
1412 1687 0.2651
1412 1688 0.2624
1412 1689 0.9706
1412 1690 0.3237
1412 1691 0.5749
1412 1692 0.2421
1412 1693 0.3549
1412 1694 0.8706
1412 1696 0.3256
1412 1698 0.6985
1412 1700 0.3148
1412 1701 0.3353
1412 1702 0.2985
1412 1703 0.2003
1412 1704 0.3621
1412 1705 0.2348
1412 1706 0.2348
1412 1707 0.3588
1412 1708 0.2148
1412 1711 0.2003
1412 1712 0.9842
1412 1713 0.4184
1412 1714 0.4529
1412 1715 0.2575
1412 1716 0.3217
1412 1717 0.9840
1412 1718 0.2148
1412 1721 0.2682
1412 1724 0.2333
1412 1725 0.2085
1412 1726 0.2003
1412 1730 0.2333
1415 1416 0.5039
1415 1419 0.3947
1415 1421 0.3697
1415 1422 0.2256
1415 1423 0.4267
1415 1426 0.2033
1415 1427 0.2906
1415 1428 0.4936
1415 1430 0.3569
1415 1433 0.4965
1415 1434 0.4078
1415 1435 0.3253
1415 1437 0.5034
1415 1439 0.3228
1415 1440 0.3011
1415 1441 0.2405
1415 1446 0.2906
1415 1448 0.2579
1415 1449 0.2557
1415 1452 0.2405
1415 1453 0.2906
1415 1455 0.2675
1415 1456 0.3454
1415 1457 0.3655
1415 1460 0.2369
1415 1461 0.2906
1415 1462 0.5677
1415 1464 0.2806
1415 1466 0.2466
1415 1468 0.3997
1415 1472 0.2675
1415 1474 0.3682
1415 1475 0.4000
1415 1476 0.2906
1415 1477 0.5698
1415 1479 0.3357
1415 1480 0.2906
1415 1484 0.3940
1415 1485 0.4060
1415 1487 0.4363
1415 1490 0.2190
1415 1491 0.2369
1415 1493 0.2557
1415 1494 0.3397
1415 1495 0.3204
1415 1496 0.3916
1415 1497 0.2836
1415 1499 0.2836
1415 1500 0.2153
1415 1501 0.2579
1415 1503 0.6413
1415 1504 0.4450
1415 1505 0.2836
1415 1506 0.2405
1415 1507 0.2906
1415 1508 0.2836
1415 1510 0.2906
1415 1512 0.2675
1415 1514 0.2836
1415 1516 0.2766
1415 1517 0.2553
1415 1519 0.1724
1415 1520 0.4943
1415 1522 0.4871
1415 1526 0.1830
1415 1528 0.2839
1415 1529 0.2652
1415 1530 0.2331
1415 1531 0.2553
1415 1532 0.4668
1415 1534 0.2675
1415 1535 0.3216
1415 1537 0.2461
1415 1538 0.3730
1415 1541 0.4253
1415 1544 0.2238
1415 1545 0.2256
1415 1546 0.2392
1415 1547 0.5277
1415 1548 0.2405
1415 1549 0.4401
1415 1550 0.4148
1415 1551 0.2643
1415 1554 0.2014
1415 1562 0.2553
1415 1565 0.2014
1415 1567 0.2808
1415 1568 0.2906
1415 1569 0.2579
1415 1570 0.4606
1415 1571 0.3388
1415 1572 0.3599
1415 1573 0.5490
1415 1574 0.2906
1415 1579 0.4174
1415 1580 0.2906
1415 1581 0.4606
1415 1583 0.2906
1415 1585 0.3108
1415 1586 0.3406
1415 1587 0.2906
1415 1588 0.3185
1415 1590 0.2557
1415 1591 0.2836
1415 1593 0.3178
1415 1594 0.3651
1415 1595 0.2675
1415 1597 0.3527
1415 1598 0.2281
1415 1603 0.4246
1415 1604 0.2553
1415 1605 0.1710
1415 1606 0.5950
1415 1608 0.3196
1415 1609 0.3236
1415 1611 0.2906
1415 1612 0.3997
1415 1613 0.6051
1415 1614 0.2405
1415 1616 0.3049
1415 1618 0.4904
1415 1619 0.2553
1415 1620 0.2761
1415 1621 0.3042
1415 1622 0.8969
1415 1623 0.3102
1415 1624 0.3474
1415 1628 0.2405
1415 1629 0.2675
1415 1630 0.2944
1415 1633 0.2906
1415 1634 0.1853
1415 1636 0.2405
1415 1637 0.6211
1415 1640 0.2761
1415 1642 0.2405
1415 1643 0.2675
1415 1645 0.2836
1415 1646 0.3501
1415 1647 0.2831
1415 1649 0.2405
1415 1650 0.3809
1415 1651 0.2553
1415 1653 0.3388
1415 1655 0.2553
1415 1656 0.2553
1415 1660 0.6388
1415 1661 0.3734
1415 1664 0.4840
1415 1665 0.4034
1415 1666 0.2836
1415 1667 0.3828
1415 1668 0.8570
1415 1669 0.5913
1415 1672 0.4292
1415 1677 0.2675
1415 1678 0.3262
1415 1679 0.2906
1415 1681 0.2836
1415 1682 0.3501
1415 1683 0.7260
1415 1686 0.3387
1415 1687 0.3843
1415 1688 0.4837
1415 1689 0.9759
1415 1690 0.3937
1415 1691 0.6398
1415 1692 0.3196
1415 1693 0.5868
1415 1694 0.7996
1415 1696 0.2405
1415 1698 0.4168
1415 1700 0.4865
1415 1701 0.2303
1415 1702 0.2514
1415 1703 0.2836
1415 1704 0.2033
1415 1705 0.4997
1415 1706 0.4997
1415 1707 0.2420
1415 1708 0.4591
1415 1711 0.2836
1415 1712 0.6526
1415 1713 0.3477
1415 1714 0.5222
1415 1715 0.4927
1415 1716 0.2363
1415 1717 0.8202
1415 1718 0.4591
1415 1721 0.2303
1415 1724 0.2553
1415 1725 0.2906
1415 1726 0.2836
1415 1730 0.2553
1416 1419 0.3024
1416 1421 0.4436
1416 1422 0.3001
1416 1423 0.3045
1416 1426 0.2850
1416 1427 0.2795
1416 1428 0.3104
1416 1430 0.2725
1416 1433 0.3212
1416 1434 0.4066
1416 1435 0.3220
1416 1437 0.5246
1416 1439 0.5156
1416 1440 0.4734
1416 1441 0.3024
1416 1446 0.2795
1416 1448 0.5523
1416 1449 0.3475
1416 1452 0.3024
1416 1453 0.2795
1416 1455 0.2688
1416 1456 0.3656
1416 1457 0.3101
1416 1460 0.3051
1416 1461 0.2795
1416 1462 0.3106
1416 1464 0.3325
1416 1466 0.3131
1416 1468 0.3061
1416 1472 0.2688
1416 1474 0.2887
1416 1475 0.2934
1416 1476 0.2795
1416 1477 0.3992
1416 1479 0.3597
1416 1480 0.2795
1416 1484 0.3506
1416 1485 0.3990
1416 1487 0.3132
1416 1490 0.3041
1416 1491 0.3051
1416 1493 0.3475
1416 1494 0.5382
1416 1495 0.2926
1416 1496 0.4166
1416 1497 0.2483
1416 1499 0.2483
1416 1500 0.3045
1416 1501 0.5523
1416 1503 0.6658
1416 1504 0.3282
1416 1505 0.2483
1416 1506 0.3024
1416 1507 0.2795
1416 1508 0.2483
1416 1510 0.2795
1416 1512 0.2688
1416 1514 0.2483
1416 1516 0.3540
1416 1517 0.2945
1416 1519 0.5159
1416 1520 0.5855
1416 1522 0.5416
1416 1526 0.6439
1416 1528 0.2478
1416 1529 0.3536
1416 1530 0.3040
1416 1531 0.2945
1416 1532 0.3051
1416 1534 0.2688
1416 1535 0.4082
1416 1537 0.3490
1416 1538 0.3474
1416 1541 0.3979
1416 1544 0.3163
1416 1545 0.3001
1416 1546 0.2923
1416 1547 0.6959
1416 1548 0.3024
1416 1549 0.3011
1416 1550 0.4145
1416 1551 0.3547
1416 1554 0.2821
1416 1562 0.2945
1416 1565 0.2821
1416 1567 0.2995
1416 1568 0.2795
1416 1569 0.2675
1416 1570 0.4613
1416 1571 0.3082
1416 1572 0.3927
1416 1573 0.6002
1416 1574 0.2795
1416 1579 0.3500
1416 1580 0.2795
1416 1581 0.4613
1416 1583 0.2795
1416 1585 0.6574
1416 1586 0.3051
1416 1587 0.2795
1416 1588 0.3490
1416 1590 0.3475
1416 1591 0.2483
1416 1593 0.7705
1416 1594 0.4117
1416 1595 0.2688
1416 1597 0.3027
1416 1598 0.3004
1416 1603 0.4149
1416 1604 0.2945
1416 1605 0.2107
1416 1606 0.6112
1416 1608 0.3142
1416 1609 0.2923
1416 1611 0.2795
1416 1612 0.3061
1416 1613 0.4080
1416 1614 0.3024
1416 1616 0.3632
1416 1618 0.5064
1416 1619 0.2945
1416 1620 0.3315
1416 1621 0.7406
1416 1622 0.8795
1416 1623 0.5645
1416 1624 0.4498
1416 1628 0.3024
1416 1629 0.2688
1416 1630 0.2729
1416 1633 0.2795
1416 1634 0.1914
1416 1636 0.3024
1416 1637 0.3692
1416 1640 0.4074
1416 1642 0.3024
1416 1643 0.2688
1416 1645 0.2483
1416 1646 0.3055
1416 1647 0.2635
1416 1649 0.3024
1416 1650 0.2729
1416 1651 0.2945
1416 1653 0.3082
1416 1655 0.2945
1416 1656 0.2945
1416 1660 0.4307
1416 1661 0.3107
1416 1664 0.4656
1416 1665 0.3049
1416 1666 0.2483
1416 1667 0.3475
1416 1668 0.8263
1416 1669 0.3877
1416 1672 0.5083
1416 1677 0.2688
1416 1678 0.3024
1416 1679 0.2795
1416 1681 0.2483
1416 1682 0.3055
1416 1683 0.5463
1416 1686 0.3719
1416 1687 0.2895
1416 1688 0.2483
1416 1689 0.9607
1416 1690 0.2688
1416 1691 0.2875
1416 1692 0.3142
1416 1693 0.3024
1416 1694 0.4496
1416 1696 0.3024
1416 1698 0.2916
1416 1700 0.3677
1416 1701 0.3036
1416 1702 0.4539
1416 1703 0.2483
1416 1704 0.2850
1416 1705 0.2597
1416 1706 0.2597
1416 1707 0.3498
1416 1708 0.2894
1416 1711 0.2483
1416 1712 0.6637
1416 1713 0.4597
1416 1714 0.3609
1416 1715 0.3216
1416 1716 0.3064
1416 1717 0.8458
1416 1718 0.2894
1416 1721 0.3036
1416 1724 0.2945
1416 1725 0.2795
1416 1726 0.2483
1416 1730 0.2945
1419 1421 0.2092
1419 1422 0.1798
1419 1423 0.2716
1419 1426 0.2045
1419 1427 0.1731
1419 1428 0.3965
1419 1430 0.3503
1419 1433 0.2335
1419 1434 0.8773
1419 1435 0.3503
1419 1437 0.4238
1419 1439 0.3290
1419 1440 0.2188
1419 1441 0.2169
1419 1446 0.1731
1419 1448 0.2518
1419 1449 0.2201
1419 1452 0.2169
1419 1453 0.1731
1419 1455 0.2118
1419 1456 0.2382
1419 1457 0.2342
1419 1460 0.1824
1419 1461 0.1731
1419 1462 0.2226
1419 1464 0.2617
1419 1466 0.2281
1419 1468 0.2154
1419 1472 0.2118
1419 1474 0.2065
1419 1475 0.1637
1419 1476 0.1731
1419 1477 0.2900
1419 1479 0.2173
1419 1480 0.1731
1419 1484 0.2197
1419 1485 0.4033
1419 1487 0.2242
1419 1490 0.2096
1419 1491 0.1824
1419 1493 0.2201
1419 1494 0.2151
1419 1495 0.2233
1419 1496 0.2808
1419 1497 0.2153
1419 1499 0.2153
1419 1500 0.1949
1419 1501 0.2518
1419 1503 0.2801
1419 1504 0.2002
1419 1505 0.2153
1419 1506 0.2169
1419 1507 0.1731
1419 1508 0.2153
1419 1510 0.1731
1419 1512 0.2118
1419 1514 0.2153
1419 1516 0.2095
1419 1517 0.1790
1419 1519 0.5159
1419 1520 0.5855
1419 1522 0.5454
1419 1526 0.4707
1419 1528 0.1871
1419 1529 0.2084
1419 1530 0.2055
1419 1531 0.1790
1419 1532 0.2426
1419 1534 0.2118
1419 1535 0.2275
1419 1537 0.2018
1419 1538 0.2615
1419 1541 0.2802
1419 1544 0.1805
1419 1545 0.1798
1419 1546 0.1828
1419 1547 0.5162
1419 1548 0.1867
1419 1549 0.1962
1419 1550 0.2337
1419 1551 0.2414
1419 1554 0.2024
1419 1562 0.1790
1419 1565 0.2024
1419 1567 0.1857
1419 1568 0.1731
1419 1569 0.2110
1419 1570 0.1875
1419 1571 0.2447
1419 1572 0.3115
1419 1573 0.2287
1419 1574 0.1731
1419 1579 0.2337
1419 1580 0.1731
1419 1581 0.1875
1419 1583 0.1731
1419 1585 0.1898
1419 1586 0.1824
1419 1587 0.1731
1419 1588 0.2556
1419 1590 0.2201
1419 1591 0.2153
1419 1593 0.2944
1419 1594 0.2700
1419 1595 0.2118
1419 1597 0.1936
1419 1598 0.2036
1419 1603 0.2261
1419 1604 0.1790
1419 1605 0.4368
1419 1606 0.2091
1419 1608 0.2387
1419 1609 0.1828
1419 1611 0.1731
1419 1612 0.2154
1419 1613 0.3185
1419 1614 0.2169
1419 1616 0.3831
1419 1618 0.3488
1419 1619 0.1790
1419 1620 0.2403
1419 1621 0.5211
1419 1622 0.7551
1419 1623 0.2155
1419 1624 0.3003
1419 1628 0.2169
1419 1629 0.2118
1419 1630 0.1923
1419 1633 0.1731
1419 1634 0.4624
1419 1636 0.2169
1419 1637 0.2567
1419 1640 0.2098
1419 1642 0.2169
1419 1643 0.2285
1419 1645 0.2153
1419 1646 0.1955
1419 1647 0.1800
1419 1649 0.2169
1419 1650 0.1923
1419 1651 0.1790
1419 1653 0.2447
1419 1655 0.1790
1419 1656 0.1790
1419 1660 0.2339
1419 1661 0.2260
1419 1664 0.2452
1419 1665 0.1817
1419 1666 0.2153
1419 1667 0.2201
1419 1668 0.3326
1419 1669 0.1635
1419 1672 0.2247
1419 1677 0.2118
1419 1678 0.2169
1419 1679 0.1731
1419 1681 0.2153
1419 1682 0.1955
1419 1683 0.3085
1419 1686 0.3176
1419 1687 0.2071
1419 1688 0.2153
1419 1689 0.8646
1419 1690 0.2118
1419 1691 0.3614
1419 1692 0.2387
1419 1693 0.2169
1419 1694 0.3453
1419 1696 0.2169
1419 1698 0.3177
1419 1700 0.4366
1419 1701 0.1817
1419 1702 0.3772
1419 1703 0.2153
1419 1704 0.2045
1419 1705 0.2634
1419 1706 0.2634
1419 1707 0.1935
1419 1708 0.2740
1419 1711 0.2153
1419 1712 0.8981
1419 1713 0.4500
1419 1714 0.4795
1419 1715 0.3870
1419 1716 0.2070
1419 1717 0.9031
1419 1718 0.2740
1419 1721 0.2189
1419 1724 0.1790
1419 1725 0.1731
1419 1726 0.2153
1419 1730 0.1790
1421 1422 0.1913
1421 1423 0.1729
1421 1426 0.1778
1421 1427 0.2293
1421 1428 0.2054
1421 1430 0.1724
1421 1433 0.2323
1421 1434 0.4561
1421 1435 0.2076
1421 1437 0.4063
1421 1439 0.2736
1421 1440 0.1641
1421 1441 0.2092
1421 1446 0.2293
1421 1448 0.2427
1421 1449 0.2148
1421 1452 0.2092
1421 1453 0.2293
1421 1455 0.1964
1421 1456 0.1977
1421 1457 0.2958
1421 1460 0.1964
1421 1461 0.2293
1421 1462 0.1902
1421 1464 0.2205
1421 1466 0.1946
1421 1468 0.3956
1421 1472 0.1964
1421 1474 0.1684
1421 1475 0.1986
1421 1476 0.2293
1421 1477 0.2110
1421 1479 0.2216
1421 1480 0.2293
1421 1484 0.3434
1421 1485 0.2168
1421 1487 0.1908
1421 1490 0.2016
1421 1491 0.1964
1421 1493 0.2148
1421 1494 0.1734
1421 1495 0.1678
1421 1496 0.2946
1421 1497 0.2022
1421 1499 0.2022
1421 1500 0.1729
1421 1501 0.2427
1421 1503 0.2339
1421 1504 0.1968
1421 1505 0.2022
1421 1506 0.2092
1421 1507 0.2293
1421 1508 0.2022
1421 1510 0.2293
1421 1512 0.1964
1421 1514 0.2022
1421 1516 0.2459
1421 1517 0.2392
1421 1519 0.5159
1421 1520 0.5855
1421 1522 0.5414
1421 1526 0.5217
1421 1528 0.1620
1421 1529 0.2316
1421 1530 0.1735
1421 1531 0.2392
1421 1532 0.1964
1421 1534 0.1964
1421 1535 0.2567
1421 1537 0.2245
1421 1538 0.2328
1421 1541 0.2611
1421 1544 0.2343
1421 1545 0.1913
1421 1546 0.1724
1421 1547 0.5146
1421 1548 0.2092
1421 1549 0.1897
1421 1550 0.2389
1421 1551 0.2296
1421 1554 0.1764
1421 1562 0.2392
1421 1565 0.1764
1421 1567 0.2021
1421 1568 0.2293
1421 1569 0.1896
1421 1570 0.1621
1421 1571 0.2497
1421 1572 0.2796
1421 1573 0.2186
1421 1574 0.2293
1421 1579 0.1891
1421 1580 0.2293
1421 1581 0.1621
1421 1583 0.2293
1421 1585 0.3243
1421 1586 0.2789
1421 1587 0.2293
1421 1588 0.2359
1421 1590 0.2148
1421 1591 0.2022
1421 1593 0.4207
1421 1594 0.2206
1421 1595 0.1964
1421 1597 0.1723
1421 1598 0.2058
1421 1603 0.1788
1421 1604 0.2392
1421 1605 0.4506
1421 1606 0.4618
1421 1608 0.2342
1421 1609 0.3203
1421 1611 0.2293
1421 1612 0.3956
1421 1613 0.2394
1421 1614 0.2092
1421 1616 0.1981
1421 1618 0.4186
1421 1619 0.2392
1421 1620 0.1997
1421 1621 0.4338
1421 1622 0.8388
1421 1623 0.2029
1421 1624 0.2953
1421 1628 0.2092
1421 1629 0.1964
1421 1630 0.1620
1421 1633 0.2293
1421 1634 0.4624
1421 1636 0.2092
1421 1637 0.2117
1421 1640 0.2689
1421 1642 0.2092
1421 1643 0.1964
1421 1645 0.2022
1421 1646 0.1732
1421 1647 0.1658
1421 1649 0.2092
1421 1650 0.1620
1421 1651 0.2392
1421 1653 0.2497
1421 1655 0.2392
1421 1656 0.2392
1421 1660 0.2850
1421 1661 0.2718
1421 1664 0.3442
1421 1665 0.1947
1421 1666 0.2022
1421 1667 0.2148
1421 1668 0.2819
1421 1669 0.2079
1421 1672 0.4275
1421 1677 0.1964
1421 1678 0.2092
1421 1679 0.2293
1421 1681 0.2022
1421 1682 0.1732
1421 1683 0.4633
1421 1686 0.2933
1421 1687 0.1687
1421 1688 0.2022
1421 1689 0.9169
1421 1690 0.1964
1421 1691 0.1786
1421 1692 0.2342
1421 1693 0.2092
1421 1694 0.2973
1421 1696 0.2092
1421 1698 0.1723
1421 1700 0.2711
1421 1701 0.1947
1421 1702 0.3713
1421 1703 0.2022
1421 1704 0.1778
1421 1705 0.2160
1421 1706 0.2160
1421 1707 0.4158
1421 1708 0.1795
1421 1711 0.2022
1421 1712 0.6235
1421 1713 0.4821
1421 1714 0.2666
1421 1715 0.2117
1421 1716 0.1743
1421 1717 0.7391
1421 1718 0.1795
1421 1721 0.1947
1421 1724 0.2392
1421 1725 0.2293
1421 1726 0.2022
1421 1730 0.2392
1422 1423 0.1727
1422 1426 0.4244
1422 1427 0.2315
1422 1428 0.4978
1422 1430 0.3096
1422 1433 0.7317
1422 1434 0.9488
1422 1435 0.8051
1422 1437 0.6523
1422 1439 0.2508
1422 1440 0.3832
1422 1441 0.2445
1422 1446 0.2315
1422 1448 0.2224
1422 1449 0.2036
1422 1452 0.1798
1422 1453 0.2315
1422 1455 0.2015
1422 1456 0.1944
1422 1457 0.2207
1422 1460 0.1886
1422 1461 0.2315
1422 1462 0.3214
1422 1464 0.3484
1422 1466 0.2177
1422 1468 0.1990
1422 1472 0.2015
1422 1474 0.1688
1422 1475 0.1690
1422 1476 0.2315
1422 1477 0.4124
1422 1479 0.1754
1422 1480 0.2315
1422 1484 0.3093
1422 1485 0.2501
1422 1487 0.3552
1422 1490 0.1697
1422 1491 0.1886
1422 1493 0.2036
1422 1494 0.1889
1422 1495 0.1790
1422 1496 0.2722
1422 1497 0.2209
1422 1499 0.2106
1422 1500 0.1727
1422 1501 0.2224
1422 1503 0.2392
1422 1504 0.1707
1422 1505 0.2106
1422 1506 0.1798
1422 1507 0.2315
1422 1508 0.2106
1422 1510 0.2315
1422 1512 0.2015
1422 1514 0.2106
1422 1516 0.2099
1422 1517 0.2174
1422 1519 0.5159
1422 1520 0.5855
1422 1522 0.4370
1422 1526 0.4866
1422 1528 0.1597
1422 1529 0.2093
1422 1530 0.1842
1422 1531 0.2174
1422 1532 0.1886
1422 1534 0.2015
1422 1535 0.1909
1422 1537 0.1950
1422 1538 0.2611
1422 1541 0.2664
1422 1544 0.1755
1422 1545 0.1883
1422 1546 0.1618
1422 1547 0.5178
1422 1548 0.1798
1422 1549 0.1786
1422 1550 0.1895
1422 1551 0.2790
1422 1554 0.1932
1422 1562 0.2174
1422 1565 0.1932
1422 1567 0.1725
1422 1568 0.2315
1422 1569 0.1921
1422 1570 0.1674
1422 1571 0.2508
1422 1572 0.2641
1422 1573 0.2077
1422 1574 0.2315
1422 1579 0.1912
1422 1580 0.2315
1422 1581 0.1674
1422 1583 0.2315
1422 1585 0.2962
1422 1586 0.1886
1422 1587 0.2315
1422 1588 0.2521
1422 1590 0.3592
1422 1591 0.2106
1422 1593 0.4122
1422 1594 0.2371
1422 1595 0.2015
1422 1597 0.1723
1422 1598 0.1757
1422 1603 0.3042
1422 1604 0.2174
1422 1605 0.4534
1422 1606 0.2211
1422 1608 0.2540
1422 1609 0.1618
1422 1611 0.2315
1422 1612 0.1990
1422 1613 0.2387
1422 1614 0.1798
1422 1616 0.2987
1422 1618 0.4945
1422 1619 0.2174
1422 1620 0.3087
1422 1621 0.5326
1422 1622 0.7883
1422 1623 0.1844
1422 1624 0.3345
1422 1628 0.1798
1422 1629 0.2015
1422 1630 0.1649
1422 1633 0.2315
1422 1634 0.4624
1422 1636 0.1798
1422 1637 0.4429
1422 1640 0.2224
1422 1642 0.1798
1422 1643 0.2578
1422 1645 0.2106
1422 1646 0.1735
1422 1647 0.2737
1422 1649 0.1798
1422 1650 0.1649
1422 1651 0.2174
1422 1653 0.2508
1422 1655 0.2174
1422 1656 0.2174
1422 1660 0.2276
1422 1661 0.3681
1422 1664 0.2175
1422 1665 0.1868
1422 1666 0.2106
1422 1667 0.2036
1422 1668 0.3100
1422 1669 0.1689
1422 1672 0.2145
1422 1677 0.2015
1422 1678 0.1798
1422 1679 0.2315
1422 1681 0.2106
1422 1682 0.1735
1422 1683 0.2861
1422 1686 0.1906
1422 1687 0.1690
1422 1688 0.2106
1422 1689 0.9295
1422 1690 0.2015
1422 1691 0.3687
1422 1692 0.2540
1422 1693 0.1798
1422 1694 0.7160
1422 1696 0.2445
1422 1698 0.2809
1422 1700 0.4259
1422 1701 0.2408
1422 1702 0.6917
1422 1703 0.2106
1422 1704 0.4244
1422 1705 0.7694
1422 1706 0.7694
1422 1707 0.4152
1422 1708 0.5462
1422 1711 0.2106
1422 1712 0.9903
1422 1713 0.7416
1422 1714 0.8140
1422 1715 0.6670
1422 1716 0.2240
1422 1717 0.9958
1422 1718 0.5462
1422 1721 0.1868
1422 1724 0.2174
1422 1725 0.2315
1422 1726 0.2106
1422 1730 0.2174
1423 1426 0.1884
1423 1427 0.1889
1423 1428 0.1901
1423 1430 0.2928
1423 1433 0.2504
1423 1434 0.4076
1423 1435 0.2448
1423 1437 0.4243
1423 1439 0.2290
1423 1440 0.4734
1423 1441 0.1949
1423 1446 0.1889
1423 1448 0.3534
1423 1449 0.1997
1423 1452 0.1949
1423 1453 0.1889
1423 1455 0.2137
1423 1456 0.1891
1423 1457 0.2149
1423 1460 0.1835
1423 1461 0.1889
1423 1462 0.3238
1423 1464 0.2153
1423 1466 0.1980
1423 1468 0.3634
1423 1472 0.2137
1423 1474 0.1648
1423 1475 0.1869
1423 1476 0.1889
1423 1477 0.2139
1423 1479 0.2018
1423 1480 0.1889
1423 1484 0.3787
1423 1485 0.2582
1423 1487 0.3033
1423 1490 0.1794
1423 1491 0.1835
1423 1493 0.1997
1423 1494 0.1928
1423 1495 0.2053
1423 1496 0.2800
1423 1497 0.2189
1423 1499 0.2189
1423 1500 0.1665
1423 1501 0.1968
1423 1503 0.2529
1423 1504 0.1759
1423 1505 0.2189
1423 1506 0.1949
1423 1507 0.1889
1423 1508 0.2189
1423 1510 0.1889
1423 1512 0.2137
1423 1514 0.2189
1423 1516 0.2249
1423 1517 0.1934
1423 1519 0.5159
1423 1520 0.9743
1423 1522 0.5459
1423 1526 0.5317
1423 1528 0.1839
1423 1529 0.2051
1423 1530 0.1673
1423 1531 0.1934
1423 1532 0.2711
1423 1534 0.2137
1423 1535 0.2191
1423 1537 0.2239
1423 1538 0.2719
1423 1541 0.2564
1423 1544 0.2179
1423 1545 0.1727
1423 1546 0.1587
1423 1547 0.5301
1423 1548 0.1949
1423 1549 0.1670
1423 1550 0.1990
1423 1551 0.2142
1423 1554 0.1868
1423 1562 0.1934
1423 1565 0.1868
1423 1567 0.1835
1423 1568 0.1889
1423 1569 0.2004
1423 1570 0.1841
1423 1571 0.2662
1423 1572 0.2669
1423 1573 0.2017
1423 1574 0.1889
1423 1579 0.1904
1423 1580 0.1889
1423 1581 0.1841
1423 1583 0.1889
1423 1585 0.1704
1423 1586 0.3203
1423 1587 0.1889
1423 1588 0.2762
1423 1590 0.1997
1423 1591 0.2189
1423 1593 0.1968
1423 1594 0.2627
1423 1595 0.2137
1423 1597 0.1621
1423 1598 0.1800
1423 1603 0.1929
1423 1604 0.1934
1423 1605 0.4542
1423 1606 0.2302
1423 1608 0.2855
1423 1609 0.2926
1423 1611 0.1889
1423 1612 0.3634
1423 1613 0.2591
1423 1614 0.1949
1423 1616 0.2343
1423 1618 0.3951
1423 1619 0.1934
1423 1620 0.2079
1423 1621 0.5537
1423 1622 0.7962
1423 1623 0.1894
1423 1624 0.3145
1423 1628 0.1949
1423 1629 0.2137
1423 1630 0.1668
1423 1633 0.1889
1423 1634 0.4624
1423 1636 0.1949
1423 1637 0.4839
1423 1640 0.2316
1423 1642 0.1949
1423 1643 0.2137
1423 1645 0.2189
1423 1646 0.1655
1423 1647 0.1657
1423 1649 0.1949
1423 1650 0.1668
1423 1651 0.1934
1423 1653 0.2662
1423 1655 0.1934
1423 1656 0.1934
1423 1660 0.3823
1423 1661 0.4306
1423 1664 0.6411
1423 1665 0.2944
1423 1666 0.2189
1423 1667 0.1997
1423 1668 0.7549
1423 1669 0.3610
1423 1672 0.4658
1423 1677 0.2137
1423 1678 0.1949
1423 1679 0.1889
1423 1681 0.2189
1423 1682 0.1655
1423 1683 0.6018
1423 1686 0.3914
1423 1687 0.1654
1423 1688 0.2189
1423 1689 0.9853
1423 1690 0.2768
1423 1691 0.2063
1423 1692 0.2855
1423 1693 0.2716
1423 1694 0.6214
1423 1696 0.1949
1423 1698 0.3589
1423 1700 0.3290
1423 1701 0.1762
1423 1702 0.2624
1423 1703 0.2189
1423 1704 0.1884
1423 1705 0.1663
1423 1706 0.1663
1423 1707 0.2154
1423 1708 0.1706
1423 1711 0.2189
1423 1712 0.8313
1423 1713 0.2800
1423 1714 0.2377
1423 1715 0.1922
1423 1716 0.1671
1423 1717 0.8745
1423 1718 0.1706
1423 1721 0.1762
1423 1724 0.1934
1423 1725 0.1889
1423 1726 0.2189
1423 1730 0.1934
1426 1427 0.1894
1426 1428 0.4549
1426 1430 0.4565
1426 1433 0.3030
1426 1434 0.9828
1426 1435 0.8368
1426 1437 0.4914
1426 1439 0.2910
1426 1440 0.5770
1426 1441 0.3273
1426 1446 0.1894
1426 1448 0.2367
1426 1449 0.2141
1426 1452 0.2045
1426 1453 0.1894
1426 1455 0.3162
1426 1456 0.2149
1426 1457 0.3099
1426 1460 0.2074
1426 1461 0.1894
1426 1462 0.1975
1426 1464 0.2221
1426 1466 0.1984
1426 1468 0.1993
1426 1472 0.1829
1426 1474 0.2961
1426 1475 0.2624
1426 1476 0.1894
1426 1477 0.2423
1426 1479 0.2158
1426 1480 0.1894
1426 1484 0.2281
1426 1485 0.5864
1426 1487 0.2003
1426 1490 0.2073
1426 1491 0.2074
1426 1493 0.3546
1426 1494 0.3160
1426 1495 0.1980
1426 1496 0.2713
1426 1497 0.3064
1426 1499 0.1790
1426 1500 0.1884
1426 1501 0.4026
1426 1503 0.4628
1426 1504 0.3427
1426 1505 0.1790
1426 1506 0.2045
1426 1507 0.1894
1426 1508 0.1790
1426 1510 0.1894
1426 1512 0.1829
1426 1514 0.1790
1426 1516 0.2449
1426 1517 0.2113
1426 1519 0.5164
1426 1520 0.5581
1426 1522 0.5363
1426 1526 0.5520
1426 1528 0.1802
1426 1529 0.2334
1426 1530 0.1837
1426 1531 0.2113
1426 1532 0.4151
1426 1534 0.1829
1426 1535 0.2567
1426 1537 0.4549
1426 1538 0.2168
1426 1541 0.2448
1426 1544 0.4521
1426 1545 0.1949
1426 1546 0.1870
1426 1547 0.5433
1426 1548 0.4276
1426 1549 0.2541
1426 1550 0.2470
1426 1551 0.2665
1426 1554 0.1886
1426 1562 0.2113
1426 1565 0.1886
1426 1567 0.1708
1426 1568 0.1894
1426 1569 0.3058
1426 1570 0.2516
1426 1571 0.2182
1426 1572 0.4037
1426 1573 0.4259
1426 1574 0.1894
1426 1579 0.4668
1426 1580 0.1894
1426 1581 0.2516
1426 1583 0.1894
1426 1585 0.1844
1426 1586 0.2074
1426 1587 0.1894
1426 1588 0.3759
1426 1590 0.3704
1426 1591 0.1790
1426 1593 0.2933
1426 1594 0.3604
1426 1595 0.1829
1426 1597 0.3493
1426 1598 0.2380
1426 1603 0.1832
1426 1604 0.2113
1426 1605 0.2760
1426 1606 0.2559
1426 1608 0.2260
1426 1609 0.1870
1426 1611 0.1894
1426 1612 0.2752
1426 1613 0.2695
1426 1614 0.2045
1426 1616 0.6328
1426 1618 0.5197
1426 1619 0.2113
1426 1620 0.4563
1426 1621 0.3991
1426 1622 0.8360
1426 1623 0.3845
1426 1624 0.4641
1426 1628 0.3273
1426 1629 0.5047
1426 1630 0.3476
1426 1633 0.1894
1426 1634 0.2854
1426 1636 0.2045
1426 1637 0.3216
1426 1640 0.4968
1426 1642 0.3273
1426 1643 0.4380
1426 1645 0.1790
1426 1646 0.1913
1426 1647 0.3045
1426 1649 0.2045
1426 1650 0.1760
1426 1651 0.2113
1426 1653 0.2182
1426 1655 0.2113
1426 1656 0.2113
1426 1660 0.2657
1426 1661 0.3621
1426 1664 0.2247
1426 1665 0.2999
1426 1666 0.1790
1426 1667 0.3546
1426 1668 0.6431
1426 1669 0.2089
1426 1672 0.3816
1426 1677 0.3410
1426 1678 0.2045
1426 1679 0.1894
1426 1681 0.1790
1426 1682 0.1913
1426 1683 0.5652
1426 1686 0.1516
1426 1687 0.1713
1426 1688 0.3064
1426 1689 0.8169
1426 1690 0.1829
1426 1691 0.4707
1426 1692 0.2260
1426 1693 0.3540
1426 1694 0.4261
1426 1696 0.2045
1426 1698 0.1851
1426 1700 0.4436
1426 1701 0.4826
1426 1702 0.4210
1426 1703 0.1790
1426 1704 0.2852
1426 1705 0.3046
1426 1706 0.3046
1426 1707 0.6638
1426 1708 0.4196
1426 1711 0.1790
1426 1712 0.9803
1426 1713 0.6774
1426 1714 0.7859
1426 1715 0.4408
1426 1716 0.4883
1426 1717 0.9915
1426 1718 0.4196
1426 1721 0.4196
1426 1724 0.2113
1426 1725 0.1894
1426 1726 0.1790
1426 1730 0.2113
1427 1428 0.2001
1427 1430 0.1657
1427 1433 0.2268
1427 1434 0.6031
1427 1435 0.5129
1427 1437 0.2629
1427 1439 0.3156
1427 1440 0.4734
1427 1441 0.1731
1427 1446 0.1228
1427 1448 0.2382
1427 1449 0.2127
1427 1452 0.1731
1427 1453 0.1228
1427 1455 0.1755
1427 1456 0.2403
1427 1457 0.2507
1427 1460 0.2353
1427 1461 0.1228
1427 1462 0.2009
1427 1464 0.2032
1427 1466 0.1999
1427 1468 0.1967
1427 1472 0.1755
1427 1474 0.1808
1427 1475 0.1955
1427 1476 0.1228
1427 1477 0.2674
1427 1479 0.2354
1427 1480 0.1228
1427 1484 0.2153
1427 1485 0.2600
1427 1487 0.2030
1427 1490 0.2602
1427 1491 0.2353
1427 1493 0.2127
1427 1494 0.2106
1427 1495 0.1907
1427 1496 0.2598
1427 1497 0.1490
1427 1499 0.1490
1427 1500 0.1889
1427 1501 0.2382
1427 1503 0.3249
1427 1504 0.2358
1427 1505 0.1490
1427 1506 0.1731
1427 1507 0.1228
1427 1508 0.1490
1427 1510 0.1228
1427 1512 0.1755
1427 1514 0.1490
1427 1516 0.2537
1427 1517 0.1431
1427 1519 0.5159
1427 1520 0.5855
1427 1522 0.4629
1427 1526 0.3337
1427 1528 0.1666
1427 1529 0.2519
1427 1530 0.2246
1427 1531 0.1431
1427 1532 0.2353
1427 1534 0.1755
1427 1535 0.2408
1427 1537 0.2553
1427 1538 0.2571
1427 1541 0.2204
1427 1544 0.2305
1427 1545 0.2315
1427 1546 0.2025
1427 1547 0.4768
1427 1548 0.1731
1427 1549 0.1871
1427 1550 0.2989
1427 1551 0.3155
1427 1554 0.1871
1427 1562 0.1431
1427 1565 0.1871
1427 1567 0.2526
1427 1568 0.1228
1427 1569 0.1744
1427 1570 0.1671
1427 1571 0.1481
1427 1572 0.2194
1427 1573 0.2552
1427 1574 0.1228
1427 1579 0.2200
1427 1580 0.1228
1427 1581 0.1671
1427 1583 0.1228
1427 1585 0.1792
1427 1586 0.2353
1427 1587 0.1228
1427 1588 0.1840
1427 1590 0.2127
1427 1591 0.1490
1427 1593 0.2827
1427 1594 0.2277
1427 1595 0.1755
1427 1597 0.1875
1427 1598 0.1717
1427 1603 0.1877
1427 1604 0.1431
1427 1605 0.4249
1427 1606 0.2719
1427 1608 0.1864
1427 1609 0.2025
1427 1611 0.1228
1427 1612 0.1967
1427 1613 0.2687
1427 1614 0.1731
1427 1616 0.2009
1427 1618 0.3945
1427 1619 0.1431
1427 1620 0.2416
1427 1621 0.4609
1427 1622 0.7536
1427 1623 0.2547
1427 1624 0.2874
1427 1628 0.1731
1427 1629 0.1755
1427 1630 0.1975
1427 1633 0.1228
1427 1634 0.4624
1427 1636 0.1731
1427 1637 0.2508
1427 1640 0.2769
1427 1642 0.1731
1427 1643 0.1755
1427 1645 0.1490
1427 1646 0.1896
1427 1647 0.1820
1427 1649 0.1731
1427 1650 0.1975
1427 1651 0.1431
1427 1653 0.1481
1427 1655 0.1431
1427 1656 0.1431
1427 1660 0.2745
1427 1661 0.2085
1427 1664 0.2813
1427 1665 0.2342
1427 1666 0.1490
1427 1667 0.2127
1427 1668 0.3572
1427 1669 0.1955
1427 1672 0.2152
1427 1677 0.1755
1427 1678 0.1731
1427 1679 0.1228
1427 1681 0.1490
1427 1682 0.1896
1427 1683 0.3566
1427 1686 0.2386
1427 1687 0.1815
1427 1688 0.1490
1427 1689 0.8761
1427 1690 0.1755
1427 1691 0.1949
1427 1692 0.1864
1427 1693 0.1731
1427 1694 0.3198
1427 1696 0.1731
1427 1698 0.2022
1427 1700 0.1864
1427 1701 0.2342
1427 1702 0.2349
1427 1703 0.1490
1427 1704 0.1894
1427 1705 0.1681
1427 1706 0.1681
1427 1707 0.2413
1427 1708 0.2512
1427 1711 0.1490
1427 1712 0.7098
1427 1713 0.4808
1427 1714 0.2780
1427 1715 0.2096
1427 1716 0.2263
1427 1717 0.7391
1427 1718 0.2512
1427 1721 0.2342
1427 1724 0.1431
1427 1725 0.1228
1427 1726 0.1490
1427 1730 0.1431
1428 1430 0.7284
1428 1433 0.8399
1428 1434 0.9935
1428 1435 0.9493
1428 1437 0.8513
1428 1439 0.3283
1428 1440 0.9481
1428 1441 0.5023
1428 1446 0.2001
1428 1448 0.2250
1428 1449 0.2303
1428 1452 0.2067
1428 1453 0.2001
1428 1455 0.2130
1428 1456 0.3900
1428 1457 0.4959
1428 1460 0.1862
1428 1461 0.2001
1428 1462 0.2679
1428 1464 0.4859
1428 1466 0.5393
1428 1468 0.3414
1428 1472 0.2130
1428 1474 0.2991
1428 1475 0.3916
1428 1476 0.2001
1428 1477 0.2818
1428 1479 0.4448
1428 1480 0.2001
1428 1484 0.5465
1428 1485 0.7697
1428 1487 0.3854
1428 1490 0.3152
1428 1491 0.1862
1428 1493 0.2303
1428 1494 0.3072
1428 1495 0.4147
1428 1496 0.3395
1428 1497 0.3786
1428 1499 0.2322
1428 1500 0.1901
1428 1501 0.2250
1428 1503 0.3649
1428 1504 0.2950
1428 1505 0.2322
1428 1506 0.2067
1428 1507 0.2001
1428 1508 0.2322
1428 1510 0.2001
1428 1512 0.2130
1428 1514 0.2322
1428 1516 0.2367
1428 1517 0.1774
1428 1519 0.4898
1428 1520 0.3136
1428 1522 0.4793
1428 1526 0.3031
1428 1528 0.3613
1428 1529 0.2266
1428 1530 0.1950
1428 1531 0.1774
1428 1532 0.2621
1428 1534 0.2130
1428 1535 0.4112
1428 1537 0.4812
1428 1538 0.5378
1428 1541 0.3193
1428 1544 0.4816
1428 1545 0.1776
1428 1546 0.2260
1428 1547 0.4888
1428 1548 0.7240
1428 1549 0.4819
1428 1550 0.2848
1428 1551 0.3105
1428 1554 0.4249
1428 1562 0.1774
1428 1565 0.4249
1428 1567 0.4878
1428 1568 0.2001
1428 1569 0.2051
1428 1570 0.3694
1428 1571 0.2782
1428 1572 0.3288
1428 1573 0.3847
1428 1574 0.2001
1428 1579 0.3078
