7 967 0.8169
7 968 0.2319
7 969 0.2819
7 971 0.6650
7 972 0.1565
7 973 0.3690
7 974 0.5152
7 975 0.2116
7 976 0.7953
7 978 0.2127
7 979 0.1574
7 980 0.4607
7 981 0.4434
7 982 0.1844
7 983 0.7518
7 984 0.1477
7 985 0.1844
7 986 0.2208
7 987 0.4828
7 989 0.1988
7 990 0.1665
7 991 0.6168
7 992 0.2208
7 993 0.2178
7 994 0.3670
7 995 0.1901
7 996 0.1504
7 999 0.4009
7 1000 0.2215
7 1001 0.7619
7 1002 0.9069
7 1003 0.2755
7 1004 0.9240
7 1005 0.2943
7 1006 0.2297
7 1007 0.9630
7 1008 0.4191
7 1010 0.2336
7 1012 0.1565
7 1013 0.5478
7 1014 0.5172
7 1015 0.5350
7 1016 0.3620
7 1017 0.0904
7 1018 0.5692
7 1019 0.3659
7 1020 0.5776
7 1022 0.2710
7 1023 0.5092
7 1025 0.1477
7 1026 0.4875
7 1027 0.5439
7 1029 0.2000
7 1030 0.1656
7 1031 0.2253
7 1032 0.8213
7 1033 0.5170
7 1034 0.6935
7 1035 0.3051
7 1036 0.8969
7 1037 0.2934
7 1038 0.6412
7 1040 0.6242
7 1041 0.3317
7 1042 0.6555
7 1043 0.3620
7 1044 0.1565
7 1045 0.2180
7 1046 0.1844
7 1047 0.1972
7 1048 0.3410
7 1049 0.3519
7 1050 0.1141
7 1051 0.1504
7 1053 0.8975
7 1054 0.2880
7 1055 0.4191
7 1056 0.2270
7 1057 0.4427
7 1058 0.3620
7 1059 0.7771
7 1060 0.8660
7 1061 0.2128
7 1062 0.5211
7 1063 0.4758
7 1064 0.5160
7 1065 0.1136
7 1066 0.6905
7 1067 0.5098
7 1068 0.1752
7 1069 0.3620
7 1070 0.3612
7 1072 0.8027
7 1073 0.5350
7 1075 0.2901
7 1076 0.1535
7 1077 0.4560
7 1078 0.2222
7 1079 0.4283
7 1080 0.2432
7 1081 0.5086
7 1082 0.1504
7 1083 0.9238
7 1084 0.3530
7 1085 0.2805
7 1087 0.1768
7 1089 0.5240
7 1090 0.2242
7 1094 0.2266
7 1095 0.7478
7 1096 0.2939
7 1097 0.1844
7 1099 0.9368
7 1102 0.5061
7 1103 0.1619
7 1104 0.1582
7 1105 0.2250
7 1106 0.3804
7 1107 0.3219
7 1108 0.2550
7 1109 0.3620
7 1111 0.7204
7 1115 0.5209
7 1116 0.6010
7 1117 0.2499
7 1118 0.1504
7 1119 0.1559
7 1120 0.4195
7 1122 0.1551
7 1123 0.2160
7 1124 0.1844
7 1125 0.4369
7 1126 0.2280
7 1127 0.2057
7 1128 0.6302
7 1129 0.6181
7 1130 0.6163
7 1131 0.8157
7 1132 0.2215
7 1133 0.8985
7 1135 0.6930
7 1138 0.1354
7 1139 0.2280
7 1141 0.1371
7 1142 0.8130
7 1143 0.3620
7 1145 0.1504
7 1146 0.1435
7 1147 0.1632
7 1148 0.5505
7 1149 0.1875
7 1150 0.0978
7 1151 0.3328
7 1152 0.7329
7 1153 0.1482
7 1154 0.1884
7 1155 0.1559
7 1156 0.1948
7 1157 0.3490
7 1158 0.1640
7 1159 0.2538
7 1160 0.7953
7 1161 0.4369
7 1162 0.3867
7 1163 0.9587
7 1165 0.1844
7 1166 0.5170
7 1167 0.6393
7 1169 0.1285
7 1170 0.4268
7 1172 0.2141
7 1173 0.3867
7 1174 0.1802
7 1176 0.3167
7 1177 0.3108
7 1178 0.3620
7 1180 0.1793
7 1181 0.1565
7 1182 0.2765
7 1183 0.2190
7 1186 0.2601
7 1187 0.1385
7 1188 0.3617
7 1191 0.1903
7 1192 0.3620
7 1193 0.2395
7 1194 0.1371
7 1195 0.3463
7 1196 0.2522
7 1197 0.2974
7 1198 0.1656
7 1199 0.4897
7 1200 0.2130
7 1201 0.2237
7 1202 0.1380
7 1203 0.1979
7 1204 0.4604
7 1205 0.1844
7 1206 0.5368
7 1207 0.4275
7 1208 0.1875
7 1210 0.2402
7 1211 0.4440
7 1212 0.2003
7 1213 0.2605
7 1214 0.1903
7 1217 0.5734
7 1218 0.4261
7 1219 0.1559
7 1220 0.3620
7 1221 0.3126
7 1224 0.1916
7 1225 0.2851
7 1226 0.3010
7 1227 0.1692
7 1228 0.3620
7 1229 0.2348
7 1230 0.1565
7 1231 0.2119
7 1232 0.3353
7 1233 0.3521
7 1234 0.1756
7 1235 0.2467
7 1236 0.1970
7 1237 0.2298
7 1238 0.4769
7 1240 0.5596
7 1241 0.1504
7 1242 0.5651
7 1243 0.2449
7 1244 0.3620
7 1245 0.1535
7 1246 0.3078
7 1247 0.2280
7 1248 0.6594
7 1249 0.4766
7 1250 0.4744
7 1251 0.3055
7 1252 0.2005
7 1253 0.2162
7 1254 0.5350
7 1255 0.1565
7 1256 0.3893
7 1258 0.5573
7 1259 0.2410
7 1260 0.6199
7 1262 0.4545
7 1263 0.7582
7 1265 0.1334
7 1267 0.5563
7 1268 0.4344
7 1269 0.8252
7 1270 0.1565
7 1271 0.3182
7 1272 0.1844
7 1273 0.2232
7 1274 0.3513
7 1275 0.7523
7 1276 0.3620
7 1279 0.5544
7 1281 0.7537
7 1282 0.5374
7 1283 0.8214
7 1284 0.4894
7 1286 0.1869
7 1287 0.8387
7 1288 0.7879
7 1289 0.4894
7 1290 0.3620
7 1291 0.8304
7 1292 0.9676
7 1293 0.7381
7 1296 0.3620
7 1298 0.8362
7 1299 0.7407
7 1301 0.8383
7 1303 0.9297
7 1304 0.8355
7 1305 0.7826
7 1306 0.3620
7 1308 0.6126
7 1309 0.7251
7 1310 0.6935
7 1312 0.3423
7 1313 0.3883
7 1315 0.5664
7 1316 0.9976
7 1318 0.7151
7 1319 0.7335
7 1320 0.8145
7 1322 0.6430
7 1323 0.6583
7 1324 0.3685
7 1327 0.1565
7 1328 0.3096
7 1329 0.1768
7 1330 0.1182
7 1331 0.4175
7 1332 0.3078
7 1333 0.3620
7 1334 0.2762
7 1335 0.6117
7 1337 0.2215
7 1338 0.3620
7 1339 0.5894
7 1340 0.3620
7 1341 0.1844
7 1342 0.3213
7 1343 0.2215
7 1344 0.6009
7 1345 0.2321
7 1347 0.4437
7 1348 0.8190
7 1349 0.1504
7 1350 0.1844
7 1352 0.1559
7 1353 0.4466
7 1354 0.1565
7 1355 0.4466
7 1356 0.6035
7 1358 0.2990
7 1359 0.3620
7 1360 0.2211
7 1361 0.1237
7 1362 0.1565
7 1363 0.2208
7 1364 0.3620
7 1367 0.2282
7 1368 0.7172
7 1369 0.2689
7 1370 0.2115
7 1371 0.2524
7 1372 0.2307
7 1374 0.1925
7 1375 0.1992
7 1376 0.4551
7 1377 0.3620
7 1378 0.1559
7 1379 0.1948
7 1380 0.2280
7 1381 0.5616
7 1382 0.7114
7 1384 0.1922
7 1386 0.6620
7 1387 0.3541
7 1388 0.2470
7 1389 0.5417
7 1390 0.2328
7 1393 0.1565
7 1394 0.4743
7 1395 0.1477
7 1396 0.2208
7 1397 0.3979
7 1398 0.3406
7 1399 0.2343
7 1401 0.1844
7 1402 0.2416
7 1405 0.1831
7 1407 0.2513
7 1408 0.2374
7 1409 0.3717
7 1410 0.2140
7 1412 0.4845
7 1414 0.2513
7 1415 0.5299
7 1416 0.2835
7 1418 0.5016
7 1419 0.1929
7 1420 0.3669
7 1421 0.1373
7 1423 0.3518
7 1425 0.2450
7 1426 0.7034
7 1427 0.1628
7 1428 0.1504
7 1433 0.1845
7 1434 0.4985
7 1435 0.1554
7 1436 0.1237
7 1437 0.1518
7 1438 0.1706
7 1439 0.3182
7 1440 0.1772
7 1441 0.2550
7 1446 0.4369
7 1448 0.7624
7 1449 0.3303
7 1451 0.3620
7 1452 0.2550
7 1453 0.3620
7 1454 0.2280
7 1455 0.1565
7 1456 0.4596
7 1457 0.1999
7 1458 0.4098
7 1459 0.5350
7 1460 0.3859
7 1461 0.2086
7 1462 0.2718
7 1463 0.3697
7 1465 0.2270
7 1466 0.2232
7 1468 0.8521
7 1470 0.3620
7 1472 0.5710
7 1473 0.2318
7 1474 0.2225
7 1476 0.5505
7 1477 0.2340
7 1479 0.5643
7 1480 0.3965
7 1481 0.3620
7 1482 0.1834
7 1485 0.2134
7 1486 0.1844
7 1487 0.2771
7 1488 0.2297
7 1490 0.3390
7 1491 0.3845
7 1493 0.4509
7 1494 0.2145
7 1495 0.7588
7 1496 0.2051
7 1497 0.2215
7 1499 0.1559
7 1500 0.5776
7 1501 0.3620
7 1502 0.4291
7 1503 0.7311
7 1504 0.5373
7 1506 0.4934
7 1507 0.7444
7 1508 0.1559
7 1510 0.6723
7 1511 0.3916
7 1512 0.3303
7 1513 0.2215
7 1514 0.2280
7 1515 0.3047
7 1516 0.7694
7 1517 0.4986
7 1518 0.1565
7 1519 0.8858
7 1520 0.9774
7 1522 0.8504
7 1526 0.9322
7 1527 0.7873
7 1528 0.7585
7 1529 0.6178
7 1530 0.7931
7 1532 0.7610
7 1534 0.4304
7 1535 0.5231
7 1536 0.8657
7 1537 0.7324
7 1538 0.9494
7 1541 0.5337
7 1542 0.7834
7 1544 0.5753
7 1545 0.2280
7 1546 0.7849
7 1547 0.7372
7 1548 0.8435
7 1549 0.5851
7 1551 0.9229
7 1553 0.7356
7 1554 0.5255
7 1555 0.2280
7 1556 0.7740
7 1557 0.7554
7 1560 0.3620
7 1562 0.1844
7 1567 0.7740
7 1568 0.2208
7 1569 0.3767
7 1570 0.2215
7 1571 0.2336
7 1572 0.2828
7 1573 0.2984
7 1574 0.2280
7 1575 0.1504
7 1577 0.2135
7 1578 0.1844
7 1580 0.2235
7 1581 0.2092
7 1582 0.1538
7 1583 0.5007
7 1584 0.2280
7 1585 0.3765
7 1586 0.3620
7 1587 0.1559
7 1588 0.2393
7 1589 0.3620
7 1590 0.2145
7 1591 0.3132
7 1592 0.4554
7 1593 0.5073
7 1594 0.5603
7 1595 0.3806
7 1596 0.2378
7 1597 0.2247
7 1599 0.3340
7 1600 0.1844
7 1601 0.4466
7 1602 0.3620
7 1603 0.2474
7 1604 0.2280
7 1606 0.2199
7 1607 0.1197
7 1608 0.5062
7 1610 0.2253
7 1611 0.2202
7 1612 0.1129
7 1613 0.3100
7 1614 0.2905
7 1615 0.2211
7 1616 0.2765
7 1617 0.2553
7 1618 0.5689
7 1619 0.2480
7 1620 0.2409
7 1621 0.6863
7 1622 0.6028
7 1623 0.1323
7 1624 0.3757
7 1625 0.2713
7 1626 0.2278
7 1627 0.2013
7 1628 0.1565
7 1629 0.6085
7 1630 0.2167
7 1631 0.3620
7 1633 0.2280
7 1636 0.2160
7 1637 0.3920
7 1638 0.2411
7 1639 0.3439
7 1640 0.5873
7 1642 0.1559
7 1643 0.1559
7 1644 0.1559
7 1645 0.2618
7 1646 0.4219
7 1647 0.1428
7 1649 0.1565
7 1650 0.2921
7 1651 0.6384
7 1653 0.2853
7 1654 0.2208
7 1655 0.1656
7 1656 0.1844
7 1657 0.1559
7 1658 0.1559
7 1660 0.2328
7 1661 0.5176
7 1662 0.3620
7 1663 0.4955
7 1664 0.5263
7 1666 0.3620
7 1667 0.4767
7 1668 0.6387
7 1669 0.2098
7 1673 0.2208
7 1674 0.1983
7 1675 0.1844
7 1676 0.2378
7 1677 0.6988
7 1678 0.3069
7 1679 0.5548
7 1680 0.2628
7 1682 0.3620
7 1683 0.4487
7 1684 0.2208
7 1686 0.3620
7 1688 0.2659
7 1689 0.8219
7 1691 0.2735
7 1692 0.6941
7 1693 0.3638
7 1694 0.3743
7 1695 0.2297
7 1696 0.1504
7 1697 0.4996
7 1698 0.3054
7 1699 0.4369
7 1700 0.4442
7 1702 0.1679
7 1703 0.2222
7 1704 0.2550
7 1705 0.3015
7 1706 0.4369
7 1707 0.1353
7 1708 0.3069
7 1709 0.2341
7 1711 0.2047
7 1712 0.7219
7 1713 0.1468
7 1714 0.1831
7 1715 0.1496
7 1716 0.2145
7 1717 0.7249
7 1718 0.2799
7 1719 0.1844
7 1720 0.2937
7 1721 0.2628
7 1722 0.1844
7 1723 0.2162
7 1724 0.3810
7 1725 0.3864
7 1726 0.1668
7 1727 0.1679
7 1728 0.1691
7 1729 0.2064
7 1730 0.1428
8 9 0.2252
8 10 0.1663
8 11 0.5482
8 12 0.5868
8 13 0.5542
8 14 0.7489
8 15 0.1517
8 16 0.0612
8 17 0.2696
8 18 0.6405
8 19 0.6433
8 20 0.6233
8 21 0.6551
8 22 0.2291
8 23 0.8134
8 24 0.5870
8 25 0.5355
8 26 0.5009
8 27 0.6283
8 28 0.5685
8 29 0.3875
8 30 0.4430
8 31 0.6966
8 32 0.1822
8 33 0.3125
8 34 0.1318
8 35 0.5235
8 36 0.2764
8 37 0.1817
8 38 0.3902
8 39 0.5672
8 40 0.3939
8 41 0.6299
8 42 0.5862
8 43 0.5102
8 44 0.3067
8 45 0.7194
8 46 0.3854
8 47 0.0437
8 48 0.2345
8 49 0.6405
8 50 0.4018
8 51 0.6281
8 52 0.5817
8 53 0.1146
8 54 0.4930
8 55 0.3127
8 56 0.4041
8 57 0.6803
8 58 0.6911
8 59 0.4106
8 60 0.7042
8 61 0.0826
8 62 0.3660
8 63 0.3185
8 64 0.1415
8 65 0.6679
8 66 0.1549
8 67 0.2856
8 68 0.7068
8 69 0.2170
8 70 0.1831
8 71 0.6931
8 72 0.3209
8 73 0.4693
8 74 0.0716
8 75 0.2871
8 76 0.3660
8 77 0.2897
8 78 0.1337
8 79 0.1174
8 80 0.3311
8 81 0.1793
8 82 0.5241
8 83 0.6620
8 84 0.4940
8 85 0.2637
8 86 0.3084
8 87 0.6192
8 88 0.5081
8 89 0.3676
8 90 0.7251
8 91 0.6855
8 92 0.6375
8 93 0.2353
8 94 0.2412
8 95 0.2297
8 96 0.3458
8 97 0.2035
8 98 0.5121
8 99 0.3184
8 100 0.2884
8 101 0.3596
8 102 0.3368
8 103 0.6370
8 104 0.3930
8 105 0.2550
8 106 0.5549
8 107 0.3349
8 108 0.3446
8 109 0.1947
8 110 0.1980
8 111 0.2386
8 112 0.4179
8 113 0.1650
8 114 0.1409
8 115 0.2281
8 116 0.2429
8 117 0.3731
8 118 0.0970
8 119 0.2056
8 120 0.1124
8 121 0.1322
8 122 0.2121
8 123 0.6948
8 124 0.2080
8 125 0.2894
8 126 0.2825
8 127 0.1256
8 128 0.3613
8 129 0.1558
8 130 0.5724
8 131 0.2364
8 132 0.1166
8 133 0.2947
8 134 0.5496
8 135 0.1601
8 136 0.3575
8 137 0.6014
8 138 0.4124
8 139 0.2739
8 140 0.6841
8 142 0.1647
8 143 0.3023
8 144 0.5272
8 145 0.2166
8 146 0.4596
8 147 0.1505
8 148 0.3805
8 149 0.4432
8 150 0.4141
8 151 0.2570
8 152 0.0824
8 153 0.3003
8 154 0.2723
8 156 0.1982
8 157 0.1834
8 158 0.3126
8 159 0.6252
8 160 0.3731
8 161 0.0661
8 162 0.5709
8 163 0.2551
8 164 0.1651
8 165 0.6012
8 166 0.1222
8 167 0.2316
8 168 0.3380
8 169 0.0438
8 170 0.3153
8 171 0.4391
8 172 0.3315
8 173 0.1036
8 175 0.2383
8 176 0.2968
8 177 0.1147
8 178 0.2387
8 179 0.3478
8 180 0.2656
8 181 0.1186
8 182 0.5905
8 183 0.5434
8 184 0.6039
8 185 0.4777
8 186 0.3529
8 187 0.6005
8 188 0.1294
8 189 0.3044
8 190 0.2947
8 191 0.1824
8 192 0.3291
8 193 0.3861
8 194 0.3505
8 195 0.3413
8 196 0.2594
8 197 0.5635
8 198 0.1279
8 199 0.2230
8 200 0.5694
8 201 0.4911
8 202 0.2345
8 203 0.2154
8 204 0.2733
8 206 0.5491
8 207 0.2236
8 208 0.3003
8 209 0.1541
8 210 0.1215
8 211 0.3188
8 212 0.3972
8 213 0.2080
8 214 0.5188
8 215 0.5834
8 216 0.2428
8 217 0.2204
8 218 0.1887
8 219 0.1720
8 220 0.0968
8 221 0.1712
8 222 0.1708
8 223 0.2426
8 224 0.1507
8 225 0.2009
8 226 0.0979
8 227 0.1158
8 228 0.6200
8 229 0.3131
8 230 0.3997
8 231 0.2069
8 232 0.2543
8 233 0.2369
8 234 0.1010
8 235 0.6214
8 236 0.6631
8 237 0.5311
8 238 0.2534
8 239 0.2380
8 240 0.4792
8 241 0.2601
8 242 0.1499
8 243 0.6235
8 244 0.2462
8 245 0.2161
8 246 0.1789
8 248 0.4423
8 249 0.3288
8 250 0.4676
8 251 0.2271
8 252 0.1165
8 253 0.2884
8 254 0.3354
8 255 0.0970
8 256 0.2332
8 258 0.1655
8 259 0.1165
8 260 0.0812
8 261 0.2880
8 262 0.2734
8 263 0.1800
8 264 0.4469
8 265 0.2734
8 266 0.1522
8 267 0.1492
8 268 0.3735
8 269 0.4375
8 270 0.3902
8 271 0.1894
8 272 0.3502
8 273 0.2208
8 274 0.5124
8 275 0.2946
8 276 0.6785
8 277 0.1322
8 278 0.0954
8 279 0.1585
8 281 0.0876
8 282 0.4932
8 283 0.3289
8 284 0.4235
8 285 0.2198
8 286 0.2554
8 287 0.4863
8 288 0.3506
8 289 0.1487
8 290 0.6827
8 291 0.2601
8 292 0.5120
8 293 0.1849
8 294 0.1789
8 295 0.2630
8 296 0.1560
8 297 0.2000
8 298 0.1736
8 299 0.1919
8 300 0.3793
8 301 0.1516
8 302 0.0823
8 303 0.1262
8 304 0.5840
8 305 0.0732
8 306 0.1830
8 307 0.0968
8 308 0.3730
8 309 0.1153
8 310 0.2208
8 311 0.1630
8 313 0.3275
8 314 0.1013
8 315 0.2518
8 316 0.2753
8 317 0.2038
8 318 0.2402
8 319 0.0758
8 320 0.1175
8 321 0.5532
8 322 0.0968
8 323 0.2580
8 324 0.2732
8 325 0.4677
8 326 0.1023
8 327 0.2456
8 328 0.5583
8 329 0.1698
8 331 0.2531
8 332 0.3857
8 333 0.0922
8 334 0.4153
8 336 0.2661
8 337 0.2148
8 338 0.4210
8 339 0.3312
8 340 0.5418
8 341 0.5886
8 342 0.3248
8 343 0.1944
8 344 0.2833
8 347 0.4750
8 348 0.1140
8 349 0.3211
8 350 0.2769
8 351 0.1411
8 352 0.1147
8 353 0.2687
8 354 0.5821
8 355 0.1660
8 356 0.0784
8 357 0.3885
8 358 0.0921
8 359 0.2640
8 360 0.1746
8 361 0.3276
8 362 0.3008
8 363 0.2631
8 364 0.3694
8 366 0.1409
8 367 0.2980
8 368 0.2285
8 369 0.3798
8 370 0.4834
8 371 0.2782
8 372 0.3200
8 373 0.2382
8 374 0.1262
8 375 0.2419
8 376 0.5398
8 377 0.1999
8 378 0.2024
8 379 0.1747
8 380 0.2147
8 381 0.2934
8 382 0.2342
8 383 0.4635
8 384 0.5563
8 385 0.1546
8 386 0.1812
8 387 0.6016
8 388 0.3653
8 389 0.2416
8 390 0.1903
8 391 0.1342
8 392 0.4034
8 393 0.5369
8 394 0.4106
8 395 0.1756
8 396 0.4989
8 397 0.1165
8 398 0.5228
8 399 0.5035
8 400 0.2201
8 402 0.1785
8 403 0.1602
8 404 0.1335
8 406 0.4290
8 407 0.2454
8 408 0.3949
8 409 0.0688
8 410 0.2080
8 411 0.1108
8 412 0.2137
8 413 0.6301
8 414 0.5986
8 415 0.6442
8 416 0.1296
8 418 0.5072
8 419 0.3999
8 420 0.1147
8 421 0.3559
8 422 0.5665
8 424 0.5163
8 425 0.5547
8 426 0.1158
8 427 0.4121
8 428 0.3837
8 429 0.1723
8 430 0.0968
8 432 0.0970
8 433 0.4505
8 434 0.6382
8 435 0.3257
8 436 0.2354
8 438 0.5166
8 439 0.1781
8 440 0.2990
8 441 0.2496
8 442 0.1541
8 444 0.1128
8 445 0.3185
8 447 0.3449
8 449 0.4012
8 450 0.1272
8 451 0.3320
8 452 0.4693
8 453 0.2913
8 454 0.6175
8 455 0.0970
8 456 0.2135
8 457 0.1444
8 458 0.2080
8 459 0.1165
8 460 0.0876
8 461 0.1541
8 462 0.1933
8 463 0.3825
8 464 0.1424
8 465 0.2103
8 466 0.5647
8 467 0.2807
8 468 0.0970
8 469 0.2079
8 470 0.1939
8 471 0.1846
8 472 0.1740
8 474 0.2396
8 475 0.3941
8 476 0.3810
8 478 0.1866
8 479 0.1439
8 480 0.0798
8 481 0.2317
8 482 0.1264
8 484 0.3720
8 485 0.1475
8 486 0.1727
8 487 0.2704
8 488 0.1192
8 489 0.0970
8 490 0.1698
8 491 0.2620
8 492 0.6068
8 493 0.1698
8 494 0.3327
8 495 0.4275
8 496 0.4331
8 497 0.6315
8 498 0.2788
8 499 0.2658
8 500 0.2249
8 501 0.1248
8 503 0.2891
8 504 0.1665
8 505 0.1606
8 506 0.3448
8 507 0.1323
8 508 0.2301
8 509 0.1433
8 510 0.2249
8 511 0.4848
8 512 0.1326
8 513 0.1385
8 514 0.3983
8 515 0.3018
8 516 0.2034
8 517 0.2963
8 518 0.1799
8 519 0.1482
8 520 0.2162
8 521 0.1165
8 522 0.2117
8 523 0.2211
8 525 0.3191
8 526 0.1239
8 527 0.2819
8 528 0.3514
8 529 0.0732
8 530 0.1933
8 531 0.2036
8 532 0.2385
8 533 0.1538
8 534 0.3521
8 535 0.1885
8 536 0.5776
8 537 0.2951
8 538 0.0970
8 539 0.2080
8 540 0.3045
8 541 0.1103
8 542 0.1927
8 543 0.2190
8 544 0.6160
8 545 0.2638
8 546 0.2833
8 547 0.1296
8 548 0.1984
8 549 0.5437
8 550 0.1298
8 551 0.2466
8 552 0.3939
8 553 0.1742
8 554 0.1692
8 555 0.3513
8 556 0.2823
8 557 0.2134
8 558 0.3272
8 559 0.0639
8 560 0.0829
8 561 0.3139
8 562 0.2759
8 563 0.6618
8 565 0.1096
8 566 0.1251
8 568 0.7192
8 569 0.0359
8 570 0.1311
8 571 0.3677
8 572 0.3972
8 573 0.2667
8 574 0.1320
8 575 0.1590
8 576 0.3252
8 577 0.3296
8 578 0.1962
8 579 0.4637
8 581 0.3460
8 582 0.1812
8 583 0.2823
8 584 0.2094
8 585 0.3186
8 586 0.1720
8 587 0.2944
8 589 0.4389
8 590 0.6164
8 591 0.1951
8 592 0.5556
8 593 0.1746
8 594 0.1944
8 595 0.1780
8 598 0.4031
8 599 0.3825
8 600 0.1833
8 601 0.0806
8 602 0.3718
8 604 0.1630
8 605 0.1933
8 606 0.1650
8 607 0.2465
8 609 0.2475
8 610 0.5311
8 611 0.1933
8 612 0.1147
8 613 0.4123
8 614 0.4667
8 615 0.0970
8 616 0.2080
8 617 0.1436
8 618 0.5664
8 619 0.4952
8 620 0.0869
8 621 0.3959
8 622 0.1251
8 623 0.0873
8 624 0.1949
8 625 0.2196
8 626 0.3018
8 627 0.5051
8 628 0.1114
8 629 0.1676
8 630 0.2358
8 631 0.2800
8 632 0.2985
8 633 0.2197
8 634 0.2249
8 635 0.2393
8 636 0.3527
8 637 0.1719
8 638 0.2080
8 639 0.7190
8 640 0.2880
8 641 0.1665
8 642 0.2144
8 643 0.4603
8 644 0.0968
8 645 0.1986
8 646 0.2228
8 647 0.2590
8 648 0.1653
8 649 0.4013
8 650 0.4753
8 651 0.1904
8 652 0.1530
8 653 0.5735
8 654 0.1399
8 655 0.2237
8 656 0.2083
8 657 0.0968
8 658 0.1962
8 659 0.4458
8 660 0.0876
8 661 0.1128
8 662 0.2541
8 663 0.4544
8 664 0.2218
8 665 0.2467
8 666 0.1254
8 667 0.4280
8 668 0.2197
8 669 0.1009
8 670 0.2156
8 671 0.4681
8 672 0.3040
8 673 0.1789
8 674 0.2334
8 675 0.2208
8 676 0.3446
8 677 0.2273
8 678 0.1687
8 679 0.3551
8 680 0.1137
8 682 0.1663
8 683 0.2249
8 684 0.2449
8 685 0.4270
8 686 0.3570
8 687 0.2771
8 688 0.1878
8 689 0.1931
8 690 0.1984
8 691 0.1326
8 692 0.4094
8 693 0.3061
8 694 0.0906
8 695 0.2493
8 696 0.2240
8 697 0.1997
8 698 0.5919
8 699 0.2727
8 700 0.1790
8 701 0.3646
8 702 0.2367
8 703 0.0314
8 704 0.4943
8 706 0.5828
8 707 0.2499
8 708 0.0968
8 709 0.2267
8 710 0.4482
8 711 0.5864
8 712 0.1842
8 713 0.2480
8 714 0.3122
8 717 0.2322
8 718 0.1811
8 720 0.0968
8 721 0.2191
8 722 0.2040
8 723 0.1526
8 724 0.1861
8 725 0.2462
8 726 0.2773
8 727 0.2544
8 728 0.2419
8 729 0.3222
8 730 0.0876
8 731 0.1326
8 732 0.3952
8 733 0.3976
8 734 0.3369
8 735 0.3105
8 736 0.6554
8 737 0.2622
8 738 0.1371
8 740 0.4169
8 741 0.6888
8 742 0.2563
8 743 0.0908
8 744 0.2574
8 745 0.4928
8 746 0.2545
8 747 0.1735
8 748 0.6378
8 750 0.2299
8 751 0.3427
8 752 0.6021
8 753 0.0480
8 754 0.1897
8 755 0.0714
8 756 0.0968
8 757 0.2878
8 758 0.2890
8 760 0.1070
8 761 0.1165
8 762 0.1147
8 763 0.5823
8 764 0.1724
8 765 0.0968
8 766 0.1243
8 767 0.1033
8 768 0.6824
8 769 0.2484
8 770 0.2188
8 771 0.2751
8 772 0.0876
8 773 0.1842
8 774 0.1800
8 775 0.5430
8 776 0.1349
8 777 0.0471
8 778 0.4340
8 780 0.1315
8 781 0.2032
8 782 0.1420
8 783 0.2780
8 784 0.0639
8 785 0.2694
8 786 0.5962
8 787 0.3413
8 788 0.0876
8 789 0.6141
8 791 0.2384
8 793 0.4149
8 794 0.2161
8 795 0.2462
8 796 0.2761
8 797 0.1528
8 798 0.2823
8 799 0.1623
8 800 0.1760
8 801 0.2288
8 802 0.1135
8 803 0.3078
8 804 0.5941
8 805 0.3526
8 806 0.2493
8 807 0.1620
8 808 0.6064
8 809 0.0876
8 810 0.1933
8 811 0.6086
8 813 0.3962
8 814 0.2763
8 815 0.0970
8 816 0.3661
8 817 0.2247
8 818 0.2511
8 819 0.1230
8 820 0.1651
8 821 0.1246
8 822 0.3421
8 823 0.5872
8 824 0.2221
8 825 0.5667
8 827 0.3541
8 828 0.2892
8 829 0.1399
8 830 0.0970
8 831 0.3514
8 832 0.1952
8 833 0.1165
8 834 0.5705
8 835 0.0852
8 836 0.5327
8 837 0.1800
8 838 0.3238
8 839 0.1163
8 840 0.1158
8 841 0.3133
8 842 0.0909
8 843 0.2080
8 844 0.3785
8 845 0.1774
8 846 0.3150
8 848 0.1275
8 849 0.1780
8 850 0.2208
8 851 0.6788
8 852 0.1933
8 853 0.1756
8 854 0.1683
8 855 0.2326
8 856 0.1966
8 858 0.3591
8 859 0.2254
8 860 0.1922
8 861 0.1251
8 864 0.2000
8 865 0.3272
8 866 0.2460
8 867 0.2832
8 868 0.2098
8 869 0.2501
8 870 0.1664
8 871 0.4071
8 872 0.7637
8 873 0.1933
8 874 0.2210
8 875 0.2390
8 876 0.2279
8 877 0.1933
8 878 0.1832
8 880 0.5391
8 881 0.2208
8 882 0.1592
8 883 0.2360
8 884 0.1076
8 885 0.1880
8 886 0.1005
8 887 0.0728
8 888 0.1638
8 889 0.1488
8 890 0.1831
8 891 0.5843
8 892 0.2080
8 893 0.3091
8 894 0.2274
8 895 0.4561
8 896 0.0876
8 897 0.0955
8 898 0.3431
8 899 0.2169
8 900 0.1196
8 901 0.3584
8 903 0.3954
8 905 0.1841
8 906 0.1933
8 907 0.2406
8 908 0.4584
8 909 0.1966
8 910 0.1708
8 911 0.1147
8 912 0.1624
8 914 0.1878
8 915 0.6158
8 916 0.2080
8 918 0.1640
8 919 0.1165
8 920 0.3384
8 922 0.1693
8 924 0.2102
8 928 0.2291
8 929 0.1764
8 930 0.2953
8 932 0.2271
8 933 0.0876
8 934 0.1861
8 935 0.2375
8 936 0.2074
8 937 0.1147
8 938 0.1861
8 939 0.0968
8 940 0.1695
8 941 0.2741
8 942 0.1593
8 943 0.1165
8 944 0.1417
8 946 0.3590
8 947 0.1157
8 948 0.1878
8 949 0.1932
8 951 0.2812
8 952 0.2232
8 953 0.5090
8 954 0.2175
8 955 0.2111
8 956 0.2717
8 958 0.1498
8 959 0.4527
8 960 0.3819
8 961 0.1703
8 962 0.0970
8 963 0.1933
8 964 0.2021
8 965 0.1452
8 966 0.0818
8 967 0.1971
8 968 0.6016
8 969 0.2601
8 971 0.3042
8 972 0.1933
8 973 0.4866
8 974 0.7900
8 975 0.1164
8 976 0.2208
8 978 0.2309
8 979 0.6012
8 980 0.1615
8 981 0.1956
8 982 0.1165
8 983 0.0810
8 984 0.0955
8 985 0.1165
8 986 0.0876
8 987 0.3616
8 989 0.3244
8 990 0.2720
8 991 0.2438
8 992 0.0876
8 993 0.6028
8 994 0.6202
8 995 0.1782
8 996 0.0970
8 999 0.1913
8 1000 0.1158
8 1001 0.0857
8 1002 0.2545
8 1003 0.1251
8 1004 0.5978
8 1005 0.1716
8 1006 0.1033
8 1007 0.3444
8 1008 0.2947
8 1010 0.1723
8 1012 0.1933
8 1013 0.2334
8 1014 0.3081
8 1015 0.1989
8 1016 0.0968
8 1017 0.1620
8 1018 0.2038
8 1019 0.1425
8 1020 0.2296
8 1022 0.2368
8 1023 0.5807
8 1025 0.0955
8 1026 0.3634
8 1027 0.4636
8 1029 0.1500
8 1030 0.2648
8 1031 0.1984
8 1032 0.3384
8 1033 0.2862
8 1034 0.4677
8 1035 0.1675
8 1036 0.2081
8 1037 0.1949
8 1038 0.2051
8 1040 0.2271
8 1041 0.1931
8 1042 0.2473
8 1043 0.0968
8 1044 0.1933
8 1045 0.1972
8 1046 0.1165
8 1047 0.1641
8 1048 0.3236
8 1049 0.2611
8 1050 0.0831
8 1051 0.0970
8 1053 0.3328
8 1054 0.1862
8 1055 0.2947
8 1056 0.1214
8 1057 0.4201
8 1058 0.0968
8 1059 0.3446
8 1060 0.4295
8 1061 0.1230
8 1062 0.1912
8 1063 0.2881
8 1064 0.2142
8 1065 0.1081
8 1066 0.4249
8 1067 0.5396
8 1068 0.3024
8 1069 0.0968
8 1070 0.3123
8 1072 0.3984
8 1073 0.0876
8 1075 0.3535
8 1076 0.1903
8 1077 0.2323
8 1078 0.1559
8 1079 0.1199
8 1080 0.1818
8 1081 0.1904
8 1082 0.0970
8 1083 0.2332
8 1084 0.1260
8 1085 0.1147
8 1087 0.2125
8 1089 0.1734
8 1090 0.5878
8 1094 0.0976
8 1095 0.1394
8 1096 0.0970
8 1097 0.1165
8 1099 0.7741
8 1102 0.2836
8 1103 0.1140
8 1104 0.0471
8 1105 0.3451
8 1106 0.3997
8 1107 0.1746
8 1108 0.4121
8 1109 0.0968
8 1111 0.1604
8 1115 0.1135
8 1116 0.1158
8 1117 0.1601
8 1118 0.0970
8 1119 0.2080
8 1120 0.1862
8 1122 0.1643
8 1123 0.1199
8 1124 0.1165
8 1125 0.2922
8 1126 0.1147
8 1127 0.1596
8 1128 0.5255
8 1129 0.3840
8 1130 0.3113
8 1131 0.1882
8 1132 0.1158
8 1133 0.1986
8 1135 0.7216
8 1138 0.0737
8 1139 0.1147
8 1141 0.0691
8 1142 0.1168
8 1143 0.0968
8 1145 0.0970
8 1146 0.0646
8 1147 0.2175
8 1148 0.1906
8 1149 0.1369
8 1150 0.5169
8 1151 0.2346
8 1152 0.6631
8 1153 0.5521
8 1154 0.5955
8 1155 0.2080
8 1156 0.1492
8 1157 0.1023
8 1158 0.3154
8 1159 0.1754
8 1160 0.2208
8 1161 0.2922
8 1162 0.1137
8 1163 0.5548
8 1165 0.1165
8 1166 0.2058
8 1167 0.2627
8 1169 0.2150
8 1170 0.2462
8 1172 0.1296
8 1173 0.2083
8 1174 0.1628
8 1176 0.3311
8 1177 0.1934
8 1178 0.0968
8 1180 0.3623
8 1181 0.1933
8 1182 0.1232
8 1183 0.1207
8 1186 0.1938
8 1187 0.0965
8 1188 0.1342
8 1191 0.1003
8 1192 0.0968
8 1193 0.2003
8 1194 0.0691
8 1195 0.5570
8 1196 0.1395
8 1197 0.1519
8 1198 0.1155
8 1199 0.1897
8 1200 0.1832
8 1201 0.4121
8 1202 0.2396
8 1203 0.1457
8 1204 0.1193
8 1205 0.1165
8 1206 0.2543
8 1207 0.1516
8 1208 0.1369
8 1210 0.2114
8 1211 0.1200
8 1212 0.3077
8 1213 0.1903
8 1214 0.1519
8 1217 0.3065
8 1218 0.1931
8 1219 0.2080
8 1220 0.0968
8 1221 0.2811
8 1224 0.1772
8 1225 0.4078
8 1226 0.3025
8 1227 0.2991
8 1228 0.0968
8 1229 0.1533
8 1230 0.1933
8 1231 0.1335
8 1232 0.2200
8 1233 0.0949
8 1234 0.2249
8 1235 0.4160
8 1236 0.2288
8 1237 0.3616
8 1238 0.2150
8 1240 0.3047
8 1241 0.0970
8 1242 0.3719
8 1243 0.0992
8 1244 0.0968
8 1245 0.1903
8 1246 0.1243
8 1247 0.1147
8 1248 0.2042
8 1249 0.1190
8 1250 0.2465
8 1251 0.2301
8 1252 0.1744
8 1253 0.0869
8 1254 0.1499
8 1255 0.1933
8 1256 0.2021
8 1258 0.3187
8 1259 0.1811
8 1260 0.2075
8 1262 0.3171
8 1263 0.3505
8 1265 0.4150
8 1267 0.1553
8 1268 0.3542
8 1269 0.3419
8 1270 0.1933
8 1271 0.3891
8 1272 0.1165
8 1273 0.1223
8 1274 0.1891
8 1275 0.2819
8 1276 0.0968
8 1279 0.3003
8 1281 0.2026
8 1282 0.2368
8 1283 0.2235
8 1284 0.0970
8 1286 0.2482
8 1287 0.3409
8 1288 0.1768
8 1289 0.0970
8 1290 0.0968
8 1291 0.1658
8 1292 0.6305
8 1293 0.3298
8 1296 0.0968
8 1298 0.3595
8 1299 0.2583
8 1301 0.1022
8 1303 0.1113
8 1304 0.1451
8 1305 0.1831
8 1306 0.0968
8 1308 0.0956
8 1309 0.1621
8 1310 0.4677
8 1312 0.0970
8 1313 0.2080
8 1315 0.1296
8 1316 0.7787
8 1318 0.1898
8 1319 0.1335
8 1320 0.1107
8 1322 0.1128
8 1323 0.2148
8 1324 0.1158
8 1327 0.1933
8 1328 0.3474
8 1329 0.2125
8 1330 0.1224
8 1331 0.1993
8 1332 0.1933
8 1333 0.0968
8 1334 0.1559
8 1335 0.2593
8 1337 0.1158
8 1338 0.0968
8 1339 0.2303
8 1340 0.0968
8 1341 0.1165
8 1342 0.2372
8 1343 0.1158
8 1344 0.2446
8 1345 0.1023
8 1347 0.1853
8 1348 0.2022
8 1349 0.0970
8 1350 0.1165
8 1352 0.2080
8 1353 0.1262
8 1354 0.1933
8 1355 0.1262
8 1356 0.3144
8 1358 0.1772
8 1359 0.0968
8 1360 0.1147
8 1361 0.1799
8 1362 0.1933
8 1363 0.0876
8 1364 0.0968
8 1367 0.2322
8 1368 0.3144
8 1369 0.2051
8 1370 0.6023
8 1371 0.2271
8 1372 0.2052
8 1374 0.4106
8 1375 0.0403
8 1376 0.1989
8 1377 0.0968
8 1378 0.2080
8 1379 0.1492
8 1380 0.1147
8 1381 0.1251
8 1382 0.1590
8 1384 0.1933
8 1386 0.2306
8 1387 0.2480
8 1388 0.2135
8 1389 0.3241
8 1390 0.2406
8 1393 0.1933
8 1394 0.3064
8 1395 0.0955
8 1396 0.0876
8 1397 0.2673
8 1398 0.1786
8 1399 0.3413
8 1401 0.1165
8 1402 0.2064
8 1405 0.2664
8 1407 0.2406
8 1408 0.1351
8 1409 0.0834
8 1410 0.2627
8 1412 0.1444
8 1414 0.2406
8 1415 0.1075
8 1416 0.1693
8 1418 0.2933
8 1419 0.2220
8 1420 0.1933
8 1421 0.3129
8 1423 0.0732
8 1425 0.6235
8 1426 0.3137
8 1427 0.1577
8 1428 0.0970
8 1433 0.3514
8 1434 0.7404
8 1435 0.2724
8 1436 0.4848
8 1437 0.3753
8 1438 0.2894
8 1439 0.1847
8 1440 0.5525
8 1441 0.4121
8 1446 0.2922
8 1448 0.3071
8 1449 0.1158
8 1451 0.0968
8 1452 0.1296
8 1453 0.0968
8 1454 0.1147
8 1455 0.1933
8 1456 0.1699
8 1457 0.1933
8 1458 0.2880
8 1459 0.0876
8 1460 0.3462
8 1461 0.1933
8 1462 0.1580
8 1463 0.1147
8 1465 0.1214
8 1466 0.1223
8 1468 0.3221
8 1470 0.0968
8 1472 0.2053
8 1473 0.0970
8 1474 0.2080
8 1476 0.1906
8 1477 0.2584
8 1479 0.2002
8 1480 0.1137
8 1481 0.0968
8 1482 0.0970
8 1485 0.3210
8 1486 0.1165
8 1487 0.1620
8 1488 0.1033
8 1490 0.2327
8 1491 0.0869
8 1493 0.2344
8 1494 0.0852
8 1495 0.2767
8 1496 0.1326
8 1497 0.1158
8 1499 0.2080
8 1500 0.2187
8 1501 0.0968
8 1502 0.0876
8 1503 0.2830
8 1504 0.2415
8 1506 0.0970
8 1507 0.2618
8 1508 0.2080
8 1510 0.2497
8 1511 0.2423
8 1512 0.1158
8 1513 0.1158
8 1514 0.1147
8 1515 0.2157
8 1516 0.5066
8 1517 0.2046
8 1518 0.1933
8 1519 0.3110
8 1520 0.6844
8 1522 0.1712
8 1526 0.2768
8 1527 0.1732
8 1528 0.1861
8 1529 0.2975
8 1530 0.2740
8 1532 0.2038
8 1534 0.1165
8 1535 0.2232
8 1536 0.2975
8 1537 0.1718
8 1538 0.6001
8 1541 0.1360
8 1542 0.1161
8 1544 0.1128
8 1545 0.1147
8 1546 0.1943
8 1547 0.3594
8 1548 0.4434
8 1549 0.0970
8 1551 0.3888
8 1553 0.1903
8 1554 0.2101
8 1555 0.1147
8 1556 0.1087
8 1557 0.1853
8 1560 0.0968
8 1562 0.1165
8 1567 0.1087
8 1568 0.0876
8 1569 0.2728
8 1570 0.1158
8 1571 0.1897
8 1572 0.2838
8 1573 0.1906
8 1574 0.1147
8 1575 0.0970
8 1577 0.1744
8 1578 0.1165
8 1580 0.1870
8 1581 0.1995
8 1582 0.1409
8 1583 0.2530
8 1584 0.1147
8 1585 0.3071
8 1586 0.0968
8 1587 0.2080
8 1588 0.1075
8 1589 0.0968
8 1590 0.0852
8 1591 0.2168
8 1592 0.0931
8 1593 0.3284
8 1594 0.0943
8 1595 0.2241
8 1596 0.1494
8 1597 0.1526
8 1599 0.1912
8 1600 0.1165
8 1601 0.1262
8 1602 0.0968
8 1603 0.1771
8 1604 0.1147
8 1606 0.2365
8 1607 0.1417
8 1608 0.6629
8 1610 0.1984
8 1611 0.2080
8 1612 0.5991
8 1613 0.2920
8 1614 0.1784
8 1615 0.1147
8 1616 0.1232
8 1617 0.2208
8 1618 0.3309
8 1619 0.2579
8 1620 0.2324
8 1621 0.3596
8 1622 0.6833
8 1623 0.1270
8 1624 0.2673
8 1625 0.0869
8 1626 0.3646
8 1627 0.1805
8 1628 0.1933
8 1629 0.2361
8 1630 0.1711
8 1631 0.0968
8 1633 0.1147
8 1636 0.1199
8 1637 0.2449
8 1638 0.1746
8 1639 0.3239
8 1640 0.2817
8 1642 0.2080
8 1643 0.2080
8 1644 0.2080
8 1645 0.1279
8 1646 0.1961
8 1647 0.0920
8 1649 0.1933
8 1650 0.2115
8 1651 0.1471
8 1653 0.0852
8 1654 0.0876
8 1655 0.1155
8 1656 0.1165
8 1657 0.2080
8 1658 0.2080
8 1660 0.1514
8 1661 0.4678
8 1662 0.0968
8 1663 0.1503
8 1664 0.2865
8 1666 0.0968
8 1667 0.3098
8 1668 0.1771
8 1669 0.2400
8 1673 0.0876
8 1674 0.2533
8 1675 0.1165
8 1676 0.1296
8 1677 0.1488
8 1678 0.1023
8 1679 0.3647
8 1680 0.2590
8 1682 0.0968
8 1683 0.2946
8 1684 0.0876
8 1686 0.0968
8 1688 0.2080
8 1689 0.8033
8 1691 0.0933
8 1692 0.4639
8 1693 0.3061
8 1694 0.2971
8 1695 0.1033
8 1696 0.0970
8 1697 0.3029
8 1698 0.2305
8 1699 0.2922
8 1700 0.1724
8 1702 0.1329
8 1703 0.1840
8 1704 0.4121
8 1705 0.1723
8 1706 0.2922
8 1707 0.5569
8 1708 0.1826
8 1709 0.0960
8 1711 0.0812
8 1712 0.7845
8 1713 0.2772
8 1714 0.5404
8 1715 0.1860
8 1716 0.0852
8 1717 0.7776
8 1718 0.3920
8 1719 0.1165
8 1720 0.2022
8 1721 0.2590
8 1722 0.1165
8 1723 0.0869
8 1724 0.1492
8 1725 0.0970
8 1726 0.2186
8 1727 0.1329
8 1728 0.1266
8 1729 0.0845
8 1730 0.0920
9 10 0.2801
9 11 0.7482
9 12 0.3606
9 13 0.5542
9 14 0.7471
9 15 0.2735
9 16 0.1376
9 17 0.3815
9 18 0.3575
9 19 0.6489
9 20 0.7699
9 21 0.3958
9 22 0.0970
9 23 0.7134
9 24 0.1563
9 25 0.6777
9 26 0.4646
9 27 0.0034
9 28 0.4198
9 29 0.3610
9 30 0.2457
9 31 0.7150
9 32 0.1050
9 33 0.3629
9 34 0.7408
9 35 0.9087
9 36 0.2659
9 37 0.1578
9 38 0.2306
9 39 0.4756
9 40 0.7525
9 41 0.7850
9 42 0.5862
9 43 0.1564
9 44 0.1167
9 45 0.8104
9 46 0.2877
9 47 0.1795
9 48 0.1856
9 49 0.9961
9 50 0.2012
9 51 0.9133
9 52 0.5189
9 53 0.1477
9 54 0.1474
9 55 0.5785
9 56 0.1813
9 57 0.8642
9 58 0.5955
9 59 0.6188
9 60 0.4574
9 61 0.3100
9 62 0.3172
9 63 0.1564
9 64 0.2409
9 65 0.6727
9 66 0.4839
9 67 0.1191
9 68 0.2364
9 69 0.5274
9 70 0.1129
9 71 0.3511
9 72 0.1810
9 73 0.3554
9 74 0.1173
9 75 0.4689
9 76 0.1461
9 77 0.2574
9 78 0.1847
9 79 0.0979
9 80 0.5767
9 81 0.1264
9 82 0.3036
9 83 0.3542
9 84 0.5101
9 85 0.2456
9 86 0.1505
9 87 0.6192
9 88 0.2813
9 89 0.1734
9 90 0.5557
9 91 0.2333
9 92 0.2718
9 93 0.1936
9 94 0.1128
9 95 0.1726
9 96 0.1852
9 97 0.5643
9 98 0.2316
9 99 0.3047
9 100 0.5431
9 101 0.1317
9 102 0.8561
9 103 0.2675
9 104 0.1854
9 105 0.5088
9 106 0.5789
9 107 0.2345
9 108 0.2766
9 109 0.1284
9 110 0.5173
9 111 0.3518
9 112 0.3979
9 113 0.4991
9 114 0.4043
9 115 0.1282
9 116 0.1720
9 117 0.3901
9 118 0.1362
9 119 0.1737
9 120 0.1161
9 121 0.7346
9 122 0.1596
9 123 0.2289
9 124 0.1545
9 125 0.2226
9 126 0.2524
9 127 0.0761
9 128 0.1555
9 129 0.4202
9 130 0.0617
9 131 0.4281
9 132 0.1618
9 133 0.1350
9 134 0.5481
9 135 0.1764
9 136 0.2037
9 137 0.2100
9 138 0.1844
9 139 0.1354
9 140 0.3879
9 142 0.1693
9 143 0.2940
9 144 0.2887
9 145 0.1442
9 146 0.2575
9 147 0.1962
9 148 0.1660
9 149 0.1797
9 150 0.0925
9 151 0.1372
9 152 0.1584
9 153 0.1729
9 154 0.2098
9 156 0.1261
9 157 0.2341
9 158 0.4261
9 159 0.7593
9 160 0.4213
9 161 0.6147
9 162 0.3352
9 163 0.1330
9 164 0.1320
9 165 0.0943
9 166 0.1854
9 167 0.2398
9 168 0.1737
9 169 0.1822
9 170 0.5744
9 171 0.1787
9 172 0.1397
9 173 0.0952
9 175 0.1732
9 176 0.0559
9 177 0.2904
9 178 0.1620
9 179 0.1324
9 180 0.4129
9 181 0.4311
9 182 0.2955
9 183 0.4023
9 184 0.7552
9 185 0.2786
9 186 0.4312
9 187 0.6005
9 188 0.6032
9 189 0.1149
9 190 0.1350
9 191 0.5721
9 192 0.1212
9 193 0.6590
9 194 0.4784
9 195 0.1603
9 196 0.1783
9 197 0.5635
9 198 0.3650
9 199 0.1662
9 200 0.4974
9 201 0.2600
9 202 0.1553
9 203 0.1760
9 204 0.1896
9 206 0.3809
9 207 0.2990
9 208 0.2706
9 209 0.5103
9 210 0.1298
9 211 0.5133
9 212 0.1724
9 213 0.1545
9 214 0.0352
9 215 0.2666
9 216 0.1421
9 217 0.1067
9 218 0.5349
9 219 0.2797
9 220 0.2252
9 221 0.2123
9 222 0.2309
9 223 0.3180
9 224 0.4745
9 225 0.2595
9 226 0.2056
9 227 0.1542
9 228 0.1400
9 229 0.1411
9 230 0.2360
9 231 0.1761
9 232 0.1787
9 233 0.1679
9 234 0.2775
9 235 0.6214
9 236 0.3474
9 237 0.1556
9 238 0.3166
9 239 0.1723
9 240 0.2770
9 241 0.1782
9 242 0.1741
9 243 0.6661
9 244 0.1271
9 245 0.1774
9 246 0.1966
9 248 0.4307
9 249 0.1161
9 250 0.5857
9 251 0.1569
9 252 0.1488
9 253 0.2202
9 254 0.5875
9 255 0.1777
9 256 0.1297
9 258 0.0875
9 259 0.1488
9 260 0.1923
9 261 0.1153
9 262 0.7305
9 263 0.1180
9 264 0.4070
9 265 0.2015
9 266 0.3456
9 267 0.1679
9 268 0.1506
9 269 0.1974
9 270 0.2391
9 271 0.4102
9 272 0.1672
9 273 0.1178
9 274 0.2258
9 275 0.6031
9 276 0.3655
9 277 0.1414
9 278 0.5084
9 279 0.6227
9 281 0.1247
9 282 0.1803
9 283 0.2571
9 284 0.7072
9 285 0.3464
9 286 0.6400
9 287 0.1895
9 288 0.2103
9 289 0.2791
9 290 0.2303
9 291 0.1977
9 292 0.2989
9 293 0.2698
9 294 0.2882
9 295 0.4621
9 296 0.2353
9 297 0.2120
9 298 0.2386
9 299 0.1205
9 300 0.2094
9 301 0.2197
9 302 0.1086
9 303 0.1257
9 304 0.7146
9 305 0.1469
9 306 0.2130
9 307 0.2252
9 308 0.1631
9 309 0.1940
9 310 0.1178
9 311 0.3154
9 313 0.0793
9 314 0.5990
9 315 0.1647
9 316 0.3029
9 317 0.1416
9 318 0.1613
9 319 0.1772
9 320 0.2458
9 321 0.5532
9 322 0.2252
9 323 0.1791
9 324 0.2507
9 325 0.1855
9 326 0.2479
9 327 0.1466
9 328 0.8238
9 329 0.1058
9 331 0.6405
9 332 0.1367
9 333 0.1735
9 334 0.3293
9 336 0.0933
9 337 0.1721
9 338 0.1234
9 339 0.3201
9 340 0.4140
9 341 0.1660
9 342 0.2394
9 343 0.1233
9 344 0.4792
9 347 0.1996
9 348 0.1873
9 349 0.1240
9 350 0.0562
9 351 0.1130
9 352 0.1997
9 353 0.1545
9 354 0.1925
9 355 0.1031
9 356 0.3534
9 357 0.1382
9 358 0.2100
9 359 0.4054
9 360 0.1382
9 361 0.2113
9 362 0.6375
9 363 0.3563
9 364 0.2403
9 366 0.1375
9 367 0.0682
9 368 0.4259
9 369 0.1572
9 370 0.4341
9 371 0.1477
9 372 0.1525
9 373 0.1797
9 374 0.1257
9 375 0.2025
9 376 0.5398
9 377 0.3904
9 378 0.1351
9 379 0.2598
9 380 0.1847
9 381 0.2796
9 382 0.1431
9 383 0.3376
9 384 0.4751
9 385 0.2094
9 386 0.1278
9 387 0.5982
9 388 0.1439
9 389 0.1382
9 390 0.1265
9 391 0.0954
9 392 0.3864
9 393 0.2149
9 394 0.1397
9 395 0.2237
9 396 0.5537
9 397 0.1488
9 398 0.5717
9 399 0.2549
9 400 0.1785
9 402 0.1832
9 403 0.1123
9 404 0.1065
9 406 0.3978
9 407 0.1294
9 408 0.1370
9 409 0.1046
9 410 0.1545
9 411 0.3785
9 412 0.1619
9 413 0.1446
9 414 0.0766
9 415 0.3561
9 416 0.1906
9 418 0.4062
9 419 0.2361
9 420 0.1997
9 421 0.1353
9 422 0.3283
9 424 0.7026
9 425 0.1859
9 426 0.1542
9 427 0.1186
9 428 0.2472
9 429 0.1139
9 430 0.2252
9 432 0.1777
9 433 0.2205
9 434 0.4804
9 435 0.1538
9 436 0.1331
9 438 0.3482
9 439 0.1477
9 440 0.1160
9 441 0.5755
9 442 0.2429
9 444 0.1614
9 445 0.4592
9 447 0.1656
9 449 0.2434
9 450 0.1792
9 451 0.1894
9 452 0.6236
9 453 0.6776
9 454 0.6790
9 455 0.1362
9 456 0.1141
9 457 0.1664
9 458 0.1545
9 459 0.1488
9 460 0.1247
9 461 0.2036
9 462 0.1372
9 463 0.3268
9 464 0.1278
9 465 0.4554
9 466 0.5647
9 467 0.2392
9 468 0.1780
9 469 0.1376
9 470 0.0423
9 471 0.4877
9 472 0.5516
9 474 0.1046
9 475 0.2212
9 476 0.3631
9 478 0.1251
9 479 0.1949
9 480 0.0688
9 481 0.1373
9 482 0.1689
9 484 0.3196
9 485 0.5230
9 486 0.1322
9 487 0.4553
9 488 0.1039
9 489 0.1362
9 490 0.2946
9 491 0.4588
9 492 0.7067
9 493 0.1058
9 494 0.1310
9 495 0.2950
9 496 0.3177
9 497 0.7020
9 498 0.4279
9 499 0.0361
9 500 0.1372
9 501 0.4000
9 503 0.2048
9 504 0.1567
9 505 0.1754
9 506 0.1508
9 507 0.3351
9 508 0.1636
9 509 0.1852
9 510 0.1303
9 511 0.2735
9 512 0.1192
9 513 0.1196
9 514 0.6847
9 515 0.1615
9 516 0.2640
9 517 0.2834
9 518 0.1415
9 519 0.3894
9 520 0.4820
9 521 0.1488
9 522 0.1530
9 523 0.3813
9 525 0.1165
9 526 0.1852
9 527 0.2312
9 528 0.0895
9 529 0.1469
9 530 0.1372
9 531 0.2359
9 532 0.1452
9 533 0.1105
9 534 0.2101
9 535 0.1340
9 536 0.5370
9 537 0.1259
9 538 0.1362
9 539 0.1545
9 540 0.1695
9 541 0.0200
9 542 0.1382
9 543 0.2509
9 544 0.1508
9 545 0.1091
9 546 0.2095
9 547 0.1906
9 548 0.1291
9 549 0.2045
9 550 0.1162
9 551 0.1295
9 552 0.1695
9 553 0.6115
9 554 0.4341
9 555 0.1520
9 556 0.5653
9 557 0.1578
9 558 0.2287
9 559 0.6603
9 560 0.5150
9 561 0.1211
9 562 0.3568
9 563 0.0746
9 565 0.1642
9 566 0.1375
9 568 0.9671
9 569 0.5283
9 570 0.1297
9 571 0.3530
9 572 0.2412
9 573 0.3052
9 574 0.0985
9 575 0.1698
9 576 0.0994
9 577 0.1240
9 578 0.4091
9 579 0.3346
9 581 0.3263
9 582 0.4912
9 583 0.5653
9 584 0.5147
9 585 0.3186
9 586 0.1080
9 587 0.2730
9 589 0.0343
9 590 0.3270
9 591 0.1469
9 592 0.6730
9 593 0.1098
9 594 0.1233
9 595 0.0818
9 598 0.1531
9 599 0.2272
9 600 0.1382
9 601 0.1122
9 602 0.3249
9 604 0.2865
9 605 0.1572
9 606 0.2279
9 607 0.3728
9 609 0.1328
9 610 0.5871
9 611 0.1372
9 612 0.1997
9 613 0.6477
9 614 0.2693
9 615 0.1777
9 616 0.1545
9 617 0.4684
9 618 0.3774
9 619 0.1487
9 620 0.2932
9 621 0.0488
9 622 0.1375
9 623 0.1758
9 624 0.1539
9 625 0.1850
9 626 0.6703
9 627 0.1831
9 628 0.4958
9 629 0.4185
9 630 0.1214
9 631 0.3216
9 632 0.1483
9 633 0.1123
9 634 0.1372
9 635 0.1561
9 636 0.3218
9 637 0.1891
9 638 0.2178
9 639 0.9597
9 640 0.1153
9 641 0.1155
9 642 0.1523
9 643 0.2011
9 644 0.2252
9 645 0.1789
9 646 0.1273
9 647 0.1733
9 648 0.3790
9 649 0.4545
9 650 0.3203
9 651 0.4391
9 652 0.1127
9 653 0.1830
9 654 0.2822
9 655 0.3105
9 656 0.1976
9 657 0.2252
9 658 0.1372
9 659 0.4254
9 660 0.1247
9 661 0.1437
9 662 0.2354
9 663 0.1952
9 664 0.2305
9 665 0.1421
9 666 0.5496
9 667 0.4966
9 668 0.1825
9 669 0.1435
9 670 0.1239
9 671 0.2664
9 672 0.3229
9 673 0.4111
9 674 0.2550
9 675 0.1178
9 676 0.3122
9 677 0.4142
9 678 0.1390
9 679 0.1034
9 680 0.4667
9 682 0.2801
9 683 0.1372
9 684 0.1300
9 685 0.7412
9 686 0.1472
9 687 0.2524
9 688 0.1425
9 689 0.4925
9 690 0.1291
9 691 0.1975
9 692 0.5014
9 693 0.1452
9 694 0.3077
9 695 0.1288
9 696 0.2109
9 697 0.1446
9 698 0.5919
9 699 0.2168
9 700 0.1082
9 701 0.2038
9 702 0.1678
9 703 0.1315
9 704 0.0829
9 706 0.4047
9 707 0.2359
9 708 0.2252
9 709 0.3765
9 710 0.3242
9 711 0.3972
9 712 0.4205
9 713 0.1615
9 714 0.1240
9 717 0.1872
9 718 0.1581
9 720 0.2252
9 721 0.1962
9 722 0.6119
9 723 0.1206
9 724 0.1946
9 725 0.1271
9 726 0.1339
9 727 0.1755
9 728 0.2224
9 729 0.1356
9 730 0.1614
9 731 0.1192
9 732 0.3444
9 733 0.1387
9 734 0.6189
9 735 0.0925
9 736 0.2045
9 737 0.2181
9 738 0.1147
9 740 0.1923
9 741 0.3252
9 742 0.1198
9 743 0.1261
9 744 0.1919
9 745 0.1474
9 746 0.1396
9 747 0.1557
9 748 0.5337
9 750 0.1424
9 751 0.1548
9 752 0.6021
9 753 0.1960
9 754 0.1253
9 755 0.1503
9 756 0.2252
9 757 0.1848
9 758 0.1796
9 760 0.2265
9 761 0.1488
9 762 0.1997
9 763 0.1663
9 764 0.3184
9 765 0.2252
9 766 0.1333
9 767 0.1821
9 768 0.6237
9 769 0.0795
9 770 0.1806
9 771 0.6564
9 772 0.1247
9 773 0.4205
9 774 0.1180
9 775 0.5484
9 776 0.5392
9 777 0.2322
9 778 0.2435
9 780 0.1373
9 781 0.2123
9 782 0.2832
9 783 0.2029
9 784 0.4290
9 785 0.1337
9 786 0.5962
9 787 0.1144
9 788 0.1247
9 789 0.6144
9 791 0.1745
9 793 0.2991
9 794 0.1648
9 795 0.1271
9 796 0.2061
9 797 0.2811
9 798 0.5653
9 799 0.2070
9 800 0.1147
9 801 0.3471
9 802 0.3132
9 803 0.6526
9 804 0.3281
9 805 0.1043
9 806 0.2369
9 807 0.1444
9 808 0.3424
9 809 0.1247
9 810 0.1372
9 811 0.7627
9 813 0.2048
9 814 0.4942
9 815 0.1362
9 816 0.1562
9 817 0.2474
9 818 0.2106
9 819 0.3665
9 820 0.1320
9 821 0.1643
9 822 0.3855
9 823 0.3039
9 824 0.1610
9 825 0.3183
9 827 0.2112
9 828 0.1314
9 829 0.1653
9 830 0.1362
9 831 0.0895
9 832 0.2913
9 833 0.1488
9 834 0.2231
9 835 0.1168
9 836 0.6213
9 837 0.1180
9 838 0.0750
9 839 0.1321
9 840 0.1532
9 841 0.1695
9 842 0.4344
9 843 0.2685
9 844 0.1122
9 845 0.1334
9 846 0.0736
9 848 0.2150
9 849 0.2097
9 850 0.1178
9 851 0.6788
9 852 0.1372
9 853 0.1521
9 854 0.3233
9 855 0.1488
9 856 0.1598
9 858 0.2058
9 859 0.1109
9 860 0.2506
9 861 0.1790
9 864 0.0803
9 865 0.2065
9 866 0.1534
9 867 0.3322
9 868 0.1325
9 869 0.3453
9 870 0.2871
9 871 0.5177
9 872 0.8027
9 873 0.1372
9 874 0.1341
9 875 0.1888
9 876 0.1279
9 877 0.1372
9 878 0.1128
9 880 0.1202
9 881 0.3572
9 882 0.1268
9 883 0.0838
9 884 0.2424
9 885 0.1220
9 886 0.1865
9 887 0.1429
9 888 0.1013
9 889 0.1401
9 890 0.1266
9 891 0.5414
9 892 0.1545
9 893 0.4958
9 894 0.6288
9 895 0.1462
9 896 0.1247
9 897 0.2722
9 898 0.3486
9 899 0.3537
9 900 0.3557
9 901 0.2713
9 903 0.4808
9 905 0.1169
9 906 0.1372
9 907 0.1476
9 908 0.2170
9 909 0.1505
9 910 0.1063
9 911 0.1997
9 912 0.1784
9 914 0.1169
9 915 0.0400
9 916 0.1545
9 918 0.1137
9 919 0.1488
9 920 0.4214
9 922 0.2118
9 924 0.1578
9 928 0.1346
9 929 0.3572
9 930 0.2687
9 932 0.2072
9 933 0.1247
9 934 0.4138
9 935 0.2715
9 936 0.1738
9 937 0.1997
9 938 0.1146
9 939 0.2252
9 940 0.1446
9 941 0.1820
9 942 0.0940
9 943 0.1488
9 944 0.1259
9 946 0.1837
9 947 0.1113
9 948 0.1028
9 949 0.4563
9 951 0.1345
9 952 0.1565
9 953 0.3266
9 954 0.2857
9 955 0.3782
9 956 0.1191
9 958 0.1223
9 959 0.1921
9 960 0.3826
9 961 0.1026
9 962 0.1362
9 963 0.2937
9 964 0.1298
9 965 0.1146
9 966 0.2022
9 967 0.5702
9 968 0.3136
9 969 0.1614
9 971 0.3029
9 972 0.1372
9 973 0.1382
9 974 0.4091
9 975 0.1222
9 976 0.3572
9 978 0.2131
9 979 0.2482
9 980 0.1149
9 981 0.1264
9 982 0.1488
9 983 0.3218
9 984 0.1303
9 985 0.1488
9 986 0.1247
9 987 0.2614
9 989 0.1337
9 990 0.1133
9 991 0.0952
9 992 0.1247
9 993 0.6028
9 994 0.1353
9 995 0.5484
9 996 0.1362
9 999 0.1180
9 1000 0.1542
9 1001 0.3994
9 1002 0.4547
9 1003 0.1375
9 1004 0.7881
9 1005 0.1127
9 1006 0.1821
9 1007 0.7335
9 1008 0.1350
9 1010 0.1139
9 1012 0.1372
9 1013 0.1721
9 1014 0.1431
9 1015 0.1799
9 1016 0.2252
9 1017 0.1282
9 1018 0.1831
9 1019 0.1393
9 1020 0.2906
9 1022 0.1656
9 1023 0.3561
9 1025 0.1303
9 1026 0.1668
9 1027 0.2832
9 1029 0.5122
9 1030 0.1380
9 1031 0.1291
9 1032 0.2107
9 1033 0.2250
9 1034 0.1855
9 1035 0.1109
9 1036 0.3210
9 1037 0.1990
9 1038 0.2761
9 1040 0.2072
9 1041 0.0832
9 1042 0.3143
9 1043 0.2252
9 1044 0.1372
9 1045 0.1237
9 1046 0.1488
9 1047 0.0962
9 1048 0.1599
9 1049 0.1090
9 1050 0.0985
9 1051 0.1362
9 1053 0.4419
9 1054 0.1298
9 1055 0.1350
9 1056 0.1901
9 1057 0.2534
9 1058 0.2252
9 1059 0.3107
9 1060 0.5969
9 1061 0.1697
9 1062 0.1825
9 1063 0.1840
9 1064 0.1217
9 1065 0.1047
9 1066 0.2614
9 1067 0.2150
9 1068 0.1152
9 1069 0.2252
9 1070 0.1042
9 1072 0.4319
9 1073 0.1614
9 1075 0.1523
9 1076 0.1265
9 1077 0.1501
9 1078 0.1231
9 1079 0.1891
9 1080 0.1118
9 1081 0.2262
9 1082 0.1362
9 1083 0.4938
9 1084 0.1374
9 1085 0.1484
9 1087 0.1710
9 1089 0.1345
9 1090 0.1132
9 1094 0.1680
9 1095 0.2696
9 1096 0.1777
9 1097 0.1488
9 1099 0.8024
9 1102 0.1438
9 1103 0.1873
9 1104 0.1810
9 1105 0.2773
9 1106 0.3952
9 1107 0.1098
9 1108 0.1186
9 1109 0.2252
9 1111 0.3036
9 1115 0.3132
9 1116 0.2174
9 1117 0.1339
9 1118 0.1362
9 1119 0.1545
9 1120 0.2291
9 1122 0.1120
9 1123 0.1272
9 1124 0.1488
9 1125 0.1984
9 1126 0.1997
9 1127 0.1255
9 1128 0.2300
9 1129 0.1064
9 1130 0.2178
9 1131 0.3209
9 1132 0.1542
9 1133 0.5288
9 1135 0.5037
9 1138 0.1612
9 1139 0.1997
9 1141 0.1501
9 1142 0.2652
9 1143 0.2252
9 1145 0.1362
9 1146 0.1314
9 1147 0.2194
9 1148 0.1301
9 1149 0.1101
9 1150 0.5282
9 1151 0.1403
9 1152 0.3704
9 1153 0.1989
9 1154 0.5955
9 1155 0.1545
9 1156 0.1679
9 1157 0.1921
9 1158 0.1300
9 1159 0.1478
9 1160 0.3572
9 1161 0.1984
9 1162 0.1454
9 1163 0.7067
9 1165 0.1488
9 1166 0.1062
9 1167 0.1586
9 1169 0.0764
9 1170 0.1271
9 1172 0.1906
9 1173 0.1313
9 1174 0.1010
9 1176 0.1451
9 1177 0.1501
9 1178 0.2252
9 1180 0.0984
9 1181 0.1372
9 1182 0.2015
9 1183 0.1288
9 1186 0.1833
9 1187 0.1283
9 1188 0.2048
9 1191 0.1279
9 1192 0.2252
9 1193 0.0710
9 1194 0.1501
9 1195 0.2001
9 1196 0.1156
9 1197 0.2768
9 1198 0.2033
9 1199 0.1632
9 1200 0.1320
9 1201 0.1872
9 1202 0.4330
9 1203 0.1166
9 1204 0.1823
9 1205 0.1488
9 1206 0.3499
9 1207 0.1396
9 1208 0.1101
9 1210 0.2722
9 1211 0.1680
9 1212 0.1290
9 1213 0.1648
9 1214 0.1204
9 1217 0.3113
9 1218 0.1259
9 1219 0.1545
9 1220 0.2252
9 1221 0.1957
9 1224 0.1084
9 1225 0.7306
9 1226 0.1665
9 1227 0.2291
9 1228 0.2252
9 1229 0.1017
9 1230 0.1372
9 1231 0.1065
9 1232 0.1085
9 1233 0.1390
9 1234 0.1372
9 1235 0.1617
9 1236 0.1367
9 1237 0.1429
9 1238 0.1204
9 1240 0.1795
9 1241 0.1362
9 1242 0.2161
9 1243 0.1029
9 1244 0.2252
9 1245 0.1265
9 1246 0.1333
9 1247 0.1997
9 1248 0.3031
9 1249 0.2197
9 1250 0.1848
9 1251 0.1293
9 1252 0.1101
9 1253 0.1205
9 1254 0.1410
9 1255 0.1372
9 1256 0.1561
9 1258 0.3783
9 1259 0.1627
9 1260 0.2425
9 1262 0.1291
9 1263 0.2481
9 1265 0.2685
9 1267 0.1434
9 1268 0.1486
9 1269 0.2805
9 1270 0.1372
9 1271 0.1770
9 1272 0.1488
9 1273 0.1302
9 1274 0.1289
9 1275 0.1954
9 1276 0.2252
9 1279 0.1851
9 1281 0.2574
9 1282 0.2664
9 1283 0.4354
9 1284 0.3196
9 1286 0.3937
9 1287 0.6308
9 1288 0.2867
9 1289 0.3196
9 1290 0.2252
9 1291 0.3785
9 1292 0.8615
9 1293 0.2558
9 1296 0.2252
9 1298 0.7137
9 1299 0.3610
9 1301 0.3634
9 1303 0.4957
9 1304 0.4931
9 1305 0.3322
9 1306 0.2252
9 1308 0.2170
9 1309 0.1724
9 1310 0.1855
9 1312 0.2555
9 1313 0.1891
9 1315 0.2969
9 1316 0.9945
9 1318 0.3043
9 1319 0.4940
9 1320 0.2651
9 1322 0.2772
9 1323 0.1796
9 1324 0.1542
9 1327 0.1372
9 1328 0.1307
9 1329 0.1710
9 1330 0.1125
9 1331 0.1227
9 1332 0.1541
9 1333 0.2252
9 1334 0.1202
9 1335 0.2145
9 1337 0.1542
9 1338 0.2252
9 1339 0.1762
9 1340 0.2252
9 1341 0.1488
9 1342 0.2112
9 1343 0.1542
9 1344 0.1687
9 1345 0.1921
9 1347 0.1740
9 1348 0.1272
9 1349 0.1362
9 1350 0.1488
9 1352 0.1545
9 1353 0.1257
9 1354 0.1372
9 1355 0.1257
9 1356 0.2222
9 1358 0.1165
9 1359 0.2252
9 1360 0.1484
9 1361 0.1201
9 1362 0.1372
9 1363 0.1247
9 1364 0.2252
9 1367 0.1531
9 1368 0.2222
9 1369 0.1762
9 1370 0.0111
9 1371 0.1399
9 1372 0.1503
9 1374 0.1018
9 1375 0.1691
9 1376 0.1468
9 1377 0.2252
9 1378 0.1545
9 1379 0.1679
9 1380 0.1997
9 1381 0.1425
9 1382 0.1484
9 1384 0.1372
9 1386 0.1477
9 1387 0.1737
9 1388 0.1141
9 1389 0.1694
9 1390 0.1882
9 1393 0.1372
9 1394 0.1567
9 1395 0.1303
9 1396 0.1247
9 1397 0.3569
9 1398 0.1617
9 1399 0.1251
9 1401 0.1488
9 1402 0.1253
9 1405 0.2331
9 1407 0.1476
9 1408 0.1262
9 1409 0.1116
9 1410 0.1453
9 1412 0.1664
9 1414 0.1476
9 1415 0.1436
9 1416 0.1474
9 1418 0.1146
9 1419 0.1243
9 1420 0.1572
9 1421 0.1073
9 1423 0.1469
9 1425 0.1279
9 1426 0.0339
9 1427 0.2554
9 1428 0.1362
9 1433 0.0895
9 1434 0.7352
9 1435 0.4278
9 1436 0.1572
9 1437 0.1027
9 1438 0.1698
9 1439 0.1688
9 1440 0.5525
9 1441 0.1186
9 1446 0.1984
9 1448 0.4715
9 1449 0.1542
9 1451 0.2252
9 1452 0.1906
9 1453 0.2252
9 1454 0.1997
9 1455 0.1372
9 1456 0.1709
9 1457 0.1372
9 1458 0.1153
9 1459 0.1614
9 1460 0.2025
9 1461 0.1372
9 1462 0.1158
9 1463 0.1484
9 1465 0.1901
9 1466 0.1302
9 1468 0.2779
9 1470 0.2252
9 1472 0.1301
9 1473 0.1362
9 1474 0.1545
9 1476 0.1301
9 1477 0.1449
9 1479 0.1648
9 1480 0.2026
9 1481 0.2252
9 1482 0.1362
9 1485 0.1298
9 1486 0.1488
9 1487 0.1510
9 1488 0.1821
9 1490 0.1658
9 1491 0.1308
9 1493 0.1681
9 1494 0.1168
9 1495 0.2671
9 1496 0.1192
9 1497 0.1542
9 1499 0.1545
9 1500 0.1443
9 1501 0.2252
9 1502 0.1247
9 1503 0.2710
9 1504 0.1597
9 1506 0.1777
9 1507 0.3093
9 1508 0.1545
9 1510 0.2498
9 1511 0.1300
9 1512 0.1542
9 1513 0.1542
9 1514 0.1997
9 1515 0.1381
9 1516 0.4048
9 1517 0.1244
9 1518 0.1372
9 1519 0.6830
9 1520 0.9547
9 1522 0.4587
9 1526 0.3411
9 1527 0.4559
9 1528 0.4138
9 1529 0.2631
9 1530 0.4783
9 1532 0.2660
9 1534 0.1488
9 1535 0.3728
9 1536 0.5657
9 1537 0.2196
9 1538 0.7756
9 1541 0.2538
9 1542 0.5466
9 1544 0.1964
9 1545 0.1997
9 1546 0.3954
9 1547 0.6031
9 1548 0.5136
9 1549 0.2306
9 1551 0.5564
9 1553 0.1734
9 1554 0.3007
9 1555 0.1997
9 1556 0.2044
9 1557 0.2905
9 1560 0.2252
9 1562 0.1488
9 1567 0.2044
9 1568 0.1247
9 1569 0.1996
9 1570 0.1542
9 1571 0.1367
9 1572 0.1717
9 1573 0.1197
9 1574 0.1997
9 1575 0.1362
9 1577 0.1135
9 1578 0.1488
9 1580 0.1220
9 1581 0.0837
9 1582 0.1481
9 1583 0.1561
9 1584 0.1997
9 1585 0.1770
9 1586 0.2252
9 1587 0.1545
9 1588 0.1669
9 1589 0.2252
9 1590 0.1168
9 1591 0.1621
9 1592 0.1263
9 1593 0.2325
9 1594 0.2486
9 1595 0.1589
9 1596 0.1178
9 1597 0.1013
9 1599 0.1332
9 1600 0.1488
9 1601 0.1257
9 1602 0.2252
9 1603 0.1485
9 1604 0.1997
9 1606 0.1357
9 1607 0.1259
9 1608 0.2916
9 1610 0.1291
9 1611 0.1545
9 1612 0.0873
9 1613 0.1531
9 1614 0.1887
9 1615 0.1484
9 1616 0.2015
9 1617 0.1078
9 1618 0.3209
9 1619 0.1548
9 1620 0.1387
9 1621 0.3061
9 1622 0.2698
9 1623 0.1199
9 1624 0.2379
9 1625 0.1205
9 1626 0.1268
9 1627 0.1103
9 1628 0.1372
9 1629 0.2646
9 1630 0.1442
9 1631 0.2252
9 1633 0.1997
9 1636 0.1272
9 1637 0.1539
9 1638 0.1098
9 1639 0.1414
9 1640 0.1823
9 1642 0.1545
9 1643 0.1545
9 1644 0.1545
9 1645 0.1692
9 1646 0.1581
9 1647 0.1229
9 1649 0.1372
9 1650 0.1298
9 1651 0.3000
9 1653 0.1168
9 1654 0.1247
9 1655 0.2033
9 1656 0.1488
9 1657 0.1545
9 1658 0.1545
9 1660 0.1540
9 1661 0.2003
9 1662 0.2252
9 1663 0.2015
9 1664 0.1186
9 1666 0.2252
9 1667 0.1555
9 1668 0.2448
9 1669 0.1610
9 1673 0.1247
9 1674 0.1605
9 1675 0.1488
9 1676 0.1637
9 1677 0.1872
9 1678 0.1921
9 1679 0.1958
9 1680 0.1733
9 1682 0.2252
9 1683 0.1448
9 1684 0.1247
9 1686 0.2252
9 1688 0.1545
9 1689 0.8063
9 1691 0.1822
9 1692 0.2773
9 1693 0.1280
9 1694 0.2082
9 1695 0.1821
9 1696 0.1362
9 1697 0.1214
9 1698 0.1140
9 1699 0.1984
9 1700 0.1449
9 1702 0.0798
9 1703 0.1408
9 1704 0.1186
9 1705 0.1352
9 1706 0.1984
9 1707 0.5569
9 1708 0.1154
9 1709 0.1516
9 1711 0.1315
9 1712 0.7079
9 1713 0.1894
9 1714 0.5404
9 1715 0.1211
9 1716 0.1168
9 1717 0.4120
9 1718 0.1049
9 1719 0.1488
9 1720 0.1890
9 1721 0.1733
9 1722 0.1488
9 1723 0.1205
9 1724 0.1972
9 1725 0.1589
9 1726 0.1324
9 1727 0.0798
9 1728 0.1241
9 1729 0.1146
9 1730 0.1229
10 11 0.6860
10 12 0.3970
10 13 0.5542
10 14 0.9767
10 15 0.2775
10 16 0.1901
10 17 0.6281
10 18 0.5242
10 19 0.8120
10 20 0.3577
10 21 0.3031
10 22 0.1134
10 23 0.6603
10 24 0.2280
10 25 0.6955
10 26 0.2031
10 27 0.4308
10 28 0.2154
10 29 0.2674
10 30 0.2905
10 31 0.3772
10 32 0.1277
10 33 0.3757
10 34 0.8027
10 35 0.9183
10 36 0.1582
10 37 0.1218
10 38 0.2372
10 39 0.7106
10 40 0.4909
10 41 0.7983
10 42 0.2922
10 43 0.1346
10 44 0.1097
10 45 0.6589
10 46 0.3963
10 47 0.1840
10 48 0.1564
10 49 0.7988
10 50 0.2728
10 51 0.9211
10 52 0.3692
10 53 0.1215
10 54 0.0545
10 55 0.4363
10 56 0.1728
10 57 0.1984
10 58 0.4154
10 59 0.6144
10 60 0.4673
10 61 0.3628
10 62 0.2889
10 63 0.1708
10 64 0.2273
10 65 0.6856
10 66 0.1861
10 67 0.1280
10 68 0.3149
10 69 0.4863
10 70 0.1132
10 71 0.3690
10 72 0.1345
10 73 0.5885
10 74 0.1171
10 75 0.5780
10 76 0.1542
10 77 0.2138
10 78 0.1858
10 79 0.1045
10 80 0.5748
10 81 0.1210
10 82 0.1720
10 83 0.2626
10 84 0.4435
10 85 0.2473
10 86 0.1279
10 87 0.6192
10 88 0.2444
10 89 0.0991
10 90 0.6265
10 91 0.3433
10 92 0.1811
10 93 0.1870
10 94 0.1246
10 95 0.1450
10 96 0.1666
10 97 0.4795
10 98 0.2325
10 99 0.3711
10 100 0.5413
10 101 0.1272
10 102 0.7890
10 103 0.2021
10 104 0.1940
10 105 0.4908
10 106 0.6759
10 107 0.2040
10 108 0.2490
10 109 0.1227
10 110 0.4151
10 111 0.4681
10 112 0.3750
10 113 0.5102
10 114 0.3093
10 115 0.1324
10 116 0.2360
10 117 0.1521
10 118 0.1628
10 119 0.1384
10 120 0.1033
10 121 0.7281
10 122 0.1674
10 123 0.2609
10 124 0.1542
10 125 0.2116
10 126 0.4906
10 127 0.0650
10 128 0.2080
10 129 0.4317
10 130 0.0725
10 131 0.6976
10 132 0.1618
10 133 0.1117
10 134 0.1594
10 135 0.1264
10 136 0.1112
10 137 0.1791
10 138 0.2061
10 139 0.1214
10 140 0.6621
10 142 0.1332
10 143 0.2375
10 144 0.2516
10 145 0.1607
10 146 0.2518
10 147 0.2267
10 148 0.1373
10 149 0.1725
10 150 0.0812
10 151 0.3388
10 152 0.3161
10 153 0.1735
10 154 0.2312
10 156 0.1340
10 157 0.1932
10 158 0.4310
10 159 0.7850
10 160 0.4562
10 161 0.3922
10 162 0.2844
10 163 0.1770
10 164 0.1262
10 165 0.1926
10 166 0.1998
10 167 0.2669
10 168 0.1387
10 169 0.2064
10 170 0.5291
10 171 0.1759
10 172 0.1327
10 173 0.0947
10 175 0.1635
10 176 0.3888
10 177 0.3528
10 178 0.1584
10 179 0.1356
10 180 0.5435
10 181 0.3844
10 182 0.2823
10 183 0.4627
10 184 0.7927
10 185 0.4207
10 186 0.3332
10 187 0.3936
10 188 0.2999
10 189 0.1201
10 190 0.1117
10 191 0.4531
10 192 0.1238
10 193 0.6614
10 194 0.3925
10 195 0.1706
10 196 0.1666
10 197 0.5635
10 198 0.1885
10 199 0.1449
10 200 0.6663
10 201 0.3169
10 202 0.1532
10 203 0.1016
10 204 0.1917
10 206 0.3890
10 207 0.2661
10 208 0.2559
10 209 0.5252
10 210 0.1103
10 211 0.4756
10 212 0.1600
10 213 0.1542
10 214 0.0296
10 215 0.3028
10 216 0.1225
10 217 0.1169
10 218 0.6767
10 219 0.2398
10 220 0.1663
10 221 0.1393
10 222 0.2100
10 223 0.4376
10 224 0.5689
10 225 0.2035
10 226 0.2465
10 227 0.1407
10 228 0.4392
10 229 0.1243
10 230 0.2640
10 231 0.1869
10 232 0.0996
10 233 0.2423
10 234 0.2701
10 235 0.6214
10 236 0.3802
10 237 0.1661
10 238 0.2929
10 239 0.1660
10 240 0.2272
10 241 0.1439
10 242 0.1569
10 243 0.6777
10 244 0.1139
10 245 0.1885
10 246 0.1400
10 248 0.2835
10 249 0.1749
10 250 0.2470
10 251 0.1225
10 252 0.1355
10 253 0.1821
10 254 0.7419
10 255 0.1794
10 256 0.2018
10 258 0.2071
10 259 0.1355
10 260 0.1038
10 261 0.1325
10 262 0.7528
10 263 0.1308
10 264 0.1906
10 265 0.2111
10 266 0.4148
10 267 0.1555
10 268 0.1414
10 269 0.1882
10 270 0.2737
10 271 0.6091
10 272 0.1883
10 273 0.1476
10 274 0.0769
10 275 0.4763
10 276 0.3622
10 277 0.1350
10 278 0.4361
10 279 0.6135
10 281 0.1543
10 282 0.2081
10 283 0.2914
10 284 0.8161
10 285 0.1429
10 286 0.3522
10 287 0.1782
10 288 0.0049
10 289 0.4816
10 290 0.2687
10 291 0.1723
10 292 0.3014
10 293 0.4869
10 294 0.3659
10 295 0.1663
10 296 0.2143
10 297 0.2207
10 298 0.1621
10 299 0.1266
10 300 0.3439
10 301 0.3350
10 302 0.1215
10 303 0.0966
10 304 0.7084
10 305 0.1399
10 306 0.1814
10 307 0.1663
10 308 0.1746
10 309 0.1142
10 310 0.1476
10 311 0.0340
10 313 0.1597
10 314 0.4178
10 315 0.1849
10 316 0.3701
10 317 0.1431
10 318 0.1172
10 319 0.2251
10 320 0.2593
10 321 0.4882
10 322 0.1663
10 323 0.1887
10 324 0.2462
10 325 0.2951
10 326 0.3444
10 327 0.1758
10 328 0.8212
10 329 0.1090
10 331 0.6159
10 332 0.0978
10 333 0.1989
10 334 0.6129
10 336 0.0825
10 337 0.1878
10 338 0.1478
10 339 0.2719
10 340 0.7108
10 341 0.1154
10 342 0.6047
10 343 0.1284
10 344 0.5049
10 347 0.1523
10 348 0.2275
10 349 0.1164
10 350 0.0382
10 351 0.1182
10 352 0.1794
10 353 0.1937
10 354 0.1647
10 355 0.1062
10 356 0.1468
10 357 0.1277
10 358 0.2682
10 359 0.6328
10 360 0.1616
10 361 0.1376
10 362 0.2594
10 363 0.5681
10 364 0.2356
10 366 0.1159
10 367 0.0483
10 368 0.4501
10 369 0.1596
10 370 0.3259
10 371 0.1020
10 372 0.1419
10 373 0.1747
10 374 0.0966
10 375 0.2049
10 376 0.5398
10 377 0.5314
10 378 0.1294
10 379 0.2358
10 380 0.1946
10 381 0.3486
10 382 0.1404
10 383 0.2901
10 384 0.5431
10 385 0.2107
10 386 0.1070
10 387 0.1553
10 388 0.1515
10 389 0.1335
10 390 0.1353
10 391 0.0928
10 392 0.7473
10 393 0.1716
10 394 0.1038
10 395 0.1799
10 396 0.5483
10 397 0.1355
10 398 0.5653
10 399 0.2879
10 400 0.1731
10 402 0.1527
10 403 0.1144
10 404 0.1175
10 406 0.3729
10 407 0.1204
10 408 0.1623
10 409 0.1011
10 410 0.1542
10 411 0.2582
10 412 0.1524
10 413 0.1932
10 414 0.0814
10 415 0.3598
10 416 0.1656
10 418 0.1580
10 419 0.2444
10 420 0.1794
10 421 0.0983
10 422 0.4203
10 424 0.6998
10 425 0.3491
10 426 0.1407
10 427 0.1045
10 428 0.1806
10 429 0.1231
10 430 0.1663
10 432 0.1794
10 433 0.2385
10 434 0.2590
10 435 0.1397
10 436 0.1753
10 438 0.2628
10 439 0.1195
10 440 0.1179
10 441 0.4758
10 442 0.2396
10 444 0.1377
10 445 0.5885
10 447 0.1577
10 449 0.1683
10 450 0.0740
10 451 0.1242
10 452 0.6618
10 453 0.6218
10 454 0.4117
10 455 0.1628
10 456 0.1431
10 457 0.1297
10 458 0.1542
10 459 0.1355
10 460 0.1543
10 461 0.1988
10 462 0.1435
10 463 0.3171
10 464 0.1309
10 465 0.4053
10 466 0.5647
10 467 0.6777
10 468 0.2294
10 469 0.1649
10 470 0.0362
10 471 0.4852
10 472 0.5275
10 474 0.1034
10 475 0.2755
10 476 0.4347
10 478 0.1196
10 479 0.1605
10 480 0.0479
10 481 0.1466
10 482 0.1592
10 484 0.3849
10 485 0.3234
10 486 0.1263
10 487 0.5820
10 488 0.0755
10 489 0.1628
10 490 0.4078
10 491 0.5939
10 492 0.2451
10 493 0.1090
10 494 0.1517
10 495 0.2575
10 496 0.1966
10 497 0.7035
10 498 0.5482
10 499 0.0533
10 500 0.1132
10 501 0.4805
10 503 0.1786
10 504 0.1043
10 505 0.1467
10 506 0.1765
10 507 0.3947
10 508 0.1497
10 509 0.1300
10 510 0.1132
10 511 0.2872
10 512 0.0955
10 513 0.1326
10 514 0.7313
10 515 0.1790
10 516 0.2317
10 517 0.2872
10 518 0.1291
10 519 0.3841
10 520 0.4873
10 521 0.1355
10 522 0.1506
10 523 0.3643
10 525 0.1129
10 526 0.1560
10 527 0.1712
10 528 0.1071
10 529 0.1399
10 530 0.1435
10 531 0.2129
10 532 0.1175
10 533 0.1362
10 534 0.1481
10 535 0.1499
10 536 0.7365
10 537 0.0979
10 538 0.1628
10 539 0.1542
10 540 0.0780
10 541 0.1165
10 542 0.1529
10 543 0.2771
10 544 0.1448
10 545 0.1239
10 546 0.2252
10 547 0.1656
10 548 0.1168
10 549 0.1740
10 550 0.1258
10 551 0.1193
10 552 0.1617
10 553 0.3010
10 554 0.6469
10 555 0.2585
10 556 0.1970
10 557 0.1610
10 558 0.1763
10 559 0.2832
10 560 0.5473
10 561 0.1309
10 562 0.1741
10 563 0.0982
10 565 0.1984
10 566 0.1179
10 568 0.9739
10 569 0.3335
10 570 0.1139
10 571 0.3978
10 572 0.2201
10 573 0.2289
10 574 0.0957
10 575 0.1414
10 576 0.1228
10 577 0.1367
10 578 0.4800
10 579 0.3385
10 581 0.3111
10 582 0.4442
10 583 0.1970
10 584 0.5128
10 585 0.3052
10 586 0.1122
10 587 0.2353
10 589 0.0286
10 590 0.3196
10 591 0.1237
10 592 0.1474
10 593 0.1147
10 594 0.1284
10 595 0.1314
10 598 0.1086
10 599 0.2086
10 600 0.1512
10 601 0.0954
10 602 0.3098
10 604 0.4345
10 605 0.1435
10 606 0.3141
10 607 0.4595
10 609 0.1228
10 610 0.5845
10 611 0.1435
10 612 0.1794
10 613 0.7850
10 614 0.2495
10 615 0.1794
10 616 0.1542
10 617 0.3306
10 618 0.3852
10 619 0.1685
10 620 0.2133
10 621 0.0770
10 622 0.1179
10 623 0.1905
10 624 0.1445
10 625 0.1641
10 626 0.5067
10 627 0.2080
10 628 0.4671
10 629 0.2147
10 630 0.1538
10 631 0.1912
10 632 0.1426
10 633 0.1431
10 634 0.1132
10 635 0.1429
10 636 0.3592
10 637 0.1827
10 638 0.2713
10 639 0.9679
10 640 0.1325
10 641 0.1124
10 642 0.1425
10 643 0.1962
10 644 0.1663
10 645 0.1392
10 646 0.1671
10 647 0.1408
10 648 0.4891
10 649 0.3353
10 650 0.2726
10 651 0.5169
10 652 0.0942
10 653 0.1787
10 654 0.2772
10 655 0.3214
10 656 0.1761
10 657 0.1663
10 658 0.1322
10 659 0.6115
10 660 0.1543
10 661 0.1327
10 662 0.3825
10 663 0.2379
10 664 0.3453
10 665 0.1539
10 666 0.4132
10 667 0.5663
10 668 0.1868
10 669 0.1091
10 670 0.1216
10 671 0.1663
10 672 0.5847
10 673 0.7275
10 674 0.3168
10 675 0.1476
10 676 0.2665
10 677 0.2437
10 678 0.1262
10 679 0.1108
10 680 0.4808
10 682 0.1530
10 683 0.1132
10 684 0.2660
10 685 0.7211
10 686 0.3139
10 687 0.2464
10 688 0.1207
10 689 0.3012
10 690 0.1168
10 691 0.1589
10 692 0.3760
10 693 0.1597
10 694 0.3008
10 695 0.1433
10 696 0.1906
10 697 0.1214
10 698 0.5919
10 699 0.1342
10 700 0.1296
10 701 0.1101
10 702 0.1545
10 703 0.1346
10 704 0.1133
10 706 0.6438
10 707 0.2193
10 708 0.1663
10 709 0.4645
10 710 0.3923
10 711 0.4880
10 712 0.3553
10 713 0.1666
10 714 0.1483
10 717 0.2035
10 718 0.1307
10 720 0.1663
10 721 0.2037
10 722 0.6480
10 723 0.1340
10 724 0.1408
10 725 0.1139
10 726 0.1222
10 727 0.1722
10 728 0.1937
10 729 0.1653
10 730 0.3079
10 731 0.0955
10 732 0.3275
10 733 0.0121
10 734 0.6289
10 735 0.0979
10 736 0.1817
10 737 0.1834
10 738 0.1182
10 740 0.1960
10 741 0.2339
10 742 0.1303
10 743 0.1963
10 744 0.1683
10 745 0.1235
10 746 0.1381
10 747 0.1343
10 748 0.4939
10 750 0.1652
10 751 0.1644
10 752 0.6021
10 753 0.2061
10 754 0.1251
10 755 0.1813
10 756 0.1663
10 757 0.1732
10 758 0.1707
10 760 0.6306
10 761 0.1355
10 762 0.1794
10 763 0.1430
10 764 0.2608
10 765 0.1663
10 766 0.1150
10 767 0.2146
10 768 0.3952
10 769 0.1039
10 770 0.1971
10 771 0.4769
10 772 0.1543
10 773 0.3553
10 774 0.1308
10 775 0.5475
10 776 0.5412
10 777 0.2848
10 778 0.1923
10 780 0.1073
10 781 0.1903
10 782 0.2892
10 783 0.1727
10 784 0.4775
10 785 0.1379
10 786 0.2727
10 787 0.1319
10 788 0.1543
10 789 0.6141
10 791 0.1644
10 793 0.2458
10 794 0.1741
10 795 0.1139
10 796 0.1805
10 797 0.4836
10 798 0.1970
10 799 0.1957
10 800 0.1270
10 801 0.3886
10 802 0.2496
10 803 0.5753
10 804 0.2233
10 805 0.1239
10 806 0.2819
10 807 0.1286
10 808 0.2801
10 809 0.1543
10 810 0.1435
10 811 0.8443
10 813 0.2029
10 814 0.6026
10 815 0.1628
10 816 0.1332
10 817 0.4835
10 818 0.2239
10 819 0.3332
10 820 0.1262
10 821 0.1560
10 822 0.5617
10 823 0.2873
10 824 0.1619
10 825 0.2902
10 827 0.2264
10 828 0.1325
10 829 0.1585
10 830 0.1628
10 831 0.1071
10 832 0.3142
10 833 0.1355
10 834 0.1545
10 835 0.1326
10 836 0.6178
10 837 0.1308
10 838 0.0805
10 839 0.1179
10 840 0.1815
10 841 0.1655
10 842 0.3193
10 843 0.4112
10 844 0.1480
10 845 0.1662
10 846 0.0751
10 848 0.1942
10 849 0.2147
10 850 0.1476
10 851 0.6788
10 852 0.1435
10 853 0.1099
10 854 0.4859
10 855 0.1138
10 856 0.1314
10 858 0.1549
10 859 0.1026
10 860 0.2064
10 861 0.1503
10 864 0.0975
10 865 0.4363
10 866 0.1385
10 867 0.2984
10 868 0.1343
10 869 0.3686
10 870 0.3503
10 871 0.3921
10 872 0.7407
10 873 0.1435
10 874 0.1103
10 875 0.6568
10 876 0.1382
10 877 0.1435
10 878 0.1140
10 880 0.3822
10 881 0.3269
10 882 0.1317
10 883 0.1022
10 884 0.2989
10 885 0.1299
10 886 0.1803
10 887 0.1575
10 888 0.1052
10 889 0.1445
10 890 0.1342
10 891 0.3356
10 892 0.1542
10 893 0.4480
10 894 0.5690
10 895 0.1214
10 896 0.1543
10 897 0.2580
10 898 0.5080
10 899 0.2997
10 900 0.1756
10 901 0.2448
10 903 0.6313
10 905 0.1211
10 906 0.1435
10 907 0.1478
10 908 0.2009
10 909 0.1367
10 910 0.1099
10 911 0.1794
10 912 0.3188
10 914 0.1181
10 915 0.3310
10 916 0.1542
10 918 0.1001
10 919 0.1355
10 920 0.3139
10 922 0.1532
10 924 0.1545
10 928 0.2056
10 929 0.3235
10 930 0.2464
10 932 0.1314
10 933 0.1543
10 934 0.2076
10 935 0.2209
10 936 0.1687
10 937 0.1794
10 938 0.1155
10 939 0.1663
10 940 0.1451
10 941 0.1827
10 942 0.1226
10 943 0.1355
10 944 0.1009
10 946 0.1648
10 947 0.1052
10 948 0.0989
10 949 0.5748
10 951 0.1383
10 952 0.1430
10 953 0.3208
10 954 0.2138
10 955 0.2704
10 956 0.1086
10 958 0.1211
10 959 0.1660
10 960 0.3875
10 961 0.1146
10 962 0.1628
10 963 0.1596
10 964 0.1198
10 965 0.1260
10 966 0.0976
10 967 0.4917
10 968 0.3028
10 969 0.1314
10 971 0.2986
10 972 0.1435
10 973 0.1362
10 974 0.4677
10 975 0.1017
10 976 0.3269
10 978 0.2089
10 979 0.2245
10 980 0.0965
10 981 0.1257
10 982 0.1355
10 983 0.3426
10 984 0.1536
10 985 0.1355
10 986 0.1543
10 987 0.2371
10 989 0.1572
10 990 0.1326
10 991 0.1344
10 992 0.1543
10 993 0.6028
10 994 0.3764
10 995 0.5256
10 996 0.1628
10 999 0.1253
10 1000 0.1407
10 1001 0.1509
10 1002 0.6628
10 1003 0.1179
10 1004 0.8189
10 1005 0.1246
10 1006 0.1910
10 1007 0.6358
10 1008 0.1117
10 1010 0.1231
10 1012 0.1435
10 1013 0.1979
10 1014 0.1474
10 1015 0.1290
10 1016 0.1663
10 1017 0.1045
10 1018 0.2426
10 1019 0.1208
10 1020 0.1813
10 1022 0.1310
10 1023 0.2435
10 1025 0.1536
10 1026 0.1846
10 1027 0.2959
10 1029 0.5323
10 1030 0.1729
10 1031 0.1168
10 1032 0.6615
10 1033 0.2450
10 1034 0.2951
10 1035 0.1195
10 1036 0.4079
10 1037 0.1925
10 1038 0.1586
10 1040 0.1314
10 1041 0.0956
10 1042 0.2316
10 1043 0.1663
10 1044 0.1435
10 1045 0.1151
10 1046 0.1355
10 1047 0.1259
10 1048 0.1457
10 1049 0.1268
10 1050 0.0880
10 1051 0.1628
10 1053 0.3853
10 1054 0.1458
10 1055 0.1117
10 1056 0.1731
10 1057 0.1396
10 1058 0.1663
10 1059 0.6321
10 1060 0.3796
10 1061 0.1570
10 1062 0.1548
10 1063 0.1970
10 1064 0.1344
10 1065 0.0897
10 1066 0.3520
10 1067 0.3093
10 1068 0.1066
10 1069 0.1663
10 1070 0.1141
10 1072 0.4084
10 1073 0.3079
10 1075 0.2016
10 1076 0.1353
10 1077 0.1123
10 1078 0.1287
10 1079 0.2316
10 1080 0.1171
10 1081 0.3349
10 1082 0.1628
10 1083 0.3926
10 1084 0.1184
10 1085 0.1360
10 1087 0.1793
10 1089 0.1433
10 1090 0.1171
10 1094 0.1788
10 1095 0.4128
10 1096 0.1794
10 1097 0.1355
10 1099 0.8315
10 1102 0.1122
10 1103 0.2275
10 1104 0.1880
10 1105 0.2984
10 1106 0.3161
10 1107 0.1147
10 1108 0.1045
10 1109 0.1663
10 1111 0.3438
10 1115 0.2496
10 1116 0.2066
10 1117 0.1085
10 1118 0.1628
10 1119 0.1542
10 1120 0.1867
10 1122 0.1237
10 1123 0.1066
10 1124 0.1355
10 1125 0.1362
10 1126 0.1794
10 1127 0.1313
10 1128 0.2246
10 1129 0.0893
10 1130 0.1793
10 1131 0.1932
10 1132 0.1407
10 1133 0.5803
10 1135 0.3125
10 1138 0.1932
10 1139 0.1794
10 1141 0.1900
10 1142 0.7289
10 1143 0.1663
10 1145 0.1628
10 1146 0.1247
10 1147 0.2897
10 1148 0.1293
10 1149 0.1152
10 1150 0.5311
10 1151 0.1355
10 1152 0.1443
10 1153 0.2467
10 1154 0.5955
10 1155 0.1542
10 1156 0.1555
10 1157 0.2995
10 1158 0.1292
10 1159 0.1607
10 1160 0.3269
10 1161 0.1362
10 1162 0.1422
10 1163 0.8386
10 1165 0.1355
10 1166 0.1507
10 1167 0.1694
10 1169 0.0814
10 1170 0.1139
10 1172 0.1656
10 1173 0.1320
10 1174 0.0934
10 1176 0.1348
10 1177 0.1330
10 1178 0.1663
10 1180 0.1063
10 1181 0.1435
10 1182 0.1686
10 1183 0.1088
10 1186 0.1427
10 1187 0.1089
10 1188 0.1634
10 1191 0.1240
10 1192 0.1663
10 1193 0.0812
10 1194 0.1900
10 1195 0.2134
10 1196 0.1228
10 1197 0.2293
10 1198 0.2431
10 1199 0.1760
10 1200 0.1242
10 1201 0.0893
10 1202 0.5107
10 1203 0.1254
10 1204 0.2168
10 1205 0.1355
10 1206 0.2774
10 1207 0.1596
10 1208 0.1152
10 1210 0.2742
10 1211 0.1679
10 1212 0.1196
10 1213 0.1431
10 1214 0.1004
10 1217 0.2842
10 1218 0.1244
10 1219 0.1542
10 1220 0.1663
10 1221 0.1636
10 1224 0.1082
10 1225 0.7215
10 1226 0.2100
10 1227 0.2004
10 1228 0.1663
10 1229 0.1082
10 1230 0.1435
10 1231 0.1175
10 1232 0.0993
10 1233 0.1006
10 1234 0.1132
10 1235 0.1523
10 1236 0.1236
10 1237 0.1737
10 1238 0.1130
10 1240 0.1861
10 1241 0.1628
10 1242 0.2141
10 1243 0.0965
10 1244 0.1663
10 1245 0.1353
10 1246 0.1250
10 1247 0.1794
10 1248 0.2905
10 1249 0.4101
10 1250 0.2441
10 1251 0.1303
10 1252 0.1284
10 1253 0.1364
10 1254 0.1178
10 1255 0.1435
10 1256 0.1547
10 1258 0.4040
10 1259 0.1466
10 1260 0.2993
10 1262 0.1428
10 1263 0.5191
10 1265 0.1881
10 1267 0.1193
10 1268 0.1762
10 1269 0.2764
10 1270 0.1435
10 1271 0.1590
10 1272 0.1355
10 1273 0.1120
10 1274 0.1309
10 1275 0.1981
10 1276 0.1663
10 1279 0.1837
10 1281 0.3536
10 1282 0.2511
10 1283 0.5725
10 1284 0.2412
10 1286 0.2557
10 1287 0.4940
10 1288 0.4818
10 1289 0.2412
10 1290 0.1663
10 1291 0.2399
10 1292 0.8492
10 1293 0.3537
10 1296 0.1663
10 1298 0.5883
10 1299 0.1196
10 1301 0.3688
10 1303 0.6813
10 1304 0.4841
10 1305 0.3605
10 1306 0.1663
10 1308 0.3599
10 1309 0.4335
10 1310 0.2951
10 1312 0.2311
10 1313 0.1542
10 1315 0.2889
10 1316 0.9867
10 1318 0.2954
10 1319 0.6485
10 1320 0.4293
10 1322 0.1969
10 1323 0.2022
10 1324 0.1407
10 1327 0.1435
10 1328 0.1282
10 1329 0.1793
10 1330 0.0942
10 1331 0.1356
10 1332 0.1435
10 1333 0.1663
10 1334 0.1313
10 1335 0.1923
10 1337 0.1407
10 1338 0.1663
10 1339 0.1656
10 1340 0.1663
10 1341 0.1355
10 1342 0.1909
10 1343 0.1407
10 1344 0.2328
10 1345 0.2111
10 1347 0.1302
10 1348 0.1550
10 1349 0.1628
10 1350 0.1355
10 1352 0.1542
10 1353 0.0966
10 1354 0.1435
10 1355 0.0966
10 1356 0.2145
10 1358 0.1296
10 1359 0.1663
10 1360 0.1365
10 1361 0.1323
10 1362 0.1435
10 1363 0.1543
10 1364 0.1663
10 1367 0.1495
10 1368 0.2145
10 1369 0.1768
10 1370 0.0124
10 1371 0.1161
10 1372 0.1142
10 1374 0.1098
10 1375 0.1745
10 1376 0.1363
10 1377 0.1663
10 1378 0.1542
10 1379 0.1555
10 1380 0.1794
10 1381 0.1179
10 1382 0.1654
10 1384 0.1621
10 1386 0.1203
10 1387 0.1835
10 1388 0.1431
10 1389 0.1476
10 1390 0.1478
10 1393 0.1435
10 1394 0.1572
10 1395 0.1536
10 1396 0.1543
10 1397 0.3387
10 1398 0.1377
10 1399 0.1222
10 1401 0.1355
10 1402 0.1225
10 1405 0.1719
10 1407 0.1478
10 1408 0.1112
10 1409 0.1255
10 1410 0.1516
10 1412 0.1297
10 1414 0.1478
10 1415 0.1444
10 1416 0.1257
10 1418 0.1138
10 1419 0.1479
10 1420 0.1435
10 1421 0.1309
10 1423 0.1399
10 1425 0.1354
10 1426 0.0257
10 1427 0.2988
10 1428 0.1628
10 1433 0.1071
10 1434 0.7395
10 1435 0.5178
10 1436 0.1367
10 1437 0.1019
10 1438 0.1653
10 1439 0.2266
10 1440 0.5525
10 1441 0.1045
10 1446 0.1362
10 1448 0.5672
10 1449 0.1348
10 1451 0.1663
10 1452 0.1656
10 1453 0.1663
10 1454 0.1794
10 1455 0.1435
10 1456 0.1235
10 1457 0.1435
10 1458 0.1325
10 1459 0.3079
10 1460 0.1519
10 1461 0.1435
10 1462 0.1174
10 1463 0.1365
10 1465 0.1731
10 1466 0.1120
10 1468 0.3704
10 1470 0.1663
10 1472 0.1218
10 1473 0.1628
10 1474 0.1542
10 1476 0.1293
10 1477 0.1438
10 1479 0.1478
10 1480 0.2175
10 1481 0.1663
10 1482 0.1628
10 1485 0.1350
10 1486 0.1355
10 1487 0.0983
10 1488 0.1910
10 1490 0.1582
10 1491 0.1364
10 1493 0.1572
10 1494 0.1326
10 1495 0.4619
10 1496 0.0955
10 1497 0.1407
10 1499 0.1542
10 1500 0.1140
10 1501 0.1663
10 1502 0.1543
10 1503 0.1753
10 1504 0.1179
10 1506 0.1794
10 1507 0.2277
10 1508 0.1542
10 1510 0.2053
10 1511 0.1364
10 1512 0.1348
10 1513 0.1407
10 1514 0.1794
10 1515 0.1378
10 1516 0.3785
10 1517 0.1230
10 1518 0.1435
10 1519 0.6044
10 1520 0.9284
10 1522 0.2545
10 1526 0.4265
10 1527 0.4481
10 1528 0.2076
10 1529 0.1990
10 1530 0.5877
10 1532 0.2523
10 1534 0.1896
10 1535 0.2990
10 1536 0.4623
10 1537 0.3051
10 1538 0.7545
10 1541 0.2163
10 1542 0.4729
10 1544 0.1538
10 1545 0.1794
10 1546 0.5448
10 1547 0.5472
10 1548 0.3846
10 1549 0.2860
10 1551 0.4588
10 1553 0.2972
10 1554 0.2409
10 1555 0.1794
10 1556 0.6156
10 1557 0.2359
10 1560 0.1663
10 1562 0.1355
10 1567 0.6156
10 1568 0.1543
10 1569 0.1756
10 1570 0.1407
10 1571 0.1290
10 1572 0.1576
10 1573 0.1107
10 1574 0.1794
10 1575 0.1628
10 1577 0.1193
10 1578 0.1355
10 1580 0.1275
10 1581 0.0974
10 1582 0.1353
10 1583 0.1276
10 1584 0.1794
10 1585 0.1798
10 1586 0.1663
10 1587 0.1542
10 1588 0.2075
10 1589 0.1663
10 1590 0.1326
10 1591 0.1389
10 1592 0.1513
10 1593 0.2779
10 1594 0.1305
10 1595 0.1441
10 1596 0.1270
10 1597 0.1077
10 1599 0.1712
10 1600 0.1355
10 1601 0.0966
10 1602 0.1663
10 1603 0.1477
10 1604 0.1794
10 1606 0.1435
10 1607 0.1009
10 1608 0.2345
10 1610 0.1168
10 1611 0.1542
10 1612 0.2746
10 1613 0.2369
10 1614 0.1275
10 1615 0.1365
10 1616 0.1686
10 1617 0.1002
10 1618 0.2902
10 1619 0.1317
10 1620 0.1403
10 1621 0.2517
10 1622 0.3199
10 1623 0.1016
10 1624 0.1879
10 1625 0.1364
10 1626 0.0949
10 1627 0.1113
10 1628 0.1435
10 1629 0.1880
10 1630 0.1361
10 1631 0.1663
10 1633 0.1794
10 1636 0.1066
10 1637 0.1483
10 1638 0.1147
10 1639 0.1679
10 1640 0.2074
10 1642 0.1542
10 1643 0.1542
10 1644 0.1542
10 1645 0.1613
10 1646 0.1348
10 1647 0.1424
10 1649 0.1435
10 1650 0.1545
10 1651 0.2125
10 1653 0.1326
10 1654 0.1543
10 1655 0.2431
10 1656 0.1355
10 1657 0.1542
10 1658 0.1542
10 1660 0.1276
10 1661 0.2180
10 1662 0.1663
10 1663 0.1662
10 1664 0.1335
10 1666 0.1663
10 1667 0.1563
10 1668 0.2152
10 1669 0.1392
10 1673 0.1543
10 1674 0.1774
10 1675 0.1355
10 1676 0.1535
10 1677 0.1931
10 1678 0.2111
10 1679 0.1728
10 1680 0.1408
10 1682 0.1663
10 1683 0.1539
10 1684 0.1543
10 1686 0.1663
10 1688 0.1542
10 1689 0.7853
10 1691 0.1805
10 1692 0.2442
10 1693 0.1208
10 1694 0.1880
10 1695 0.1910
10 1696 0.1628
10 1697 0.1633
10 1698 0.1059
10 1699 0.1362
10 1700 0.1544
10 1702 0.0995
10 1703 0.1237
10 1704 0.1045
10 1705 0.1281
10 1706 0.1362
10 1707 0.5569
10 1708 0.1243
10 1709 0.1495
10 1711 0.1214
10 1712 0.8331
10 1713 0.1677
10 1714 0.5404
10 1715 0.1300
10 1716 0.1326
10 1717 0.6365
10 1718 0.0891
10 1719 0.1355
10 1720 0.1609
10 1721 0.1408
10 1722 0.1355
10 1723 0.1364
10 1724 0.1555
10 1725 0.1628
10 1726 0.1083
10 1727 0.0995
10 1728 0.1074
10 1729 0.1301
10 1730 0.1424
11 12 0.5970
11 13 0.2647
11 14 0.7491
11 15 0.3881
11 16 0.5455
11 17 0.9062
11 18 0.8837
11 19 0.9573
11 20 0.7304
11 21 0.3292
11 22 0.2954
11 23 0.7897
11 24 0.3668
11 25 0.8146
11 26 0.1758
11 27 0.1283
11 28 0.7065
11 29 0.3917
11 30 0.4496
11 31 0.8356
11 32 0.1027
11 33 0.2391
11 34 0.9407
11 35 0.9834
11 36 0.6552
11 37 0.3415
11 38 0.4599
11 39 0.9069
11 40 0.9300
11 41 0.7327
11 42 0.1981
11 43 0.3796
11 44 0.2179
11 45 0.9002
11 46 0.6873
11 47 0.2535
11 48 0.2796
11 49 0.6925
11 50 0.4261
11 51 0.8613
11 52 0.6207
11 53 0.2876
11 54 0.3776
11 55 0.9258
11 56 0.3812
11 57 0.2677
11 58 0.5882
11 59 0.1511
11 60 0.4675
11 61 0.3291
11 62 0.2258
11 63 0.5255
11 64 0.4224
11 65 0.3893
11 66 0.4771
11 67 0.1927
11 68 0.3037
11 69 0.9010
11 70 0.2112
11 71 0.4155
11 72 0.2583
11 73 0.5636
11 74 0.5847
11 75 0.9693
11 76 0.2741
11 77 0.4147
11 78 0.2637
11 79 0.4145
11 80 0.2780
11 81 0.4712
11 82 0.2681
11 83 0.4203
11 84 0.2437
11 85 0.4205
11 86 0.1236
11 87 0.3127
11 88 0.4272
11 89 0.5869
11 90 0.4654
11 91 0.5462
11 92 0.6032
11 93 0.4383
11 94 0.3514
11 95 0.3961
11 96 0.2607
11 97 0.8347
11 98 0.3602
11 99 0.1817
11 100 0.3069
11 101 0.2022
11 102 0.8597
11 103 0.3549
11 104 0.2319
11 105 0.8299
11 106 0.9543
11 107 0.1783
11 108 0.2391
11 109 0.6343
11 110 0.8633
11 111 0.8787
11 112 0.2509
11 113 0.8521
11 114 0.7936
11 115 0.2783
11 116 0.3492
11 117 0.4844
11 118 0.4028
11 119 0.5110
11 120 0.3354
11 121 0.9368
11 122 0.3462
11 123 0.5339
11 124 0.4611
11 125 0.4392
11 126 0.8490
11 127 0.2581
11 128 0.3421
11 129 0.8443
11 130 0.2675
11 131 0.9401
11 132 0.3643
11 133 0.4233
11 134 0.4569
11 135 0.3925
11 136 0.2421
11 137 0.5775
11 138 0.3378
11 139 0.3829
11 140 0.2310
11 142 0.2049
11 143 0.6020
11 144 0.5931
11 145 0.3123
11 146 0.5524
11 147 0.4811
11 148 0.3968
11 149 0.4988
11 150 0.5833
11 151 0.2039
11 152 0.4075
11 153 0.4469
11 154 0.5402
11 156 0.1933
11 157 0.4937
11 158 0.9133
11 159 0.9751
11 160 0.4541
11 161 0.7444
11 162 0.4750
11 163 0.1713
11 164 0.3152
11 165 0.2785
11 166 0.1747
11 167 0.7584
11 168 0.2491
11 169 0.2409
11 170 0.7374
11 171 0.6076
11 172 0.4496
11 173 0.2205
11 175 0.2979
11 176 0.4644
11 177 0.7050
11 178 0.3163
11 179 0.2275
11 180 0.8445
11 181 0.6480
11 182 0.1724
11 183 0.9297
11 184 0.3908
11 185 0.6076
11 186 0.6989
11 187 0.1899
11 188 0.6266
11 189 0.2205
11 190 0.4233
11 191 0.8526
11 192 0.2753
11 193 0.3462
11 194 0.8152
11 195 0.2270
11 196 0.4933
11 197 0.3626
11 198 0.7200
11 199 0.2571
11 200 0.9212
11 201 0.4419
11 202 0.2763
11 203 0.1995
11 204 0.5105
11 206 0.7770
11 207 0.7710
11 208 0.5419
11 209 0.2962
11 210 0.2652
11 211 0.9197
11 212 0.4965
11 213 0.4611
11 214 0.3294
11 215 0.5067
11 216 0.2242
11 217 0.4541
11 218 0.9282
11 219 0.7646
11 220 0.5482
11 221 0.2692
11 222 0.8266
11 223 0.7731
11 224 0.8275
11 225 0.3673
11 226 0.2572
11 227 0.3091
11 228 0.7812
11 229 0.4591
11 230 0.3328
11 231 0.5298
11 232 0.1738
11 233 0.1681
11 234 0.1446
11 235 0.1656
11 236 0.5384
11 237 0.1381
11 238 0.2572
11 239 0.2074
11 240 0.6732
11 241 0.2311
11 242 0.3195
11 243 0.9453
11 244 0.4318
11 245 0.3440
11 246 0.2914
11 248 0.7921
11 249 0.3821
11 250 0.6881
11 251 0.3737
11 252 0.2921
11 253 0.4379
11 254 0.9416
11 255 0.5008
11 256 0.6684
11 258 0.3206
11 259 0.2921
11 260 0.4519
11 261 0.5248
11 262 0.9087
11 263 0.1665
11 264 0.3979
11 265 0.4441
11 266 0.6748
11 267 0.2351
11 268 0.3247
11 269 0.5700
11 270 0.8787
11 271 0.9443
11 272 0.3027
11 273 0.1570
11 274 0.5801
11 275 0.9492
11 276 0.6615
11 277 0.2613
11 278 0.7986
11 279 0.8144
11 281 0.3935
11 282 0.2015
11 283 0.5315
11 284 0.8622
11 285 0.4238
11 286 0.2334
11 287 0.2512
11 288 0.5112
11 289 0.7549
11 290 0.6128
11 291 0.1925
11 292 0.5652
11 293 0.6836
11 294 0.2994
11 295 0.2066
11 296 0.3369
11 297 0.4386
11 298 0.5417
11 299 0.3050
11 300 0.7932
11 301 0.7146
11 302 0.3627
11 303 0.2640
11 304 0.9476
11 305 0.1546
11 306 0.4647
11 307 0.5482
11 308 0.5801
11 309 0.5159
11 310 0.1570
11 311 0.7297
11 313 0.1867
11 314 0.8105
11 315 0.3034
11 316 0.8626
11 317 0.4246
11 318 0.3071
11 319 0.5402
11 320 0.6774
11 321 0.1867
11 322 0.5482
11 323 0.2252
11 324 0.2542
11 325 0.7482
11 326 0.7139
11 327 0.1605
11 328 0.9673
11 329 0.1763
11 331 0.2408
11 332 0.2235
11 333 0.6889
11 334 0.8561
11 336 0.0941
11 337 0.3388
11 338 0.2706
11 339 0.8144
11 340 0.9511
11 341 0.1931
11 342 0.8697
11 343 0.4624
11 344 0.9351
11 347 0.5154
11 348 0.5130
11 349 0.2445
11 350 0.7528
11 351 0.2454
11 352 0.3948
11 353 0.4775
11 354 0.2740
11 355 0.2104
11 356 0.7853
11 357 0.2082
11 358 0.2290
11 359 0.9174
11 360 0.5515
11 361 0.1653
11 362 0.1561
11 363 0.9304
11 364 0.1889
11 366 0.3459
11 367 0.2698
11 368 0.7480
11 369 0.2143
11 370 0.7139
11 371 0.2668
11 372 0.4690
11 373 0.3524
11 374 0.2640
11 375 0.3777
11 376 0.3991
11 377 0.9500
11 378 0.4311
11 379 0.2683
11 380 0.5644
11 381 0.1377
11 382 0.1945
11 383 0.1623
11 384 0.9707
11 385 0.7600
11 386 0.3039
11 387 0.3051
11 388 0.2759
11 389 0.2245
11 390 0.3382
11 391 0.1199
11 392 0.8317
11 393 0.5984
11 394 0.5535
11 395 0.3617
11 396 0.1820
11 397 0.2921
11 398 0.8329
11 399 0.4481
11 400 0.4325
11 402 0.5620
11 403 0.2275
11 404 0.2587
11 406 0.6543
11 407 0.1852
11 408 0.2083
11 409 0.2206
11 410 0.4611
11 411 0.8936
11 412 0.3016
11 413 0.2523
11 414 0.3357
11 415 0.3855
11 416 0.3833
11 418 0.8733
11 419 0.2709
11 420 0.3948
11 421 0.4943
11 422 0.7581
11 424 0.5592
11 425 0.3159
11 426 0.3469
11 427 0.3959
11 428 0.6140
11 429 0.1874
11 430 0.5482
11 432 0.5008
11 433 0.5995
11 434 0.5563
11 435 0.4578
11 436 0.4653
11 438 0.1074
11 439 0.4629
11 440 0.5171
11 441 0.7868
11 442 0.4781
11 444 0.5010
11 445 0.8663
11 447 0.4005
11 449 0.1919
11 450 0.3121
11 451 0.3293
11 452 0.9338
11 453 0.9389
11 454 0.2206
11 455 0.4028
11 456 0.0979
11 457 0.4383
11 458 0.4611
11 459 0.2921
11 460 0.3935
11 461 0.2782
11 462 0.3503
11 463 0.3821
11 464 0.3501
11 465 0.8188
11 466 0.3952
11 467 0.8321
11 468 0.7003
11 469 0.1766
11 470 0.1649
11 471 0.9298
11 472 0.8712
11 474 0.3229
11 475 0.2794
11 476 0.1464
11 478 0.3345
11 479 0.1814
11 480 0.2715
11 481 0.2977
11 482 0.4360
11 484 0.5683
11 485 0.8095
11 486 0.3936
11 487 0.2756
11 488 0.2565
11 489 0.3366
11 490 0.7179
11 491 0.8981
11 492 0.7610
11 493 0.1763
11 494 0.2490
11 495 0.7367
11 496 0.4392
11 497 0.3727
11 498 0.8682
11 499 0.4975
11 500 0.2877
11 501 0.7361
11 503 0.4597
11 504 0.5743
11 505 0.4213
11 506 0.3520
11 507 0.8299
11 508 0.1685
11 509 0.6463
11 510 0.2877
11 511 0.6099
11 512 0.4554
11 513 0.5947
11 514 0.8342
11 515 0.1455
11 516 0.5319
11 517 0.5290
11 518 0.2908
11 519 0.7000
11 520 0.7731
11 521 0.2921
11 522 0.3988
11 523 0.9123
11 525 0.2589
11 526 0.5492
11 527 0.6240
11 528 0.6010
11 529 0.1546
11 530 0.3503
11 531 0.3160
11 532 0.4447
11 533 0.4435
11 534 0.1889
11 535 0.2498
11 536 0.9660
11 537 0.4757
11 538 0.3956
11 539 0.4611
11 540 0.6003
11 541 0.4837
11 542 0.6969
11 543 0.8520
11 544 0.1755
11 545 0.3511
11 546 0.5747
11 547 0.3833
11 548 0.2120
11 549 0.3456
11 550 0.2800
11 551 0.5360
11 552 0.5906
11 553 0.8430
11 554 0.8391
11 555 0.6383
11 556 0.7509
11 557 0.7031
11 558 0.6497
11 559 0.7526
11 560 0.9399
11 561 0.4692
11 562 0.8210
11 563 0.6605
11 565 0.2370
11 566 0.1791
11 568 0.9832
11 569 0.9237
11 570 0.3099
11 571 0.3994
11 572 0.5057
11 573 0.8233
11 574 0.1402
11 575 0.4915
11 576 0.5580
11 577 0.1635
11 578 0.9119
11 579 0.6292
11 581 0.2216
11 582 0.7494
11 583 0.7509
11 584 0.5156
11 585 0.0799
11 586 0.1731
11 587 0.6556
11 589 0.2142
11 590 0.4531
11 591 0.1506
11 592 0.8547
11 593 0.1556
11 594 0.4624
11 595 0.3993
11 598 0.2076
11 599 0.4491
11 600 0.2952
11 601 0.4981
11 602 0.2262
11 604 0.8535
11 605 0.3503
11 606 0.6350
11 607 0.2715
11 609 0.2448
11 610 0.1283
11 611 0.3503
11 612 0.3948
11 613 0.8266
11 614 0.1330
11 615 0.6407
11 616 0.4611
11 617 0.6433
11 618 0.8967
11 619 0.2691
11 620 0.7407
11 621 0.2316
11 622 0.1791
11 623 0.5826
11 624 0.4662
11 625 0.4943
11 626 0.8672
11 627 0.3473
11 628 0.9292
11 629 0.6631
11 630 0.2019
11 631 0.1444
11 632 0.0937
11 633 0.3091
11 634 0.2877
11 635 0.3920
11 636 0.8216
11 637 0.1643
11 638 0.4850
11 639 0.9905
11 640 0.5248
11 641 0.2359
11 642 0.2981
11 643 0.3617
11 644 0.5482
11 645 0.3839
11 646 0.2545
11 647 0.3829
11 648 0.8082
11 649 0.8158
11 650 0.4563
11 651 0.6018
11 652 0.2787
