0 1 0.1479
0 2 0.1479
0 3 0.2348
0 4 0.2175
0 5 0.2081
0 6 0.2283
0 7 0.2015
0 8 0.3219
0 9 0.2019
0 10 0.1845
0 11 0.2019
0 12 0.2049
0 13 0.1860
0 14 0.1963
0 15 0.3131
0 16 0.1934
0 17 0.1987
0 18 0.2002
0 19 0.1976
0 20 0.2323
0 21 0.2295
0 22 0.1902
0 23 0.2185
0 24 0.2129
0 25 0.2314
0 26 0.2053
0 27 0.1931
0 28 0.2176
0 29 0.1379
0 30 0.1875
0 31 0.2646
0 32 0.2177
0 33 0.2088
0 34 0.1998
0 35 0.2044
0 36 0.2371
0 37 0.2755
0 38 0.2137
0 39 0.2359
0 40 0.1805
0 41 0.3362
0 42 0.1584
0 43 0.2069
0 44 0.2351
0 45 0.3134
0 46 0.2696
0 47 0.1882
0 48 0.1893
0 49 0.2069
0 50 0.2655
0 51 0.3116
0 52 0.1686
0 53 0.1984
0 54 0.4056
0 55 0.1548
0 56 0.2172
0 57 0.1453
0 58 0.1575
0 59 0.2220
0 60 0.2758
0 61 0.1854
0 62 0.1656
0 63 0.2626
0 64 0.1415
0 65 0.2065
0 66 0.1814
0 67 0.2252
0 68 0.3109
0 69 0.2137
0 70 0.1987
0 71 0.1712
0 72 0.2819
0 73 0.2237
0 74 0.1872
0 75 0.2011
0 76 0.2237
0 77 0.4566
0 78 0.1549
0 79 0.2661
0 80 0.1853
0 81 0.1874
0 82 0.2303
0 83 0.2604
0 84 0.3118
0 85 0.1914
0 86 0.1903
0 87 0.1878
0 88 0.2813
0 89 0.2060
0 90 0.2525
0 91 0.1939
0 92 0.1370
0 93 0.1858
0 94 0.1678
0 95 0.2249
0 96 0.1634
0 97 0.1889
0 98 0.3423
0 99 0.2071
0 100 0.1902
0 101 0.2609
0 102 0.1950
0 103 0.2105
0 104 0.1711
0 105 0.2540
0 106 0.2022
0 107 0.2308
0 108 0.1969
0 109 0.2141
0 110 0.1909
0 111 0.3959
0 112 0.2088
0 113 0.1931
0 114 0.2062
0 115 0.2705
0 116 0.2002
0 117 0.2149
0 119 0.2303
0 120 0.1683
0 121 0.1983
0 122 0.1490
0 123 0.2585
0 125 0.2235
0 126 0.1601
0 128 0.1922
0 129 0.1870
0 130 0.1958
0 131 0.1952
0 132 0.2753
0 133 0.1823
0 134 0.2212
0 135 0.3342
0 136 0.2362
0 137 0.3887
0 138 0.3787
0 139 0.2357
0 140 0.2554
0 142 0.2436
0 143 0.2118
0 144 0.2355
0 145 0.3563
0 146 0.1651
0 147 0.2254
0 148 0.1792
0 149 0.3796
0 150 0.1873
0 151 0.2607
0 152 0.1831
0 153 0.3204
0 154 0.2143
0 156 0.2095
0 157 0.2299
0 158 0.3375
0 159 0.2057
0 160 0.1634
0 161 0.2748
0 162 0.2288
0 163 0.1805
0 164 0.2028
0 165 0.2340
0 166 0.2434
0 167 0.2343
0 168 0.1999
0 169 0.1742
0 170 0.2338
0 171 0.2327
0 172 0.2534
0 173 0.1885
0 174 0.1405
0 175 0.2721
0 176 0.2044
0 177 0.2088
0 178 0.1844
0 179 0.2447
0 180 0.1466
0 182 0.2563
0 183 0.2513
0 184 0.2440
0 185 0.2291
0 186 0.1451
0 187 0.3195
0 188 0.1965
0 189 0.1716
0 190 0.2436
0 191 0.1398
0 192 0.2242
0 193 0.2020
0 194 0.2631
0 195 0.2501
0 196 0.2829
0 197 0.2024
0 198 0.1765
0 199 0.1899
0 200 0.1795
0 201 0.1972
0 202 0.2095
0 203 0.2088
0 204 0.2214
0 206 0.2949
0 208 0.2386
0 209 0.1900
0 210 0.1387
0 211 0.2888
0 212 0.2644
0 213 0.2095
0 214 0.2767
0 215 0.1269
0 216 0.1887
0 217 0.1772
0 218 0.1922
0 219 0.1581
0 221 0.2659
0 223 0.4219
0 224 0.1889
0 225 0.2502
0 226 0.2204
0 227 0.2328
0 228 0.1733
0 229 0.1823
0 230 0.1276
0 231 0.2681
0 232 0.1686
0 233 0.2132
0 234 0.1555
0 235 0.2316
0 236 0.2461
0 237 0.1865
0 238 0.1978
0 239 0.1932
0 240 0.2112
0 242 0.3689
0 243 0.1824
0 244 0.2806
0 245 0.2289
0 246 0.2150
0 247 0.1532
0 248 0.2425
0 249 0.2058
0 250 0.1315
0 251 0.1994
0 252 0.2088
0 253 0.3454
0 254 0.3157
0 255 0.3508
0 256 0.2822
0 257 0.2277
0 258 0.2458
0 260 0.3251
0 262 0.2009
0 263 0.2230
0 264 0.2421
0 265 0.2451
0 266 0.1682
0 267 0.2474
0 268 0.2088
0 269 0.1479
0 270 0.1552
0 272 0.1736
0 274 0.2465
0 275 0.1910
0 276 0.2035
0 277 0.3168
0 278 0.1258
0 279 0.1711
0 280 0.2519
0 281 0.2088
0 282 0.1890
0 283 0.3154
0 284 0.1691
0 285 0.1618
0 286 0.2183
0 287 0.2337
0 288 0.1471
0 289 0.1663
0 290 0.2258
0 291 0.1950
0 292 0.1947
0 293 0.2297
0 294 0.2917
0 295 0.1861
0 296 0.2158
0 297 0.2437
0 298 0.2819
0 299 0.2088
0 300 0.1850
0 301 0.1657
0 303 0.2737
0 304 0.1972
0 306 0.1731
0 307 0.1479
0 308 0.2039
0 309 0.3068
0 310 0.2063
0 311 0.2150
0 312 0.1632
0 313 0.2303
0 314 0.1948
0 315 0.1851
0 316 0.2295
0 317 0.1651
0 319 0.1884
0 320 0.2008
0 321 0.1479
0 322 0.2436
0 323 0.1870
0 324 0.1613
0 326 0.1588
0 327 0.1696
0 328 0.2063
0 330 0.2432
0 331 0.2326
0 332 0.1571
0 333 0.1995
0 334 0.1191
0 336 0.3586
0 337 0.2356
0 338 0.2330
0 339 0.1685
0 340 0.2411
0 341 0.2182
0 342 0.2859
0 343 0.2112
0 344 0.1779
0 346 0.2951
0 347 0.1633
0 348 0.2879
0 349 0.1967
0 350 0.2255
0 351 0.2154
0 352 0.2474
0 353 0.3251
0 354 0.1904
0 356 0.3251
0 357 0.1413
0 358 0.1993
0 359 0.2307
0 361 0.3086
0 362 0.2270
0 363 0.2443
0 364 0.2062
0 366 0.3527
0 367 0.2598
0 368 0.2214
0 369 0.2755
0 370 0.3408
0 371 0.1869
0 372 0.2303
0 373 0.1900
0 374 0.1752
0 375 0.1679
0 376 0.1864
0 377 0.1711
0 378 0.2095
0 379 0.3504
0 380 0.2171
0 381 0.2255
0 383 0.3067
0 384 0.1918
0 385 0.1546
0 386 0.1858
0 387 0.2228
0 388 0.2393
0 389 0.1651
0 390 0.1565
0 391 0.2288
0 392 0.1812
0 393 0.1480
0 394 0.2341
0 395 0.2259
0 396 0.1567
0 397 0.3168
0 398 0.1794
0 399 0.2388
0 400 0.3331
0 402 0.1651
0 403 0.2101
0 404 0.1975
0 406 0.2088
0 407 0.1947
0 408 0.1603
0 409 0.1871
0 410 0.1668
0 411 0.2559
0 412 0.1616
0 413 0.1806
0 414 0.2088
0 415 0.2534
0 418 0.2031
0 419 0.1479
0 420 0.1870
0 421 0.1479
0 423 0.2474
0 424 0.2449
0 425 0.1895
0 427 0.2095
0 428 0.1347
0 431 0.1665
0 432 0.1651
0 433 0.2141
0 434 0.2464
0 436 0.3364
0 438 0.2134
0 439 0.2301
0 441 0.1894
0 442 0.2516
0 445 0.1823
0 447 0.2224
0 448 0.2621
0 449 0.2060
0 450 0.2806
0 451 0.2019
0 452 0.1912
0 453 0.1817
0 454 0.2138
0 455 0.2810
0 456 0.1479
0 457 0.1870
0 458 0.1830
0 459 0.2471
0 460 0.3020
0 461 0.2594
0 462 0.2095
0 463 0.3920
0 464 0.2523
0 465 0.1947
0 466 0.2027
0 467 0.1984
0 468 0.2463
0 470 0.1919
0 471 0.1948
0 472 0.1905
0 474 0.1651
0 475 0.2272
0 476 0.1721
0 478 0.3251
0 479 0.2095
0 480 0.2519
0 481 0.2479
0 482 0.1651
0 484 0.1713
0 485 0.1605
0 487 0.1479
0 488 0.1914
0 489 0.2436
0 490 0.2788
0 491 0.1646
0 492 0.2095
0 493 0.1964
0 494 0.1651
0 495 0.3127
0 496 0.1242
0 497 0.2120
0 498 0.2841
0 499 0.1552
0 500 0.2088
0 501 0.2982
0 502 0.1805
0 503 0.2095
0 504 0.2014
0 505 0.1575
0 506 0.1669
0 507 0.1947
0 508 0.2871
0 509 0.1668
0 511 0.2641
0 513 0.1752
0 514 0.3396
0 515 0.2014
0 516 0.2068
0 517 0.1681
0 518 0.1870
0 519 0.2088
0 520 0.1955
0 521 0.1752
0 522 0.1918
0 523 0.1130
0 526 0.2474
0 527 0.1810
0 528 0.2163
0 530 0.1651
0 531 0.1699
0 534 0.2653
0 535 0.1975
0 536 0.1948
0 537 0.2109
0 538 0.2088
0 539 0.2095
0 540 0.2597
0 541 0.2753
0 542 0.1809
0 543 0.1870
0 544 0.1532
0 545 0.2700
0 546 0.1870
0 547 0.1870
0 548 0.3595
0 549 0.1870
0 551 0.1479
0 552 0.2234
0 553 0.2076
0 554 0.1611
0 555 0.2636
0 556 0.1479
0 558 0.3871
0 559 0.1603
0 560 0.1999
0 561 0.1916
0 562 0.2626
0 563 0.2029
0 564 0.2181
0 565 0.2357
0 568 0.2037
0 569 0.2854
0 570 0.2061
0 571 0.2487
0 572 0.2469
0 573 0.2510
0 574 0.1876
0 575 0.2302
0 576 0.1890
0 577 0.1907
0 578 0.1604
0 579 0.4323
0 581 0.2665
0 582 0.2331
0 583 0.2656
0 584 0.1887
0 585 0.3034
0 587 0.2774
0 589 0.1896
0 590 0.2101
0 592 0.2038
0 593 0.2401
0 594 0.2343
0 599 0.3002
0 600 0.2482
0 601 0.1981
0 602 0.1633
0 605 0.2088
0 606 0.2095
0 607 0.2416
0 608 0.1290
0 609 0.2563
0 610 0.2662
0 612 0.2098
0 613 0.1316
0 614 0.1839
0 617 0.1349
0 618 0.1369
0 619 0.1841
0 621 0.1819
0 622 0.1479
0 623 0.3251
0 625 0.1620
0 626 0.1964
0 627 0.2284
0 628 0.1921
0 629 0.3034
0 631 0.2488
0 632 0.1924
0 633 0.1924
0 634 0.2076
0 635 0.2171
0 636 0.2088
0 637 0.2503
0 638 0.1918
0 639 0.2132
0 640 0.1611
0 641 0.3744
0 642 0.2713
0 643 0.2147
0 644 0.1367
0 645 0.1604
0 646 0.2049
0 648 0.1907
0 649 0.2422
0 650 0.2674
0 651 0.1009
0 652 0.2147
0 653 0.2130
0 655 0.1740
0 656 0.1644
0 657 0.1506
0 658 0.2110
0 659 0.2076
0 660 0.2436
0 661 0.2693
0 662 0.2734
0 663 0.2088
0 664 0.2638
0 666 0.2242
0 668 0.1611
0 669 0.1651
0 671 0.2836
0 672 0.1543
0 673 0.2078
0 674 0.2150
0 676 0.2766
0 677 0.1651
0 678 0.2348
0 679 0.1862
0 680 0.2093
0 683 0.2095
0 684 0.1711
0 685 0.2357
0 686 0.1479
0 687 0.1479
0 688 0.1839
0 689 0.2402
0 690 0.1805
0 691 0.2615
0 692 0.2100
0 693 0.2036
0 694 0.1919
0 695 0.3474
0 696 0.1639
0 697 0.3527
0 698 0.2063
0 699 0.1611
0 700 0.2532
0 702 0.2332
0 703 0.1718
0 704 0.1880
0 705 0.1582
0 706 0.2052
0 707 0.2795
0 708 0.2436
0 709 0.4211
0 710 0.2084
0 711 0.2111
0 712 0.1966
0 713 0.1467
0 714 0.1668
0 716 0.2088
0 717 0.1360
0 718 0.2732
0 721 0.2728
0 722 0.1957
0 723 0.2436
0 724 0.1651
0 726 0.2776
0 727 0.2095
0 728 0.2324
0 729 0.1175
0 731 0.2144
0 732 0.2297
0 733 0.1870
0 734 0.1624
0 735 0.1739
0 736 0.1989
0 737 0.1859
0 738 0.1990
0 740 0.1805
0 741 0.1906
0 742 0.2353
0 743 0.1949
0 744 0.1905
0 745 0.2357
0 746 0.1870
0 747 0.2088
0 748 0.2191
0 750 0.2524
0 751 0.2401
0 752 0.2075
0 753 0.2211
0 754 0.1651
0 755 0.1877
0 756 0.2593
0 758 0.3721
0 759 0.1731
0 760 0.2345
0 761 0.3939
0 762 0.2248
0 763 0.3657
0 764 0.3217
0 766 0.2244
0 767 0.2436
0 768 0.2203
0 769 0.1303
0 770 0.2319
0 771 0.1152
0 772 0.1870
0 773 0.1479
0 775 0.1913
0 776 0.1882
0 777 0.1766
0 778 0.2347
0 780 0.2401
0 781 0.1870
0 782 0.2735
0 783 0.3162
0 784 0.1443
0 785 0.2592
0 786 0.1822
0 787 0.1413
0 789 0.2291
0 792 0.2064
0 793 0.1905
0 794 0.2500
0 796 0.1918
0 797 0.2681
0 799 0.1682
0 801 0.2297
0 802 0.1651
0 803 0.1305
0 804 0.2240
0 805 0.2330
0 806 0.1809
0 807 0.2088
0 808 0.2528
0 809 0.2606
0 810 0.2167
0 811 0.2019
0 813 0.2809
0 814 0.1988
0 815 0.1921
0 816 0.3586
0 817 0.1792
0 818 0.2432
0 819 0.1231
0 820 0.2088
0 821 0.1921
0 822 0.2269
0 823 0.2032
0 824 0.2436
0 825 0.2021
0 827 0.2950
0 828 0.1839
0 829 0.2095
0 830 0.2323
0 831 0.1712
0 832 0.3580
0 833 0.2420
0 834 0.2440
0 835 0.2174
0 836 0.3172
0 838 0.1868
0 839 0.1839
0 840 0.2436
0 841 0.3939
0 842 0.1870
0 843 0.2083
0 845 0.2236
0 846 0.1854
0 848 0.3594
0 849 0.2259
0 851 0.2235
0 853 0.2878
0 855 0.2088
0 856 0.2095
0 858 0.2076
0 860 0.1565
0 861 0.2776
0 862 0.2095
0 864 0.1868
0 865 0.2261
0 866 0.3321
0 867 0.1638
0 868 0.3034
0 869 0.1119
0 870 0.1729
0 871 0.2038
0 872 0.2275
0 876 0.3145
0 877 0.1651
0 878 0.2681
0 880 0.2313
0 881 0.1639
0 882 0.1482
0 883 0.2118
0 884 0.2095
0 885 0.2752
0 886 0.1413
0 887 0.1873
0 888 0.1947
0 889 0.1911
0 890 0.1918
0 891 0.3283
0 893 0.2344
0 894 0.2243
0 895 0.2122
0 896 0.1870
0 897 0.1479
0 898 0.1953
0 900 0.2206
0 901 0.2025
0 903 0.2412
0 905 0.2244
0 907 0.2095
0 908 0.1993
0 909 0.1866
0 911 0.1870
0 912 0.2401
0 913 0.4211
0 914 0.2525
0 915 0.2008
0 918 0.3586
0 919 0.2185
0 920 0.2138
0 921 0.1591
0 922 0.2675
0 924 0.2677
0 928 0.2088
0 929 0.1870
0 930 0.1436
0 933 0.2753
0 934 0.1839
0 935 0.1942
0 936 0.2261
0 938 0.2244
0 940 0.2211
0 941 0.2753
0 942 0.1490
0 943 0.2457
0 946 0.2000
0 947 0.2750
0 951 0.2474
0 952 0.2088
0 953 0.2136
0 954 0.2095
0 955 0.2043
0 956 0.2432
0 958 0.2095
0 959 0.1918
0 960 0.2120
0 961 0.1479
0 962 0.1479
0 963 0.3871
0 964 0.1651
0 965 0.1890
0 966 0.2755
0 967 0.1651
0 968 0.2406
0 971 0.2456
0 972 0.1870
0 973 0.1999
0 974 0.2145
0 975 0.1479
0 976 0.1723
0 977 0.1479
0 978 0.2088
0 979 0.1930
0 980 0.2474
0 981 0.2171
0 983 0.1788
0 984 0.2616
0 986 0.1675
0 987 0.2826
0 989 0.2538
0 990 0.2194
0 992 0.2088
0 993 0.2150
0 994 0.2135
0 995 0.1871
0 996 0.1870
0 999 0.1939
0 1001 0.2088
0 1002 0.1977
0 1003 0.2107
0 1004 0.1930
0 1006 0.2088
0 1007 0.2420
0 1008 0.2734
0 1010 0.2063
0 1013 0.2436
0 1014 0.1951
0 1015 0.1951
0 1016 0.1932
0 1017 0.1459
0 1018 0.1870
0 1019 0.2436
0 1020 0.2533
0 1022 0.1675
0 1024 0.1705
0 1025 0.2088
0 1026 0.1322
0 1027 0.1806
0 1029 0.2320
0 1030 0.2277
0 1032 0.2095
0 1033 0.2088
0 1035 0.1957
0 1036 0.1638
0 1037 0.4180
0 1040 0.3148
0 1041 0.1636
0 1042 0.2527
0 1043 0.2021
0 1045 0.2841
0 1046 0.2075
0 1047 0.2767
0 1048 0.2509
0 1049 0.1890
0 1050 0.1654
0 1052 0.2095
0 1053 0.1789
0 1055 0.1479
0 1056 0.2532
0 1057 0.2088
0 1058 0.3074
0 1059 0.2031
0 1060 0.2232
0 1061 0.3988
0 1062 0.1651
0 1063 0.2655
0 1065 0.2303
0 1066 0.3602
0 1067 0.2594
0 1068 0.1894
0 1069 0.2734
0 1070 0.1743
0 1072 0.2401
0 1075 0.3508
0 1076 0.2436
0 1077 0.2809
0 1079 0.2119
0 1080 0.1651
0 1081 0.1201
0 1082 0.2510
0 1083 0.3065
0 1084 0.2095
0 1087 0.2088
0 1089 0.2326
0 1090 0.1701
0 1093 0.2809
0 1094 0.2201
0 1095 0.1651
0 1096 0.1823
0 1097 0.2095
0 1099 0.2221
0 1102 0.1369
0 1103 0.2673
0 1104 0.3072
0 1105 0.2010
0 1106 0.1866
0 1107 0.3527
0 1108 0.3162
0 1110 0.2095
0 1111 0.1427
0 1113 0.2809
0 1115 0.2436
0 1116 0.3595
0 1117 0.2283
0 1118 0.3403
0 1119 0.1651
0 1122 0.2088
0 1123 0.2753
0 1125 0.2741
0 1126 0.2088
0 1127 0.1637
0 1128 0.1742
0 1129 0.2273
0 1130 0.2347
0 1134 0.1870
0 1135 0.2397
0 1138 0.2612
0 1141 0.1608
0 1142 0.1870
0 1146 0.1479
0 1147 0.1611
0 1150 0.1580
0 1151 0.2682
0 1152 0.3682
0 1153 0.1862
0 1154 0.1947
0 1157 0.2261
0 1158 0.1839
0 1160 0.1434
0 1161 0.1870
0 1162 0.2304
0 1163 0.1921
0 1165 0.2076
0 1166 0.2753
0 1167 0.2728
0 1169 0.2475
0 1172 0.1870
0 1176 0.2915
0 1177 0.1870
0 1180 0.1935
0 1182 0.3240
0 1185 0.1607
0 1186 0.2669
0 1187 0.1217
0 1188 0.1651
0 1189 0.2171
0 1193 0.1926
0 1194 0.1611
0 1195 0.2734
0 1196 0.2375
0 1199 0.2472
0 1200 0.2499
0 1201 0.2088
0 1202 0.1896
0 1203 0.3103
0 1204 0.1732
0 1205 0.2088
0 1206 0.3131
0 1208 0.2606
0 1209 0.1870
0 1210 0.2940
0 1211 0.2217
0 1212 0.2753
0 1213 0.2435
0 1216 0.2095
0 1217 0.2410
0 1218 0.3506
0 1219 0.1651
0 1220 0.1870
0 1221 0.3276
0 1223 0.2081
0 1225 0.2172
0 1226 0.3363
0 1227 0.2448
0 1228 0.2095
0 1229 0.1668
0 1230 0.2095
0 1231 0.2228
0 1235 0.2734
0 1236 0.1870
0 1237 0.2132
0 1238 0.1870
0 1240 0.2795
0 1241 0.2474
0 1242 0.2829
0 1244 0.2095
0 1247 0.3279
0 1248 0.2681
0 1249 0.1479
0 1250 0.3168
0 1251 0.1904
0 1252 0.3974
0 1253 0.1870
0 1254 0.2436
0 1256 0.2554
0 1257 0.1870
0 1258 0.2219
0 1259 0.2088
0 1260 0.1533
0 1262 0.2543
0 1263 0.2219
0 1265 0.1770
0 1266 0.2171
0 1267 0.1870
0 1269 0.3620
0 1270 0.2023
0 1271 0.2895
0 1272 0.2436
0 1274 0.1870
0 1275 0.1811
0 1276 0.1466
0 1278 0.2436
0 1279 0.1867
0 1280 0.2880
0 1281 0.1312
0 1282 0.1870
0 1283 0.1712
0 1284 0.1473
0 1286 0.2556
0 1287 0.1918
0 1288 0.2095
0 1289 0.2020
0 1291 0.1993
0 1292 0.2021
0 1293 0.1611
0 1296 0.1870
0 1298 0.1926
0 1299 0.2109
0 1300 0.1870
0 1301 0.2343
0 1303 0.2093
0 1304 0.2088
0 1305 0.1571
0 1306 0.1788
0 1308 0.2728
0 1309 0.2088
0 1310 0.3080
0 1311 0.1479
0 1313 0.2095
0 1315 0.1651
0 1316 0.1968
0 1322 0.1752
0 1323 0.3400
0 1326 0.2753
0 1327 0.1870
0 1329 0.2088
0 1330 0.2200
0 1331 0.2448
0 1333 0.3586
0 1335 0.2670
0 1336 0.2878
0 1337 0.2474
0 1339 0.1384
0 1340 0.1539
0 1342 0.2070
0 1343 0.2474
0 1344 0.3508
0 1346 0.2274
0 1348 0.2095
0 1349 0.3595
0 1350 0.2088
0 1353 0.1479
0 1355 0.2284
0 1356 0.2095
0 1360 0.1648
0 1361 0.1868
0 1362 0.1839
0 1363 0.2095
0 1364 0.2803
0 1367 0.3698
0 1368 0.2753
0 1369 0.3605
0 1370 0.2128
0 1372 0.1405
0 1374 0.1870
0 1376 0.2095
0 1377 0.1870
0 1379 0.1651
0 1380 0.2088
0 1381 0.1870
0 1384 0.1479
0 1386 0.1918
0 1387 0.2304
0 1388 0.2789
0 1389 0.2454
0 1390 0.2436
0 1393 0.1479
0 1394 0.1870
0 1395 0.1870
0 1396 0.3097
0 1397 0.2699
0 1398 0.1994
0 1401 0.2436
0 1402 0.3508
0 1405 0.1651
0 1406 0.1794
0 1408 0.2308
0 1409 0.2353
0 1411 0.2095
0 1412 0.1870
0 1415 0.1870
0 1416 0.2188
0 1418 0.3114
0 1419 0.2479
0 1421 0.1640
0 1423 0.2490
0 1424 0.2088
0 1425 0.2753
0 1426 0.1526
0 1427 0.1886
0 1428 0.1479
0 1431 0.1855
0 1434 0.2213
0 1435 0.2024
0 1436 0.1651
0 1437 0.1578
0 1438 0.1997
0 1439 0.2604
0 1440 0.1904
0 1441 0.1065
0 1445 0.2323
0 1446 0.2284
0 1448 0.2095
0 1449 0.2436
0 1451 0.2088
0 1452 0.1994
0 1453 0.2095
0 1456 0.1918
0 1457 0.1651
0 1458 0.2436
0 1460 0.1496
0 1462 0.2173
0 1463 0.2171
0 1464 0.2210
0 1465 0.2095
0 1466 0.1532
0 1472 0.3342
0 1473 0.2436
0 1476 0.2095
0 1477 0.1651
0 1479 0.1762
0 1482 0.2095
0 1484 0.2766
0 1485 0.2612
0 1490 0.2095
0 1491 0.2177
0 1493 0.1584
0 1494 0.2246
0 1497 0.2095
0 1499 0.2095
0 1500 0.1809
0 1503 0.2543
0 1504 0.2734
0 1505 0.1870
0 1506 0.2095
0 1507 0.2088
0 1508 0.2088
0 1510 0.2088
0 1512 0.1870
0 1513 0.2475
0 1516 0.3051
0 1517 0.1839
0 1518 0.1948
0 1519 0.1941
0 1520 0.2008
0 1522 0.2459
0 1523 0.1479
0 1525 0.1480
0 1526 0.1157
0 1527 0.2562
0 1529 0.3667
0 1530 0.1655
0 1532 0.1752
0 1534 0.2095
0 1535 0.2088
0 1536 0.3331
0 1538 0.2159
0 1540 0.1479
0 1541 0.2401
0 1542 0.1838
0 1544 0.2161
0 1545 0.2088
0 1547 0.1632
0 1548 0.2665
0 1549 0.2093
0 1551 0.1920
0 1554 0.1870
0 1555 0.2088
0 1566 0.1543
0 1567 0.3193
0 1568 0.1356
0 1570 0.3114
0 1571 0.2172
0 1573 0.2454
0 1574 0.2095
0 1577 0.2088
0 1578 0.2088
0 1580 0.1435
0 1581 0.2088
0 1582 0.1651
0 1583 0.2088
0 1585 0.1727
0 1588 0.1662
0 1591 0.1959
0 1592 0.2474
0 1593 0.2455
0 1595 0.1473
0 1596 0.2286
0 1598 0.1870
0 1599 0.2436
0 1601 0.2095
0 1603 0.2612
0 1604 0.2088
0 1606 0.2661
0 1608 0.5038
0 1609 0.1963
0 1610 0.2728
0 1611 0.2095
0 1613 0.2862
0 1614 0.1479
0 1616 0.2436
0 1618 0.2130
0 1619 0.2571
0 1621 0.3252
0 1622 0.2145
0 1623 0.2878
0 1624 0.1702
0 1626 0.3586
0 1628 0.2088
0 1629 0.1839
0 1630 0.2474
0 1632 0.1839
0 1633 0.2076
0 1634 0.2511
0 1636 0.3400
0 1637 0.1620
0 1639 0.1479
0 1640 0.2507
0 1641 0.1986
0 1642 0.1870
0 1643 0.2095
0 1646 0.3168
0 1647 0.1479
0 1649 0.2088
0 1650 0.2088
0 1652 0.1479
0 1653 0.2171
0 1654 0.1651
0 1655 0.1870
0 1660 0.1557
0 1661 0.1870
0 1662 0.2474
0 1663 0.2440
0 1664 0.3508
0 1666 0.2095
0 1667 0.3321
0 1668 0.1566
0 1669 0.2168
0 1673 0.2436
0 1674 0.1597
0 1675 0.2088
0 1676 0.1651
0 1678 0.2077
0 1679 0.2047
0 1681 0.1479
0 1682 0.2766
0 1683 0.2823
0 1684 0.2088
0 1685 0.1870
0 1686 0.1651
0 1687 0.2018
0 1688 0.1870
0 1689 0.2228
0 1691 0.1953
0 1692 0.2051
0 1693 0.1552
0 1694 0.1524
0 1697 0.1961
0 1699 0.1139
0 1700 0.2976
0 1701 0.1494
0 1702 0.1124
0 1705 0.2317
0 1706 0.1914
0 1707 0.1934
0 1708 0.1905
0 1709 0.1554
0 1711 0.1540
0 1712 0.2170
0 1713 0.1886
0 1714 0.2315
0 1715 0.2432
0 1717 0.2298
0 1718 0.2632
0 1719 0.2088
0 1726 0.2095
0 1728 0.1185
1 2 0.1479
1 3 0.2348
1 4 0.2175
1 5 0.2081
1 6 0.2283
1 7 0.2015
1 8 0.3219
1 9 0.2019
1 10 0.1845
1 11 0.2019
1 12 0.2049
1 13 0.1860
1 14 0.1963
1 15 0.3131
1 16 0.1934
1 17 0.1987
1 18 0.2002
1 19 0.1976
1 20 0.2323
1 21 0.2295
1 22 0.1902
1 23 0.2185
1 24 0.2129
1 25 0.2314
1 26 0.2053
1 27 0.1931
1 28 0.2176
1 29 0.1379
1 30 0.1875
1 31 0.2646
1 32 0.2177
1 33 0.2088
1 34 0.1998
1 35 0.2044
1 36 0.2371
1 37 0.2755
1 38 0.2137
1 39 0.2359
1 40 0.1805
1 41 0.3362
1 42 0.1584
1 43 0.2069
1 44 0.2351
1 45 0.3134
1 46 0.2696
1 47 0.1882
1 48 0.1893
1 49 0.2069
1 50 0.2655
1 51 0.3116
1 52 0.1686
1 53 0.1984
1 54 0.4056
1 55 0.1548
1 56 0.2172
1 57 0.1453
1 58 0.1575
1 59 0.2220
1 60 0.2758
1 61 0.1854
1 62 0.1656
1 63 0.2626
1 64 0.1415
1 65 0.2065
1 66 0.1814
1 67 0.2252
1 68 0.3109
1 69 0.2137
1 70 0.1987
1 71 0.1712
1 72 0.2819
1 73 0.2237
1 74 0.1872
1 75 0.2011
1 76 0.2237
1 77 0.4566
1 78 0.1549
1 79 0.2661
1 80 0.1853
1 81 0.1874
1 82 0.2303
1 83 0.2604
1 84 0.3118
1 85 0.1914
1 86 0.1903
1 87 0.1878
1 88 0.2813
1 89 0.2060
1 90 0.2525
1 91 0.1939
1 92 0.1370
1 93 0.1858
1 94 0.1678
1 95 0.2249
1 96 0.1634
1 97 0.1889
1 98 0.3423
1 99 0.2071
1 100 0.1902
1 101 0.2609
1 102 0.1950
1 103 0.2105
1 104 0.1711
1 105 0.2540
1 106 0.2022
1 107 0.2308
1 108 0.1969
1 109 0.2141
1 110 0.1909
1 111 0.3959
1 112 0.2088
1 113 0.1931
1 114 0.2062
1 115 0.2705
1 116 0.2002
1 117 0.2149
1 119 0.2303
1 120 0.1683
1 121 0.1983
1 122 0.1490
1 123 0.2585
1 125 0.2235
1 126 0.1601
1 128 0.1922
1 129 0.1870
1 130 0.1958
1 131 0.1952
1 132 0.2753
1 133 0.1823
1 134 0.2212
1 135 0.3342
1 136 0.2362
1 137 0.3887
1 138 0.3787
1 139 0.2357
1 140 0.2554
1 142 0.2436
1 143 0.2118
1 144 0.2355
1 145 0.3563
1 146 0.1651
1 147 0.2254
1 148 0.1792
1 149 0.3796
1 150 0.1873
1 151 0.2607
1 152 0.1831
1 153 0.3204
1 154 0.2143
1 156 0.2095
1 157 0.2299
1 158 0.3375
1 159 0.2057
1 160 0.1634
1 161 0.2748
1 162 0.2288
1 163 0.1805
1 164 0.2028
1 165 0.2340
1 166 0.2434
1 167 0.2343
1 168 0.1999
1 169 0.1742
1 170 0.2338
1 171 0.2327
1 172 0.2534
1 173 0.1885
1 174 0.1405
1 175 0.2721
1 176 0.2044
1 177 0.2088
1 178 0.1844
1 179 0.2447
1 180 0.1466
1 182 0.2563
1 183 0.2513
1 184 0.2440
1 185 0.2291
1 186 0.1451
1 187 0.3195
1 188 0.1965
1 189 0.1716
1 190 0.2436
1 191 0.1398
1 192 0.2242
1 193 0.2020
1 194 0.2631
1 195 0.2501
1 196 0.2829
1 197 0.2024
1 198 0.1765
1 199 0.1899
1 200 0.1795
1 201 0.1972
1 202 0.2095
1 203 0.2088
1 204 0.2214
1 206 0.2949
1 208 0.2386
1 209 0.1900
1 210 0.1387
1 211 0.2888
1 212 0.2644
1 213 0.2095
1 214 0.2767
1 215 0.1269
1 216 0.1887
1 217 0.1772
1 218 0.1922
1 219 0.1581
1 221 0.2659
1 223 0.4219
1 224 0.1889
1 225 0.2502
1 226 0.2204
1 227 0.2328
1 228 0.1733
1 229 0.1823
1 230 0.1276
1 231 0.2681
1 232 0.1686
1 233 0.2132
1 234 0.1555
1 235 0.2316
1 236 0.2461
1 237 0.1865
1 238 0.1978
1 239 0.1932
1 240 0.2112
1 242 0.3689
1 243 0.1824
1 244 0.2806
1 245 0.2289
1 246 0.2150
1 247 0.1532
1 248 0.2425
1 249 0.2058
1 250 0.1315
1 251 0.1994
1 252 0.2088
1 253 0.3454
1 254 0.3157
1 255 0.3508
1 256 0.2822
1 257 0.2277
1 258 0.2458
1 260 0.3251
1 262 0.2009
1 263 0.2230
1 264 0.2421
1 265 0.2451
1 266 0.1682
1 267 0.2474
1 268 0.2088
1 269 0.1479
1 270 0.1552
1 272 0.1736
1 274 0.2465
1 275 0.1910
1 276 0.2035
1 277 0.3168
1 278 0.1258
1 279 0.1711
1 280 0.2519
1 281 0.2088
1 282 0.1890
1 283 0.3154
1 284 0.1691
1 285 0.1618
1 286 0.2183
1 287 0.2337
1 288 0.1471
1 289 0.1663
1 290 0.2258
1 291 0.1950
1 292 0.1947
1 293 0.2297
1 294 0.2917
1 295 0.1861
1 296 0.2158
1 297 0.2437
1 298 0.2819
1 299 0.2088
1 300 0.1850
1 301 0.1657
1 303 0.2737
1 304 0.1972
1 306 0.1731
1 307 0.1479
1 308 0.2039
1 309 0.3068
1 310 0.2063
1 311 0.2150
1 312 0.1632
1 313 0.2303
1 314 0.1948
1 315 0.1851
1 316 0.2295
1 317 0.1651
1 319 0.1884
1 320 0.2008
1 321 0.1479
1 322 0.2436
1 323 0.1870
1 324 0.1613
1 326 0.1588
1 327 0.1696
1 328 0.2063
1 330 0.2432
1 331 0.2326
1 332 0.1571
1 333 0.1995
1 334 0.1191
1 336 0.3586
1 337 0.2356
1 338 0.2330
1 339 0.1685
1 340 0.2411
1 341 0.2182
1 342 0.2859
1 343 0.2112
1 344 0.1779
1 346 0.2951
1 347 0.1633
1 348 0.2879
1 349 0.1967
1 350 0.2255
1 351 0.2154
1 352 0.2474
1 353 0.3251
1 354 0.1904
1 356 0.3251
1 357 0.1413
1 358 0.1993
1 359 0.2307
1 361 0.3086
1 362 0.2270
1 363 0.2443
1 364 0.2062
1 366 0.3527
1 367 0.2598
1 368 0.2214
1 369 0.2755
1 370 0.3408
1 371 0.1869
1 372 0.2303
1 373 0.1900
1 374 0.1752
1 375 0.1679
1 376 0.1864
1 377 0.1711
1 378 0.2095
1 379 0.3504
1 380 0.2171
1 381 0.2255
1 383 0.3067
1 384 0.1918
1 385 0.1546
1 386 0.1858
1 387 0.2228
1 388 0.2393
1 389 0.1651
1 390 0.1565
1 391 0.2288
1 392 0.1812
1 393 0.1480
1 394 0.2341
1 395 0.2259
1 396 0.1567
1 397 0.3168
1 398 0.1794
1 399 0.2388
1 400 0.3331
1 402 0.1651
1 403 0.2101
1 404 0.1975
1 406 0.2088
1 407 0.1947
1 408 0.1603
1 409 0.1871
1 410 0.1668
1 411 0.2559
1 412 0.1616
1 413 0.1806
1 414 0.2088
1 415 0.2534
1 418 0.2031
1 419 0.1479
1 420 0.1870
1 421 0.1479
1 423 0.2474
1 424 0.2449
1 425 0.1895
1 427 0.2095
1 428 0.1347
1 431 0.1665
1 432 0.1651
1 433 0.2141
1 434 0.2464
1 436 0.3364
1 438 0.2134
1 439 0.2301
1 441 0.1894
1 442 0.2516
1 445 0.1823
1 447 0.2224
1 448 0.2621
1 449 0.2060
1 450 0.2806
1 451 0.2019
1 452 0.1912
1 453 0.1817
1 454 0.2138
1 455 0.2810
1 456 0.1479
1 457 0.1870
1 458 0.1830
1 459 0.2471
1 460 0.3020
1 461 0.2594
1 462 0.2095
1 463 0.3920
1 464 0.2523
1 465 0.1947
1 466 0.2027
1 467 0.1984
1 468 0.2463
1 470 0.1919
1 471 0.1948
1 472 0.1905
1 474 0.1651
1 475 0.2272
1 476 0.1721
1 478 0.3251
1 479 0.2095
1 480 0.2519
1 481 0.2479
1 482 0.1651
1 484 0.1713
1 485 0.1605
1 487 0.1479
1 488 0.1914
1 489 0.2436
1 490 0.2788
1 491 0.1646
1 492 0.2095
1 493 0.1964
1 494 0.1651
1 495 0.3127
1 496 0.1242
1 497 0.2120
1 498 0.2841
1 499 0.1552
1 500 0.2088
1 501 0.2982
1 502 0.1805
1 503 0.2095
1 504 0.2014
1 505 0.1575
1 506 0.1669
1 507 0.1947
1 508 0.2871
1 509 0.1668
1 511 0.2641
1 513 0.1752
1 514 0.3396
1 515 0.2014
1 516 0.2068
1 517 0.1681
1 518 0.1870
1 519 0.2088
1 520 0.1955
1 521 0.1752
1 522 0.1918
1 523 0.1130
1 526 0.2474
1 527 0.1810
1 528 0.2163
1 530 0.1651
1 531 0.1699
1 534 0.2653
1 535 0.1975
1 536 0.1948
1 537 0.2109
1 538 0.2088
1 539 0.2095
1 540 0.2597
1 541 0.2753
1 542 0.1809
1 543 0.1870
1 544 0.1532
1 545 0.2700
1 546 0.1870
1 547 0.1870
1 548 0.3595
1 549 0.1870
1 551 0.1479
1 552 0.2234
1 553 0.2076
1 554 0.1611
1 555 0.2636
1 556 0.1479
1 558 0.3871
1 559 0.1603
1 560 0.1999
1 561 0.1916
1 562 0.2626
1 563 0.2029
1 564 0.2181
1 565 0.2357
1 568 0.2037
1 569 0.2854
1 570 0.2061
1 571 0.2487
1 572 0.2469
1 573 0.2510
1 574 0.1876
1 575 0.2302
1 576 0.1890
1 577 0.1907
1 578 0.1604
1 579 0.4323
1 581 0.2665
1 582 0.2331
1 583 0.2656
1 584 0.1887
1 585 0.3034
1 587 0.2774
1 589 0.1896
1 590 0.2101
1 592 0.2038
1 593 0.2401
1 594 0.2343
1 599 0.3002
1 600 0.2482
1 601 0.1981
1 602 0.1633
1 605 0.2088
1 606 0.2095
1 607 0.2416
1 608 0.1290
1 609 0.2563
1 610 0.2662
1 612 0.2098
1 613 0.1316
1 614 0.1839
1 617 0.1349
1 618 0.1369
1 619 0.1841
1 621 0.1819
1 622 0.1479
1 623 0.3251
1 625 0.1620
1 626 0.1964
1 627 0.2284
1 628 0.1921
1 629 0.3034
1 631 0.2488
1 632 0.1924
1 633 0.1924
1 634 0.2076
1 635 0.2171
1 636 0.2088
1 637 0.2503
1 638 0.1918
1 639 0.2132
1 640 0.1611
1 641 0.3744
1 642 0.2713
1 643 0.2147
1 644 0.1367
1 645 0.1604
1 646 0.2049
1 648 0.1907
1 649 0.2422
1 650 0.2674
1 651 0.1009
1 652 0.2147
1 653 0.2130
1 655 0.1740
1 656 0.1644
1 657 0.1506
1 658 0.2110
1 659 0.2076
1 660 0.2436
1 661 0.2693
1 662 0.2734
1 663 0.2088
1 664 0.2638
1 666 0.2242
1 668 0.1611
1 669 0.1651
1 671 0.2836
1 672 0.1543
1 673 0.2078
1 674 0.2150
1 676 0.2766
1 677 0.1651
1 678 0.2348
1 679 0.1862
1 680 0.2093
1 683 0.2095
1 684 0.1711
1 685 0.2357
1 686 0.1479
1 687 0.1479
1 688 0.1839
1 689 0.2402
1 690 0.1805
1 691 0.2615
1 692 0.2100
1 693 0.2036
1 694 0.1919
1 695 0.3474
1 696 0.1639
1 697 0.3527
1 698 0.2063
1 699 0.1611
1 700 0.2532
1 702 0.2332
1 703 0.1718
1 704 0.1880
1 705 0.1582
1 706 0.2052
1 707 0.2795
1 708 0.2436
1 709 0.4211
1 710 0.2084
1 711 0.2111
1 712 0.1966
1 713 0.1467
1 714 0.1668
1 716 0.2088
1 717 0.1360
1 718 0.2732
1 721 0.2728
1 722 0.1957
1 723 0.2436
1 724 0.1651
1 726 0.2776
1 727 0.2095
1 728 0.2324
1 729 0.1175
1 731 0.2144
1 732 0.2297
1 733 0.1870
1 734 0.1624
1 735 0.1739
1 736 0.1989
1 737 0.1859
1 738 0.1990
1 740 0.1805
1 741 0.1906
1 742 0.2353
1 743 0.1949
1 744 0.1905
1 745 0.2357
1 746 0.1870
1 747 0.2088
1 748 0.2191
1 750 0.2524
1 751 0.2401
1 752 0.2075
1 753 0.2211
1 754 0.1651
1 755 0.1877
1 756 0.2593
1 758 0.3721
1 759 0.1731
1 760 0.2345
1 761 0.3939
1 762 0.2248
1 763 0.3657
1 764 0.3217
1 766 0.2244
1 767 0.2436
1 768 0.2203
1 769 0.1303
1 770 0.2319
1 771 0.1152
1 772 0.1870
1 773 0.1479
1 775 0.1913
1 776 0.1882
1 777 0.1766
1 778 0.2347
1 780 0.2401
1 781 0.1870
1 782 0.2735
1 783 0.3162
1 784 0.1443
1 785 0.2592
1 786 0.1822
1 787 0.1413
1 789 0.2291
1 792 0.2064
1 793 0.1905
1 794 0.2500
1 796 0.1918
1 797 0.2681
1 799 0.1682
1 801 0.2297
1 802 0.1651
1 803 0.1305
1 804 0.2240
1 805 0.2330
1 806 0.1809
1 807 0.2088
1 808 0.2528
1 809 0.2606
1 810 0.2167
1 811 0.2019
1 813 0.2809
1 814 0.1988
1 815 0.1921
1 816 0.3586
1 817 0.1792
1 818 0.2432
1 819 0.1231
1 820 0.2088
1 821 0.1921
1 822 0.2269
1 823 0.2032
1 824 0.2436
1 825 0.2021
1 827 0.2950
1 828 0.1839
1 829 0.2095
1 830 0.2323
1 831 0.1712
1 832 0.3580
1 833 0.2420
1 834 0.2440
1 835 0.2174
1 836 0.3172
1 838 0.1868
1 839 0.1839
1 840 0.2436
1 841 0.3939
1 842 0.1870
1 843 0.2083
1 845 0.2236
1 846 0.1854
1 848 0.3594
1 849 0.2259
1 851 0.2235
1 853 0.2878
1 855 0.2088
1 856 0.2095
1 858 0.2076
1 860 0.1565
1 861 0.2776
1 862 0.2095
1 864 0.1868
1 865 0.2261
1 866 0.3321
1 867 0.1638
1 868 0.3034
1 869 0.1119
1 870 0.1729
1 871 0.2038
1 872 0.2275
1 876 0.3145
1 877 0.1651
1 878 0.2681
1 880 0.2313
1 881 0.1639
1 882 0.1482
1 883 0.2118
1 884 0.2095
1 885 0.2752
1 886 0.1413
1 887 0.1873
1 888 0.1947
1 889 0.1911
1 890 0.1918
1 891 0.3283
1 893 0.2344
1 894 0.2243
1 895 0.2122
1 896 0.1870
1 897 0.1479
1 898 0.1953
1 900 0.2206
1 901 0.2025
1 903 0.2412
1 905 0.2244
1 907 0.2095
1 908 0.1993
1 909 0.1866
1 911 0.1870
1 912 0.2401
1 913 0.4211
1 914 0.2525
1 915 0.2008
1 918 0.3586
1 919 0.2185
1 920 0.2138
1 921 0.1591
1 922 0.2675
1 924 0.2677
1 928 0.2088
1 929 0.1870
1 930 0.1436
1 933 0.2753
1 934 0.1839
1 935 0.1942
1 936 0.2261
1 938 0.2244
1 940 0.2211
1 941 0.2753
1 942 0.1490
1 943 0.2457
1 946 0.2000
1 947 0.2750
1 951 0.2474
1 952 0.2088
1 953 0.2136
1 954 0.2095
1 955 0.2043
1 956 0.2432
1 958 0.2095
1 959 0.1918
1 960 0.2120
1 961 0.1479
1 962 0.1479
1 963 0.3871
1 964 0.1651
1 965 0.1890
1 966 0.2755
1 967 0.1651
1 968 0.2406
1 971 0.2456
1 972 0.1870
1 973 0.1999
1 974 0.2145
1 975 0.1479
1 976 0.1723
1 977 0.1479
1 978 0.2088
1 979 0.1930
1 980 0.2474
1 981 0.2171
1 983 0.1788
1 984 0.2616
1 986 0.1675
1 987 0.2826
1 989 0.2538
1 990 0.2194
1 992 0.2088
1 993 0.2150
1 994 0.2135
1 995 0.1871
1 996 0.1870
1 999 0.1939
1 1001 0.2088
1 1002 0.1977
1 1003 0.2107
1 1004 0.1930
1 1006 0.2088
1 1007 0.2420
1 1008 0.2734
1 1010 0.2063
1 1013 0.2436
1 1014 0.1951
1 1015 0.1951
1 1016 0.1932
1 1017 0.1459
1 1018 0.1870
1 1019 0.2436
1 1020 0.2533
1 1022 0.1675
1 1024 0.1705
1 1025 0.2088
1 1026 0.1322
1 1027 0.1806
1 1029 0.2320
1 1030 0.2277
1 1032 0.2095
1 1033 0.2088
1 1035 0.1957
1 1036 0.1638
1 1037 0.4180
1 1040 0.3148
1 1041 0.1636
1 1042 0.2527
1 1043 0.2021
1 1045 0.2841
1 1046 0.2075
1 1047 0.2767
1 1048 0.2509
1 1049 0.1890
1 1050 0.1654
1 1052 0.2095
1 1053 0.1789
1 1055 0.1479
1 1056 0.2532
1 1057 0.2088
1 1058 0.3074
1 1059 0.2031
1 1060 0.2232
1 1061 0.3988
1 1062 0.1651
1 1063 0.2655
1 1065 0.2303
1 1066 0.3602
1 1067 0.2594
1 1068 0.1894
1 1069 0.2734
1 1070 0.1743
1 1072 0.2401
1 1075 0.3508
1 1076 0.2436
1 1077 0.2809
1 1079 0.2119
1 1080 0.1651
1 1081 0.1201
1 1082 0.2510
1 1083 0.3065
1 1084 0.2095
1 1087 0.2088
1 1089 0.2326
1 1090 0.1701
1 1093 0.2809
1 1094 0.2201
1 1095 0.1651
1 1096 0.1823
1 1097 0.2095
1 1099 0.2221
1 1102 0.1369
1 1103 0.2673
1 1104 0.3072
1 1105 0.2010
1 1106 0.1866
1 1107 0.3527
1 1108 0.3162
1 1110 0.2095
1 1111 0.1427
1 1113 0.2809
1 1115 0.2436
1 1116 0.3595
1 1117 0.2283
1 1118 0.3403
1 1119 0.1651
1 1122 0.2088
1 1123 0.2753
1 1125 0.2741
1 1126 0.2088
1 1127 0.1637
1 1128 0.1742
1 1129 0.2273
1 1130 0.2347
1 1134 0.1870
1 1135 0.2397
1 1138 0.2612
1 1141 0.1608
1 1142 0.1870
1 1146 0.1479
1 1147 0.1611
1 1150 0.1580
1 1151 0.2682
1 1152 0.3682
1 1153 0.1862
1 1154 0.1947
1 1157 0.2261
1 1158 0.1839
1 1160 0.1434
1 1161 0.1870
1 1162 0.2304
1 1163 0.1921
1 1165 0.2076
1 1166 0.2753
1 1167 0.2728
1 1169 0.2475
1 1172 0.1870
1 1176 0.2915
1 1177 0.1870
1 1180 0.1935
1 1182 0.3240
1 1185 0.1607
1 1186 0.2669
1 1187 0.1217
1 1188 0.1651
1 1189 0.2171
1 1193 0.1926
1 1194 0.1611
1 1195 0.2734
1 1196 0.2375
1 1199 0.2472
1 1200 0.2499
1 1201 0.2088
1 1202 0.1896
1 1203 0.3103
1 1204 0.1732
1 1205 0.2088
1 1206 0.3131
1 1208 0.2606
1 1209 0.1870
1 1210 0.2940
1 1211 0.2217
1 1212 0.2753
1 1213 0.2435
1 1216 0.2095
1 1217 0.2410
1 1218 0.3506
1 1219 0.1651
1 1220 0.1870
1 1221 0.3276
1 1223 0.2081
1 1225 0.2172
1 1226 0.3363
1 1227 0.2448
1 1228 0.2095
1 1229 0.1668
1 1230 0.2095
1 1231 0.2228
1 1235 0.2734
1 1236 0.1870
1 1237 0.2132
1 1238 0.1870
1 1240 0.2795
1 1241 0.2474
1 1242 0.2829
1 1244 0.2095
1 1247 0.3279
1 1248 0.2681
1 1249 0.1479
1 1250 0.3168
1 1251 0.1904
1 1252 0.3974
1 1253 0.1870
1 1254 0.2436
1 1256 0.2554
1 1257 0.1870
1 1258 0.2219
1 1259 0.2088
1 1260 0.1533
1 1262 0.2543
1 1263 0.2219
1 1265 0.1770
1 1266 0.2171
1 1267 0.1870
1 1269 0.3620
1 1270 0.2023
1 1271 0.2895
1 1272 0.2436
1 1274 0.1870
1 1275 0.1811
1 1276 0.1466
1 1278 0.2436
1 1279 0.1867
1 1280 0.2880
1 1281 0.1312
1 1282 0.1870
1 1283 0.1712
1 1284 0.1473
1 1286 0.2556
1 1287 0.1918
1 1288 0.2095
1 1289 0.2020
1 1291 0.1993
1 1292 0.2021
1 1293 0.1611
1 1296 0.1870
1 1298 0.1926
1 1299 0.2109
1 1300 0.1870
1 1301 0.2343
1 1303 0.2093
1 1304 0.2088
1 1305 0.1571
1 1306 0.1788
1 1308 0.2728
1 1309 0.2088
1 1310 0.3080
1 1311 0.1479
1 1313 0.2095
1 1315 0.1651
1 1316 0.1968
1 1322 0.1752
1 1323 0.3400
1 1326 0.2753
1 1327 0.1870
1 1329 0.2088
1 1330 0.2200
1 1331 0.2448
1 1333 0.3586
1 1335 0.2670
1 1336 0.2878
1 1337 0.2474
1 1339 0.1384
1 1340 0.1539
1 1342 0.2070
1 1343 0.2474
1 1344 0.3508
1 1346 0.2274
1 1348 0.2095
1 1349 0.3595
1 1350 0.2088
1 1353 0.1479
1 1355 0.2284
1 1356 0.2095
1 1360 0.1648
1 1361 0.1868
1 1362 0.1839
1 1363 0.2095
1 1364 0.2803
1 1367 0.3698
1 1368 0.2753
1 1369 0.3605
1 1370 0.2128
1 1372 0.1405
1 1374 0.1870
1 1376 0.2095
1 1377 0.1870
1 1379 0.1651
1 1380 0.2088
1 1381 0.1870
1 1384 0.1479
1 1386 0.1918
1 1387 0.2304
1 1388 0.2789
1 1389 0.2454
1 1390 0.2436
1 1393 0.1479
1 1394 0.1870
1 1395 0.1870
1 1396 0.3097
1 1397 0.2699
1 1398 0.1994
1 1401 0.2436
1 1402 0.3508
1 1405 0.1651
1 1406 0.1794
1 1408 0.2308
1 1409 0.2353
1 1411 0.2095
1 1412 0.1870
1 1415 0.1870
1 1416 0.2188
1 1418 0.3114
1 1419 0.2479
1 1421 0.1640
1 1423 0.2490
1 1424 0.2088
1 1425 0.2753
1 1426 0.1526
1 1427 0.1886
1 1428 0.1479
1 1431 0.1855
1 1434 0.2213
1 1435 0.2024
1 1436 0.1651
1 1437 0.1578
1 1438 0.1997
1 1439 0.2604
1 1440 0.1904
1 1441 0.1065
1 1445 0.2323
1 1446 0.2284
1 1448 0.2095
1 1449 0.2436
1 1451 0.2088
1 1452 0.1994
1 1453 0.2095
1 1456 0.1918
1 1457 0.1651
1 1458 0.2436
1 1460 0.1496
1 1462 0.2173
1 1463 0.2171
1 1464 0.2210
1 1465 0.2095
1 1466 0.1532
1 1472 0.3342
1 1473 0.2436
1 1476 0.2095
1 1477 0.1651
1 1479 0.1762
1 1482 0.2095
1 1484 0.2766
1 1485 0.2612
1 1490 0.2095
1 1491 0.2177
1 1493 0.1584
1 1494 0.2246
1 1497 0.2095
1 1499 0.2095
1 1500 0.1809
1 1503 0.2543
1 1504 0.2734
1 1505 0.1870
1 1506 0.2095
1 1507 0.2088
1 1508 0.2088
1 1510 0.2088
1 1512 0.1870
1 1513 0.2475
1 1516 0.3051
1 1517 0.1839
1 1518 0.1948
1 1519 0.1941
1 1520 0.2008
1 1522 0.2459
1 1523 0.1479
1 1525 0.1480
1 1526 0.1157
1 1527 0.2562
1 1529 0.3667
1 1530 0.1655
1 1532 0.1752
1 1534 0.2095
1 1535 0.2088
1 1536 0.3331
1 1538 0.2159
1 1540 0.1479
1 1541 0.2401
1 1542 0.1838
1 1544 0.2161
1 1545 0.2088
1 1547 0.1632
1 1548 0.2665
1 1549 0.2093
1 1551 0.1920
1 1554 0.1870
1 1555 0.2088
1 1566 0.1543
1 1567 0.3193
1 1568 0.1356
1 1570 0.3114
1 1571 0.2172
1 1573 0.2454
1 1574 0.2095
1 1577 0.2088
1 1578 0.2088
1 1580 0.1435
1 1581 0.2088
1 1582 0.1651
1 1583 0.2088
1 1585 0.1727
1 1588 0.1662
1 1591 0.1959
1 1592 0.2474
1 1593 0.2455
1 1595 0.1473
1 1596 0.2286
1 1598 0.1870
1 1599 0.2436
1 1601 0.2095
1 1603 0.2612
1 1604 0.2088
1 1606 0.2661
1 1608 0.5038
1 1609 0.1963
1 1610 0.2728
1 1611 0.2095
1 1613 0.2862
1 1614 0.1479
1 1616 0.2436
1 1618 0.2130
1 1619 0.2571
1 1621 0.3252
1 1622 0.2145
1 1623 0.2878
1 1624 0.1702
1 1626 0.3586
1 1628 0.2088
1 1629 0.1839
1 1630 0.2474
1 1632 0.1839
1 1633 0.2076
1 1634 0.2511
1 1636 0.3400
1 1637 0.1620
1 1639 0.1479
1 1640 0.2507
1 1641 0.1986
1 1642 0.1870
1 1643 0.2095
1 1646 0.3168
1 1647 0.1479
1 1649 0.2088
1 1650 0.2088
1 1652 0.1479
1 1653 0.2171
1 1654 0.1651
1 1655 0.1870
1 1660 0.1557
1 1661 0.1870
1 1662 0.2474
1 1663 0.2440
1 1664 0.3508
1 1666 0.2095
1 1667 0.3321
1 1668 0.1566
1 1669 0.2168
1 1673 0.2436
1 1674 0.1597
1 1675 0.2088
1 1676 0.1651
1 1678 0.2077
1 1679 0.2047
1 1681 0.1479
1 1682 0.2766
1 1683 0.2823
1 1684 0.2088
1 1685 0.1870
1 1686 0.1651
1 1687 0.2018
1 1688 0.1870
1 1689 0.2228
1 1691 0.1953
1 1692 0.2051
1 1693 0.1552
1 1694 0.1524
1 1697 0.1961
1 1699 0.1139
1 1700 0.2976
1 1701 0.1494
1 1702 0.1124
1 1705 0.2317
1 1706 0.1914
1 1707 0.1934
1 1708 0.1905
1 1709 0.1554
1 1711 0.1540
1 1712 0.2170
1 1713 0.1886
1 1714 0.2315
1 1715 0.2432
1 1717 0.2298
1 1718 0.2632
1 1719 0.2088
1 1726 0.2095
1 1728 0.1185
2 3 0.2348
2 4 0.2175
2 5 0.2081
2 6 0.2283
2 7 0.2015
2 8 0.3219
2 9 0.2019
2 10 0.1845
2 11 0.2019
2 12 0.2049
2 13 0.1860
2 14 0.1963
2 15 0.3131
2 16 0.1934
2 17 0.1987
2 18 0.2002
2 19 0.1976
2 20 0.2323
2 21 0.2295
2 22 0.1902
2 23 0.2185
2 24 0.2129
2 25 0.2314
2 26 0.2053
2 27 0.1931
2 28 0.2176
2 29 0.1379
2 30 0.1875
2 31 0.2646
2 32 0.2177
2 33 0.2088
2 34 0.1998
2 35 0.2044
2 36 0.2371
2 37 0.2755
2 38 0.2137
2 39 0.2359
2 40 0.1805
2 41 0.3362
2 42 0.1584
2 43 0.2069
2 44 0.2351
2 45 0.3134
2 46 0.2696
2 47 0.1882
2 48 0.1893
2 49 0.2069
2 50 0.2655
2 51 0.3116
2 52 0.1686
2 53 0.1984
2 54 0.4056
2 55 0.1548
2 56 0.2172
2 57 0.1453
2 58 0.1575
2 59 0.2220
2 60 0.2758
2 61 0.1854
2 62 0.1656
2 63 0.2626
2 64 0.1415
2 65 0.2065
2 66 0.1814
2 67 0.2252
2 68 0.3109
2 69 0.2137
2 70 0.1987
2 71 0.1712
2 72 0.2819
2 73 0.2237
2 74 0.1872
2 75 0.2011
2 76 0.2237
2 77 0.4566
2 78 0.1549
2 79 0.2661
2 80 0.1853
2 81 0.1874
2 82 0.2303
2 83 0.2604
2 84 0.3118
2 85 0.1914
2 86 0.1903
2 87 0.1878
2 88 0.2813
2 89 0.2060
2 90 0.2525
2 91 0.1939
2 92 0.1370
2 93 0.1858
2 94 0.1678
2 95 0.2249
2 96 0.1634
2 97 0.1889
2 98 0.3423
2 99 0.2071
2 100 0.1902
2 101 0.2609
2 102 0.1950
2 103 0.2105
2 104 0.1711
2 105 0.2540
2 106 0.2022
2 107 0.2308
2 108 0.1969
2 109 0.2141
2 110 0.1909
2 111 0.3959
2 112 0.2088
2 113 0.1931
2 114 0.2062
2 115 0.2705
2 116 0.2002
2 117 0.2149
2 119 0.2303
2 120 0.1683
2 121 0.1983
2 122 0.1490
2 123 0.2585
2 125 0.2235
2 126 0.1601
2 128 0.1922
2 129 0.1870
2 130 0.1958
2 131 0.1952
2 132 0.2753
2 133 0.1823
2 134 0.2212
2 135 0.3342
2 136 0.2362
2 137 0.3887
2 138 0.3787
2 139 0.2357
2 140 0.2554
2 142 0.2436
2 143 0.2118
2 144 0.2355
2 145 0.3563
2 146 0.1651
2 147 0.2254
2 148 0.1792
2 149 0.3796
2 150 0.1873
2 151 0.2607
2 152 0.1831
2 153 0.3204
2 154 0.2143
2 156 0.2095
2 157 0.2299
2 158 0.3375
2 159 0.2057
2 160 0.1634
2 161 0.2748
2 162 0.2288
2 163 0.1805
2 164 0.2028
2 165 0.2340
2 166 0.2434
2 167 0.2343
2 168 0.1999
2 169 0.1742
2 170 0.2338
2 171 0.2327
2 172 0.2534
2 173 0.1885
2 174 0.1405
2 175 0.2721
2 176 0.2044
2 177 0.2088
2 178 0.1844
2 179 0.2447
2 180 0.1466
2 182 0.2563
2 183 0.2513
2 184 0.2440
2 185 0.2291
2 186 0.1451
2 187 0.3195
2 188 0.1965
2 189 0.1716
2 190 0.2436
2 191 0.1398
2 192 0.2242
2 193 0.2020
2 194 0.2631
2 195 0.2501
2 196 0.2829
2 197 0.2024
2 198 0.1765
2 199 0.1899
2 200 0.1795
2 201 0.1972
2 202 0.2095
2 203 0.2088
2 204 0.2214
2 206 0.2949
2 208 0.2386
2 209 0.1900
2 210 0.1387
2 211 0.2888
2 212 0.2644
2 213 0.2095
2 214 0.2767
2 215 0.1269
2 216 0.1887
2 217 0.1772
2 218 0.1922
2 219 0.1581
2 221 0.2659
2 223 0.4219
2 224 0.1889
2 225 0.2502
2 226 0.2204
2 227 0.2328
2 228 0.1733
2 229 0.1823
2 230 0.1276
2 231 0.2681
2 232 0.1686
2 233 0.2132
2 234 0.1555
2 235 0.2316
2 236 0.2461
2 237 0.1865
2 238 0.1978
2 239 0.1932
2 240 0.2112
2 242 0.3689
2 243 0.1824
2 244 0.2806
2 245 0.2289
2 246 0.2150
2 247 0.1532
2 248 0.2425
2 249 0.2058
2 250 0.1315
2 251 0.1994
2 252 0.2088
2 253 0.3454
2 254 0.3157
2 255 0.3508
2 256 0.2822
2 257 0.2277
2 258 0.2458
2 260 0.3251
2 262 0.2009
2 263 0.2230
2 264 0.2421
2 265 0.2451
2 266 0.1682
2 267 0.2474
2 268 0.2088
2 269 0.1479
2 270 0.1552
2 272 0.1736
2 274 0.2465
2 275 0.1910
2 276 0.2035
2 277 0.3168
2 278 0.1258
2 279 0.1711
2 280 0.2519
2 281 0.2088
2 282 0.1890
2 283 0.3154
2 284 0.1691
2 285 0.1618
2 286 0.2183
2 287 0.2337
2 288 0.1471
2 289 0.1663
2 290 0.2258
2 291 0.1950
2 292 0.1947
2 293 0.2297
2 294 0.2917
2 295 0.1861
2 296 0.2158
2 297 0.2437
2 298 0.2819
2 299 0.2088
2 300 0.1850
2 301 0.1657
2 303 0.2737
2 304 0.1972
2 306 0.1731
2 307 0.1479
2 308 0.2039
2 309 0.3068
2 310 0.2063
2 311 0.2150
2 312 0.1632
2 313 0.2303
2 314 0.1948
2 315 0.1851
2 316 0.2295
2 317 0.1651
2 319 0.1884
2 320 0.2008
2 321 0.1479
2 322 0.2436
2 323 0.1870
2 324 0.1613
2 326 0.1588
2 327 0.1696
2 328 0.2063
2 330 0.2432
2 331 0.2326
2 332 0.1571
2 333 0.1995
2 334 0.1191
2 336 0.3586
2 337 0.2356
2 338 0.2330
2 339 0.1685
2 340 0.2411
2 341 0.2182
2 342 0.2859
2 343 0.2112
2 344 0.1779
2 346 0.2951
2 347 0.1633
2 348 0.2879
2 349 0.1967
2 350 0.2255
2 351 0.2154
2 352 0.2474
2 353 0.3251
2 354 0.1904
2 356 0.3251
2 357 0.1413
2 358 0.1993
2 359 0.2307
2 361 0.3086
2 362 0.2270
2 363 0.2443
2 364 0.2062
2 366 0.3527
2 367 0.2598
2 368 0.2214
2 369 0.2755
2 370 0.3408
2 371 0.1869
2 372 0.2303
2 373 0.1900
2 374 0.1752
2 375 0.1679
2 376 0.1864
2 377 0.1711
2 378 0.2095
2 379 0.3504
2 380 0.2171
2 381 0.2255
2 383 0.3067
2 384 0.1918
2 385 0.1546
2 386 0.1858
2 387 0.2228
2 388 0.2393
2 389 0.1651
2 390 0.1565
2 391 0.2288
2 392 0.1812
2 393 0.1480
2 394 0.2341
2 395 0.2259
2 396 0.1567
2 397 0.3168
2 398 0.1794
2 399 0.2388
2 400 0.3331
2 402 0.1651
2 403 0.2101
2 404 0.1975
2 406 0.2088
2 407 0.1947
2 408 0.1603
2 409 0.1871
2 410 0.1668
2 411 0.2559
2 412 0.1616
2 413 0.1806
2 414 0.2088
2 415 0.2534
2 418 0.2031
2 419 0.1479
2 420 0.1870
2 421 0.1479
2 423 0.2474
2 424 0.2449
2 425 0.1895
2 427 0.2095
2 428 0.1347
2 431 0.1665
2 432 0.1651
2 433 0.2141
2 434 0.2464
2 436 0.3364
2 438 0.2134
2 439 0.2301
2 441 0.1894
2 442 0.2516
2 445 0.1823
2 447 0.2224
2 448 0.2621
2 449 0.2060
2 450 0.2806
2 451 0.2019
2 452 0.1912
2 453 0.1817
2 454 0.2138
2 455 0.2810
2 456 0.1479
2 457 0.1870
2 458 0.1830
2 459 0.2471
2 460 0.3020
2 461 0.2594
2 462 0.2095
2 463 0.3920
2 464 0.2523
2 465 0.1947
2 466 0.2027
2 467 0.1984
2 468 0.2463
2 470 0.1919
2 471 0.1948
2 472 0.1905
2 474 0.1651
2 475 0.2272
2 476 0.1721
2 478 0.3251
2 479 0.2095
2 480 0.2519
2 481 0.2479
2 482 0.1651
2 484 0.1713
2 485 0.1605
2 487 0.1479
2 488 0.1914
2 489 0.2436
2 490 0.2788
2 491 0.1646
2 492 0.2095
2 493 0.1964
2 494 0.1651
2 495 0.3127
2 496 0.1242
2 497 0.2120
2 498 0.2841
2 499 0.1552
2 500 0.2088
2 501 0.2982
2 502 0.1805
2 503 0.2095
2 504 0.2014
2 505 0.1575
2 506 0.1669
2 507 0.1947
2 508 0.2871
2 509 0.1668
2 511 0.2641
2 513 0.1752
2 514 0.3396
2 515 0.2014
2 516 0.2068
2 517 0.1681
2 518 0.1870
2 519 0.2088
2 520 0.1955
2 521 0.1752
2 522 0.1918
2 523 0.1130
2 526 0.2474
2 527 0.1810
2 528 0.2163
2 530 0.1651
2 531 0.1699
2 534 0.2653
2 535 0.1975
2 536 0.1948
2 537 0.2109
2 538 0.2088
2 539 0.2095
2 540 0.2597
2 541 0.2753
2 542 0.1809
2 543 0.1870
2 544 0.1532
2 545 0.2700
2 546 0.1870
2 547 0.1870
2 548 0.3595
2 549 0.1870
2 551 0.1479
2 552 0.2234
2 553 0.2076
2 554 0.1611
2 555 0.2636
2 556 0.1479
2 558 0.3871
2 559 0.1603
2 560 0.1999
2 561 0.1916
2 562 0.2626
2 563 0.2029
2 564 0.2181
2 565 0.2357
2 568 0.2037
2 569 0.2854
2 570 0.2061
2 571 0.2487
2 572 0.2469
2 573 0.2510
2 574 0.1876
2 575 0.2302
2 576 0.1890
2 577 0.1907
2 578 0.1604
2 579 0.4323
2 581 0.2665
2 582 0.2331
2 583 0.2656
2 584 0.1887
2 585 0.3034
2 587 0.2774
2 589 0.1896
2 590 0.2101
2 592 0.2038
2 593 0.2401
2 594 0.2343
2 599 0.3002
2 600 0.2482
2 601 0.1981
2 602 0.1633
2 605 0.2088
2 606 0.2095
2 607 0.2416
2 608 0.1290
2 609 0.2563
2 610 0.2662
2 612 0.2098
2 613 0.1316
2 614 0.1839
2 617 0.1349
2 618 0.1369
2 619 0.1841
2 621 0.1819
2 622 0.1479
2 623 0.3251
2 625 0.1620
2 626 0.1964
2 627 0.2284
2 628 0.1921
2 629 0.3034
2 631 0.2488
2 632 0.1924
2 633 0.1924
2 634 0.2076
2 635 0.2171
2 636 0.2088
2 637 0.2503
2 638 0.1918
2 639 0.2132
2 640 0.1611
2 641 0.3744
2 642 0.2713
2 643 0.2147
2 644 0.1367
2 645 0.1604
2 646 0.2049
2 648 0.1907
2 649 0.2422
2 650 0.2674
2 651 0.1009
2 652 0.2147
2 653 0.2130
2 655 0.1740
2 656 0.1644
2 657 0.1506
2 658 0.2110
2 659 0.2076
2 660 0.2436
2 661 0.2693
2 662 0.2734
2 663 0.2088
2 664 0.2638
2 666 0.2242
2 668 0.1611
2 669 0.1651
2 671 0.2836
2 672 0.1543
2 673 0.2078
2 674 0.2150
2 676 0.2766
2 677 0.1651
2 678 0.2348
2 679 0.1862
2 680 0.2093
2 683 0.2095
2 684 0.1711
2 685 0.2357
2 686 0.1479
2 687 0.1479
2 688 0.1839
2 689 0.2402
2 690 0.1805
2 691 0.2615
2 692 0.2100
2 693 0.2036
2 694 0.1919
2 695 0.3474
2 696 0.1639
2 697 0.3527
2 698 0.2063
2 699 0.1611
2 700 0.2532
2 702 0.2332
2 703 0.1718
2 704 0.1880
2 705 0.1582
2 706 0.2052
2 707 0.2795
2 708 0.2436
2 709 0.4211
2 710 0.2084
2 711 0.2111
2 712 0.1966
2 713 0.1467
2 714 0.1668
2 716 0.2088
2 717 0.1360
2 718 0.2732
2 721 0.2728
2 722 0.1957
2 723 0.2436
2 724 0.1651
2 726 0.2776
2 727 0.2095
2 728 0.2324
2 729 0.1175
2 731 0.2144
2 732 0.2297
2 733 0.1870
2 734 0.1624
2 735 0.1739
2 736 0.1989
2 737 0.1859
2 738 0.1990
2 740 0.1805
2 741 0.1906
2 742 0.2353
2 743 0.1949
2 744 0.1905
2 745 0.2357
2 746 0.1870
2 747 0.2088
2 748 0.2191
2 750 0.2524
2 751 0.2401
2 752 0.2075
2 753 0.2211
2 754 0.1651
2 755 0.1877
2 756 0.2593
2 758 0.3721
2 759 0.1731
2 760 0.2345
2 761 0.3939
2 762 0.2248
2 763 0.3657
2 764 0.3217
2 766 0.2244
2 767 0.2436
2 768 0.2203
2 769 0.1303
2 770 0.2319
2 771 0.1152
2 772 0.1870
2 773 0.1479
2 775 0.1913
2 776 0.1882
2 777 0.1766
2 778 0.2347
2 780 0.2401
2 781 0.1870
2 782 0.2735
2 783 0.3162
2 784 0.1443
2 785 0.2592
2 786 0.1822
2 787 0.1413
2 789 0.2291
2 792 0.2064
2 793 0.1905
2 794 0.2500
2 796 0.1918
2 797 0.2681
2 799 0.1682
2 801 0.2297
2 802 0.1651
2 803 0.1305
2 804 0.2240
2 805 0.2330
2 806 0.1809
2 807 0.2088
2 808 0.2528
2 809 0.2606
2 810 0.2167
2 811 0.2019
2 813 0.2809
2 814 0.1988
2 815 0.1921
2 816 0.3586
2 817 0.1792
2 818 0.2432
2 819 0.1231
2 820 0.2088
2 821 0.1921
2 822 0.2269
2 823 0.2032
2 824 0.2436
2 825 0.2021
2 827 0.2950
2 828 0.1839
2 829 0.2095
2 830 0.2323
2 831 0.1712
2 832 0.3580
2 833 0.2420
2 834 0.2440
2 835 0.2174
2 836 0.3172
2 838 0.1868
2 839 0.1839
2 840 0.2436
2 841 0.3939
2 842 0.1870
2 843 0.2083
2 845 0.2236
2 846 0.1854
2 848 0.3594
2 849 0.2259
2 851 0.2235
2 853 0.2878
2 855 0.2088
2 856 0.2095
2 858 0.2076
2 860 0.1565
2 861 0.2776
2 862 0.2095
2 864 0.1868
2 865 0.2261
2 866 0.3321
2 867 0.1638
2 868 0.3034
2 869 0.1119
2 870 0.1729
2 871 0.2038
2 872 0.2275
2 876 0.3145
2 877 0.1651
2 878 0.2681
2 880 0.2313
2 881 0.1639
2 882 0.1482
2 883 0.2118
2 884 0.2095
2 885 0.2752
2 886 0.1413
2 887 0.1873
2 888 0.1947
2 889 0.1911
2 890 0.1918
2 891 0.3283
2 893 0.2344
2 894 0.2243
2 895 0.2122
2 896 0.1870
2 897 0.1479
2 898 0.1953
2 900 0.2206
2 901 0.2025
2 903 0.2412
2 905 0.2244
2 907 0.2095
2 908 0.1993
2 909 0.1866
2 911 0.1870
2 912 0.2401
2 913 0.4211
2 914 0.2525
2 915 0.2008
2 918 0.3586
2 919 0.2185
2 920 0.2138
2 921 0.1591
2 922 0.2675
2 924 0.2677
2 928 0.2088
2 929 0.1870
2 930 0.1436
2 933 0.2753
2 934 0.1839
2 935 0.1942
2 936 0.2261
2 938 0.2244
2 940 0.2211
2 941 0.2753
2 942 0.1490
2 943 0.2457
2 946 0.2000
2 947 0.2750
2 951 0.2474
2 952 0.2088
2 953 0.2136
2 954 0.2095
2 955 0.2043
2 956 0.2432
2 958 0.2095
2 959 0.1918
2 960 0.2120
2 961 0.1479
2 962 0.1479
2 963 0.3871
2 964 0.1651
2 965 0.1890
2 966 0.2755
2 967 0.1651
2 968 0.2406
2 971 0.2456
2 972 0.1870
2 973 0.1999
2 974 0.2145
2 975 0.1479
2 976 0.1723
2 977 0.1479
2 978 0.2088
2 979 0.1930
2 980 0.2474
2 981 0.2171
2 983 0.1788
2 984 0.2616
2 986 0.1675
2 987 0.2826
2 989 0.2538
2 990 0.2194
2 992 0.2088
2 993 0.2150
2 994 0.2135
2 995 0.1871
2 996 0.1870
2 999 0.1939
2 1001 0.2088
2 1002 0.1977
2 1003 0.2107
2 1004 0.1930
2 1006 0.2088
2 1007 0.2420
2 1008 0.2734
2 1010 0.2063
2 1013 0.2436
2 1014 0.1951
2 1015 0.1951
2 1016 0.1932
2 1017 0.1459
2 1018 0.1870
2 1019 0.2436
2 1020 0.2533
2 1022 0.1675
2 1024 0.1705
2 1025 0.2088
2 1026 0.1322
2 1027 0.1806
2 1029 0.2320
2 1030 0.2277
2 1032 0.2095
2 1033 0.2088
2 1035 0.1957
2 1036 0.1638
2 1037 0.4180
2 1040 0.3148
2 1041 0.1636
2 1042 0.2527
2 1043 0.2021
2 1045 0.2841
2 1046 0.2075
2 1047 0.2767
2 1048 0.2509
2 1049 0.1890
2 1050 0.1654
2 1052 0.2095
2 1053 0.1789
2 1055 0.1479
2 1056 0.2532
2 1057 0.2088
2 1058 0.3074
2 1059 0.2031
2 1060 0.2232
2 1061 0.3988
2 1062 0.1651
2 1063 0.2655
2 1065 0.2303
2 1066 0.3602
2 1067 0.2594
2 1068 0.1894
2 1069 0.2734
2 1070 0.1743
2 1072 0.2401
2 1075 0.3508
2 1076 0.2436
2 1077 0.2809
2 1079 0.2119
2 1080 0.1651
2 1081 0.1201
2 1082 0.2510
2 1083 0.3065
2 1084 0.2095
2 1087 0.2088
2 1089 0.2326
2 1090 0.1701
2 1093 0.2809
2 1094 0.2201
2 1095 0.1651
2 1096 0.1823
2 1097 0.2095
2 1099 0.2221
2 1102 0.1369
2 1103 0.2673
2 1104 0.3072
2 1105 0.2010
2 1106 0.1866
2 1107 0.3527
2 1108 0.3162
2 1110 0.2095
2 1111 0.1427
2 1113 0.2809
2 1115 0.2436
2 1116 0.3595
2 1117 0.2283
2 1118 0.3403
2 1119 0.1651
2 1122 0.2088
2 1123 0.2753
2 1125 0.2741
2 1126 0.2088
2 1127 0.1637
2 1128 0.1742
2 1129 0.2273
2 1130 0.2347
2 1134 0.1870
2 1135 0.2397
2 1138 0.2612
2 1141 0.1608
2 1142 0.1870
2 1146 0.1479
2 1147 0.1611
2 1150 0.1580
2 1151 0.2682
2 1152 0.3682
2 1153 0.1862
2 1154 0.1947
2 1157 0.2261
2 1158 0.1839
2 1160 0.1434
2 1161 0.1870
2 1162 0.2304
2 1163 0.1921
2 1165 0.2076
2 1166 0.2753
2 1167 0.2728
2 1169 0.2475
2 1172 0.1870
2 1176 0.2915
2 1177 0.1870
2 1180 0.1935
2 1182 0.3240
2 1185 0.1607
2 1186 0.2669
2 1187 0.1217
2 1188 0.1651
2 1189 0.2171
2 1193 0.1926
2 1194 0.1611
2 1195 0.2734
2 1196 0.2375
2 1199 0.2472
2 1200 0.2499
2 1201 0.2088
2 1202 0.1896
2 1203 0.3103
2 1204 0.1732
2 1205 0.2088
2 1206 0.3131
2 1208 0.2606
2 1209 0.1870
2 1210 0.2940
2 1211 0.2217
2 1212 0.2753
2 1213 0.2435
2 1216 0.2095
2 1217 0.2410
2 1218 0.3506
2 1219 0.1651
2 1220 0.1870
2 1221 0.3276
2 1223 0.2081
2 1225 0.2172
2 1226 0.3363
2 1227 0.2448
2 1228 0.2095
2 1229 0.1668
2 1230 0.2095
2 1231 0.2228
2 1235 0.2734
2 1236 0.1870
2 1237 0.2132
2 1238 0.1870
2 1240 0.2795
2 1241 0.2474
2 1242 0.2829
2 1244 0.2095
2 1247 0.3279
2 1248 0.2681
2 1249 0.1479
2 1250 0.3168
2 1251 0.1904
2 1252 0.3974
2 1253 0.1870
2 1254 0.2436
2 1256 0.2554
2 1257 0.1870
2 1258 0.2219
2 1259 0.2088
2 1260 0.1533
2 1262 0.2543
2 1263 0.2219
2 1265 0.1770
2 1266 0.2171
2 1267 0.1870
2 1269 0.3620
2 1270 0.2023
2 1271 0.2895
2 1272 0.2436
2 1274 0.1870
2 1275 0.1811
2 1276 0.1466
2 1278 0.2436
2 1279 0.1867
2 1280 0.2880
2 1281 0.1312
2 1282 0.1870
2 1283 0.1712
2 1284 0.1473
2 1286 0.2556
2 1287 0.1918
2 1288 0.2095
2 1289 0.2020
2 1291 0.1993
2 1292 0.2021
2 1293 0.1611
2 1296 0.1870
2 1298 0.1926
2 1299 0.2109
2 1300 0.1870
2 1301 0.2343
2 1303 0.2093
2 1304 0.2088
2 1305 0.1571
2 1306 0.1788
2 1308 0.2728
2 1309 0.2088
2 1310 0.3080
2 1311 0.1479
2 1313 0.2095
2 1315 0.1651
2 1316 0.1968
2 1322 0.1752
2 1323 0.3400
2 1326 0.2753
2 1327 0.1870
2 1329 0.2088
2 1330 0.2200
2 1331 0.2448
2 1333 0.3586
2 1335 0.2670
2 1336 0.2878
2 1337 0.2474
2 1339 0.1384
2 1340 0.1539
2 1342 0.2070
2 1343 0.2474
2 1344 0.3508
2 1346 0.2274
2 1348 0.2095
2 1349 0.3595
2 1350 0.2088
2 1353 0.1479
2 1355 0.2284
2 1356 0.2095
2 1360 0.1648
2 1361 0.1868
2 1362 0.1839
2 1363 0.2095
2 1364 0.2803
2 1367 0.3698
2 1368 0.2753
2 1369 0.3605
2 1370 0.2128
2 1372 0.1405
2 1374 0.1870
2 1376 0.2095
2 1377 0.1870
2 1379 0.1651
2 1380 0.2088
2 1381 0.1870
2 1384 0.1479
2 1386 0.1918
2 1387 0.2304
2 1388 0.2789
2 1389 0.2454
2 1390 0.2436
2 1393 0.1479
2 1394 0.1870
2 1395 0.1870
2 1396 0.3097
2 1397 0.2699
2 1398 0.1994
2 1401 0.2436
2 1402 0.3508
2 1405 0.1651
2 1406 0.1794
2 1408 0.2308
2 1409 0.2353
2 1411 0.2095
2 1412 0.1870
2 1415 0.1870
2 1416 0.2188
2 1418 0.3114
2 1419 0.2479
2 1421 0.1640
2 1423 0.2490
2 1424 0.2088
2 1425 0.2753
2 1426 0.1526
2 1427 0.1886
2 1428 0.1479
2 1431 0.1855
2 1434 0.2213
2 1435 0.2024
2 1436 0.1651
2 1437 0.1578
2 1438 0.1997
2 1439 0.2604
2 1440 0.1904
2 1441 0.1065
2 1445 0.2323
2 1446 0.2284
2 1448 0.2095
2 1449 0.2436
2 1451 0.2088
2 1452 0.1994
2 1453 0.2095
2 1456 0.1918
2 1457 0.1651
2 1458 0.2436
2 1460 0.1496
2 1462 0.2173
2 1463 0.2171
2 1464 0.2210
2 1465 0.2095
2 1466 0.1532
2 1472 0.3342
2 1473 0.2436
2 1476 0.2095
2 1477 0.1651
2 1479 0.1762
2 1482 0.2095
2 1484 0.2766
2 1485 0.2612
2 1490 0.2095
2 1491 0.2177
2 1493 0.1584
2 1494 0.2246
2 1497 0.2095
2 1499 0.2095
2 1500 0.1809
2 1503 0.2543
2 1504 0.2734
2 1505 0.1870
2 1506 0.2095
2 1507 0.2088
2 1508 0.2088
2 1510 0.2088
2 1512 0.1870
2 1513 0.2475
2 1516 0.3051
2 1517 0.1839
2 1518 0.1948
2 1519 0.1941
2 1520 0.2008
2 1522 0.2459
2 1523 0.1479
2 1525 0.1480
2 1526 0.1157
2 1527 0.2562
2 1529 0.3667
2 1530 0.1655
2 1532 0.1752
2 1534 0.2095
2 1535 0.2088
2 1536 0.3331
2 1538 0.2159
2 1540 0.1479
2 1541 0.2401
2 1542 0.1838
2 1544 0.2161
2 1545 0.2088
2 1547 0.1632
2 1548 0.2665
2 1549 0.2093
2 1551 0.1920
2 1554 0.1870
2 1555 0.2088
2 1566 0.1543
2 1567 0.3193
2 1568 0.1356
2 1570 0.3114
2 1571 0.2172
2 1573 0.2454
2 1574 0.2095
2 1577 0.2088
2 1578 0.2088
2 1580 0.1435
2 1581 0.2088
2 1582 0.1651
2 1583 0.2088
2 1585 0.1727
2 1588 0.1662
2 1591 0.1959
2 1592 0.2474
2 1593 0.2455
2 1595 0.1473
2 1596 0.2286
2 1598 0.1870
2 1599 0.2436
2 1601 0.2095
2 1603 0.2612
2 1604 0.2088
2 1606 0.2661
2 1608 0.5038
2 1609 0.1963
2 1610 0.2728
2 1611 0.2095
2 1613 0.2862
2 1614 0.1479
2 1616 0.2436
2 1618 0.2130
2 1619 0.2571
2 1621 0.3252
2 1622 0.2145
2 1623 0.2878
2 1624 0.1702
2 1626 0.3586
2 1628 0.2088
2 1629 0.1839
2 1630 0.2474
2 1632 0.1839
2 1633 0.2076
2 1634 0.2511
2 1636 0.3400
2 1637 0.1620
2 1639 0.1479
2 1640 0.2507
2 1641 0.1986
2 1642 0.1870
2 1643 0.2095
2 1646 0.3168
2 1647 0.1479
2 1649 0.2088
2 1650 0.2088
2 1652 0.1479
2 1653 0.2171
2 1654 0.1651
2 1655 0.1870
2 1660 0.1557
2 1661 0.1870
2 1662 0.2474
2 1663 0.2440
2 1664 0.3508
2 1666 0.2095
2 1667 0.3321
2 1668 0.1566
2 1669 0.2168
2 1673 0.2436
2 1674 0.1597
2 1675 0.2088
2 1676 0.1651
2 1678 0.2077
2 1679 0.2047
2 1681 0.1479
2 1682 0.2766
2 1683 0.2823
2 1684 0.2088
2 1685 0.1870
2 1686 0.1651
2 1687 0.2018
2 1688 0.1870
2 1689 0.2228
2 1691 0.1953
2 1692 0.2051
2 1693 0.1552
2 1694 0.1524
2 1697 0.1961
2 1699 0.1139
2 1700 0.2976
2 1701 0.1494
2 1702 0.1124
2 1705 0.2317
2 1706 0.1914
2 1707 0.1934
2 1708 0.1905
2 1709 0.1554
2 1711 0.1540
2 1712 0.2170
2 1713 0.1886
2 1714 0.2315
2 1715 0.2432
2 1717 0.2298
2 1718 0.2632
2 1719 0.2088
2 1726 0.2095
2 1728 0.1185
3 4 0.9628
3 5 0.2458
3 6 0.2107
3 7 0.1742
3 8 0.2520
3 9 0.1851
3 10 0.8750
3 11 0.1202
3 12 0.2292
3 13 0.1945
3 14 0.3518
3 15 0.8052
3 16 0.1934
3 17 0.1882
3 18 0.2775
3 19 0.1630
3 20 0.3782
3 21 0.5204
3 22 0.1902
3 23 0.6864
3 24 0.2162
3 25 0.2179
3 26 0.2095
3 27 0.1759
3 28 0.9381
3 29 0.7005
3 30 0.9334
3 31 0.9372
3 32 0.1733
3 33 0.2665
3 34 0.1783
3 35 0.4640
3 36 0.9160
3 37 0.6838
3 38 0.2049
3 39 0.4642
3 40 0.1999
3 41 0.2510
3 42 0.2185
3 43 0.2240
3 44 0.1959
3 45 0.5459
3 46 0.8742
3 47 0.2170
3 48 0.1893
3 49 0.3136
3 50 0.8781
3 51 0.2307
3 52 0.8534
3 53 0.7584
3 54 0.9396
3 55 0.2006
3 56 0.2746
3 57 0.1585
3 58 0.3921
3 59 0.2144
3 60 0.9238
3 61 0.2362
3 62 0.1626
3 63 0.2206
3 64 0.2015
3 65 0.2089
3 66 0.6921
3 67 0.2097
3 68 0.5392
3 69 0.6312
3 70 0.1908
3 71 0.2073
3 72 0.6827
3 73 0.2900
3 74 0.1875
3 75 0.1593
3 76 0.2325
3 77 0.2887
3 78 0.2443
3 79 0.1940
3 80 0.1974
3 81 0.2053
3 82 0.7683
3 83 0.7615
3 84 0.2336
3 85 0.2196
3 86 0.5944
3 87 0.1878
3 88 0.8815
3 89 0.6877
3 90 0.3133
3 91 0.9222
3 92 0.9324
3 93 0.5233
3 94 0.1823
3 95 0.2124
3 96 0.7825
3 97 0.1165
3 98 0.8986
3 99 0.2092
3 100 0.1913
3 101 0.8691
3 102 0.1990
3 103 0.2505
3 104 0.1801
3 105 0.1983
3 106 0.1732
3 107 0.1865
3 108 0.3615
3 109 0.1644
3 110 0.1615
3 111 0.8340
3 112 0.2665
3 113 0.1555
3 114 0.7734
3 115 0.2438
3 116 0.2240
3 117 0.8582
3 119 0.2055
3 120 0.2187
3 121 0.1969
3 122 0.4321
3 123 0.7266
3 125 0.7318
3 126 0.2225
3 128 0.2153
3 129 0.2208
3 130 0.1958
3 131 0.2132
3 132 0.4715
3 133 0.4388
3 134 0.3141
3 135 0.6157
3 136 0.2649
3 137 0.2613
3 138 0.2301
3 139 0.5334
3 140 0.2375
3 142 0.2107
3 143 0.2217
3 144 0.6936
3 145 0.4240
3 146 0.2065
3 147 0.1939
3 148 0.1561
3 149 0.2398
3 150 0.1873
3 151 0.2295
3 152 0.2057
3 153 0.2198
3 154 0.2215
3 156 0.2494
3 157 0.7443
3 158 0.5422
3 159 0.2323
3 160 0.8726
3 161 0.1963
3 162 0.9445
3 163 0.2025
3 164 0.7027
3 165 0.1779
3 166 0.7471
3 167 0.5300
3 168 0.7466
3 169 0.2079
3 170 0.2543
3 171 0.0748
3 172 0.2722
3 173 0.1900
3 174 0.6355
3 175 0.2386
3 176 0.2059
3 177 0.2665
3 178 0.2409
3 179 0.1980
3 180 0.1583
3 182 0.2487
3 183 0.1238
3 184 0.2025
3 185 0.2503
3 186 0.1539
3 187 0.2600
3 188 0.1679
3 189 0.7460
3 190 0.6252
3 191 0.2441
3 192 0.2042
3 193 0.2023
3 194 0.8375
3 195 0.2928
3 196 0.8144
3 197 0.2213
3 198 0.1521
3 199 0.1924
3 200 0.3804
3 201 0.1843
3 202 0.2494
3 203 0.2665
3 204 0.2396
3 206 0.8153
3 208 0.1976
3 209 0.1900
3 210 0.2042
3 211 0.2021
3 212 0.2545
3 213 0.2494
3 214 0.1790
3 215 0.2146
3 216 0.1904
3 217 0.1523
3 218 0.1696
3 219 0.1351
3 221 0.7707
3 223 0.2887
3 224 0.3413
3 225 0.6461
3 226 0.1876
3 227 0.6212
3 228 0.4794
3 229 0.2014
3 230 0.2291
3 231 0.4553
3 232 0.2050
3 233 0.1951
3 234 0.4239
3 235 0.2191
3 236 0.1927
3 237 0.1865
3 238 0.2035
3 239 0.2229
3 240 0.8326
3 242 0.2228
3 243 0.3104
3 244 0.7143
3 245 0.2117
3 246 0.6117
3 247 0.4981
3 248 0.6159
3 249 0.6167
3 250 0.1997
3 251 0.4861
3 252 0.2665
3 253 0.7308
3 254 0.2300
3 255 0.2495
3 256 0.3138
3 257 0.7135
3 258 0.1933
3 260 0.2020
3 262 0.1842
3 263 0.8217
3 264 0.9436
3 265 0.2462
3 266 0.3313
3 267 0.4896
3 268 0.2665
3 269 0.2348
3 270 0.6949
3 272 0.1875
3 274 0.8096
3 275 0.3169
3 276 0.1997
3 277 0.1956
3 278 0.1897
3 279 0.1565
3 280 0.6402
3 281 0.2665
3 282 0.4743
3 283 0.8161
3 284 0.2888
3 285 0.7371
3 286 0.2101
3 287 0.9152
3 288 0.6305
3 289 0.4525
3 290 0.9161
3 291 0.1735
3 292 0.3300
3 293 0.4562
3 294 0.2045
3 295 0.2386
3 296 0.2514
3 297 0.2055
3 298 0.6194
3 299 0.2665
3 300 0.1975
3 301 0.5116
3 303 0.6564
3 304 0.1336
3 306 0.2022
3 307 0.2348
3 308 0.7316
3 309 0.7958
3 310 0.1972
3 311 0.6117
3 312 0.6279
3 313 0.2020
3 314 0.2154
3 315 0.2009
3 316 0.4656
3 317 0.2065
3 319 0.1884
3 320 0.1836
3 321 0.2348
3 322 0.5296
3 323 0.2208
3 324 0.1891
3 326 0.2329
3 327 0.2242
3 328 0.2009
3 330 0.2138
3 331 0.2096
3 332 0.4548
3 333 0.5371
3 334 0.1962
3 336 0.5585
3 337 0.8116
3 338 0.2111
3 339 0.2536
3 340 0.1801
3 341 0.1903
3 342 0.1439
3 343 0.5326
3 344 0.2086
3 346 0.3243
3 347 0.1562
3 348 0.2268
3 349 0.2787
3 350 0.1807
3 351 0.1991
3 352 0.4006
3 353 0.2020
3 354 0.6774
3 356 0.2020
3 357 0.2019
3 358 0.3246
3 359 0.7904
3 361 0.2261
3 362 0.2476
3 363 0.2228
3 364 0.2475
3 366 0.2224
3 367 0.7201
3 368 0.2041
3 369 0.2166
3 370 0.7846
3 371 0.1869
3 372 0.1629
3 373 0.2045
3 374 0.3601
3 375 0.1672
3 376 0.1875
3 377 0.1544
3 378 0.2494
3 379 0.2531
3 380 0.2645
3 381 0.1994
3 383 0.5644
3 384 0.1684
3 385 0.2228
3 386 0.2076
3 387 0.4716
3 388 0.2629
3 389 0.2065
3 390 0.1984
3 391 0.1973
3 392 0.1373
3 393 0.6843
3 394 0.6653
3 395 0.1886
3 396 0.2364
3 397 0.1956
3 398 0.2099
3 399 0.2094
3 400 0.2317
3 402 0.2065
3 403 0.1839
3 404 0.2152
3 406 0.2665
3 407 0.1956
3 408 0.1702
3 409 0.1871
3 410 0.2062
3 411 0.7202
3 412 0.2077
3 413 0.2216
3 414 0.2665
3 415 0.2294
3 418 0.1786
3 419 0.2348
3 420 0.4287
3 421 0.2348
3 423 0.2245
3 424 0.5732
3 425 0.1924
3 427 0.2494
3 428 0.8812
3 431 0.3590
3 432 0.2065
3 433 0.2213
3 434 0.7914
3 436 0.2129
3 438 0.2141
3 439 0.7063
3 441 0.2193
3 442 0.2233
3 445 0.3500
3 447 0.9095
3 448 0.2079
3 449 0.2103
3 450 0.7143
3 451 0.8021
3 452 0.1920
3 453 0.3527
3 454 0.2125
3 455 0.2648
3 456 0.2348
3 457 0.2208
3 458 0.5763
3 459 0.2137
3 460 0.2559
3 461 0.2103
3 462 0.2494
3 463 0.3770
3 464 0.2183
3 465 0.4509
3 466 0.2083
3 467 0.7584
3 468 0.2011
3 470 0.1919
3 471 0.1953
3 472 0.1533
3 474 0.2065
3 475 0.2377
3 476 0.2779
3 478 0.2020
3 479 0.2494
3 480 0.6402
3 481 0.7394
3 482 0.3799
3 484 0.2367
3 485 0.1592
3 487 0.2348
3 488 0.1914
3 489 0.2107
3 490 0.7776
3 491 0.1717
3 492 0.2494
3 493 0.6172
3 494 0.3799
3 495 0.8811
3 496 0.1875
3 497 0.2275
3 498 0.1259
3 499 0.1989
3 500 0.2665
3 501 0.2025
3 502 0.2025
3 503 0.2494
3 504 0.6807
3 505 0.2285
3 506 0.2277
3 507 0.1965
3 508 0.2186
3 509 0.4287
