1186 1685 0.1941
1186 1686 0.1795
1186 1687 0.4833
1186 1688 0.1941
1186 1689 0.2238
1186 1691 0.1679
1186 1692 0.1742
1186 1693 0.1654
1186 1694 0.1827
1186 1697 0.1965
1186 1699 0.1990
1186 1700 0.1996
1186 1701 0.1632
1186 1702 0.2021
1186 1705 0.2082
1186 1706 0.1939
1186 1707 0.2021
1186 1708 0.1643
1186 1709 0.5923
1186 1711 0.1972
1186 1712 0.2245
1186 1713 0.1950
1186 1714 0.2664
1186 1715 0.1716
1186 1717 0.2852
1186 1718 0.1594
1186 1719 0.2669
1186 1726 0.2082
1186 1728 0.1527
1187 1188 0.1701
1187 1189 0.2657
1187 1193 0.7563
1187 1194 0.3365
1187 1195 0.1790
1187 1196 0.3397
1187 1199 0.1982
1187 1200 0.1704
1187 1201 0.2407
1187 1202 0.1775
1187 1203 0.3232
1187 1204 0.1937
1187 1205 0.2657
1187 1206 0.3707
1187 1208 0.5533
1187 1209 0.1790
1187 1210 0.2293
1187 1211 0.3948
1187 1212 0.3250
1187 1213 0.1778
1187 1216 0.2115
1187 1217 0.1948
1187 1218 0.1893
1187 1219 0.1701
1187 1220 0.1790
1187 1221 0.2169
1187 1223 0.1596
1187 1225 0.2172
1187 1226 0.2331
1187 1227 0.1715
1187 1228 0.3195
1187 1229 0.1727
1187 1230 0.3365
1187 1231 0.1715
1187 1235 0.2080
1187 1236 0.1790
1187 1237 0.1790
1187 1238 0.1790
1187 1240 0.2258
1187 1241 0.1761
1187 1242 0.2167
1187 1244 0.2115
1187 1247 0.1691
1187 1248 0.1881
1187 1249 0.2407
1187 1250 0.1735
1187 1251 0.1781
1187 1252 0.2532
1187 1253 0.1701
1187 1254 0.2844
1187 1256 0.2158
1187 1257 0.1790
1187 1258 0.3459
1187 1259 0.2657
1187 1260 0.1673
1187 1262 0.4261
1187 1263 0.1556
1187 1265 0.1774
1187 1266 0.2538
1187 1267 0.1790
1187 1269 0.2356
1187 1270 0.3161
1187 1271 0.1914
1187 1272 0.1714
1187 1274 0.1790
1187 1275 0.2090
1187 1276 0.1780
1187 1278 0.2844
1187 1279 0.4347
1187 1280 0.1914
1187 1281 0.1496
1187 1282 0.1790
1187 1283 0.2009
1187 1284 0.1482
1187 1286 0.1843
1187 1287 0.1509
1187 1288 0.2115
1187 1289 0.1458
1187 1291 0.1778
1187 1292 0.2017
1187 1293 0.1573
1187 1296 0.1790
1187 1298 0.1917
1187 1299 0.1320
1187 1300 0.1790
1187 1301 0.1769
1187 1303 0.2039
1187 1304 0.2657
1187 1305 0.1531
1187 1306 0.1543
1187 1308 0.2140
1187 1309 0.2657
1187 1310 0.1702
1187 1311 0.2407
1187 1313 0.2115
1187 1315 0.1701
1187 1316 0.1965
1187 1322 0.1614
1187 1323 0.1904
1187 1326 0.1905
1187 1327 0.1790
1187 1329 0.2657
1187 1330 0.4003
1187 1331 0.1685
1187 1333 0.1946
1187 1335 0.3286
1187 1336 0.1767
1187 1337 0.1761
1187 1339 0.1628
1187 1340 0.1655
1187 1342 0.2063
1187 1343 0.1761
1187 1344 0.2052
1187 1346 0.1854
1187 1348 0.2115
1187 1349 0.3654
1187 1350 0.2657
1187 1353 0.2407
1187 1355 0.2823
1187 1356 0.2115
1187 1360 0.1593
1187 1361 0.1691
1187 1362 0.1959
1187 1363 0.2115
1187 1364 0.1733
1187 1367 0.1814
1187 1368 0.1905
1187 1369 0.9015
1187 1370 0.2325
1187 1372 0.1718
1187 1374 0.1790
1187 1376 0.2115
1187 1377 0.1790
1187 1379 0.1701
1187 1380 0.2657
1187 1381 0.1790
1187 1384 0.2407
1187 1386 0.1799
1187 1387 0.3456
1187 1388 0.1774
1187 1389 0.1930
1187 1390 0.1714
1187 1393 0.2407
1187 1394 0.2976
1187 1395 0.1790
1187 1396 0.3464
1187 1397 0.1783
1187 1398 0.2172
1187 1401 0.2844
1187 1402 0.2052
1187 1405 0.1701
1187 1406 0.3987
1187 1408 0.1610
1187 1409 0.1711
1187 1411 0.2115
1187 1412 0.1790
1187 1415 0.1790
1187 1416 0.1763
1187 1418 0.3963
1187 1419 0.5644
1187 1421 0.7521
1187 1423 0.6820
1187 1424 0.2657
1187 1425 0.3266
1187 1426 0.1885
1187 1427 0.7632
1187 1428 0.2407
1187 1431 0.8404
1187 1434 0.9657
1187 1435 0.8603
1187 1436 0.1701
1187 1437 0.7903
1187 1438 0.5562
1187 1439 0.4300
1187 1440 0.8070
1187 1441 0.7595
1187 1445 0.3185
1187 1446 0.2827
1187 1448 0.2115
1187 1449 0.1714
1187 1451 0.2657
1187 1452 0.2172
1187 1453 0.2115
1187 1456 0.2140
1187 1457 0.1701
1187 1458 0.1714
1187 1460 0.1628
1187 1462 0.1823
1187 1463 0.1761
1187 1464 0.1817
1187 1465 0.2115
1187 1466 0.1648
1187 1472 0.1840
1187 1473 0.1714
1187 1476 0.2115
1187 1477 0.1701
1187 1479 0.1994
1187 1482 0.2115
1187 1484 0.1723
1187 1485 0.1857
1187 1490 0.2115
1187 1491 0.1657
1187 1493 0.1824
1187 1494 0.1798
1187 1497 0.2115
1187 1499 0.2115
1187 1500 0.1911
1187 1503 0.2042
1187 1504 0.2080
1187 1505 0.1790
1187 1506 0.2115
1187 1507 0.2657
1187 1508 0.2657
1187 1510 0.2657
1187 1512 0.1790
1187 1513 0.1792
1187 1516 0.2245
1187 1517 0.1959
1187 1518 0.1808
1187 1519 0.1937
1187 1520 0.2027
1187 1522 0.1611
1187 1523 0.2407
1187 1525 0.1825
1187 1526 0.1745
1187 1527 0.1697
1187 1529 0.3380
1187 1530 0.1969
1187 1532 0.1614
1187 1534 0.2115
1187 1535 0.2657
1187 1536 0.1997
1187 1538 0.1376
1187 1540 0.2407
1187 1541 0.1681
1187 1542 0.1568
1187 1544 0.1685
1187 1545 0.2657
1187 1547 0.1883
1187 1548 0.1688
1187 1549 0.1613
1187 1551 0.1675
1187 1554 0.1790
1187 1555 0.2657
1187 1566 0.1723
1187 1567 0.1986
1187 1568 0.1668
1187 1570 0.3963
1187 1571 0.2725
1187 1573 0.1696
1187 1574 0.2115
1187 1577 0.2657
1187 1578 0.2657
1187 1580 0.1717
1187 1581 0.2657
1187 1582 0.2934
1187 1583 0.2657
1187 1585 0.4685
1187 1588 0.1773
1187 1591 0.1696
1187 1592 0.1761
1187 1593 0.1817
1187 1595 0.1643
1187 1596 0.1832
1187 1598 0.1790
1187 1599 0.1714
1187 1601 0.2407
1187 1603 0.1866
1187 1604 0.2657
1187 1606 0.1998
1187 1608 0.3275
1187 1609 0.1504
1187 1610 0.1708
1187 1611 0.2115
1187 1613 0.2092
1187 1614 0.2407
1187 1616 0.1714
1187 1618 0.2401
1187 1619 0.1932
1187 1621 0.2397
1187 1622 0.2149
1187 1623 0.1767
1187 1624 0.1775
1187 1626 0.1946
1187 1628 0.2657
1187 1629 0.1959
1187 1630 0.1761
1187 1632 0.1959
1187 1633 0.2209
1187 1634 0.1722
1187 1636 0.1904
1187 1637 0.1739
1187 1639 0.2407
1187 1640 0.2026
1187 1641 0.1848
1187 1642 0.1790
1187 1643 0.3365
1187 1646 0.1735
1187 1647 0.1714
1187 1649 0.2657
1187 1650 0.2657
1187 1652 0.2407
1187 1653 0.2538
1187 1654 0.1773
1187 1655 0.1790
1187 1660 0.1668
1187 1661 0.1790
1187 1662 0.1761
1187 1663 0.1632
1187 1664 0.2052
1187 1666 0.2115
1187 1667 0.1846
1187 1668 0.4490
1187 1669 0.1832
1187 1673 0.1714
1187 1674 0.1766
1187 1675 0.2657
1187 1676 0.1701
1187 1678 0.1944
1187 1679 0.1578
1187 1681 0.2407
1187 1682 0.1723
1187 1683 0.2032
1187 1684 0.2657
1187 1685 0.1790
1187 1686 0.1701
1187 1687 0.1822
1187 1688 0.1790
1187 1689 0.5472
1187 1691 0.4453
1187 1692 0.1771
1187 1693 0.1668
1187 1694 0.1767
1187 1697 0.1764
1187 1699 0.7955
1187 1700 0.7983
1187 1701 0.3453
1187 1702 0.6686
1187 1705 0.4854
1187 1706 0.7724
1187 1707 0.8105
1187 1708 0.4653
1187 1709 0.4502
1187 1711 0.7794
1187 1712 0.9121
1187 1713 0.7898
1187 1714 0.7424
1187 1715 0.3294
1187 1717 0.9596
1187 1718 0.3080
1187 1719 0.2407
1187 1726 0.2115
1187 1728 0.4070
1188 1189 0.2061
1188 1193 0.2039
1188 1194 0.1878
1188 1195 0.2232
1188 1196 0.2508
1188 1199 0.2082
1188 1200 0.1952
1188 1201 0.1651
1188 1202 0.1874
1188 1203 0.1844
1188 1204 0.2230
1188 1205 0.2061
1188 1206 0.3196
1188 1208 0.2379
1188 1209 0.2232
1188 1210 0.2330
1188 1211 0.2144
1188 1212 0.2061
1188 1213 0.1909
1188 1216 0.1940
1188 1217 0.2008
1188 1218 0.1875
1188 1219 0.1923
1188 1220 0.2232
1188 1221 0.2159
1188 1223 0.1623
1188 1225 0.2172
1188 1226 0.2430
1188 1227 0.1757
1188 1228 0.1940
1188 1229 0.2121
1188 1230 0.1940
1188 1231 0.1699
1188 1235 0.2284
1188 1236 0.2232
1188 1237 0.1836
1188 1238 0.2232
1188 1240 0.2499
1188 1241 0.1877
1188 1242 0.1942
1188 1244 0.1940
1188 1247 0.1585
1188 1248 0.1804
1188 1249 0.1651
1188 1250 0.1768
1188 1251 0.2262
1188 1252 0.2579
1188 1253 0.1923
1188 1254 0.1774
1188 1256 0.2416
1188 1257 0.2232
1188 1258 0.2014
1188 1259 0.2061
1188 1260 0.2019
1188 1262 0.1964
1188 1263 0.1622
1188 1265 0.1729
1188 1266 0.2101
1188 1267 0.2232
1188 1269 0.2474
1188 1270 0.1908
1188 1271 0.1928
1188 1272 0.1774
1188 1274 0.2232
1188 1275 0.1786
1188 1276 0.1845
1188 1278 0.1774
1188 1279 0.1851
1188 1280 0.2025
1188 1281 0.1496
1188 1282 0.2232
1188 1283 0.2015
1188 1284 0.1963
1188 1286 0.1900
1188 1287 0.1532
1188 1288 0.1940
1188 1289 0.1602
1188 1291 0.1885
1188 1292 0.2017
1188 1293 0.1878
1188 1296 0.2232
1188 1298 0.1917
1188 1299 0.1421
1188 1300 0.2232
1188 1301 0.1739
1188 1303 0.2051
1188 1304 0.2061
1188 1305 0.1545
1188 1306 0.1637
1188 1308 0.2107
1188 1309 0.2061
1188 1310 0.1727
1188 1311 0.1651
1188 1313 0.1940
1188 1315 0.1923
1188 1316 0.1965
1188 1322 0.1598
1188 1323 0.1909
1188 1326 0.2061
1188 1327 0.2232
1188 1329 0.2061
1188 1330 0.1731
1188 1331 0.1732
1188 1333 0.1909
1188 1335 0.1911
1188 1336 0.1930
1188 1337 0.1877
1188 1339 0.1815
1188 1340 0.2053
1188 1342 0.2063
1188 1343 0.1877
1188 1344 0.2149
1188 1346 0.1739
1188 1348 0.1940
1188 1349 0.2099
1188 1350 0.2061
1188 1353 0.1651
1188 1355 0.1723
1188 1356 0.1940
1188 1360 0.1607
1188 1361 0.1812
1188 1362 0.2236
1188 1363 0.1940
1188 1364 0.1823
1188 1367 0.1846
1188 1368 0.2061
1188 1369 0.2964
1188 1370 0.2248
1188 1372 0.1832
1188 1374 0.2232
1188 1376 0.1940
1188 1377 0.2232
1188 1379 0.1923
1188 1380 0.2061
1188 1381 0.2232
1188 1384 0.1651
1188 1386 0.2510
1188 1387 0.1861
1188 1388 0.1890
1188 1389 0.1900
1188 1390 0.1774
1188 1393 0.1651
1188 1394 0.2232
1188 1395 0.2232
1188 1396 0.2100
1188 1397 0.1870
1188 1398 0.2523
1188 1401 0.1774
1188 1402 0.2149
1188 1405 0.1923
1188 1406 0.2423
1188 1408 0.1681
1188 1409 0.1738
1188 1411 0.1940
1188 1412 0.2232
1188 1415 0.2232
1188 1416 0.1678
1188 1418 0.1755
1188 1419 0.2036
1188 1421 0.1460
1188 1423 0.2055
1188 1424 0.2061
1188 1425 0.2061
1188 1426 0.2004
1188 1427 0.1887
1188 1428 0.1651
1188 1431 0.1935
1188 1434 0.2164
1188 1435 0.2037
1188 1436 0.1923
1188 1437 0.1932
1188 1438 0.1688
1188 1439 0.1740
1188 1440 0.1911
1188 1441 0.1464
1188 1445 0.1696
1188 1446 0.1723
1188 1448 0.1940
1188 1449 0.1774
1188 1451 0.2061
1188 1452 0.4485
1188 1453 0.1940
1188 1456 0.2107
1188 1457 0.1923
1188 1458 0.1774
1188 1460 0.1957
1188 1462 0.1875
1188 1463 0.3691
1188 1464 0.3782
1188 1465 0.1940
1188 1466 0.3417
1188 1472 0.1861
1188 1473 0.1774
1188 1476 0.1940
1188 1477 0.1923
1188 1479 0.4611
1188 1482 0.1940
1188 1484 0.1873
1188 1485 0.3671
1188 1490 0.1940
1188 1491 0.1747
1188 1493 0.4146
1188 1494 0.1751
1188 1497 0.1940
1188 1499 0.2626
1188 1500 0.2203
1188 1503 0.2250
1188 1504 0.2284
1188 1505 0.2232
1188 1506 0.1940
1188 1507 0.2061
1188 1508 0.2061
1188 1510 0.2061
1188 1512 0.2232
1188 1513 0.1848
1188 1516 0.3353
1188 1517 0.2236
1188 1518 0.2310
1188 1519 0.1937
1188 1520 0.2027
1188 1522 0.1685
1188 1523 0.1651
1188 1525 0.1934
1188 1526 0.1569
1188 1527 0.1729
1188 1529 0.3767
1188 1530 0.1972
1188 1532 0.1598
1188 1534 0.1940
1188 1535 0.2061
1188 1536 0.1962
1188 1538 0.1504
1188 1540 0.1651
1188 1541 0.1745
1188 1542 0.1626
1188 1544 0.1692
1188 1545 0.2061
1188 1547 0.2031
1188 1548 0.1820
1188 1549 0.1572
1188 1551 0.1781
1188 1554 0.2232
1188 1555 0.2061
1188 1566 0.1831
1188 1567 0.1830
1188 1568 0.1767
1188 1570 0.1755
1188 1571 0.2932
1188 1573 0.1769
1188 1574 0.1940
1188 1577 0.2061
1188 1578 0.2061
1188 1580 0.1819
1188 1581 0.2061
1188 1582 0.1923
1188 1583 0.2061
1188 1585 0.2110
1188 1588 0.1870
1188 1591 0.1831
1188 1592 0.1877
1188 1593 0.2068
1188 1595 0.1853
1188 1596 0.1878
1188 1598 0.2232
1188 1599 0.1774
1188 1601 0.1651
1188 1603 0.1747
1188 1604 0.2061
1188 1606 0.2166
1188 1608 0.3392
1188 1609 0.1589
1188 1610 0.1853
1188 1611 0.1940
1188 1613 0.2572
1188 1614 0.1651
1188 1616 0.1774
1188 1618 0.2918
1188 1619 0.2010
1188 1621 0.2240
1188 1622 0.2149
1188 1623 0.1930
1188 1624 0.1806
1188 1626 0.1909
1188 1628 0.2061
1188 1629 0.2236
1188 1630 0.1877
1188 1632 0.2236
1188 1633 0.2710
1188 1634 0.1805
1188 1636 0.1909
1188 1637 0.1896
1188 1639 0.1651
1188 1640 0.2144
1188 1641 0.1929
1188 1642 0.2232
1188 1643 0.1940
1188 1646 0.1768
1188 1647 0.1774
1188 1649 0.2061
1188 1650 0.2061
1188 1652 0.1651
1188 1653 0.2101
1188 1654 0.2208
1188 1655 0.2232
1188 1660 0.2065
1188 1661 0.2232
1188 1662 0.1877
1188 1663 0.1718
1188 1664 0.2149
1188 1666 0.1940
1188 1667 0.1968
1188 1668 0.2033
1188 1669 0.2085
1188 1673 0.1774
1188 1674 0.1866
1188 1675 0.2061
1188 1676 0.1923
1188 1678 0.1849
1188 1679 0.1538
1188 1681 0.1651
1188 1682 0.1873
1188 1683 0.2063
1188 1684 0.2061
1188 1685 0.2232
1188 1686 0.1923
1188 1687 0.1830
1188 1688 0.2232
1188 1689 0.2228
1188 1691 0.1813
1188 1692 0.1926
1188 1693 0.2074
1188 1694 0.1936
1188 1697 0.1780
1188 1699 0.1578
1188 1700 0.1360
1188 1701 0.1986
1188 1702 0.1317
1188 1705 0.1605
1188 1706 0.1900
1188 1707 0.1931
1188 1708 0.1513
1188 1709 0.2051
1188 1711 0.1940
1188 1712 0.2141
1188 1713 0.1887
1188 1714 0.1851
1188 1715 0.1835
1188 1717 0.2315
1188 1718 0.1804
1188 1719 0.1651
1188 1726 0.1940
1188 1728 0.1498
1189 1193 0.1533
1189 1194 0.2003
1189 1195 0.1782
1189 1196 0.2093
1189 1199 0.2211
1189 1200 0.2002
1189 1201 0.2088
1189 1202 0.1547
1189 1203 0.1939
1189 1204 0.1804
1189 1205 0.1805
1189 1206 0.2368
1189 1208 0.2147
1189 1209 0.1782
1189 1210 0.2454
1189 1211 0.2301
1189 1212 0.3106
1189 1213 0.2479
1189 1216 0.2005
1189 1217 0.2155
1189 1218 0.2510
1189 1219 0.2061
1189 1220 0.1782
1189 1221 0.2555
1189 1223 0.2085
1189 1225 0.2172
1189 1226 0.3358
1189 1227 0.2144
1189 1228 0.2005
1189 1229 0.2130
1189 1230 0.2005
1189 1231 0.1849
1189 1235 0.2121
1189 1236 0.1782
1189 1237 0.2387
1189 1238 0.1782
1189 1240 0.2937
1189 1241 0.1923
1189 1242 0.1652
1189 1244 0.2005
1189 1247 0.2180
1189 1248 0.3027
1189 1249 0.2088
1189 1250 0.2177
1189 1251 0.1863
1189 1252 0.2781
1189 1253 0.2061
1189 1254 0.2691
1189 1256 0.2251
1189 1257 0.1782
1189 1258 0.1914
1189 1259 0.1805
1189 1260 0.1558
1189 1262 0.2126
1189 1263 0.1966
1189 1265 0.1829
1189 1266 0.2083
1189 1267 0.1782
1189 1269 0.2894
1189 1270 0.2107
1189 1271 0.2355
1189 1272 0.2691
1189 1274 0.1782
1189 1275 0.1647
1189 1276 0.1877
1189 1278 0.2691
1189 1279 0.2152
1189 1280 0.2292
1189 1281 0.1659
1189 1282 0.1782
1189 1283 0.1725
1189 1284 0.1482
1189 1286 0.1960
1189 1287 0.1601
1189 1288 0.2005
1189 1289 0.1760
1189 1291 0.1559
1189 1292 0.2017
1189 1293 0.2003
1189 1296 0.1782
1189 1298 0.1917
1189 1299 0.1568
1189 1300 0.1782
1189 1301 0.2056
1189 1303 0.2060
1189 1304 0.1805
1189 1305 0.1821
1189 1306 0.1936
1189 1308 0.2127
1189 1309 0.1805
1189 1310 0.2111
1189 1311 0.2088
1189 1313 0.2005
1189 1315 0.2061
1189 1316 0.1965
1189 1322 0.1724
1189 1323 0.2432
1189 1326 0.3106
1189 1327 0.1782
1189 1329 0.1805
1189 1330 0.2499
1189 1331 0.1981
1189 1333 0.2578
1189 1335 0.2984
1189 1336 0.2049
1189 1337 0.1923
1189 1339 0.1765
1189 1340 0.1548
1189 1342 0.2063
1189 1343 0.1923
1189 1344 0.2420
1189 1346 0.2584
1189 1348 0.2005
1189 1349 0.2476
1189 1350 0.1805
1189 1353 0.2088
1189 1355 0.1794
1189 1356 0.2005
1189 1360 0.1897
1189 1361 0.1699
1189 1362 0.2336
1189 1363 0.2005
1189 1364 0.2222
1189 1367 0.2556
1189 1368 0.3106
1189 1369 0.2898
1189 1370 0.1984
1189 1372 0.1478
1189 1374 0.1782
1189 1376 0.2005
1189 1377 0.1782
1189 1379 0.2061
1189 1380 0.1805
1189 1381 0.1782
1189 1384 0.2088
1189 1386 0.2419
1189 1387 0.2411
1189 1388 0.2616
1189 1389 0.2800
1189 1390 0.2691
1189 1393 0.2088
1189 1394 0.1782
1189 1395 0.1782
1189 1396 0.2422
1189 1397 0.2367
1189 1398 0.1975
1189 1401 0.2691
1189 1402 0.2420
1189 1405 0.2061
1189 1406 0.2301
1189 1408 0.2036
1189 1409 0.1799
1189 1411 0.2005
1189 1412 0.1782
1189 1415 0.1782
1189 1416 0.2466
1189 1418 0.2136
1189 1419 0.2556
1189 1421 0.1542
1189 1423 0.2148
1189 1424 0.1805
1189 1425 0.3106
1189 1426 0.1607
1189 1427 0.1887
1189 1428 0.2088
1189 1431 0.1953
1189 1434 0.2164
1189 1435 0.2037
1189 1436 0.2061
1189 1437 0.1634
1189 1438 0.1631
1189 1439 0.2037
1189 1440 0.1911
1189 1441 0.1191
1189 1445 0.2537
1189 1446 0.1794
1189 1448 0.2005
1189 1449 0.2691
1189 1451 0.1805
1189 1452 0.1975
1189 1453 0.2005
1189 1456 0.2127
1189 1457 0.2061
1189 1458 0.2691
1189 1460 0.1909
1189 1462 0.2442
1189 1463 0.1944
1189 1464 0.1989
1189 1465 0.2005
1189 1466 0.1540
1189 1472 0.2375
1189 1473 0.2691
1189 1476 0.2005
1189 1477 0.2061
1189 1479 0.1767
1189 1482 0.2005
1189 1484 0.1974
1189 1485 0.2113
1189 1490 0.2005
1189 1491 0.1786
1189 1493 0.1670
1189 1494 0.2535
1189 1497 0.2005
1189 1499 0.2005
1189 1500 0.1809
1189 1503 0.2059
1189 1504 0.2121
1189 1505 0.1782
1189 1506 0.2005
1189 1507 0.1805
1189 1508 0.1805
1189 1510 0.1805
1189 1512 0.1782
1189 1513 0.1905
1189 1516 0.3474
1189 1517 0.2336
1189 1518 0.1902
1189 1519 0.1937
1189 1520 0.2027
1189 1522 0.1964
1189 1523 0.2088
1189 1525 0.1557
1189 1526 0.1316
1189 1527 0.1906
1189 1529 0.3481
1189 1530 0.1662
1189 1532 0.1724
1189 1534 0.2005
1189 1535 0.1805
1189 1536 0.2298
1189 1538 0.1681
1189 1540 0.2088
1189 1541 0.2640
1189 1542 0.1769
1189 1544 0.1808
1189 1545 0.1805
1189 1547 0.1534
1189 1548 0.1905
1189 1549 0.2348
1189 1551 0.1718
1189 1554 0.1782
1189 1555 0.1805
1189 1566 0.1484
1189 1567 0.2248
1189 1568 0.1427
1189 1570 0.2136
1189 1571 0.2017
1189 1573 0.2151
1189 1574 0.2005
1189 1577 0.1805
1189 1578 0.1805
1189 1580 0.1839
1189 1581 0.1805
1189 1582 0.2061
1189 1583 0.1805
1189 1585 0.1730
1189 1588 0.1968
1189 1591 0.2046
1189 1592 0.1923
1189 1593 0.1999
1189 1595 0.1890
1189 1596 0.2046
1189 1598 0.1782
1189 1599 0.2691
1189 1601 0.2088
1189 1603 0.2928
1189 1604 0.1805
1189 1606 0.2751
1189 1608 0.3664
1189 1609 0.1606
1189 1610 0.1947
1189 1611 0.2005
1189 1613 0.2955
1189 1614 0.2088
1189 1616 0.2691
1189 1618 0.2674
1189 1619 0.2944
1189 1621 0.2662
1189 1622 0.2149
1189 1623 0.2049
1189 1624 0.1880
1189 1626 0.2578
1189 1628 0.1805
1189 1629 0.2336
1189 1630 0.1923
1189 1632 0.2336
1189 1633 0.1953
1189 1634 0.2205
1189 1636 0.2432
1189 1637 0.2000
1189 1639 0.2088
1189 1640 0.2029
1189 1641 0.1815
1189 1642 0.1782
1189 1643 0.2005
1189 1646 0.2177
1189 1647 0.2691
1189 1649 0.1805
1189 1650 0.1805
1189 1652 0.2088
1189 1653 0.2083
1189 1654 0.2134
1189 1655 0.1782
1189 1660 0.1986
1189 1661 0.1782
1189 1662 0.1923
1189 1663 0.1897
1189 1664 0.2420
1189 1666 0.2005
1189 1667 0.2368
1189 1668 0.1735
1189 1669 0.1932
1189 1673 0.2691
1189 1674 0.1542
1189 1675 0.1805
1189 1676 0.2061
1189 1678 0.1904
1189 1679 0.2293
1189 1681 0.2088
1189 1682 0.1974
1189 1683 0.2144
1189 1684 0.1805
1189 1685 0.1782
1189 1686 0.2061
1189 1687 0.1734
1189 1688 0.1782
1189 1689 0.2228
1189 1691 0.2026
1189 1692 0.2152
1189 1693 0.1560
1189 1694 0.1976
1189 1697 0.1680
1189 1699 0.1277
1189 1700 0.1955
1189 1701 0.1504
1189 1702 0.1116
1189 1705 0.1826
1189 1706 0.1900
1189 1707 0.1931
1189 1708 0.2131
1189 1709 0.1986
1189 1711 0.1456
1189 1712 0.2141
1189 1713 0.1887
1189 1714 0.2486
1189 1715 0.1893
1189 1717 0.2315
1189 1718 0.1884
1189 1719 0.2088
1189 1726 0.2005
1189 1728 0.1512
1193 1194 0.7537
1193 1195 0.1843
1193 1196 0.7308
1193 1199 0.2164
1193 1200 0.2004
1193 1201 0.1624
1193 1202 0.2096
1193 1203 0.7630
1193 1204 0.2183
1193 1205 0.1533
1193 1206 0.5778
1193 1208 0.9079
1193 1209 0.1843
1193 1210 0.6565
1193 1211 0.5819
1193 1212 0.5793
1193 1213 0.3680
1193 1216 0.1875
1193 1217 0.2149
1193 1218 0.1925
1193 1219 0.2039
1193 1220 0.5794
1193 1221 0.2180
1193 1223 0.2044
1193 1225 0.4739
1193 1226 0.2136
1193 1227 0.1151
1193 1228 0.6119
1193 1229 0.6117
1193 1230 0.6869
1193 1231 0.1893
1193 1235 0.2929
1193 1236 0.1843
1193 1237 0.2187
1193 1238 0.1843
1193 1240 0.2680
1193 1241 0.1983
1193 1242 0.1637
1193 1244 0.1875
1193 1247 0.1676
1193 1248 0.1975
1193 1249 0.1624
1193 1250 0.1787
1193 1251 0.1802
1193 1252 0.2103
1193 1253 0.2458
1193 1254 0.6452
1193 1256 0.2488
1193 1257 0.1843
1193 1258 0.5499
1193 1259 0.1533
1193 1260 0.4628
1193 1262 0.7782
1193 1263 0.1812
1193 1265 0.2508
1193 1266 0.1878
1193 1267 0.1843
1193 1269 0.3161
1193 1270 0.4787
1193 1271 0.2091
1193 1272 0.1922
1193 1274 0.1843
1193 1275 0.3835
1193 1276 0.4867
1193 1278 0.6452
1193 1279 0.1208
1193 1280 0.2129
1193 1281 0.2043
1193 1282 0.1843
1193 1283 0.1981
1193 1284 0.1811
1193 1286 0.3546
1193 1287 0.2022
1193 1288 0.1875
1193 1289 0.1973
1193 1291 0.1970
1193 1292 0.2030
1193 1293 0.2012
1193 1296 0.1843
1193 1298 0.1968
1193 1299 0.2015
1193 1300 0.1843
1193 1301 0.1985
1193 1303 0.1978
1193 1304 0.1533
1193 1305 0.1919
1193 1306 0.2020
1193 1308 0.2147
1193 1309 0.1533
1193 1310 0.1752
1193 1311 0.1624
1193 1313 0.1875
1193 1315 0.2039
1193 1316 0.1995
1193 1322 0.1977
1193 1323 0.1973
1193 1326 0.3604
1193 1327 0.1843
1193 1329 0.1533
1193 1330 0.8127
1193 1331 0.1439
1193 1333 0.1945
1193 1335 0.7620
1193 1336 0.5047
1193 1337 0.1983
1193 1339 0.2084
1193 1340 0.1848
1193 1342 0.5071
1193 1343 0.1983
1193 1344 0.1945
1193 1346 0.2772
1193 1348 0.1875
1193 1349 0.6639
1193 1350 0.1533
1193 1353 0.1624
1193 1355 0.7445
1193 1356 0.1875
1193 1360 0.0928
1193 1361 0.2028
1193 1362 0.2088
1193 1363 0.1875
1193 1364 0.2157
1193 1367 0.1634
1193 1368 0.3604
1193 1369 0.6006
1193 1370 0.2060
1193 1372 0.2037
1193 1374 0.1843
1193 1376 0.7058
1193 1377 0.1843
1193 1379 0.2039
1193 1380 0.1533
1193 1381 0.1843
1193 1384 0.1624
1193 1386 0.2591
1193 1387 0.1316
1193 1388 0.2713
1193 1389 0.4196
1193 1390 0.1834
1193 1393 0.1624
1193 1394 0.7186
1193 1395 0.1843
1193 1396 0.7254
1193 1397 0.1448
1193 1398 0.2059
1193 1401 0.6046
1193 1402 0.3629
1193 1405 0.2039
1193 1406 0.7576
1193 1408 0.2107
1193 1409 0.2051
1193 1411 0.1875
1193 1412 0.1843
1193 1415 0.1843
1193 1416 0.2146
1193 1418 0.7299
1193 1419 0.5212
1193 1421 0.8940
1193 1423 0.9805
1193 1424 0.1533
1193 1425 0.7196
1193 1426 0.3606
1193 1427 0.9827
1193 1428 0.1624
1193 1431 0.9662
1193 1434 0.9966
1193 1435 0.9921
1193 1436 0.2039
1193 1437 0.9589
1193 1438 0.9462
1193 1439 0.8425
1193 1440 0.9887
1193 1441 0.9619
1193 1445 0.6995
1193 1446 0.7589
1193 1448 0.1875
1193 1449 0.1834
1193 1451 0.1533
1193 1452 0.2059
1193 1453 0.1875
1193 1456 0.2147
1193 1457 0.2039
1193 1458 0.1834
1193 1460 0.1971
1193 1462 0.1556
1193 1463 0.1981
1193 1464 0.1980
1193 1465 0.1875
1193 1466 0.1842
1193 1472 0.1898
1193 1473 0.1834
1193 1476 0.1875
1193 1477 0.2039
1193 1479 0.1968
1193 1482 0.1875
1193 1484 0.1843
1193 1485 0.2162
1193 1490 0.1875
1193 1491 0.2133
1193 1493 0.2101
1193 1494 0.2154
1193 1497 0.1875
1193 1499 0.1875
1193 1500 0.1906
1193 1503 0.2093
1193 1504 0.2030
1193 1505 0.1843
1193 1506 0.1875
1193 1507 0.1533
1193 1508 0.1533
1193 1510 0.1533
1193 1512 0.1843
1193 1513 0.2101
1193 1516 0.2124
1193 1517 0.2088
1193 1518 0.1836
1193 1519 0.1984
1193 1520 0.2020
1193 1522 0.1981
1193 1523 0.1624
1193 1525 0.2108
1193 1526 0.1975
1193 1527 0.1942
1193 1529 0.2440
1193 1530 0.1982
1193 1532 0.1977
1193 1534 0.1875
1193 1535 0.1533
1193 1536 0.1884
1193 1538 0.1943
1193 1540 0.1624
1193 1541 0.1823
1193 1542 0.1916
1193 1544 0.2008
1193 1545 0.1533
1193 1547 0.1962
1193 1548 0.1823
1193 1549 0.2170
1193 1551 0.1985
1193 1554 0.1843
1193 1555 0.1533
1193 1566 0.1999
1193 1567 0.1742
1193 1568 0.2072
1193 1570 0.7299
1193 1571 0.1898
1193 1573 0.2126
1193 1574 0.1875
1193 1577 0.1533
1193 1578 0.1533
1193 1580 0.3002
1193 1581 0.1533
1193 1582 0.6504
1193 1583 0.1533
1193 1585 0.7398
1193 1588 0.1312
1193 1591 0.2097
1193 1592 0.1983
1193 1593 0.2059
1193 1595 0.1503
1193 1596 0.5037
1193 1598 0.1843
1193 1599 0.1834
1193 1601 0.1624
1193 1603 0.1957
1193 1604 0.1533
1193 1606 0.1708
1193 1608 0.2345
1193 1609 0.2040
1193 1610 0.1833
1193 1611 0.1875
1193 1613 0.2043
1193 1614 0.1624
1193 1616 0.1834
1193 1618 0.2278
1193 1619 0.2187
1193 1621 0.1609
1193 1622 0.3642
1193 1623 0.1864
1193 1624 0.2053
1193 1626 0.1945
1193 1628 0.1533
1193 1629 0.2088
1193 1630 0.1983
1193 1632 0.2088
1193 1633 0.1923
1193 1634 0.1880
1193 1636 0.1973
1193 1637 0.1844
1193 1639 0.1624
1193 1640 0.2118
1193 1641 0.2080
1193 1642 0.1843
1193 1643 0.4964
1193 1646 0.1787
1193 1647 0.1834
1193 1649 0.1533
1193 1650 0.1533
1193 1652 0.1624
1193 1653 0.1878
1193 1654 0.2094
1193 1655 0.1843
1193 1660 0.2005
1193 1661 0.1843
1193 1662 0.3112
1193 1663 0.2093
1193 1664 0.1945
1193 1666 0.1875
1193 1667 0.2000
1193 1668 0.3741
1193 1669 0.1787
1193 1673 0.1834
1193 1674 0.1955
1193 1675 0.1533
1193 1676 0.2039
1193 1678 0.0970
1193 1679 0.1813
1193 1681 0.1624
1193 1682 0.1843
1193 1683 0.2036
1193 1684 0.1533
1193 1685 0.1843
1193 1686 0.5310
1193 1687 0.2030
1193 1688 0.1843
1193 1689 0.5630
1193 1691 0.5233
1193 1692 0.6014
1193 1693 0.2752
1193 1694 0.2071
1193 1697 0.0970
1193 1699 0.9304
1193 1700 0.9304
1193 1701 0.8223
1193 1702 0.9751
1193 1705 0.9510
1193 1706 0.9778
1193 1707 0.9901
1193 1708 0.7966
1193 1709 0.7515
1193 1711 0.9639
1193 1712 0.9969
1193 1713 0.9824
1193 1714 0.9871
1193 1715 0.6868
1193 1717 0.9975
1193 1718 0.7710
1193 1719 0.1624
1193 1726 0.1875
1193 1728 0.9329
1194 1195 0.2162
1194 1196 0.3132
1194 1199 0.1958
1194 1200 0.1846
1194 1201 0.1611
1194 1202 0.1833
1194 1203 0.2966
1194 1204 0.2104
1194 1205 0.2003
1194 1206 0.3190
1194 1208 0.6467
1194 1209 0.2162
1194 1210 0.2246
1194 1211 0.3048
1194 1212 0.2540
1194 1213 0.1795
1194 1216 0.1887
1194 1217 0.1875
1194 1218 0.1777
1194 1219 0.1878
1194 1220 0.2162
1194 1221 0.2084
1194 1223 0.1611
1194 1225 0.0953
1194 1226 0.2392
1194 1227 0.1708
1194 1228 0.1887
1194 1229 0.2026
1194 1230 0.1887
1194 1231 0.1624
1194 1235 0.2228
1194 1236 0.2162
1194 1237 0.1779
1194 1238 0.2162
1194 1240 0.2413
1194 1241 0.1818
1194 1242 0.1943
1194 1244 0.1887
1194 1247 0.1565
1194 1248 0.1764
1194 1249 0.1611
1194 1250 0.1699
1194 1251 0.2144
1194 1252 0.2410
1194 1253 0.1878
1194 1254 0.1730
1194 1256 0.2310
1194 1257 0.2162
1194 1258 0.2790
1194 1259 0.2003
1194 1260 0.1384
1194 1262 0.4539
1194 1263 0.1563
1194 1265 0.1684
1194 1266 0.2041
1194 1267 0.2162
1194 1269 0.2313
1194 1270 0.2746
1194 1271 0.1829
1194 1272 0.1730
1194 1274 0.2162
1194 1275 0.1993
1194 1276 0.1768
1194 1278 0.1730
1194 1279 0.1812
1194 1280 0.2010
1194 1281 0.1427
1194 1282 0.2162
1194 1283 0.2012
1194 1284 0.1913
1194 1286 0.1790
1194 1287 0.1481
1194 1288 0.1887
1194 1289 0.1543
1194 1291 0.1843
1194 1292 0.2017
1194 1293 0.1800
1194 1296 0.2162
1194 1298 0.1917
1194 1299 0.1385
1194 1300 0.2162
1194 1301 0.1684
1194 1303 0.2045
1194 1304 0.2003
1194 1305 0.1502
1194 1306 0.1593
1194 1308 0.2031
1194 1309 0.2003
1194 1310 0.1660
1194 1311 0.1611
1194 1313 0.1887
1194 1315 0.1878
1194 1316 0.1965
1194 1322 0.1531
1194 1323 0.1844
1194 1326 0.1989
1194 1327 0.2162
1194 1329 0.2003
1194 1330 0.4287
1194 1331 0.1652
1194 1333 0.1808
1194 1335 0.3189
1194 1336 0.1635
1194 1337 0.1818
1194 1339 0.1761
1194 1340 0.1994
1194 1342 0.2063
1194 1343 0.1818
1194 1344 0.1973
1194 1346 0.1663
1194 1348 0.1887
1194 1349 0.2022
1194 1350 0.2003
1194 1353 0.1611
1194 1355 0.3046
1194 1356 0.1887
1194 1360 0.1563
1194 1361 0.1765
1194 1362 0.2164
1194 1363 0.1887
1194 1364 0.1748
1194 1367 0.1782
1194 1368 0.1989
1194 1369 0.8857
1194 1370 0.2208
1194 1372 0.1803
1194 1374 0.2162
1194 1376 0.1887
1194 1377 0.2162
1194 1379 0.1878
1194 1380 0.2003
1194 1381 0.2162
1194 1384 0.1611
1194 1386 0.2447
1194 1387 0.1809
1194 1388 0.1823
1194 1389 0.1793
1194 1390 0.1730
1194 1393 0.1611
1194 1394 0.2162
1194 1395 0.2162
1194 1396 0.2000
1194 1397 0.1822
1194 1398 0.2384
1194 1401 0.1730
1194 1402 0.1973
1194 1405 0.1878
1194 1406 0.4145
1194 1408 0.1619
1194 1409 0.1694
1194 1411 0.1887
1194 1412 0.2162
1194 1415 0.2162
1194 1416 0.1681
1194 1418 0.3001
1194 1419 0.1986
1194 1421 0.6636
1194 1423 0.6771
1194 1424 0.2003
1194 1425 0.2787
1194 1426 0.1971
1194 1427 0.8016
1194 1428 0.1611
1194 1431 0.7805
1194 1434 0.9606
1194 1435 0.8658
1194 1436 0.1878
1194 1437 0.7818
1194 1438 0.4562
1194 1439 0.4114
1194 1440 0.7768
1194 1441 0.5882
1194 1445 0.2879
1194 1446 0.2671
1194 1448 0.1887
1194 1449 0.1730
1194 1451 0.2003
1194 1452 0.2384
1194 1453 0.1887
1194 1456 0.2031
1194 1457 0.1878
1194 1458 0.1730
1194 1460 0.1894
1194 1462 0.1814
1194 1463 0.1625
1194 1464 0.1933
1194 1465 0.1887
1194 1466 0.1986
1194 1472 0.1780
1194 1473 0.1730
1194 1476 0.1887
1194 1477 0.1878
1194 1479 0.2099
1194 1482 0.1887
1194 1484 0.1594
1194 1485 0.1854
1194 1490 0.1887
1194 1491 0.1688
1194 1493 0.1996
1194 1494 0.1687
1194 1497 0.1887
1194 1499 0.1887
1194 1500 0.2107
1194 1503 0.2171
1194 1504 0.2228
1194 1505 0.2162
1194 1506 0.1887
1194 1507 0.2003
1194 1508 0.2003
1194 1510 0.2003
1194 1512 0.2162
1194 1513 0.1780
1194 1516 0.2102
1194 1517 0.2164
1194 1518 0.2183
1194 1519 0.1937
1194 1520 0.2027
1194 1522 0.1641
1194 1523 0.1611
1194 1525 0.1905
1194 1526 0.1558
1194 1527 0.1726
1194 1529 0.3659
1194 1530 0.1982
1194 1532 0.1531
1194 1534 0.1887
1194 1535 0.2003
1194 1536 0.1898
1194 1538 0.1451
1194 1540 0.1611
1194 1541 0.1689
1194 1542 0.1589
1194 1544 0.1657
1194 1545 0.2003
1194 1547 0.1998
1194 1548 0.1557
1194 1549 0.1509
1194 1551 0.1717
1194 1554 0.2162
1194 1555 0.2003
1194 1566 0.1790
1194 1567 0.1756
1194 1568 0.1741
1194 1570 0.3001
1194 1571 0.2839
1194 1573 0.1711
1194 1574 0.1887
1194 1577 0.2003
1194 1578 0.2003
1194 1580 0.1790
1194 1581 0.2003
1194 1582 0.4395
1194 1583 0.2003
1194 1585 0.3909
1194 1588 0.1835
1194 1591 0.1774
1194 1592 0.1818
1194 1593 0.1993
1194 1595 0.1854
1194 1596 0.1693
1194 1598 0.2162
1194 1599 0.1730
1194 1601 0.1611
1194 1603 0.1702
1194 1604 0.2003
1194 1606 0.2134
1194 1608 0.3280
1194 1609 0.1538
1194 1610 0.1579
1194 1611 0.1887
1194 1613 0.2562
1194 1614 0.1611
1194 1616 0.1730
1194 1618 0.2823
1194 1619 0.1923
1194 1621 0.2216
1194 1622 0.2149
1194 1623 0.1635
1194 1624 0.1760
1194 1626 0.1808
1194 1628 0.2003
1194 1629 0.2164
1194 1630 0.1818
1194 1632 0.2164
1194 1633 0.2617
1194 1634 0.1741
1194 1636 0.1844
1194 1637 0.1609
1194 1639 0.1611
1194 1640 0.2047
1194 1641 0.1891
1194 1642 0.2162
1194 1643 0.1887
1194 1646 0.1699
1194 1647 0.1730
1194 1649 0.2003
1194 1650 0.2003
1194 1652 0.1611
1194 1653 0.2041
1194 1654 0.2032
1194 1655 0.2162
1194 1660 0.1861
1194 1661 0.2162
1194 1662 0.1818
1194 1663 0.1641
1194 1664 0.1973
1194 1666 0.1887
1194 1667 0.1869
1194 1668 0.2000
1194 1669 0.2036
1194 1673 0.1730
1194 1674 0.1825
1194 1675 0.2003
1194 1676 0.1878
1194 1678 0.1790
1194 1679 0.1477
1194 1681 0.1611
1194 1682 0.1594
1194 1683 0.1997
1194 1684 0.2003
1194 1685 0.2162
1194 1686 0.1878
1194 1687 0.1780
1194 1688 0.2162
1194 1689 0.0899
1194 1691 0.1753
1194 1692 0.1838
1194 1693 0.2014
1194 1694 0.1894
1194 1697 0.1729
1194 1699 0.5694
1194 1700 0.5996
1194 1701 0.3090
1194 1702 0.5970
1194 1705 0.5228
1194 1706 0.7962
1194 1707 0.7875
1194 1708 0.2989
1194 1709 0.3752
1194 1711 0.6479
1194 1712 0.8770
1194 1713 0.7559
1194 1714 0.7341
1194 1715 0.3261
1194 1717 0.9534
1194 1718 0.2536
1194 1719 0.1611
1194 1726 0.1887
1194 1728 0.3349
1195 1196 0.1813
1195 1199 0.2392
1195 1200 0.2221
1195 1201 0.1870
1195 1202 0.1765
1195 1203 0.1867
1195 1204 0.2160
1195 1205 0.1782
1195 1206 0.6955
1195 1208 0.2179
1195 1209 0.1839
1195 1210 0.6428
1195 1211 0.7819
1195 1212 0.2088
1195 1213 0.2024
1195 1216 0.2095
1195 1217 0.2319
1195 1218 0.2134
1195 1219 0.2232
1195 1220 0.1839
1195 1221 0.2320
1195 1223 0.1713
1195 1225 0.4390
1195 1226 0.2653
1195 1227 0.3711
1195 1228 0.2095
1195 1229 0.2356
1195 1230 0.2095
1195 1231 0.1746
1195 1235 0.3107
1195 1236 0.1839
1195 1237 0.5658
1195 1238 0.1839
1195 1240 0.4623
1195 1241 0.1978
1195 1242 0.6362
1195 1244 0.2095
1195 1247 0.5905
1195 1248 0.1975
1195 1249 0.1870
1195 1250 0.5274
1195 1251 0.1903
1195 1252 0.2160
1195 1253 0.2232
1195 1254 0.1867
1195 1256 0.2349
1195 1257 0.1839
1195 1258 0.1841
1195 1259 0.1782
1195 1260 0.1739
1195 1262 0.2015
1195 1263 0.1704
1195 1265 0.1836
1195 1266 0.2287
1195 1267 0.1839
1195 1269 0.2271
1195 1270 0.2033
1195 1271 0.1805
1195 1272 0.1867
1195 1274 0.1839
1195 1275 0.1643
1195 1276 0.2092
1195 1278 0.1867
1195 1279 0.1963
1195 1280 0.1805
1195 1281 0.1767
1195 1282 0.1839
1195 1283 0.1975
1195 1284 0.1811
1195 1286 0.1866
1195 1287 0.1512
1195 1288 0.2095
1195 1289 0.1698
1195 1291 0.1774
1195 1292 0.1592
1195 1293 0.2162
1195 1296 0.1839
1195 1298 0.1917
1195 1299 0.1714
1195 1300 0.1839
1195 1301 0.1892
1195 1303 0.2064
1195 1304 0.1782
1195 1305 0.1639
1195 1306 0.1743
1195 1308 0.2548
1195 1309 0.1782
1195 1310 0.1641
1195 1311 0.1870
1195 1313 0.2095
1195 1315 0.2232
1195 1316 0.1965
1195 1322 0.1630
1195 1323 0.2089
1195 1326 0.2088
1195 1327 0.1839
1195 1329 0.1782
1195 1330 0.1834
1195 1331 0.1564
1195 1333 0.2182
1195 1335 0.2168
1195 1336 0.1954
1195 1337 0.1978
1195 1339 0.2991
1195 1340 0.1888
1195 1342 0.3749
1195 1343 0.1978
1195 1344 0.1834
1195 1346 0.1872
1195 1348 0.2095
1195 1349 0.1983
1195 1350 0.1782
1195 1353 0.1870
1195 1355 0.1820
1195 1356 0.2095
1195 1360 0.4305
1195 1361 0.1718
1195 1362 0.2344
1195 1363 0.2095
1195 1364 0.2029
1195 1367 0.1809
1195 1368 0.2088
1195 1369 0.2883
1195 1370 0.2214
1195 1372 0.3673
1195 1374 0.1839
1195 1376 0.2095
1195 1377 0.1839
1195 1379 0.2232
1195 1380 0.1782
1195 1381 0.1839
1195 1384 0.1870
1195 1386 0.2638
1195 1387 0.2024
1195 1388 0.5408
1195 1389 0.2978
1195 1390 0.1867
1195 1393 0.1870
1195 1394 0.1839
1195 1395 0.1839
1195 1396 0.2287
1195 1397 0.6241
1195 1398 0.2378
1195 1401 0.1867
1195 1402 0.1834
1195 1405 0.2232
1195 1406 0.2586
1195 1408 0.1766
1195 1409 0.3193
1195 1411 0.2095
1195 1412 0.1839
1195 1415 0.1839
1195 1416 0.1806
1195 1418 0.1660
1195 1419 0.6215
1195 1421 0.1499
1195 1423 0.2064
1195 1424 0.1782
1195 1425 0.2088
1195 1426 0.1930
1195 1427 0.1887
1195 1428 0.1870
1195 1431 0.1940
1195 1434 0.2164
1195 1435 0.2037
1195 1436 0.2232
1195 1437 0.1890
1195 1438 0.1669
1195 1439 0.1849
1195 1440 0.2822
1195 1441 0.1324
1195 1445 0.1777
1195 1446 0.1820
1195 1448 0.2095
1195 1449 0.1867
1195 1451 0.1782
1195 1452 0.2378
1195 1453 0.2095
1195 1456 0.2548
1195 1457 0.2232
1195 1458 0.1867
1195 1460 0.2093
1195 1462 0.2039
1195 1463 0.2065
1195 1464 0.2211
1195 1465 0.2095
1195 1466 0.1878
1195 1472 0.2058
1195 1473 0.1867
1195 1476 0.2095
1195 1477 0.2232
1195 1479 0.2138
1195 1482 0.2095
1195 1484 0.1892
1195 1485 0.1660
1195 1490 0.2095
1195 1491 0.1766
1195 1493 0.2009
1195 1494 0.1889
1195 1497 0.2095
1195 1499 0.2095
1195 1500 0.2092
1195 1503 0.2106
1195 1504 0.2313
1195 1505 0.1839
1195 1506 0.2095
1195 1507 0.1782
1195 1508 0.1782
1195 1510 0.1782
1195 1512 0.1839
1195 1513 0.1813
1195 1516 0.2630
1195 1517 0.2344
1195 1518 0.1943
1195 1519 0.1937
1195 1520 0.2027
1195 1522 0.1742
1195 1523 0.1870
1195 1525 0.2918
1195 1526 0.3049
1195 1527 0.1773
1195 1529 0.3523
1195 1530 0.2329
1195 1532 0.1630
1195 1534 0.2095
1195 1535 0.1782
1195 1536 0.1753
1195 1538 0.1851
1195 1540 0.1870
1195 1541 0.1835
1195 1542 0.1670
1195 1544 0.1711
1195 1545 0.1782
1195 1547 0.1828
1195 1548 0.1834
1195 1549 0.1694
1195 1551 0.1797
1195 1554 0.1839
1195 1555 0.1782
1195 1566 0.1708
1195 1567 0.1922
1195 1568 0.1709
1195 1570 0.1660
1195 1571 0.2433
1195 1573 0.5343
1195 1574 0.2095
1195 1577 0.1782
1195 1578 0.1782
1195 1580 0.1917
1195 1581 0.1782
1195 1582 0.2232
1195 1583 0.1782
1195 1585 0.1996
1195 1588 0.4061
1195 1591 0.1945
1195 1592 0.1978
1195 1593 0.5415
1195 1595 0.1963
1195 1596 0.2184
1195 1598 0.1839
1195 1599 0.1867
1195 1601 0.1870
1195 1603 0.1902
1195 1604 0.1782
1195 1606 0.6140
1195 1608 0.3013
1195 1609 0.1591
1195 1610 0.1871
1195 1611 0.2095
1195 1613 0.8696
1195 1614 0.1870
1195 1616 0.1867
1195 1618 0.2896
1195 1619 0.4019
1195 1621 0.6587
1195 1622 0.6282
1195 1623 0.1954
1195 1624 0.4842
1195 1626 0.2182
1195 1628 0.1782
1195 1629 0.2344
1195 1630 0.1978
1195 1632 0.2344
1195 1633 0.2153
1195 1634 0.3524
1195 1636 0.3888
1195 1637 0.1915
1195 1639 0.1870
1195 1640 0.2017
1195 1641 0.1851
1195 1642 0.1839
1195 1643 0.2095
1195 1646 0.1678
1195 1647 0.1867
1195 1649 0.1782
1195 1650 0.1782
1195 1652 0.1870
1195 1653 0.2287
1195 1654 0.2358
1195 1655 0.1839
1195 1660 0.2187
1195 1661 0.1839
1195 1662 0.1978
1195 1663 0.1745
1195 1664 0.1834
1195 1666 0.2095
1195 1667 0.2122
1195 1668 0.3914
1195 1669 0.5635
1195 1673 0.1867
1195 1674 0.5506
1195 1675 0.1782
1195 1676 0.2232
1195 1678 0.1963
1195 1679 0.1657
1195 1681 0.1870
1195 1682 0.1892
1195 1683 0.2080
1195 1684 0.1782
1195 1685 0.1839
1195 1686 0.2232
1195 1687 0.2981
1195 1688 0.1839
1195 1689 0.6077
1195 1691 0.1923
1195 1692 0.2052
1195 1693 0.1905
1195 1694 0.2048
1195 1697 0.1606
1195 1699 0.1422
1195 1700 0.1429
1195 1701 0.1831
1195 1702 0.1283
1195 1705 0.1624
1195 1706 0.1900
1195 1707 0.1931
1195 1708 0.1629
1195 1709 0.3085
1195 1711 0.1748
1195 1712 0.2141
1195 1713 0.1887
1195 1714 0.1961
1195 1715 0.1940
1195 1717 0.2315
1195 1718 0.1815
1195 1719 0.1870
1195 1726 0.2095
1195 1728 0.1502
1196 1199 0.2053
1196 1200 0.1675
1196 1201 0.2375
1196 1202 0.2374
1196 1203 0.3194
1196 1204 0.2024
1196 1205 0.2093
1196 1206 0.3377
1196 1208 0.6641
1196 1209 0.1813
1196 1210 0.6377
1196 1211 0.3808
1196 1212 0.2811
1196 1213 0.1748
1196 1216 0.1787
1196 1217 0.1973
1196 1218 0.1812
1196 1219 0.1724
1196 1220 0.4484
1196 1221 0.6477
1196 1223 0.1699
1196 1225 0.4017
1196 1226 0.5465
1196 1227 0.1612
1196 1228 0.3189
1196 1229 0.1720
1196 1230 0.1787
1196 1231 0.1578
1196 1235 0.1994
1196 1236 0.1813
1196 1237 0.1882
1196 1238 0.1813
1196 1240 0.2078
1196 1241 0.1809
1196 1242 0.2462
1196 1244 0.1787
1196 1247 0.2279
1196 1248 0.3142
1196 1249 0.2375
1196 1250 0.1648
1196 1251 0.1740
1196 1252 0.2167
1196 1253 0.1724
1196 1254 0.3158
1196 1256 0.1948
1196 1257 0.1813
1196 1258 0.3255
1196 1259 0.2093
1196 1260 0.2350
1196 1262 0.3404
1196 1263 0.1485
1196 1265 0.1899
1196 1266 0.2042
1196 1267 0.1813
1196 1269 0.2290
1196 1270 0.1666
1196 1271 0.2035
1196 1272 0.1727
1196 1274 0.1813
1196 1275 0.1951
1196 1276 0.1855
1196 1278 0.3158
1196 1279 0.4159
1196 1280 0.1923
1196 1281 0.1612
1196 1282 0.1813
1196 1283 0.2026
1196 1284 0.1530
1196 1286 0.1740
1196 1287 0.1471
1196 1288 0.1787
1196 1289 0.1360
1196 1291 0.1607
1196 1292 0.1232
1196 1293 0.1659
1196 1296 0.1813
1196 1298 0.1327
1196 1299 0.1983
1196 1300 0.1813
1196 1301 0.1637
1196 1303 0.1324
1196 1304 0.2093
1196 1305 0.1438
1196 1306 0.1498
1196 1308 0.2091
1196 1309 0.2093
1196 1310 0.1595
1196 1311 0.2375
1196 1313 0.1787
1196 1315 0.1724
1196 1316 0.1123
1196 1322 0.1492
1196 1323 0.1708
1196 1326 0.1877
1196 1327 0.1813
1196 1329 0.2093
1196 1330 0.3284
1196 1331 0.3198
1196 1333 0.1849
1196 1335 0.3501
1196 1336 0.1623
1196 1337 0.1809
1196 1339 0.1560
1196 1340 0.1566
1196 1342 0.2597
1196 1343 0.1809
1196 1344 0.1933
1196 1346 0.1778
1196 1348 0.1787
1196 1349 0.3654
1196 1350 0.2093
1196 1353 0.2375
1196 1355 0.2999
1196 1356 0.4041
1196 1360 0.2213
1196 1361 0.1649
1196 1362 0.1912
1196 1363 0.1787
1196 1364 0.1853
1196 1367 0.2472
1196 1368 0.1877
1196 1369 0.7880
1196 1370 0.2344
1196 1372 0.1731
1196 1374 0.1813
1196 1376 0.1787
1196 1377 0.1813
1196 1379 0.1724
1196 1380 0.2093
1196 1381 0.1813
1196 1384 0.2375
1196 1386 0.1909
1196 1387 0.1574
1196 1388 0.1677
1196 1389 0.1885
1196 1390 0.1727
1196 1393 0.2375
1196 1394 0.3076
1196 1395 0.1813
1196 1396 0.3527
1196 1397 0.1741
1196 1398 0.2051
1196 1401 0.3158
1196 1402 0.1933
1196 1405 0.1724
1196 1406 0.4208
1196 1408 0.1563
1196 1409 0.1702
1196 1411 0.1787
1196 1412 0.1813
1196 1415 0.1813
1196 1416 0.1717
1196 1418 0.3879
1196 1419 0.4309
1196 1421 0.5124
1196 1423 0.6934
1196 1424 0.2093
1196 1425 0.4691
1196 1426 0.1833
1196 1427 0.7792
1196 1428 0.2375
1196 1431 0.7490
1196 1434 0.9577
1196 1435 0.8651
1196 1436 0.1724
1196 1437 0.7420
1196 1438 0.4829
1196 1439 0.4853
1196 1440 0.7868
1196 1441 0.7098
1196 1445 0.3116
1196 1446 0.2585
1196 1448 0.1787
1196 1449 0.1727
1196 1451 0.2093
1196 1452 0.4446
1196 1453 0.1787
1196 1456 0.3699
1196 1457 0.3056
1196 1458 0.1727
1196 1460 0.5567
1196 1462 0.1896
1196 1463 0.1774
1196 1464 0.6393
1196 1465 0.5145
1196 1466 0.5848
1196 1472 0.6272
1196 1473 0.1727
1196 1476 0.1787
1196 1477 0.1724
1196 1479 0.6712
1196 1482 0.1787
1196 1484 0.1585
1196 1485 0.7005
1196 1490 0.1787
1196 1491 0.6613
1196 1493 0.6897
1196 1494 0.3144
1196 1497 0.1787
1196 1499 0.1787
1196 1500 0.7123
1196 1503 0.7101
1196 1504 0.1994
1196 1505 0.3479
1196 1506 0.1787
1196 1507 0.2093
1196 1508 0.2093
1196 1510 0.2093
1196 1512 0.1813
1196 1513 0.5181
1196 1516 0.2091
1196 1517 0.1912
1196 1518 0.5922
1196 1519 0.1624
1196 1520 0.1552
1196 1522 0.1462
1196 1523 0.2375
1196 1525 0.1778
1196 1526 0.2100
1196 1527 0.1591
1196 1529 0.2897
1196 1530 0.1999
1196 1532 0.1492
1196 1534 0.1787
1196 1535 0.2093
1196 1536 0.1852
1196 1538 0.2028
1196 1540 0.2375
1196 1541 0.1683
1196 1542 0.1764
1196 1544 0.1633
1196 1545 0.2093
1196 1547 0.2122
1196 1548 0.1525
1196 1549 0.1706
1196 1551 0.1542
1196 1554 0.2499
1196 1555 0.2093
1196 1566 0.1502
1196 1567 0.1651
1196 1568 0.1674
1196 1570 0.3879
1196 1571 0.2340
1196 1573 0.1653
1196 1574 0.1787
1196 1577 0.2093
1196 1578 0.2093
1196 1580 0.1652
1196 1581 0.2093
1196 1582 0.4587
1196 1583 0.2093
1196 1585 0.4107
1196 1588 0.1682
1196 1591 0.3541
1196 1592 0.1809
1196 1593 0.1681
1196 1595 0.1677
1196 1596 0.1837
1196 1598 0.1813
1196 1599 0.1727
1196 1601 0.2375
1196 1603 0.1793
1196 1604 0.2093
1196 1606 0.1727
1196 1608 0.2818
1196 1609 0.1619
1196 1610 0.1566
1196 1611 0.1787
1196 1613 0.4417
1196 1614 0.2375
1196 1616 0.1727
1196 1618 0.2143
1196 1619 0.1900
1196 1621 0.2219
1196 1622 0.1988
1196 1623 0.1623
1196 1624 0.1641
1196 1626 0.1849
1196 1628 0.2093
1196 1629 0.1912
1196 1630 0.1809
1196 1632 0.1912
1196 1633 0.2033
1196 1634 0.1695
1196 1636 0.5626
1196 1637 0.1597
1196 1639 0.2375
1196 1640 0.2083
1196 1641 0.1667
1196 1642 0.1813
1196 1643 0.1787
1196 1646 0.1648
1196 1647 0.1727
1196 1649 0.2093
1196 1650 0.2093
1196 1652 0.2375
1196 1653 0.2042
1196 1654 0.1755
1196 1655 0.1813
1196 1660 0.1652
1196 1661 0.1813
1196 1662 0.1809
1196 1663 0.1573
1196 1664 0.1933
1196 1666 0.1787
1196 1667 0.1807
1196 1668 0.2212
1196 1669 0.1714
1196 1673 0.1727
1196 1674 0.1578
1196 1675 0.2093
1196 1676 0.5247
1196 1678 0.1729
1196 1679 0.1652
1196 1681 0.2375
1196 1682 0.1585
1196 1683 0.6062
1196 1684 0.2093
1196 1685 0.1813
1196 1686 0.1724
1196 1687 0.1702
1196 1688 0.1813
1196 1689 0.5224
1196 1691 0.4164
1196 1692 0.1696
1196 1693 0.1574
1196 1694 0.1769
1196 1697 0.1612
1196 1699 0.7329
1196 1700 0.7202
1196 1701 0.3722
1196 1702 0.6267
1196 1705 0.4947
1196 1706 0.7851
1196 1707 0.7584
1196 1708 0.3566
1196 1709 0.3516
1196 1711 0.7107
1196 1712 0.9152
1196 1713 0.7778
1196 1714 0.7875
1196 1715 0.5926
1196 1717 0.9467
1196 1718 0.2938
1196 1719 0.2375
1196 1726 0.1787
1196 1728 0.6670
1199 1200 0.2190
1199 1201 0.2472
1199 1202 0.1800
1199 1203 0.2103
1199 1204 0.2316
1199 1205 0.2211
1199 1206 0.2483
1199 1208 0.2157
1199 1209 0.2392
1199 1210 0.2706
1199 1211 0.3055
1199 1212 0.2349
1199 1213 0.2246
1199 1216 0.2655
1199 1217 0.2327
1199 1218 0.2337
1199 1219 0.2082
1199 1220 0.2392
1199 1221 0.2734
1199 1223 0.1970
1199 1225 0.2172
1199 1226 0.2917
1199 1227 0.2151
1199 1228 0.2655
1199 1229 0.2251
1199 1230 0.2655
1199 1231 0.1964
1199 1235 0.2231
1199 1236 0.2392
1199 1237 0.2302
1199 1238 0.2392
1199 1240 0.3010
1199 1241 0.1942
1199 1242 0.2510
1199 1244 0.2655
1199 1247 0.2354
1199 1248 0.2393
1199 1249 0.2472
1199 1250 0.1895
1199 1251 0.2290
1199 1252 0.2541
1199 1253 0.4079
1199 1254 0.2115
1199 1256 0.2598
1199 1257 0.2392
1199 1258 0.2095
1199 1259 0.2211
1199 1260 0.2943
1199 1262 0.2243
1199 1263 0.1940
1199 1265 0.1973
1199 1266 0.2883
1199 1267 0.2392
1199 1269 0.2661
1199 1270 0.2235
1199 1271 0.2211
1199 1272 0.2115
1199 1274 0.2392
1199 1275 0.1742
1199 1276 0.2218
1199 1278 0.2115
1199 1279 0.1930
1199 1280 0.3974
1199 1281 0.1727
1199 1282 0.2392
1199 1283 0.2007
1199 1284 0.1955
1199 1286 0.2095
1199 1287 0.1671
1199 1288 0.2655
1199 1289 0.1639
1199 1291 0.1808
1199 1292 0.2017
1199 1293 0.1958
1199 1296 0.2392
1199 1298 0.1917
1199 1299 0.1695
1199 1300 0.2392
1199 1301 0.2195
1199 1303 0.2052
1199 1304 0.2211
1199 1305 0.1575
1199 1306 0.2010
1199 1308 0.2129
1199 1309 0.2211
1199 1310 0.1853
1199 1311 0.2472
1199 1313 0.2655
1199 1315 0.2082
1199 1316 0.1965
1199 1322 0.1847
1199 1323 0.2208
1199 1326 0.2349
1199 1327 0.2392
1199 1329 0.2211
1199 1330 0.2142
1199 1331 0.1901
1199 1333 0.2374
1199 1335 0.2398
1199 1336 0.2219
1199 1337 0.1942
1199 1339 0.1906
1199 1340 0.2028
1199 1342 0.2063
1199 1343 0.1942
1199 1344 0.2250
1199 1346 0.2194
1199 1348 0.2655
1199 1349 0.2226
1199 1350 0.2211
1199 1353 0.2472
1199 1355 0.1820
1199 1356 0.2655
1199 1360 0.1639
1199 1361 0.1944
1199 1362 0.2454
1199 1363 0.2655
1199 1364 0.2265
1199 1367 0.2230
1199 1368 0.2349
1199 1369 0.2821
1199 1370 0.2080
1199 1372 0.1913
1199 1374 0.2392
1199 1376 0.2655
1199 1377 0.2392
1199 1379 0.2082
1199 1380 0.2211
1199 1381 0.2392
1199 1384 0.2472
1199 1386 0.2455
1199 1387 0.2929
1199 1388 0.2183
1199 1389 0.2417
1199 1390 0.2115
1199 1393 0.2472
1199 1394 0.2392
1199 1395 0.2392
1199 1396 0.2486
1199 1397 0.3894
1199 1398 0.5197
1199 1401 0.2115
1199 1402 0.2250
1199 1405 0.4710
1199 1406 0.2605
1199 1408 0.2003
1199 1409 0.1876
1199 1411 0.2655
1199 1412 0.2392
1199 1415 0.2392
1199 1416 0.2143
1199 1418 0.1876
1199 1419 0.2077
1199 1421 0.1688
1199 1423 0.2050
1199 1424 0.2211
1199 1425 0.2349
1199 1426 0.2107
1199 1427 0.1887
1199 1428 0.2472
1199 1431 0.1931
1199 1434 0.2164
1199 1435 0.2037
1199 1436 0.2082
1199 1437 0.1925
1199 1438 0.1598
1199 1439 0.2293
1199 1440 0.1911
1199 1441 0.1835
1199 1445 0.1917
1199 1446 0.1820
1199 1448 0.2655
1199 1449 0.2115
1199 1451 0.2211
1199 1452 0.2487
1199 1453 0.2655
1199 1456 0.2129
1199 1457 0.2082
1199 1458 0.2115
1199 1460 0.2099
1199 1462 0.2352
1199 1463 0.3064
1199 1464 0.2140
1199 1465 0.2655
1199 1466 0.2020
1199 1472 0.2273
1199 1473 0.2115
1199 1476 0.2655
1199 1477 0.2082
1199 1479 0.2255
1199 1482 0.2655
1199 1484 0.2128
1199 1485 0.1982
1199 1490 0.2655
1199 1491 0.1884
1199 1493 0.4014
1199 1494 0.2251
1199 1497 0.2655
1199 1499 0.2655
1199 1500 0.2271
1199 1503 0.2409
1199 1504 0.2231
1199 1505 0.2392
1199 1506 0.2655
1199 1507 0.2211
1199 1508 0.2211
1199 1510 0.2211
1199 1512 0.2392
1199 1513 0.1986
1199 1516 0.2724
1199 1517 0.2454
1199 1518 0.2332
1199 1519 0.1937
1199 1520 0.2027
1199 1522 0.1854
1199 1523 0.2472
1199 1525 0.2035
1199 1526 0.2083
1199 1527 0.2035
1199 1529 0.3720
1199 1530 0.1974
1199 1532 0.1847
1199 1534 0.2655
1199 1535 0.2211
1199 1536 0.2106
1199 1538 0.1794
1199 1540 0.2472
1199 1541 0.1963
1199 1542 0.1986
1199 1544 0.1983
1199 1545 0.2211
1199 1547 0.2229
1199 1548 0.2073
1199 1549 0.2030
1199 1551 0.1985
1199 1554 0.2392
1199 1555 0.2211
1199 1566 0.1749
1199 1567 0.2395
1199 1568 0.1860
1199 1570 0.1876
1199 1571 0.3006
1199 1573 0.2094
1199 1574 0.2655
1199 1577 0.2211
1199 1578 0.2211
1199 1580 0.2083
1199 1581 0.2211
1199 1582 0.2082
1199 1583 0.2211
1199 1585 0.2193
1199 1588 0.1954
1199 1591 0.2168
1199 1592 0.1942
1199 1593 0.1972
1199 1595 0.2141
1199 1596 0.2145
1199 1598 0.2392
1199 1599 0.2115
1199 1601 0.2472
1199 1603 0.2327
1199 1604 0.2211
1199 1606 0.2193
1199 1608 0.3186
1199 1609 0.1712
1199 1610 0.2108
1199 1611 0.2655
1199 1613 0.2614
1199 1614 0.2472
1199 1616 0.2115
1199 1618 0.2883
1199 1619 0.2573
1199 1621 0.2436
1199 1622 0.2149
1199 1623 0.2219
1199 1624 0.1932
1199 1626 0.2374
1199 1628 0.2211
1199 1629 0.2454
1199 1630 0.1942
1199 1632 0.2454
1199 1633 0.2802
1199 1634 0.2167
1199 1636 0.2208
1199 1637 0.2151
1199 1639 0.2472
1199 1640 0.3076
1199 1641 0.2073
1199 1642 0.2392
1199 1643 0.2655
1199 1646 0.3476
1199 1647 0.5649
1199 1649 0.2211
1199 1650 0.2211
1199 1652 0.2472
1199 1653 0.2883
1199 1654 0.6281
1199 1655 0.2392
1199 1660 0.4517
1199 1661 0.2392
1199 1662 0.1942
1199 1663 0.1980
1199 1664 0.3724
1199 1666 0.2655
1199 1667 0.6607
1199 1668 0.2428
1199 1669 0.2313
1199 1673 0.2115
1199 1674 0.1795
1199 1675 0.2211
1199 1676 0.2082
1199 1678 0.2039
1199 1679 0.1985
1199 1681 0.2472
1199 1682 0.2128
1199 1683 0.2146
1199 1684 0.2211
1199 1685 0.3684
1199 1686 0.2082
1199 1687 0.1885
1199 1688 0.2392
1199 1689 0.3842
1199 1691 0.2144
1199 1692 0.2292
1199 1693 0.2046
1199 1694 0.6005
1199 1697 0.1841
1199 1699 0.1986
1199 1700 0.2071
1199 1701 0.1971
1199 1702 0.1873
1199 1705 0.1766
1199 1706 0.1900
1199 1707 0.1931
1199 1708 0.1933
1199 1709 0.2189
1199 1711 0.2053
1199 1712 0.2141
1199 1713 0.1887
1199 1714 0.2230
1199 1715 0.1915
1199 1717 0.2315
1199 1718 0.2057
1199 1719 0.2472
1199 1726 0.2655
1199 1728 0.1616
1200 1201 0.1570
1200 1202 0.6807
1200 1203 0.2042
1200 1204 0.4179
1200 1205 0.2002
1200 1206 0.6836
1200 1208 0.2034
1200 1209 0.4187
1200 1210 0.7216
1200 1211 0.7616
1200 1212 0.3300
1200 1213 0.5973
1200 1216 0.3518
1200 1217 0.5879
1200 1218 0.4059
1200 1219 0.1952
1200 1220 0.2221
1200 1221 0.6216
1200 1223 0.6007
1200 1225 0.8679
1200 1226 0.6303
1200 1227 0.4956
1200 1228 0.1982
1200 1229 0.5329
1200 1230 0.1982
1200 1231 0.6425
1200 1235 0.5296
1200 1236 0.2221
1200 1237 0.6196
1200 1238 0.2221
1200 1240 0.6974
1200 1241 0.4544
1200 1242 0.7730
1200 1244 0.1982
1200 1247 0.7921
1200 1248 0.1991
1200 1249 0.1570
1200 1250 0.3807
1200 1251 0.5055
1200 1252 0.5673
1200 1253 0.1952
1200 1254 0.1793
1200 1256 0.2466
1200 1257 0.2221
1200 1258 0.1945
1200 1259 0.2002
1200 1260 0.2192
1200 1262 0.4965
1200 1263 0.1573
1200 1265 0.1983
1200 1266 0.2064
1200 1267 0.2221
1200 1269 0.4438
1200 1270 0.1873
1200 1271 0.1974
1200 1272 0.1793
1200 1274 0.2221
1200 1275 0.1724
1200 1276 0.1914
1200 1278 0.1793
1200 1279 0.1569
1200 1280 0.2010
1200 1281 0.1732
1200 1282 0.2221
1200 1283 0.1988
1200 1284 0.1573
1200 1286 0.1905
1200 1287 0.1529
1200 1288 0.1982
1200 1289 0.1505
1200 1291 0.3131
1200 1292 0.2048
1200 1293 0.1846
1200 1296 0.2221
1200 1298 0.1919
1200 1299 0.1581
1200 1300 0.2221
1200 1301 0.1737
1200 1303 0.1985
1200 1304 0.2002
1200 1305 0.1262
1200 1306 0.1726
1200 1308 0.2022
1200 1309 0.2002
1200 1310 0.1759
1200 1311 0.1570
1200 1313 0.1982
1200 1315 0.1952
1200 1316 0.2012
1200 1322 0.1842
1200 1323 0.4129
1200 1326 0.1993
1200 1327 0.2221
1200 1329 0.2002
1200 1330 0.3292
1200 1331 0.6038
1200 1333 0.1941
1200 1335 0.1817
1200 1336 0.1580
1200 1337 0.1962
1200 1339 0.5281
1200 1340 0.5421
1200 1342 0.9081
1200 1343 0.1962
1200 1344 0.4071
1200 1346 0.3619
1200 1348 0.1982
1200 1349 0.2084
1200 1350 0.2002
1200 1353 0.1570
1200 1355 0.1761
1200 1356 0.1982
1200 1360 0.8569
1200 1361 0.5253
1200 1362 0.2309
1200 1363 0.3661
1200 1364 0.1824
1200 1367 0.9044
1200 1368 0.1993
1200 1369 0.7296
1200 1370 0.8112
1200 1372 0.4303
1200 1374 0.2221
1200 1376 0.1982
1200 1377 0.2221
1200 1379 0.1952
1200 1380 0.2002
1200 1381 0.2221
1200 1384 0.1570
1200 1386 0.2313
1200 1387 0.1648
1200 1388 0.1823
1200 1389 0.2014
1200 1390 0.1793
1200 1393 0.1570
1200 1394 0.2221
1200 1395 0.2221
1200 1396 0.4928
1200 1397 0.1893
1200 1398 0.2293
1200 1401 0.1793
1200 1402 0.2041
1200 1405 0.1952
1200 1406 0.2101
1200 1408 0.1625
1200 1409 0.1808
1200 1411 0.1982
1200 1412 0.2221
1200 1415 0.2221
1200 1416 0.1828
1200 1418 0.1755
1200 1419 0.1761
1200 1421 0.1715
1200 1423 0.2013
1200 1424 0.2002
1200 1425 0.1993
1200 1426 0.5853
1200 1427 0.1887
1200 1428 0.1570
1200 1431 0.1927
1200 1434 0.6358
1200 1435 0.2043
1200 1436 0.1952
1200 1437 0.1893
1200 1438 0.1443
1200 1439 0.1846
1200 1440 0.3193
1200 1441 0.1920
1200 1445 0.1695
1200 1446 0.1761
1200 1448 0.1982
1200 1449 0.1793
1200 1451 0.2002
1200 1452 0.2293
1200 1453 0.1982
1200 1456 0.2022
1200 1457 0.1952
1200 1458 0.3558
1200 1460 0.1684
1200 1462 0.6223
1200 1463 0.1743
1200 1464 0.1817
1200 1465 0.1982
1200 1466 0.1618
1200 1472 0.1813
1200 1473 0.3427
1200 1476 0.1982
1200 1477 0.1952
1200 1479 0.2013
1200 1482 0.1982
1200 1484 0.1539
1200 1485 0.3485
1200 1490 0.1982
1200 1491 0.1867
1200 1493 0.1954
1200 1494 0.3557
1200 1497 0.3886
1200 1499 0.1982
1200 1500 0.2042
1200 1503 0.7014
1200 1504 0.2106
1200 1505 0.2221
1200 1506 0.1982
1200 1507 0.2002
1200 1508 0.2002
1200 1510 0.2002
1200 1512 0.2221
1200 1513 0.1785
1200 1516 0.2280
1200 1517 0.2309
1200 1518 0.1976
1200 1519 0.1937
1200 1520 0.2029
1200 1522 0.1696
1200 1523 0.1570
1200 1525 0.3741
1200 1526 0.2003
1200 1527 0.2009
1200 1529 0.6512
1200 1530 0.1947
1200 1532 0.1842
1200 1534 0.1982
1200 1535 0.2002
1200 1536 0.1976
1200 1538 0.1522
1200 1540 0.1570
1200 1541 0.1746
1200 1542 0.4723
1200 1544 0.1884
1200 1545 0.2002
1200 1547 0.2103
1200 1548 0.1477
1200 1549 0.1841
1200 1551 0.1867
1200 1554 0.2221
1200 1555 0.2002
1200 1566 0.1662
1200 1567 0.1798
1200 1568 0.7443
1200 1570 0.1755
1200 1571 0.2658
1200 1573 0.6781
1200 1574 0.1982
1200 1577 0.2002
1200 1578 0.2002
1200 1580 0.6480
1200 1581 0.2002
1200 1582 0.1952
1200 1583 0.2002
1200 1585 0.1938
1200 1588 0.6036
1200 1591 0.7693
1200 1592 0.1962
1200 1593 0.8544
1200 1595 0.6200
1200 1596 0.3908
1200 1598 0.2221
1200 1599 0.3558
1200 1601 0.1570
1200 1603 0.3996
1200 1604 0.2002
1200 1606 0.6742
1200 1608 0.3430
1200 1609 0.5225
1200 1610 0.3710
1200 1611 0.1982
1200 1613 0.7622
1200 1614 0.1570
1200 1616 0.3558
1200 1618 0.2716
1200 1619 0.4954
1200 1621 0.9415
1200 1622 0.8981
1200 1623 0.4195
1200 1624 0.7889
1200 1626 0.3563
1200 1628 0.2002
1200 1629 0.2309
1200 1630 0.4464
1200 1632 0.2309
1200 1633 0.2573
1200 1634 0.4966
1200 1636 0.4116
1200 1637 0.4326
1200 1639 0.1570
1200 1640 0.5888
1200 1641 0.7263
1200 1642 0.2221
1200 1643 0.1982
1200 1646 0.1827
1200 1647 0.1793
1200 1649 0.2002
1200 1650 0.2002
1200 1652 0.1570
1200 1653 0.2064
1200 1654 0.1909
1200 1655 0.2221
1200 1660 0.1704
1200 1661 0.2221
1200 1662 0.1962
1200 1663 0.1672
1200 1664 0.2041
1200 1666 0.1982
1200 1667 0.1849
1200 1668 0.2017
1200 1669 0.2097
1200 1673 0.1793
1200 1674 0.1639
1200 1675 0.2002
1200 1676 0.1952
1200 1678 0.1876
1200 1679 0.1746
1200 1681 0.1570
1200 1682 0.1539
1200 1683 0.4100
1200 1684 0.2002
1200 1685 0.2221
1200 1686 0.1952
1200 1687 0.5381
1200 1688 0.2221
1200 1689 0.2219
1200 1691 0.1764
1200 1692 0.1901
1200 1693 0.1654
1200 1694 0.1854
1200 1697 0.1806
1200 1699 0.1958
1200 1700 0.1713
1200 1701 0.1580
1200 1702 0.1862
1200 1705 0.1627
1200 1706 0.1900
1200 1707 0.2062
1200 1708 0.1556
1200 1709 0.3523
1200 1711 0.1901
1200 1712 0.2142
1200 1713 0.1887
1200 1714 0.3129
1200 1715 0.1873
1200 1717 0.5127
1200 1718 0.1457
1200 1719 0.1570
1200 1726 0.1982
1200 1728 0.1646
1201 1202 0.1605
1201 1203 0.2713
1201 1204 0.1732
1201 1205 0.2088
1201 1206 0.3131
1201 1208 0.2606
1201 1209 0.1870
1201 1210 0.2940
1201 1211 0.2217
1201 1212 0.2753
1201 1213 0.2435
1201 1216 0.2095
1201 1217 0.2410
1201 1218 0.3506
1201 1219 0.1651
1201 1220 0.1870
1201 1221 0.3276
1201 1223 0.2081
1201 1225 0.2172
1201 1226 0.3289
1201 1227 0.2448
1201 1228 0.2095
1201 1229 0.1668
1201 1230 0.2095
1201 1231 0.2228
1201 1235 0.2734
1201 1236 0.1870
1201 1237 0.2132
1201 1238 0.1870
1201 1240 0.2795
1201 1241 0.2474
1201 1242 0.1421
1201 1244 0.2095
1201 1247 0.3279
1201 1248 0.2681
1201 1249 0.1479
1201 1250 0.3168
1201 1251 0.1904
1201 1252 0.3974
1201 1253 0.1651
1201 1254 0.2436
1201 1256 0.2554
1201 1257 0.1870
1201 1258 0.2219
1201 1259 0.2088
1201 1260 0.1533
1201 1262 0.2559
1201 1263 0.2219
1201 1265 0.1770
1201 1266 0.2171
1201 1267 0.1870
1201 1269 0.3620
1201 1270 0.2023
1201 1271 0.2895
1201 1272 0.2436
1201 1274 0.1870
1201 1275 0.1811
1201 1276 0.1466
1201 1278 0.2436
1201 1279 0.1867
1201 1280 0.2880
1201 1281 0.1885
1201 1282 0.1870
1201 1283 0.1689
1201 1284 0.1473
1201 1286 0.2556
1201 1287 0.2040
1201 1288 0.2095
1201 1289 0.2302
1201 1291 0.1617
1201 1292 0.2017
1201 1293 0.1611
1201 1296 0.1870
1201 1298 0.1917
1201 1299 0.1932
1201 1300 0.1870
1201 1301 0.2343
1201 1303 0.1988
1201 1304 0.2088
1201 1305 0.1590
1201 1306 0.1788
1201 1308 0.2728
1201 1309 0.2088
1201 1310 0.3080
1201 1311 0.1479
1201 1313 0.2095
1201 1315 0.1651
1201 1316 0.1965
1201 1322 0.2099
1201 1323 0.3400
1201 1326 0.2753
1201 1327 0.1870
1201 1329 0.2088
1201 1330 0.2222
1201 1331 0.2448
1201 1333 0.3586
1201 1335 0.2670
1201 1336 0.2878
1201 1337 0.2474
1201 1339 0.1384
1201 1340 0.1539
1201 1342 0.2063
1201 1343 0.2474
1201 1344 0.3508
1201 1346 0.2274
1201 1348 0.2095
1201 1349 0.3595
1201 1350 0.2088
1201 1353 0.1479
1201 1355 0.2284
1201 1356 0.2095
1201 1360 0.1648
1201 1361 0.1868
1201 1362 0.1839
1201 1363 0.2095
1201 1364 0.2803
1201 1367 0.3698
1201 1368 0.2753
1201 1369 0.3605
1201 1370 0.2128
1201 1372 0.1405
1201 1374 0.1870
1201 1376 0.2095
1201 1377 0.1870
1201 1379 0.1651
1201 1380 0.2088
1201 1381 0.1870
1201 1384 0.1479
1201 1386 0.1918
1201 1387 0.2304
1201 1388 0.2789
1201 1389 0.2454
1201 1390 0.2436
1201 1393 0.1479
1201 1394 0.1870
1201 1395 0.1870
1201 1396 0.3097
1201 1397 0.2676
1201 1398 0.1994
1201 1401 0.2436
1201 1402 0.3508
1201 1405 0.1651
1201 1406 0.1794
1201 1408 0.2308
1201 1409 0.2353
1201 1411 0.2095
1201 1412 0.1870
1201 1415 0.1870
1201 1416 0.2188
1201 1418 0.3114
1201 1419 0.2479
1201 1421 0.1506
1201 1423 0.2440
1201 1424 0.2088
1201 1425 0.2753
1201 1426 0.1526
1201 1427 0.1887
1201 1428 0.1479
1201 1431 0.1962
1201 1434 0.2164
1201 1435 0.2037
1201 1436 0.1651
1201 1437 0.1590
1201 1438 0.1997
1201 1439 0.2604
1201 1440 0.1911
1201 1441 0.1065
1201 1445 0.2323
1201 1446 0.2284
1201 1448 0.2095
1201 1449 0.2436
1201 1451 0.2088
1201 1452 0.1994
1201 1453 0.2095
1201 1456 0.2728
1201 1457 0.1651
1201 1458 0.2436
1201 1460 0.1496
1201 1462 0.2173
1201 1463 0.2171
1201 1464 0.2210
1201 1465 0.2095
1201 1466 0.1532
1201 1472 0.3342
1201 1473 0.2436
1201 1476 0.2095
1201 1477 0.1651
1201 1479 0.1762
1201 1482 0.2095
1201 1484 0.2766
1201 1485 0.2612
1201 1490 0.2095
1201 1491 0.2177
1201 1493 0.1584
1201 1494 0.2246
1201 1497 0.2095
1201 1499 0.2095
1201 1500 0.1809
1201 1503 0.2543
1201 1504 0.2734
1201 1505 0.1870
1201 1506 0.2095
1201 1507 0.2088
1201 1508 0.2088
1201 1510 0.2088
1201 1512 0.1870
1201 1513 0.2475
1201 1516 0.3051
1201 1517 0.1839
1201 1518 0.1948
1201 1519 0.1937
1201 1520 0.2027
1201 1522 0.2459
1201 1523 0.1479
1201 1525 0.1480
1201 1526 0.1133
1201 1527 0.2083
1201 1529 0.3667
1201 1530 0.1633
1201 1532 0.2099
1201 1534 0.2095
1201 1535 0.2088
1201 1536 0.3331
1201 1538 0.2027
1201 1540 0.1479
1201 1541 0.2401
1201 1542 0.1838
1201 1544 0.2161
1201 1545 0.2088
1201 1547 0.1632
1201 1548 0.2665
1201 1549 0.2093
1201 1551 0.1920
1201 1554 0.1870
1201 1555 0.2088
1201 1566 0.1543
1201 1567 0.3193
1201 1568 0.1356
1201 1570 0.3114
1201 1571 0.2172
1201 1573 0.2454
1201 1574 0.2095
1201 1577 0.2088
1201 1578 0.2088
1201 1580 0.1435
1201 1581 0.2088
1201 1582 0.1651
1201 1583 0.2088
1201 1585 0.1727
1201 1588 0.1662
1201 1591 0.1959
1201 1592 0.2474
1201 1593 0.2455
1201 1595 0.1473
1201 1596 0.2286
1201 1598 0.1870
1201 1599 0.2436
1201 1601 0.1479
1201 1603 0.2612
1201 1604 0.2088
1201 1606 0.2661
1201 1608 0.5038
1201 1609 0.1963
1201 1610 0.2728
1201 1611 0.2095
1201 1613 0.3021
1201 1614 0.1479
1201 1616 0.2436
1201 1618 0.2130
1201 1619 0.2571
1201 1621 0.3252
1201 1622 0.2149
1201 1623 0.2878
1201 1624 0.2026
1201 1626 0.3586
1201 1628 0.2088
1201 1629 0.1839
1201 1630 0.2474
1201 1632 0.1839
1201 1633 0.2076
1201 1634 0.2511
1201 1636 0.3400
1201 1637 0.2809
1201 1639 0.1479
1201 1640 0.2507
1201 1641 0.1986
1201 1642 0.1870
1201 1643 0.2095
1201 1646 0.3168
1201 1647 0.2436
1201 1649 0.2088
1201 1650 0.2088
1201 1652 0.1479
1201 1653 0.2171
1201 1654 0.1666
1201 1655 0.1870
1201 1660 0.1557
1201 1661 0.1870
1201 1662 0.2474
1201 1663 0.2440
1201 1664 0.3508
1201 1666 0.2095
1201 1667 0.3321
1201 1668 0.1566
1201 1669 0.2168
1201 1673 0.2436
1201 1674 0.1597
1201 1675 0.2088
1201 1676 0.1651
1201 1678 0.2077
1201 1679 0.2047
1201 1681 0.1479
1201 1682 0.2766
1201 1683 0.2823
1201 1684 0.2088
1201 1685 0.1870
1201 1686 0.1651
1201 1687 0.2018
1201 1688 0.1870
1201 1689 0.2228
1201 1691 0.1953
1201 1692 0.2051
1201 1693 0.1552
1201 1694 0.1524
1201 1697 0.1961
1201 1699 0.1139
1201 1700 0.2976
1201 1701 0.1494
1201 1702 0.1124
1201 1705 0.2317
1201 1706 0.1900
1201 1707 0.1931
1201 1708 0.1905
1201 1709 0.1554
1201 1711 0.1550
1201 1712 0.2141
1201 1713 0.1887
1201 1714 0.2326
1201 1715 0.2432
1201 1717 0.2315
1201 1718 0.2632
1201 1719 0.1479
1201 1726 0.2095
1201 1728 0.1839
1202 1203 0.4035
1202 1204 0.8052
1202 1205 0.1547
1202 1206 0.7730
1202 1208 0.1934
1202 1209 0.7875
1202 1210 0.7579
1202 1211 0.9037
1202 1212 0.5805
1202 1213 0.6878
1202 1216 0.3812
1202 1217 0.8650
1202 1218 0.7171
1202 1219 0.3844
1202 1220 0.1765
1202 1221 0.7961
1202 1223 0.8249
1202 1225 0.9498
1202 1226 0.7286
1202 1227 0.8745
1202 1228 0.1836
1202 1229 0.6921
1202 1230 0.1836
1202 1231 0.8462
1202 1235 0.5092
1202 1236 0.1765
1202 1237 0.6225
1202 1238 0.1765
1202 1240 0.7980
1202 1241 0.5988
1202 1242 0.7484
1202 1244 0.1836
1202 1247 0.8259
1202 1248 0.1949
1202 1249 0.1605
1202 1250 0.5202
1202 1251 0.8926
1202 1252 0.7963
1202 1253 0.1874
1202 1254 0.1808
1202 1256 0.3499
1202 1257 0.1765
1202 1258 0.1636
1202 1259 0.1547
1202 1260 0.2276
1202 1262 0.4209
1202 1263 0.1534
1202 1265 0.2292
1202 1266 0.1921
1202 1267 0.1765
1202 1269 0.6520
1202 1270 0.5024
1202 1271 0.1674
1202 1272 0.1808
1202 1274 0.1765
1202 1275 0.1894
1202 1276 0.1821
1202 1278 0.1808
1202 1279 0.2569
1202 1280 0.1653
1202 1281 0.1494
1202 1282 0.1765
1202 1283 0.2034
1202 1284 0.1543
1202 1286 0.1686
1202 1287 0.1499
1202 1288 0.1836
1202 1289 0.1777
1202 1291 0.2208
1202 1292 0.1675
1202 1293 0.1833
1202 1296 0.1765
1202 1298 0.2013
1202 1299 0.2053
1202 1300 0.1765
1202 1301 0.1961
1202 1303 0.2044
1202 1304 0.1547
1202 1305 0.2019
1202 1306 0.1383
1202 1308 0.2012
1202 1309 0.1547
1202 1310 0.1666
1202 1311 0.1605
1202 1313 0.1836
1202 1315 0.1874
1202 1316 0.2122
1202 1322 0.1375
1202 1323 0.8287
1202 1326 0.2026
1202 1327 0.1765
1202 1329 0.1547
1202 1330 0.6772
1202 1331 0.5928
1202 1333 0.5121
1202 1335 0.2140
1202 1336 0.1612
1202 1337 0.1784
1202 1339 0.5954
1202 1340 0.5931
1202 1342 0.9212
1202 1343 0.1784
1202 1344 0.5170
1202 1346 0.6212
1202 1348 0.1836
1202 1349 0.1912
1202 1350 0.1547
1202 1353 0.1605
1202 1355 0.1677
1202 1356 0.1836
1202 1360 0.8230
1202 1361 0.8277
1202 1362 0.2031
1202 1363 0.7719
1202 1364 0.1645
1202 1367 0.9112
1202 1368 0.2026
1202 1369 0.8361
1202 1370 0.7158
1202 1372 0.6741
1202 1374 0.1765
1202 1376 0.1836
1202 1377 0.1765
1202 1379 0.1874
1202 1380 0.1547
1202 1381 0.5741
1202 1384 0.1605
1202 1386 0.2199
1202 1387 0.1949
1202 1388 0.2161
1202 1389 0.1783
1202 1390 0.1808
1202 1393 0.1605
1202 1394 0.1765
1202 1395 0.1765
1202 1396 0.5665
1202 1397 0.2225
1202 1398 0.1945
1202 1401 0.1808
1202 1402 0.1857
1202 1405 0.1874
1202 1406 0.1839
1202 1408 0.1551
1202 1409 0.1660
1202 1411 0.1836
1202 1412 0.1765
1202 1415 0.1765
1202 1416 0.1640
1202 1418 0.1683
1202 1419 0.2219
1202 1421 0.2118
1202 1423 0.1998
1202 1424 0.1547
1202 1425 0.2026
1202 1426 0.7377
1202 1427 0.1984
1202 1428 0.1605
1202 1431 0.2041
1202 1434 0.4370
1202 1435 0.2019
1202 1436 0.1874
1202 1437 0.1982
1202 1438 0.1674
1202 1439 0.1637
1202 1440 0.2006
1202 1441 0.2012
1202 1445 0.1742
1202 1446 0.1677
1202 1448 0.1836
1202 1449 0.4604
1202 1451 0.1547
1202 1452 0.1945
1202 1453 0.1836
1202 1456 0.2012
1202 1457 0.1874
1202 1458 0.7393
1202 1460 0.1564
1202 1462 0.7726
1202 1463 0.1593
1202 1464 0.1646
1202 1465 0.1836
1202 1466 0.1575
1202 1472 0.1790
1202 1473 0.4168
1202 1476 0.1836
1202 1477 0.1874
1202 1479 0.1812
1202 1482 0.1836
1202 1484 0.1578
1202 1485 0.1617
1202 1490 0.1836
1202 1491 0.1611
1202 1493 0.1671
1202 1494 0.7259
1202 1497 0.3812
1202 1499 0.1836
1202 1500 0.1780
1202 1503 0.1894
1202 1504 0.1917
1202 1505 0.1765
1202 1506 0.1836
1202 1507 0.1547
1202 1508 0.1547
1202 1510 0.1547
1202 1512 0.1765
1202 1513 0.1639
1202 1516 0.2197
1202 1517 0.2031
1202 1518 0.1683
1202 1519 0.2072
1202 1520 0.2129
1202 1522 0.1940
1202 1523 0.1605
1202 1525 0.7708
1202 1526 0.1267
1202 1527 0.1869
1202 1529 0.8416
1202 1530 0.2042
1202 1532 0.1375
1202 1534 0.1836
1202 1535 0.1547
1202 1536 0.1791
1202 1538 0.2062
1202 1540 0.1605
1202 1541 0.1781
1202 1542 0.6238
1202 1544 0.1479
1202 1545 0.1547
1202 1547 0.2072
1202 1548 0.1570
1202 1549 0.1610
1202 1551 0.1530
1202 1554 0.1765
1202 1555 0.1547
1202 1566 0.1657
1202 1567 0.1786
1202 1568 0.6333
1202 1570 0.1683
1202 1571 0.1976
1202 1573 0.7611
1202 1574 0.1836
1202 1577 0.1547
1202 1578 0.1547
1202 1580 0.6983
1202 1581 0.1547
1202 1582 0.1874
1202 1583 0.1547
1202 1585 0.1692
1202 1588 0.9523
1202 1591 0.6872
1202 1592 0.1784
1202 1593 0.7045
1202 1595 0.7691
1202 1596 0.5361
1202 1598 0.1765
1202 1599 0.6925
1202 1601 0.1605
1202 1603 0.8099
1202 1604 0.1547
1202 1606 0.9239
1202 1608 0.6329
1202 1609 0.8035
1202 1610 0.8181
1202 1611 0.1836
1202 1613 0.7648
1202 1614 0.1605
1202 1616 0.7393
1202 1618 0.2264
1202 1619 0.7851
1202 1621 0.8209
1202 1622 0.9434
1202 1623 0.7055
1202 1624 0.6667
1202 1626 0.5328
1202 1628 0.1547
1202 1629 0.2031
1202 1630 0.5616
1202 1632 0.2031
1202 1633 0.1905
1202 1634 0.6579
1202 1636 0.7092
1202 1637 0.8155
1202 1639 0.1605
1202 1640 0.6087
1202 1641 0.8780
1202 1642 0.1765
1202 1643 0.1836
1202 1646 0.1697
1202 1647 0.1808
1202 1649 0.1547
1202 1650 0.1547
1202 1652 0.1605
1202 1653 0.1921
1202 1654 0.1732
1202 1655 0.1765
1202 1660 0.1586
1202 1661 0.1765
1202 1662 0.1784
1202 1663 0.1545
1202 1664 0.1857
1202 1666 0.1836
1202 1667 0.1798
1202 1668 0.2127
1202 1669 0.1521
1202 1673 0.4168
1202 1674 0.1704
1202 1675 0.1547
1202 1676 0.3844
1202 1678 0.1630
1202 1679 0.1553
1202 1681 0.1605
1202 1682 0.1578
1202 1683 0.7162
1202 1684 0.1547
1202 1685 0.1765
1202 1686 0.1874
1202 1687 0.6971
1202 1688 0.1765
1202 1689 0.2232
1202 1691 0.1604
1202 1692 0.1740
1202 1693 0.1582
1202 1694 0.1699
1202 1697 0.1489
1202 1699 0.2014
1202 1700 0.2010
1202 1701 0.1564
1202 1702 0.1977
1202 1705 0.1839
1202 1706 0.1988
1202 1707 0.2024
1202 1708 0.1467
1202 1709 0.4973
1202 1711 0.2040
1202 1712 0.2178
1202 1713 0.1989
1202 1714 0.4121
1202 1715 0.1754
1202 1717 0.2321
1202 1718 0.1550
1202 1719 0.1605
1202 1726 0.1836
1202 1728 0.1517
1203 1204 0.1985
1203 1205 0.1939
1203 1206 0.2165
1203 1208 0.7026
1203 1209 0.1867
1203 1210 0.2191
1203 1211 0.4175
1203 1212 0.3102
1203 1213 0.1777
1203 1216 0.1619
1203 1217 0.2037
1203 1218 0.1743
1203 1219 0.1844
1203 1220 0.1867
1203 1221 0.2045
1203 1223 0.1581
1203 1225 0.5063
1203 1226 0.2225
1203 1227 0.3071
1203 1228 0.1619
1203 1229 0.1771
1203 1230 0.1619
1203 1231 0.1713
1203 1235 0.2202
1203 1236 0.1867
1203 1237 0.1841
1203 1238 0.1867
1203 1240 0.2181
1203 1241 0.1906
1203 1242 0.3436
1203 1244 0.1619
1203 1247 0.2687
1203 1248 0.2056
1203 1249 0.2713
1203 1250 0.1632
1203 1251 0.2592
1203 1252 0.3002
1203 1253 0.1844
1203 1254 0.1832
1203 1256 0.2167
1203 1257 0.1867
1203 1258 0.3520
1203 1259 0.1939
1203 1260 0.2050
1203 1262 0.5138
1203 1263 0.1459
1203 1265 0.1801
1203 1266 0.1856
1203 1267 0.1867
1203 1269 0.2115
1203 1270 0.1660
1203 1271 0.1812
1203 1272 0.1832
1203 1274 0.1867
1203 1275 0.1765
1203 1276 0.5401
1203 1278 0.1832
1203 1279 0.1541
1203 1280 0.1877
1203 1281 0.1610
1203 1282 0.1867
1203 1283 0.1982
1203 1284 0.1424
1203 1286 0.1746
1203 1287 0.1442
1203 1288 0.1619
1203 1289 0.1402
1203 1291 0.1584
1203 1292 0.2017
1203 1293 0.1579
1203 1296 0.1867
1203 1298 0.1915
1203 1299 0.1394
1203 1300 0.1867
1203 1301 0.1713
1203 1303 0.1971
1203 1304 0.1939
1203 1305 0.1267
1203 1306 0.1536
1203 1308 0.2176
1203 1309 0.1939
1203 1310 0.1576
1203 1311 0.2713
1203 1313 0.1619
1203 1315 0.1844
1203 1316 0.1964
1203 1322 0.1677
1203 1323 0.1687
1203 1326 0.1903
1203 1327 0.1867
1203 1329 0.1939
1203 1330 0.4665
1203 1331 0.2197
1203 1333 0.1775
1203 1335 0.4951
1203 1336 0.3657
1203 1337 0.1906
1203 1339 0.1549
1203 1340 0.1478
1203 1342 0.3477
1203 1343 0.1906
1203 1344 0.1820
1203 1346 0.1704
1203 1348 0.1619
1203 1349 0.4624
1203 1350 0.1939
1203 1353 0.2713
1203 1355 0.3835
1203 1356 0.1619
1203 1360 0.7385
1203 1361 0.1685
1203 1362 0.1959
1203 1363 0.1619
1203 1364 0.1709
1203 1367 0.6828
1203 1368 0.1903
1203 1369 0.9013
1203 1370 0.1857
1203 1372 0.2356
1203 1374 0.1867
1203 1376 0.2907
1203 1377 0.1867
1203 1379 0.1844
1203 1380 0.1939
1203 1381 0.1867
1203 1384 0.2713
1203 1386 0.2042
1203 1387 0.1567
1203 1388 0.1718
1203 1389 0.1712
1203 1390 0.1832
1203 1393 0.2713
1203 1394 0.3778
1203 1395 0.1867
1203 1396 0.4493
1203 1397 0.1716
1203 1398 0.1937
1203 1401 0.1832
1203 1402 0.1820
1203 1405 0.1844
1203 1406 0.5258
1203 1408 0.1494
1203 1409 0.1707
1203 1411 0.1619
1203 1412 0.1867
1203 1415 0.1867
1203 1416 0.1691
1203 1418 0.3049
1203 1419 0.1699
1203 1421 0.5893
1203 1423 0.7744
1203 1424 0.1939
1203 1425 0.3317
1203 1426 0.1735
1203 1427 0.8096
1203 1428 0.2713
1203 1431 0.8140
1203 1434 0.9588
1203 1435 0.8593
1203 1436 0.1844
1203 1437 0.7525
1203 1438 0.5198
1203 1439 0.5084
1203 1440 0.8074
1203 1441 0.6523
1203 1445 0.3904
1203 1446 0.3355
1203 1448 0.1619
1203 1449 0.1832
1203 1451 0.1939
1203 1452 0.1937
1203 1453 0.1619
1203 1456 0.2176
1203 1457 0.1844
1203 1458 0.1832
1203 1460 0.1533
1203 1462 0.1868
1203 1463 0.2424
1203 1464 0.1628
1203 1465 0.1619
1203 1466 0.1455
1203 1472 0.1689
1203 1473 0.1832
1203 1476 0.1619
1203 1477 0.1844
1203 1479 0.1784
1203 1482 0.1619
1203 1484 0.1383
1203 1485 0.1732
1203 1490 0.1619
1203 1491 0.2640
1203 1493 0.1772
1203 1494 0.1758
1203 1497 0.1619
1203 1499 0.1619
1203 1500 0.1844
1203 1503 0.2110
1203 1504 0.2202
1203 1505 0.1867
1203 1506 0.1619
1203 1507 0.1939
1203 1508 0.1939
1203 1510 0.1939
1203 1512 0.1867
1203 1513 0.1619
1203 1516 0.2315
1203 1517 0.1959
1203 1518 0.1675
1203 1519 0.1937
1203 1520 0.2027
1203 1522 0.1539
1203 1523 0.2713
1203 1525 0.1683
1203 1526 0.1923
1203 1527 0.1767
1203 1529 0.3149
1203 1530 0.1951
1203 1532 0.1677
1203 1534 0.1619
1203 1535 0.1939
1203 1536 0.1802
1203 1538 0.1358
1203 1540 0.2713
1203 1541 0.1779
1203 1542 0.1589
1203 1544 0.1733
1203 1545 0.1939
1203 1547 0.1878
1203 1548 0.1344
1203 1549 0.1653
1203 1551 0.1576
1203 1554 0.1867
1203 1555 0.1939
1203 1566 0.1605
1203 1567 0.1570
1203 1568 0.3012
1203 1570 0.3049
1203 1571 0.2298
1203 1573 0.1714
1203 1574 0.1619
1203 1577 0.1939
1203 1578 0.1939
1203 1580 0.3223
1203 1581 0.1939
1203 1582 0.4191
1203 1583 0.1939
1203 1585 0.3509
1203 1588 0.4789
1203 1591 0.1597
1203 1592 0.1906
1203 1593 0.4934
1203 1595 0.1628
1203 1596 0.4253
1203 1598 0.1867
1203 1599 0.2491
1203 1601 0.2713
1203 1603 0.1985
1203 1604 0.1939
1203 1606 0.4470
1203 1608 0.2949
1203 1609 0.1609
1203 1610 0.1360
1203 1611 0.1619
1203 1613 0.2167
1203 1614 0.2713
1203 1616 0.1832
1203 1618 0.2154
1203 1619 0.2013
1203 1621 0.4113
1203 1622 0.4449
1203 1623 0.5117
1203 1624 0.1676
1203 1626 0.1775
1203 1628 0.1939
1203 1629 0.1959
1203 1630 0.1906
1203 1632 0.1959
1203 1633 0.2015
1203 1634 0.2979
1203 1636 0.2181
1203 1637 0.2312
1203 1639 0.2713
1203 1640 0.2005
1203 1641 0.7086
1203 1642 0.1867
1203 1643 0.2689
1203 1646 0.1632
1203 1647 0.1832
1203 1649 0.1939
1203 1650 0.1939
1203 1652 0.2713
1203 1653 0.1856
1203 1654 0.1668
1203 1655 0.1867
1203 1660 0.1492
1203 1661 0.1867
1203 1662 0.1906
1203 1663 0.1533
1203 1664 0.1820
1203 1666 0.1619
1203 1667 0.1808
1203 1668 0.1900
1203 1669 0.1916
1203 1673 0.1832
1203 1674 0.3219
1203 1675 0.1939
1203 1676 0.1844
1203 1678 0.1921
1203 1679 0.1614
1203 1681 0.2713
1203 1682 0.1383
1203 1683 0.1913
1203 1684 0.1939
1203 1685 0.1867
1203 1686 0.1844
1203 1687 0.1747
1203 1688 0.1867
1203 1689 0.2276
1203 1691 0.5691
1203 1692 0.1696
1203 1693 0.1481
1203 1694 0.1684
1203 1697 0.1726
1203 1699 0.5987
1203 1700 0.6164
1203 1701 0.3229
1203 1702 0.6299
1203 1705 0.4776
1203 1706 0.8105
1203 1707 0.7956
1203 1708 0.5446
1203 1709 0.3160
1203 1711 0.6885
1203 1712 0.9390
1203 1713 0.7836
1203 1714 0.6555
1203 1715 0.3148
1203 1717 0.9702
1203 1718 0.2980
1203 1719 0.2713
1203 1726 0.1619
1203 1728 0.3825
1204 1205 0.1804
1204 1206 0.3106
1204 1208 0.2143
1204 1209 0.3693
1204 1210 0.6118
1204 1211 0.7957
1204 1212 0.2356
1204 1213 0.4584
1204 1216 0.2211
1204 1217 0.4544
1204 1218 0.5153
1204 1219 0.2230
1204 1220 0.2160
1204 1221 0.4830
1204 1223 0.5282
1204 1225 0.6688
1204 1226 0.2901
1204 1227 0.6878
1204 1228 0.2211
1204 1229 0.2235
1204 1230 0.2211
1204 1231 0.5087
1204 1235 0.2299
1204 1236 0.2160
1204 1237 0.2298
1204 1238 0.2160
1204 1240 0.3276
1204 1241 0.3600
1204 1242 0.3615
1204 1244 0.2211
1204 1247 0.4545
1204 1248 0.2313
1204 1249 0.1732
1204 1250 0.1920
1204 1251 0.4230
1204 1252 0.2475
1204 1253 0.2230
1204 1254 0.2031
1204 1256 0.2437
1204 1257 0.2160
1204 1258 0.1964
1204 1259 0.1804
1204 1260 0.2572
1204 1262 0.2081
1204 1263 0.1919
1204 1265 0.1835
1204 1266 0.2277
1204 1267 0.2160
1204 1269 0.2531
1204 1270 0.2170
1204 1271 0.2156
1204 1272 0.2031
1204 1274 0.2160
1204 1275 0.1754
1204 1276 0.2218
1204 1278 0.2031
1204 1279 0.2154
1204 1280 0.2110
1204 1281 0.3883
1204 1282 0.2160
1204 1283 0.4012
1204 1284 0.1886
1204 1286 0.2102
1204 1287 0.4555
1204 1288 0.2211
1204 1289 0.1676
1204 1291 0.5290
1204 1292 0.1748
1204 1293 0.2104
1204 1296 0.2160
1204 1298 0.2419
1204 1299 0.6016
1204 1300 0.2787
1204 1301 0.2195
1204 1303 0.5713
1204 1304 0.1804
1204 1305 0.4036
1204 1306 0.1874
1204 1308 0.2358
1204 1309 0.1804
1204 1310 0.1854
1204 1311 0.1732
1204 1313 0.2211
1204 1315 0.2230
1204 1316 0.3329
1204 1322 0.4471
1204 1323 0.3817
1204 1326 0.2356
1204 1327 0.2160
1204 1329 0.1804
1204 1330 0.2323
1204 1331 0.3353
1204 1333 0.5303
1204 1335 0.2291
1204 1336 0.2039
1204 1337 0.2051
1204 1339 0.1981
1204 1340 0.1948
1204 1342 0.5108
1204 1343 0.2051
1204 1344 0.5659
1204 1346 0.2174
1204 1348 0.2211
1204 1349 0.2152
1204 1350 0.1804
1204 1353 0.1732
1204 1355 0.1841
1204 1356 0.2211
1204 1360 0.4015
1204 1361 0.4718
1204 1362 0.2448
1204 1363 0.2211
1204 1364 0.4199
1204 1367 0.7401
1204 1368 0.2356
1204 1369 0.7114
1204 1370 0.6588
1204 1372 0.3070
1204 1374 0.2160
1204 1376 0.2211
1204 1377 0.2160
1204 1379 0.2230
1204 1380 0.1804
1204 1381 0.2160
1204 1384 0.1732
1204 1386 0.2667
1204 1387 0.1932
1204 1388 0.2169
1204 1389 0.2282
1204 1390 0.2031
1204 1393 0.1732
1204 1394 0.2160
1204 1395 0.2160
1204 1396 0.2348
1204 1397 0.1999
1204 1398 0.2369
1204 1401 0.2031
1204 1402 0.2187
1204 1405 0.2230
1204 1406 0.2506
1204 1408 0.4100
1204 1409 0.2019
1204 1411 0.2211
1204 1412 0.2160
1204 1415 0.2160
1204 1416 0.2070
1204 1418 0.1905
1204 1419 0.2166
1204 1421 0.1762
1204 1423 0.2028
1204 1424 0.1804
1204 1425 0.2356
1204 1426 0.3482
1204 1427 0.1887
1204 1428 0.1732
1204 1431 0.1929
1204 1434 0.2172
1204 1435 0.2037
1204 1436 0.2230
1204 1437 0.1915
1204 1438 0.1598
1204 1439 0.2024
1204 1440 0.1911
1204 1441 0.2041
1204 1445 0.1934
1204 1446 0.1841
1204 1448 0.3726
1204 1449 0.5666
1204 1451 0.1804
1204 1452 0.2369
1204 1453 0.2211
1204 1456 0.2358
1204 1457 0.2230
1204 1458 0.3772
1204 1460 0.6257
1204 1462 0.4579
1204 1463 0.4597
1204 1464 0.2084
1204 1465 0.2211
1204 1466 0.1942
1204 1472 0.2151
1204 1473 0.2031
1204 1476 0.2211
1204 1477 0.2230
1204 1479 0.7178
1204 1482 0.2211
1204 1484 0.2001
1204 1485 0.3880
1204 1490 0.2211
1204 1491 0.3850
1204 1493 0.4213
1204 1494 0.7001
1204 1497 0.2211
1204 1499 0.2211
1204 1500 0.4467
1204 1503 0.6021
1204 1504 0.3792
1204 1505 0.2160
1204 1506 0.2211
1204 1507 0.1804
1204 1508 0.1804
1204 1510 0.1804
1204 1512 0.2160
1204 1513 0.5865
1204 1516 0.2628
1204 1517 0.2448
1204 1518 0.2166
1204 1519 0.4136
1204 1520 0.3875
1204 1522 0.5039
1204 1523 0.1732
1204 1525 0.3226
1204 1526 0.4739
1204 1527 0.1792
1204 1529 0.5426
1204 1530 0.3113
1204 1532 0.4471
1204 1534 0.2211
1204 1535 0.1804
1204 1536 0.2034
1204 1538 0.4838
1204 1540 0.1732
1204 1541 0.2000
1204 1542 0.4536
1204 1544 0.1828
1204 1545 0.1804
1204 1547 0.4427
1204 1548 0.1953
1204 1549 0.4039
1204 1551 0.4973
1204 1554 0.2160
1204 1555 0.1804
1204 1566 0.4010
1204 1567 0.2170
1204 1568 0.4087
1204 1570 0.1905
1204 1571 0.2398
1204 1573 0.2142
1204 1574 0.2211
1204 1577 0.1804
1204 1578 0.1804
1204 1580 0.4567
1204 1581 0.1804
1204 1582 0.2230
1204 1583 0.1804
1204 1585 0.2092
1204 1588 0.7923
1204 1591 0.5269
1204 1592 0.2051
1204 1593 0.5384
1204 1595 0.4087
1204 1596 0.2081
1204 1598 0.2160
1204 1599 0.3772
1204 1601 0.1732
1204 1603 0.3997
1204 1604 0.1804
1204 1606 0.6929
1204 1608 0.3179
1204 1609 0.4718
1204 1610 0.5163
1204 1611 0.2211
1204 1613 0.5813
1204 1614 0.1732
1204 1616 0.3772
1204 1618 0.2793
