1036 1237 0.2032
1036 1238 0.1870
1036 1240 0.3336
1036 1241 0.1798
1036 1242 0.2075
1036 1244 0.2032
1036 1247 0.2000
1036 1248 0.5324
1036 1249 0.2223
1036 1250 0.2016
1036 1251 0.2078
1036 1252 0.2118
1036 1253 0.1773
1036 1254 0.1804
1036 1256 0.1937
1036 1257 0.1870
1036 1258 0.1950
1036 1259 0.2376
1036 1260 0.1954
1036 1262 0.1351
1036 1263 0.1964
1036 1265 0.1958
1036 1266 0.2251
1036 1267 0.1870
1036 1269 0.2056
1036 1270 0.1953
1036 1271 0.1988
1036 1272 0.1804
1036 1274 0.1870
1036 1275 0.1948
1036 1276 0.1964
1036 1278 0.1804
1036 1279 0.1961
1036 1280 0.2029
1036 1281 0.7629
1036 1282 0.5940
1036 1283 0.9741
1036 1284 0.7129
1036 1286 0.7679
1036 1287 0.8170
1036 1288 0.2032
1036 1289 0.8553
1036 1291 0.8710
1036 1292 0.9857
1036 1293 0.6110
1036 1296 0.4291
1036 1298 0.9847
1036 1299 0.9776
1036 1300 0.5685
1036 1301 0.8878
1036 1303 0.9718
1036 1304 0.2376
1036 1305 0.8935
1036 1306 0.8455
1036 1308 0.5766
1036 1309 0.2376
1036 1310 0.7233
1036 1311 0.2223
1036 1313 0.5358
1036 1315 0.7918
1036 1316 0.9712
1036 1322 0.8985
1036 1323 0.1947
1036 1326 0.1855
1036 1327 0.1870
1036 1329 0.2376
1036 1330 0.1968
1036 1331 0.1946
1036 1333 0.1976
1036 1335 0.1758
1036 1336 0.2026
1036 1337 0.1798
1036 1339 0.1375
1036 1340 0.1991
1036 1342 0.1540
1036 1343 0.1798
1036 1344 0.1997
1036 1346 0.1970
1036 1348 0.2032
1036 1349 0.1979
1036 1350 0.2376
1036 1353 0.2223
1036 1355 0.1703
1036 1356 0.2032
1036 1360 0.1064
1036 1361 0.1990
1036 1362 0.1970
1036 1363 0.2032
1036 1364 0.1986
1036 1367 0.3432
1036 1368 0.1855
1036 1369 0.4783
1036 1370 0.5288
1036 1372 0.2004
1036 1374 0.1870
1036 1376 0.2032
1036 1377 0.1870
1036 1379 0.1971
1036 1380 0.2376
1036 1381 0.1870
1036 1384 0.2223
1036 1386 0.1877
1036 1387 0.1976
1036 1388 0.1973
1036 1389 0.2049
1036 1390 0.1804
1036 1393 0.2223
1036 1394 0.1870
1036 1395 0.1870
1036 1396 0.2407
1036 1397 0.1972
1036 1398 0.2127
1036 1401 0.1804
1036 1402 0.1997
1036 1405 0.1773
1036 1406 0.2045
1036 1408 0.1995
1036 1409 0.1975
1036 1411 0.2032
1036 1412 0.1870
1036 1415 0.1870
1036 1416 0.2015
1036 1418 0.1938
1036 1419 0.1972
1036 1421 0.1908
1036 1423 0.1921
1036 1424 0.2376
1036 1425 0.1855
1036 1426 0.2030
1036 1427 0.1911
1036 1428 0.2223
1036 1431 0.1919
1036 1434 0.2017
1036 1435 0.1955
1036 1436 0.1773
1036 1437 0.1901
1036 1438 0.1898
1036 1439 0.1936
1036 1440 0.1931
1036 1441 0.1907
1036 1445 0.1769
1036 1446 0.1703
1036 1448 0.2032
1036 1449 0.1804
1036 1451 0.2376
1036 1452 0.2127
1036 1453 0.2523
1036 1456 0.1731
1036 1457 0.1773
1036 1458 0.1804
1036 1460 0.2024
1036 1462 0.4892
1036 1463 0.2022
1036 1464 0.1983
1036 1465 0.2223
1036 1466 0.1994
1036 1472 0.1975
1036 1473 0.2274
1036 1476 0.2032
1036 1477 0.1971
1036 1479 0.1976
1036 1482 0.2032
1036 1484 0.2014
1036 1485 0.2041
1036 1490 0.2032
1036 1491 0.2020
1036 1493 0.1981
1036 1494 0.2027
1036 1497 0.3069
1036 1499 0.2032
1036 1500 0.2082
1036 1503 0.1998
1036 1504 0.2547
1036 1505 0.1870
1036 1506 0.2032
1036 1507 0.2376
1036 1508 0.2376
1036 1510 0.2376
1036 1512 0.1870
1036 1513 0.6373
1036 1516 0.2003
1036 1517 0.1970
1036 1518 0.2085
1036 1519 0.9849
1036 1520 0.9897
1036 1522 0.9632
1036 1523 0.2223
1036 1525 0.6870
1036 1526 0.9600
1036 1527 0.9013
1036 1529 0.6150
1036 1530 0.9728
1036 1532 0.8985
1036 1534 0.5358
1036 1535 0.2376
1036 1536 0.6858
1036 1538 0.9492
1036 1540 0.2223
1036 1541 0.7463
1036 1542 0.9266
1036 1544 0.8522
1036 1545 0.2376
1036 1547 0.9765
1036 1548 0.7525
1036 1549 0.8060
1036 1551 0.7883
1036 1554 0.3756
1036 1555 0.2376
1036 1566 0.9427
1036 1567 0.7664
1036 1568 0.1952
1036 1570 0.1938
1036 1571 0.2324
1036 1573 0.2007
1036 1574 0.2032
1036 1577 0.2376
1036 1578 0.2376
1036 1580 0.2036
1036 1581 0.2376
1036 1582 0.1773
1036 1583 0.2376
1036 1585 0.2068
1036 1588 0.1983
1036 1591 0.1968
1036 1592 0.1798
1036 1593 0.1688
1036 1595 0.1976
1036 1596 0.2062
1036 1598 0.1870
1036 1599 0.1354
1036 1601 0.2032
1036 1603 0.1850
1036 1604 0.2376
1036 1606 0.2130
1036 1608 0.2234
1036 1609 0.1976
1036 1610 0.2015
1036 1611 0.2032
1036 1613 0.1970
1036 1614 0.2223
1036 1616 0.1804
1036 1618 0.2163
1036 1619 0.2186
1036 1621 0.2684
1036 1622 0.1288
1036 1623 0.2026
1036 1624 0.2001
1036 1626 0.1976
1036 1628 0.2376
1036 1629 0.1970
1036 1630 0.1798
1036 1632 0.1970
1036 1633 0.2079
1036 1634 0.1971
1036 1636 0.1947
1036 1637 0.2069
1036 1639 0.2223
1036 1640 0.1992
1036 1641 0.1993
1036 1642 0.1870
1036 1643 0.2032
1036 1646 0.1994
1036 1647 0.1804
1036 1649 0.2376
1036 1650 0.2376
1036 1652 0.2223
1036 1653 0.2251
1036 1654 0.2031
1036 1655 0.1870
1036 1660 0.2050
1036 1661 0.1870
1036 1662 0.1798
1036 1663 0.1992
1036 1664 0.1997
1036 1666 0.2032
1036 1667 0.2036
1036 1668 0.1983
1036 1669 0.1951
1036 1673 0.1804
1036 1674 0.1982
1036 1675 0.2376
1036 1676 0.1773
1036 1678 0.1963
1036 1679 0.1981
1036 1681 0.2223
1036 1682 0.2014
1036 1683 0.3279
1036 1684 0.2376
1036 1685 0.1870
1036 1686 0.1773
1036 1687 0.3571
1036 1688 0.1870
1036 1689 0.1977
1036 1691 0.1960
1036 1692 0.1957
1036 1693 0.1993
1036 1694 0.1954
1036 1697 0.1968
1036 1699 0.1899
1036 1700 0.1902
1036 1701 0.1978
1036 1702 0.1875
1036 1705 0.1917
1036 1706 0.1919
1036 1707 0.1955
1036 1708 0.1929
1036 1709 0.1986
1036 1711 0.1904
1036 1712 0.1970
1036 1713 0.1913
1036 1714 0.1538
1036 1715 0.1763
1036 1717 0.1976
1036 1718 0.1987
1036 1719 0.2376
1036 1726 0.2032
1036 1728 0.1909
1037 1040 0.2509
1037 1041 0.2223
1037 1042 0.2560
1037 1043 0.2383
1037 1045 0.2574
1037 1046 0.4180
1037 1047 0.3874
1037 1048 0.2503
1037 1049 0.4566
1037 1050 0.5747
1037 1052 0.2639
1037 1053 0.1815
1037 1055 0.4180
1037 1056 0.1966
1037 1057 0.2933
1037 1058 0.2457
1037 1059 0.2124
1037 1060 0.2120
1037 1061 0.2986
1037 1062 0.2258
1037 1063 0.2653
1037 1065 0.2579
1037 1066 0.7996
1037 1067 0.3030
1037 1068 0.5682
1037 1069 0.2505
1037 1070 0.1915
1037 1072 0.2472
1037 1075 0.2672
1037 1076 0.2518
1037 1077 0.2252
1037 1079 0.2005
1037 1080 0.4039
1037 1081 0.1798
1037 1082 0.2930
1037 1083 0.2496
1037 1084 0.2639
1037 1087 0.2933
1037 1089 0.7261
1037 1090 0.6166
1037 1093 0.2252
1037 1094 0.2305
1037 1095 0.2258
1037 1096 0.2177
1037 1097 0.2639
1037 1099 0.2185
1037 1102 0.1942
1037 1103 0.4232
1037 1104 0.5561
1037 1105 0.6104
1037 1106 0.2655
1037 1107 0.2376
1037 1108 0.5048
1037 1110 0.2639
1037 1111 0.2046
1037 1113 0.2252
1037 1115 0.2518
1037 1116 0.2778
1037 1117 0.2030
1037 1118 0.4205
1037 1119 0.2258
1037 1122 0.2933
1037 1123 0.4817
1037 1125 0.4281
1037 1126 0.2933
1037 1127 0.2183
1037 1128 0.2147
1037 1129 0.2037
1037 1130 0.2228
1037 1134 0.2290
1037 1135 0.2378
1037 1138 0.4953
1037 1141 0.5383
1037 1142 0.2949
1037 1146 0.4180
1037 1147 0.3762
1037 1150 0.4829
1037 1151 0.2270
1037 1152 0.5143
1037 1153 0.4388
1037 1154 0.6597
1037 1157 0.4135
1037 1158 0.2716
1037 1160 0.2077
1037 1161 0.2290
1037 1162 0.5204
1037 1163 0.1915
1037 1165 0.2712
1037 1166 0.4620
1037 1167 0.2920
1037 1169 0.6464
1037 1172 0.4874
1037 1176 0.4095
1037 1177 0.2290
1037 1180 0.7445
1037 1182 0.2324
1037 1185 0.6644
1037 1186 0.2061
1037 1187 0.4521
1037 1188 0.2258
1037 1189 0.3191
1037 1193 0.5304
1037 1194 0.3932
1037 1195 0.2505
1037 1196 0.3855
1037 1199 0.2661
1037 1200 0.5820
1037 1201 0.2933
1037 1202 0.8737
1037 1203 0.3894
1037 1204 0.4585
1037 1205 0.2933
1037 1206 0.5923
1037 1208 0.7067
1037 1209 0.4874
1037 1210 0.7146
1037 1211 0.8688
1037 1212 0.2890
1037 1213 0.5389
1037 1216 0.2639
1037 1217 0.5889
1037 1218 0.4397
1037 1219 0.2258
1037 1220 0.2290
1037 1221 0.6008
1037 1223 0.6263
1037 1225 0.6688
1037 1226 0.6276
1037 1227 0.7559
1037 1228 0.2639
1037 1229 0.2563
1037 1230 0.2639
1037 1231 0.5888
1037 1235 0.2505
1037 1236 0.2290
1037 1237 0.4834
1037 1238 0.2290
1037 1240 0.6256
1037 1241 0.4222
1037 1242 0.7990
1037 1244 0.2639
1037 1247 0.6367
1037 1248 0.2867
1037 1249 0.4180
1037 1250 0.2523
1037 1251 0.4098
1037 1252 0.3144
1037 1253 0.2258
1037 1254 0.2518
1037 1256 0.2616
1037 1257 0.2290
1037 1258 0.2384
1037 1259 0.2933
1037 1260 0.2942
1037 1262 0.4444
1037 1263 0.2087
1037 1265 0.5085
1037 1266 0.3191
1037 1267 0.2290
1037 1269 0.3061
1037 1270 0.4804
1037 1271 0.2445
1037 1272 0.2518
1037 1274 0.2290
1037 1275 0.4561
1037 1276 0.5030
1037 1278 0.2518
1037 1279 0.2089
1037 1280 0.2434
1037 1281 0.1884
1037 1282 0.2290
1037 1283 0.2014
1037 1284 0.1882
1037 1286 0.2260
1037 1287 0.1838
1037 1288 0.2639
1037 1289 0.1703
1037 1291 0.2122
1037 1292 0.1578
1037 1293 0.2201
1037 1296 0.2290
1037 1298 0.1902
1037 1299 0.1427
1037 1300 0.2290
1037 1301 0.2349
1037 1303 0.2040
1037 1304 0.2933
1037 1305 0.1744
1037 1306 0.2102
1037 1308 0.2410
1037 1309 0.2933
1037 1310 0.2459
1037 1311 0.4180
1037 1313 0.2639
1037 1315 0.2258
1037 1316 0.1968
1037 1322 0.1972
1037 1323 0.5289
1037 1326 0.2890
1037 1327 0.2290
1037 1329 0.2933
1037 1330 0.5322
1037 1331 0.4294
1037 1333 0.2420
1037 1335 0.5260
1037 1336 0.3596
1037 1337 0.2495
1037 1339 0.2053
1037 1340 0.1973
1037 1342 0.4991
1037 1343 0.2495
1037 1344 0.2672
1037 1346 0.2513
1037 1348 0.2639
1037 1349 0.2778
1037 1350 0.2933
1037 1353 0.4180
1037 1355 0.3498
1037 1356 0.2639
1037 1360 0.4309
1037 1361 0.5691
1037 1362 0.2716
1037 1363 0.2639
1037 1364 0.2327
1037 1367 0.7549
1037 1368 0.2890
1037 1369 0.8210
1037 1370 0.6923
1037 1372 0.3693
1037 1374 0.2290
1037 1376 0.2639
1037 1377 0.2290
1037 1379 0.2258
1037 1380 0.2933
1037 1381 0.2290
1037 1384 0.4180
1037 1386 0.2704
1037 1387 0.2015
1037 1388 0.2179
1037 1389 0.2742
1037 1390 0.2518
1037 1393 0.4180
1037 1394 0.2290
1037 1395 0.2290
1037 1396 0.2636
1037 1397 0.2211
1037 1398 0.2500
1037 1401 0.2518
1037 1402 0.2672
1037 1405 0.2258
1037 1406 0.2724
1037 1408 0.2159
1037 1409 0.2068
1037 1411 0.2639
1037 1412 0.2290
1037 1415 0.2290
1037 1416 0.2404
1037 1418 0.4219
1037 1419 0.2349
1037 1421 0.5489
1037 1423 0.6458
1037 1424 0.2933
1037 1425 0.2890
1037 1426 0.4083
1037 1427 0.4883
1037 1428 0.4180
1037 1431 0.3758
1037 1434 0.9550
1037 1435 0.5272
1037 1436 0.2258
1037 1437 0.5135
1037 1438 0.5722
1037 1439 0.4786
1037 1440 0.7196
1037 1441 0.5627
1037 1445 0.4076
1037 1446 0.4089
1037 1448 0.2639
1037 1449 0.2518
1037 1451 0.2933
1037 1452 0.2500
1037 1453 0.2639
1037 1456 0.2410
1037 1457 0.2258
1037 1458 0.4779
1037 1460 0.2240
1037 1462 0.5100
1037 1463 0.2269
1037 1464 0.2282
1037 1465 0.4180
1037 1466 0.1963
1037 1472 0.2298
1037 1473 0.2518
1037 1476 0.2639
1037 1477 0.2258
1037 1479 0.2220
1037 1482 0.2639
1037 1484 0.2221
1037 1485 0.2181
1037 1490 0.2639
1037 1491 0.1995
1037 1493 0.2305
1037 1494 0.4855
1037 1497 0.2639
1037 1499 0.2639
1037 1500 0.2236
1037 1503 0.2564
1037 1504 0.2505
1037 1505 0.2290
1037 1506 0.2639
1037 1507 0.2933
1037 1508 0.2933
1037 1510 0.2933
1037 1512 0.2290
1037 1513 0.2199
1037 1516 0.3333
1037 1517 0.2716
1037 1518 0.2194
1037 1519 0.1944
1037 1520 0.2027
1037 1522 0.1903
1037 1523 0.4180
1037 1525 0.4914
1037 1526 0.2209
1037 1527 0.1932
1037 1529 0.5124
1037 1530 0.1966
1037 1532 0.1972
1037 1534 0.2639
1037 1535 0.2933
1037 1536 0.2522
1037 1538 0.1525
1037 1540 0.4180
1037 1541 0.2472
1037 1542 0.3217
1037 1544 0.2067
1037 1545 0.2933
1037 1547 0.1973
1037 1548 0.2432
1037 1549 0.2250
1037 1551 0.1935
1037 1554 0.2290
1037 1555 0.2933
1037 1566 0.2054
1037 1567 0.2396
1037 1568 0.4860
1037 1570 0.4219
1037 1571 0.3190
1037 1573 0.2275
1037 1574 0.2639
1037 1577 0.2933
1037 1578 0.2933
1037 1580 0.5388
1037 1581 0.2933
1037 1582 0.4109
1037 1583 0.2933
1037 1585 0.4106
1037 1588 0.8365
1037 1591 0.5865
1037 1592 0.2495
1037 1593 0.6817
1037 1595 0.4765
1037 1596 0.4318
1037 1598 0.2290
1037 1599 0.4779
1037 1601 0.2639
1037 1603 0.5010
1037 1604 0.2933
1037 1606 0.8062
1037 1608 0.3837
1037 1609 0.5490
1037 1610 0.5706
1037 1611 0.2639
1037 1613 0.7984
1037 1614 0.4180
1037 1616 0.4779
1037 1618 0.3400
1037 1619 0.5290
1037 1621 0.6038
1037 1622 0.7344
1037 1623 0.4004
1037 1624 0.6029
1037 1626 0.2420
1037 1628 0.2933
1037 1629 0.2716
1037 1630 0.2495
1037 1632 0.2716
1037 1633 0.2712
1037 1634 0.4447
1037 1636 0.2293
1037 1637 0.5025
1037 1639 0.4180
1037 1640 0.2381
1037 1641 0.4700
1037 1642 0.2290
1037 1643 0.2639
1037 1646 0.2523
1037 1647 0.2518
1037 1649 0.2933
1037 1650 0.2933
1037 1652 0.4180
1037 1653 0.3191
1037 1654 0.2550
1037 1655 0.2290
1037 1660 0.2341
1037 1661 0.2290
1037 1662 0.2495
1037 1663 0.2112
1037 1664 0.2672
1037 1666 0.2639
1037 1667 0.2424
1037 1668 0.4150
1037 1669 0.2273
1037 1673 0.2518
1037 1674 0.2102
1037 1675 0.2933
1037 1676 0.2258
1037 1678 0.2579
1037 1679 0.2195
1037 1681 0.4180
1037 1682 0.2221
1037 1683 0.3447
1037 1684 0.2933
1037 1685 0.2290
1037 1686 0.2258
1037 1687 0.3759
1037 1688 0.2290
1037 1689 0.2228
1037 1691 0.5845
1037 1692 0.2280
1037 1693 0.1995
1037 1694 0.2346
1037 1697 0.2119
1037 1699 0.5236
1037 1700 0.5154
1037 1701 0.4098
1037 1702 0.4191
1037 1705 0.5247
1037 1706 0.4873
1037 1707 0.5160
1037 1708 0.4441
1037 1709 0.2347
1037 1711 0.5224
1037 1712 0.8539
1037 1713 0.3779
1037 1714 0.5414
1037 1715 0.2436
1037 1717 0.9519
1037 1718 0.3807
1037 1719 0.2933
1037 1726 0.2639
1037 1728 0.5069
1040 1041 0.1747
1040 1042 0.1953
1040 1043 0.1743
1040 1045 0.1882
1040 1046 0.3148
1040 1047 0.1602
1040 1048 0.2014
1040 1049 0.1890
1040 1050 0.1458
1040 1052 0.1904
1040 1053 0.4669
1040 1055 0.3148
1040 1056 0.1584
1040 1057 0.2162
1040 1058 0.2863
1040 1059 0.5479
1040 1060 0.7775
1040 1061 0.2025
1040 1062 0.1760
1040 1063 0.2109
1040 1065 0.1798
1040 1066 0.3283
1040 1067 0.5084
1040 1068 0.1935
1040 1069 0.2024
1040 1070 0.1454
1040 1072 0.4831
1040 1075 0.1904
1040 1076 0.1955
1040 1077 0.1620
1040 1079 0.1648
1040 1080 0.1760
1040 1081 0.4248
1040 1082 0.1897
1040 1083 0.2005
1040 1084 0.1904
1040 1087 0.2162
1040 1089 0.1835
1040 1090 0.1904
1040 1093 0.1620
1040 1094 0.1611
1040 1095 0.3166
1040 1096 0.3704
1040 1097 0.1904
1040 1099 0.1775
1040 1102 0.1570
1040 1103 0.1867
1040 1104 0.1921
1040 1105 0.1604
1040 1106 0.1956
1040 1107 0.1970
1040 1108 0.1340
1040 1110 0.1904
1040 1111 0.3677
1040 1113 0.3079
1040 1115 0.3653
1040 1116 0.1994
1040 1117 0.1685
1040 1118 0.1888
1040 1119 0.1760
1040 1122 0.2162
1040 1123 0.2073
1040 1125 0.1607
1040 1126 0.2162
1040 1127 0.1776
1040 1128 0.1741
1040 1129 0.1578
1040 1130 0.1764
1040 1134 0.1668
1040 1135 0.2372
1040 1138 0.1930
1040 1141 0.1456
1040 1142 0.1668
1040 1146 0.3148
1040 1147 0.1691
1040 1150 0.1675
1040 1151 0.1734
1040 1152 0.2983
1040 1153 0.1409
1040 1154 0.1935
1040 1157 0.1652
1040 1158 0.2126
1040 1160 0.3840
1040 1161 0.1668
1040 1162 0.1693
1040 1163 0.8009
1040 1165 0.1900
1040 1166 0.2073
1040 1167 0.2177
1040 1169 0.1534
1040 1172 0.1668
1040 1176 0.1643
1040 1177 0.1668
1040 1180 0.1934
1040 1182 0.3990
1040 1185 0.1692
1040 1186 0.1680
1040 1187 0.1665
1040 1188 0.1760
1040 1189 0.2288
1040 1193 0.1923
1040 1194 0.1691
1040 1195 0.2024
1040 1196 0.1619
1040 1199 0.1884
1040 1200 0.1712
1040 1201 0.2162
1040 1202 0.1727
1040 1203 0.1589
1040 1204 0.3237
1040 1205 0.2162
1040 1206 0.2052
1040 1208 0.2045
1040 1209 0.1668
1040 1210 0.2106
1040 1211 0.2149
1040 1212 0.2073
1040 1213 0.1848
1040 1216 0.1904
1040 1217 0.1831
1040 1218 0.1885
1040 1219 0.1760
1040 1220 0.1668
1040 1221 0.2135
1040 1223 0.1713
1040 1225 0.2172
1040 1226 0.2317
1040 1227 0.1789
1040 1228 0.1904
1040 1229 0.1901
1040 1230 0.1904
1040 1231 0.1687
1040 1235 0.2024
1040 1236 0.1668
1040 1237 0.1943
1040 1238 0.1668
1040 1240 0.2362
1040 1241 0.1701
1040 1242 0.2532
1040 1244 0.1904
1040 1247 0.1688
1040 1248 0.3276
1040 1249 0.3148
1040 1250 0.1738
1040 1251 0.1655
1040 1252 0.2395
1040 1253 0.1760
1040 1254 0.1955
1040 1256 0.2102
1040 1257 0.1668
1040 1258 0.1893
1040 1259 0.2162
1040 1260 0.2246
1040 1262 0.1896
1040 1263 0.1528
1040 1265 0.1862
1040 1266 0.2288
1040 1267 0.1668
1040 1269 0.2021
1040 1270 0.1812
1040 1271 0.1857
1040 1272 0.1955
1040 1274 0.1668
1040 1275 0.1633
1040 1276 0.1755
1040 1278 0.1955
1040 1279 0.1636
1040 1280 0.1836
1040 1281 0.3292
1040 1282 0.2882
1040 1283 0.7420
1040 1284 0.2634
1040 1286 0.4161
1040 1287 0.3875
1040 1288 0.1904
1040 1289 0.5174
1040 1291 0.6078
1040 1292 0.8224
1040 1293 0.3212
1040 1296 0.1668
1040 1298 0.7647
1040 1299 0.5766
1040 1300 0.3877
1040 1301 0.4898
1040 1303 0.7896
1040 1304 0.2162
1040 1305 0.7099
1040 1306 0.4557
1040 1308 0.3588
1040 1309 0.2162
1040 1310 0.3904
1040 1311 0.3148
1040 1313 0.3128
1040 1315 0.2922
1040 1316 0.8181
1040 1322 0.4301
1040 1323 0.1871
1040 1326 0.2073
1040 1327 0.1668
1040 1329 0.2162
1040 1330 0.1552
1040 1331 0.1598
1040 1333 0.1973
1040 1335 0.2143
1040 1336 0.1644
1040 1337 0.1701
1040 1339 0.1547
1040 1340 0.1396
1040 1342 0.2070
1040 1343 0.1701
1040 1344 0.1904
1040 1346 0.2903
1040 1348 0.1904
1040 1349 0.1994
1040 1350 0.2162
1040 1353 0.3148
1040 1355 0.1550
1040 1356 0.1904
1040 1360 0.1367
1040 1361 0.1692
1040 1362 0.2126
1040 1363 0.1904
1040 1364 0.1912
1040 1367 0.1679
1040 1368 0.2073
1040 1369 0.2471
1040 1370 0.3676
1040 1372 0.1604
1040 1374 0.1668
1040 1376 0.1904
1040 1377 0.1668
1040 1379 0.3308
1040 1380 0.2162
1040 1381 0.1668
1040 1384 0.3148
1040 1386 0.2099
1040 1387 0.1631
1040 1388 0.1788
1040 1389 0.1958
1040 1390 0.1955
1040 1393 0.3148
1040 1394 0.1668
1040 1395 0.1668
1040 1396 0.2061
1040 1397 0.1817
1040 1398 0.1942
1040 1401 0.1955
1040 1402 0.1904
1040 1405 0.1760
1040 1406 0.2110
1040 1408 0.1580
1040 1409 0.1680
1040 1411 0.1904
1040 1412 0.1668
1040 1415 0.1668
1040 1416 0.1776
1040 1418 0.1688
1040 1419 0.1771
1040 1421 0.1508
1040 1423 0.1979
1040 1424 0.2162
1040 1425 0.2073
1040 1426 0.1722
1040 1427 0.1886
1040 1428 0.3148
1040 1431 0.1905
1040 1434 0.2199
1040 1435 0.2042
1040 1436 0.1760
1040 1437 0.1899
1040 1438 0.1410
1040 1439 0.1766
1040 1440 0.1901
1040 1441 0.1699
1040 1445 0.1816
1040 1446 0.1550
1040 1448 0.1904
1040 1449 0.1955
1040 1451 0.2162
1040 1452 0.1942
1040 1453 0.1904
1040 1456 0.1942
1040 1457 0.1760
1040 1458 0.1955
1040 1460 0.1611
1040 1462 0.1979
1040 1463 0.1593
1040 1464 0.1563
1040 1465 0.3148
1040 1466 0.1393
1040 1472 0.1824
1040 1473 0.3977
1040 1476 0.1904
1040 1477 0.3308
1040 1479 0.1838
1040 1482 0.1904
1040 1484 0.1603
1040 1485 0.1645
1040 1490 0.1904
1040 1491 0.1628
1040 1493 0.1795
1040 1494 0.1873
1040 1497 0.1904
1040 1499 0.1904
1040 1500 0.1791
1040 1503 0.1930
1040 1504 0.2024
1040 1505 0.1668
1040 1506 0.1904
1040 1507 0.2162
1040 1508 0.2162
1040 1510 0.2162
1040 1512 0.1668
1040 1513 0.3540
1040 1516 0.2561
1040 1517 0.2126
1040 1518 0.1680
1040 1519 0.7894
1040 1520 0.8171
1040 1522 0.5548
1040 1523 0.3148
1040 1525 0.3438
1040 1526 0.6829
1040 1527 0.6593
1040 1529 0.6034
1040 1530 0.7425
1040 1532 0.4301
1040 1534 0.3128
1040 1535 0.2162
1040 1536 0.4099
1040 1538 0.6094
1040 1540 0.3148
1040 1541 0.3453
1040 1542 0.4674
1040 1544 0.5212
1040 1545 0.2162
1040 1547 0.7720
1040 1548 0.3444
1040 1549 0.5097
1040 1551 0.5497
1040 1554 0.2439
1040 1555 0.2162
1040 1566 0.5325
1040 1567 0.3093
1040 1568 0.1568
1040 1570 0.1688
1040 1571 0.2310
1040 1573 0.1824
1040 1574 0.1904
1040 1577 0.2162
1040 1578 0.2162
1040 1580 0.1687
1040 1581 0.2162
1040 1582 0.1760
1040 1583 0.2162
1040 1585 0.1731
1040 1588 0.1731
1040 1591 0.1646
1040 1592 0.1701
1040 1593 0.1814
1040 1595 0.1706
1040 1596 0.1660
1040 1598 0.1668
1040 1599 0.1955
1040 1601 0.1904
1040 1603 0.2140
1040 1604 0.2162
1040 1606 0.1913
1040 1608 0.3136
1040 1609 0.1566
1040 1610 0.1590
1040 1611 0.1904
1040 1613 0.2021
1040 1614 0.3148
1040 1616 0.1955
1040 1618 0.2351
1040 1619 0.1931
1040 1621 0.2273
1040 1622 0.2145
1040 1623 0.1644
1040 1624 0.1717
1040 1626 0.1973
1040 1628 0.2162
1040 1629 0.2126
1040 1630 0.1701
1040 1632 0.2126
1040 1633 0.1900
1040 1634 0.1888
1040 1636 0.1871
1040 1637 0.1817
1040 1639 0.3148
1040 1640 0.1968
1040 1641 0.1768
1040 1642 0.1668
1040 1643 0.1904
1040 1646 0.1738
1040 1647 0.1955
1040 1649 0.2162
1040 1650 0.2162
1040 1652 0.3148
1040 1653 0.2288
1040 1654 0.1701
1040 1655 0.1668
1040 1660 0.1684
1040 1661 0.1668
1040 1662 0.1701
1040 1663 0.1613
1040 1664 0.1904
1040 1666 0.1904
1040 1667 0.1899
1040 1668 0.1939
1040 1669 0.1742
1040 1673 0.1955
1040 1674 0.1678
1040 1675 0.2162
1040 1676 0.1760
1040 1678 0.2006
1040 1679 0.1597
1040 1681 0.3148
1040 1682 0.1603
1040 1683 0.3308
1040 1684 0.2162
1040 1685 0.1668
1040 1686 0.1760
1040 1687 0.1747
1040 1688 0.1668
1040 1689 0.2249
1040 1691 0.1620
1040 1692 0.1827
1040 1693 0.1406
1040 1694 0.1799
1040 1697 0.1701
1040 1699 0.1737
1040 1700 0.1499
1040 1701 0.1367
1040 1702 0.1681
1040 1705 0.1497
1040 1706 0.1901
1040 1707 0.1923
1040 1708 0.1612
1040 1709 0.1611
1040 1711 0.1700
1040 1712 0.2122
1040 1713 0.1882
1040 1714 0.2048
1040 1715 0.1632
1040 1717 0.2286
1040 1718 0.1557
1040 1719 0.2162
1040 1726 0.1904
1040 1728 0.1481
1041 1042 0.6022
1041 1043 0.1905
1041 1045 0.1966
1041 1046 0.1636
1041 1047 0.1872
1041 1048 0.6202
1041 1049 0.0654
1041 1050 0.2679
1041 1052 0.2077
1041 1053 0.1718
1041 1055 0.1636
1041 1056 0.7308
1041 1057 0.1728
1041 1058 0.1709
1041 1059 0.1730
1041 1060 0.1929
1041 1061 0.6592
1041 1062 0.1961
1041 1063 0.2183
1041 1065 0.1804
1041 1066 0.2386
1041 1067 0.2390
1041 1068 0.4316
1041 1069 0.2100
1041 1070 0.8887
1041 1072 0.1913
1041 1075 0.2014
1041 1076 0.1978
1041 1077 0.1892
1041 1079 0.8801
1041 1080 0.1961
1041 1081 0.1701
1041 1082 0.5859
1041 1083 0.2399
1041 1084 0.2960
1041 1087 0.1728
1041 1089 0.2055
1041 1090 0.2415
1041 1093 0.1892
1041 1094 0.1897
1041 1095 0.1961
1041 1096 0.1858
1041 1097 0.2077
1041 1099 0.1921
1041 1102 0.1597
1041 1103 0.1996
1041 1104 0.2089
1041 1105 0.1866
1041 1106 0.8150
1041 1107 0.2037
1041 1108 0.2003
1041 1110 0.2077
1041 1111 0.1721
1041 1113 0.1892
1041 1115 0.1978
1041 1116 0.2009
1041 1117 0.1755
1041 1118 0.1994
1041 1119 0.6259
1041 1122 0.1728
1041 1123 0.2093
1041 1125 0.2407
1041 1126 0.1728
1041 1127 0.1910
1041 1128 0.1885
1041 1129 0.7240
1041 1130 0.1818
1041 1134 0.1927
1041 1135 0.2367
1041 1138 0.1636
1041 1141 0.1983
1041 1142 0.1927
1041 1146 0.1636
1041 1147 0.1876
1041 1150 0.2050
1041 1151 0.1854
1041 1152 0.3218
1041 1153 0.1816
1041 1154 0.1839
1041 1157 0.1798
1041 1158 0.2318
1041 1160 0.1724
1041 1161 0.1927
1041 1162 0.1803
1041 1163 0.2000
1041 1165 0.2190
1041 1166 0.2093
1041 1167 0.2431
1041 1169 0.3883
1041 1172 0.1927
1041 1176 0.1977
1041 1177 0.1927
1041 1180 0.0812
1041 1182 0.1983
1041 1185 0.4995
1041 1186 0.2053
1041 1187 0.1468
1041 1188 0.1961
1041 1189 0.2145
1041 1193 0.2583
1041 1194 0.1876
1041 1195 0.3484
1041 1196 0.1915
1041 1199 0.2167
1041 1200 0.1923
1041 1201 0.1728
1041 1202 0.1462
1041 1203 0.4369
1041 1204 0.2039
1041 1205 0.1728
1041 1206 0.2295
1041 1208 0.4241
1041 1209 0.1927
1041 1210 0.2195
1041 1211 0.2666
1041 1212 0.2093
1041 1213 0.2127
1041 1216 0.2077
1041 1217 0.2076
1041 1218 0.2107
1041 1219 0.1961
1041 1220 0.1927
1041 1221 0.2232
1041 1223 0.1961
1041 1225 0.2256
1041 1226 0.2651
1041 1227 0.2009
1041 1228 0.2077
1041 1229 0.2092
1041 1230 0.2077
1041 1231 0.1666
1041 1235 0.2100
1041 1236 0.1927
1041 1237 0.2098
1041 1238 0.1927
1041 1240 0.2499
1041 1241 0.1861
1041 1242 0.2424
1041 1244 0.2077
1041 1247 0.2161
1041 1248 0.2090
1041 1249 0.1636
1041 1250 0.1798
1041 1251 0.1981
1041 1252 0.2247
1041 1253 0.1961
1041 1254 0.6507
1041 1256 0.7938
1041 1257 0.3845
1041 1258 0.6116
1041 1259 0.1728
1041 1260 0.8682
1041 1262 0.6140
1041 1263 0.5839
1041 1265 0.7909
1041 1266 0.2145
1041 1267 0.4489
1041 1269 0.3986
1041 1270 0.7080
1041 1271 0.6973
1041 1272 0.4478
1041 1274 0.1927
1041 1275 0.8090
1041 1276 0.6263
1041 1278 0.6507
1041 1279 0.7849
1041 1280 0.5497
1041 1281 0.1653
1041 1282 0.1927
1041 1283 0.2011
1041 1284 0.1630
1041 1286 0.1966
1041 1287 0.1736
1041 1288 0.2077
1041 1289 0.1613
1041 1291 0.1638
1041 1292 0.2105
1041 1293 0.1876
1041 1296 0.1927
1041 1298 0.1991
1041 1299 0.1978
1041 1300 0.1927
1041 1301 0.2123
1041 1303 0.2017
1041 1304 0.1728
1041 1305 0.1716
1041 1306 0.1706
1041 1308 0.2080
1041 1309 0.1728
1041 1310 0.1737
1041 1311 0.1636
1041 1313 0.2077
1041 1315 0.1961
1041 1316 0.2105
1041 1322 0.1515
1041 1323 0.1943
1041 1326 0.2093
1041 1327 0.1927
1041 1329 0.1728
1041 1330 0.1885
1041 1331 0.1745
1041 1333 0.3215
1041 1335 0.2092
1041 1336 0.4252
1041 1337 0.1861
1041 1339 0.1871
1041 1340 0.1691
1041 1342 0.2111
1041 1343 0.1861
1041 1344 0.2014
1041 1346 0.2050
1041 1348 0.2077
1041 1349 0.2009
1041 1350 0.1728
1041 1353 0.1636
1041 1355 0.1685
1041 1356 0.2077
1041 1360 0.1788
1041 1361 0.1870
1041 1362 0.2318
1041 1363 0.2077
1041 1364 0.6007
1041 1367 0.2279
1041 1368 0.2093
1041 1369 0.8544
1041 1370 0.3003
1041 1372 0.1620
1041 1374 0.1927
1041 1376 0.2077
1041 1377 0.1927
1041 1379 0.1961
1041 1380 0.1728
1041 1381 0.1927
1041 1384 0.1636
1041 1386 0.2341
1041 1387 0.7683
1041 1388 0.8825
1041 1389 0.7818
1041 1390 0.7819
1041 1393 0.1636
1041 1394 0.1927
1041 1395 0.3581
1041 1396 0.2185
1041 1397 0.8999
1041 1398 0.2217
1041 1401 0.4960
1041 1402 0.4857
1041 1405 0.1961
1041 1406 0.7780
1041 1408 0.5786
1041 1409 0.5650
1041 1411 0.4126
1041 1412 0.1927
1041 1415 0.1927
1041 1416 0.5806
1041 1418 0.1722
1041 1419 0.7883
1041 1421 0.2249
1041 1423 0.1353
1041 1424 0.1728
1041 1425 0.2093
1041 1426 0.1868
1041 1427 0.0699
1041 1428 0.1636
1041 1431 0.0760
1041 1434 0.7754
1041 1435 0.1363
1041 1436 0.3947
1041 1437 0.0945
1041 1438 0.3368
1041 1439 0.7439
1041 1440 0.1985
1041 1441 0.1820
1041 1445 0.4053
1041 1446 0.1685
1041 1448 0.2077
1041 1449 0.1978
1041 1451 0.1728
1041 1452 0.2217
1041 1453 0.2077
1041 1456 0.2080
1041 1457 0.1961
1041 1458 0.1978
1041 1460 0.1888
1041 1462 0.2132
1041 1463 0.1870
1041 1464 0.1848
1041 1465 0.1636
1041 1466 0.1691
1041 1472 0.1957
1041 1473 0.1978
1041 1476 0.2077
1041 1477 0.1961
1041 1479 0.1950
1041 1482 0.2077
1041 1484 0.5346
1041 1485 0.1919
1041 1490 0.2077
1041 1491 0.1809
1041 1493 0.1913
1041 1494 0.2026
1041 1497 0.2077
1041 1499 0.2077
1041 1500 0.1936
1041 1503 0.2200
1041 1504 0.2100
1041 1505 0.1927
1041 1506 0.2077
1041 1507 0.1728
1041 1508 0.1728
1041 1510 0.1728
1041 1512 0.1927
1041 1513 0.1931
1041 1516 0.2407
1041 1517 0.2318
1041 1518 0.2004
1041 1519 0.2036
1041 1520 0.2089
1041 1522 0.1747
1041 1523 0.1636
1041 1525 0.1835
1041 1526 0.2160
1041 1527 0.1652
1041 1529 0.3336
1041 1530 0.2010
1041 1532 0.1515
1041 1534 0.2077
1041 1535 0.1728
1041 1536 0.1958
1041 1538 0.1985
1041 1540 0.1636
1041 1541 0.1913
1041 1542 0.1435
1041 1544 0.1656
1041 1545 0.1728
1041 1547 0.2061
1041 1548 0.1711
1041 1549 0.1880
1041 1551 0.1765
1041 1554 0.1927
1041 1555 0.1728
1041 1566 0.1570
1041 1567 0.1910
1041 1568 0.1678
1041 1570 0.1722
1041 1571 0.2246
1041 1573 0.2039
1041 1574 0.2077
1041 1577 0.1728
1041 1578 0.1728
1041 1580 0.1857
1041 1581 0.1728
1041 1582 0.1961
1041 1583 0.1728
1041 1585 0.1871
1041 1588 0.1795
1041 1591 0.1904
1041 1592 0.4391
1041 1593 0.1707
1041 1595 0.1863
1041 1596 0.4492
1041 1598 0.1927
1041 1599 0.1978
1041 1601 0.2077
1041 1603 0.1987
1041 1604 0.1728
1041 1606 0.2094
1041 1608 0.2857
1041 1609 0.1655
1041 1610 0.1842
1041 1611 0.2077
1041 1613 0.2718
1041 1614 0.1636
1041 1616 0.1978
1041 1618 0.2602
1041 1619 0.2273
1041 1621 0.2285
1041 1622 0.2170
1041 1623 0.1910
1041 1624 0.1804
1041 1626 0.2142
1041 1628 0.1728
1041 1629 0.2318
1041 1630 0.1861
1041 1632 0.2318
1041 1633 0.2190
1041 1634 0.7090
1041 1636 0.1943
1041 1637 0.2071
1041 1639 0.1636
1041 1640 0.2151
1041 1641 0.1911
1041 1642 0.1927
1041 1643 0.2077
1041 1646 0.1798
1041 1647 0.4602
1041 1649 0.1728
1041 1650 0.1728
1041 1652 0.1636
1041 1653 0.2145
1041 1654 0.4797
1041 1655 0.1927
1041 1660 0.1989
1041 1661 0.5078
1041 1662 0.4569
1041 1663 0.6329
1041 1664 0.3710
1041 1666 0.2077
1041 1667 0.3832
1041 1668 0.9115
1041 1669 0.8210
1041 1673 0.1978
1041 1674 0.8976
1041 1675 0.1728
1041 1676 0.1961
1041 1678 0.6995
1041 1679 0.4648
1041 1681 0.1636
1041 1682 0.5346
1041 1683 0.6123
1041 1684 0.1728
1041 1685 0.1927
1041 1686 0.1961
1041 1687 0.4735
1041 1688 0.1927
1041 1689 0.9687
1041 1691 0.6102
1041 1692 0.7921
1041 1693 0.7641
1041 1694 0.6073
1041 1697 0.7031
1041 1699 0.1607
1041 1700 0.2091
1041 1701 0.1650
1041 1702 0.0959
1041 1705 0.3138
1041 1706 0.0720
1041 1707 0.1802
1041 1708 0.6395
1041 1709 0.1934
1041 1711 0.0971
1041 1712 0.5753
1041 1713 0.1869
1041 1714 0.1171
1041 1715 0.1796
1041 1717 0.7711
1041 1718 0.1796
1041 1719 0.1728
1041 1726 0.2077
1041 1728 0.1555
1042 1043 0.1819
1042 1045 0.2124
1042 1046 0.2527
1042 1047 0.1773
1042 1048 0.7303
1042 1049 0.1326
1042 1050 0.1745
1042 1052 0.2113
1042 1053 0.1732
1042 1055 0.2527
1042 1056 0.8943
1042 1057 0.2566
1042 1058 0.1912
1042 1059 0.1964
1042 1060 0.2038
1042 1061 0.7479
1042 1062 0.1987
1042 1063 0.2018
1042 1065 0.1788
1042 1066 0.2502
1042 1067 0.2799
1042 1068 0.2724
1042 1069 0.2265
1042 1070 0.9298
1042 1072 0.1889
1042 1075 0.2235
1042 1076 0.1952
1042 1077 0.1813
1042 1079 0.8186
1042 1080 0.1987
1042 1081 0.1792
1042 1082 0.2220
1042 1083 0.2223
1042 1084 0.2113
1042 1087 0.2566
1042 1089 0.2064
1042 1090 0.4121
1042 1093 0.1813
1042 1094 0.1976
1042 1095 0.1987
1042 1096 0.2037
1042 1097 0.2113
1042 1099 0.2034
1042 1102 0.1916
1042 1103 0.2226
1042 1104 0.2264
1042 1105 0.1820
1042 1106 0.7052
1042 1107 0.2104
1042 1108 0.2169
1042 1110 0.2113
1042 1111 0.2009
1042 1113 0.1813
1042 1115 0.1952
1042 1116 0.2257
1042 1117 0.2004
1042 1118 0.2054
1042 1119 0.5425
1042 1122 0.2566
1042 1123 0.2172
1042 1125 0.2060
1042 1126 0.2566
1042 1127 0.2126
1042 1128 0.2135
1042 1129 0.7336
1042 1130 0.1910
1042 1134 0.6486
1042 1135 0.2310
1042 1138 0.1916
1042 1141 0.1787
1042 1142 0.2106
1042 1146 0.2527
1042 1147 0.1970
1042 1150 0.1961
1042 1151 0.2011
1042 1152 0.3150
1042 1153 0.1975
1042 1154 0.3848
1042 1157 0.2106
1042 1158 0.2210
1042 1160 0.2021
1042 1161 0.2106
1042 1162 0.2045
1042 1163 0.1937
1042 1165 0.2439
1042 1166 0.2172
1042 1167 0.2549
1042 1169 0.1786
1042 1172 0.2106
1042 1176 0.2163
1042 1177 0.2106
1042 1180 0.2044
1042 1182 0.2018
1042 1185 0.6715
1042 1186 0.1801
1042 1187 0.2063
1042 1188 0.1987
1042 1189 0.2427
1042 1193 0.1720
1042 1194 0.1970
1042 1195 0.2265
1042 1196 0.1788
1042 1199 0.2363
1042 1200 0.2070
1042 1201 0.2566
1042 1202 0.1671
1042 1203 0.1768
1042 1204 0.2316
1042 1205 0.2566
1042 1206 0.2435
1042 1208 0.2531
1042 1209 0.2106
1042 1210 0.7077
1042 1211 0.2849
1042 1212 0.2172
1042 1213 0.2065
1042 1216 0.2113
1042 1217 0.2272
1042 1218 0.2098
1042 1219 0.1987
1042 1220 0.4628
1042 1221 0.2357
1042 1223 0.1883
1042 1225 0.2184
1042 1226 0.2488
1042 1227 0.1924
1042 1228 0.2113
1042 1229 0.2089
1042 1230 0.2113
1042 1231 0.1704
1042 1235 0.2265
1042 1236 0.2106
1042 1237 0.1879
1042 1238 0.2106
1042 1240 0.2399
1042 1241 0.2040
1042 1242 0.2582
1042 1244 0.2113
1042 1247 0.2325
1042 1248 0.2109
1042 1249 0.2527
1042 1250 0.1996
1042 1251 0.2169
1042 1252 0.2455
1042 1253 0.4541
1042 1254 0.5778
1042 1256 0.8576
1042 1257 0.5840
1042 1258 0.7806
1042 1259 0.2566
1042 1260 0.9489
1042 1262 0.5087
1042 1263 0.8720
1042 1265 0.9413
1042 1266 0.2427
1042 1267 0.6277
1042 1269 0.6984
1042 1270 0.7907
1042 1271 0.7295
1042 1272 0.4589
1042 1274 0.2106
1042 1275 0.9023
1042 1276 0.7155
1042 1278 0.5778
1042 1279 0.9136
1042 1280 0.7731
1042 1281 0.1798
1042 1282 0.2106
1042 1283 0.2007
1042 1284 0.1810
1042 1286 0.2061
1042 1287 0.1764
1042 1288 0.2113
1042 1289 0.1583
1042 1291 0.1832
1042 1292 0.2051
1042 1293 0.1970
1042 1296 0.2106
1042 1298 0.1919
1042 1299 0.2022
1042 1300 0.2106
1042 1301 0.1941
1042 1303 0.2010
1042 1304 0.2566
1042 1305 0.1874
1042 1306 0.1702
1042 1308 0.2354
1042 1309 0.2566
1042 1310 0.1925
1042 1311 0.2527
1042 1313 0.2113
1042 1315 0.1987
1042 1316 0.2004
1042 1322 0.1681
1042 1323 0.1993
1042 1326 0.2172
1042 1327 0.2106
1042 1329 0.2566
1042 1330 0.1837
1042 1331 0.1833
1042 1333 0.4627
1042 1335 0.2128
1042 1336 0.6421
1042 1337 0.2040
1042 1339 0.1796
1042 1340 0.1860
1042 1342 0.2419
1042 1343 0.2040
1042 1344 0.2235
1042 1346 0.1982
1042 1348 0.2113
1042 1349 0.2257
1042 1350 0.2566
1042 1353 0.2527
1042 1355 0.1819
1042 1356 0.2113
1042 1360 0.1935
1042 1361 0.1849
1042 1362 0.2210
1042 1363 0.2113
1042 1364 0.6512
1042 1367 0.2546
1042 1368 0.2172
1042 1369 0.2757
1042 1370 0.2434
1042 1372 0.1955
1042 1374 0.2106
1042 1376 0.2113
1042 1377 0.2106
1042 1379 0.1987
1042 1380 0.2566
1042 1381 0.2106
1042 1384 0.2527
1042 1386 0.2197
1042 1387 0.8988
1042 1388 0.9182
1042 1389 0.7457
1042 1390 0.6801
1042 1393 0.2527
1042 1394 0.2106
1042 1395 0.5503
1042 1396 0.2266
1042 1397 0.8383
1042 1398 0.6122
1042 1401 0.4864
1042 1402 0.2235
1042 1405 0.1987
1042 1406 0.6365
1042 1408 0.9086
1042 1409 0.7348
1042 1411 0.7091
1042 1412 0.4916
1042 1415 0.2106
1042 1416 0.7915
1042 1418 0.1932
1042 1419 0.8258
1042 1421 0.1733
1042 1423 0.4518
1042 1424 0.2566
1042 1425 0.2172
1042 1426 0.2116
1042 1427 0.1713
1042 1428 0.2527
1042 1431 0.1248
1042 1434 0.7088
1042 1435 0.3139
1042 1436 0.1987
1042 1437 0.1011
1042 1438 0.3337
1042 1439 0.2004
1042 1440 0.2152
1042 1441 0.2102
1042 1445 0.1814
1042 1446 0.1819
1042 1448 0.2113
1042 1449 0.1952
1042 1451 0.2566
1042 1452 0.2465
1042 1453 0.2113
1042 1456 0.2354
1042 1457 0.1987
1042 1458 0.1952
1042 1460 0.1870
1042 1462 0.1900
1042 1463 0.1956
1042 1464 0.1987
1042 1465 0.2527
1042 1466 0.1835
1042 1472 0.2012
1042 1473 0.1952
1042 1476 0.2113
1042 1477 0.1987
1042 1479 0.2103
1042 1482 0.2113
1042 1484 0.6713
1042 1485 0.2055
1042 1490 0.2113
1042 1491 0.2050
1042 1493 0.2161
1042 1494 0.1990
1042 1497 0.2113
1042 1499 0.2113
1042 1500 0.2238
1042 1503 0.2441
1042 1504 0.2265
1042 1505 0.2106
1042 1506 0.2113
1042 1507 0.2566
1042 1508 0.2566
1042 1510 0.2566
1042 1512 0.2106
1042 1513 0.1967
1042 1516 0.2345
1042 1517 0.2210
1042 1518 0.2225
1042 1519 0.1959
1042 1520 0.2039
1042 1522 0.1633
1042 1523 0.2527
1042 1525 0.2065
1042 1526 0.2165
1042 1527 0.1585
1042 1529 0.3547
1042 1530 0.1996
1042 1532 0.1681
1042 1534 0.2113
1042 1535 0.2566
1042 1536 0.2178
1042 1538 0.1990
1042 1540 0.2527
1042 1541 0.1889
1042 1542 0.1610
1042 1544 0.1706
1042 1545 0.2566
1042 1547 0.2149
1042 1548 0.1901
1042 1549 0.1816
1042 1551 0.1761
1042 1554 0.2106
1042 1555 0.2566
1042 1566 0.1844
1042 1567 0.2042
1042 1568 0.1935
1042 1570 0.1932
1042 1571 0.2813
1042 1573 0.1936
1042 1574 0.2113
1042 1577 0.2566
1042 1578 0.2566
1042 1580 0.1897
1042 1581 0.2566
1042 1582 0.1987
1042 1583 0.2566
1042 1585 0.2117
1042 1588 0.1827
1042 1591 0.1814
1042 1592 0.6218
1042 1593 0.1828
1042 1595 0.1955
1042 1596 0.6334
1042 1598 0.2106
1042 1599 0.1952
1042 1601 0.2113
1042 1603 0.2079
1042 1604 0.2566
1042 1606 0.2137
1042 1608 0.3318
1042 1609 0.1870
1042 1610 0.1766
1042 1611 0.2113
1042 1613 0.2619
1042 1614 0.2527
1042 1616 0.1952
1042 1618 0.5281
1042 1619 0.2263
1042 1621 0.2303
1042 1622 0.2165
1042 1623 0.1839
1042 1624 0.1848
1042 1626 0.2147
1042 1628 0.2566
1042 1629 0.2210
1042 1630 0.2040
1042 1632 0.2210
1042 1633 0.2439
1042 1634 0.4939
1042 1636 0.1993
1042 1637 0.1996
1042 1639 0.2527
1042 1640 0.2486
1042 1641 0.1952
1042 1642 0.2106
1042 1643 0.2113
1042 1646 0.1996
1042 1647 0.1952
1042 1649 0.2566
1042 1650 0.2566
1042 1652 0.2527
1042 1653 0.2427
1042 1654 0.2089
1042 1655 0.6486
1042 1660 0.1918
1042 1661 0.4787
1042 1662 0.4205
1042 1663 0.5964
1042 1664 0.5600
1042 1666 0.2113
1042 1667 0.5281
1042 1668 0.9256
1042 1669 0.7649
1042 1673 0.1952
1042 1674 0.7960
1042 1675 0.2566
1042 1676 0.5943
1042 1678 0.8781
1042 1679 0.8743
1042 1681 0.2527
1042 1682 0.6713
1042 1683 0.8834
1042 1684 0.2566
1042 1685 0.2106
1042 1686 0.1987
1042 1687 0.6861
1042 1688 0.6272
1042 1689 0.9678
1042 1691 0.7636
1042 1692 0.7083
1042 1693 0.5214
1042 1694 0.7635
1042 1697 0.8586
1042 1699 0.2113
1042 1700 0.2129
1042 1701 0.1818
1042 1702 0.2076
1042 1705 0.1516
1042 1706 0.1519
1042 1707 0.2733
1042 1708 0.1679
1042 1709 0.1924
1042 1711 0.1954
1042 1712 0.6608
1042 1713 0.1899
1042 1714 0.3042
1042 1715 0.3855
1042 1717 0.5409
1042 1718 0.1719
1042 1719 0.2566
1042 1726 0.2113
1042 1728 0.4590
1043 1045 0.1925
1043 1046 0.2021
1043 1047 0.1662
1043 1048 0.2026
1043 1049 0.1952
1043 1050 0.2002
1043 1052 0.1950
1043 1053 0.1726
1043 1055 0.2021
1043 1056 0.1859
1043 1057 0.2202
1043 1058 0.1706
1043 1059 0.1861
1043 1060 0.1497
1043 1061 0.2234
1043 1062 0.7804
1043 1063 0.9176
1043 1065 0.1653
1043 1066 0.4027
1043 1067 0.2682
1043 1068 0.1669
1043 1069 0.4093
1043 1070 0.2189
1043 1072 0.1760
1043 1075 0.7055
1043 1076 0.6724
1043 1077 0.6110
1043 1079 0.2278
1043 1080 0.1867
1043 1081 0.1513
1043 1082 0.2112
1043 1083 0.8668
1043 1084 0.1950
1043 1087 0.2202
1043 1089 0.1780
1043 1090 0.2034
1043 1093 0.1674
1043 1094 0.1920
1043 1095 0.1867
1043 1096 0.1896
1043 1097 0.1950
1043 1099 0.9345
1043 1102 0.6992
1043 1103 0.1984
1043 1104 0.2066
1043 1105 0.1902
1043 1106 0.2083
1043 1107 0.6808
1043 1108 0.1974
1043 1110 0.1950
1043 1111 0.1757
1043 1113 0.1674
1043 1115 0.7129
1043 1116 0.3708
1043 1117 0.9608
1043 1118 0.1884
1043 1119 0.1867
1043 1122 0.2202
1043 1123 0.1974
1043 1125 0.2039
1043 1126 0.2202
1043 1127 0.1993
1043 1128 0.1977
1043 1129 0.1598
1043 1130 0.7942
1043 1134 0.1958
1043 1135 0.9744
1043 1138 0.2007
1043 1141 0.1413
1043 1142 0.1958
1043 1146 0.2021
1043 1147 0.1819
1043 1150 0.2047
1043 1151 0.7570
1043 1152 0.8376
1043 1153 0.2038
1043 1154 0.1544
1043 1157 0.7997
1043 1158 0.2061
1043 1160 0.1776
1043 1161 0.1958
1043 1162 0.1798
1043 1163 0.2032
1043 1165 0.2268
1043 1166 0.3765
1043 1167 0.2631
1043 1169 0.2414
1043 1172 0.1958
1043 1176 0.4841
1043 1177 0.1958
1043 1180 0.2141
1043 1182 0.1865
1043 1185 0.2800
1043 1186 0.8333
1043 1187 0.1988
1043 1188 0.1867
1043 1189 0.2161
1043 1193 0.2009
1043 1194 0.1819
1043 1195 0.2080
1043 1196 0.6914
1043 1199 0.2247
1043 1200 0.1774
1043 1201 0.2202
1043 1202 0.2117
1043 1203 0.1644
1043 1204 0.7113
1043 1205 0.2202
1043 1206 0.6254
1043 1208 0.1710
1043 1209 0.1958
1043 1210 0.2517
1043 1211 0.2483
1043 1212 0.1974
1043 1213 0.1847
1043 1216 0.1950
1043 1217 0.2167
1043 1218 0.7841
1043 1219 0.5328
1043 1220 0.5911
1043 1221 0.7575
1043 1223 0.1637
1043 1225 0.2218
1043 1226 0.7798
1043 1227 0.1658
1043 1228 0.1950
1043 1229 0.1938
1043 1230 0.1950
1043 1231 0.1776
1043 1235 0.2080
1043 1236 0.1958
1043 1237 0.2135
1043 1238 0.1958
1043 1240 0.5294
1043 1241 0.1876
1043 1242 0.6457
1043 1244 0.1950
1043 1247 0.2227
1043 1248 0.6221
1043 1249 0.2021
1043 1250 0.1754
1043 1251 0.2144
1043 1252 0.2292
1043 1253 0.1867
1043 1254 0.1799
1043 1256 0.2240
1043 1257 0.1958
1043 1258 0.1876
1043 1259 0.2202
1043 1260 0.2301
1043 1262 0.1988
1043 1263 0.1555
1043 1265 0.2117
1043 1266 0.2161
1043 1267 0.1958
1043 1269 0.2404
1043 1270 0.1805
1043 1271 0.2031
1043 1272 0.1799
1043 1274 0.1958
1043 1275 0.2113
1043 1276 0.1760
1043 1278 0.1799
1043 1279 0.2282
1043 1280 0.2052
1043 1281 0.1860
1043 1282 0.1958
1043 1283 0.2035
1043 1284 0.1811
1043 1286 0.1795
1043 1287 0.1582
1043 1288 0.1950
1043 1289 0.1634
1043 1291 0.1509
1043 1292 0.2121
1043 1293 0.1819
1043 1296 0.1958
1043 1298 0.1571
1043 1299 0.2122
1043 1300 0.1958
1043 1301 0.1688
1043 1303 0.2057
1043 1304 0.2202
1043 1305 0.2054
1043 1306 0.1685
1043 1308 0.2055
1043 1309 0.2202
1043 1310 0.1724
1043 1311 0.2021
1043 1313 0.1950
1043 1315 0.1867
1043 1316 0.1568
1043 1322 0.1764
1043 1323 0.1866
1043 1326 0.1974
1043 1327 0.1958
1043 1329 0.2202
1043 1330 0.1855
1043 1331 0.1787
1043 1333 0.7341
1043 1335 0.1832
1043 1336 0.1699
1043 1337 0.1876
1043 1339 0.1826
1043 1340 0.2819
1043 1342 0.2106
1043 1343 0.1876
1043 1344 0.7055
1043 1346 0.1942
1043 1348 0.1950
1043 1349 0.2062
1043 1350 0.2202
1043 1353 0.2021
1043 1355 0.1733
1043 1356 0.3606
1043 1360 0.2083
1043 1361 0.1783
1043 1362 0.2061
1043 1363 0.1950
1043 1364 0.4417
1043 1367 0.2324
1043 1368 0.1974
1043 1369 0.2305
1043 1370 0.2574
1043 1372 0.1725
1043 1374 0.1958
1043 1376 0.1950
1043 1377 0.1958
1043 1379 0.1867
1043 1380 0.2202
1043 1381 0.1958
1043 1384 0.2021
1043 1386 0.2052
1043 1387 0.1598
1043 1388 0.1906
1043 1389 0.2039
1043 1390 0.1799
1043 1393 0.2021
1043 1394 0.1958
1043 1395 0.1958
1043 1396 0.2057
1043 1397 0.2057
1043 1398 0.2283
1043 1401 0.1799
1043 1402 0.2059
1043 1405 0.1867
1043 1406 0.2221
1043 1408 0.1602
1043 1409 0.1726
1043 1411 0.1950
1043 1412 0.1958
1043 1415 0.1958
1043 1416 0.1879
1043 1418 0.3168
1043 1419 0.1627
1043 1421 0.2035
1043 1423 0.1760
1043 1424 0.2202
1043 1425 0.1974
1043 1426 0.1835
1043 1427 0.1927
1043 1428 0.2021
1043 1431 0.1943
1043 1434 0.3818
1043 1435 0.2679
1043 1436 0.1867
1043 1437 0.1074
1043 1438 0.2264
1043 1439 0.1844
1043 1440 0.1516
1043 1441 0.2003
1043 1445 0.1708
1043 1446 0.1733
1043 1448 0.1950
1043 1449 0.1799
1043 1451 0.2202
1043 1452 0.7398
1043 1453 0.1950
1043 1456 0.6077
1043 1457 0.7013
1043 1458 0.1799
1043 1460 0.8902
1043 1462 0.2135
1043 1463 0.6614
1043 1464 0.7744
1043 1465 0.2021
1043 1466 0.7730
1043 1472 0.7329
1043 1473 0.1799
1043 1476 0.1950
1043 1477 0.1867
1043 1479 0.7606
1043 1482 0.2716
1043 1484 0.1664
1043 1485 0.6694
1043 1490 0.1950
1043 1491 0.8630
1043 1493 0.7924
1043 1494 0.6834
1043 1497 0.1950
1043 1499 0.1950
1043 1500 0.6968
1043 1503 0.9239
1043 1504 0.7834
1043 1505 0.6476
1043 1506 0.1950
1043 1507 0.2202
1043 1508 0.2202
1043 1510 0.2202
1043 1512 0.1958
1043 1513 0.9419
1043 1516 0.2142
1043 1517 0.2061
1043 1518 0.7348
1043 1519 0.2069
1043 1520 0.1463
1043 1522 0.1781
1043 1523 0.2021
1043 1525 0.1789
1043 1526 0.1563
1043 1527 0.2259
1043 1529 0.3216
1043 1530 0.1278
1043 1532 0.1764
1043 1534 0.1950
1043 1535 0.2202
1043 1536 0.1951
1043 1538 0.1627
1043 1540 0.2021
1043 1541 0.1760
1043 1542 0.2078
1043 1544 0.1793
1043 1545 0.2202
1043 1547 0.2067
1043 1548 0.1700
1043 1549 0.7577
1043 1551 0.1811
1043 1554 0.1958
1043 1555 0.2202
1043 1566 0.1572
1043 1567 0.1869
1043 1568 0.1674
1043 1570 0.3168
1043 1571 0.2524
1043 1573 0.3510
1043 1574 0.1950
1043 1577 0.2202
1043 1578 0.2202
1043 1580 0.1721
1043 1581 0.2202
1043 1582 0.1867
1043 1583 0.2202
1043 1585 0.3221
1043 1588 0.1539
1043 1591 0.1746
1043 1592 0.1876
1043 1593 0.1618
1043 1595 0.1731
1043 1596 0.1961
1043 1598 0.1958
1043 1599 0.1799
1043 1601 0.1950
1043 1603 0.1881
1043 1604 0.2202
1043 1606 0.1787
1043 1608 0.2941
1043 1609 0.1644
1043 1610 0.1652
1043 1611 0.1950
1043 1613 0.2590
1043 1614 0.2021
1043 1616 0.1799
1043 1618 0.2363
1043 1619 0.2146
1043 1621 0.2193
1043 1622 0.2247
1043 1623 0.1699
1043 1624 0.1550
1043 1626 0.1974
1043 1628 0.2202
1043 1629 0.2061
1043 1630 0.1876
1043 1632 0.2061
1043 1633 0.2268
1043 1634 0.1731
1043 1636 0.6125
1043 1637 0.1894
1043 1639 0.2021
1043 1640 0.1943
1043 1641 0.1790
1043 1642 0.1958
1043 1643 0.1950
1043 1646 0.1754
1043 1647 0.1799
1043 1649 0.2202
1043 1650 0.2202
1043 1652 0.2021
1043 1653 0.2161
1043 1654 0.1981
1043 1655 0.1958
1043 1660 0.1817
1043 1661 0.1958
1043 1662 0.1876
1043 1663 0.1710
1043 1664 0.2059
1043 1666 0.1950
1043 1667 0.1921
1043 1668 0.2152
1043 1669 0.1988
1043 1673 0.1799
1043 1674 0.1506
1043 1675 0.2202
1043 1676 0.1867
1043 1678 0.1575
1043 1679 0.1829
1043 1681 0.2021
1043 1682 0.1664
1043 1683 0.5642
1043 1684 0.2202
1043 1685 0.1958
1043 1686 0.1867
1043 1687 0.1717
1043 1688 0.1958
1043 1689 0.2252
1043 1691 0.1747
1043 1692 0.1807
1043 1693 0.1865
1043 1694 0.1761
1043 1697 0.1654
1043 1699 0.1976
1043 1700 0.1976
1043 1701 0.1815
1043 1702 0.0804
1043 1705 0.1564
1043 1706 0.1935
1043 1707 0.1594
1043 1708 0.1724
1043 1709 0.1864
1043 1711 0.1967
1043 1712 0.2956
1043 1713 0.1782
1043 1714 0.1340
1043 1715 0.1827
1043 1717 0.4242
1043 1718 0.1613
1043 1719 0.2202
1043 1726 0.1950
1043 1728 0.1568
1045 1046 0.2808
1045 1047 0.1837
1045 1048 0.2330
1045 1049 0.1981
1045 1050 0.2595
1045 1052 0.1933
1045 1053 0.1873
1045 1055 0.2808
1045 1056 0.2262
1045 1057 0.2207
1045 1058 0.1837
1045 1059 0.1892
1045 1060 0.1886
1045 1061 0.2250
1045 1062 0.1868
1045 1063 0.2304
1045 1065 0.1882
1045 1066 0.7483
1045 1067 0.2582
1045 1068 0.1992
1045 1069 0.2304
1045 1070 0.1726
1045 1072 0.1947
1045 1075 0.3969
1045 1076 0.2015
1045 1077 0.1862
1045 1079 0.1943
1045 1080 0.3635
1045 1081 0.1562
1045 1082 0.6048
1045 1083 0.4737
1045 1084 0.1933
1045 1087 0.2207
1045 1089 0.6703
1045 1090 0.2096
1045 1093 0.5435
1045 1094 0.6026
1045 1095 0.1868
1045 1096 0.1878
1045 1097 0.1933
1045 1099 0.2030
1045 1102 0.1649
1045 1103 0.5743
1045 1104 0.5754
1045 1105 0.2063
1045 1106 0.2241
1045 1107 0.7306
1045 1108 0.2289
1045 1110 0.1933
1045 1111 0.1813
1045 1113 0.1862
1045 1115 0.2015
1045 1116 0.2193
1045 1117 0.1951
1045 1118 0.3167
1045 1119 0.1868
1045 1122 0.2207
1045 1123 0.2104
1045 1125 0.1718
1045 1126 0.2207
1045 1127 0.2077
1045 1128 0.5264
1045 1129 0.1981
1045 1130 0.5297
1045 1134 0.2006
1045 1135 0.2396
1045 1138 0.1994
1045 1141 0.1400
1045 1142 0.2006
1045 1146 0.2808
1045 1147 0.1788
1045 1150 0.1845
1045 1151 0.2060
1045 1152 0.5971
1045 1153 0.2035
1045 1154 0.2028
1045 1157 0.1980
1045 1158 0.2267
1045 1160 0.1804
1045 1161 0.2006
1045 1162 0.8870
1045 1163 0.2000
1045 1165 0.2286
1045 1166 0.4065
1045 1167 0.2583
1045 1169 0.4360
1045 1172 0.2006
1045 1176 0.6053
1045 1177 0.2006
1045 1180 0.1990
1045 1182 0.4351
1045 1185 0.1738
1045 1186 0.6167
1045 1187 0.2044
1045 1188 0.1868
1045 1189 0.2187
1045 1193 0.2429
1045 1194 0.1788
1045 1195 0.4389
1045 1196 0.1941
1045 1199 0.2459
1045 1200 0.8148
1045 1201 0.2207
1045 1202 0.8749
1045 1203 0.1770
1045 1204 0.2160
1045 1205 0.2207
1045 1206 0.8154
1045 1208 0.2119
1045 1209 0.3816
1045 1210 0.7163
1045 1211 0.8523
1045 1212 0.4065
1045 1213 0.7254
1045 1216 0.3160
1045 1217 0.7801
1045 1218 0.6187
1045 1219 0.3635
1045 1220 0.2006
1045 1221 0.8079
1045 1223 0.7719
1045 1225 0.8906
1045 1226 0.8159
1045 1227 0.6358
1045 1228 0.1933
1045 1229 0.4393
1045 1230 0.1933
1045 1231 0.8168
1045 1235 0.4302
1045 1236 0.2006
1045 1237 0.7659
1045 1238 0.3739
1045 1240 0.7792
1045 1241 0.5945
1045 1242 0.9092
1045 1244 0.1933
1045 1247 0.7572
1045 1248 0.2183
1045 1249 0.2808
1045 1250 0.5064
1045 1251 0.5904
1045 1252 0.7338
1045 1253 0.1868
1045 1254 0.2015
1045 1256 0.2509
1045 1257 0.2006
1045 1258 0.1925
1045 1259 0.2207
1045 1260 0.2431
1045 1262 0.5440
1045 1263 0.1828
1045 1265 0.1493
1045 1266 0.2187
1045 1267 0.2006
1045 1269 0.6808
1045 1270 0.3294
1045 1271 0.2240
1045 1272 0.2015
1045 1274 0.2006
1045 1275 0.1599
1045 1276 0.1767
1045 1278 0.2015
1045 1279 0.1744
1045 1280 0.2250
1045 1281 0.1857
1045 1282 0.2006
1045 1283 0.2028
1045 1284 0.1736
1045 1286 0.2257
1045 1287 0.2011
1045 1288 0.1933
1045 1289 0.1777
1045 1291 0.2887
1045 1292 0.2100
1045 1293 0.1788
1045 1296 0.2006
1045 1298 0.1989
1045 1299 0.2233
1045 1300 0.2006
1045 1301 0.2096
1045 1303 0.2018
1045 1304 0.2207
1045 1305 0.1526
1045 1306 0.1710
1045 1308 0.2320
1045 1309 0.2207
1045 1310 0.1867
1045 1311 0.2808
1045 1313 0.1933
1045 1315 0.1868
1045 1316 0.2114
1045 1322 0.1697
1045 1323 0.4147
1045 1326 0.2104
1045 1327 0.2006
1045 1329 0.2207
1045 1330 0.6563
1045 1331 0.5532
1045 1333 0.2123
1045 1335 0.2047
1045 1336 0.1878
1045 1337 0.2091
1045 1339 0.4469
1045 1340 0.5561
1045 1342 0.8994
1045 1343 0.2091
1045 1344 0.4032
1045 1346 0.4691
1045 1348 0.1933
1045 1349 0.2193
1045 1350 0.2207
1045 1353 0.2808
1045 1355 0.1886
1045 1356 0.1933
1045 1360 0.7849
1045 1361 0.7474
1045 1362 0.2267
1045 1363 0.3160
1045 1364 0.2035
1045 1367 0.8155
1045 1368 0.2104
1045 1369 0.8565
1045 1370 0.7268
1045 1372 0.5347
1045 1374 0.2006
1045 1376 0.1933
1045 1377 0.2006
1045 1379 0.1868
1045 1380 0.2207
1045 1381 0.2006
1045 1384 0.2808
1045 1386 0.2070
1045 1387 0.1853
1045 1388 0.2042
1045 1389 0.2196
1045 1390 0.2015
1045 1393 0.2808
1045 1394 0.2006
1045 1395 0.2006
1045 1396 0.4695
1045 1397 0.2321
1045 1398 0.2381
1045 1401 0.2015
1045 1402 0.2221
1045 1405 0.1868
1045 1406 0.2140
1045 1408 0.1900
1045 1409 0.2189
1045 1411 0.1933
1045 1412 0.2006
1045 1415 0.2006
1045 1416 0.2028
1045 1418 0.1853
1045 1419 0.2009
1045 1421 0.1342
1045 1423 0.1997
1045 1424 0.2207
1045 1425 0.7038
1045 1426 0.7710
1045 1427 0.1913
1045 1428 0.2808
1045 1431 0.1954
1045 1434 0.4466
1045 1435 0.2068
1045 1436 0.1868
1045 1437 0.1985
1045 1438 0.1759
1045 1439 0.1877
1045 1440 0.2973
1045 1441 0.1984
1045 1445 0.1901
1045 1446 0.1886
1045 1448 0.1933
1045 1449 0.2015
1045 1451 0.2207
1045 1452 0.4552
1045 1453 0.1933
1045 1456 0.2320
1045 1457 0.3635
1045 1458 0.3996
1045 1460 0.1832
1045 1462 0.7908
1045 1463 0.2111
1045 1464 0.2093
1045 1465 0.2808
1045 1466 0.1802
1045 1472 0.1933
1045 1473 0.3996
1045 1476 0.1933
1045 1477 0.1868
1045 1479 0.2141
1045 1482 0.1933
1045 1484 0.1836
1045 1485 0.4835
1045 1490 0.1933
1045 1491 0.1978
1045 1493 0.2020
1045 1494 0.3914
1045 1497 0.3160
1045 1499 0.1933
1045 1500 0.4703
1045 1503 0.6786
1045 1504 0.2304
1045 1505 0.2006
1045 1506 0.1933
1045 1507 0.2207
1045 1508 0.2207
1045 1510 0.2207
1045 1512 0.2006
1045 1513 0.2209
1045 1516 0.2459
1045 1517 0.2267
1045 1518 0.2172
1045 1519 0.2030
1045 1520 0.2111
1045 1522 0.2163
1045 1523 0.2808
1045 1525 0.4182
1045 1526 0.2160
1045 1527 0.1910
1045 1529 0.7743
1045 1530 0.2033
1045 1532 0.1697
1045 1534 0.1933
1045 1535 0.2207
1045 1536 0.2103
1045 1538 0.2179
1045 1540 0.2808
1045 1541 0.1947
1045 1542 0.4003
1045 1544 0.1752
1045 1545 0.2207
1045 1547 0.2090
1045 1548 0.1840
1045 1549 0.1920
1045 1551 0.1905
1045 1554 0.2006
1045 1555 0.2207
1045 1566 0.1666
1045 1567 0.1825
1045 1568 0.5932
1045 1570 0.1853
1045 1571 0.2613
1045 1573 0.7067
1045 1574 0.1933
1045 1577 0.2207
1045 1578 0.2207
1045 1580 0.7620
1045 1581 0.2207
1045 1582 0.1868
1045 1583 0.2207
1045 1585 0.2050
1045 1588 0.7932
1045 1591 0.7554
1045 1592 0.2091
1045 1593 0.7966
1045 1595 0.8523
1045 1596 0.3504
1045 1598 0.2006
1045 1599 0.4804
1045 1601 0.1933
1045 1603 0.5400
1045 1604 0.2207
1045 1606 0.7174
1045 1608 0.5590
1045 1609 0.7258
1045 1610 0.6780
1045 1611 0.1933
1045 1613 0.8703
1045 1614 0.2808
1045 1616 0.3996
1045 1618 0.2341
1045 1619 0.5577
1045 1621 0.8292
1045 1622 0.9015
1045 1623 0.4550
1045 1624 0.8692
1045 1626 0.7293
1045 1628 0.2207
1045 1629 0.2267
1045 1630 0.4594
1045 1632 0.2267
1045 1633 0.2286
1045 1634 0.6535
1045 1636 0.5036
1045 1637 0.5639
1045 1639 0.2808
1045 1640 0.7348
1045 1641 0.7104
1045 1642 0.5717
1045 1643 0.1933
1045 1646 0.1936
1045 1647 0.2015
1045 1649 0.2207
1045 1650 0.2207
1045 1652 0.2808
1045 1653 0.2187
1045 1654 0.2015
1045 1655 0.2006
1045 1660 0.1938
1045 1661 0.2006
1045 1662 0.2091
1045 1663 0.1745
1045 1664 0.2221
1045 1666 0.1933
1045 1667 0.2072
1045 1668 0.2305
1045 1669 0.2173
1045 1673 0.2015
1045 1674 0.1743
1045 1675 0.2207
1045 1676 0.1868
1045 1678 0.1646
1045 1679 0.1870
1045 1681 0.2808
1045 1682 0.1836
1045 1683 0.3949
1045 1684 0.2207
1045 1685 0.2006
1045 1686 0.6348
1045 1687 0.5470
1045 1688 0.2006
1045 1689 0.2316
1045 1691 0.2015
1045 1692 0.2168
1045 1693 0.1815
1045 1694 0.1844
1045 1697 0.1655
1045 1699 0.2152
1045 1700 0.2859
1045 1701 0.1757
1045 1702 0.1738
1045 1705 0.2098
1045 1706 0.1910
1045 1707 0.2030
1045 1708 0.1770
1045 1709 0.3120
1045 1711 0.2010
1045 1712 0.2160
1045 1713 0.1952
1045 1714 0.2022
1045 1715 0.2012
1045 1717 0.3933
1045 1718 0.1766
1045 1719 0.2207
1045 1726 0.1933
1045 1728 0.1726
1046 1047 0.2767
1046 1048 0.2509
1046 1049 0.1890
1046 1050 0.1654
1046 1052 0.2095
1046 1053 0.1803
1046 1055 0.1479
1046 1056 0.2532
1046 1057 0.2088
1046 1058 0.3074
1046 1059 0.2542
1046 1060 0.2232
1046 1061 0.3988
1046 1062 0.1651
1046 1063 0.2322
1046 1065 0.2303
1046 1066 0.3602
1046 1067 0.2594
1046 1068 0.1935
1046 1069 0.2734
1046 1070 0.1743
1046 1072 0.2401
1046 1075 0.3508
1046 1076 0.2436
1046 1077 0.2809
1046 1079 0.2119
1046 1080 0.1651
1046 1081 0.1201
1046 1082 0.2510
1046 1083 0.3065
1046 1084 0.2095
1046 1087 0.2088
1046 1089 0.2326
1046 1090 0.1701
1046 1093 0.2809
1046 1094 0.2201
1046 1095 0.1651
1046 1096 0.1823
1046 1097 0.2095
1046 1099 0.2221
1046 1102 0.1369
1046 1103 0.2673
1046 1104 0.3072
1046 1105 0.2010
1046 1106 0.1866
1046 1107 0.3527
1046 1108 0.3162
1046 1110 0.2095
1046 1111 0.1427
1046 1113 0.2809
1046 1115 0.2436
1046 1116 0.3595
1046 1117 0.2321
1046 1118 0.3403
1046 1119 0.1651
1046 1122 0.2088
1046 1123 0.2753
1046 1125 0.1241
1046 1126 0.2088
1046 1127 0.1637
1046 1128 0.1742
1046 1129 0.2273
1046 1130 0.2347
1046 1134 0.1870
1046 1135 0.2378
1046 1138 0.2616
1046 1141 0.1608
1046 1142 0.1870
1046 1146 0.1479
1046 1147 0.1611
1046 1150 0.1580
1046 1151 0.2682
1046 1152 0.3682
1046 1153 0.2874
1046 1154 0.1935
1046 1157 0.2261
1046 1158 0.1839
1046 1160 0.1434
1046 1161 0.1870
1046 1162 0.2304
1046 1163 0.1915
1046 1165 0.2076
1046 1166 0.2753
1046 1167 0.2728
1046 1169 0.2475
1046 1172 0.1870
1046 1176 0.2915
1046 1177 0.1870
1046 1180 0.1934
1046 1182 0.3240
1046 1185 0.1607
1046 1186 0.2669
1046 1187 0.1097
1046 1188 0.1651
1046 1189 0.2171
1046 1193 0.1923
1046 1194 0.1611
1046 1195 0.2734
1046 1196 0.2375
1046 1199 0.2472
1046 1200 0.2499
1046 1201 0.2088
1046 1202 0.1896
1046 1203 0.2713
1046 1204 0.1732
1046 1205 0.2088
1046 1206 0.3131
1046 1208 0.2606
1046 1209 0.1870
1046 1210 0.2940
1046 1211 0.2217
1046 1212 0.2753
1046 1213 0.2435
1046 1216 0.2095
1046 1217 0.2410
1046 1218 0.3506
1046 1219 0.1651
1046 1220 0.1870
1046 1221 0.3276
1046 1223 0.2081
1046 1225 0.2172
1046 1226 0.3363
1046 1227 0.2448
1046 1228 0.2095
1046 1229 0.1668
1046 1230 0.2095
1046 1231 0.2228
1046 1235 0.2734
1046 1236 0.1870
1046 1237 0.2132
1046 1238 0.1870
1046 1240 0.2795
1046 1241 0.2474
1046 1242 0.2829
1046 1244 0.2095
1046 1247 0.3279
1046 1248 0.2681
1046 1249 0.1479
1046 1250 0.3168
1046 1251 0.1904
1046 1252 0.3974
1046 1253 0.1651
1046 1254 0.2436
1046 1256 0.2554
1046 1257 0.1870
1046 1258 0.2219
1046 1259 0.2088
1046 1260 0.1533
1046 1262 0.2543
1046 1263 0.2219
1046 1265 0.1770
1046 1266 0.2171
1046 1267 0.1870
1046 1269 0.3620
1046 1270 0.2023
1046 1271 0.2895
1046 1272 0.2436
1046 1274 0.1870
1046 1275 0.1811
1046 1276 0.1466
1046 1278 0.2436
1046 1279 0.1867
1046 1280 0.2880
1046 1281 0.1885
1046 1282 0.1870
1046 1283 0.1685
1046 1284 0.1473
1046 1286 0.2556
1046 1287 0.2040
1046 1288 0.2095
1046 1289 0.2302
1046 1291 0.1617
1046 1292 0.2009
1046 1293 0.1611
1046 1296 0.1870
1046 1298 0.1902
1046 1299 0.1931
1046 1300 0.1870
1046 1301 0.2343
1046 1303 0.2063
1046 1304 0.2088
1046 1305 0.1590
1046 1306 0.1788
1046 1308 0.2728
1046 1309 0.2088
1046 1310 0.3080
1046 1311 0.1479
1046 1313 0.2095
1046 1315 0.1651
1046 1316 0.1968
1046 1322 0.2099
1046 1323 0.3400
1046 1326 0.2753
1046 1327 0.1870
1046 1329 0.2088
1046 1330 0.2200
1046 1331 0.2448
1046 1333 0.3586
1046 1335 0.2670
1046 1336 0.2878
1046 1337 0.2474
1046 1339 0.1384
1046 1340 0.1539
1046 1342 0.2070
1046 1343 0.2474
1046 1344 0.3508
1046 1346 0.2274
1046 1348 0.2095
1046 1349 0.3595
1046 1350 0.2088
1046 1353 0.1479
1046 1355 0.2284
1046 1356 0.2095
1046 1360 0.1648
1046 1361 0.1868
1046 1362 0.1839
1046 1363 0.2095
1046 1364 0.2803
1046 1367 0.3698
1046 1368 0.2753
1046 1369 0.3605
1046 1370 0.2128
1046 1372 0.1405
1046 1374 0.1870
1046 1376 0.2095
1046 1377 0.1870
1046 1379 0.1651
1046 1380 0.2088
1046 1381 0.1870
1046 1384 0.1479
1046 1386 0.1918
1046 1387 0.2304
1046 1388 0.2789
1046 1389 0.2454
1046 1390 0.2436
1046 1393 0.1479
1046 1394 0.1870
1046 1395 0.1870
1046 1396 0.3097
1046 1397 0.2676
1046 1398 0.1994
1046 1401 0.2436
1046 1402 0.3508
1046 1405 0.1651
1046 1406 0.1794
1046 1408 0.2308
1046 1409 0.2353
1046 1411 0.2095
1046 1412 0.1870
1046 1415 0.1870
1046 1416 0.2188
1046 1418 0.3114
1046 1419 0.2479
1046 1421 0.1640
1046 1423 0.1983
1046 1424 0.2088
1046 1425 0.2753
1046 1426 0.1526
1046 1427 0.1886
1046 1428 0.1479
1046 1431 0.1831
1046 1434 0.2192
1046 1435 0.2042
1046 1436 0.1651
1046 1437 0.1578
1046 1438 0.1997
1046 1439 0.2604
1046 1440 0.1901
1046 1441 0.1065
1046 1445 0.2323
1046 1446 0.2284
1046 1448 0.2095
1046 1449 0.2436
1046 1451 0.2088
1046 1452 0.1994
1046 1453 0.2095
1046 1456 0.2728
1046 1457 0.1651
1046 1458 0.2436
1046 1460 0.1496
1046 1462 0.2173
1046 1463 0.2171
1046 1464 0.2210
1046 1465 0.1479
1046 1466 0.1532
1046 1472 0.3342
1046 1473 0.2436
1046 1476 0.2095
1046 1477 0.1651
1046 1479 0.1762
1046 1482 0.2095
1046 1484 0.2766
1046 1485 0.2612
1046 1490 0.2095
1046 1491 0.2177
1046 1493 0.1584
1046 1494 0.2246
1046 1497 0.2095
1046 1499 0.2095
1046 1500 0.1809
1046 1503 0.2543
1046 1504 0.2734
1046 1505 0.1870
1046 1506 0.2095
1046 1507 0.2088
1046 1508 0.2088
1046 1510 0.2088
1046 1512 0.1870
1046 1513 0.2475
1046 1516 0.3051
1046 1517 0.1839
1046 1518 0.1948
1046 1519 0.1944
1046 1520 0.2027
1046 1522 0.2461
1046 1523 0.1479
1046 1525 0.1480
1046 1526 0.1133
1046 1527 0.2083
1046 1529 0.3667
1046 1530 0.1633
1046 1532 0.2099
1046 1534 0.2095
1046 1535 0.2088
1046 1536 0.3331
1046 1538 0.2028
1046 1540 0.1479
1046 1541 0.2401
1046 1542 0.1838
1046 1544 0.2161
1046 1545 0.2088
1046 1547 0.1628
1046 1548 0.3036
1046 1549 0.2093
1046 1551 0.1920
1046 1554 0.1870
1046 1555 0.2088
1046 1566 0.1544
1046 1567 0.3193
1046 1568 0.1356
1046 1570 0.3114
1046 1571 0.2172
1046 1573 0.2454
1046 1574 0.2095
1046 1577 0.2088
1046 1578 0.2088
1046 1580 0.1435
1046 1581 0.2088
1046 1582 0.1651
1046 1583 0.2088
1046 1585 0.1727
1046 1588 0.1662
1046 1591 0.1959
1046 1592 0.2474
1046 1593 0.2071
1046 1595 0.1473
1046 1596 0.2286
1046 1598 0.1870
1046 1599 0.2436
1046 1601 0.2095
1046 1603 0.2612
1046 1604 0.2088
1046 1606 0.2661
1046 1608 0.5038
1046 1609 0.1963
1046 1610 0.2728
1046 1611 0.2095
1046 1613 0.2862
1046 1614 0.1479
1046 1616 0.2436
1046 1618 0.2130
1046 1619 0.2571
1046 1621 0.3246
1046 1622 0.2145
1046 1623 0.2878
1046 1624 0.1702
1046 1626 0.3586
1046 1628 0.2088
1046 1629 0.1839
1046 1630 0.2474
1046 1632 0.1839
1046 1633 0.2076
1046 1634 0.2511
1046 1636 0.3400
1046 1637 0.1620
1046 1639 0.1479
1046 1640 0.2507
1046 1641 0.1986
1046 1642 0.1870
1046 1643 0.2095
1046 1646 0.3168
1046 1647 0.2436
1046 1649 0.2088
1046 1650 0.2088
1046 1652 0.1479
1046 1653 0.2171
1046 1654 0.1666
1046 1655 0.1870
1046 1660 0.1557
1046 1661 0.1870
1046 1662 0.2474
1046 1663 0.2440
1046 1664 0.3508
1046 1666 0.2095
1046 1667 0.3321
1046 1668 0.1566
1046 1669 0.2168
1046 1673 0.2436
1046 1674 0.1597
1046 1675 0.2088
1046 1676 0.1651
1046 1678 0.2077
1046 1679 0.2047
1046 1681 0.1479
1046 1682 0.2766
1046 1683 0.2823
1046 1684 0.2088
1046 1685 0.1870
1046 1686 0.1651
1046 1687 0.2018
1046 1688 0.1870
1046 1689 0.2228
1046 1691 0.1953
1046 1692 0.2051
1046 1693 0.1552
1046 1694 0.1524
1046 1697 0.1961
1046 1699 0.1139
1046 1700 0.2976
1046 1701 0.1494
1046 1702 0.1124
1046 1705 0.2317
1046 1706 0.1901
1046 1707 0.1923
1046 1708 0.1905
1046 1709 0.1554
1046 1711 0.1540
1046 1712 0.2121
1046 1713 0.1882
1046 1714 0.2326
1046 1715 0.2432
1046 1717 0.2288
1046 1718 0.2632
1046 1719 0.2088
1046 1726 0.2095
1046 1728 0.1839
1047 1048 0.2119
1047 1049 0.7552
1047 1050 0.6620
1047 1052 0.1646
1047 1053 0.1559
1047 1055 0.2767
1047 1056 0.1593
1047 1057 0.1974
1047 1058 0.1542
1047 1059 0.1660
1047 1060 0.1522
1047 1061 0.1964
1047 1062 0.1873
1047 1063 0.4706
1047 1065 0.3518
1047 1066 0.1730
1047 1067 0.2272
1047 1068 0.8097
1047 1069 0.2240
1047 1070 0.1413
1047 1072 0.1793
1047 1075 0.1841
1047 1076 0.1848
1047 1077 0.1414
1047 1079 0.1803
1047 1080 0.1873
1047 1081 0.1461
1047 1082 0.1960
1047 1083 0.2062
1047 1084 0.3029
1047 1087 0.1974
1047 1089 0.1731
1047 1090 0.7554
1047 1093 0.1414
1047 1094 0.1576
1047 1095 0.1873
1047 1096 0.1844
1047 1097 0.1646
1047 1099 0.4038
1047 1102 0.1559
1047 1103 0.2081
1047 1104 0.1748
1047 1105 0.5730
1047 1106 0.1863
1047 1107 0.1788
1047 1108 0.7522
1047 1110 0.1646
1047 1111 0.1653
1047 1113 0.1414
1047 1115 0.1848
1047 1116 0.1963
1047 1117 0.4589
1047 1118 0.3408
1047 1119 0.1873
1047 1122 0.1974
1047 1123 0.5285
1047 1125 0.6606
1047 1126 0.1974
1047 1127 0.1802
1047 1128 0.1788
1047 1129 0.1599
1047 1130 0.1799
1047 1134 0.1892
1047 1135 0.4285
1047 1138 0.7736
1047 1141 0.5516
1047 1142 0.2803
1047 1146 0.2767
1047 1147 0.2973
1047 1150 0.3580
1047 1151 0.1678
1047 1152 0.2926
1047 1153 0.6468
1047 1154 0.8043
1047 1157 0.1778
1047 1158 0.3269
1047 1160 0.1717
1047 1161 0.1892
1047 1162 0.1766
1047 1163 0.1915
1047 1165 0.2040
1047 1166 0.1920
1047 1167 0.2491
1047 1169 0.4093
1047 1172 0.3193
1047 1176 0.1753
1047 1177 0.1892
1047 1180 0.8142
1047 1182 0.1690
1047 1185 0.5051
1047 1186 0.1616
1047 1187 0.6831
1047 1188 0.1873
1047 1189 0.1889
1047 1193 0.7708
1047 1194 0.3023
1047 1195 0.2240
1047 1196 0.6235
1047 1199 0.2127
1047 1200 0.1805
1047 1201 0.1974
1047 1202 0.1660
1047 1203 0.3248
1047 1204 0.1995
1047 1205 0.1974
1047 1206 0.3683
1047 1208 0.6826
1047 1209 0.1892
1047 1210 0.8737
1047 1211 0.3785
1047 1212 0.3038
1047 1213 0.1736
1047 1216 0.1646
1047 1217 0.2060
1047 1218 0.1759
1047 1219 0.1873
1047 1220 0.3407
1047 1221 0.2058
1047 1223 0.1570
1047 1225 0.1254
1047 1226 0.2262
1047 1227 0.1673
1047 1228 0.3152
1047 1229 0.1795
1047 1230 0.1646
1047 1231 0.1752
1047 1235 0.2240
1047 1236 0.1892
1047 1237 0.1837
1047 1238 0.1892
1047 1240 0.2220
1047 1241 0.1923
1047 1242 0.2581
1047 1244 0.1646
1047 1247 0.1690
1047 1248 0.2090
1047 1249 0.2767
1047 1250 0.1648
1047 1251 0.1656
1047 1252 0.2274
1047 1253 0.1873
1047 1254 0.3811
1047 1256 0.2219
1047 1257 0.1892
1047 1258 0.3196
1047 1259 0.1974
1047 1260 0.2064
1047 1262 0.3578
1047 1263 0.1475
1047 1265 0.1826
1047 1266 0.1889
1047 1267 0.1892
1047 1269 0.2136
1047 1270 0.1699
1047 1271 0.1834
1047 1272 0.1848
1047 1274 0.1892
1047 1275 0.1791
1047 1276 0.1720
1047 1278 0.3811
1047 1279 0.1550
1047 1280 0.1861
1047 1281 0.1608
1047 1282 0.1892
1047 1283 0.1956
1047 1284 0.1456
1047 1286 0.1842
1047 1287 0.1407
1047 1288 0.1646
1047 1289 0.1407
1047 1291 0.1587
1047 1292 0.2009
1047 1293 0.1593
1047 1296 0.1892
1047 1298 0.1909
1047 1299 0.1426
1047 1300 0.1892
1047 1301 0.1713
1047 1303 0.1997
1047 1304 0.1974
1047 1305 0.1265
1047 1306 0.1559
1047 1308 0.2196
1047 1309 0.1974
1047 1310 0.1585
1047 1311 0.2767
1047 1313 0.1646
1047 1315 0.1873
1047 1316 0.1968
1047 1322 0.1690
1047 1323 0.1698
1047 1326 0.1920
1047 1327 0.1892
1047 1329 0.1974
1047 1330 0.3374
1047 1331 0.1590
1047 1333 0.1793
1047 1335 0.3841
1047 1336 0.1441
1047 1337 0.1923
1047 1339 0.1551
1047 1340 0.1497
1047 1342 0.1844
1047 1343 0.1923
1047 1344 0.1841
1047 1346 0.1738
1047 1348 0.1646
1047 1349 0.3832
1047 1350 0.1974
1047 1353 0.2767
1047 1355 0.3072
1047 1356 0.1646
1047 1360 0.1317
1047 1361 0.1682
1047 1362 0.1984
1047 1363 0.1646
1047 1364 0.1723
1047 1367 0.1749
1047 1368 0.1920
1047 1369 0.8796
1047 1370 0.1856
1047 1372 0.1590
1047 1374 0.1892
1047 1376 0.1646
1047 1377 0.1892
1047 1379 0.1873
1047 1380 0.1974
1047 1381 0.1892
1047 1384 0.2767
1047 1386 0.2073
1047 1387 0.1586
1047 1388 0.1725
1047 1389 0.1727
1047 1390 0.1848
1047 1393 0.2767
1047 1394 0.3248
1047 1395 0.1892
1047 1396 0.3692
1047 1397 0.1736
1047 1398 0.1961
1047 1401 0.3811
1047 1402 0.1841
1047 1405 0.1873
1047 1406 0.4462
1047 1408 0.1552
1047 1409 0.1690
1047 1411 0.1646
1047 1412 0.1892
1047 1415 0.1892
1047 1416 0.1705
1047 1418 0.3966
1047 1419 0.6515
1047 1421 0.5724
1047 1423 0.7139
1047 1424 0.1974
1047 1425 0.4790
1047 1426 0.1737
1047 1427 0.7709
1047 1428 0.2767
1047 1431 0.7415
1047 1434 0.9612
1047 1435 0.8535
1047 1436 0.1873
1047 1437 0.7518
1047 1438 0.5114
1047 1439 0.4526
1047 1440 0.7869
1047 1441 0.7367
1047 1445 0.3497
1047 1446 0.2780
1047 1448 0.1646
1047 1449 0.1848
1047 1451 0.1974
1047 1452 0.1961
1047 1453 0.1646
1047 1456 0.2196
1047 1457 0.1873
1047 1458 0.1848
1047 1460 0.1542
1047 1462 0.1866
1047 1463 0.1558
1047 1464 0.1649
1047 1465 0.2767
1047 1466 0.1501
1047 1472 0.1707
1047 1473 0.1848
1047 1476 0.1646
1047 1477 0.1873
1047 1479 0.1793
1047 1482 0.1646
1047 1484 0.1367
1047 1485 0.2607
1047 1490 0.1646
1047 1491 0.1721
1047 1493 0.1796
1047 1494 0.1774
1047 1497 0.1646
1047 1499 0.1646
1047 1500 0.2564
1047 1503 0.2161
1047 1504 0.2240
1047 1505 0.1892
1047 1506 0.1646
1047 1507 0.1974
1047 1508 0.1974
1047 1510 0.1974
1047 1512 0.1892
1047 1513 0.1677
1047 1516 0.2351
1047 1517 0.1984
1047 1518 0.1688
1047 1519 0.1944
1047 1520 0.2027
1047 1522 0.1521
1047 1523 0.2767
1047 1525 0.1735
1047 1526 0.1957
1047 1527 0.1803
1047 1529 0.3209
1047 1530 0.1956
1047 1532 0.1690
1047 1534 0.1646
1047 1535 0.1974
1047 1536 0.1819
1047 1538 0.1365
1047 1540 0.2767
1047 1541 0.1793
1047 1542 0.1610
1047 1544 0.1739
1047 1545 0.1974
1047 1547 0.1894
1047 1548 0.1566
1047 1549 0.1722
1047 1551 0.1597
1047 1554 0.1892
1047 1555 0.1974
1047 1566 0.1593
1047 1567 0.1553
1047 1568 0.1609
1047 1570 0.3966
1047 1571 0.2335
1047 1573 0.1735
1047 1574 0.1646
1047 1577 0.1974
1047 1578 0.1974
1047 1580 0.1616
1047 1581 0.1974
1047 1582 0.4468
1047 1583 0.1974
1047 1585 0.4359
1047 1588 0.1632
1047 1591 0.1632
1047 1592 0.1923
1047 1593 0.1731
1047 1595 0.1633
1047 1596 0.1621
1047 1598 0.1892
1047 1599 0.1848
1047 1601 0.1646
1047 1603 0.2018
1047 1604 0.1974
1047 1606 0.1807
1047 1608 0.2995
1047 1609 0.1609
1047 1610 0.1362
1047 1611 0.1646
1047 1613 0.1916
1047 1614 0.2767
1047 1616 0.1848
1047 1618 0.2185
1047 1619 0.2030
1047 1621 0.2274
1047 1622 0.2145
1047 1623 0.1441
1047 1624 0.1647
1047 1626 0.1793
1047 1628 0.1974
1047 1629 0.1984
1047 1630 0.1923
1047 1632 0.1984
1047 1633 0.2040
1047 1634 0.1763
1047 1636 0.2576
1047 1637 0.1571
1047 1639 0.2767
1047 1640 0.2046
1047 1641 0.1747
1047 1642 0.1892
1047 1643 0.1646
1047 1646 0.1648
1047 1647 0.1848
1047 1649 0.1974
1047 1650 0.1974
1047 1652 0.2767
1047 1653 0.1889
1047 1654 0.1684
1047 1655 0.1892
1047 1660 0.1469
1047 1661 0.1892
1047 1662 0.1923
1047 1663 0.1564
1047 1664 0.1841
1047 1666 0.1646
1047 1667 0.1827
1047 1668 0.1958
1047 1669 0.1894
1047 1673 0.1848
1047 1674 0.1613
1047 1675 0.1974
1047 1676 0.1873
1047 1678 0.1936
1047 1679 0.1634
1047 1681 0.2767
1047 1682 0.1367
1047 1683 0.3021
1047 1684 0.1974
1047 1685 0.1892
1047 1686 0.1873
1047 1687 0.1772
1047 1688 0.1892
1047 1689 0.0861
1047 1691 0.4713
1047 1692 0.1711
1047 1693 0.1520
1047 1694 0.1694
1047 1697 0.1738
1047 1699 0.7580
1047 1700 0.7515
1047 1701 0.3904
1047 1702 0.6451
1047 1705 0.5501
1047 1706 0.7784
1047 1707 0.7517
1047 1708 0.3600
1047 1709 0.3605
1047 1711 0.7616
1047 1712 0.9202
1047 1713 0.7729
1047 1714 0.7441
1047 1715 0.4294
1047 1717 0.9442
1047 1718 0.2964
1047 1719 0.1974
1047 1726 0.1646
1047 1728 0.5635
1048 1049 0.1904
1048 1050 0.2031
1048 1052 0.2263
1048 1053 0.1736
1048 1055 0.2509
1048 1056 0.8923
1048 1057 0.2048
1048 1058 0.1971
1048 1059 0.1849
1048 1060 0.2359
1048 1061 0.6885
1048 1062 0.2167
1048 1063 0.2190
1048 1065 0.1992
1048 1066 0.2267
1048 1067 0.2710
1048 1068 0.2042
1048 1069 0.2337
1048 1070 0.9030
1048 1072 0.2098
1048 1075 0.2198
1048 1076 0.2135
1048 1077 0.2143
1048 1079 0.9429
1048 1080 0.2167
1048 1081 0.2021
1048 1082 0.4449
1048 1083 0.2194
1048 1084 0.2263
1048 1087 0.2048
1048 1089 0.2365
1048 1090 0.4197
1048 1093 0.2143
1048 1094 0.2094
1048 1095 0.2167
1048 1096 0.2034
1048 1097 0.2263
1048 1099 0.1900
1048 1102 0.1968
1048 1103 0.2216
1048 1104 0.2191
1048 1105 0.1872
1048 1106 0.7342
1048 1107 0.2344
1048 1108 0.1965
1048 1110 0.2263
1048 1111 0.1994
1048 1113 0.2143
1048 1115 0.2135
1048 1116 0.2239
1048 1117 0.2004
1048 1118 0.2246
1048 1119 0.5635
1048 1122 0.2048
1048 1123 0.2320
1048 1125 0.0902
1048 1126 0.2048
1048 1127 0.2121
1048 1128 0.2199
1048 1129 0.6083
1048 1130 0.1970
1048 1134 0.2118
1048 1135 0.2338
1048 1138 0.1919
1048 1141 0.1531
1048 1142 0.2118
1048 1146 0.2509
1048 1147 0.2074
1048 1150 0.2359
1048 1151 0.1995
1048 1152 0.3200
1048 1153 0.0766
1048 1154 0.1578
1048 1157 0.2214
1048 1158 0.2487
1048 1160 0.1986
1048 1161 0.4504
1048 1162 0.2170
1048 1163 0.1945
1048 1165 0.2434
1048 1166 0.2320
1048 1167 0.2608
1048 1169 0.2069
1048 1172 0.2118
1048 1176 0.2177
1048 1177 0.2118
1048 1180 0.1561
1048 1182 0.2259
1048 1185 0.5577
1048 1186 0.1977
1048 1187 0.0750
1048 1188 0.2167
1048 1189 0.2541
1048 1193 0.1086
1048 1194 0.2074
1048 1195 0.2337
1048 1196 0.2063
1048 1199 0.2347
1048 1200 0.2272
1048 1201 0.2048
1048 1202 0.1644
1048 1203 0.2112
1048 1204 0.2311
1048 1205 0.2048
1048 1206 0.2675
1048 1208 0.2135
1048 1209 0.2118
1048 1210 0.2328
1048 1211 0.2861
1048 1212 0.2320
1048 1213 0.2432
1048 1216 0.2263
1048 1217 0.2320
1048 1218 0.2260
1048 1219 0.2167
1048 1220 0.2118
1048 1221 0.2557
1048 1223 0.2199
1048 1225 0.2160
1048 1226 0.2808
1048 1227 0.2130
1048 1228 0.2263
1048 1229 0.2328
1048 1230 0.2263
1048 1231 0.1790
1048 1235 0.2337
1048 1236 0.2118
1048 1237 0.2204
1048 1238 0.2118
1048 1240 0.2662
1048 1241 0.2091
1048 1242 0.2433
1048 1244 0.2263
1048 1247 0.2426
1048 1248 0.2304
1048 1249 0.2509
1048 1250 0.2009
1048 1251 0.2188
1048 1252 0.2426
1048 1253 0.4611
1048 1254 0.6004
1048 1256 0.8665
1048 1257 0.3550
1048 1258 0.8063
1048 1259 0.2048
1048 1260 0.9361
1048 1262 0.5524
1048 1263 0.7466
1048 1265 0.8831
1048 1266 0.2541
1048 1267 0.6131
1048 1269 0.7056
1048 1270 0.6328
1048 1271 0.6596
1048 1272 0.6015
1048 1274 0.4504
1048 1275 0.8976
1048 1276 0.7612
1048 1278 0.6004
1048 1279 0.9270
1048 1280 0.7141
1048 1281 0.1900
1048 1282 0.2118
1048 1283 0.1978
1048 1284 0.1996
1048 1286 0.2222
1048 1287 0.1921
1048 1288 0.2263
1048 1289 0.1899
1048 1291 0.1857
1048 1292 0.2052
1048 1293 0.2074
1048 1296 0.2118
1048 1298 0.1947
1048 1299 0.1996
1048 1300 0.2118
1048 1301 0.2241
1048 1303 0.1982
1048 1304 0.2048
1048 1305 0.2122
1048 1306 0.1870
1048 1308 0.2307
1048 1309 0.2048
1048 1310 0.1957
1048 1311 0.2509
1048 1313 0.2263
1048 1315 0.2167
1048 1316 0.2022
1048 1322 0.1726
1048 1323 0.2200
1048 1326 0.2320
1048 1327 0.2118
1048 1329 0.2048
1048 1330 0.2069
1048 1331 0.1855
1048 1333 0.4956
1048 1335 0.2276
1048 1336 0.6727
1048 1337 0.2091
1048 1339 0.2091
1048 1340 0.2045
1048 1342 0.2073
1048 1343 0.2091
1048 1344 0.2198
1048 1346 0.2158
1048 1348 0.2263
1048 1349 0.2239
1048 1350 0.2048
1048 1353 0.2509
1048 1355 0.1858
1048 1356 0.2263
1048 1360 0.2157
1048 1361 0.1970
1048 1362 0.2487
1048 1363 0.2263
1048 1364 0.7417
1048 1367 0.5214
1048 1368 0.2320
1048 1369 0.7646
1048 1370 0.2289
1048 1372 0.2001
1048 1374 0.2118
1048 1376 0.2263
1048 1377 0.2118
1048 1379 0.2167
1048 1380 0.2048
1048 1381 0.2118
1048 1384 0.2509
1048 1386 0.2489
1048 1387 0.7972
1048 1388 0.7943
1048 1389 0.6791
1048 1390 0.5975
1048 1393 0.2509
1048 1394 0.2118
1048 1395 0.6455
1048 1396 0.2510
1048 1397 0.8375
1048 1398 0.5757
1048 1401 0.6040
1048 1402 0.2198
1048 1405 0.2167
1048 1406 0.7154
1048 1408 0.7209
1048 1409 0.8601
1048 1411 0.6188
1048 1412 0.5041
1048 1415 0.2878
1048 1416 0.6841
1048 1418 0.2006
1048 1419 0.9042
1048 1421 0.1734
1048 1423 0.5054
1048 1424 0.2048
1048 1425 0.2320
1048 1426 0.2188
1048 1427 0.1230
1048 1428 0.2509
1048 1431 0.0726
1048 1434 0.5699
1048 1435 0.1972
1048 1436 0.2167
1048 1437 0.1896
1048 1438 0.1711
1048 1439 0.2185
1048 1440 0.0882
1048 1441 0.2018
1048 1445 0.1985
1048 1446 0.1858
1048 1448 0.2263
1048 1449 0.2135
1048 1451 0.2048
1048 1452 0.2494
1048 1453 0.2263
1048 1456 0.2307
1048 1457 0.2167
1048 1458 0.2135
1048 1460 0.2073
1048 1462 0.5318
1048 1463 0.2051
1048 1464 0.2167
1048 1465 0.2509
1048 1466 0.2038
1048 1472 0.2273
1048 1473 0.2135
1048 1476 0.2263
1048 1477 0.2167
1048 1479 0.2185
1048 1482 0.2263
1048 1484 0.5659
1048 1485 0.2011
1048 1490 0.2263
1048 1491 0.2112
1048 1493 0.2236
1048 1494 0.2094
1048 1497 0.2263
1048 1499 0.2263
1048 1500 0.2293
1048 1503 0.2463
1048 1504 0.2337
1048 1505 0.2118
1048 1506 0.2263
1048 1507 0.2048
1048 1508 0.2048
1048 1510 0.2048
1048 1512 0.2118
1048 1513 0.2170
1048 1516 0.2615
1048 1517 0.2487
1048 1518 0.2274
1048 1519 0.1996
1048 1520 0.2024
1048 1522 0.1708
1048 1523 0.2509
1048 1525 0.2073
1048 1526 0.2119
1048 1527 0.1673
1048 1529 0.3409
1048 1530 0.1970
1048 1532 0.1726
1048 1534 0.2263
1048 1535 0.2048
1048 1536 0.2088
1048 1538 0.1965
1048 1540 0.2509
1048 1541 0.2098
1048 1542 0.2632
1048 1544 0.1813
1048 1545 0.2048
1048 1547 0.2072
1048 1548 0.1933
1048 1549 0.1989
1048 1551 0.1833
1048 1554 0.2118
1048 1555 0.2048
1048 1566 0.1791
1048 1567 0.2267
1048 1568 0.1943
1048 1570 0.2006
1048 1571 0.2549
1048 1573 0.2142
1048 1574 0.2263
1048 1577 0.2048
1048 1578 0.2048
1048 1580 0.2256
1048 1581 0.2048
1048 1582 0.2167
1048 1583 0.2048
1048 1585 0.2180
1048 1588 0.2032
1048 1591 0.1968
1048 1592 0.5933
1048 1593 0.2031
1048 1595 0.2287
1048 1596 0.6603
1048 1598 0.2118
1048 1599 0.2135
1048 1601 0.2263
1048 1603 0.2189
1048 1604 0.2048
1048 1606 0.2621
1048 1608 0.3254
1048 1609 0.2056
1048 1610 0.2100
1048 1611 0.2263
1048 1613 0.2568
1048 1614 0.2509
1048 1616 0.2135
1048 1618 0.6340
1048 1619 0.2421
1048 1621 0.4564
1048 1622 0.2139
1048 1623 0.2196
1048 1624 0.2039
1048 1626 0.2346
1048 1628 0.2048
1048 1629 0.2487
1048 1630 0.2091
1048 1632 0.2487
1048 1633 0.2434
1048 1634 0.6083
1048 1636 0.2200
1048 1637 0.2240
1048 1639 0.2509
1048 1640 0.2412
1048 1641 0.1981
1048 1642 0.2118
1048 1643 0.2263
1048 1646 0.2009
1048 1647 0.4410
1048 1649 0.2048
1048 1650 0.2048
1048 1652 0.2509
1048 1653 0.2541
1048 1654 0.4266
1048 1655 0.2118
1048 1660 0.2148
1048 1661 0.5345
1048 1662 0.5788
1048 1663 0.7470
1048 1664 0.5760
1048 1666 0.2263
1048 1667 0.5805
1048 1668 0.8878
1048 1669 0.6727
1048 1673 0.2135
1048 1674 0.7738
1048 1675 0.2048
1048 1676 0.5859
1048 1678 0.8614
1048 1679 0.5434
1048 1681 0.2509
1048 1682 0.5659
1048 1683 0.8363
1048 1684 0.2048
1048 1685 0.2118
1048 1686 0.2167
1048 1687 0.7915
1048 1688 0.5345
1048 1689 0.9629
1048 1691 0.8518
1048 1692 0.7243
1048 1693 0.6230
1048 1694 0.7271
1048 1697 0.8397
1048 1699 0.2132
1048 1700 0.2287
1048 1701 0.2004
1048 1702 0.1966
1048 1705 0.1562
1048 1706 0.1264
1048 1707 0.2250
1048 1708 0.1837
1048 1709 0.2119
1048 1711 0.1970
1048 1712 0.6395
1048 1713 0.1366
1048 1714 0.3327
1048 1715 0.2018
1048 1717 0.4219
1048 1718 0.2027
1048 1719 0.2048
1048 1726 0.2263
1048 1728 0.1933
1049 1050 0.9791
1049 1052 0.1890
1049 1053 0.1890
1049 1055 0.1890
1049 1056 0.1191
1049 1057 0.1890
1049 1058 0.1890
1049 1059 0.1941
1049 1060 0.1899
1049 1061 0.1890
1049 1062 0.1890
1049 1063 0.1932
1049 1065 0.7653
1049 1066 0.1953
1049 1067 0.1890
1049 1068 0.9954
1049 1069 0.1890
1049 1070 0.5110
1049 1072 0.1890
1049 1075 0.1890
1049 1076 0.1890
1049 1077 0.1890
1049 1079 0.1955
1049 1080 0.1890
1049 1081 0.1896
1049 1082 0.1887
1049 1083 0.1924
1049 1084 0.3961
1049 1087 0.1890
1049 1089 0.1916
1049 1090 0.9931
1049 1093 0.1890
1049 1094 0.1891
1049 1095 0.1890
1049 1096 0.1890
1049 1097 0.1890
1049 1099 0.1924
1049 1102 0.1918
1049 1103 0.1890
1049 1104 0.1887
1049 1105 0.8859
1049 1106 0.1892
1049 1107 0.1890
1049 1108 0.9931
1049 1110 0.1890
1049 1111 0.1892
1049 1113 0.1890
1049 1115 0.1890
1049 1116 0.1890
1049 1117 0.1972
1049 1118 0.7256
1049 1119 0.1890
1049 1122 0.1890
1049 1123 0.5110
1049 1125 0.9450
1049 1126 0.1890
1049 1127 0.0914
1049 1128 0.1890
1049 1129 0.1928
1049 1130 0.1942
1049 1134 0.1890
1049 1135 0.0829
1049 1138 0.9952
1049 1141 0.9405
1049 1142 0.7258
1049 1146 0.1890
1049 1147 0.6227
1049 1150 0.7714
1049 1151 0.1886
1049 1152 0.1890
1049 1153 0.9478
1049 1154 0.9936
1049 1157 0.1749
1049 1158 0.4840
1049 1160 0.1902
1049 1161 0.1890
1049 1162 0.1963
1049 1163 0.1915
1049 1165 0.1890
1049 1166 0.2353
1049 1167 0.1890
1049 1169 0.8528
1049 1172 0.3393
1049 1176 0.1877
1049 1177 0.1890
1049 1180 0.9955
1049 1182 0.1890
1049 1185 0.8116
1049 1186 0.1962
1049 1187 0.9571
1049 1188 0.1890
1049 1189 0.1890
1049 1193 0.9943
1049 1194 0.7515
1049 1195 0.1890
1049 1196 0.7511
1049 1199 0.1890
1049 1200 0.1895
1049 1201 0.1890
1049 1202 0.1979
1049 1203 0.7197
1049 1204 0.1890
1049 1205 0.1890
1049 1206 0.4020
1049 1208 0.8821
1049 1209 0.1890
1049 1210 0.2946
1049 1211 0.4728
1049 1212 0.2973
1049 1213 0.1008
1049 1216 0.1890
1049 1217 0.1890
1049 1218 0.1890
1049 1219 0.1890
1049 1220 0.3512
1049 1221 0.1890
