434 1718 0.2367
434 1719 0.2500
434 1726 0.2498
434 1728 0.3615
436 438 0.3798
436 439 0.1822
436 441 0.1327
436 442 0.2626
436 445 0.1823
436 447 0.2224
436 448 0.2621
436 449 0.2050
436 450 0.2806
436 451 0.2019
436 452 0.1908
436 453 0.1817
436 454 0.2136
436 455 0.2810
436 456 0.1479
436 457 0.1870
436 458 0.1846
436 459 0.2471
436 460 0.3020
436 461 0.2594
436 462 0.2088
436 463 0.3920
436 464 0.2535
436 465 0.1947
436 466 0.2038
436 467 0.1922
436 468 0.2463
436 470 0.1920
436 471 0.1957
436 472 0.1903
436 474 0.1651
436 475 0.2272
436 476 0.1721
436 478 0.3251
436 479 0.2095
436 480 0.2519
436 481 0.2479
436 482 0.1651
436 484 0.1713
436 485 0.1605
436 487 0.1479
436 488 0.1912
436 489 0.2436
436 490 0.2674
436 491 0.1646
436 492 0.2095
436 493 0.1964
436 494 0.1651
436 495 0.3127
436 496 0.1242
436 497 0.2120
436 498 0.1824
436 499 0.1552
436 500 0.2088
436 501 0.2022
436 502 0.1805
436 503 0.2095
436 504 0.2014
436 505 0.1575
436 506 0.1669
436 507 0.1941
436 508 0.2871
436 509 0.1668
436 511 0.2934
436 513 0.1752
436 514 0.3396
436 515 0.2015
436 516 0.2068
436 517 0.1681
436 518 0.1870
436 519 0.2088
436 520 0.1955
436 521 0.1752
436 522 0.1918
436 523 0.1123
436 526 0.2474
436 527 0.1616
436 528 0.2170
436 530 0.1651
436 531 0.2223
436 534 0.2653
436 535 0.1975
436 536 0.1946
436 537 0.2109
436 538 0.2088
436 539 0.2095
436 540 0.2597
436 541 0.2753
436 542 0.1809
436 543 0.1870
436 544 0.1532
436 545 0.2700
436 546 0.1870
436 547 0.1870
436 548 0.3595
436 549 0.1870
436 551 0.1479
436 552 0.2234
436 553 0.2076
436 554 0.1611
436 555 0.2615
436 556 0.1479
436 558 0.3871
436 559 0.1620
436 560 0.2003
436 561 0.2075
436 562 0.2626
436 563 0.1998
436 564 0.2267
436 565 0.2357
436 568 0.2027
436 569 0.1293
436 570 0.2061
436 571 0.2487
436 572 0.1820
436 573 0.2510
436 574 0.1876
436 575 0.2302
436 576 0.1905
436 577 0.1863
436 578 0.2195
436 579 0.4323
436 581 0.2665
436 582 0.2392
436 583 0.1606
436 584 0.1884
436 585 0.3034
436 587 0.2774
436 589 0.2691
436 590 0.2118
436 592 0.2038
436 593 0.2401
436 594 0.2343
436 599 0.3002
436 600 0.2482
436 601 0.2005
436 602 0.1633
436 605 0.2088
436 606 0.2095
436 607 0.2416
436 608 0.1290
436 609 0.2563
436 610 0.2662
436 612 0.2098
436 613 0.1357
436 614 0.1839
436 617 0.1349
436 618 0.1369
436 619 0.2877
436 621 0.1875
436 622 0.2436
436 623 0.3251
436 625 0.1620
436 626 0.1957
436 627 0.2298
436 628 0.1817
436 629 0.3034
436 631 0.2488
436 632 0.1923
436 633 0.1909
436 634 0.2076
436 635 0.2171
436 636 0.2088
436 637 0.2503
436 638 0.1918
436 639 0.2143
436 640 0.1611
436 641 0.3744
436 642 0.2713
436 643 0.2147
436 644 0.1367
436 645 0.1604
436 646 0.2046
436 648 0.1902
436 649 0.2422
436 650 0.2674
436 651 0.1009
436 652 0.2147
436 653 0.2119
436 655 0.1740
436 656 0.1647
436 657 0.1506
436 658 0.2133
436 659 0.2076
436 660 0.2436
436 661 0.2693
436 662 0.2734
436 663 0.2088
436 664 0.2706
436 666 0.2242
436 668 0.1611
436 669 0.1651
436 671 0.2836
436 672 0.1543
436 673 0.2019
436 674 0.2150
436 676 0.2766
436 677 0.1651
436 678 0.2348
436 679 0.2874
436 680 0.2093
436 683 0.2095
436 684 0.3043
436 685 0.2034
436 686 0.1479
436 687 0.1479
436 688 0.1839
436 689 0.2402
436 690 0.1805
436 691 0.2602
436 692 0.2100
436 693 0.2036
436 694 0.1919
436 695 0.3474
436 696 0.1639
436 697 0.3527
436 698 0.2056
436 699 0.1611
436 700 0.2470
436 702 0.2332
436 703 0.1718
436 704 0.1878
436 705 0.1582
436 706 0.2059
436 707 0.2834
436 708 0.2436
436 709 0.4211
436 710 0.2237
436 711 0.2108
436 712 0.1602
436 713 0.1467
436 714 0.1668
436 716 0.2088
436 717 0.1360
436 718 0.2732
436 721 0.2728
436 722 0.1958
436 723 0.2436
436 724 0.1479
436 726 0.2776
436 727 0.2095
436 728 0.2324
436 729 0.1177
436 731 0.2144
436 732 0.2294
436 733 0.1870
436 734 0.3353
436 735 0.1739
436 736 0.2077
436 737 0.1859
436 738 0.1479
436 740 0.1805
436 741 0.1945
436 742 0.2353
436 743 0.1949
436 744 0.1908
436 745 0.1957
436 746 0.1870
436 747 0.2088
436 748 0.2194
436 750 0.2541
436 751 0.2401
436 752 0.2074
436 753 0.2211
436 754 0.1651
436 755 0.1878
436 756 0.2593
436 758 0.3721
436 759 0.1636
436 760 0.2345
436 761 0.3939
436 762 0.2248
436 763 0.3657
436 764 0.3217
436 766 0.2244
436 767 0.2436
436 768 0.2226
436 769 0.1303
436 770 0.2319
436 771 0.1375
436 772 0.1870
436 773 0.1479
436 775 0.1913
436 776 0.1882
436 777 0.1766
436 778 0.2347
436 780 0.2393
436 781 0.1651
436 782 0.2735
436 783 0.3162
436 784 0.1443
436 785 0.2592
436 786 0.1822
436 787 0.1413
436 789 0.2291
436 792 0.2064
436 793 0.1886
436 794 0.2507
436 796 0.1918
436 797 0.2681
436 799 0.1682
436 801 0.2214
436 802 0.1651
436 803 0.1219
436 804 0.2240
436 805 0.2330
436 806 0.1809
436 807 0.2088
436 808 0.2528
436 809 0.2750
436 810 0.2167
436 811 0.2013
436 813 0.2809
436 814 0.1988
436 815 0.2012
436 816 0.3586
436 817 0.1792
436 818 0.2432
436 819 0.1231
436 820 0.2088
436 821 0.2417
436 822 0.2269
436 823 0.2037
436 824 0.2436
436 825 0.2021
436 827 0.2950
436 828 0.1839
436 829 0.2095
436 830 0.2323
436 831 0.1723
436 832 0.3580
436 833 0.2420
436 834 0.2440
436 835 0.2174
436 836 0.3172
436 838 0.1868
436 839 0.1839
436 840 0.2436
436 841 0.2152
436 842 0.1870
436 843 0.2083
436 845 0.2236
436 846 0.1908
436 848 0.3594
436 849 0.2259
436 851 0.2220
436 853 0.2878
436 855 0.2088
436 856 0.2095
436 858 0.2076
436 860 0.1565
436 861 0.2776
436 862 0.2095
436 864 0.1868
436 865 0.2261
436 866 0.3321
436 867 0.1638
436 868 0.3034
436 869 0.1341
436 870 0.1669
436 871 0.2979
436 872 0.2217
436 876 0.3145
436 877 0.1651
436 878 0.2681
436 880 0.2313
436 881 0.1639
436 882 0.1482
436 883 0.2118
436 884 0.2095
436 885 0.2752
436 886 0.1413
436 887 0.1870
436 888 0.1947
436 889 0.1911
436 890 0.1918
436 891 0.3283
436 893 0.2344
436 894 0.2243
436 895 0.2122
436 896 0.1870
436 897 0.1479
436 898 0.1934
436 900 0.2206
436 901 0.2025
436 903 0.1827
436 905 0.2244
436 907 0.2095
436 908 0.2005
436 909 0.1864
436 911 0.1870
436 912 0.2401
436 913 0.4211
436 914 0.2525
436 915 0.2027
436 918 0.3586
436 919 0.2185
436 920 0.2138
436 921 0.1591
436 922 0.2675
436 924 0.2677
436 928 0.2088
436 929 0.1870
436 930 0.1436
436 933 0.2753
436 934 0.1839
436 935 0.1940
436 936 0.2261
436 938 0.2244
436 940 0.2211
436 941 0.2753
436 942 0.1579
436 943 0.2457
436 946 0.1993
436 947 0.1894
436 951 0.2474
436 952 0.2088
436 953 0.2129
436 954 0.2095
436 955 0.2041
436 956 0.2432
436 958 0.2095
436 959 0.1918
436 960 0.2133
436 961 0.1479
436 962 0.1479
436 963 0.3871
436 964 0.1651
436 965 0.1890
436 966 0.2755
436 967 0.1651
436 968 0.2406
436 971 0.2456
436 972 0.1870
436 973 0.1930
436 974 0.2235
436 975 0.1479
436 976 0.1644
436 977 0.1479
436 978 0.2088
436 979 0.1924
436 980 0.2474
436 981 0.2171
436 983 0.1788
436 984 0.2616
436 986 0.1675
436 987 0.2826
436 989 0.2538
436 990 0.2405
436 992 0.2088
436 993 0.2124
436 994 0.2100
436 995 0.1870
436 996 0.1870
436 999 0.1939
436 1001 0.2088
436 1002 0.1966
436 1003 0.2107
436 1004 0.1916
436 1006 0.2088
436 1007 0.1996
436 1008 0.2734
436 1010 0.2063
436 1013 0.2436
436 1014 0.2045
436 1015 0.1951
436 1016 0.1932
436 1017 0.1459
436 1018 0.1870
436 1019 0.2436
436 1020 0.2517
436 1022 0.1675
436 1024 0.1705
436 1025 0.2088
436 1026 0.1330
436 1027 0.1878
436 1029 0.2381
436 1030 0.2306
436 1032 0.2095
436 1033 0.2088
436 1035 0.1957
436 1036 0.1654
436 1037 0.4180
436 1040 0.3148
436 1041 0.1636
436 1042 0.2527
436 1043 0.2021
436 1045 0.2841
436 1046 0.2075
436 1047 0.2767
436 1048 0.2509
436 1049 0.1890
436 1050 0.1654
436 1052 0.2095
436 1053 0.1798
436 1055 0.1479
436 1056 0.2591
436 1057 0.2088
436 1058 0.3074
436 1059 0.2542
436 1060 0.2232
436 1061 0.3988
436 1062 0.1651
436 1063 0.2655
436 1065 0.2303
436 1066 0.3602
436 1067 0.2594
436 1068 0.1935
436 1069 0.2734
436 1070 0.1755
436 1072 0.2401
436 1075 0.3508
436 1076 0.2436
436 1077 0.2809
436 1079 0.2119
436 1080 0.1651
436 1081 0.1201
436 1082 0.2526
436 1083 0.3301
436 1084 0.2095
436 1087 0.2088
436 1089 0.2327
436 1090 0.1701
436 1093 0.2809
436 1094 0.2201
436 1095 0.1651
436 1096 0.1823
436 1097 0.2095
436 1099 0.2221
436 1102 0.1369
436 1103 0.2673
436 1104 0.3072
436 1105 0.2010
436 1106 0.1866
436 1107 0.3527
436 1108 0.3162
436 1110 0.2095
436 1111 0.1427
436 1113 0.2809
436 1115 0.2436
436 1116 0.3595
436 1117 0.2283
436 1118 0.3403
436 1119 0.1651
436 1122 0.2088
436 1123 0.2753
436 1125 0.1241
436 1126 0.2088
436 1127 0.1637
436 1128 0.1742
436 1129 0.2009
436 1130 0.2347
436 1134 0.1870
436 1135 0.2397
436 1138 0.2616
436 1141 0.1608
436 1142 0.1870
436 1146 0.1479
436 1147 0.1611
436 1150 0.1580
436 1151 0.2682
436 1152 0.3682
436 1153 0.2874
436 1154 0.1935
436 1157 0.2261
436 1158 0.1839
436 1160 0.1434
436 1161 0.1870
436 1162 0.2304
436 1163 0.1915
436 1165 0.2076
436 1166 0.2753
436 1167 0.2728
436 1169 0.2475
436 1172 0.1870
436 1176 0.2915
436 1177 0.1870
436 1180 0.1934
436 1182 0.3240
436 1185 0.1615
436 1186 0.2669
436 1187 0.1097
436 1188 0.1651
436 1189 0.2171
436 1193 0.1923
436 1194 0.1611
436 1195 0.2734
436 1196 0.2375
436 1199 0.2472
436 1200 0.2499
436 1201 0.2088
436 1202 0.1896
436 1203 0.2713
436 1204 0.1732
436 1205 0.2088
436 1206 0.3932
436 1208 0.2606
436 1209 0.1870
436 1210 0.2940
436 1211 0.2217
436 1212 0.2753
436 1213 0.2435
436 1216 0.2095
436 1217 0.2410
436 1218 0.3506
436 1219 0.1651
436 1220 0.1870
436 1221 0.3276
436 1223 0.2081
436 1225 0.2168
436 1226 0.3363
436 1227 0.2448
436 1228 0.2095
436 1229 0.1668
436 1230 0.2095
436 1231 0.2228
436 1235 0.2734
436 1236 0.1870
436 1237 0.2088
436 1238 0.1870
436 1240 0.2795
436 1241 0.2474
436 1242 0.2829
436 1244 0.2095
436 1247 0.3279
436 1248 0.2681
436 1249 0.1479
436 1250 0.2401
436 1251 0.1904
436 1252 0.3974
436 1253 0.1651
436 1254 0.2436
436 1256 0.2554
436 1257 0.1870
436 1258 0.2427
436 1259 0.2088
436 1260 0.1564
436 1262 0.2543
436 1263 0.2225
436 1265 0.1753
436 1266 0.2171
436 1267 0.1870
436 1269 0.2875
436 1270 0.1888
436 1271 0.2895
436 1272 0.2436
436 1274 0.1870
436 1275 0.1844
436 1276 0.1466
436 1278 0.2436
436 1279 0.1875
436 1280 0.2880
436 1281 0.1885
436 1282 0.1870
436 1283 0.1689
436 1284 0.1473
436 1286 0.2556
436 1287 0.2040
436 1288 0.2095
436 1289 0.2302
436 1291 0.1617
436 1292 0.2017
436 1293 0.1611
436 1296 0.1870
436 1298 0.1917
436 1299 0.1932
436 1300 0.1870
436 1301 0.2343
436 1303 0.1988
436 1304 0.2088
436 1305 0.1590
436 1306 0.1788
436 1308 0.2728
436 1309 0.2088
436 1310 0.3080
436 1311 0.1479
436 1313 0.2095
436 1315 0.1651
436 1316 0.1965
436 1322 0.2099
436 1323 0.3400
436 1326 0.2753
436 1327 0.1870
436 1329 0.2088
436 1330 0.2200
436 1331 0.2448
436 1333 0.3586
436 1335 0.2670
436 1336 0.2878
436 1337 0.2474
436 1339 0.1384
436 1340 0.1539
436 1342 0.2057
436 1343 0.2474
436 1344 0.3508
436 1346 0.2274
436 1348 0.2095
436 1349 0.3595
436 1350 0.2088
436 1353 0.1479
436 1355 0.2284
436 1356 0.2095
436 1360 0.1631
436 1361 0.1868
436 1362 0.1839
436 1363 0.2095
436 1364 0.2803
436 1367 0.3698
436 1368 0.2753
436 1369 0.3605
436 1370 0.3125
436 1372 0.1405
436 1374 0.1870
436 1376 0.2095
436 1377 0.1870
436 1379 0.1651
436 1380 0.2088
436 1381 0.1870
436 1384 0.1479
436 1386 0.1918
436 1387 0.2304
436 1388 0.2816
436 1389 0.2454
436 1390 0.2436
436 1393 0.1479
436 1394 0.1870
436 1395 0.1870
436 1396 0.3097
436 1397 0.2723
436 1398 0.1994
436 1401 0.2436
436 1402 0.3508
436 1405 0.1651
436 1406 0.1794
436 1408 0.2308
436 1409 0.2353
436 1411 0.2095
436 1412 0.1870
436 1415 0.1870
436 1416 0.2188
436 1418 0.3114
436 1419 0.2510
436 1421 0.1640
436 1423 0.1983
436 1424 0.2088
436 1425 0.2753
436 1426 0.1526
436 1427 0.1886
436 1428 0.1479
436 1431 0.1831
436 1434 0.2192
436 1435 0.2042
436 1436 0.1651
436 1437 0.1578
436 1438 0.1997
436 1439 0.2604
436 1440 0.1901
436 1441 0.1065
436 1445 0.2323
436 1446 0.2284
436 1448 0.2095
436 1449 0.2436
436 1451 0.2088
436 1452 0.1994
436 1453 0.2095
436 1456 0.2728
436 1457 0.1651
436 1458 0.2436
436 1460 0.1496
436 1462 0.2173
436 1463 0.2171
436 1464 0.2210
436 1465 0.2095
436 1466 0.1532
436 1472 0.3342
436 1473 0.2436
436 1476 0.2095
436 1477 0.1651
436 1479 0.1762
436 1482 0.2095
436 1484 0.2766
436 1485 0.2612
436 1490 0.2095
436 1491 0.2177
436 1493 0.1584
436 1494 0.2246
436 1497 0.2095
436 1499 0.2095
436 1500 0.1809
436 1503 0.2543
436 1504 0.2734
436 1505 0.1870
436 1506 0.2095
436 1507 0.2088
436 1508 0.2088
436 1510 0.2088
436 1512 0.1870
436 1513 0.2475
436 1516 0.3051
436 1517 0.1839
436 1518 0.1948
436 1519 0.1937
436 1520 0.2027
436 1522 0.2459
436 1523 0.1479
436 1525 0.1480
436 1526 0.1133
436 1527 0.2083
436 1529 0.3667
436 1530 0.1633
436 1532 0.2099
436 1534 0.2095
436 1535 0.2088
436 1536 0.3331
436 1538 0.2027
436 1540 0.1479
436 1541 0.2401
436 1542 0.1838
436 1544 0.2161
436 1545 0.2088
436 1547 0.1632
436 1548 0.2665
436 1549 0.2093
436 1551 0.1920
436 1554 0.1870
436 1555 0.2088
436 1566 0.1543
436 1567 0.3193
436 1568 0.1356
436 1570 0.3114
436 1571 0.2172
436 1573 0.2454
436 1574 0.2095
436 1577 0.2088
436 1578 0.2088
436 1580 0.1435
436 1581 0.2088
436 1582 0.1651
436 1583 0.2088
436 1585 0.1727
436 1588 0.1662
436 1591 0.1959
436 1592 0.1651
436 1593 0.2455
436 1595 0.2621
436 1596 0.2286
436 1598 0.1870
436 1599 0.2436
436 1601 0.2095
436 1603 0.2612
436 1604 0.2088
436 1606 0.2740
436 1608 0.5038
436 1609 0.1963
436 1610 0.2728
436 1611 0.2095
436 1613 0.2914
436 1614 0.1479
436 1616 0.2436
436 1618 0.2130
436 1619 0.2571
436 1621 0.3252
436 1622 0.2131
436 1623 0.2878
436 1624 0.1712
436 1626 0.3586
436 1628 0.2088
436 1629 0.1839
436 1630 0.2474
436 1632 0.1839
436 1633 0.2076
436 1634 0.2511
436 1636 0.3400
436 1637 0.1620
436 1639 0.1479
436 1640 0.2507
436 1641 0.1986
436 1642 0.1870
436 1643 0.2095
436 1646 0.3168
436 1647 0.2436
436 1649 0.2088
436 1650 0.2088
436 1652 0.1479
436 1653 0.2171
436 1654 0.1666
436 1655 0.1870
436 1660 0.1557
436 1661 0.1870
436 1662 0.2474
436 1663 0.2440
436 1664 0.3508
436 1666 0.2095
436 1667 0.3321
436 1668 0.3287
436 1669 0.2017
436 1673 0.2436
436 1674 0.1597
436 1675 0.2088
436 1676 0.1651
436 1678 0.2240
436 1679 0.2047
436 1681 0.1479
436 1682 0.2766
436 1683 0.2893
436 1684 0.2088
436 1685 0.1870
436 1686 0.1651
436 1687 0.2018
436 1688 0.1870
436 1689 0.2187
436 1691 0.1967
436 1692 0.2066
436 1693 0.1552
436 1694 0.1524
436 1697 0.2058
436 1699 0.1139
436 1700 0.2976
436 1701 0.1494
436 1702 0.1124
436 1705 0.2317
436 1706 0.1901
436 1707 0.1923
436 1708 0.1905
436 1709 0.1589
436 1711 0.1540
436 1712 0.2121
436 1713 0.1882
436 1714 0.2326
436 1715 0.2432
436 1717 0.2288
436 1718 0.2632
436 1719 0.2088
436 1726 0.2095
436 1728 0.1839
438 439 0.2365
438 441 0.4849
438 442 0.2564
438 445 0.2185
438 447 0.2231
438 448 0.2332
438 449 0.9867
438 450 0.1761
438 451 0.2221
438 452 0.1612
438 453 0.2173
438 454 0.2160
438 455 0.8875
438 456 0.3798
438 457 0.7872
438 458 0.2247
438 459 0.2428
438 460 0.2748
438 461 0.2291
438 462 0.2643
438 463 0.2694
438 464 0.9401
438 465 0.2170
438 466 0.3448
438 467 0.2279
438 468 0.2226
438 470 0.4869
438 471 0.2036
438 472 0.1996
438 474 0.1872
438 475 0.2354
438 476 0.2154
438 478 0.1692
438 479 0.2178
438 480 0.2265
438 481 0.2276
438 482 0.1872
438 484 0.6801
438 485 0.2100
438 487 0.3798
438 488 0.7579
438 489 0.1724
438 490 0.2163
438 491 0.2206
438 492 0.2178
438 493 0.4863
438 494 0.1872
438 495 0.2305
438 496 0.6625
438 497 0.7740
438 498 0.2016
438 499 0.7572
438 500 0.2643
438 501 0.1964
438 502 0.2212
438 503 0.2178
438 504 0.2446
438 505 0.8206
438 506 0.2420
438 507 0.2032
438 508 0.8393
438 509 0.2152
438 511 0.2369
438 513 0.2400
438 514 0.8274
438 515 0.2058
438 516 0.2484
438 517 0.2361
438 518 0.1883
438 519 0.2643
438 520 0.2309
438 521 0.2391
438 522 0.2073
438 523 0.1990
438 526 0.1705
438 527 0.9663
438 528 0.2998
438 530 0.8492
438 531 0.2101
438 534 0.2279
438 535 0.2388
438 536 0.2023
438 537 0.3766
438 538 0.2643
438 539 0.2178
438 540 0.2170
438 541 0.1944
438 542 0.1893
438 543 0.1883
438 544 0.1768
438 545 0.1728
438 546 0.1883
438 547 0.1883
438 548 0.1843
438 549 0.1883
438 551 0.3798
438 552 0.2489
438 553 0.2102
438 554 0.1730
438 555 0.9562
438 556 0.3798
438 558 0.1752
438 559 0.2079
438 560 0.2032
438 561 0.9625
438 562 0.2245
438 563 0.5236
438 564 0.2364
438 565 0.1669
438 568 0.2134
438 569 0.2024
438 570 0.9185
438 571 0.2539
438 572 0.9834
438 573 0.1977
438 574 0.4267
438 575 0.3040
438 576 0.4948
438 577 0.2249
438 578 0.1982
438 579 0.2461
438 581 0.2354
438 582 0.2019
438 583 0.1965
438 584 0.3802
438 585 0.7727
438 587 0.6763
438 589 0.2267
438 590 0.5851
438 592 0.2448
438 593 0.9018
438 594 0.2168
438 599 0.2565
438 600 0.2399
438 601 0.9668
438 602 0.2113
438 605 0.2643
438 606 0.2178
438 607 0.2127
438 608 0.5092
438 609 0.2266
438 610 0.2196
438 612 0.2146
438 613 0.2034
438 614 0.2010
438 617 0.2122
438 618 0.2088
438 619 0.2095
438 621 0.9796
438 622 0.1724
438 623 0.1692
438 625 0.2468
438 626 0.2024
438 627 0.9529
438 628 0.1982
438 629 0.2292
438 631 0.2178
438 632 0.5392
438 633 0.4833
438 634 0.2102
438 635 0.2530
438 636 0.2643
438 637 0.2478
438 638 0.2073
438 639 0.1339
438 640 0.1799
438 641 0.4592
438 642 0.1807
438 643 0.2134
438 644 0.2100
438 645 0.2206
438 646 0.2158
438 648 0.1998
438 649 0.2202
438 650 0.9241
438 651 0.3384
438 652 0.8881
438 653 0.2167
438 655 0.3777
438 656 0.9523
438 657 0.2291
438 658 0.9189
438 659 0.2102
438 660 0.1724
438 661 0.2301
438 662 0.2171
438 663 0.2643
438 664 0.2351
438 666 0.2193
438 668 0.1799
438 669 0.1872
438 671 0.2356
438 672 0.2164
438 673 0.2281
438 674 0.2294
438 676 0.2380
438 677 0.1872
438 678 0.2497
438 679 0.2999
438 680 0.2288
438 683 0.2178
438 684 0.2364
438 685 0.2003
438 686 0.3798
438 687 0.3798
438 688 0.2010
438 689 0.2678
438 690 0.2212
438 691 0.2642
438 692 0.2068
438 693 0.2466
438 694 0.2034
438 695 0.2243
438 696 0.2139
438 697 0.1982
438 698 0.2124
438 699 0.1730
438 700 0.3237
438 702 0.3235
438 703 0.6939
438 704 0.3950
438 705 0.2011
438 706 0.2174
438 707 0.2003
438 708 0.1724
438 709 0.1821
438 710 0.2425
438 711 0.2159
438 712 0.2173
438 713 0.2191
438 714 0.2152
438 716 0.2643
438 717 0.2076
438 718 0.2625
438 721 0.1875
438 722 0.2041
438 723 0.7724
438 724 0.3798
438 726 0.6590
438 727 0.2178
438 728 0.5848
438 729 0.7492
438 731 0.2255
438 732 0.9926
438 733 0.1883
438 734 0.1863
438 735 0.2165
438 736 0.2201
438 737 0.4830
438 738 0.3798
438 740 0.8050
438 741 0.2326
438 742 0.8464
438 743 0.7265
438 744 0.5448
438 745 0.2252
438 746 0.1883
438 747 0.2643
438 748 0.2234
438 750 0.9928
438 751 0.8790
438 752 0.8400
438 753 0.4397
438 754 0.8448
438 755 0.3979
438 756 0.2210
438 758 0.2018
438 759 0.1672
438 760 0.2226
438 761 0.8463
438 762 0.2063
438 763 0.2758
438 764 0.1838
438 766 0.2427
438 767 0.1724
438 768 0.5350
438 769 0.1972
438 770 0.2502
438 771 0.2002
438 772 0.1883
438 773 0.3798
438 775 0.3500
438 776 0.8120
438 777 0.1868
438 778 0.2313
438 780 0.2303
438 781 0.1872
438 782 0.2544
438 783 0.2135
438 784 0.2134
438 785 0.2625
438 786 0.2142
438 787 0.2065
438 789 0.8534
438 792 0.2296
438 793 0.9913
438 794 0.2189
438 796 0.2073
438 797 0.2000
438 799 0.4623
438 801 0.2139
438 802 0.1872
438 803 0.2066
438 804 0.3924
438 805 0.4317
438 806 0.1893
438 807 0.2643
438 808 0.2216
438 809 0.2627
438 810 0.2180
438 811 0.2096
438 813 0.1767
438 814 0.2428
438 815 0.2334
438 816 0.8649
438 817 0.2283
438 818 0.2230
438 819 0.2188
438 820 0.2643
438 821 0.9289
438 822 0.2232
438 823 0.2077
438 824 0.1724
438 825 0.4452
438 827 0.7985
438 828 0.2010
438 829 0.2178
438 830 0.5543
438 831 0.2656
438 832 0.4314
438 833 0.2298
438 834 0.2423
438 835 0.2229
438 836 0.2179
438 838 0.4174
438 839 0.2010
438 840 0.1724
438 841 0.8541
438 842 0.1883
438 843 0.2339
438 845 0.9460
438 846 0.4338
438 848 0.1635
438 849 0.4838
438 851 0.7798
438 853 0.1791
438 855 0.2643
438 856 0.2178
438 858 0.2102
438 860 0.2005
438 861 0.2345
438 862 0.2178
438 864 0.4293
438 865 0.2304
438 866 0.2011
438 867 0.1952
438 868 0.2292
438 869 0.2046
438 870 0.3063
438 871 0.2066
438 872 0.1885
438 876 0.2665
438 877 0.1872
438 878 0.2000
438 880 0.2222
438 881 0.2087
438 882 0.8521
438 883 0.6667
438 884 0.2178
438 885 0.2340
438 886 0.2065
438 887 0.4457
438 888 0.1980
438 889 0.2271
438 890 0.2073
438 891 0.3266
438 893 0.2251
438 894 0.2061
438 895 0.6451
438 896 0.1883
438 897 0.3798
438 898 0.2036
438 900 0.2140
438 901 0.3003
438 903 0.2118
438 905 0.2252
438 907 0.2178
438 908 0.2309
438 909 0.3181
438 911 0.1883
438 912 0.1697
438 913 0.9063
438 914 0.2393
438 915 0.3396
438 918 0.1633
438 919 0.9177
438 920 0.2482
438 921 0.3805
438 922 0.2570
438 924 0.2730
438 928 0.2643
438 929 0.8424
438 930 0.3609
438 933 0.1944
438 934 0.2010
438 935 0.5356
438 936 0.2304
438 938 0.2252
438 940 0.8884
438 941 0.7954
438 942 0.3276
438 943 0.2022
438 946 0.9550
438 947 0.3300
438 951 0.1705
438 952 0.2643
438 953 0.9847
438 954 0.2178
438 955 0.2094
438 956 0.1669
438 958 0.2178
438 959 0.2073
438 960 0.9889
438 961 0.3798
438 962 0.3798
438 963 0.1752
438 964 0.1872
438 965 0.8460
438 966 0.2331
438 967 0.1872
438 968 0.2191
438 971 0.2422
438 972 0.6233
438 973 0.8432
438 974 0.9815
438 975 0.3798
438 976 0.2020
438 977 0.3798
438 978 0.2643
438 979 0.6020
438 980 0.7983
438 981 0.2530
438 983 0.2148
438 984 0.4018
438 986 0.8852
438 987 0.9341
438 989 0.7912
438 990 0.2460
438 992 0.2643
438 993 0.6327
438 994 0.2218
438 995 0.4089
438 996 0.8902
438 999 0.2134
438 1001 0.2643
438 1002 0.2037
438 1003 0.2192
438 1004 0.2048
438 1006 0.2643
438 1007 0.2038
438 1008 0.2171
438 1010 0.8133
438 1013 0.1724
438 1014 0.9770
438 1015 0.2282
438 1016 0.4406
438 1017 0.2212
438 1018 0.1883
438 1019 0.1724
438 1020 0.2575
438 1022 0.1969
438 1024 0.8983
438 1025 0.2643
438 1026 0.9280
438 1027 0.2307
438 1029 0.7285
438 1030 0.2433
438 1032 0.2178
438 1033 0.2643
438 1035 0.2348
438 1036 0.2014
438 1037 0.5463
438 1040 0.1633
438 1041 0.8818
438 1042 0.9636
438 1043 0.2315
438 1045 0.2470
438 1046 0.2336
438 1047 0.3496
438 1048 0.9309
438 1049 0.3987
438 1050 0.3956
438 1052 0.2178
438 1053 0.2215
438 1055 0.3798
438 1056 0.9632
438 1057 0.2643
438 1058 0.1607
438 1059 0.2273
438 1060 0.2181
438 1061 0.8722
438 1062 0.1872
438 1063 0.2289
438 1065 0.4175
438 1066 0.2257
438 1067 0.1967
438 1068 0.6447
438 1069 0.2171
438 1070 0.9700
438 1072 0.1697
438 1075 0.1878
438 1076 0.1724
438 1077 0.1767
438 1079 0.9820
438 1080 0.1872
438 1081 0.2160
438 1082 0.5557
438 1083 0.2343
438 1084 0.2178
438 1087 0.2643
438 1089 0.2306
438 1090 0.4578
438 1093 0.1767
438 1094 0.2023
438 1095 0.1872
438 1096 0.1987
438 1097 0.2178
438 1099 0.2252
438 1102 0.2088
438 1103 0.1726
438 1104 0.2374
438 1105 0.4943
438 1106 0.8214
438 1107 0.1982
438 1108 0.2657
438 1110 0.2178
438 1111 0.2147
438 1113 0.1767
438 1115 0.1724
438 1116 0.1843
438 1117 0.2220
438 1118 0.1917
438 1119 0.8828
438 1122 0.2643
438 1123 0.1944
438 1125 0.2817
438 1126 0.2643
438 1127 0.1854
438 1128 0.3632
438 1129 0.8396
438 1130 0.2326
438 1134 0.7224
438 1135 0.2068
438 1138 0.3337
438 1141 0.1367
438 1142 0.1883
438 1146 0.3798
438 1147 0.3959
438 1150 0.3428
438 1151 0.2310
438 1152 0.3190
438 1153 0.2999
438 1154 0.6971
438 1157 0.2304
438 1158 0.2010
438 1160 0.2234
438 1161 0.7246
438 1162 0.2255
438 1163 0.2021
438 1165 0.2102
438 1166 0.1944
438 1167 0.2261
438 1169 0.2147
438 1172 0.1883
438 1176 0.2177
438 1177 0.1883
438 1180 0.6038
438 1182 0.1946
438 1185 0.9244
438 1186 0.2322
438 1187 0.3389
438 1188 0.1872
438 1189 0.2530
438 1193 0.5720
438 1194 0.1730
438 1195 0.2171
438 1196 0.4772
438 1199 0.2343
438 1200 0.2395
438 1201 0.2643
438 1202 0.2269
438 1203 0.1714
438 1204 0.2314
438 1205 0.2643
438 1206 0.2267
438 1208 0.2443
438 1209 0.1883
438 1210 0.2521
438 1211 0.2246
438 1212 0.1944
438 1213 0.2521
438 1216 0.2178
438 1217 0.2229
438 1218 0.1887
438 1219 0.1872
438 1220 0.1883
438 1221 0.2739
438 1223 0.2476
438 1225 0.2245
438 1226 0.3417
438 1227 0.2436
438 1228 0.2178
438 1229 0.2152
438 1230 0.2178
438 1231 0.2299
438 1235 0.2171
438 1236 0.1883
438 1237 0.2643
438 1238 0.3552
438 1240 0.2717
438 1241 0.1705
438 1242 0.2291
438 1244 0.2178
438 1247 0.2217
438 1248 0.2000
438 1249 0.3798
438 1250 0.1697
438 1251 0.1786
438 1252 0.2350
438 1253 0.5417
438 1254 0.8519
438 1256 0.9547
438 1257 0.6988
438 1258 0.9714
438 1259 0.2643
438 1260 0.9867
438 1262 0.8163
438 1263 0.9655
438 1265 0.9836
438 1266 0.2530
438 1267 0.8666
438 1269 0.9276
438 1270 0.9610
438 1271 0.8119
438 1272 0.8534
438 1274 0.7246
438 1275 0.9931
438 1276 0.9304
438 1278 0.8519
438 1279 0.9840
438 1280 0.8641
438 1281 0.1967
438 1282 0.1883
438 1283 0.2023
438 1284 0.1743
438 1286 0.2463
438 1287 0.2304
438 1288 0.2178
438 1289 0.2073
438 1291 0.2208
438 1292 0.2129
438 1293 0.1730
438 1296 0.1883
438 1298 0.1994
438 1299 0.2047
438 1300 0.1883
438 1301 0.2366
438 1303 0.2058
438 1304 0.2643
438 1305 0.1980
438 1306 0.2148
438 1308 0.1875
438 1309 0.2643
438 1310 0.1602
438 1311 0.3798
438 1313 0.2178
438 1315 0.1872
438 1316 0.2085
438 1322 0.2129
438 1323 0.1914
438 1326 0.1944
438 1327 0.1883
438 1329 0.2643
438 1330 0.2293
438 1331 0.2143
438 1333 0.7125
438 1335 0.1758
438 1336 0.8925
438 1337 0.1705
438 1339 0.2053
438 1340 0.1758
438 1342 0.2105
438 1343 0.1705
438 1344 0.1878
438 1346 0.2374
438 1348 0.2178
438 1349 0.1843
438 1350 0.2643
438 1353 0.3798
438 1355 0.1551
438 1356 0.2178
438 1360 0.2080
438 1361 0.7319
438 1362 0.2010
438 1363 0.2178
438 1364 0.8232
438 1367 0.2254
438 1368 0.1944
438 1369 0.7743
438 1370 0.2227
438 1372 0.2128
438 1374 0.1883
438 1376 0.2178
438 1377 0.1883
438 1379 0.1872
438 1380 0.2643
438 1381 0.1883
438 1384 0.3798
438 1386 0.2073
438 1387 0.9861
438 1388 0.9581
438 1389 0.8782
438 1390 0.8637
438 1393 0.3798
438 1394 0.1883
438 1395 0.8424
438 1396 0.2620
438 1397 0.9349
438 1398 0.7750
438 1401 0.9137
438 1402 0.1878
438 1405 0.1872
438 1406 0.9362
438 1408 0.9380
438 1409 0.8464
438 1411 0.8678
438 1412 0.8455
438 1415 0.6828
438 1416 0.8508
438 1418 0.4280
438 1419 0.9399
438 1421 0.4234
438 1423 0.8454
438 1424 0.2643
438 1425 0.3910
438 1426 0.2278
438 1427 0.4532
438 1428 0.3798
438 1431 0.3490
438 1434 0.8505
438 1435 0.7603
438 1436 0.1872
438 1437 0.3195
438 1438 0.4653
438 1439 0.4542
438 1440 0.5255
438 1441 0.2874
438 1445 0.1626
438 1446 0.1551
438 1448 0.2178
438 1449 0.1724
438 1451 0.2643
438 1452 0.2122
438 1453 0.2178
438 1456 0.1875
438 1457 0.1872
438 1458 0.1724
438 1460 0.2060
438 1462 0.2530
438 1463 0.2023
438 1464 0.2015
438 1465 0.2178
438 1466 0.1768
438 1472 0.1872
438 1473 0.1724
438 1476 0.2178
438 1477 0.1872
438 1479 0.1899
438 1482 0.2178
438 1484 0.7374
438 1485 0.2275
438 1490 0.2178
438 1491 0.2166
438 1493 0.2205
438 1494 0.2487
438 1497 0.2178
438 1499 0.2178
438 1500 0.1893
438 1503 0.2383
438 1504 0.2171
438 1505 0.1883
438 1506 0.2178
438 1507 0.2643
438 1508 0.2643
438 1510 0.2643
438 1512 0.1883
438 1513 0.2518
438 1516 0.2196
438 1517 0.2010
438 1518 0.1801
438 1519 0.2039
438 1520 0.2104
438 1522 0.2097
438 1523 0.3798
438 1525 0.2185
438 1526 0.2038
438 1527 0.2037
438 1529 0.2647
438 1530 0.2037
438 1532 0.2129
438 1534 0.2178
438 1535 0.2643
438 1536 0.1833
438 1538 0.2006
438 1540 0.3798
438 1541 0.1697
438 1542 0.2257
438 1544 0.2208
438 1545 0.2643
438 1547 0.2050
438 1548 0.1695
438 1549 0.2325
438 1551 0.2240
438 1554 0.1883
438 1555 0.2643
438 1566 0.2164
438 1567 0.1773
438 1568 0.2163
438 1570 0.4280
438 1571 0.2475
438 1573 0.5140
438 1574 0.2178
438 1577 0.2643
438 1578 0.2643
438 1580 0.2239
438 1581 0.2643
438 1582 0.1872
438 1583 0.2643
438 1585 0.4484
438 1588 0.2265
438 1591 0.2477
438 1592 0.9117
438 1593 0.2305
438 1595 0.2332
438 1596 0.9034
438 1598 0.1883
438 1599 0.1724
438 1601 0.2178
438 1603 0.1925
438 1604 0.2643
438 1606 0.2339
438 1608 0.2256
438 1609 0.2196
438 1610 0.1732
438 1611 0.2178
438 1613 0.2311
438 1614 0.3798
438 1616 0.1724
438 1618 0.8979
438 1619 0.2341
438 1621 0.2185
438 1622 0.2210
438 1623 0.1791
438 1624 0.2284
438 1626 0.1924
438 1628 0.2643
438 1629 0.2010
438 1630 0.1705
438 1632 0.2010
438 1633 0.2102
438 1634 0.7801
438 1636 0.1914
438 1637 0.2033
438 1639 0.3798
438 1640 0.2492
438 1641 0.2372
438 1642 0.1883
438 1643 0.2178
438 1646 0.1658
438 1647 0.1724
438 1649 0.2643
438 1650 0.2643
438 1652 0.3798
438 1653 0.2530
438 1654 0.2216
438 1655 0.7224
438 1660 0.2048
438 1661 0.8081
438 1662 0.8518
438 1663 0.9280
438 1664 0.7326
438 1666 0.2178
438 1667 0.7258
438 1668 0.9666
438 1669 0.8562
438 1673 0.1724
438 1674 0.9439
438 1675 0.2643
438 1676 0.9056
438 1678 0.9539
438 1679 0.9611
438 1681 0.3798
438 1682 0.7374
438 1683 0.9457
438 1684 0.2643
438 1685 0.1883
438 1686 0.1872
438 1687 0.8140
438 1688 0.8311
438 1689 0.9882
438 1691 0.9732
438 1692 0.9084
438 1693 0.7572
438 1694 0.8403
438 1697 0.9499
438 1699 0.2706
438 1700 0.2726
438 1701 0.3657
438 1702 0.3169
438 1705 0.1462
438 1706 0.4830
438 1707 0.7060
438 1708 0.5249
438 1709 0.4747
438 1711 0.3492
438 1712 0.8772
438 1713 0.7202
438 1714 0.4923
438 1715 0.1669
438 1717 0.8561
438 1718 0.3920
438 1719 0.2643
438 1726 0.2178
438 1728 0.4230
439 441 0.1558
439 442 0.1674
439 445 0.1441
439 447 0.9344
439 448 0.1706
439 449 0.2086
439 450 0.5474
439 451 0.8312
439 452 0.1230
439 453 0.1454
439 454 0.2231
439 455 0.2127
439 456 0.1822
439 457 0.1813
439 458 0.6015
439 459 0.1610
439 460 0.1852
439 461 0.1713
439 462 0.1898
439 463 0.6187
439 464 0.1773
439 465 0.7344
439 466 0.2107
439 467 0.2992
439 468 0.2909
439 470 0.1992
439 471 0.1366
439 472 0.1980
439 474 0.1710
439 475 0.1785
439 476 0.2111
439 478 0.1586
439 479 0.1707
439 480 0.7257
439 481 0.7390
439 482 0.3810
439 484 0.1877
439 485 0.1815
439 487 0.1822
439 488 0.1952
439 489 0.1622
439 490 0.2847
439 491 0.2637
439 492 0.1707
439 493 0.4583
439 494 0.3810
439 495 0.9179
439 496 0.1530
439 497 0.1651
439 498 0.1984
439 499 0.1641
439 500 0.1898
439 501 0.1006
439 502 0.1507
439 503 0.1707
439 504 0.8394
439 505 0.1784
439 506 0.1786
439 507 0.1996
439 508 0.5280
439 509 0.7427
439 511 0.1691
439 513 0.1383
439 514 0.2207
439 515 0.1329
439 516 0.1509
439 517 0.6885
439 518 0.1813
439 519 0.1898
439 520 0.1535
439 521 0.6602
439 522 0.3697
439 523 0.2641
439 526 0.1687
439 527 0.2213
439 528 0.1943
439 530 0.1710
439 531 0.2001
439 534 0.1673
439 535 0.8037
439 536 0.2000
439 537 0.4392
439 538 0.1898
439 539 0.6460
439 540 0.7444
439 541 0.1833
439 542 0.6448
439 543 0.1813
439 544 0.1610
439 545 0.1449
439 546 0.1813
439 547 0.1813
439 548 0.1797
439 549 0.1813
439 551 0.1822
439 552 0.6983
439 553 0.2062
439 554 0.1653
439 555 0.1931
439 556 0.1822
439 558 0.6627
439 559 0.1874
439 560 0.1373
439 561 0.1929
439 562 0.1650
439 563 0.2042
439 564 0.1455
439 565 0.4311
439 568 0.2098
439 569 0.2039
439 570 0.1478
439 571 0.7044
439 572 0.2131
439 573 0.7694
439 574 0.1912
439 575 0.1913
439 576 0.1971
439 577 0.1809
439 578 0.1959
439 579 0.2166
439 581 0.1806
439 582 0.1077
439 583 0.1948
439 584 0.1937
439 585 0.2037
439 587 0.7139
439 589 0.1695
439 590 0.2425
439 592 0.7756
439 593 0.1584
439 594 0.6639
439 599 0.1916
439 600 0.1749
439 601 0.1943
439 602 0.1699
439 605 0.1898
439 606 0.7103
439 607 0.1476
439 608 0.1531
439 609 0.1606
439 610 0.1522
439 612 0.1352
439 613 0.2003
439 614 0.1878
439 617 0.1508
439 618 0.8209
439 619 0.1239
439 621 0.1887
439 622 0.1622
439 623 0.6026
439 625 0.1742
439 626 0.2436
439 627 0.2228
439 628 0.1920
439 629 0.4122
439 631 0.1630
439 632 0.1963
439 633 0.1972
439 634 0.2062
439 635 0.1896
439 636 0.1898
439 637 0.1976
439 638 0.5345
439 639 0.1800
439 640 0.1646
439 641 0.1699
439 642 0.3723
439 643 0.1812
439 644 0.1569
439 645 0.1711
439 646 0.5498
439 648 0.1143
439 649 0.1643
439 650 0.1797
439 651 0.1927
439 652 0.1591
439 653 0.1895
439 655 0.7239
439 656 0.1522
439 657 0.3256
439 658 0.1552
439 659 0.2062
439 660 0.1622
439 661 0.7548
439 662 0.4748
439 663 0.1898
439 664 0.8615
439 666 0.1744
439 668 0.1646
439 669 0.4154
439 671 0.1787
439 672 0.1568
439 673 0.1622
439 674 0.6509
439 676 0.1867
439 677 0.6118
439 678 0.7143
439 679 0.1968
439 680 0.1751
439 683 0.1707
439 684 0.6168
439 685 0.1976
439 686 0.1822
439 687 0.1822
439 688 0.7156
439 689 0.9827
439 690 0.1507
439 691 0.1786
439 692 0.2003
439 693 0.9357
439 694 0.1594
439 695 0.2324
439 696 0.7985
439 697 0.1706
439 698 0.2103
439 699 0.5707
439 700 0.1240
439 702 0.1925
439 703 0.1943
439 704 0.1924
439 705 0.1668
439 706 0.2505
439 707 0.2066
439 708 0.1622
439 709 0.1961
439 710 0.1542
439 711 0.1675
439 712 0.1485
439 713 0.7650
439 714 0.5485
439 716 0.1898
439 717 0.1559
439 718 0.6085
439 721 0.7490
439 722 0.2019
439 723 0.1622
439 724 0.1822
439 726 0.2243
439 727 0.2720
439 728 0.3790
439 729 0.1979
439 731 0.7483
439 732 0.2071
439 733 0.1813
439 734 0.1585
439 735 0.6875
439 736 0.2166
439 737 0.1471
439 738 0.1822
439 740 0.1844
439 741 0.9623
439 742 0.1628
439 743 0.4631
439 744 0.3363
439 745 0.1404
439 746 0.1813
439 747 0.1898
439 748 0.9616
439 750 0.1850
439 751 0.1584
439 752 0.3387
439 753 0.1740
439 754 0.1710
439 755 0.1927
439 756 0.1634
439 758 0.6663
439 759 0.1974
439 760 0.6333
439 761 0.1860
439 762 0.1834
439 763 0.8815
439 764 0.1590
439 766 0.5438
439 767 0.1622
439 768 0.6536
439 769 0.5518
439 770 0.1578
439 771 0.1203
439 772 0.1813
439 773 0.1822
439 775 0.1929
439 776 0.1939
439 777 0.1775
439 778 0.1760
439 780 0.5517
439 781 0.4688
439 782 0.1758
439 783 0.2231
439 784 0.1395
439 785 0.8513
439 786 0.2320
439 787 0.1614
439 789 0.1745
439 792 0.6894
439 793 0.1762
439 794 0.2210
439 796 0.1923
439 797 0.4415
439 799 0.1619
439 801 0.1677
439 802 0.1710
439 803 0.2013
439 804 0.9731
439 805 0.2015
439 806 0.5936
439 807 0.1898
439 808 0.9468
439 809 0.1649
439 810 0.1468
439 811 0.3274
439 813 0.1501
439 814 0.1467
439 815 0.3658
439 816 0.1718
439 817 0.1501
439 818 0.1711
439 819 0.1522
439 820 0.1898
439 821 0.1511
439 822 0.2730
439 823 0.1592
439 824 0.1622
439 825 0.1947
439 827 0.2006
439 828 0.1878
439 829 0.1707
439 830 0.1524
439 831 0.1951
439 832 0.2112
439 833 0.6591
439 834 0.1778
439 835 0.1803
439 836 0.2136
439 838 0.2957
439 839 0.1878
439 840 0.1622
439 841 0.2068
439 842 0.1813
439 843 0.6989
439 845 0.1636
439 846 0.1578
439 848 0.1654
439 849 0.2730
439 851 0.2230
439 853 0.1509
439 855 0.1898
439 856 0.6460
439 858 0.2062
439 860 0.1669
439 861 0.1752
439 862 0.1707
439 864 0.1925
439 865 0.8352
439 866 0.1718
439 867 0.1762
439 868 0.7107
439 869 0.2015
439 870 0.1932
439 871 0.2099
439 872 0.2241
439 876 0.6452
439 877 0.3810
439 878 0.7308
439 880 0.8397
439 881 0.1917
439 882 0.1637
439 883 0.2114
439 884 0.1707
439 885 0.3394
439 886 0.1614
439 887 0.1912
439 888 0.1631
439 889 0.1539
439 890 0.1923
439 891 0.8579
439 893 0.2140
439 894 0.6902
439 895 0.4656
439 896 0.1813
439 897 0.1822
439 898 0.1417
439 900 0.1453
439 901 0.3103
439 903 0.2029
439 905 0.1824
439 907 0.1707
439 908 0.1642
439 909 0.1917
439 911 0.1813
439 912 0.1584
439 913 0.1961
439 914 0.8475
439 915 0.1799
439 918 0.1652
439 919 0.1759
439 920 0.7053
439 921 0.1940
439 922 0.1744
439 924 0.1735
439 928 0.1898
439 929 0.1813
439 930 0.1328
439 933 0.1833
439 934 0.1878
439 935 0.3104
439 936 0.8284
439 938 0.6786
439 940 0.1694
439 941 0.1833
439 942 0.1720
439 943 0.7888
439 946 0.1641
439 947 0.1931
439 951 0.1687
439 952 0.1898
439 953 0.2093
439 954 0.4504
439 955 0.1345
439 956 0.1637
439 958 0.1707
439 959 0.3697
439 960 0.2172
439 961 0.1822
439 962 0.1822
439 963 0.4804
439 964 0.1710
439 965 0.1506
439 966 0.7653
439 967 0.1710
439 968 0.2153
439 971 0.9497
439 972 0.1813
439 973 0.1532
439 974 0.2234
439 975 0.1822
439 976 0.1985
439 977 0.1822
439 978 0.1898
439 979 0.2006
439 980 0.1687
439 981 0.1896
439 983 0.1533
439 984 0.1706
439 986 0.1803
439 987 0.1960
439 989 0.3984
439 990 0.1553
439 992 0.1898
439 993 0.4012
439 994 0.2052
439 995 0.1936
439 996 0.1813
439 999 0.7952
439 1001 0.1898
439 1002 0.2855
439 1003 0.9349
439 1004 0.1993
439 1006 0.1898
439 1007 0.2012
439 1008 0.1941
439 1010 0.1660
439 1013 0.3647
439 1014 0.2079
439 1015 0.9486
439 1016 0.2050
439 1017 0.1608
439 1018 0.1813
439 1019 0.1622
439 1020 0.1892
439 1022 0.1803
439 1024 0.1599
439 1025 0.1898
439 1026 0.1562
439 1027 0.1489
439 1029 0.1937
439 1030 0.4923
439 1032 0.1707
439 1033 0.1898
439 1035 0.9310
439 1036 0.1989
439 1037 0.1996
439 1040 0.1553
439 1041 0.1779
439 1042 0.1636
439 1043 0.8131
439 1045 0.1762
439 1046 0.6862
439 1047 0.1478
439 1048 0.1823
439 1049 0.1927
439 1050 0.1881
439 1052 0.1707
439 1053 0.1534
439 1055 0.1822
439 1056 0.1606
439 1057 0.1898
439 1058 0.1516
439 1059 0.1672
439 1060 0.1495
439 1061 0.1844
439 1062 0.4481
439 1063 0.7492
439 1065 0.1513
439 1066 0.5004
439 1067 0.2164
439 1068 0.1958
439 1069 0.1941
439 1070 0.1993
439 1072 0.1584
439 1075 0.4892
439 1076 0.4073
439 1077 0.6438
439 1079 0.1973
439 1080 0.1710
439 1081 0.1472
439 1082 0.2011
439 1083 0.8883
439 1084 0.1707
439 1087 0.1898
439 1089 0.1668
439 1090 0.1998
439 1093 0.1501
439 1094 0.1753
439 1095 0.1710
439 1096 0.1737
439 1097 0.1707
439 1099 0.9245
439 1102 0.8209
439 1103 0.1934
439 1104 0.1923
439 1105 0.1702
439 1106 0.1973
439 1107 0.3363
439 1108 0.2008
439 1110 0.1707
439 1111 0.1635
439 1113 0.2446
439 1115 0.1622
439 1116 0.4024
439 1117 0.7898
439 1118 0.1659
439 1119 0.1710
439 1122 0.1898
439 1123 0.1833
439 1125 0.1936
439 1126 0.1898
439 1127 0.1744
439 1128 0.1759
439 1129 0.1481
439 1130 0.8602
439 1134 0.1813
439 1135 0.9425
439 1138 0.1959
439 1141 0.1740
439 1142 0.1813
439 1146 0.1822
439 1147 0.1653
439 1150 0.1752
439 1151 0.6193
439 1152 0.8088
439 1153 0.1968
439 1154 0.1992
439 1157 0.8284
439 1158 0.1878
439 1160 0.1677
439 1161 0.1813
439 1162 0.1589
439 1163 0.1981
439 1165 0.2062
439 1166 0.3534
439 1167 0.2313
439 1169 0.1443
439 1172 0.1813
439 1176 0.1958
439 1177 0.1813
439 1180 0.2953
439 1182 0.1648
439 1185 0.3758
439 1186 0.8220
439 1187 0.1946
439 1188 0.6118
439 1189 0.1896
439 1193 0.1971
439 1194 0.1653
439 1195 0.1941
439 1196 0.5250
439 1199 0.2027
439 1200 0.1673
439 1201 0.1898
439 1202 0.1804
439 1203 0.1480
439 1204 0.5014
439 1205 0.1898
439 1206 0.7295
439 1208 0.1658
439 1209 0.1813
439 1210 0.2016
439 1211 0.3264
439 1212 0.1833
439 1213 0.1676
439 1216 0.1707
439 1217 0.1953
439 1218 0.6664
439 1219 0.2980
439 1220 0.1813
439 1221 0.7076
439 1223 0.1574
439 1225 0.2191
439 1226 0.8140
439 1227 0.1543
439 1228 0.1707
439 1229 0.1712
439 1230 0.1707
439 1231 0.1614
439 1235 0.1941
439 1236 0.1813
439 1237 0.1898
439 1238 0.1813
439 1240 0.6679
439 1241 0.1687
439 1242 0.5287
439 1244 0.1707
439 1247 0.2207
439 1248 0.3403
439 1249 0.1822
439 1250 0.1584
439 1251 0.1805
439 1252 0.2030
439 1253 0.1710
439 1254 0.1622
439 1256 0.1979
439 1257 0.1813
439 1258 0.1681
439 1259 0.1898
439 1260 0.2330
439 1262 0.1818
439 1263 0.1424
439 1265 0.2088
439 1266 0.1896
439 1267 0.1813
439 1269 0.2112
439 1270 0.1601
439 1271 0.1937
439 1272 0.1622
439 1274 0.1813
439 1275 0.1908
439 1276 0.1656
439 1278 0.1622
439 1279 0.2069
439 1280 0.1847
439 1281 0.1611
439 1282 0.1813
439 1283 0.1995
439 1284 0.1574
439 1286 0.1655
439 1287 0.1453
439 1288 0.1707
439 1289 0.1397
439 1291 0.1538
439 1292 0.2077
439 1293 0.1653
439 1296 0.1813
439 1298 0.1973
439 1299 0.2068
439 1300 0.1813
439 1301 0.1589
439 1303 0.2013
439 1304 0.1898
439 1305 0.1836
439 1306 0.1533
439 1308 0.2002
439 1309 0.1898
439 1310 0.1499
439 1311 0.1822
439 1313 0.1707
439 1315 0.1710
439 1316 0.2038
439 1322 0.1558
439 1323 0.1623
439 1326 0.1833
439 1327 0.1813
439 1329 0.1898
439 1330 0.1664
439 1331 0.1620
439 1333 0.4781
439 1335 0.1742
439 1336 0.1509
439 1337 0.1687
439 1339 0.1598
439 1340 0.3801
439 1342 0.1664
439 1343 0.1687
439 1344 0.4892
439 1346 0.1742
439 1348 0.1707
439 1349 0.1797
439 1350 0.1898
439 1353 0.1822
439 1355 0.1543
439 1356 0.3147
439 1360 0.1344
439 1361 0.1578
439 1362 0.1878
439 1363 0.1707
439 1364 0.1826
439 1367 0.2301
439 1368 0.1833
439 1369 0.4693
439 1370 0.1684
439 1372 0.1579
439 1374 0.1813
439 1376 0.1707
439 1377 0.1813
439 1379 0.1710
439 1380 0.1898
439 1381 0.1813
439 1384 0.1822
439 1386 0.1923
439 1387 0.1520
439 1388 0.1709
439 1389 0.1856
439 1390 0.1622
439 1393 0.1822
439 1394 0.1813
439 1395 0.1813
439 1396 0.1898
439 1397 0.1794
439 1398 0.2023
439 1401 0.1622
439 1402 0.1832
439 1405 0.1710
439 1406 0.1904
439 1408 0.1471
439 1409 0.1628
439 1411 0.1707
439 1412 0.1813
439 1415 0.1813
439 1416 0.1695
439 1418 0.1538
439 1419 0.1536
439 1421 0.1849
439 1423 0.3139
439 1424 0.1898
439 1425 0.1833
439 1426 0.1694
439 1427 0.1934
439 1428 0.1822
439 1431 0.1929
439 1434 0.2264
439 1435 0.2036
439 1436 0.1710
439 1437 0.1940
439 1438 0.1305
439 1439 0.1794
439 1440 0.2807
439 1441 0.1960
439 1445 0.1524
439 1446 0.1543
439 1448 0.1707
439 1449 0.3647
439 1451 0.1898
439 1452 0.6720
439 1453 0.1707
439 1456 0.5442
439 1457 0.6761
439 1458 0.1622
439 1460 0.7124
439 1462 0.1861
439 1463 0.7850
439 1464 0.7014
439 1465 0.3527
439 1466 0.6174
439 1472 0.6918
439 1473 0.1622
439 1476 0.1707
439 1477 0.1710
439 1479 0.6329
439 1482 0.1707
439 1484 0.1491
439 1485 0.7340
439 1490 0.1707
439 1491 0.6950
439 1493 0.6974
439 1494 0.4052
439 1497 0.1707
439 1499 0.6533
439 1500 0.5857
439 1503 0.8486
439 1504 0.7514
439 1505 0.4488
439 1506 0.1707
439 1507 0.1898
439 1508 0.1898
439 1510 0.1898
439 1512 0.6221
439 1513 0.7136
439 1516 0.7216
439 1517 0.1878
439 1518 0.6618
439 1519 0.3176
439 1520 0.3629
439 1522 0.1603
439 1523 0.1822
439 1525 0.1682
439 1526 0.1996
439 1527 0.1805
439 1529 0.2777
439 1530 0.2422
439 1532 0.1558
439 1534 0.1707
439 1535 0.1898
439 1536 0.1747
439 1538 0.2002
439 1540 0.1822
439 1541 0.1584
439 1542 0.1796
439 1544 0.1663
439 1545 0.1898
439 1547 0.2018
439 1548 0.1436
439 1549 0.1664
439 1551 0.1544
439 1554 0.1813
439 1555 0.1898
439 1566 0.1568
439 1567 0.1539
439 1568 0.1600
439 1570 0.1538
439 1571 0.2242
439 1573 0.5075
439 1574 0.1707
439 1577 0.1898
439 1578 0.1898
439 1580 0.1595
439 1581 0.1898
439 1582 0.1710
439 1583 0.1898
439 1585 0.1747
439 1588 0.1503
439 1591 0.1556
439 1592 0.1710
439 1593 0.1568
439 1595 0.1706
439 1596 0.1788
439 1598 0.1813
439 1599 0.3137
439 1601 0.1707
439 1603 0.1724
439 1604 0.1898
439 1606 0.1631
439 1608 0.2618
439 1609 0.1518
439 1610 0.1466
439 1611 0.1707
439 1613 0.2507
439 1614 0.1822
439 1616 0.1622
439 1618 0.2146
439 1619 0.1919
439 1621 0.2171
439 1622 0.2119
439 1623 0.1509
439 1624 0.1598
439 1626 0.1718
439 1628 0.1898
439 1629 0.1878
439 1630 0.1687
439 1632 0.1878
439 1633 0.2062
439 1634 0.1629
439 1636 0.3610
439 1637 0.1687
439 1639 0.1822
439 1640 0.4472
439 1641 0.1598
439 1642 0.1813
439 1643 0.1707
439 1646 0.1545
439 1647 0.1622
439 1649 0.1898
439 1650 0.1898
439 1652 0.1822
439 1653 0.1896
439 1654 0.1751
439 1655 0.1813
439 1660 0.1589
439 1661 0.1813
439 1662 0.1687
439 1663 0.1543
439 1664 0.1832
439 1666 0.1707
439 1667 0.1718
439 1668 0.2261
439 1669 0.1641
439 1673 0.1622
439 1674 0.1558
439 1675 0.1898
439 1676 0.1710
439 1678 0.2083
439 1679 0.1598
439 1681 0.1822
439 1682 0.1491
439 1683 0.1733
439 1684 0.1898
439 1685 0.1813
439 1686 0.1710
439 1687 0.1602
439 1688 0.1813
439 1689 0.2212
439 1691 0.1543
439 1692 0.1668
439 1693 0.1641
439 1694 0.1632
439 1697 0.1548
439 1699 0.1986
439 1700 0.2018
439 1701 0.1579
439 1702 0.1960
439 1705 0.1477
439 1706 0.1934
439 1707 0.1962
439 1708 0.1577
439 1709 0.6737
439 1711 0.1942
439 1712 0.2150
439 1713 0.1928
439 1714 0.1983
439 1715 0.1637
439 1717 0.2302
439 1718 0.1434
439 1719 0.1898
439 1726 0.1707
439 1728 0.1440
441 442 0.7238
441 445 0.1392
441 447 0.2701
441 448 0.5280
441 449 0.4435
441 450 0.1515
441 451 0.1566
441 452 0.1911
441 453 0.1662
441 454 0.9007
441 455 0.1951
441 456 0.1327
441 457 0.1851
441 458 0.1545
441 459 0.1608
441 460 0.5585
441 461 0.1688
441 462 0.1694
441 463 0.2815
441 464 0.1698
441 465 0.1996
441 466 0.8946
441 467 0.1585
441 468 0.1575
441 470 0.1920
441 471 0.8940
441 472 0.1903
441 474 0.2439
441 475 0.6823
441 476 0.7374
441 478 0.1579
441 479 0.1696
441 480 0.1583
441 481 0.1661
441 482 0.1742
441 484 0.3897
441 485 0.1618
441 487 0.1327
441 488 0.1912
441 489 0.2905
441 490 0.1631
441 491 0.1566
441 492 0.1696
441 493 0.1515
441 494 0.1742
441 495 0.1881
441 496 0.1479
441 497 0.7509
441 498 0.2206
441 499 0.1657
441 500 0.1694
441 501 0.1937
441 502 0.5271
441 503 0.1696
441 504 0.5119
441 505 0.1752
441 506 0.5690
441 507 0.1949
441 508 0.7305
441 509 0.2333
441 511 0.1739
441 513 0.1493
441 514 0.5842
441 515 0.8724
441 516 0.4968
441 517 0.1832
441 518 0.1851
441 519 0.1694
441 520 0.1686
441 521 0.3848
441 522 0.2020
441 523 0.1714
441 526 0.1634
441 527 0.2131
441 528 0.1937
441 530 0.1742
441 531 0.8229
441 534 0.7056
441 535 0.1655
441 536 0.1946
441 537 0.1645
441 538 0.1694
441 539 0.1696
441 540 0.1533
441 541 0.4173
441 542 0.1739
441 543 0.1851
441 544 0.4598
441 545 0.3729
441 546 0.1851
441 547 0.1851
441 548 0.4664
441 549 0.1851
441 551 0.1327
441 552 0.2019
441 553 0.2148
441 554 0.1692
441 555 0.4143
441 556 0.1327
441 558 0.1913
441 559 0.1335
441 560 0.2003
441 561 0.1830
441 562 0.1639
441 563 0.2035
441 564 0.1480
441 565 0.1528
441 568 0.2074
441 569 0.1951
441 570 0.1561
441 571 0.1946
441 572 0.3058
441 573 0.1642
441 574 0.1876
441 575 0.7203
441 576 0.3576
441 577 0.6456
441 578 0.1992
441 579 0.2094
441 581 0.6795
441 582 0.1939
441 583 0.1923
441 584 0.2848
441 585 0.1794
441 587 0.6572
441 589 0.7969
441 590 0.9234
441 592 0.1905
441 593 0.1556
441 594 0.1474
441 599 0.1818
441 600 0.6411
441 601 0.1803
441 602 0.4676
441 605 0.1694
441 606 0.1696
441 607 0.8143
441 608 0.1460
441 609 0.5121
441 610 0.6714
441 612 0.8159
441 613 0.1811
441 614 0.1942
441 617 0.1561
441 618 0.2149
441 619 0.9008
441 621 0.1634
441 622 0.1582
441 623 0.1579
441 625 0.1816
441 626 0.1957
441 627 0.3509
441 628 0.1928
441 629 0.1794
441 631 0.8888
441 632 0.1923
441 633 0.2388
441 634 0.2148
441 635 0.1742
441 636 0.1694
441 637 0.8469
441 638 0.2020
441 639 0.2178
441 640 0.4105
441 641 0.1821
441 642 0.1667
441 643 0.1752
441 644 0.7744
441 645 0.3862
441 646 0.7918
441 648 0.1926
441 649 0.1526
441 650 0.1831
441 651 0.1858
441 652 0.1659
441 653 0.7636
441 655 0.1819
441 656 0.1604
441 657 0.1723
441 658 0.1608
441 659 0.2148
441 660 0.1582
441 661 0.1644
441 662 0.1819
441 663 0.1694
441 664 0.1648
441 666 0.1825
441 668 0.4230
441 669 0.1742
441 671 0.5543
441 672 0.1475
441 673 0.1565
441 674 0.1500
441 676 0.1873
441 677 0.1742
441 678 0.1897
441 679 0.1697
441 680 0.1647
441 683 0.1696
441 684 0.1829
441 685 0.1966
441 686 0.1327
441 687 0.1327
441 688 0.1942
441 689 0.2412
441 690 0.5271
441 691 0.1964
441 692 0.1409
441 693 0.1442
441 694 0.1529
441 695 0.6499
441 696 0.1824
441 697 0.4400
441 698 0.9109
441 699 0.1692
441 700 0.8643
441 702 0.1896
441 703 0.1993
441 704 0.1878
441 705 0.4612
441 706 0.2100
441 707 0.2762
441 708 0.1582
441 709 0.2016
441 710 0.1626
441 711 0.9105
441 712 0.1582
441 713 0.1677
441 714 0.3549
441 716 0.1694
441 717 0.1614
441 718 0.1647
441 721 0.1760
441 722 0.1974
441 723 0.1582
441 724 0.1327
441 726 0.4811
441 727 0.1696
441 728 0.1581
441 729 0.1990
441 731 0.1920
441 732 0.2012
441 733 0.1851
441 734 0.3720
441 735 0.1971
441 736 0.8359
441 737 0.7915
441 738 0.1327
441 740 0.3973
441 741 0.2281
441 742 0.1686
441 743 0.2809
441 744 0.1908
441 745 0.1476
441 746 0.1851
441 747 0.1694
441 748 0.2610
441 750 0.3916
441 751 0.1556
441 752 0.2374
441 753 0.5504
441 754 0.1742
441 755 0.1878
441 756 0.4535
441 758 0.1698
441 759 0.8256
441 760 0.1909
441 761 0.2020
441 762 0.5156
441 763 0.3024
441 764 0.1692
441 766 0.1535
441 767 0.2905
441 768 0.9308
441 769 0.1462
441 770 0.1697
441 771 0.1817
441 772 0.1851
441 773 0.1327
441 775 0.1903
441 776 0.1882
441 777 0.4702
441 778 0.5733
441 780 0.5959
441 781 0.1742
441 782 0.6508
441 783 0.2037
441 784 0.1419
441 785 0.1679
441 786 0.9058
441 787 0.4155
441 789 0.1879
441 792 0.1637
441 793 0.7798
441 794 0.8261
441 796 0.2020
441 797 0.1648
441 799 0.1470
441 801 0.1886
441 802 0.1742
441 803 0.1927
441 804 0.4748
441 805 0.2016
441 806 0.1739
441 807 0.1694
441 808 0.4426
441 809 0.4802
441 810 0.1465
441 811 0.0703
441 813 0.3411
441 814 0.4935
441 815 0.6190
441 816 0.2254
441 817 0.1572
441 818 0.1613
441 819 0.1471
441 820 0.1694
441 821 0.4963
441 822 0.1741
441 823 0.8911
441 824 0.2905
441 825 0.1955
441 827 0.2057
441 828 0.1942
441 829 0.1696
441 830 0.1487
441 831 0.3866
441 832 0.4363
441 833 0.3121
441 834 0.5274
441 835 0.1803
441 836 0.8268
441 838 0.1870
441 839 0.1942
441 840 0.3048
441 841 0.1995
441 842 0.1851
441 843 0.1701
441 845 0.1820
441 846 0.1411
441 848 0.1750
441 849 0.1972
441 851 0.2235
441 853 0.4053
441 855 0.1694
441 856 0.1696
441 858 0.2148
441 860 0.1651
441 861 0.4951
441 862 0.1696
441 864 0.1868
441 865 0.1762
441 866 0.1638
441 867 0.4992
441 868 0.1794
441 869 0.1806
441 870 0.1936
441 871 0.1768
441 872 0.8769
441 876 0.3271
441 877 0.1742
441 878 0.1648
441 880 0.4252
441 881 0.1352
441 882 0.3795
441 883 0.1532
441 884 0.1696
441 885 0.4403
441 886 0.4012
441 887 0.1870
441 888 0.3721
441 889 0.6796
441 890 0.2020
441 891 0.4725
441 893 0.7704
441 894 0.1717
441 895 0.1905
441 896 0.1851
441 897 0.1327
441 898 0.1967
441 900 0.1514
441 901 0.8967
441 903 0.2085
441 905 0.1784
441 907 0.1696
441 908 0.7370
441 909 0.1864
441 911 0.3846
441 912 0.1556
441 913 0.2016
441 914 0.1857
441 915 0.9119
441 918 0.1752
441 919 0.1687
441 920 0.2062
441 921 0.2005
441 922 0.6359
441 924 0.3815
441 928 0.1694
441 929 0.1851
441 930 0.1343
441 933 0.4484
441 934 0.1942
441 935 0.1940
441 936 0.1762
441 938 0.1784
441 940 0.1727
441 941 0.1701
441 942 0.1259
441 943 0.2362
441 946 0.1785
441 947 0.1934
441 951 0.1634
441 952 0.1694
441 953 0.2849
441 954 0.1696
441 955 0.1368
441 956 0.1607
441 958 0.1696
441 959 0.2020
441 960 0.4804
441 961 0.1327
441 962 0.1327
441 963 0.1913
441 964 0.3693
441 965 0.3701
441 966 0.1698
441 967 0.1742
441 968 0.9039
441 971 0.1579
441 972 0.1851
441 973 0.2525
441 974 0.5425
441 975 0.1327
441 976 0.1963
441 977 0.1327
441 978 0.1694
441 979 0.1979
441 980 0.1634
441 981 0.1742
441 983 0.1668
441 984 0.1630
441 986 0.1691
441 987 0.1766
441 989 0.3864
441 990 0.1662
441 992 0.1694
441 993 0.2187
441 994 0.9300
441 995 0.1890
441 996 0.1851
441 999 0.1702
441 1001 0.1694
441 1002 0.1978
441 1003 0.5105
441 1004 0.1965
441 1006 0.1694
441 1007 0.2004
441 1008 0.1819
441 1010 0.1514
441 1013 0.1582
441 1014 0.1679
441 1015 0.2913
441 1016 0.1546
441 1017 0.5617
441 1018 0.1851
441 1019 0.1582
441 1020 0.6227
441 1022 0.4386
441 1024 0.1641
441 1025 0.1694
441 1026 0.1989
441 1027 0.1693
441 1029 0.1928
441 1030 0.6506
441 1032 0.1696
441 1033 0.1694
441 1035 0.1700
441 1036 0.1962
441 1037 0.1960
441 1040 0.1490
441 1041 0.1817
441 1042 0.1735
441 1043 0.1775
441 1045 0.6458
441 1046 0.1749
441 1047 0.1499
441 1048 0.2020
441 1049 0.1889
441 1050 0.1291
441 1052 0.1696
441 1053 0.1660
441 1055 0.1327
441 1056 0.1564
441 1057 0.1694
441 1058 0.1469
441 1059 0.1593
441 1060 0.1577
441 1061 0.1999
441 1062 0.1742
441 1063 0.2238
441 1065 0.1361
441 1066 0.6385
441 1067 0.2394
441 1068 0.1935
441 1069 0.3941
441 1070 0.1409
441 1072 0.1556
441 1075 0.3530
441 1076 0.1582
441 1077 0.1525
441 1079 0.1856
441 1080 0.3693
441 1081 0.1435
441 1082 0.5115
441 1083 0.2010
441 1084 0.1696
441 1087 0.1694
441 1089 0.5754
441 1090 0.2111
441 1093 0.3773
441 1094 0.3370
441 1095 0.1742
441 1096 0.1783
441 1097 0.1696
441 1099 0.1912
441 1102 0.2149
441 1103 0.4147
441 1104 0.6574
441 1105 0.1815
441 1106 0.2049
441 1107 0.1801
441 1108 0.1823
441 1110 0.1696
441 1111 0.1632
441 1113 0.1525
441 1115 0.1582
441 1116 0.3726
441 1117 0.1572
441 1118 0.3944
441 1119 0.1742
441 1122 0.1694
441 1123 0.1701
441 1125 0.3644
441 1126 0.1694
441 1127 0.1636
441 1128 0.4201
441 1129 0.2172
441 1130 0.5635
441 1134 0.1851
441 1135 0.2357
441 1138 0.1935
441 1141 0.1279
441 1142 0.1851
441 1146 0.1327
441 1147 0.1692
441 1150 0.1756
441 1151 0.1671
441 1152 0.7575
441 1153 0.1697
441 1154 0.1955
441 1157 0.1762
441 1158 0.1942
441 1160 0.1672
441 1161 0.1851
441 1162 0.6013
441 1163 0.1918
441 1165 0.2148
441 1166 0.3830
441 1167 0.2101
441 1169 0.3720
441 1172 0.1851
441 1176 0.6054
441 1177 0.1851
441 1180 0.1934
441 1182 0.3255
441 1185 0.2033
441 1186 0.7262
441 1187 0.1776
441 1188 0.1742
441 1189 0.1742
441 1193 0.1923
441 1194 0.1692
441 1195 0.3899
441 1196 0.1517
441 1199 0.1828
441 1200 0.6498
441 1201 0.1694
441 1202 0.7265
441 1203 0.1505
441 1204 0.1911
441 1205 0.1694
441 1206 0.1866
441 1208 0.2713
441 1209 0.3386
441 1210 0.6664
441 1211 0.7822
441 1212 0.3565
441 1213 0.5123
441 1216 0.3617
441 1217 0.5337
441 1218 0.3513
441 1219 0.1742
441 1220 0.1851
441 1221 0.4658
441 1223 0.5098
441 1225 0.9076
441 1226 0.6293
441 1227 0.4641
441 1228 0.1696
441 1229 0.4466
441 1230 0.1696
441 1231 0.5572
441 1235 0.4249
441 1236 0.1851
441 1237 0.1694
441 1238 0.1851
441 1240 0.5359
441 1241 0.4039
441 1242 0.7812
441 1244 0.1696
441 1247 0.9093
441 1248 0.1648
441 1249 0.1327
441 1250 0.3118
441 1251 0.5666
441 1252 0.5222
441 1253 0.1742
441 1254 0.1582
441 1256 0.7741
441 1257 0.1851
441 1258 0.1704
441 1259 0.1694
441 1260 0.3124
441 1262 0.3898
441 1263 0.1444
441 1265 0.4150
441 1266 0.1742
441 1267 0.1851
441 1269 0.3091
441 1270 0.6393
441 1271 0.1759
441 1272 0.1582
441 1274 0.1851
441 1275 0.6579
441 1276 0.1771
441 1278 0.1582
441 1279 0.1778
441 1280 0.1844
441 1281 0.1570
441 1282 0.1851
441 1283 0.1996
441 1284 0.1575
441 1286 0.1775
441 1287 0.1442
441 1288 0.1696
441 1289 0.1407
441 1291 0.2518
441 1292 0.2076
441 1293 0.1692
441 1296 0.1851
441 1298 0.1932
441 1299 0.1587
441 1300 0.1851
441 1301 0.1580
441 1303 0.2034
441 1304 0.1694
441 1305 0.1299
441 1306 0.1668
441 1308 0.1760
441 1309 0.1694
441 1310 0.1471
441 1311 0.1327
441 1313 0.1696
441 1315 0.1742
441 1316 0.2019
441 1322 0.1694
441 1323 0.3034
441 1326 0.1701
441 1327 0.1851
441 1329 0.1694
441 1330 0.3186
441 1331 0.4719
441 1333 0.1793
441 1335 0.2052
441 1336 0.1546
441 1337 0.1634
441 1339 0.3864
441 1340 0.4822
441 1342 0.9155
441 1343 0.1634
441 1344 0.3548
441 1346 0.3760
441 1348 0.1696
441 1349 0.1826
441 1350 0.1694
441 1353 0.1327
441 1355 0.1514
441 1356 0.1696
441 1360 0.8432
441 1361 0.4755
441 1362 0.1942
441 1363 0.4490
441 1364 0.1679
441 1367 0.7501
441 1368 0.1701
441 1369 0.8253
441 1370 0.8216
441 1372 0.4318
441 1374 0.1851
441 1376 0.1696
441 1377 0.1851
441 1379 0.1742
441 1380 0.1694
441 1381 0.2805
441 1384 0.1327
441 1386 0.2020
441 1387 0.3978
441 1388 0.4425
441 1389 0.1717
441 1390 0.1928
441 1393 0.1327
441 1394 0.1851
441 1395 0.1851
441 1396 0.3684
441 1397 0.3916
441 1398 0.2056
441 1401 0.1582
441 1402 0.1708
441 1405 0.1742
441 1406 0.1808
441 1408 0.1481
441 1409 0.1686
441 1411 0.1696
441 1412 0.1851
441 1415 0.1851
441 1416 0.1666
441 1418 0.1507
441 1419 0.1706
441 1421 0.1440
441 1423 0.1981
441 1424 0.1694
441 1425 0.1701
441 1426 0.4493
441 1427 0.1886
441 1428 0.1327
441 1431 0.1906
441 1434 0.5713
441 1435 0.1899
441 1436 0.1742
441 1437 0.1900
441 1438 0.1390
441 1439 0.1668
441 1440 0.1901
441 1441 0.1762
441 1445 0.1487
441 1446 0.1514
441 1448 0.1696
441 1449 0.1582
441 1451 0.1694
441 1452 0.2056
441 1453 0.1696
441 1456 0.1760
441 1457 0.1742
441 1458 0.1928
441 1460 0.1603
441 1462 0.6161
441 1463 0.1653
441 1464 0.1779
441 1465 0.1696
441 1466 0.1637
441 1472 0.1562
441 1473 0.2905
441 1476 0.1696
441 1477 0.1742
441 1479 0.1867
441 1482 0.1696
441 1484 0.1500
441 1485 0.4086
441 1490 0.1696
441 1491 0.1601
441 1493 0.1780
441 1494 0.2054
441 1497 0.3617
441 1499 0.1696
441 1500 0.1739
441 1503 0.6288
441 1504 0.1819
441 1505 0.1851
441 1506 0.1696
441 1507 0.1694
441 1508 0.1694
441 1510 0.1694
441 1512 0.1851
441 1513 0.1625
441 1516 0.1868
441 1517 0.1942
441 1518 0.1882
441 1519 0.1947
441 1520 0.2065
441 1522 0.1587
441 1523 0.1327
441 1525 0.4672
441 1526 0.1824
441 1527 0.1863
441 1529 0.5799
441 1530 0.1965
441 1532 0.1694
441 1534 0.1696
441 1535 0.1694
441 1536 0.1789
441 1538 0.1491
441 1540 0.1327
441 1541 0.1556
441 1542 0.5073
441 1544 0.1740
441 1545 0.1694
441 1547 0.2024
441 1548 0.1464
441 1549 0.1654
441 1551 0.1683
441 1554 0.1851
441 1555 0.1694
441 1566 0.1475
441 1567 0.1563
441 1568 0.6574
441 1570 0.1507
441 1571 0.2206
441 1573 0.8821
441 1574 0.1696
441 1577 0.1694
441 1578 0.1694
441 1580 0.5609
441 1581 0.1694
441 1582 0.1742
441 1583 0.1694
441 1585 0.1634
441 1588 0.5964
441 1591 0.7612
441 1592 0.1742
441 1593 0.7883
441 1595 0.5280
441 1596 0.3370
441 1598 0.1851
441 1599 0.1928
441 1601 0.1696
441 1603 0.3576
441 1604 0.1694
441 1606 0.6951
441 1608 0.2526
441 1609 0.4370
441 1610 0.4170
441 1611 0.1696
441 1613 0.8629
441 1614 0.1327
441 1616 0.1928
441 1618 0.2270
441 1619 0.5048
441 1621 0.8595
441 1622 0.8748
441 1623 0.3837
441 1624 0.7509
441 1626 0.1793
441 1628 0.1694
441 1629 0.1942
441 1630 0.4072
441 1632 0.1942
441 1633 0.2148
441 1634 0.6536
441 1636 0.3387
441 1637 0.3960
441 1639 0.1327
441 1640 0.5311
441 1641 0.5482
441 1642 0.3846
441 1643 0.1696
441 1646 0.1526
441 1647 0.1582
441 1649 0.1694
441 1650 0.1694
441 1652 0.1327
441 1653 0.1742
441 1654 0.1774
441 1655 0.1851
441 1660 0.1612
441 1661 0.1851
441 1662 0.1634
441 1663 0.1535
441 1664 0.1708
441 1666 0.1696
441 1667 0.1638
441 1668 0.2767
441 1669 0.3043
441 1673 0.1582
441 1674 0.1537
441 1675 0.1694
441 1676 0.1742
441 1678 0.1790
441 1679 0.2033
441 1681 0.1327
441 1682 0.1500
441 1683 0.3778
441 1684 0.1694
441 1685 0.1851
441 1686 0.1742
441 1687 0.5204
441 1688 0.1851
441 1689 0.3412
441 1691 0.3564
441 1692 0.3260
441 1693 0.1657
441 1694 0.1640
441 1697 0.1667
441 1699 0.1780
441 1700 0.1714
441 1701 0.1579
441 1702 0.1757
441 1705 0.1527
441 1706 0.1901
441 1707 0.1923
441 1708 0.1405
441 1709 0.1528
441 1711 0.1964
441 1712 0.2213
441 1713 0.2189
441 1714 0.2097
441 1715 0.1607
441 1717 0.3607
441 1718 0.1439
441 1719 0.1694
441 1726 0.1696
441 1728 0.1503
442 445 0.3541
442 447 0.2622
442 448 0.7237
442 449 0.2100
442 450 0.1829
442 451 0.1785
442 452 0.1482
442 453 0.1629
442 454 0.9181
442 455 0.2390
442 456 0.2626
442 457 0.1987
442 458 0.3135
442 459 0.1869
442 460 0.8249
442 461 0.1932
442 462 0.2312
442 463 0.3281
442 464 0.2016
442 465 0.2186
442 466 0.8330
442 467 0.1721
442 468 0.1836
442 470 0.5238
442 471 0.8943
442 472 0.1775
442 474 0.1880
442 475 0.8435
442 476 0.8104
442 478 0.1942
442 479 0.1954
442 480 0.1833
442 481 0.1671
442 482 0.1880
442 484 0.4468
442 485 0.1856
442 487 0.2626
442 488 0.5529
442 489 0.3544
442 490 0.1635
442 491 0.4425
442 492 0.1954
442 493 0.4608
442 494 0.1880
442 495 0.2057
442 496 0.4707
442 497 0.8328
442 498 0.1564
442 499 0.1871
442 500 0.2312
442 501 0.2035
442 502 0.7143
442 503 0.1954
442 504 0.7056
442 505 0.2044
442 506 0.6851
442 507 0.1838
442 508 0.6987
442 509 0.3385
442 511 0.1980
442 513 0.3626
442 514 0.7095
442 515 0.8852
442 516 0.6153
442 517 0.2244
442 518 0.1987
442 519 0.2312
442 520 0.1715
442 521 0.7594
442 522 0.2099
442 523 0.2030
442 526 0.3106
442 527 0.8077
442 528 0.4055
442 530 0.1880
442 531 0.8597
442 534 0.8764
442 535 0.1730
442 536 0.1827
442 537 0.3283
442 538 0.2312
442 539 0.1954
442 540 0.2258
442 541 0.7173
442 542 0.2100
442 543 0.1987
442 544 0.5942
442 545 0.5839
442 546 0.1987
442 547 0.1987
442 548 0.5348
442 549 0.1987
442 551 0.2626
442 552 0.4036
442 553 0.2245
442 554 0.1812
442 555 0.2154
442 556 0.2626
442 558 0.2273
442 559 0.1959
442 560 0.1958
442 561 0.1788
442 562 0.1865
442 563 0.6929
442 564 0.1637
442 565 0.1858
442 568 0.2817
442 569 0.2102
442 570 0.1753
442 571 0.2193
442 572 0.2185
442 573 0.1855
442 574 0.3769
442 575 0.7624
442 576 0.4810
442 577 0.8069
442 578 0.2000
442 579 0.2508
442 581 0.7761
442 582 0.1234
442 583 0.1963
442 584 0.3353
442 585 0.2364
442 587 0.8029
442 589 0.8229
442 590 0.9280
442 592 0.3904
442 593 0.1896
442 594 0.1752
442 599 0.7052
442 600 0.8072
442 601 0.1911
442 602 0.6261
442 605 0.2312
442 606 0.1954
442 607 0.6936
442 608 0.4309
442 609 0.6541
442 610 0.7189
442 612 0.6825
442 613 0.2311
442 614 0.2091
442 617 0.1745
442 618 0.1892
442 619 0.8940
442 621 0.1785
442 622 0.1917
442 623 0.1942
442 625 0.2073
442 626 0.2017
442 627 0.2400
442 628 0.1927
442 629 0.2364
442 631 0.8482
442 632 0.4348
442 633 0.6122
442 634 0.2245
442 635 0.2251
442 636 0.2312
442 637 0.8009
442 638 0.2099
442 639 0.2209
442 640 0.4696
442 641 0.3853
442 642 0.3389
442 643 0.1994
442 644 0.7371
442 645 0.2706
442 646 0.8351
442 648 0.1409
442 649 0.1765
442 650 0.1814
442 651 0.4247
442 652 0.3267
442 653 0.9411
442 655 0.2160
442 656 0.1847
442 657 0.2007
442 658 0.1886
442 659 0.2245
442 660 0.1917
442 661 0.1948
442 662 0.2184
442 663 0.2312
442 664 0.1764
442 666 0.1964
442 668 0.7814
442 669 0.1880
442 671 0.7102
442 672 0.1780
442 673 0.1801
442 674 0.1715
442 676 0.2153
442 677 0.1880
442 678 0.2205
442 679 0.5100
442 680 0.1908
442 683 0.1954
442 684 0.2136
442 685 0.1985
442 686 0.2626
442 687 0.2626
442 688 0.2091
442 689 0.2038
442 690 0.7143
442 691 0.2179
442 692 0.2092
442 693 0.1795
442 694 0.3270
442 695 0.7950
442 696 0.1903
442 697 0.5949
442 698 0.8586
442 699 0.1812
442 700 0.8850
442 702 0.3490
442 703 0.4057
442 704 0.3307
442 705 0.6050
442 706 0.1774
442 707 0.3207
442 708 0.1917
442 709 0.4409
442 710 0.1812
442 711 0.8618
442 712 0.1811
442 713 0.1911
442 714 0.4027
442 716 0.2312
442 717 0.1797
442 718 0.2010
442 721 0.2297
442 722 0.1644
442 723 0.1917
442 724 0.2626
442 726 0.6859
442 727 0.1954
442 728 0.5098
442 729 0.4810
442 731 0.2534
442 732 0.2504
442 733 0.1987
442 734 0.5858
442 735 0.2064
442 736 0.8760
442 737 0.7055
442 738 0.2626
442 740 0.2261
442 741 0.2414
442 742 0.1905
442 743 0.7705
442 744 0.4739
442 745 0.4015
442 746 0.1987
442 747 0.2312
442 748 0.2218
442 750 0.1662
442 751 0.1896
442 752 0.8625
442 753 0.6347
442 754 0.1880
442 755 0.3353
442 756 0.7267
442 758 0.2137
442 759 0.8858
442 760 0.3571
442 761 0.2242
442 762 0.6576
442 763 0.2778
442 764 0.1911
442 766 0.1748
442 767 0.3544
442 768 0.9335
442 769 0.1719
442 770 0.1913
442 771 0.2531
442 772 0.1987
442 773 0.2626
442 775 0.4267
442 776 0.3317
442 777 0.6782
442 778 0.7457
442 780 0.6690
442 781 0.1880
442 782 0.7618
442 783 0.2537
442 784 0.1699
442 785 0.1894
442 786 0.8508
442 787 0.5172
442 789 0.2156
442 792 0.1831
442 793 0.3105
442 794 0.8555
442 796 0.2099
442 797 0.2039
442 799 0.4934
442 801 0.1847
442 802 0.1880
442 803 0.2170
442 804 0.4928
442 805 0.4107
442 806 0.2100
442 807 0.2312
442 808 0.4476
442 809 0.6136
442 810 0.1678
442 811 0.3567
442 813 0.4026
442 814 0.6716
442 815 0.6483
442 816 0.2078
442 817 0.1721
442 818 0.2555
442 819 0.1799
442 820 0.2312
442 821 0.1770
442 822 0.1767
442 823 0.9045
442 824 0.3544
442 825 0.4221
442 827 0.4541
442 828 0.2091
442 829 0.1954
442 830 0.3287
442 831 0.4879
442 832 0.6964
442 833 0.2231
442 834 0.7553
442 835 0.2043
442 836 0.7819
442 838 0.3556
442 839 0.2091
442 840 0.5188
442 841 0.2215
442 842 0.1987
442 843 0.1810
442 845 0.1934
442 846 0.3349
442 848 0.2146
442 849 0.5330
442 851 0.8783
442 853 0.5248
442 855 0.2312
442 856 0.1954
442 858 0.2245
442 860 0.1831
442 861 0.8117
442 862 0.1954
442 864 0.3252
442 865 0.2046
442 866 0.1968
442 867 0.6507
442 868 0.2364
442 869 0.2065
442 870 0.3277
442 871 0.2129
442 872 0.9517
442 876 0.4527
442 877 0.1880
442 878 0.2039
442 880 0.4413
442 881 0.1948
442 882 0.4311
442 883 0.5160
442 884 0.1954
442 885 0.5620
442 886 0.4663
442 887 0.3331
442 888 0.6273
442 889 0.7187
442 890 0.2099
442 891 0.4035
442 893 0.8079
442 894 0.2050
442 895 0.6152
442 896 0.3254
442 897 0.2626
442 898 0.1514
442 900 0.1717
442 901 0.8765
442 903 0.2068
442 905 0.5976
442 907 0.1954
442 908 0.9134
442 909 0.3194
442 911 0.4444
442 912 0.1896
442 913 0.2548
442 914 0.2007
442 915 0.9186
442 918 0.4138
442 919 0.2238
442 920 0.2384
442 921 0.4483
442 922 0.7602
442 924 0.7219
442 928 0.2312
442 929 0.1987
442 930 0.4467
442 933 0.5777
442 934 0.2091
442 935 0.4599
442 936 0.2046
442 938 0.2094
442 940 0.1941
442 941 0.2061
442 942 0.4087
442 943 0.2389
442 946 0.1904
442 947 0.3669
442 951 0.1959
442 952 0.2312
442 953 0.2188
442 954 0.1954
442 955 0.1498
442 956 0.1970
442 958 0.1954
442 959 0.2099
442 960 0.3434
442 961 0.2626
442 962 0.2626
442 963 0.2273
442 964 0.7468
442 965 0.1675
442 966 0.2049
442 967 0.1880
442 968 0.7932
442 971 0.1814
442 972 0.1987
442 973 0.1759
442 974 0.2296
442 975 0.2626
442 976 0.1960
442 977 0.2626
442 978 0.2312
442 979 0.6262
442 980 0.1959
442 981 0.2251
442 983 0.1610
442 984 0.3331
442 986 0.3245
442 987 0.2258
442 989 0.5243
442 990 0.1838
442 992 0.2312
442 993 0.8344
442 994 0.9331
442 995 0.3484
442 996 0.1987
442 999 0.2147
442 1001 0.2312
442 1002 0.1720
442 1003 0.4927
442 1004 0.1967
442 1006 0.2312
442 1007 0.2014
442 1008 0.2184
442 1010 0.1827
442 1013 0.1917
442 1014 0.2254
442 1015 0.1763
442 1016 0.5385
442 1017 0.7866
442 1018 0.1987
442 1019 0.1917
442 1020 0.7879
442 1022 0.4138
442 1024 0.3281
442 1025 0.2312
442 1026 0.1753
442 1027 0.1669
442 1029 0.4245
442 1030 0.8415
442 1032 0.1954
442 1033 0.2312
442 1035 0.1879
442 1036 0.1971
442 1037 0.7410
442 1040 0.1957
442 1041 0.2159
442 1042 0.1987
442 1043 0.1778
442 1045 0.7610
442 1046 0.1827
442 1047 0.2920
442 1048 0.2195
442 1049 0.4239
442 1050 0.4745
442 1052 0.1954
442 1053 0.1604
442 1055 0.2626
442 1056 0.1642
442 1057 0.2312
442 1058 0.1882
442 1059 0.1846
442 1060 0.1596
442 1061 0.2322
442 1062 0.1880
442 1063 0.2144
442 1065 0.3530
442 1066 0.6901
442 1067 0.5210
442 1068 0.5363
442 1069 0.4316
442 1070 0.2094
442 1072 0.1896
442 1075 0.5392
442 1076 0.1917
442 1077 0.1792
442 1079 0.1831
442 1080 0.7468
442 1081 0.2361
442 1082 0.6882
442 1083 0.3476
442 1084 0.1954
442 1087 0.2312
442 1089 0.7753
442 1090 0.4942
442 1093 0.3873
442 1094 0.3699
442 1095 0.1880
442 1096 0.1921
442 1097 0.1954
442 1099 0.2100
442 1102 0.1892
442 1103 0.4696
442 1104 0.8342
442 1105 0.4383
442 1106 0.2368
442 1107 0.3341
442 1108 0.4698
442 1110 0.1954
442 1111 0.1863
442 1113 0.1792
442 1115 0.1917
442 1116 0.5275
442 1117 0.1747
442 1118 0.6773
442 1119 0.1880
442 1122 0.2312
442 1123 0.2061
442 1125 0.4684
442 1126 0.2312
442 1127 0.2005
442 1128 0.5812
442 1129 0.1785
442 1130 0.5496
442 1134 0.1987
442 1135 0.2420
442 1138 0.4445
442 1141 0.4548
442 1142 0.2538
442 1146 0.2626
442 1147 0.2602
442 1150 0.3396
442 1151 0.2015
442 1152 0.7858
442 1153 0.5100
442 1154 0.5856
442 1157 0.2046
442 1158 0.2091
442 1160 0.1955
442 1161 0.1987
442 1162 0.7616
442 1163 0.1592
442 1165 0.2245
442 1166 0.4425
442 1167 0.2507
442 1169 0.5712
442 1172 0.1987
442 1176 0.7894
442 1177 0.1987
442 1180 0.5461
442 1182 0.4153
442 1185 0.5002
442 1186 0.4167
442 1187 0.4189
442 1188 0.1880
442 1189 0.2251
442 1193 0.5461
442 1194 0.1812
442 1195 0.2184
442 1196 0.2877
442 1199 0.2250
442 1200 0.7497
442 1201 0.2312
442 1202 0.7599
442 1203 0.3296
442 1204 0.4738
442 1205 0.2312
442 1206 0.2196
442 1208 0.5824
442 1209 0.5848
442 1210 0.7984
442 1211 0.7882
442 1212 0.2061
442 1213 0.7121
442 1216 0.4254
442 1217 0.7731
442 1218 0.5134
442 1219 0.2842
442 1220 0.1987
442 1221 0.7859
442 1223 0.6718
442 1225 0.8955
442 1226 0.8139
442 1227 0.6565
442 1228 0.1954
442 1229 0.6284
442 1230 0.1954
442 1231 0.7472
442 1235 0.4715
442 1236 0.1987
442 1237 0.2312
442 1238 0.1987
442 1240 0.8255
442 1241 0.4657
442 1242 0.8883
442 1244 0.1954
442 1247 0.8952
442 1248 0.2039
442 1249 0.2626
442 1250 0.5287
442 1251 0.6079
442 1252 0.6511
442 1253 0.1880
442 1254 0.1917
442 1256 0.2193
442 1257 0.1987
442 1258 0.1913
442 1259 0.2312
442 1260 0.2465
442 1262 0.6726
442 1263 0.1649
442 1265 0.2056
442 1266 0.2251
442 1267 0.1987
442 1269 0.2450
442 1270 0.1840
442 1271 0.2262
442 1272 0.1917
442 1274 0.1987
442 1275 0.2117
442 1276 0.2063
442 1278 0.1917
442 1279 0.2125
442 1280 0.2157
442 1281 0.1792
442 1282 0.1987
442 1283 0.1996
442 1284 0.1812
442 1286 0.1923
442 1287 0.1649
442 1288 0.1954
442 1289 0.1499
442 1291 0.3442
442 1292 0.1894
442 1293 0.1812
442 1296 0.3500
442 1298 0.1744
442 1299 0.2093
442 1300 0.1987
442 1301 0.1765
442 1303 0.2027
442 1304 0.2312
442 1305 0.1874
442 1306 0.1610
442 1308 0.2297
442 1309 0.2312
442 1310 0.1883
442 1311 0.2626
442 1313 0.1954
442 1315 0.1880
442 1316 0.2054
442 1322 0.1675
442 1323 0.7199
442 1326 0.2061
442 1327 0.1987
442 1329 0.2312
442 1330 0.5980
442 1331 0.8516
442 1333 0.2078
442 1335 0.5376
442 1336 0.1809
442 1337 0.1959
442 1339 0.5819
442 1340 0.5144
442 1342 0.9029
442 1343 0.1959
442 1344 0.4864
442 1346 0.6056
442 1348 0.1954
442 1349 0.3973
442 1350 0.2312
442 1353 0.2626
442 1355 0.3298
442 1356 0.1954
442 1360 0.8461
442 1361 0.6767
442 1362 0.2091
442 1363 0.1954
442 1364 0.2038
442 1367 0.8636
442 1368 0.2061
442 1369 0.9147
442 1370 0.8893
442 1372 0.6039
442 1374 0.1987
442 1376 0.1954
442 1377 0.1987
442 1379 0.3168
442 1380 0.2312
442 1381 0.1987
442 1384 0.2626
442 1386 0.2099
442 1387 0.1684
442 1388 0.1850
442 1389 0.2116
442 1390 0.1917
442 1393 0.2626
442 1394 0.1987
442 1395 0.1987
442 1396 0.5957
442 1397 0.1954
442 1398 0.2269
442 1401 0.1917
442 1402 0.2123
