414 1397 0.2367
414 1398 0.1975
414 1401 0.2691
414 1402 0.2420
414 1405 0.2061
414 1406 0.2301
414 1408 0.2036
414 1409 0.1799
414 1411 0.2005
414 1412 0.1782
414 1415 0.1782
414 1416 0.2466
414 1418 0.2136
414 1419 0.2556
414 1421 0.1484
414 1423 0.1964
414 1424 0.1805
414 1425 0.3106
414 1426 0.1607
414 1427 0.1886
414 1428 0.2088
414 1431 0.1881
414 1434 0.2176
414 1435 0.2054
414 1436 0.2061
414 1437 0.1600
414 1438 0.1631
414 1439 0.2037
414 1440 0.1901
414 1441 0.1191
414 1445 0.2537
414 1446 0.1794
414 1448 0.2005
414 1449 0.2691
414 1451 0.1805
414 1452 0.1975
414 1453 0.2005
414 1456 0.2127
414 1457 0.2061
414 1458 0.2691
414 1460 0.1909
414 1462 0.2442
414 1463 0.1944
414 1464 0.1989
414 1465 0.2005
414 1466 0.1540
414 1472 0.2375
414 1473 0.2691
414 1476 0.2005
414 1477 0.2061
414 1479 0.1767
414 1482 0.2005
414 1484 0.1974
414 1485 0.2113
414 1490 0.2005
414 1491 0.1786
414 1493 0.1670
414 1494 0.2535
414 1497 0.2005
414 1499 0.2005
414 1500 0.1809
414 1503 0.2059
414 1504 0.2121
414 1505 0.1782
414 1506 0.2005
414 1507 0.1805
414 1508 0.1805
414 1510 0.1805
414 1512 0.1782
414 1513 0.1905
414 1516 0.3474
414 1517 0.2336
414 1518 0.1902
414 1519 0.1937
414 1520 0.2027
414 1522 0.1964
414 1523 0.2088
414 1525 0.1557
414 1526 0.1316
414 1527 0.1906
414 1529 0.3481
414 1530 0.1662
414 1532 0.1724
414 1534 0.2005
414 1535 0.1805
414 1536 0.2298
414 1538 0.1681
414 1540 0.2088
414 1541 0.2640
414 1542 0.1769
414 1544 0.1808
414 1545 0.1805
414 1547 0.1534
414 1548 0.1905
414 1549 0.2348
414 1551 0.1718
414 1554 0.1782
414 1555 0.1805
414 1566 0.1484
414 1567 0.2248
414 1568 0.1427
414 1570 0.2136
414 1571 0.2017
414 1573 0.2151
414 1574 0.2005
414 1577 0.1805
414 1578 0.1805
414 1580 0.1839
414 1581 0.1805
414 1582 0.2061
414 1583 0.1805
414 1585 0.1730
414 1588 0.1968
414 1591 0.2046
414 1592 0.1923
414 1593 0.1999
414 1595 0.1890
414 1596 0.2046
414 1598 0.1782
414 1599 0.2691
414 1601 0.2005
414 1603 0.2928
414 1604 0.1805
414 1606 0.2751
414 1608 0.3664
414 1609 0.1606
414 1610 0.1947
414 1611 0.2005
414 1613 0.3345
414 1614 0.2088
414 1616 0.2691
414 1618 0.2674
414 1619 0.2944
414 1621 0.2662
414 1622 0.2145
414 1623 0.2049
414 1624 0.2018
414 1626 0.2578
414 1628 0.1805
414 1629 0.2336
414 1630 0.1923
414 1632 0.2336
414 1633 0.1953
414 1634 0.2205
414 1636 0.2432
414 1637 0.2063
414 1639 0.2088
414 1640 0.2029
414 1641 0.1815
414 1642 0.1782
414 1643 0.2005
414 1646 0.2177
414 1647 0.2691
414 1649 0.1805
414 1650 0.1805
414 1652 0.2088
414 1653 0.2083
414 1654 0.2134
414 1655 0.1782
414 1660 0.1986
414 1661 0.1782
414 1662 0.1923
414 1663 0.1897
414 1664 0.2420
414 1666 0.2005
414 1667 0.2368
414 1668 0.1735
414 1669 0.1932
414 1673 0.2691
414 1674 0.1542
414 1675 0.1805
414 1676 0.2061
414 1678 0.1904
414 1679 0.2293
414 1681 0.2088
414 1682 0.1974
414 1683 0.2144
414 1684 0.1805
414 1685 0.1782
414 1686 0.2061
414 1687 0.1734
414 1688 0.1782
414 1689 0.2228
414 1691 0.2026
414 1692 0.2152
414 1693 0.1560
414 1694 0.1976
414 1697 0.1680
414 1699 0.1277
414 1700 0.1955
414 1701 0.1504
414 1702 0.1116
414 1705 0.1826
414 1706 0.1901
414 1707 0.1923
414 1708 0.2131
414 1709 0.1986
414 1711 0.1448
414 1712 0.2121
414 1713 0.1879
414 1714 0.2486
414 1715 0.1893
414 1717 0.2271
414 1718 0.1884
414 1719 0.1805
414 1726 0.2005
414 1728 0.1512
415 418 0.1538
415 419 0.2079
415 420 0.2079
415 421 0.2079
415 423 0.1657
415 424 0.1597
415 425 0.1916
415 427 0.1747
415 428 0.2430
415 431 0.1495
415 432 0.1629
415 433 0.1625
415 434 0.2319
415 436 0.1654
415 438 0.2131
415 439 0.1800
415 441 0.1534
415 442 0.2232
415 445 0.1407
415 447 0.2103
415 448 0.1687
415 449 0.2061
415 450 0.1562
415 451 0.1558
415 452 0.1908
415 453 0.1512
415 454 0.2138
415 455 0.2012
415 456 0.2079
415 457 0.1720
415 458 0.1484
415 459 0.7039
415 460 0.1889
415 461 0.8503
415 462 0.1747
415 463 0.6150
415 464 0.1667
415 465 0.1941
415 466 0.2048
415 467 0.1539
415 468 0.1589
415 470 0.1920
415 471 0.1948
415 472 0.1903
415 474 0.1629
415 475 0.1703
415 476 0.2183
415 478 0.6163
415 479 0.1747
415 480 0.1633
415 481 0.1544
415 482 0.1629
415 484 0.1824
415 485 0.1639
415 487 0.2079
415 488 0.1912
415 489 0.1596
415 490 0.1535
415 491 0.1635
415 492 0.1747
415 493 0.1517
415 494 0.1629
415 495 0.1905
415 496 0.1546
415 497 0.1619
415 498 0.1984
415 499 0.1566
415 500 0.2076
415 501 0.1957
415 502 0.1518
415 503 0.1747
415 504 0.1659
415 505 0.1776
415 506 0.1876
415 507 0.1941
415 508 0.1747
415 509 0.1744
415 511 0.9852
415 513 0.1485
415 514 0.2081
415 515 0.2018
415 516 0.1587
415 517 0.1982
415 518 0.5471
415 519 0.2076
415 520 0.1525
415 521 0.1917
415 522 0.1798
415 523 0.2027
415 526 0.1657
415 527 0.2231
415 528 0.1917
415 530 0.1629
415 531 0.1442
415 534 0.1514
415 535 0.1518
415 536 0.1946
415 537 0.1627
415 538 0.2076
415 539 0.1747
415 540 0.2053
415 541 0.1754
415 542 0.1843
415 543 0.7151
415 544 0.1556
415 545 0.1533
415 546 0.1720
415 547 0.1720
415 548 0.1838
415 549 0.7182
415 551 0.2079
415 552 0.1787
415 553 0.1959
415 554 0.1591
415 555 0.1784
415 556 0.2079
415 558 0.1945
415 559 0.1747
415 560 0.2003
415 561 0.1553
415 562 0.1623
415 563 0.2024
415 564 0.1486
415 565 0.1531
415 568 0.2027
415 569 0.2091
415 570 0.1528
415 571 0.3768
415 572 0.2222
415 573 0.1562
415 574 0.1876
415 575 0.1744
415 576 0.1905
415 577 0.1608
415 578 0.1971
415 579 0.2156
415 581 0.1728
415 582 0.1937
415 583 0.1903
415 584 0.1884
415 585 0.1965
415 587 0.2018
415 589 0.1975
415 590 0.2113
415 592 0.1718
415 593 0.1565
415 594 0.1564
415 599 0.1910
415 600 0.1662
415 601 0.1623
415 602 0.1683
415 605 0.2076
415 606 0.1747
415 607 0.1387
415 608 0.1438
415 609 0.1585
415 610 0.1642
415 612 0.1477
415 613 0.2005
415 614 0.1809
415 617 0.1503
415 618 0.1635
415 619 0.2102
415 621 0.1498
415 622 0.6782
415 623 0.1684
415 625 0.8917
415 626 0.1957
415 627 0.2042
415 628 0.1871
415 629 0.1965
415 631 0.1411
415 632 0.1923
415 633 0.1917
415 634 0.1959
415 635 0.1973
415 636 0.2076
415 637 0.1801
415 638 0.1798
415 639 0.2157
415 640 0.1609
415 641 0.1899
415 642 0.1768
415 643 0.8686
415 644 0.1635
415 645 0.1648
415 646 0.1998
415 648 0.1902
415 649 0.1581
415 650 0.1530
415 651 0.1921
415 652 0.1476
415 653 0.1604
415 655 0.1839
415 656 0.1561
415 657 0.1761
415 658 0.1562
415 659 0.1959
415 660 0.1596
415 661 0.1644
415 662 0.1856
415 663 0.2076
415 664 0.1649
415 666 0.1673
415 668 0.1609
415 669 0.1629
415 671 0.1760
415 672 0.1510
415 673 0.1514
415 674 0.1573
415 676 0.8448
415 677 0.1629
415 678 0.1732
415 679 0.1914
415 680 0.1577
415 683 0.1747
415 684 0.1869
415 685 0.1931
415 686 0.2079
415 687 0.2079
415 688 0.1809
415 689 0.2306
415 690 0.1518
415 691 0.9106
415 692 0.1810
415 693 0.1570
415 694 0.1469
415 695 0.2288
415 696 0.1707
415 697 0.1722
415 698 0.2063
415 699 0.1591
415 700 0.2067
415 702 0.1899
415 703 0.1997
415 704 0.1878
415 705 0.1690
415 706 0.2059
415 707 0.2063
415 708 0.1596
415 709 0.2123
415 710 0.1604
415 711 0.2113
415 712 0.1576
415 713 0.1713
415 714 0.1744
415 716 0.2076
415 717 0.1594
415 718 0.1663
415 721 0.1878
415 722 0.1958
415 723 0.1596
415 724 0.1629
415 726 0.1968
415 727 0.1747
415 728 0.1332
415 729 0.2013
415 731 0.1977
415 732 0.1785
415 733 0.1720
415 734 0.1719
415 735 0.1770
415 736 0.2252
415 737 0.1478
415 738 0.1518
415 740 0.1933
415 741 0.2392
415 742 0.1662
415 743 0.1564
415 744 0.1908
415 745 0.1476
415 746 0.7070
415 747 0.2076
415 748 0.2197
415 750 0.1467
415 751 0.1565
415 752 0.2074
415 753 0.1732
415 754 0.1629
415 755 0.1878
415 756 0.1603
415 758 0.1808
415 759 0.1767
415 760 0.1589
415 761 0.1979
415 762 0.1706
415 763 0.2453
415 764 0.1604
415 766 0.1516
415 767 0.1596
415 768 0.2203
415 769 0.1446
415 770 0.9041
415 771 0.2051
415 772 0.1720
415 773 0.2079
415 775 0.3383
415 776 0.1882
415 777 0.1795
415 778 0.1726
415 780 0.1619
415 781 0.1629
415 782 0.1882
415 783 0.6235
415 784 0.1427
415 785 0.1709
415 786 0.2119
415 787 0.1575
415 789 0.2011
415 792 0.1570
415 793 0.1897
415 794 0.2195
415 796 0.1798
415 797 0.1744
415 799 0.1448
415 801 0.1539
415 802 0.1629
415 803 0.2133
415 804 0.2182
415 805 0.2016
415 806 0.1843
415 807 0.2076
415 808 0.2167
415 809 0.1766
415 810 0.1539
415 811 0.2013
415 813 0.1576
415 814 0.1536
415 815 0.1526
415 816 0.1770
415 817 0.1480
415 818 0.1497
415 819 0.1535
415 820 0.2076
415 821 0.1555
415 822 0.1536
415 823 0.2042
415 824 0.1596
415 825 0.1942
415 827 0.2031
415 828 0.1809
415 829 0.1747
415 830 0.1512
415 831 0.2016
415 832 0.2064
415 833 0.1867
415 834 0.1667
415 835 0.6152
415 836 0.2146
415 838 0.1868
415 839 0.1809
415 840 0.1596
415 841 0.5454
415 842 0.1720
415 843 0.1595
415 845 0.1813
415 846 0.1407
415 848 0.6773
415 849 0.1997
415 851 0.2259
415 853 0.1614
415 855 0.2076
415 856 0.1747
415 858 0.1959
415 860 0.1579
415 861 0.1715
415 862 0.1747
415 864 0.1868
415 865 0.1839
415 866 0.7494
415 867 0.1701
415 868 0.1965
415 869 0.2030
415 870 0.1956
415 871 0.2038
415 872 0.2219
415 876 0.1986
415 877 0.1629
415 878 0.1744
415 880 0.1768
415 881 0.1770
415 882 0.1708
415 883 0.1935
415 884 0.1747
415 885 0.1688
415 886 0.1575
415 887 0.1870
415 888 0.1485
415 889 0.1484
415 890 0.6496
415 891 0.2484
415 893 0.1812
415 894 0.1726
415 895 0.1676
415 896 0.1720
415 897 0.2079
415 898 0.1934
415 900 0.1565
415 901 0.1929
415 903 0.2008
415 905 0.1760
415 907 0.1747
415 908 0.1564
415 909 0.1864
415 911 0.1720
415 912 0.1565
415 913 0.2123
415 914 0.1702
415 915 0.2008
415 918 0.1837
415 919 0.1648
415 920 0.6309
415 921 0.1965
415 922 0.1929
415 924 0.1668
415 928 0.2076
415 929 0.1720
415 930 0.1391
415 933 0.1754
415 934 0.1809
415 935 0.1940
415 936 0.1839
415 938 0.1760
415 940 0.1642
415 941 0.1754
415 942 0.1633
415 943 0.2265
415 946 0.1560
415 947 0.1924
415 951 0.1657
415 952 0.2076
415 953 0.2137
415 954 0.1747
415 955 0.1382
415 956 0.1626
415 958 0.1747
415 959 0.1798
415 960 0.2175
415 961 0.2079
415 962 0.2079
415 963 0.1945
415 964 0.1629
415 965 0.1485
415 966 0.1720
415 967 0.1629
415 968 0.2231
415 971 0.1647
415 972 0.1720
415 973 0.1570
415 974 0.2161
415 975 0.2079
415 976 0.1938
415 977 0.2079
415 978 0.2076
415 979 0.1924
415 980 0.1657
415 981 0.1973
415 983 0.1528
415 984 0.1672
415 986 0.1777
415 987 0.1826
415 989 0.1776
415 990 0.9210
415 992 0.2076
415 993 0.2124
415 994 0.2135
415 995 0.1870
415 996 0.1720
415 999 0.1863
415 1001 0.2076
415 1002 0.1966
415 1003 0.2305
415 1004 0.1916
415 1006 0.2076
415 1007 0.1952
415 1008 0.1856
415 1010 0.1510
415 1013 0.1596
415 1014 0.2147
415 1015 0.1581
415 1016 0.1906
415 1017 0.1684
415 1018 0.1720
415 1019 0.6933
415 1020 0.1891
415 1022 0.1777
415 1024 0.1682
415 1025 0.2076
415 1026 0.1467
415 1027 0.9456
415 1029 0.1890
415 1030 0.1945
415 1032 0.1747
415 1033 0.2076
415 1035 0.1636
415 1036 0.1948
415 1037 0.2109
415 1040 0.1625
415 1041 0.1893
415 1042 0.1800
415 1043 0.1584
415 1045 0.1887
415 1046 0.1633
415 1047 0.1553
415 1048 0.2086
415 1049 0.1887
415 1050 0.1810
415 1052 0.1747
415 1053 0.1458
415 1055 0.2079
415 1056 0.1495
415 1057 0.2076
415 1058 0.1609
415 1059 0.1643
415 1060 0.1730
415 1061 0.2000
415 1062 0.1629
415 1063 0.1799
415 1065 0.1508
415 1066 0.2348
415 1067 0.2277
415 1068 0.1935
415 1069 0.1856
415 1070 0.1870
415 1072 0.1565
415 1075 0.1802
415 1076 0.1596
415 1077 0.1576
415 1079 0.1574
415 1080 0.1629
415 1081 0.1502
415 1082 0.1791
415 1083 0.1910
415 1084 0.1747
415 1087 0.2076
415 1089 0.1739
415 1090 0.2056
415 1093 0.1576
415 1094 0.7217
415 1095 0.1629
415 1096 0.1651
415 1097 0.4853
415 1099 0.1605
415 1102 0.1635
415 1103 0.1836
415 1104 0.1854
415 1105 0.1565
415 1106 0.2019
415 1107 0.1722
415 1108 0.2042
415 1110 0.1747
415 1111 0.1681
415 1113 0.1576
415 1115 0.1596
415 1116 0.1838
415 1117 0.1649
415 1118 0.1670
415 1119 0.1629
415 1122 0.2076
415 1123 0.1754
415 1125 0.2062
415 1126 0.2076
415 1127 0.7070
415 1128 0.1761
415 1129 0.1587
415 1130 0.1591
415 1134 0.1720
415 1135 0.2353
415 1138 0.1913
415 1141 0.1657
415 1142 0.1720
415 1146 0.2079
415 1147 0.1591
415 1150 0.1669
415 1151 0.1691
415 1152 0.2616
415 1153 0.1914
415 1154 0.1957
415 1157 0.1839
415 1158 0.1809
415 1160 0.1734
415 1161 0.1720
415 1162 0.1758
415 1163 0.1915
415 1165 0.1959
415 1166 0.1754
415 1167 0.7933
415 1169 0.1504
415 1172 0.1720
415 1176 0.1840
415 1177 0.1720
415 1180 0.1934
415 1182 0.1656
415 1185 0.1581
415 1186 0.1582
415 1187 0.2034
415 1188 0.1629
415 1189 0.1973
415 1193 0.1923
415 1194 0.1591
415 1195 0.1856
415 1196 0.1559
415 1199 0.7404
415 1200 0.1740
415 1201 0.2076
415 1202 0.1643
415 1203 0.1560
415 1204 0.1964
415 1205 0.2076
415 1206 0.2002
415 1208 0.2245
415 1209 0.1720
415 1210 0.1863
415 1211 0.2680
415 1212 0.1754
415 1213 0.1741
415 1216 0.1747
415 1217 0.1833
415 1218 0.1718
415 1219 0.1629
415 1220 0.1720
415 1221 0.1997
415 1223 0.1614
415 1225 0.2182
415 1226 0.2097
415 1227 0.1573
415 1228 0.1747
415 1229 0.1744
415 1230 0.1747
415 1231 0.1529
415 1235 0.1856
415 1236 0.1720
415 1237 0.1584
415 1238 0.1720
415 1240 0.2030
415 1241 0.1657
415 1242 0.2469
415 1244 0.1747
415 1247 0.2162
415 1248 0.1744
415 1249 0.2079
415 1250 0.1660
415 1251 0.1839
415 1252 0.2026
415 1253 0.4172
415 1254 0.1596
415 1256 0.1945
415 1257 0.1720
415 1258 0.1673
415 1259 0.2076
415 1260 0.2318
415 1262 0.1719
415 1263 0.1452
415 1265 0.1677
415 1266 0.1973
415 1267 0.1720
415 1269 0.2082
415 1270 0.1656
415 1271 0.1802
415 1272 0.1596
415 1274 0.1720
415 1275 0.1834
415 1276 0.1842
415 1278 0.1596
415 1279 0.1917
415 1280 0.1813
415 1281 0.1453
415 1282 0.1720
415 1283 0.1967
415 1284 0.1509
415 1286 0.1746
415 1287 0.1445
415 1288 0.1747
415 1289 0.1344
415 1291 0.1590
415 1292 0.2017
415 1293 0.1591
415 1296 0.1720
415 1298 0.1916
415 1299 0.1920
415 1300 0.1720
415 1301 0.1574
415 1303 0.1984
415 1304 0.2076
415 1305 0.1698
415 1306 0.1528
415 1308 0.1878
415 1309 0.2076
415 1310 0.1615
415 1311 0.2079
415 1313 0.1747
415 1315 0.1629
415 1316 0.1965
415 1322 0.1497
415 1323 0.1655
415 1326 0.1754
415 1327 0.1720
415 1329 0.2076
415 1330 0.1585
415 1331 0.1587
415 1333 0.1770
415 1335 0.1742
415 1336 0.1614
415 1337 0.1657
415 1339 0.1541
415 1340 0.1552
415 1342 0.2070
415 1343 0.1657
415 1344 0.1802
415 1346 0.1682
415 1348 0.1747
415 1349 0.1838
415 1350 0.2076
415 1353 0.2079
415 1355 0.1527
415 1356 0.1747
415 1360 0.1765
415 1361 0.1622
415 1362 0.1809
415 1363 0.1747
415 1364 0.1695
415 1367 0.2269
415 1368 0.1754
415 1369 0.2374
415 1370 0.2230
415 1372 0.1664
415 1374 0.1720
415 1376 0.1747
415 1377 0.1720
415 1379 0.1629
415 1380 0.2076
415 1381 0.1720
415 1384 0.2079
415 1386 0.1798
415 1387 0.1548
415 1388 0.1645
415 1389 0.1750
415 1390 0.1596
415 1393 0.2079
415 1394 0.1747
415 1395 0.1720
415 1396 0.1834
415 1397 0.3892
415 1398 0.4610
415 1401 0.1596
415 1402 0.1802
415 1405 0.3131
415 1406 0.1867
415 1408 0.1496
415 1409 0.1662
415 1411 0.1747
415 1412 0.1720
415 1415 0.1720
415 1416 0.1622
415 1418 0.1615
415 1419 0.1919
415 1421 0.1771
415 1423 0.1973
415 1424 0.2076
415 1425 0.1754
415 1426 0.1751
415 1427 0.1886
415 1428 0.2079
415 1431 0.1905
415 1434 0.2222
415 1435 0.2054
415 1436 0.1629
415 1437 0.1894
415 1438 0.1396
415 1439 0.1751
415 1440 0.1901
415 1441 0.1982
415 1445 0.1512
415 1446 0.1527
415 1448 0.1747
415 1449 0.1596
415 1451 0.2076
415 1452 0.1984
415 1453 0.1747
415 1456 0.1878
415 1457 0.1629
415 1458 0.1596
415 1460 0.1547
415 1462 0.1612
415 1463 0.1679
415 1464 0.1678
415 1465 0.1747
415 1466 0.1556
415 1472 0.1629
415 1473 0.1596
415 1476 0.1747
415 1477 0.1629
415 1479 0.1813
415 1482 0.1747
415 1484 0.1554
415 1485 0.1709
415 1490 0.1747
415 1491 0.1672
415 1493 0.3416
415 1494 0.1651
415 1497 0.1747
415 1499 0.1747
415 1500 0.1843
415 1503 0.2114
415 1504 0.1856
415 1505 0.1720
415 1506 0.1747
415 1507 0.2076
415 1508 0.2076
415 1510 0.2076
415 1512 0.1720
415 1513 0.1686
415 1516 0.1929
415 1517 0.1809
415 1518 0.1873
415 1519 0.1937
415 1520 0.2027
415 1522 0.1391
415 1523 0.2079
415 1525 0.1738
415 1526 0.2072
415 1527 0.1399
415 1529 0.2799
415 1530 0.1955
415 1532 0.1497
415 1534 0.1747
415 1535 0.2076
415 1536 0.1772
415 1538 0.1882
415 1540 0.2079
415 1541 0.1565
415 1542 0.1590
415 1544 0.1518
415 1545 0.2076
415 1547 0.2034
415 1548 0.1523
415 1549 0.1589
415 1551 0.1499
415 1554 0.1720
415 1555 0.2076
415 1566 0.1510
415 1567 0.1719
415 1568 0.1579
415 1570 0.1615
415 1571 0.2233
415 1573 0.1657
415 1574 0.1747
415 1577 0.2076
415 1578 0.2076
415 1580 0.1630
415 1581 0.2076
415 1582 0.1629
415 1583 0.2076
415 1585 0.1752
415 1588 0.1614
415 1591 0.1544
415 1592 0.1657
415 1593 0.1747
415 1595 0.1655
415 1596 0.1751
415 1598 0.1720
415 1599 0.1596
415 1601 0.1747
415 1603 0.1689
415 1604 0.2076
415 1606 0.1882
415 1608 0.2608
415 1609 0.1626
415 1610 0.1545
415 1611 0.1747
415 1613 0.2461
415 1614 0.2079
415 1616 0.1596
415 1618 0.2062
415 1619 0.1842
415 1621 0.2273
415 1622 0.2145
415 1623 0.1614
415 1624 0.1620
415 1626 0.1770
415 1628 0.2076
415 1629 0.1809
415 1630 0.1657
415 1632 0.1809
415 1633 0.1959
415 1634 0.1697
415 1636 0.1655
415 1637 0.1714
415 1639 0.2079
415 1640 0.6458
415 1641 0.1654
415 1642 0.4751
415 1643 0.1747
415 1646 0.8087
415 1647 0.6782
415 1649 0.2076
415 1650 0.2076
415 1652 0.2079
415 1653 0.1973
415 1654 0.7454
415 1655 0.1720
415 1660 0.8093
415 1661 0.1720
415 1662 0.1657
415 1663 0.1527
415 1664 0.1802
415 1666 0.1747
415 1667 0.3871
415 1668 0.2302
415 1669 0.1657
415 1673 0.1596
415 1674 0.1565
415 1675 0.2076
415 1676 0.1629
415 1678 0.1680
415 1679 0.1504
415 1681 0.2079
415 1682 0.1554
415 1683 0.1879
415 1684 0.2076
415 1685 0.3119
415 1686 0.1629
415 1687 0.1608
415 1688 0.1720
415 1689 0.2305
415 1691 0.1558
415 1692 0.1638
415 1693 0.1566
415 1694 0.1697
415 1697 0.1498
415 1699 0.2049
415 1700 0.1999
415 1701 0.1522
415 1702 0.1945
415 1705 0.1385
415 1706 0.1901
415 1707 0.1923
415 1708 0.1405
415 1709 0.1589
415 1711 0.1967
415 1712 0.2180
415 1713 0.1879
415 1714 0.2047
415 1715 0.1626
415 1717 0.2307
415 1718 0.1499
415 1719 0.2076
415 1726 0.1747
415 1728 0.1549
418 419 0.1517
418 420 0.1517
418 421 0.1517
418 423 0.1855
418 424 0.1453
418 425 0.7946
418 427 0.2857
418 428 0.2233
418 431 0.1474
418 432 0.2022
418 433 0.1855
418 434 0.2404
418 436 0.1799
418 438 0.3572
418 439 0.1898
418 441 0.1575
418 442 0.2447
418 445 0.1455
418 447 0.1688
418 448 0.1538
418 449 0.4225
418 450 0.1503
418 451 0.1634
418 452 0.1908
418 453 0.1492
418 454 0.3476
418 455 0.4799
418 456 0.1517
418 457 0.1862
418 458 0.2796
418 459 0.1668
418 460 0.2148
418 461 0.1773
418 462 0.1865
418 463 0.2991
418 464 0.1672
418 465 0.2097
418 466 0.2068
418 467 0.1725
418 468 0.1504
418 470 0.8433
418 471 0.1641
418 472 0.1903
418 474 0.2022
418 475 0.1930
418 476 0.2001
418 478 0.1605
418 479 0.1865
418 480 0.1488
418 481 0.1720
418 482 0.2022
418 484 0.4875
418 485 0.1683
418 487 0.1517
418 488 0.8242
418 489 0.1662
418 490 0.1650
418 491 0.1598
418 492 0.1865
418 493 0.3821
418 494 0.2022
418 495 0.1979
418 496 0.3989
418 497 0.1638
418 498 0.2003
418 499 0.1526
418 500 0.1526
418 501 0.1979
418 502 0.1615
418 503 0.1865
418 504 0.1857
418 505 0.1750
418 506 0.3079
418 507 0.1941
418 508 0.1845
418 509 0.1642
418 511 0.1772
418 513 0.5880
418 514 0.2281
418 515 0.2004
418 516 0.2415
418 517 0.1710
418 518 0.1862
418 519 0.1526
418 520 0.3023
418 521 0.1911
418 522 0.2439
418 523 0.1730
418 526 0.1855
418 527 0.4677
418 528 0.7426
418 530 0.2022
418 531 0.1469
418 534 0.1627
418 535 0.1674
418 536 0.1946
418 537 0.4645
418 538 0.1526
418 539 0.1865
418 540 0.1494
418 541 0.1941
418 542 0.1616
418 543 0.1862
418 544 0.1492
418 545 0.1454
418 546 0.1862
418 547 0.1862
418 548 0.1835
418 549 0.1862
418 551 0.1517
418 552 0.2071
418 553 0.2011
418 554 0.1967
418 555 0.5578
418 556 0.1517
418 558 0.1691
418 559 0.1331
418 560 0.2003
418 561 0.1799
418 562 0.1654
418 563 0.8646
418 564 0.1483
418 565 0.1559
418 568 0.2080
418 569 0.1737
418 570 0.2469
418 571 0.2027
418 572 0.2199
418 573 0.1563
418 574 0.7636
418 575 0.1864
418 576 0.7573
418 577 0.5548
418 578 0.2003
418 579 0.2455
418 581 0.1729
418 582 0.1945
418 583 0.1892
418 584 0.7979
418 585 0.2248
418 587 0.2060
418 589 0.2767
418 590 0.3333
418 592 0.5247
418 593 0.1603
418 594 0.1577
418 599 0.1968
418 600 0.3501
418 601 0.6543
418 602 0.1615
418 605 0.1526
418 606 0.1865
418 607 0.1458
418 608 0.3848
418 609 0.1560
418 610 0.2736
418 612 0.1403
418 613 0.1776
418 614 0.2227
418 617 0.1613
418 618 0.1453
418 619 0.1861
418 621 0.1606
418 622 0.1662
418 623 0.1605
418 625 0.1887
418 626 0.1957
418 627 0.1614
418 628 0.1879
418 629 0.2248
418 631 0.1734
418 632 0.7797
418 633 0.8180
418 634 0.2011
418 635 0.1930
418 636 0.1526
418 637 0.6153
418 638 0.2439
418 639 0.2142
418 640 0.1568
418 641 0.3285
418 642 0.1906
418 643 0.1725
418 644 0.1452
418 645 0.1755
418 646 0.2694
418 648 0.1902
418 649 0.1438
418 650 0.1868
418 651 0.7363
418 652 0.4047
418 653 0.1716
418 655 0.2009
418 656 0.1605
418 657 0.1599
418 658 0.1555
418 659 0.2011
418 660 0.1662
418 661 0.1662
418 662 0.2121
418 663 0.1526
418 664 0.1814
418 666 0.1908
418 668 0.1568
418 669 0.2022
418 671 0.1853
418 672 0.1547
418 673 0.1598
418 674 0.1513
418 676 0.1747
418 677 0.2022
418 678 0.1947
418 679 0.5866
418 680 0.1773
418 683 0.1865
418 684 0.1874
418 685 0.1920
418 686 0.1517
418 687 0.1517
418 688 0.2227
418 689 0.2373
418 690 0.1615
418 691 0.2139
418 692 0.1408
418 693 0.1587
418 694 0.1483
418 695 0.5190
418 696 0.1871
418 697 0.1835
418 698 0.2063
418 699 0.1967
418 700 0.2056
418 702 0.8009
418 703 0.7770
418 704 0.7884
418 705 0.1611
418 706 0.2068
418 707 0.1789
418 708 0.1662
418 709 0.1967
418 710 0.1587
418 711 0.1989
418 712 0.1564
418 713 0.1578
418 714 0.1642
418 716 0.1526
418 717 0.1497
418 718 0.1800
418 721 0.2257
418 722 0.1958
418 723 0.1662
418 724 0.2022
418 726 0.5189
418 727 0.1865
418 728 0.5414
418 729 0.6399
418 731 0.1994
418 732 0.3991
418 733 0.1862
418 734 0.1548
418 735 0.2027
418 736 0.1341
418 737 0.1555
418 738 0.1542
418 740 0.2059
418 741 0.2338
418 742 0.1613
418 743 0.4713
418 744 0.8184
418 745 0.4324
418 746 0.1862
418 747 0.1526
418 748 0.2215
418 750 0.1747
418 751 0.1603
418 752 0.9216
418 753 0.7258
418 754 0.2022
418 755 0.7882
418 756 0.1641
418 758 0.1831
418 759 0.4370
418 760 0.1747
418 761 0.2102
418 762 0.1586
418 763 0.2806
418 764 0.1733
418 766 0.1581
418 767 0.1662
418 768 0.4661
418 769 0.1589
418 770 0.1749
418 771 0.1815
418 772 0.1862
418 773 0.1517
418 775 0.7579
418 776 0.7488
418 777 0.1575
418 778 0.1844
418 780 0.4614
418 781 0.2022
418 782 0.1842
418 783 0.2507
418 784 0.1398
418 785 0.1704
418 786 0.3480
418 787 0.1695
418 789 0.2096
418 792 0.1675
418 793 0.3551
418 794 0.2191
418 796 0.2439
418 797 0.1930
418 799 0.6789
418 801 0.1932
418 802 0.2022
418 803 0.1954
418 804 0.2185
418 805 0.6815
418 806 0.1616
418 807 0.1526
418 808 0.1740
418 809 0.3144
418 810 0.1490
418 811 0.2013
418 813 0.1502
418 814 0.1553
418 815 0.1700
418 816 0.1853
418 817 0.1482
418 818 0.1649
418 819 0.1565
418 820 0.1526
418 821 0.1543
418 822 0.1687
418 823 0.2061
418 824 0.1662
418 825 0.7767
418 827 0.7152
418 828 0.2227
418 829 0.1865
418 830 0.4431
418 831 0.7024
418 832 0.4335
418 833 0.1918
418 834 0.1840
418 835 0.1727
418 836 0.3199
418 838 0.7482
418 839 0.2227
418 840 0.1662
418 841 0.2096
418 842 0.1862
418 843 0.1867
418 845 0.1836
418 846 0.3609
418 848 0.1554
418 849 0.6825
418 851 0.9301
418 853 0.1521
418 855 0.1526
418 856 0.1865
418 858 0.2011
418 860 0.1598
418 861 0.1671
418 862 0.1865
418 864 0.8032
418 865 0.1650
418 866 0.1913
418 867 0.1610
418 868 0.2248
418 869 0.1717
418 870 0.7435
418 871 0.1567
418 872 0.2236
418 876 0.1977
418 877 0.2022
418 878 0.1930
418 880 0.1879
418 881 0.1349
418 882 0.2279
418 883 0.6006
418 884 0.1865
418 885 0.1721
418 886 0.3285
418 887 0.7690
418 888 0.1512
418 889 0.1711
418 890 0.2439
418 891 0.3512
418 893 0.2274
418 894 0.1536
418 895 0.5359
418 896 0.1862
418 897 0.1517
418 898 0.1934
418 900 0.1485
418 901 0.1712
418 903 0.2064
418 905 0.1803
418 907 0.1865
418 908 0.1579
418 909 0.7478
418 911 0.1862
418 912 0.1603
418 913 0.1967
418 914 0.1757
418 915 0.2283
418 918 0.4338
418 919 0.3088
418 920 0.2424
418 921 0.7750
418 922 0.1983
418 924 0.3571
418 928 0.1526
418 929 0.1862
418 930 0.5714
418 933 0.1941
418 934 0.2227
418 935 0.7799
418 936 0.1650
418 938 0.1803
418 940 0.1806
418 941 0.1941
418 942 0.5947
418 943 0.2114
418 946 0.3917
418 947 0.7512
418 951 0.1855
418 952 0.1526
418 953 0.2136
418 954 0.1865
418 955 0.1389
418 956 0.1785
418 958 0.1865
418 959 0.2439
418 960 0.4218
418 961 0.1517
418 962 0.1517
418 963 0.1691
418 964 0.2022
418 965 0.1679
418 966 0.1662
418 967 0.2022
418 968 0.2241
418 971 0.1743
418 972 0.1862
418 973 0.1652
418 974 0.2220
418 975 0.1517
418 976 0.1963
418 977 0.1517
418 978 0.1526
418 979 0.8587
418 980 0.1855
418 981 0.1930
418 983 0.1709
418 984 0.3400
418 986 0.4011
418 987 0.1790
418 989 0.1861
418 990 0.1641
418 992 0.1526
418 993 0.9125
418 994 0.2138
418 995 0.7551
418 996 0.1862
418 999 0.2023
418 1001 0.1526
418 1002 0.1966
418 1003 0.2300
418 1004 0.1919
418 1006 0.1526
418 1007 0.1952
418 1008 0.2121
418 1010 0.1656
418 1013 0.1662
418 1014 0.1812
418 1015 0.1623
418 1016 0.5976
418 1017 0.1711
418 1018 0.1862
418 1019 0.1662
418 1020 0.4905
418 1022 0.3203
418 1024 0.5056
418 1025 0.1526
418 1026 0.1600
418 1027 0.1604
418 1029 0.7985
418 1030 0.2173
418 1032 0.1865
418 1033 0.1526
418 1035 0.1652
418 1036 0.1938
418 1037 0.3399
418 1040 0.1383
418 1041 0.1673
418 1042 0.1818
418 1043 0.1837
418 1045 0.1880
418 1046 0.1592
418 1047 0.3439
418 1048 0.2023
418 1049 0.7679
418 1050 0.6559
418 1052 0.1865
418 1053 0.1522
418 1055 0.1517
418 1056 0.1549
418 1057 0.1526
418 1058 0.1357
418 1059 0.1498
418 1060 0.1551
418 1061 0.2124
418 1062 0.2022
418 1063 0.1998
418 1065 0.2868
418 1066 0.1737
418 1067 0.2107
418 1068 0.8328
418 1069 0.2121
418 1070 0.3816
418 1072 0.1603
418 1075 0.1770
418 1076 0.1662
418 1077 0.1502
418 1079 0.1754
418 1080 0.2022
418 1081 0.1530
418 1082 0.1811
418 1083 0.1922
418 1084 0.3126
418 1087 0.1526
418 1089 0.1821
418 1090 0.6673
418 1093 0.4503
418 1094 0.1507
418 1095 0.2022
418 1096 0.1819
418 1097 0.1865
418 1099 0.1764
418 1102 0.1453
418 1103 0.2056
418 1104 0.1701
418 1105 0.5540
418 1106 0.1945
418 1107 0.1835
418 1108 0.6077
418 1110 0.1865
418 1111 0.1538
418 1113 0.1502
418 1115 0.1662
418 1116 0.1835
418 1117 0.1638
418 1118 0.3877
418 1119 0.2022
418 1122 0.1526
418 1123 0.5125
418 1125 0.5887
418 1126 0.1526
418 1127 0.1862
418 1128 0.1563
418 1129 0.1547
418 1130 0.1759
418 1134 0.1862
418 1135 0.2338
418 1138 0.7863
418 1141 0.7293
418 1142 0.3657
418 1146 0.1517
418 1147 0.3354
418 1150 0.6997
418 1151 0.1631
418 1152 0.2766
418 1153 0.5866
418 1154 0.8512
418 1157 0.1650
418 1158 0.3732
418 1160 0.1550
418 1161 0.1862
418 1162 0.1656
418 1163 0.1915
418 1165 0.2011
418 1166 0.1941
418 1167 0.2240
418 1169 0.5816
418 1172 0.3609
418 1176 0.1761
418 1177 0.1862
418 1180 0.8496
418 1182 0.1794
418 1185 0.4017
418 1186 0.1641
418 1187 0.6759
418 1188 0.2022
418 1189 0.1930
418 1193 0.8033
418 1194 0.3487
418 1195 0.2121
418 1196 0.3145
418 1199 0.2002
418 1200 0.1734
418 1201 0.1526
418 1202 0.1658
418 1203 0.3154
418 1204 0.1925
418 1205 0.1526
418 1206 0.2073
418 1208 0.6148
418 1209 0.1862
418 1210 0.7566
418 1211 0.4481
418 1212 0.5673
418 1213 0.3809
418 1216 0.1865
418 1217 0.1713
418 1218 0.1804
418 1219 0.2022
418 1220 0.2517
418 1221 0.2113
418 1223 0.1684
418 1225 0.2420
418 1226 0.2361
418 1227 0.1729
418 1228 0.3126
418 1229 0.1642
418 1230 0.4983
418 1231 0.1678
418 1235 0.2121
418 1236 0.1862
418 1237 0.1796
418 1238 0.1862
418 1240 0.2324
418 1241 0.1855
418 1242 0.4269
418 1244 0.1865
418 1247 0.1880
418 1248 0.1930
418 1249 0.1517
418 1250 0.1415
418 1251 0.1649
418 1252 0.2124
418 1253 0.2022
418 1254 0.5095
418 1256 0.2124
418 1257 0.1862
418 1258 0.3094
418 1259 0.1526
418 1260 0.2067
418 1262 0.4023
418 1263 0.1475
418 1265 0.4837
418 1266 0.1930
418 1267 0.1862
418 1269 0.1993
418 1270 0.3496
418 1271 0.1785
418 1272 0.1662
418 1274 0.1862
418 1275 0.1841
418 1276 0.1815
418 1278 0.5095
418 1279 0.1530
418 1280 0.1756
418 1281 0.1473
418 1282 0.1862
418 1283 0.1979
418 1284 0.1453
418 1286 0.1706
418 1287 0.1395
418 1288 0.1865
418 1289 0.1379
418 1291 0.1550
418 1292 0.2026
418 1293 0.1967
418 1296 0.1862
418 1298 0.1913
418 1299 0.1446
418 1300 0.1862
418 1301 0.1595
418 1303 0.2005
418 1304 0.1526
418 1305 0.1289
418 1306 0.1709
418 1308 0.2257
418 1309 0.1526
418 1310 0.1354
418 1311 0.1517
418 1313 0.1865
418 1315 0.2022
418 1316 0.1987
418 1322 0.1634
418 1323 0.1754
418 1326 0.1941
418 1327 0.1862
418 1329 0.1526
418 1330 0.3637
418 1331 0.1540
418 1333 0.1853
418 1335 0.3789
418 1336 0.1521
418 1337 0.1855
418 1339 0.1675
418 1340 0.1498
418 1342 0.2849
418 1343 0.1855
418 1344 0.1770
418 1346 0.1727
418 1348 0.1865
418 1349 0.1835
418 1350 0.1526
418 1353 0.1517
418 1355 0.2927
418 1356 0.1865
418 1360 0.2330
418 1361 0.1586
418 1362 0.2227
418 1363 0.1865
418 1364 0.1835
418 1367 0.1738
418 1368 0.1941
418 1369 0.8849
418 1370 0.1862
418 1372 0.1481
418 1374 0.1862
418 1376 0.1865
418 1377 0.1862
418 1379 0.2022
418 1380 0.1526
418 1381 0.4508
418 1384 0.1517
418 1386 0.2439
418 1387 0.1578
418 1388 0.1722
418 1389 0.1805
418 1390 0.1662
418 1393 0.1517
418 1394 0.3214
418 1395 0.1862
418 1396 0.1995
418 1397 0.1805
418 1398 0.1973
418 1401 0.1662
418 1402 0.1770
418 1405 0.2022
418 1406 0.5129
418 1408 0.1504
418 1409 0.1613
418 1411 0.1865
418 1412 0.1862
418 1415 0.1862
418 1416 0.1732
418 1418 0.3673
418 1419 0.6385
418 1421 0.5746
418 1423 0.6452
418 1424 0.1526
418 1425 0.3681
418 1426 0.3340
418 1427 0.7387
418 1428 0.1517
418 1431 0.7249
418 1434 0.9684
418 1435 0.8400
418 1436 0.2022
418 1437 0.7789
418 1438 0.6862
418 1439 0.5042
418 1440 0.8132
418 1441 0.6590
418 1445 0.4739
418 1446 0.3512
418 1448 0.1865
418 1449 0.1662
418 1451 0.1526
418 1452 0.1973
418 1453 0.1865
418 1456 0.2257
418 1457 0.2022
418 1458 0.1662
418 1460 0.1623
418 1462 0.1827
418 1463 0.1494
418 1464 0.1670
418 1465 0.1865
418 1466 0.1492
418 1472 0.1769
418 1473 0.1662
418 1476 0.1865
418 1477 0.2022
418 1479 0.1759
418 1482 0.1865
418 1484 0.1487
418 1485 0.1711
418 1490 0.1865
418 1491 0.1649
418 1493 0.1745
418 1494 0.1783
418 1497 0.1865
418 1499 0.1865
418 1500 0.1616
418 1503 0.1951
418 1504 0.2121
418 1505 0.1862
418 1506 0.1865
418 1507 0.1526
418 1508 0.1526
418 1510 0.1526
418 1512 0.1862
418 1513 0.1659
418 1516 0.2245
418 1517 0.2227
418 1518 0.1675
418 1519 0.1937
418 1520 0.2035
418 1522 0.1457
418 1523 0.1517
418 1525 0.1607
418 1526 0.1891
418 1527 0.1648
418 1529 0.3111
418 1530 0.1951
418 1532 0.1634
418 1534 0.1865
418 1535 0.1526
418 1536 0.1718
418 1538 0.1352
418 1540 0.1517
418 1541 0.1603
418 1542 0.1598
418 1544 0.1666
418 1545 0.1526
418 1547 0.1927
418 1548 0.1440
418 1549 0.1713
418 1551 0.1492
418 1554 0.1862
418 1555 0.1526
418 1566 0.1547
418 1567 0.1580
418 1568 0.1516
418 1570 0.3673
418 1571 0.2055
418 1573 0.1776
418 1574 0.1865
418 1577 0.1526
418 1578 0.1526
418 1580 0.3864
418 1581 0.1526
418 1582 0.3326
418 1583 0.1526
418 1585 0.4166
418 1588 0.1568
418 1591 0.1729
418 1592 0.1855
418 1593 0.1639
418 1595 0.1657
418 1596 0.1553
418 1598 0.1862
418 1599 0.1662
418 1601 0.1865
418 1603 0.1872
418 1604 0.1526
418 1606 0.1846
418 1608 0.2648
418 1609 0.1536
418 1610 0.1483
418 1611 0.1865
418 1613 0.2063
418 1614 0.1517
418 1616 0.1662
418 1618 0.2504
418 1619 0.1848
418 1621 0.2258
418 1622 0.2023
418 1623 0.1521
418 1624 0.1620
418 1626 0.1853
418 1628 0.1526
418 1629 0.2227
418 1630 0.1855
418 1632 0.2227
418 1633 0.2011
418 1634 0.2321
418 1636 0.1754
418 1637 0.1640
418 1639 0.1517
418 1640 0.3954
418 1641 0.2694
418 1642 0.1862
418 1643 0.3141
418 1646 0.1415
418 1647 0.1662
418 1649 0.1526
418 1650 0.1526
418 1652 0.1517
418 1653 0.1930
418 1654 0.1820
418 1655 0.1862
418 1660 0.1588
418 1661 0.1862
418 1662 0.3202
418 1663 0.1586
418 1664 0.1770
418 1666 0.1865
418 1667 0.1913
418 1668 0.1989
418 1669 0.1742
418 1673 0.1662
418 1674 0.1556
418 1675 0.1526
418 1676 0.2022
418 1678 0.1792
418 1679 0.1623
418 1681 0.1517
418 1682 0.1487
418 1683 0.1918
418 1684 0.1526
418 1685 0.1862
418 1686 0.3473
418 1687 0.1675
418 1688 0.1862
418 1689 0.5597
418 1691 0.1713
418 1692 0.4771
418 1693 0.1526
418 1694 0.1743
418 1697 0.1668
418 1699 0.6213
418 1700 0.6272
418 1701 0.3012
418 1702 0.7405
418 1705 0.7543
418 1706 0.7414
418 1707 0.7839
418 1708 0.3934
418 1709 0.3273
418 1711 0.7367
418 1712 0.9332
418 1713 0.7292
418 1714 0.7761
418 1715 0.3390
418 1717 0.9651
418 1718 0.3958
418 1719 0.1526
418 1726 0.1865
418 1728 0.4122
419 420 0.1479
419 421 0.1479
419 423 0.2474
419 424 0.2449
419 425 0.1895
419 427 0.2095
419 428 0.1347
419 431 0.1796
419 432 0.1651
419 433 0.2141
419 434 0.2464
419 436 0.3364
419 438 0.2134
419 439 0.2301
419 441 0.1894
419 442 0.2516
419 445 0.1823
419 447 0.2224
419 448 0.2621
419 449 0.2060
419 450 0.2806
419 451 0.2019
419 452 0.1908
419 453 0.1817
419 454 0.2138
419 455 0.2810
419 456 0.1479
419 457 0.1870
419 458 0.1846
419 459 0.2161
419 460 0.3020
419 461 0.2594
419 462 0.2095
419 463 0.3920
419 464 0.2523
419 465 0.1947
419 466 0.2027
419 467 0.1922
419 468 0.2463
419 470 0.1920
419 471 0.1948
419 472 0.1903
419 474 0.1651
419 475 0.2272
419 476 0.1721
419 478 0.3251
419 479 0.2095
419 480 0.2519
419 481 0.2479
419 482 0.1651
419 484 0.1713
419 485 0.1605
419 487 0.1479
419 488 0.1912
419 489 0.2436
419 490 0.2674
419 491 0.1646
419 492 0.2095
419 493 0.1964
419 494 0.1651
419 495 0.3127
419 496 0.1242
419 497 0.2120
419 498 0.1824
419 499 0.1552
419 500 0.2088
419 501 0.2022
419 502 0.1805
419 503 0.2095
419 504 0.2014
419 505 0.1575
419 506 0.1669
419 507 0.1941
419 508 0.2871
419 509 0.1668
419 511 0.2934
419 513 0.1752
419 514 0.3396
419 515 0.2014
419 516 0.2068
419 517 0.1681
419 518 0.1870
419 519 0.2088
419 520 0.1955
419 521 0.1752
419 522 0.1918
419 523 0.1123
419 526 0.2474
419 527 0.1810
419 528 0.2170
419 530 0.1651
419 531 0.1699
419 534 0.2653
419 535 0.1975
419 536 0.1946
419 537 0.2109
419 538 0.2088
419 539 0.2095
419 540 0.2597
419 541 0.2753
419 542 0.1809
419 543 0.1870
419 544 0.1532
419 545 0.2700
419 546 0.1870
419 547 0.1870
419 548 0.3595
419 549 0.1870
419 551 0.1479
419 552 0.2234
419 553 0.2076
419 554 0.1611
419 555 0.2636
419 556 0.1479
419 558 0.3871
419 559 0.1620
419 560 0.2003
419 561 0.1916
419 562 0.2626
419 563 0.2024
419 564 0.2267
419 565 0.2357
419 568 0.2027
419 569 0.1293
419 570 0.2061
419 571 0.2487
419 572 0.2469
419 573 0.2345
419 574 0.1876
419 575 0.2302
419 576 0.1905
419 577 0.1863
419 578 0.2195
419 579 0.4323
419 581 0.2665
419 582 0.2392
419 583 0.1606
419 584 0.1884
419 585 0.3034
419 587 0.2774
419 589 0.1896
419 590 0.2101
419 592 0.2038
419 593 0.2401
419 594 0.2343
419 599 0.3002
419 600 0.2482
419 601 0.1981
419 602 0.1633
419 605 0.2088
419 606 0.2095
419 607 0.2416
419 608 0.1290
419 609 0.2563
419 610 0.2662
419 612 0.2098
419 613 0.1357
419 614 0.1839
419 617 0.1349
419 618 0.1369
419 619 0.1841
419 621 0.1819
419 622 0.2436
419 623 0.3251
419 625 0.1620
419 626 0.1957
419 627 0.2284
419 628 0.1817
419 629 0.3034
419 631 0.2488
419 632 0.1923
419 633 0.1909
419 634 0.2076
419 635 0.2171
419 636 0.2088
419 637 0.2503
419 638 0.1918
419 639 0.2143
419 640 0.1611
419 641 0.3744
419 642 0.2713
419 643 0.2147
419 644 0.1367
419 645 0.1604
419 646 0.2049
419 648 0.1902
419 649 0.2422
419 650 0.2674
419 651 0.1009
419 652 0.2147
419 653 0.2130
419 655 0.1740
419 656 0.1644
419 657 0.1506
419 658 0.2110
419 659 0.2076
419 660 0.2436
419 661 0.2693
419 662 0.2734
419 663 0.2088
419 664 0.2638
419 666 0.2242
419 668 0.1611
419 669 0.1651
419 671 0.2836
419 672 0.1543
419 673 0.2019
419 674 0.2150
419 676 0.2766
419 677 0.1651
419 678 0.2348
419 679 0.2874
419 680 0.2093
419 683 0.2095
419 684 0.1711
419 685 0.2034
419 686 0.1479
419 687 0.1479
419 688 0.1839
419 689 0.2402
419 690 0.1805
419 691 0.2748
419 692 0.2100
419 693 0.2036
419 694 0.1919
419 695 0.3474
419 696 0.1639
419 697 0.3527
419 698 0.2063
419 699 0.1611
419 700 0.2532
419 702 0.2332
419 703 0.1718
419 704 0.1878
419 705 0.1582
419 706 0.2059
419 707 0.1229
419 708 0.2436
419 709 0.4211
419 710 0.2237
419 711 0.2111
419 712 0.1602
419 713 0.1467
419 714 0.1668
419 716 0.2088
419 717 0.1360
419 718 0.2732
419 721 0.2728
419 722 0.1958
419 723 0.2436
419 724 0.1651
419 726 0.2776
419 727 0.2095
419 728 0.2324
419 729 0.1177
419 731 0.2144
419 732 0.2297
419 733 0.1870
419 734 0.1624
419 735 0.1739
419 736 0.1989
419 737 0.1859
419 738 0.1990
419 740 0.1805
419 741 0.1945
419 742 0.2353
419 743 0.1949
419 744 0.1908
419 745 0.1957
419 746 0.1870
419 747 0.2088
419 748 0.2191
419 750 0.2524
419 751 0.2401
419 752 0.2074
419 753 0.2211
419 754 0.1651
419 755 0.1878
419 756 0.2593
419 758 0.3721
419 759 0.1731
419 760 0.2345
419 761 0.3939
419 762 0.2248
419 763 0.3657
419 764 0.3217
419 766 0.2244
419 767 0.2436
419 768 0.2203
419 769 0.1303
419 770 0.2319
419 771 0.1375
419 772 0.1870
419 773 0.1479
419 775 0.2320
419 776 0.1882
419 777 0.1766
419 778 0.2347
419 780 0.2401
419 781 0.1651
419 782 0.2735
419 783 0.3162
419 784 0.1443
419 785 0.2592
419 786 0.1822
419 787 0.1413
419 789 0.2291
419 792 0.2064
419 793 0.1905
419 794 0.2500
419 796 0.1918
419 797 0.2681
419 799 0.1682
419 801 0.2214
419 802 0.1651
419 803 0.1219
419 804 0.2240
419 805 0.2330
419 806 0.1809
419 807 0.2088
419 808 0.2528
419 809 0.2606
419 810 0.2167
419 811 0.2013
419 813 0.2809
419 814 0.1988
419 815 0.1921
419 816 0.3586
419 817 0.1792
419 818 0.2432
419 819 0.1231
419 820 0.2088
419 821 0.1921
419 822 0.2269
419 823 0.2032
419 824 0.2436
419 825 0.2462
419 827 0.2950
419 828 0.1839
419 829 0.2095
419 830 0.2323
419 831 0.1723
419 832 0.3580
419 833 0.2420
419 834 0.2440
419 835 0.2174
419 836 0.3172
419 838 0.1868
419 839 0.1839
419 840 0.2436
419 841 0.2152
419 842 0.1870
419 843 0.2083
419 845 0.2236
419 846 0.1908
419 848 0.3594
419 849 0.2259
419 851 0.2213
419 853 0.2878
419 855 0.2088
419 856 0.2095
419 858 0.2076
419 860 0.1565
419 861 0.2776
419 862 0.2095
419 864 0.1868
419 865 0.2261
419 866 0.3321
419 867 0.1638
419 868 0.3034
419 869 0.1341
419 870 0.1669
419 871 0.2979
419 872 0.2275
419 876 0.3145
419 877 0.1651
419 878 0.2681
419 880 0.2313
419 881 0.1639
419 882 0.1482
419 883 0.2118
419 884 0.2095
419 885 0.2752
419 886 0.1413
419 887 0.1870
419 888 0.1947
419 889 0.1911
419 890 0.1918
419 891 0.3370
419 893 0.2344
419 894 0.2243
419 895 0.2122
419 896 0.1870
419 897 0.1479
419 898 0.1934
419 900 0.2206
419 901 0.2025
419 903 0.1827
419 905 0.2244
419 907 0.2095
419 908 0.1993
419 909 0.1864
419 911 0.1870
419 912 0.2401
419 913 0.4211
419 914 0.2525
419 915 0.2008
419 918 0.3586
419 919 0.2185
419 920 0.2138
419 921 0.1591
419 922 0.2675
419 924 0.1559
419 928 0.2088
419 929 0.1870
419 930 0.1436
419 933 0.2753
419 934 0.1839
419 935 0.1940
419 936 0.2261
419 938 0.2244
419 940 0.2211
419 941 0.2753
419 942 0.1579
419 943 0.2457
419 946 0.2000
419 947 0.1894
419 951 0.2474
419 952 0.2088
419 953 0.2136
419 954 0.2095
419 955 0.2041
419 956 0.2432
419 958 0.2095
419 959 0.1918
419 960 0.2120
419 961 0.1479
419 962 0.1479
419 963 0.3871
419 964 0.1651
419 965 0.1890
419 966 0.2755
419 967 0.1651
419 968 0.2406
419 971 0.2456
419 972 0.1870
419 973 0.1999
419 974 0.2145
419 975 0.1479
419 976 0.1644
419 977 0.1479
419 978 0.2088
419 979 0.1924
419 980 0.2474
419 981 0.2171
419 983 0.1788
419 984 0.2616
419 986 0.1675
419 987 0.2826
419 989 0.2538
419 990 0.2405
419 992 0.2088
419 993 0.2124
419 994 0.2135
419 995 0.1870
419 996 0.1870
419 999 0.1939
419 1001 0.2088
419 1002 0.1966
419 1003 0.2107
419 1004 0.1916
419 1006 0.2088
419 1007 0.1996
419 1008 0.2734
419 1010 0.2063
419 1013 0.2436
419 1014 0.1951
419 1015 0.1951
419 1016 0.1932
419 1017 0.1459
419 1018 0.1870
419 1019 0.2436
419 1020 0.2533
419 1022 0.1675
419 1024 0.1705
419 1025 0.2088
419 1026 0.1322
419 1027 0.1878
419 1029 0.2381
419 1030 0.2277
419 1032 0.2095
419 1033 0.2088
419 1035 0.1957
419 1036 0.1654
419 1037 0.4180
419 1040 0.3148
419 1041 0.1636
419 1042 0.2527
419 1043 0.2021
419 1045 0.2841
419 1046 0.2075
419 1047 0.2767
419 1048 0.2509
419 1049 0.1890
419 1050 0.1654
419 1052 0.2095
419 1053 0.1798
419 1055 0.1479
419 1056 0.2532
419 1057 0.2088
419 1058 0.3074
419 1059 0.2542
419 1060 0.2232
419 1061 0.3988
419 1062 0.1651
419 1063 0.2655
419 1065 0.2303
419 1066 0.3602
419 1067 0.2594
419 1068 0.1935
419 1069 0.2734
419 1070 0.1743
419 1072 0.2401
419 1075 0.3508
419 1076 0.2436
419 1077 0.2809
419 1079 0.2119
419 1080 0.1651
419 1081 0.1201
419 1082 0.2510
419 1083 0.3065
419 1084 0.2095
419 1087 0.2088
419 1089 0.2326
419 1090 0.1701
419 1093 0.2809
419 1094 0.2201
419 1095 0.1651
419 1096 0.1823
419 1097 0.2095
419 1099 0.2221
419 1102 0.1369
419 1103 0.2673
419 1104 0.3072
419 1105 0.2307
419 1106 0.1866
419 1107 0.3527
419 1108 0.3162
419 1110 0.2095
419 1111 0.1427
419 1113 0.2809
419 1115 0.2436
419 1116 0.3595
419 1117 0.2283
419 1118 0.3403
419 1119 0.1651
419 1122 0.2088
419 1123 0.2753
419 1125 0.1241
419 1126 0.2088
419 1127 0.1870
419 1128 0.1742
419 1129 0.2273
419 1130 0.2347
419 1134 0.1870
419 1135 0.2397
419 1138 0.2616
419 1141 0.1608
419 1142 0.1870
419 1146 0.1479
419 1147 0.1611
419 1150 0.1580
419 1151 0.2682
419 1152 0.3682
419 1153 0.2874
419 1154 0.1957
419 1157 0.2261
419 1158 0.1839
419 1160 0.1434
419 1161 0.1870
419 1162 0.2304
419 1163 0.1915
419 1165 0.2076
419 1166 0.2753
419 1167 0.2728
419 1169 0.2475
419 1172 0.1870
419 1176 0.2915
419 1177 0.1870
419 1180 0.1934
419 1182 0.3240
419 1185 0.1607
419 1186 0.2669
419 1187 0.1097
419 1188 0.1651
419 1189 0.2171
419 1193 0.1923
419 1194 0.1611
419 1195 0.2734
419 1196 0.2375
419 1199 0.2472
419 1200 0.2499
419 1201 0.2088
419 1202 0.1896
419 1203 0.2713
419 1204 0.1732
419 1205 0.2088
419 1206 0.3131
419 1208 0.2606
419 1209 0.1870
419 1210 0.2940
419 1211 0.2217
419 1212 0.2753
419 1213 0.2435
419 1216 0.2095
419 1217 0.2410
419 1218 0.3506
419 1219 0.1651
419 1220 0.1870
419 1221 0.3276
419 1223 0.2081
419 1225 0.2172
419 1226 0.3363
419 1227 0.2448
419 1228 0.2095
419 1229 0.1668
419 1230 0.2095
419 1231 0.2228
419 1235 0.2734
419 1236 0.1870
419 1237 0.2132
419 1238 0.1870
419 1240 0.2795
419 1241 0.2474
419 1242 0.2829
419 1244 0.2095
419 1247 0.3279
419 1248 0.2681
419 1249 0.1479
419 1250 0.3168
419 1251 0.1904
419 1252 0.3974
419 1253 0.1651
419 1254 0.2436
419 1256 0.2554
419 1257 0.1870
419 1258 0.2219
419 1259 0.2088
419 1260 0.1533
419 1262 0.2543
419 1263 0.2219
419 1265 0.1770
419 1266 0.2171
419 1267 0.1870
419 1269 0.3620
419 1270 0.2023
419 1271 0.2895
419 1272 0.2436
419 1274 0.1870
419 1275 0.1811
419 1276 0.1466
419 1278 0.2436
419 1279 0.1867
419 1280 0.2880
419 1281 0.1885
419 1282 0.1870
419 1283 0.1689
419 1284 0.1473
419 1286 0.2556
419 1287 0.2040
419 1288 0.2095
419 1289 0.2302
419 1291 0.1617
419 1292 0.2017
419 1293 0.1611
419 1296 0.1870
419 1298 0.1917
419 1299 0.1932
419 1300 0.1870
419 1301 0.2343
419 1303 0.1988
419 1304 0.2088
419 1305 0.1590
419 1306 0.1788
419 1308 0.2728
419 1309 0.2088
419 1310 0.3080
419 1311 0.1479
419 1313 0.2095
419 1315 0.1651
419 1316 0.1965
419 1322 0.2099
419 1323 0.3400
419 1326 0.2753
419 1327 0.1870
419 1329 0.2088
419 1330 0.2200
419 1331 0.2448
419 1333 0.3586
419 1335 0.2670
419 1336 0.2878
419 1337 0.2474
419 1339 0.1384
419 1340 0.1539
419 1342 0.2070
419 1343 0.2474
419 1344 0.3508
419 1346 0.2274
419 1348 0.2095
419 1349 0.3595
419 1350 0.2088
419 1353 0.1479
419 1355 0.2284
419 1356 0.2095
419 1360 0.1648
419 1361 0.1868
419 1362 0.1839
419 1363 0.2095
419 1364 0.2803
419 1367 0.3698
419 1368 0.2753
419 1369 0.3605
419 1370 0.2128
419 1372 0.1405
419 1374 0.1870
419 1376 0.2095
419 1377 0.1870
419 1379 0.1651
419 1380 0.2088
419 1381 0.1870
419 1384 0.1479
419 1386 0.1918
419 1387 0.2304
419 1388 0.2789
419 1389 0.2454
419 1390 0.2436
419 1393 0.1479
419 1394 0.2095
419 1395 0.1870
419 1396 0.3097
419 1397 0.2676
419 1398 0.1994
419 1401 0.2436
419 1402 0.3508
419 1405 0.1651
419 1406 0.1794
419 1408 0.2308
419 1409 0.2353
419 1411 0.2095
419 1412 0.1870
419 1415 0.1870
419 1416 0.2188
419 1418 0.3114
419 1419 0.2479
419 1421 0.1640
419 1423 0.1983
419 1424 0.2088
419 1425 0.2753
419 1426 0.1526
419 1427 0.1886
419 1428 0.1479
419 1431 0.1831
419 1434 0.2176
419 1435 0.2054
419 1436 0.1651
419 1437 0.1578
419 1438 0.1997
419 1439 0.2604
419 1440 0.1901
419 1441 0.1065
419 1445 0.2323
419 1446 0.2284
419 1448 0.2095
419 1449 0.2436
419 1451 0.2088
419 1452 0.1994
419 1453 0.2095
419 1456 0.2728
419 1457 0.1651
419 1458 0.2436
419 1460 0.1496
419 1462 0.2173
419 1463 0.2171
419 1464 0.2210
419 1465 0.2095
419 1466 0.1532
419 1472 0.3342
419 1473 0.2436
419 1476 0.2095
419 1477 0.1651
419 1479 0.1762
419 1482 0.2095
419 1484 0.2766
419 1485 0.2612
419 1490 0.2095
419 1491 0.2177
419 1493 0.1584
419 1494 0.2246
419 1497 0.2095
419 1499 0.2095
419 1500 0.1809
419 1503 0.2543
419 1504 0.2734
419 1505 0.1870
419 1506 0.2095
419 1507 0.2088
419 1508 0.2088
419 1510 0.2088
419 1512 0.1870
419 1513 0.2475
419 1516 0.3051
419 1517 0.1839
419 1518 0.1948
419 1519 0.1937
419 1520 0.2027
419 1522 0.2459
419 1523 0.1479
419 1525 0.1480
419 1526 0.1133
419 1527 0.2083
419 1529 0.3667
419 1530 0.1633
419 1532 0.2099
419 1534 0.2095
419 1535 0.2088
419 1536 0.3331
419 1538 0.2027
419 1540 0.1479
419 1541 0.2401
419 1542 0.1838
419 1544 0.2161
419 1545 0.2088
419 1547 0.1632
419 1548 0.2665
419 1549 0.2093
419 1551 0.1920
419 1554 0.1870
419 1555 0.2088
419 1566 0.1543
419 1567 0.3193
419 1568 0.1356
419 1570 0.3114
419 1571 0.2172
419 1573 0.2454
419 1574 0.2095
419 1577 0.2088
419 1578 0.2088
419 1580 0.1435
419 1581 0.2088
419 1582 0.1651
419 1583 0.2088
419 1585 0.1727
419 1588 0.1662
419 1591 0.1959
419 1592 0.2474
419 1593 0.2455
419 1595 0.1473
419 1596 0.2286
419 1598 0.1870
419 1599 0.2436
419 1601 0.2095
419 1603 0.2612
419 1604 0.2088
419 1606 0.2661
419 1608 0.5038
419 1609 0.1963
419 1610 0.2728
419 1611 0.2095
419 1613 0.2862
419 1614 0.1479
419 1616 0.2436
419 1618 0.2130
419 1619 0.2571
419 1621 0.3252
419 1622 0.2145
419 1623 0.2878
419 1624 0.1702
419 1626 0.3586
419 1628 0.2088
419 1629 0.1839
419 1630 0.2474
419 1632 0.1839
419 1633 0.2076
419 1634 0.2511
419 1636 0.3400
419 1637 0.1620
419 1639 0.1479
419 1640 0.2507
419 1641 0.1986
419 1642 0.1870
419 1643 0.2095
419 1646 0.3168
419 1647 0.2436
419 1649 0.2088
419 1650 0.2088
419 1652 0.1479
419 1653 0.2171
419 1654 0.1666
419 1655 0.1870
419 1660 0.1557
419 1661 0.1870
419 1662 0.2474
419 1663 0.2440
419 1664 0.3508
419 1666 0.2095
419 1667 0.3321
419 1668 0.1566
419 1669 0.2168
419 1673 0.2436
419 1674 0.1597
419 1675 0.2088
419 1676 0.1651
419 1678 0.2077
419 1679 0.2047
419 1681 0.1479
419 1682 0.2766
419 1683 0.2823
419 1684 0.2088
419 1685 0.1870
419 1686 0.1651
419 1687 0.2018
419 1688 0.1870
419 1689 0.2228
419 1691 0.1953
419 1692 0.2051
419 1693 0.1552
419 1694 0.1524
419 1697 0.1961
419 1699 0.1139
419 1700 0.2976
419 1701 0.1494
419 1702 0.1124
419 1705 0.2317
419 1706 0.1901
419 1707 0.1923
419 1708 0.1905
419 1709 0.1554
419 1711 0.1540
419 1712 0.2121
419 1713 0.1879
419 1714 0.2326
419 1715 0.2432
419 1717 0.2271
419 1718 0.2632
419 1719 0.2088
419 1726 0.2095
419 1728 0.1839
420 421 0.1479
420 423 0.2474
420 424 0.2449
420 425 0.1895
420 427 0.2095
420 428 0.1347
420 431 0.1796
420 432 0.1651
420 433 0.2141
420 434 0.2464
420 436 0.3364
420 438 0.2134
420 439 0.2301
420 441 0.1894
420 442 0.2516
420 445 0.1823
420 447 0.2224
420 448 0.2621
420 449 0.2060
420 450 0.2806
420 451 0.2019
420 452 0.1908
420 453 0.1817
420 454 0.2138
420 455 0.2810
420 456 0.1479
420 457 0.1870
420 458 0.1846
420 459 0.2161
420 460 0.3020
420 461 0.2594
420 462 0.2095
420 463 0.3920
420 464 0.2523
420 465 0.1947
420 466 0.2027
420 467 0.1922
420 468 0.2463
420 470 0.1920
420 471 0.1948
420 472 0.1903
420 474 0.1651
420 475 0.2272
420 476 0.1721
420 478 0.3251
420 479 0.2095
420 480 0.2519
420 481 0.2479
420 482 0.1651
420 484 0.1713
420 485 0.1605
420 487 0.1479
420 488 0.1912
420 489 0.2436
420 490 0.2674
420 491 0.1646
420 492 0.2095
420 493 0.1964
420 494 0.1651
420 495 0.3127
420 496 0.1242
420 497 0.2120
420 498 0.1824
420 499 0.1552
420 500 0.2088
420 501 0.2022
420 502 0.1805
420 503 0.2095
420 504 0.2014
420 505 0.1575
420 506 0.1669
420 507 0.1941
420 508 0.2871
420 509 0.1668
420 511 0.2934
420 513 0.1752
420 514 0.3396
420 515 0.2014
420 516 0.2068
420 517 0.1681
420 518 0.1870
420 519 0.2088
420 520 0.1955
420 521 0.1752
420 522 0.1918
420 523 0.1123
420 526 0.2474
420 527 0.1810
420 528 0.2170
420 530 0.1651
420 531 0.1699
420 534 0.2653
420 535 0.1975
420 536 0.1946
420 537 0.2109
420 538 0.2088
420 539 0.2095
420 540 0.2597
420 541 0.2753
420 542 0.1809
420 543 0.1870
420 544 0.1532
420 545 0.2700
420 546 0.1870
420 547 0.1870
420 548 0.3595
420 549 0.1870
420 551 0.1479
420 552 0.2234
420 553 0.2076
420 554 0.1611
420 555 0.2636
420 556 0.1479
420 558 0.3871
420 559 0.1620
420 560 0.2003
420 561 0.1916
420 562 0.2626
420 563 0.2024
420 564 0.2267
420 565 0.2357
420 568 0.2027
420 569 0.1293
420 570 0.2061
420 571 0.2487
420 572 0.2469
420 573 0.2345
420 574 0.1876
420 575 0.2302
420 576 0.1905
420 577 0.1863
420 578 0.2195
420 579 0.4323
420 581 0.2665
420 582 0.2392
420 583 0.1606
420 584 0.1884
420 585 0.3034
420 587 0.2774
420 589 0.1896
420 590 0.2101
420 592 0.2038
420 593 0.2401
420 594 0.2343
420 599 0.3002
420 600 0.2482
420 601 0.1981
420 602 0.1633
420 605 0.2088
420 606 0.2095
420 607 0.2416
420 608 0.1290
420 609 0.2563
420 610 0.2662
420 612 0.2098
420 613 0.1357
420 614 0.1839
420 617 0.1349
420 618 0.1369
420 619 0.1841
420 621 0.1819
420 622 0.2436
420 623 0.3251
420 625 0.1620
420 626 0.1957
420 627 0.2284
420 628 0.1817
420 629 0.3034
420 631 0.2488
420 632 0.1923
420 633 0.1909
420 634 0.2076
420 635 0.2171
420 636 0.2088
420 637 0.2503
420 638 0.1918
420 639 0.2143
420 640 0.1611
420 641 0.3744
420 642 0.2713
420 643 0.2147
420 644 0.1367
420 645 0.1604
420 646 0.2049
420 648 0.1902
420 649 0.2422
420 650 0.2674
420 651 0.1009
420 652 0.2147
420 653 0.2130
420 655 0.1740
420 656 0.1644
420 657 0.1506
420 658 0.2110
420 659 0.2076
420 660 0.2436
420 661 0.2693
420 662 0.2734
420 663 0.2088
420 664 0.2638
420 666 0.2242
420 668 0.1611
420 669 0.1651
420 671 0.2836
420 672 0.1543
420 673 0.2019
420 674 0.2150
420 676 0.2766
420 677 0.1651
420 678 0.2348
420 679 0.2874
420 680 0.2093
420 683 0.2095
420 684 0.1711
420 685 0.2034
420 686 0.1479
420 687 0.1479
420 688 0.1839
420 689 0.2402
420 690 0.1805
420 691 0.2748
420 692 0.2100
420 693 0.2036
420 694 0.1919
420 695 0.3474
420 696 0.1639
420 697 0.3527
420 698 0.2063
420 699 0.1611
420 700 0.2532
420 702 0.2332
420 703 0.1718
420 704 0.1878
420 705 0.1582
420 706 0.2059
420 707 0.1229
420 708 0.2436
420 709 0.4211
420 710 0.2237
420 711 0.2111
420 712 0.1602
420 713 0.1467
420 714 0.1668
420 716 0.2088
420 717 0.1360
420 718 0.2732
420 721 0.2728
420 722 0.1958
420 723 0.2436
420 724 0.1651
420 726 0.2776
420 727 0.2095
420 728 0.2324
420 729 0.1177
420 731 0.2144
420 732 0.2297
420 733 0.1870
420 734 0.1624
420 735 0.1739
420 736 0.1989
420 737 0.1859
420 738 0.1990
420 740 0.1805
420 741 0.1945
420 742 0.2353
420 743 0.1949
420 744 0.1908
420 745 0.1957
420 746 0.1870
420 747 0.2088
420 748 0.2191
420 750 0.2524
420 751 0.2401
420 752 0.2074
420 753 0.2211
420 754 0.1651
420 755 0.1878
420 756 0.2593
420 758 0.3721
420 759 0.1731
420 760 0.2345
420 761 0.3939
420 762 0.2248
420 763 0.3657
420 764 0.3217
420 766 0.2244
420 767 0.2436
420 768 0.2203
420 769 0.1303
420 770 0.2319
420 771 0.1375
420 772 0.1870
420 773 0.1479
420 775 0.2320
420 776 0.1882
420 777 0.1766
420 778 0.2347
420 780 0.2401
420 781 0.1651
420 782 0.2735
420 783 0.3162
420 784 0.1443
420 785 0.2592
420 786 0.1822
420 787 0.1413
420 789 0.2291
420 792 0.2064
420 793 0.1905
420 794 0.2500
420 796 0.1918
420 797 0.2681
420 799 0.1682
420 801 0.2214
420 802 0.1651
420 803 0.1219
420 804 0.2240
420 805 0.2330
420 806 0.1809
420 807 0.2088
420 808 0.2528
420 809 0.2606
420 810 0.2167
420 811 0.2013
420 813 0.2809
420 814 0.1988
420 815 0.1921
420 816 0.3586
420 817 0.1792
420 818 0.2432
420 819 0.1231
420 820 0.2088
420 821 0.1921
420 822 0.2269
420 823 0.2032
420 824 0.2436
420 825 0.2462
420 827 0.2950
420 828 0.1839
420 829 0.2095
420 830 0.2323
420 831 0.1723
420 832 0.3580
420 833 0.2420
420 834 0.2440
420 835 0.2174
420 836 0.3172
420 838 0.1868
420 839 0.1839
420 840 0.2436
420 841 0.2152
420 842 0.1870
420 843 0.2083
420 845 0.2236
420 846 0.1908
420 848 0.3594
420 849 0.2259
420 851 0.2213
420 853 0.2878
420 855 0.2088
420 856 0.2095
420 858 0.2076
420 860 0.1565
420 861 0.2776
420 862 0.2095
420 864 0.1868
420 865 0.2261
420 866 0.3321
420 867 0.1638
420 868 0.3034
420 869 0.1341
420 870 0.1669
420 871 0.2979
420 872 0.2275
420 876 0.3145
420 877 0.1651
420 878 0.2681
420 880 0.2313
420 881 0.1639
420 882 0.1482
420 883 0.2118
420 884 0.2095
420 885 0.2752
420 886 0.1413
420 887 0.1870
420 888 0.1947
420 889 0.1911
420 890 0.1918
420 891 0.3370
420 893 0.2344
420 894 0.2243
420 895 0.2122
420 896 0.1870
420 897 0.1479
420 898 0.1934
420 900 0.2206
420 901 0.2025
420 903 0.1827
420 905 0.2244
420 907 0.2095
420 908 0.1993
420 909 0.1864
420 911 0.1870
420 912 0.2401
420 913 0.4211
420 914 0.2525
420 915 0.2008
420 918 0.3586
420 919 0.2185
420 920 0.2138
420 921 0.1591
420 922 0.2675
420 924 0.1559
420 928 0.2088
420 929 0.1870
420 930 0.1436
420 933 0.2753
420 934 0.1839
420 935 0.1940
420 936 0.2261
420 938 0.2244
420 940 0.2211
420 941 0.2753
420 942 0.1579
420 943 0.2457
420 946 0.2000
420 947 0.1894
420 951 0.2474
420 952 0.2088
420 953 0.2136
420 954 0.2095
420 955 0.2041
420 956 0.2432
420 958 0.2095
420 959 0.1918
420 960 0.2120
420 961 0.1479
420 962 0.1479
420 963 0.3871
420 964 0.1651
420 965 0.1890
420 966 0.2755
420 967 0.1651
420 968 0.2406
420 971 0.2456
420 972 0.1870
420 973 0.1999
420 974 0.2145
420 975 0.1479
420 976 0.1644
420 977 0.1479
420 978 0.2088
420 979 0.1924
420 980 0.2474
420 981 0.2171
420 983 0.1788
420 984 0.2616
420 986 0.1675
420 987 0.2826
420 989 0.2538
420 990 0.2405
420 992 0.2088
420 993 0.2124
420 994 0.2135
420 995 0.1870
420 996 0.1870
420 999 0.1939
420 1001 0.2088
420 1002 0.1966
420 1003 0.2107
420 1004 0.1916
420 1006 0.2088
420 1007 0.1996
420 1008 0.2734
420 1010 0.2063
420 1013 0.2436
420 1014 0.1951
420 1015 0.1951
420 1016 0.1932
420 1017 0.1459
420 1018 0.1870
420 1019 0.2436
420 1020 0.2533
420 1022 0.1675
420 1024 0.1705
420 1025 0.2088
420 1026 0.1322
420 1027 0.1878
420 1029 0.2381
420 1030 0.2277
420 1032 0.2095
420 1033 0.2088
420 1035 0.1957
420 1036 0.1654
420 1037 0.4180
420 1040 0.3148
420 1041 0.1636
420 1042 0.2527
420 1043 0.2021
420 1045 0.2841
420 1046 0.2075
420 1047 0.2767
420 1048 0.2509
420 1049 0.1890
420 1050 0.1654
420 1052 0.2095
420 1053 0.1798
420 1055 0.1479
420 1056 0.2532
420 1057 0.2088
420 1058 0.3074
420 1059 0.2542
420 1060 0.2232
420 1061 0.3988
420 1062 0.1651
420 1063 0.2655
420 1065 0.2303
420 1066 0.3602
420 1067 0.2594
420 1068 0.1935
420 1069 0.2734
420 1070 0.1743
420 1072 0.2401
420 1075 0.3508
420 1076 0.2436
420 1077 0.2809
420 1079 0.2119
420 1080 0.1651
420 1081 0.1201
420 1082 0.2510
420 1083 0.3065
420 1084 0.2095
420 1087 0.2088
420 1089 0.2326
420 1090 0.1701
420 1093 0.2809
420 1094 0.2201
420 1095 0.1651
420 1096 0.1823
420 1097 0.2095
420 1099 0.2221
420 1102 0.1369
420 1103 0.2673
420 1104 0.3072
420 1105 0.2307
420 1106 0.1866
420 1107 0.3527
420 1108 0.3162
420 1110 0.2095
420 1111 0.1427
420 1113 0.2809
420 1115 0.2436
420 1116 0.3595
420 1117 0.2283
420 1118 0.3403
420 1119 0.1651
420 1122 0.2088
420 1123 0.2753
420 1125 0.1241
420 1126 0.2088
420 1127 0.1870
420 1128 0.1742
420 1129 0.2273
420 1130 0.2347
420 1134 0.1870
420 1135 0.2397
420 1138 0.2616
420 1141 0.1608
420 1142 0.1870
420 1146 0.1479
420 1147 0.1611
420 1150 0.1580
420 1151 0.2682
420 1152 0.3682
420 1153 0.2874
420 1154 0.1957
420 1157 0.2261
420 1158 0.1839
420 1160 0.1434
420 1161 0.1870
420 1162 0.2304
420 1163 0.1915
420 1165 0.2076
420 1166 0.2753
420 1167 0.2728
420 1169 0.2475
420 1172 0.1870
420 1176 0.2915
420 1177 0.1870
420 1180 0.1934
420 1182 0.3240
420 1185 0.1607
420 1186 0.2669
420 1187 0.1097
420 1188 0.1651
420 1189 0.2171
420 1193 0.1923
420 1194 0.1611
420 1195 0.2734
420 1196 0.2375
420 1199 0.2472
420 1200 0.2499
420 1201 0.2088
420 1202 0.1896
420 1203 0.2713
420 1204 0.1732
420 1205 0.2088
420 1206 0.3131
420 1208 0.2606
420 1209 0.1870
420 1210 0.2940
420 1211 0.2217
420 1212 0.2753
420 1213 0.2435
420 1216 0.2095
420 1217 0.2410
420 1218 0.3506
420 1219 0.1651
420 1220 0.1870
420 1221 0.3276
420 1223 0.2081
420 1225 0.2172
420 1226 0.3363
420 1227 0.2448
420 1228 0.2095
420 1229 0.1668
420 1230 0.2095
420 1231 0.2228
420 1235 0.2734
420 1236 0.1870
420 1237 0.2132
420 1238 0.1870
420 1240 0.2795
420 1241 0.2474
420 1242 0.2829
420 1244 0.2095
420 1247 0.3279
420 1248 0.2681
420 1249 0.1479
420 1250 0.3168
420 1251 0.1904
420 1252 0.3974
420 1253 0.1651
420 1254 0.2436
420 1256 0.2554
420 1257 0.1870
420 1258 0.2219
420 1259 0.2088
420 1260 0.1533
420 1262 0.2543
420 1263 0.2219
420 1265 0.1770
420 1266 0.2171
420 1267 0.1870
420 1269 0.3620
420 1270 0.2023
420 1271 0.2895
420 1272 0.2436
420 1274 0.1870
420 1275 0.1811
420 1276 0.1466
420 1278 0.2436
420 1279 0.1867
420 1280 0.2880
420 1281 0.1885
420 1282 0.1870
420 1283 0.1689
420 1284 0.1473
420 1286 0.2556
420 1287 0.2040
420 1288 0.2095
420 1289 0.2302
420 1291 0.1617
420 1292 0.2017
420 1293 0.1611
420 1296 0.1870
420 1298 0.1917
420 1299 0.1932
420 1300 0.1870
420 1301 0.2343
420 1303 0.1988
420 1304 0.2088
420 1305 0.1590
420 1306 0.1788
420 1308 0.2728
420 1309 0.2088
420 1310 0.3080
420 1311 0.1479
420 1313 0.2095
420 1315 0.1651
420 1316 0.1965
420 1322 0.2099
420 1323 0.3400
420 1326 0.2753
420 1327 0.1870
420 1329 0.2088
420 1330 0.2200
420 1331 0.2448
420 1333 0.3586
420 1335 0.2670
420 1336 0.2878
420 1337 0.2474
420 1339 0.1384
420 1340 0.1539
420 1342 0.2070
420 1343 0.2474
420 1344 0.3508
420 1346 0.2274
420 1348 0.2095
420 1349 0.3595
420 1350 0.2088
420 1353 0.1479
420 1355 0.2284
420 1356 0.2095
420 1360 0.1648
420 1361 0.1868
420 1362 0.1839
420 1363 0.2095
420 1364 0.2803
420 1367 0.3698
420 1368 0.2753
420 1369 0.3605
420 1370 0.2128
420 1372 0.1405
420 1374 0.1870
420 1376 0.2095
420 1377 0.1870
420 1379 0.1651
420 1380 0.2088
420 1381 0.1870
420 1384 0.1479
420 1386 0.1918
420 1387 0.2304
420 1388 0.2789
420 1389 0.2454
420 1390 0.2436
420 1393 0.1479
420 1394 0.2095
420 1395 0.1870
420 1396 0.3097
420 1397 0.2676
420 1398 0.1994
420 1401 0.2436
420 1402 0.3508
420 1405 0.1651
420 1406 0.1794
420 1408 0.2308
420 1409 0.2353
420 1411 0.2095
420 1412 0.1870
420 1415 0.1870
420 1416 0.2188
420 1418 0.3114
420 1419 0.2479
420 1421 0.1640
420 1423 0.1983
420 1424 0.2088
420 1425 0.2753
420 1426 0.1526
420 1427 0.1886
420 1428 0.1479
420 1431 0.1831
420 1434 0.2176
420 1435 0.2054
420 1436 0.1651
420 1437 0.1578
420 1438 0.1997
420 1439 0.2604
420 1440 0.1901
420 1441 0.1065
420 1445 0.2323
420 1446 0.2284
420 1448 0.2095
420 1449 0.2436
420 1451 0.2088
420 1452 0.1994
420 1453 0.2095
420 1456 0.2728
420 1457 0.1651
420 1458 0.2436
420 1460 0.1496
420 1462 0.2173
420 1463 0.2171
420 1464 0.2210
420 1465 0.2095
420 1466 0.1532
420 1472 0.3342
420 1473 0.2436
420 1476 0.2095
420 1477 0.1651
420 1479 0.1762
420 1482 0.2095
420 1484 0.2766
420 1485 0.2612
420 1490 0.2095
420 1491 0.2177
420 1493 0.1584
420 1494 0.2246
420 1497 0.2095
420 1499 0.2095
420 1500 0.1809
420 1503 0.2543
420 1504 0.2734
420 1505 0.1870
420 1506 0.2095
420 1507 0.2088
420 1508 0.2088
420 1510 0.2088
420 1512 0.1870
420 1513 0.2475
420 1516 0.3051
420 1517 0.1839
420 1518 0.1948
420 1519 0.1937
420 1520 0.2027
420 1522 0.2459
420 1523 0.1479
420 1525 0.1480
420 1526 0.1133
420 1527 0.2083
420 1529 0.3667
420 1530 0.1633
420 1532 0.2099
420 1534 0.2095
420 1535 0.2088
420 1536 0.3331
420 1538 0.2027
420 1540 0.1479
420 1541 0.2401
420 1542 0.1838
420 1544 0.2161
420 1545 0.2088
420 1547 0.1632
420 1548 0.2665
420 1549 0.2093
420 1551 0.1920
420 1554 0.1870
420 1555 0.2088
420 1566 0.1543
420 1567 0.3193
420 1568 0.1356
420 1570 0.3114
420 1571 0.2172
420 1573 0.2454
420 1574 0.2095
420 1577 0.2088
420 1578 0.2088
420 1580 0.1435
420 1581 0.2088
420 1582 0.1651
420 1583 0.2088
420 1585 0.1727
420 1588 0.1662
420 1591 0.1959
420 1592 0.2474
420 1593 0.2455
420 1595 0.1473
420 1596 0.2286
420 1598 0.1870
420 1599 0.2436
420 1601 0.2095
420 1603 0.2612
420 1604 0.2088
420 1606 0.2661
420 1608 0.5038
420 1609 0.1963
420 1610 0.2728
420 1611 0.2095
420 1613 0.2862
420 1614 0.1479
420 1616 0.2436
420 1618 0.2130
420 1619 0.2571
420 1621 0.3252
420 1622 0.2145
420 1623 0.2878
420 1624 0.1702
420 1626 0.3586
420 1628 0.2088
420 1629 0.1839
420 1630 0.2474
420 1632 0.1839
420 1633 0.2076
420 1634 0.2511
420 1636 0.3400
420 1637 0.1620
420 1639 0.1479
420 1640 0.2507
420 1641 0.1986
420 1642 0.1870
420 1643 0.2095
420 1646 0.3168
420 1647 0.2436
420 1649 0.2088
420 1650 0.2088
420 1652 0.1479
420 1653 0.2171
420 1654 0.1666
420 1655 0.1870
420 1660 0.1557
420 1661 0.1870
420 1662 0.2474
420 1663 0.2440
420 1664 0.3508
420 1666 0.2095
420 1667 0.3321
420 1668 0.1566
420 1669 0.2168
420 1673 0.2436
420 1674 0.1597
420 1675 0.2088
420 1676 0.1651
420 1678 0.2077
420 1679 0.2047
420 1681 0.1479
420 1682 0.2766
420 1683 0.2823
420 1684 0.2088
420 1685 0.1870
420 1686 0.1651
420 1687 0.2018
420 1688 0.1870
420 1689 0.2228
420 1691 0.1953
420 1692 0.2051
420 1693 0.1552
420 1694 0.1524
420 1697 0.1961
420 1699 0.1139
420 1700 0.2976
420 1701 0.1494
420 1702 0.1124
420 1705 0.2317
420 1706 0.1901
420 1707 0.1923
420 1708 0.1905
420 1709 0.1554
420 1711 0.1540
420 1712 0.2121
420 1713 0.1879
420 1714 0.2326
420 1715 0.2432
420 1717 0.2271
420 1718 0.2632
420 1719 0.2088
420 1726 0.2095
420 1728 0.1839
421 423 0.2474
421 424 0.2449
421 425 0.1895
421 427 0.2095
421 428 0.1347
421 431 0.1796
421 432 0.1651
421 433 0.2141
421 434 0.2464
421 436 0.3364
421 438 0.2134
421 439 0.2301
421 441 0.1894
421 442 0.2516
421 445 0.1823
421 447 0.2224
421 448 0.2621
421 449 0.2060
421 450 0.2806
421 451 0.2019
421 452 0.1908
421 453 0.1817
421 454 0.2138
421 455 0.2810
421 456 0.1479
421 457 0.1870
421 458 0.1846
421 459 0.2161
421 460 0.3020
421 461 0.2594
421 462 0.2095
421 463 0.3920
421 464 0.2523
421 465 0.1947
421 466 0.2027
421 467 0.1922
421 468 0.2463
421 470 0.1920
421 471 0.1948
421 472 0.1903
421 474 0.1651
421 475 0.2272
421 476 0.1721
421 478 0.3251
421 479 0.2095
421 480 0.2519
421 481 0.2479
421 482 0.1651
421 484 0.1713
421 485 0.1605
421 487 0.1479
421 488 0.1912
421 489 0.2436
421 490 0.2674
421 491 0.1646
421 492 0.2095
421 493 0.1964
421 494 0.1651
421 495 0.3127
421 496 0.1242
421 497 0.2120
421 498 0.1824
421 499 0.1552
421 500 0.2088
421 501 0.2022
421 502 0.1805
421 503 0.2095
421 504 0.2014
421 505 0.1575
421 506 0.1669
421 507 0.1941
421 508 0.2871
421 509 0.1668
421 511 0.2934
421 513 0.1752
421 514 0.3396
421 515 0.2014
421 516 0.2068
421 517 0.1681
421 518 0.1870
421 519 0.2088
421 520 0.1955
421 521 0.1752
421 522 0.1918
421 523 0.1123
421 526 0.2474
421 527 0.1810
421 528 0.2170
421 530 0.1651
421 531 0.1699
421 534 0.2653
421 535 0.1975
421 536 0.1946
421 537 0.2109
421 538 0.2088
421 539 0.2095
421 540 0.2597
421 541 0.2753
421 542 0.1809
421 543 0.1870
421 544 0.1532
421 545 0.2700
421 546 0.1870
421 547 0.1870
421 548 0.3595
421 549 0.1870
421 551 0.1479
421 552 0.2234
421 553 0.2076
421 554 0.1611
421 555 0.2636
421 556 0.1479
421 558 0.3871
421 559 0.1620
421 560 0.2003
421 561 0.1916
421 562 0.2626
421 563 0.2024
421 564 0.2267
421 565 0.2357
421 568 0.2027
421 569 0.1293
421 570 0.2061
421 571 0.2487
421 572 0.2469
421 573 0.2345
421 574 0.1876
421 575 0.2302
421 576 0.1905
421 577 0.1863
421 578 0.2195
421 579 0.4323
421 581 0.2665
421 582 0.2392
421 583 0.1606
421 584 0.1884
421 585 0.3034
421 587 0.2774
421 589 0.1896
421 590 0.2101
421 592 0.2038
421 593 0.2401
421 594 0.2343
421 599 0.3002
421 600 0.2482
421 601 0.1981
421 602 0.1633
421 605 0.2088
421 606 0.2095
421 607 0.2416
421 608 0.1290
421 609 0.2563
421 610 0.2662
421 612 0.2098
421 613 0.1357
421 614 0.1839
421 617 0.1349
421 618 0.1369
421 619 0.1841
421 621 0.1819
421 622 0.2436
421 623 0.3251
421 625 0.1620
421 626 0.1957
421 627 0.2284
421 628 0.1817
421 629 0.3034
421 631 0.2488
421 632 0.1923
421 633 0.1909
421 634 0.2076
421 635 0.2171
421 636 0.2088
421 637 0.2503
421 638 0.1918
421 639 0.2143
421 640 0.1611
421 641 0.3744
421 642 0.2713
421 643 0.2147
421 644 0.1367
421 645 0.1604
421 646 0.2049
421 648 0.1902
421 649 0.2422
421 650 0.2674
421 651 0.1009
421 652 0.2147
421 653 0.2130
421 655 0.1740
421 656 0.1644
421 657 0.1506
421 658 0.2110
421 659 0.2076
421 660 0.2436
421 661 0.2693
421 662 0.2734
421 663 0.2088
421 664 0.2638
421 666 0.2242
421 668 0.1611
421 669 0.1651
421 671 0.2836
421 672 0.1543
421 673 0.2019
421 674 0.2150
421 676 0.2766
421 677 0.1651
421 678 0.2348
421 679 0.2874
421 680 0.2093
421 683 0.2095
421 684 0.1711
421 685 0.2034
421 686 0.1479
421 687 0.1479
421 688 0.1839
421 689 0.2402
421 690 0.1805
421 691 0.2748
421 692 0.2100
421 693 0.2036
421 694 0.1919
421 695 0.3474
421 696 0.1639
421 697 0.3527
421 698 0.2063
421 699 0.1611
421 700 0.2532
421 702 0.2332
421 703 0.1718
421 704 0.1878
421 705 0.1582
421 706 0.2059
421 707 0.1229
421 708 0.2436
421 709 0.4211
421 710 0.2237
421 711 0.2111
421 712 0.1602
421 713 0.1467
421 714 0.1668
421 716 0.2088
421 717 0.1360
421 718 0.2732
421 721 0.2728
421 722 0.1958
421 723 0.2436
421 724 0.1651
421 726 0.2776
421 727 0.2095
421 728 0.2324
421 729 0.1177
421 731 0.2144
421 732 0.2297
421 733 0.1870
421 734 0.1624
421 735 0.1739
421 736 0.1989
421 737 0.1859
421 738 0.1990
421 740 0.1805
421 741 0.1945
421 742 0.2353
421 743 0.1949
421 744 0.1908
421 745 0.1957
421 746 0.1870
421 747 0.2088
421 748 0.2191
421 750 0.2524
421 751 0.2401
421 752 0.2074
421 753 0.2211
421 754 0.1651
421 755 0.1878
421 756 0.2593
421 758 0.3721
421 759 0.1731
421 760 0.2345
421 761 0.3939
421 762 0.2248
421 763 0.3657
421 764 0.3217
421 766 0.2244
421 767 0.2436
421 768 0.2203
421 769 0.1303
421 770 0.2319
421 771 0.1375
421 772 0.1870
421 773 0.1479
421 775 0.2320
421 776 0.1882
421 777 0.1766
421 778 0.2347
421 780 0.2401
421 781 0.1651
421 782 0.2735
421 783 0.3162
421 784 0.1443
421 785 0.2592
421 786 0.1822
421 787 0.1413
421 789 0.2291
421 792 0.2064
421 793 0.1905
421 794 0.2500
421 796 0.1918
421 797 0.2681
421 799 0.1682
421 801 0.2214
421 802 0.1651
421 803 0.1219
421 804 0.2240
421 805 0.2330
421 806 0.1809
421 807 0.2088
421 808 0.2528
421 809 0.2606
421 810 0.2167
421 811 0.2013
421 813 0.2809
421 814 0.1988
421 815 0.1921
421 816 0.3586
421 817 0.1792
421 818 0.2432
421 819 0.1231
421 820 0.2088
421 821 0.1921
421 822 0.2269
421 823 0.2032
421 824 0.2436
421 825 0.2462
421 827 0.2950
421 828 0.1839
421 829 0.2095
421 830 0.2323
421 831 0.1723
421 832 0.3580
421 833 0.2420
421 834 0.2440
421 835 0.2174
421 836 0.3172
421 838 0.1868
421 839 0.1839
421 840 0.2436
421 841 0.2152
421 842 0.1870
421 843 0.2083
421 845 0.2236
421 846 0.1908
421 848 0.3594
421 849 0.2259
421 851 0.2213
421 853 0.2878
421 855 0.2088
421 856 0.2095
421 858 0.2076
421 860 0.1565
421 861 0.2776
421 862 0.2095
421 864 0.1868
421 865 0.2261
421 866 0.3321
421 867 0.1638
421 868 0.3034
421 869 0.1341
421 870 0.1669
421 871 0.2979
421 872 0.2275
421 876 0.3145
421 877 0.1651
421 878 0.2681
421 880 0.2313
421 881 0.1639
421 882 0.1482
421 883 0.2118
421 884 0.2095
421 885 0.2752
421 886 0.1413
421 887 0.1870
421 888 0.1947
421 889 0.1911
421 890 0.1918
421 891 0.3370
421 893 0.2344
421 894 0.2243
421 895 0.2122
421 896 0.1870
421 897 0.1479
421 898 0.1934
421 900 0.2206
421 901 0.2025
421 903 0.1827
421 905 0.2244
421 907 0.2095
421 908 0.1993
421 909 0.1864
421 911 0.1870
421 912 0.2401
421 913 0.4211
421 914 0.2525
421 915 0.2008
421 918 0.3586
421 919 0.2185
421 920 0.2138
421 921 0.1591
421 922 0.2675
421 924 0.1559
421 928 0.2088
421 929 0.1870
421 930 0.1436
421 933 0.2753
421 934 0.1839
421 935 0.1940
421 936 0.2261
421 938 0.2244
421 940 0.2211
421 941 0.2753
421 942 0.1579
421 943 0.2457
421 946 0.2000
421 947 0.1894
421 951 0.2474
421 952 0.2088
421 953 0.2136
421 954 0.2095
421 955 0.2041
421 956 0.2432
421 958 0.2095
421 959 0.1918
421 960 0.2120
421 961 0.1479
421 962 0.1479
421 963 0.3871
421 964 0.1651
421 965 0.1890
421 966 0.2755
421 967 0.1651
421 968 0.2406
421 971 0.2456
421 972 0.1870
421 973 0.1999
421 974 0.2145
421 975 0.1479
421 976 0.1644
421 977 0.1479
421 978 0.2088
421 979 0.1924
421 980 0.2474
421 981 0.2171
421 983 0.1788
421 984 0.2616
421 986 0.1675
421 987 0.2826
421 989 0.2538
421 990 0.2405
421 992 0.2088
421 993 0.2124
421 994 0.2135
421 995 0.1870
421 996 0.1870
421 999 0.1939
421 1001 0.2088
421 1002 0.1966
421 1003 0.2107
421 1004 0.1916
