68 953 0.2124
68 954 0.2654
68 955 0.1468
68 956 0.1491
68 958 0.2183
68 959 0.2154
68 960 0.2120
68 961 0.2374
68 962 0.2374
68 963 0.1841
68 964 0.1784
68 965 0.1623
68 966 0.3578
68 967 0.1784
68 968 0.2366
68 971 0.5822
68 972 0.1889
68 973 0.1643
68 974 0.2145
68 975 0.2374
68 976 0.1981
68 977 0.2374
68 978 0.1856
68 979 0.1924
68 980 0.1528
68 981 0.2554
68 983 0.1512
68 984 0.1650
68 986 0.1992
68 987 0.1662
68 989 0.1986
68 990 0.1639
68 992 0.1856
68 993 0.2124
68 994 0.2159
68 995 0.2762
68 996 0.1889
68 999 0.1953
68 1001 0.1856
68 1002 0.1966
68 1003 0.9506
68 1004 0.0882
68 1006 0.1856
68 1007 0.1949
68 1008 0.1882
68 1010 0.1560
68 1013 0.1696
68 1014 0.2209
68 1015 0.5454
68 1016 0.1298
68 1017 0.1748
68 1018 0.1889
68 1019 0.1696
68 1020 0.2054
68 1022 0.1992
68 1024 0.1800
68 1025 0.1856
68 1026 0.1554
68 1027 0.1547
68 1029 0.1922
68 1030 0.2188
68 1032 0.2183
68 1033 0.1856
68 1035 0.5850
68 1036 0.1943
68 1037 0.2365
68 1040 0.1610
68 1041 0.1700
68 1042 0.1840
68 1043 0.7594
68 1045 0.1847
68 1046 0.7545
68 1047 0.1763
68 1048 0.1939
68 1049 0.1890
68 1050 0.1778
68 1052 0.2183
68 1053 0.1534
68 1055 0.2374
68 1056 0.1630
68 1057 0.1856
68 1058 0.1586
68 1059 0.1481
68 1060 0.1775
68 1061 0.2332
68 1062 0.1784
68 1063 0.8170
68 1065 0.1565
68 1066 0.1536
68 1067 0.2365
68 1068 0.1935
68 1069 0.1882
68 1070 0.1755
68 1072 0.1623
68 1075 0.3497
68 1076 0.3165
68 1077 0.3639
68 1079 0.1624
68 1080 0.1784
68 1081 0.1410
68 1082 0.2015
68 1083 0.7645
68 1084 0.2183
68 1087 0.1856
68 1089 0.1744
68 1090 0.1813
68 1093 0.1778
68 1094 0.1567
68 1095 0.1784
68 1096 0.1919
68 1097 0.2183
68 1099 0.7944
68 1102 0.5239
68 1103 0.1763
68 1104 0.1862
68 1105 0.1743
68 1106 0.1864
68 1107 0.1984
68 1108 0.1229
68 1110 0.2183
68 1111 0.1550
68 1113 0.1778
68 1115 0.1696
68 1116 0.1771
68 1117 0.8698
68 1118 0.1883
68 1119 0.1784
68 1122 0.1856
68 1123 0.2106
68 1125 0.1405
68 1126 0.1856
68 1127 0.1896
68 1128 0.1866
68 1129 0.1553
68 1130 0.6550
68 1134 0.1889
68 1135 0.9162
68 1138 0.1906
68 1141 0.1461
68 1142 0.1889
68 1146 0.2374
68 1147 0.1731
68 1150 0.1719
68 1151 0.3437
68 1152 0.6270
68 1153 0.1267
68 1154 0.1935
68 1157 0.4675
68 1158 0.1973
68 1160 0.1586
68 1161 0.1889
68 1162 0.1683
68 1163 0.1915
68 1165 0.2304
68 1166 0.2106
68 1167 0.2061
68 1169 0.1629
68 1172 0.1889
68 1176 0.1931
68 1177 0.1889
68 1180 0.1934
68 1182 0.1983
68 1185 0.1720
68 1186 0.6387
68 1187 0.1516
68 1188 0.2923
68 1189 0.2554
68 1193 0.1923
68 1194 0.1731
68 1195 0.1882
68 1196 0.5005
68 1199 0.1872
68 1200 0.1726
68 1201 0.1856
68 1202 0.1610
68 1203 0.1754
68 1204 0.3861
68 1205 0.1856
68 1206 0.4406
68 1208 0.2053
68 1209 0.1889
68 1210 0.1932
68 1211 0.2129
68 1212 0.2106
68 1213 0.1762
68 1216 0.2183
68 1217 0.1788
68 1218 0.1908
68 1219 0.1784
68 1220 0.1889
68 1221 0.6565
68 1223 0.1687
68 1225 0.2169
68 1226 0.6163
68 1227 0.1747
68 1228 0.2183
68 1229 0.1941
68 1230 0.2183
68 1231 0.1538
68 1235 0.1882
68 1236 0.1889
68 1237 0.1722
68 1238 0.1889
68 1240 0.2284
68 1241 0.1528
68 1242 0.2290
68 1244 0.2183
68 1247 0.1567
68 1248 0.3467
68 1249 0.2374
68 1250 0.1618
68 1251 0.2019
68 1252 0.2259
68 1253 0.1784
68 1254 0.1696
68 1256 0.2109
68 1257 0.1889
68 1258 0.1808
68 1259 0.1856
68 1260 0.2011
68 1262 0.1773
68 1263 0.1594
68 1265 0.1811
68 1266 0.2554
68 1267 0.1889
68 1269 0.2211
68 1270 0.1852
68 1271 0.1709
68 1272 0.1696
68 1274 0.1889
68 1275 0.1647
68 1276 0.1779
68 1278 0.1696
68 1279 0.1962
68 1280 0.1761
68 1281 0.1458
68 1282 0.1889
68 1283 0.1999
68 1284 0.1698
68 1286 0.1687
68 1287 0.1400
68 1288 0.2183
68 1289 0.1440
68 1291 0.1721
68 1292 0.2017
68 1293 0.1731
68 1296 0.1889
68 1298 0.1917
68 1299 0.1318
68 1300 0.1889
68 1301 0.1779
68 1303 0.2037
68 1304 0.1856
68 1305 0.1591
68 1306 0.1512
68 1308 0.1820
68 1309 0.1856
68 1310 0.1587
68 1311 0.2374
68 1313 0.2183
68 1315 0.1784
68 1316 0.1965
68 1322 0.1448
68 1323 0.1883
68 1326 0.2106
68 1327 0.1889
68 1329 0.1856
68 1330 0.1732
68 1331 0.1688
68 1333 0.4145
68 1335 0.1822
68 1336 0.1803
68 1337 0.1528
68 1339 0.1615
68 1340 0.1736
68 1342 0.2069
68 1343 0.1528
68 1344 0.3497
68 1346 0.1825
68 1348 0.2183
68 1349 0.1771
68 1350 0.1856
68 1353 0.2374
68 1355 0.1400
68 1356 0.2183
68 1360 0.1515
68 1361 0.1710
68 1362 0.1973
68 1363 0.2183
68 1364 0.1782
68 1367 0.1722
68 1368 0.2106
68 1369 0.2554
68 1370 0.1915
68 1372 0.1626
68 1374 0.1889
68 1376 0.2183
68 1377 0.1889
68 1379 0.1784
68 1380 0.1856
68 1381 0.1889
68 1384 0.2374
68 1386 0.2154
68 1387 0.1669
68 1388 0.1814
68 1389 0.1935
68 1390 0.1696
68 1393 0.2374
68 1394 0.1889
68 1395 0.1889
68 1396 0.1999
68 1397 0.1824
68 1398 0.2096
68 1401 0.1696
68 1402 0.1799
68 1405 0.1784
68 1406 0.1970
68 1408 0.1649
68 1409 0.1663
68 1411 0.2183
68 1412 0.1889
68 1415 0.1889
68 1416 0.1789
68 1418 0.1605
68 1419 0.1953
68 1421 0.1514
68 1423 0.1977
68 1424 0.1856
68 1425 0.2106
68 1426 0.1757
68 1427 0.1886
68 1428 0.2374
68 1431 0.1905
68 1434 0.2192
68 1435 0.2042
68 1436 0.1784
68 1437 0.1926
68 1438 0.1515
68 1439 0.1783
68 1440 0.1901
68 1441 0.1479
68 1445 0.1576
68 1446 0.1400
68 1448 0.2183
68 1449 0.1696
68 1451 0.1856
68 1452 0.4441
68 1453 0.2183
68 1456 0.1820
68 1457 0.2923
68 1458 0.1696
68 1460 0.4122
68 1462 0.1755
68 1463 0.3239
68 1464 0.4768
68 1465 0.2654
68 1466 0.3928
68 1472 0.3946
68 1473 0.1696
68 1476 0.2183
68 1477 0.1784
68 1479 0.5536
68 1482 0.2183
68 1484 0.1764
68 1485 0.3607
68 1490 0.2183
68 1491 0.5072
68 1493 0.5381
68 1494 0.3523
68 1497 0.2183
68 1499 0.2183
68 1500 0.3539
68 1503 0.6167
68 1504 0.1882
68 1505 0.3175
68 1506 0.2183
68 1507 0.1856
68 1508 0.1856
68 1510 0.1856
68 1512 0.1889
68 1513 0.4810
68 1516 0.2271
68 1517 0.1973
68 1518 0.4031
68 1519 0.1937
68 1520 0.2027
68 1522 0.1515
68 1523 0.2374
68 1525 0.1798
68 1526 0.1781
68 1527 0.1539
68 1529 0.3440
68 1530 0.1987
68 1532 0.1448
68 1534 0.2183
68 1535 0.1856
68 1536 0.1793
68 1538 0.1379
68 1540 0.2374
68 1541 0.1623
68 1542 0.1557
68 1544 0.1515
68 1545 0.1856
68 1547 0.2002
68 1548 0.1732
68 1549 0.1716
68 1551 0.1571
68 1554 0.1889
68 1555 0.1856
68 1566 0.1670
68 1567 0.2032
68 1568 0.1651
68 1570 0.1605
68 1571 0.2668
68 1573 0.1800
68 1574 0.2183
68 1577 0.1856
68 1578 0.1856
68 1580 0.1728
68 1581 0.1856
68 1582 0.1784
68 1583 0.1856
68 1585 0.1856
68 1588 0.1849
68 1591 0.1690
68 1592 0.1528
68 1593 0.1878
68 1595 0.1687
68 1596 0.1608
68 1598 0.1889
68 1599 0.1696
68 1601 0.2183
68 1603 0.2036
68 1604 0.1856
68 1606 0.1972
68 1608 0.2674
68 1609 0.1444
68 1610 0.1751
68 1611 0.2183
68 1613 0.1995
68 1614 0.2374
68 1616 0.1696
68 1618 0.2473
68 1619 0.2088
68 1621 0.2356
68 1622 0.2131
68 1623 0.1803
68 1624 0.1850
68 1626 0.1954
68 1628 0.1856
68 1629 0.1973
68 1630 0.1528
68 1632 0.1973
68 1633 0.2304
68 1634 0.1829
68 1636 0.3141
68 1637 0.1815
68 1639 0.2374
68 1640 0.1926
68 1641 0.1834
68 1642 0.1889
68 1643 0.2183
68 1646 0.1618
68 1647 0.1696
68 1649 0.1856
68 1650 0.1856
68 1652 0.2374
68 1653 0.2554
68 1654 0.1716
68 1655 0.1889
68 1660 0.1615
68 1661 0.1889
68 1662 0.1528
68 1663 0.1665
68 1664 0.1799
68 1666 0.2183
68 1667 0.2061
68 1668 0.2165
68 1669 0.1858
68 1673 0.1696
68 1674 0.1711
68 1675 0.1856
68 1676 0.1784
68 1678 0.1960
68 1679 0.1655
68 1681 0.2374
68 1682 0.1764
68 1683 0.3440
68 1684 0.1856
68 1685 0.1889
68 1686 0.1784
68 1687 0.1701
68 1688 0.1889
68 1689 0.2228
68 1691 0.1665
68 1692 0.1891
68 1693 0.1747
68 1694 0.1785
68 1697 0.1646
68 1699 0.1603
68 1700 0.1338
68 1701 0.1711
68 1702 0.1448
68 1705 0.1471
68 1706 0.1901
68 1707 0.1923
68 1708 0.1451
68 1709 0.1605
68 1711 0.1844
68 1712 0.2121
68 1713 0.1882
68 1714 0.1819
68 1715 0.1491
68 1717 0.2288
68 1718 0.1723
68 1719 0.1856
68 1726 0.2183
68 1728 0.1360
69 70 0.1714
69 71 0.3237
69 72 0.6315
69 73 0.7607
69 74 0.1915
69 75 0.5588
69 76 0.1965
69 77 0.2333
69 78 0.7866
69 79 0.1986
69 80 0.1983
69 81 0.1854
69 82 0.7410
69 83 0.8553
69 84 0.2166
69 85 0.2191
69 86 0.5872
69 87 0.1877
69 88 0.8459
69 89 0.7779
69 90 0.2572
69 91 0.8459
69 92 0.9129
69 93 0.7417
69 94 0.1638
69 95 0.1870
69 96 0.8274
69 97 0.3939
69 98 0.9167
69 99 0.5821
69 100 0.1959
69 101 0.6873
69 102 0.4377
69 103 0.6082
69 104 0.1717
69 105 0.1912
69 106 0.6681
69 107 0.5137
69 108 0.7869
69 109 0.1674
69 110 0.3989
69 111 0.8410
69 112 0.2113
69 113 0.3751
69 114 0.6584
69 115 0.2143
69 116 0.2251
69 117 0.8517
69 119 0.1989
69 120 0.4313
69 121 0.4382
69 122 0.4749
69 123 0.6538
69 125 0.6240
69 126 0.1996
69 128 0.5654
69 129 0.1660
69 130 0.1988
69 131 0.6105
69 132 0.4307
69 133 0.2623
69 134 0.7394
69 135 0.4323
69 136 0.2131
69 137 0.2477
69 138 0.2206
69 139 0.2606
69 140 0.4979
69 142 0.1923
69 143 0.2213
69 144 0.7394
69 145 0.5528
69 146 0.1843
69 147 0.1765
69 148 0.7658
69 149 0.2045
69 150 0.1873
69 151 0.5254
69 152 0.1656
69 153 0.2194
69 154 0.2198
69 156 0.1857
69 157 0.7388
69 158 0.5788
69 159 0.7822
69 160 0.8174
69 161 0.3999
69 162 0.9478
69 163 0.1843
69 164 0.7756
69 165 0.5618
69 166 0.5940
69 167 0.4741
69 168 0.7694
69 169 0.1776
69 170 0.2135
69 171 0.1942
69 172 0.2385
69 173 0.1901
69 174 0.6196
69 175 0.2048
69 176 0.5963
69 177 0.2113
69 178 0.2106
69 179 0.6698
69 180 0.4962
69 182 0.5290
69 183 0.4527
69 184 0.1741
69 185 0.2186
69 186 0.4662
69 187 0.7429
69 188 0.4032
69 189 0.7965
69 190 0.3731
69 191 0.5939
69 192 0.1799
69 193 0.2069
69 194 0.7634
69 195 0.6319
69 196 0.6736
69 197 0.2061
69 198 0.5460
69 199 0.1973
69 200 0.6168
69 201 0.1767
69 202 0.1857
69 203 0.2113
69 204 0.2057
69 206 0.8187
69 208 0.1995
69 209 0.1942
69 210 0.1863
69 211 0.4422
69 212 0.2093
69 213 0.1857
69 214 0.1729
69 215 0.2186
69 216 0.1921
69 217 0.1516
69 218 0.4326
69 219 0.4638
69 221 0.5925
69 223 0.2268
69 224 0.5525
69 225 0.5863
69 226 0.1764
69 227 0.6224
69 228 0.4049
69 229 0.3715
69 230 0.2276
69 231 0.6207
69 232 0.2028
69 233 0.1865
69 234 0.1558
69 235 0.7903
69 236 0.1667
69 237 0.1877
69 238 0.2045
69 239 0.1815
69 240 0.7579
69 242 0.2197
69 243 0.4029
69 244 0.4754
69 245 0.4563
69 246 0.6535
69 247 0.4891
69 248 0.5856
69 249 0.6027
69 250 0.4579
69 251 0.6915
69 252 0.2113
69 253 0.6816
69 254 0.5966
69 255 0.1978
69 256 0.7380
69 257 0.6020
69 258 0.1769
69 260 0.1750
69 262 0.6831
69 263 0.6034
69 264 0.9657
69 265 0.2169
69 266 0.5081
69 267 0.4170
69 268 0.2113
69 269 0.2612
69 270 0.6234
69 272 0.1732
69 274 0.8381
69 275 0.4926
69 276 0.4363
69 277 0.1690
69 278 0.3726
69 279 0.5107
69 280 0.4519
69 281 0.2113
69 282 0.1850
69 283 0.7866
69 284 0.4884
69 285 0.8473
69 286 0.7163
69 287 0.8236
69 288 0.3863
69 289 0.5807
69 290 0.9353
69 291 0.1949
69 292 0.3263
69 293 0.5905
69 294 0.2047
69 295 0.4548
69 296 0.2094
69 297 0.6208
69 298 0.7117
69 299 0.2113
69 300 0.4808
69 301 0.5717
69 303 0.3486
69 304 0.5137
69 306 0.1973
69 307 0.2612
69 308 0.8286
69 309 0.6777
69 310 0.1776
69 311 0.6535
69 312 0.6480
69 313 0.1954
69 314 0.3710
69 315 0.5719
69 316 0.5499
69 317 0.1843
69 319 0.1891
69 320 0.3780
69 321 0.2612
69 322 0.5371
69 323 0.1660
69 324 0.1940
69 326 0.1930
69 327 0.2137
69 328 0.6932
69 330 0.1821
69 331 0.4162
69 332 0.5878
69 333 0.5029
69 334 0.5383
69 336 0.2271
69 337 0.6122
69 338 0.5017
69 339 0.4899
69 340 0.5643
69 341 0.7107
69 342 0.5187
69 343 0.7025
69 344 0.4071
69 346 0.4302
69 347 0.1551
69 348 0.2087
69 349 0.6359
69 350 0.1622
69 351 0.1904
69 352 0.3556
69 353 0.1750
69 354 0.9033
69 356 0.2759
69 357 0.3540
69 358 0.6409
69 359 0.5942
69 361 0.7301
69 362 0.6274
69 363 0.5246
69 364 0.5914
69 366 0.2019
69 367 0.5437
69 368 0.3454
69 369 0.2084
69 370 0.8536
69 371 0.1867
69 372 0.7774
69 373 0.1810
69 374 0.5429
69 375 0.1635
69 376 0.1898
69 377 0.5671
69 378 0.1857
69 379 0.2231
69 380 0.2111
69 381 0.6419
69 383 0.2172
69 384 0.5177
69 385 0.4234
69 386 0.1856
69 387 0.1782
69 388 0.2232
69 389 0.1843
69 390 0.4260
69 391 0.1919
69 392 0.5287
69 393 0.5756
69 394 0.5938
69 395 0.1652
69 396 0.1451
69 397 0.1690
69 398 0.4810
69 399 0.1745
69 400 0.1900
69 402 0.1843
69 403 0.1704
69 404 0.1940
69 406 0.2113
69 407 0.1738
69 408 0.1631
69 409 0.1871
69 410 0.1923
69 411 0.5821
69 412 0.1821
69 413 0.7948
69 414 0.2113
69 415 0.1926
69 418 0.1791
69 419 0.2612
69 420 0.2950
69 421 0.2612
69 423 0.1853
69 424 0.5173
69 425 0.1957
69 427 0.1857
69 428 0.9428
69 431 0.4988
69 432 0.1843
69 433 0.1922
69 434 0.9600
69 436 0.1962
69 438 0.2139
69 439 0.7726
69 441 0.5181
69 442 0.7621
69 445 0.5851
69 447 0.9392
69 448 0.4027
69 449 0.2101
69 450 0.4754
69 451 0.6953
69 452 0.3697
69 453 0.6039
69 454 0.5000
69 455 0.2311
69 456 0.2612
69 457 0.1660
69 458 0.5435
69 459 0.1805
69 460 0.5538
69 461 0.1902
69 462 0.1857
69 463 0.2823
69 464 0.1752
69 465 0.6726
69 466 0.2609
69 467 0.6119
69 468 0.3383
69 470 0.1956
69 471 0.3206
69 472 0.4795
69 474 0.1843
69 475 0.5799
69 476 0.3478
69 478 0.1750
69 479 0.1857
69 480 0.4519
69 481 0.7940
69 482 0.3413
69 484 0.2100
69 485 0.5098
69 487 0.2612
69 488 0.1912
69 489 0.1923
69 490 0.8141
69 491 0.5021
69 492 0.1857
69 493 0.3401
69 494 0.3413
69 495 0.8790
69 496 0.1705
69 497 0.5026
69 498 0.4671
69 499 0.1752
69 500 0.2113
69 501 0.3990
69 502 0.1843
69 503 0.1857
69 504 0.7718
69 505 0.1818
69 506 0.1911
69 507 0.4265
69 508 0.5482
69 509 0.3948
69 511 0.1903
69 513 0.1592
69 514 0.2494
69 515 0.5262
69 516 0.1725
69 517 0.5673
69 518 0.1660
69 519 0.2113
69 520 0.4835
69 521 0.5204
69 522 0.2041
69 523 0.5618
69 526 0.1853
69 527 0.2308
69 528 0.1942
69 530 0.1843
69 531 0.7845
69 534 0.5843
69 535 0.5953
69 536 0.4053
69 537 0.1738
69 538 0.2113
69 539 0.4326
69 540 0.8089
69 541 0.2094
69 542 0.4516
69 543 0.1660
69 544 0.1731
69 545 0.3753
69 546 0.1660
69 547 0.1660
69 548 0.3322
69 549 0.1660
69 551 0.2612
69 552 0.6775
69 553 0.1861
69 554 0.1854
69 555 0.2057
69 556 0.2612
69 558 0.5991
69 559 0.4752
69 560 0.4925
69 561 0.1758
69 562 0.4199
69 563 0.2075
69 564 0.4736
69 565 0.2606
69 568 0.6750
69 569 0.5217
69 570 0.1821
69 571 0.5099
69 572 0.2177
69 573 0.7109
69 574 0.1876
69 575 0.5701
69 576 0.2815
69 577 0.1735
69 578 0.4843
69 579 0.2478
69 581 0.1825
69 582 0.4190
69 583 0.3652
69 584 0.1907
69 585 0.2382
69 587 0.4443
69 589 0.4577
69 590 0.6335
69 592 0.4796
69 593 0.1794
69 594 0.4741
69 599 0.3609
69 600 0.6000
69 601 0.1761
69 602 0.1862
69 605 0.2113
69 606 0.4326
69 607 0.5143
69 608 0.1691
69 609 0.3366
69 610 0.4796
69 612 0.5083
69 613 0.5735
69 614 0.2029
69 617 0.3541
69 618 0.7168
69 619 0.6989
69 621 0.1630
69 622 0.1923
69 623 0.4300
69 625 0.2063
69 626 0.5893
69 627 0.2031
69 628 0.3966
69 629 0.2382
69 631 0.5330
69 632 0.1926
69 633 0.1963
69 634 0.1861
69 635 0.2111
69 636 0.2113
69 637 0.6266
69 638 0.5670
69 639 0.8241
69 640 0.1823
69 641 0.1869
69 642 0.2276
69 643 0.1810
69 644 0.4162
69 645 0.1982
69 646 0.5420
69 648 0.4047
69 649 0.2157
69 650 0.2260
69 651 0.1878
69 652 0.1656
69 653 0.5955
69 655 0.7183
69 656 0.1684
69 657 0.3878
69 658 0.1804
69 659 0.1861
69 660 0.1923
69 661 0.7094
69 662 0.5752
69 663 0.2113
69 664 0.8280
69 666 0.6247
69 668 0.1823
69 669 0.1843
69 671 0.1981
69 672 0.4731
69 673 0.3465
69 674 0.6535
69 676 0.1950
69 677 0.3671
69 678 0.6733
69 679 0.1861
69 680 0.3725
69 683 0.1857
69 684 0.5780
69 685 0.3898
69 686 0.2612
69 687 0.2612
69 688 0.3689
69 689 0.9539
69 690 0.1843
69 691 0.2289
69 692 0.5786
69 693 0.6625
69 694 0.3461
69 695 0.4165
69 696 0.6405
69 697 0.2019
69 698 0.3839
69 699 0.3944
69 700 0.6031
69 702 0.1944
69 703 0.1976
69 704 0.1878
69 705 0.3054
69 706 0.6933
69 707 0.5218
69 708 0.1923
69 709 0.2288
69 710 0.4346
69 711 0.5712
69 712 0.5599
69 713 0.5220
69 714 0.5134
69 716 0.2113
69 717 0.3144
69 718 0.5503
69 721 0.5191
69 722 0.4945
69 723 0.1923
69 724 0.4992
69 726 0.2502
69 727 0.1857
69 728 0.2004
69 729 0.2199
69 731 0.7400
69 732 0.2055
69 733 0.1660
69 734 0.1739
69 735 0.5233
69 736 0.5307
69 737 0.5348
69 738 0.3931
69 740 0.2174
69 741 0.8866
69 742 0.1798
69 743 0.1921
69 744 0.1908
69 745 0.1732
69 746 0.1660
69 747 0.2113
69 748 0.9663
69 750 0.2145
69 751 0.1794
69 752 0.2147
69 753 0.3745
69 754 0.1843
69 755 0.1878
69 756 0.1858
69 758 0.6187
69 759 0.7764
69 760 0.7406
69 761 0.2315
69 762 0.1874
69 763 0.8106
69 764 0.1775
69 766 0.6370
69 767 0.1923
69 768 0.6454
69 769 0.4853
69 770 0.2002
69 771 0.5129
69 772 0.1660
69 773 0.2612
69 775 0.1930
69 776 0.1882
69 777 0.1816
69 778 0.2299
69 780 0.5606
69 781 0.4242
69 782 0.2010
69 783 0.2090
69 784 0.4111
69 785 0.7913
69 786 0.6118
69 787 0.3540
69 789 0.2197
69 792 0.4945
69 793 0.2307
69 794 0.3663
69 796 0.2041
69 797 0.2012
69 799 0.1563
69 801 0.5905
69 802 0.3388
69 803 0.7281
69 804 0.9334
69 805 0.2076
69 806 0.5555
69 807 0.2113
69 808 0.9025
69 809 0.5908
69 810 0.4861
69 811 0.6196
69 813 0.1758
69 814 0.4632
69 815 0.6384
69 816 0.1981
69 817 0.4502
69 818 0.6161
69 819 0.2884
69 820 0.2113
69 821 0.1800
69 822 0.6006
69 823 0.4621
69 824 0.1923
69 825 0.1963
69 827 0.2127
69 828 0.2029
69 829 0.1857
69 830 0.1695
69 831 0.2328
69 832 0.2280
69 833 0.5591
69 834 0.1880
69 835 0.1878
69 836 0.3691
69 838 0.1889
69 839 0.2029
69 840 0.1923
69 841 0.2064
69 842 0.2376
69 843 0.6920
69 845 0.2063
69 846 0.1636
69 848 0.1794
69 849 0.2053
69 851 0.2243
69 853 0.1785
69 855 0.2113
69 856 0.4081
69 858 0.1861
69 860 0.3032
69 861 0.1786
69 862 0.1857
69 864 0.1896
69 865 0.6998
69 866 0.3125
69 867 0.1874
69 868 0.5794
69 869 0.5295
69 870 0.1952
69 871 0.6477
69 872 0.5525
69 876 0.7049
69 877 0.3413
69 878 0.4592
69 880 0.7750
69 881 0.5255
69 882 0.1872
69 883 0.1713
69 884 0.1857
69 885 0.4564
69 886 0.3540
69 887 0.1893
69 888 0.1778
69 889 0.5249
69 890 0.2041
69 891 0.8755
69 893 0.5754
69 894 0.3480
69 895 0.2118
69 896 0.1660
69 897 0.2612
69 898 0.4918
69 900 0.5591
69 901 0.5158
69 903 0.5661
69 905 0.1917
69 907 0.1857
69 908 0.6409
69 909 0.1886
69 911 0.1660
69 912 0.1794
69 913 0.2288
69 914 0.7952
69 915 0.4953
69 918 0.1795
69 919 0.1794
69 920 0.6493
69 921 0.2049
69 922 0.5472
69 924 0.1981
69 928 0.2113
69 929 0.1660
69 930 0.1485
69 933 0.2094
69 934 0.2738
69 935 0.1963
69 936 0.6998
69 938 0.7292
69 940 0.1927
69 941 0.2094
69 942 0.1288
69 943 0.6495
69 946 0.1831
69 947 0.1928
69 951 0.1853
69 952 0.2113
69 953 0.2127
69 954 0.3257
69 955 0.5813
69 956 0.3358
69 958 0.2627
69 959 0.2041
69 960 0.2195
69 961 0.2612
69 962 0.2612
69 963 0.4578
69 964 0.1843
69 965 0.1857
69 966 0.5884
69 967 0.2436
69 968 0.3764
69 971 0.6934
69 972 0.1660
69 973 0.1800
69 974 0.2231
69 975 0.2612
69 976 0.4480
69 977 0.2612
69 978 0.2113
69 979 0.1992
69 980 0.1853
69 981 0.2111
69 983 0.3338
69 984 0.1737
69 986 0.1887
69 987 0.1970
69 989 0.2144
69 990 0.1782
69 992 0.2113
69 993 0.2168
69 994 0.5963
69 995 0.1932
69 996 0.1660
69 999 0.4666
69 1001 0.2113
69 1002 0.5576
69 1003 0.9376
69 1004 0.5572
69 1006 0.2113
69 1007 0.5395
69 1008 0.2518
69 1010 0.1776
69 1013 0.3776
69 1014 0.1943
69 1015 0.7665
69 1016 0.1700
69 1017 0.1826
69 1018 0.1660
69 1019 0.1923
69 1020 0.2688
69 1022 0.1887
69 1024 0.1684
69 1025 0.2113
69 1026 0.1737
69 1027 0.1747
69 1029 0.1923
69 1030 0.2192
69 1032 0.1857
69 1033 0.2113
69 1035 0.7079
69 1036 0.3957
69 1037 0.2181
69 1040 0.2764
69 1041 0.1919
69 1042 0.2055
69 1043 0.6666
69 1045 0.4947
69 1046 0.7032
69 1047 0.1729
69 1048 0.2011
69 1049 0.1916
69 1050 0.1522
69 1052 0.1857
69 1053 0.4687
69 1055 0.2612
69 1056 0.1760
69 1057 0.2113
69 1058 0.2596
69 1059 0.2456
69 1060 0.5991
69 1061 0.2309
69 1062 0.3823
69 1063 0.7212
69 1065 0.1703
69 1066 0.4982
69 1067 0.2348
69 1068 0.1935
69 1069 0.1936
69 1070 0.1674
69 1072 0.1794
69 1075 0.1978
69 1076 0.1923
69 1077 0.5720
69 1079 0.2114
69 1080 0.1843
69 1081 0.3755
69 1082 0.2043
69 1083 0.8420
69 1084 0.1857
69 1087 0.2113
69 1089 0.1986
69 1090 0.2142
69 1093 0.3357
69 1094 0.2880
69 1095 0.1843
69 1096 0.1596
69 1097 0.1857
69 1099 0.8518
69 1102 0.7168
69 1103 0.3280
69 1104 0.1980
69 1105 0.1944
69 1106 0.2150
69 1107 0.2019
69 1108 0.2142
69 1110 0.1857
69 1111 0.3361
69 1113 0.3171
69 1115 0.1923
69 1116 0.2008
69 1117 0.7175
69 1118 0.1950
69 1119 0.1843
69 1122 0.2113
69 1123 0.2094
69 1125 0.1895
69 1126 0.2113
69 1127 0.1786
69 1128 0.1776
69 1129 0.1650
69 1130 0.8999
69 1134 0.1660
69 1135 0.9344
69 1138 0.1958
69 1141 0.1321
69 1142 0.1660
69 1146 0.2612
69 1147 0.1854
69 1150 0.1962
69 1151 0.5812
69 1152 0.5845
69 1153 0.1861
69 1154 0.1998
69 1157 0.6998
69 1158 0.2029
69 1160 0.3911
69 1161 0.1660
69 1162 0.4098
69 1163 0.4815
69 1165 0.1861
69 1166 0.2094
69 1167 0.2190
69 1169 0.2756
69 1172 0.1660
69 1176 0.4279
69 1177 0.1660
69 1180 0.1934
69 1182 0.2372
69 1185 0.1626
69 1186 0.8704
69 1187 0.1921
69 1188 0.3671
69 1189 0.2111
69 1193 0.1991
69 1194 0.1854
69 1195 0.1936
69 1196 0.4059
69 1199 0.1982
69 1200 0.5280
69 1201 0.2113
69 1202 0.1666
69 1203 0.1732
69 1204 0.3880
69 1205 0.2113
69 1206 0.7467
69 1208 0.1898
69 1209 0.1660
69 1210 0.2148
69 1211 0.8056
69 1212 0.2094
69 1213 0.5462
69 1216 0.1857
69 1217 0.1933
69 1218 0.3438
69 1219 0.1843
69 1220 0.1660
69 1221 0.6874
69 1223 0.1862
69 1225 0.5295
69 1226 0.6311
69 1227 0.1924
69 1228 0.1857
69 1229 0.1923
69 1230 0.1857
69 1231 0.1718
69 1235 0.1936
69 1236 0.1660
69 1237 0.4735
69 1238 0.1660
69 1240 0.5562
69 1241 0.2864
69 1242 0.6645
69 1244 0.1857
69 1247 0.5590
69 1248 0.6207
69 1249 0.2612
69 1250 0.1690
69 1251 0.1871
69 1252 0.2141
69 1253 0.1843
69 1254 0.1923
69 1256 0.2371
69 1257 0.1660
69 1258 0.1856
69 1259 0.2113
69 1260 0.2342
69 1262 0.1955
69 1263 0.1758
69 1265 0.1666
69 1266 0.2111
69 1267 0.1660
69 1269 0.2276
69 1270 0.2001
69 1271 0.1969
69 1272 0.1923
69 1274 0.1660
69 1275 0.1584
69 1276 0.1857
69 1278 0.1923
69 1279 0.1828
69 1280 0.1906
69 1281 0.3035
69 1282 0.1660
69 1283 0.5013
69 1284 0.2705
69 1286 0.2767
69 1287 0.3830
69 1288 0.1857
69 1289 0.5189
69 1291 0.4684
69 1292 0.5938
69 1293 0.1854
69 1296 0.1660
69 1298 0.3751
69 1299 0.5805
69 1300 0.2376
69 1301 0.5412
69 1303 0.4516
69 1304 0.2113
69 1305 0.4470
69 1306 0.3338
69 1308 0.2048
69 1309 0.2113
69 1310 0.1621
69 1311 0.2612
69 1313 0.2129
69 1315 0.1843
69 1316 0.4835
69 1322 0.5429
69 1323 0.1942
69 1326 0.2094
69 1327 0.1660
69 1329 0.2113
69 1330 0.1867
69 1331 0.4645
69 1333 0.4154
69 1335 0.2233
69 1336 0.1785
69 1337 0.1853
69 1339 0.1808
69 1340 0.4555
69 1342 0.5975
69 1343 0.1853
69 1344 0.1978
69 1346 0.1985
69 1348 0.1857
69 1349 0.2008
69 1350 0.2113
69 1353 0.2612
69 1355 0.1708
69 1356 0.1857
69 1360 0.7221
69 1361 0.1831
69 1362 0.2029
69 1363 0.1857
69 1364 0.1982
69 1367 0.6273
69 1368 0.2094
69 1369 0.7887
69 1370 0.6834
69 1372 0.1694
69 1374 0.1660
69 1376 0.1857
69 1377 0.1660
69 1379 0.1843
69 1380 0.2113
69 1381 0.1660
69 1384 0.2612
69 1386 0.2041
69 1387 0.1785
69 1388 0.1949
69 1389 0.2148
69 1390 0.1923
69 1393 0.2612
69 1394 0.1660
69 1395 0.1660
69 1396 0.2156
69 1397 0.2055
69 1398 0.2147
69 1401 0.1923
69 1402 0.1978
69 1405 0.1843
69 1406 0.2098
69 1408 0.1778
69 1409 0.1798
69 1411 0.1857
69 1412 0.1660
69 1415 0.1660
69 1416 0.1867
69 1418 0.1664
69 1419 0.2013
69 1421 0.1510
69 1423 0.1991
69 1424 0.2113
69 1425 0.2094
69 1426 0.3352
69 1427 0.1886
69 1428 0.2612
69 1431 0.1911
69 1434 0.2280
69 1435 0.2056
69 1436 0.1843
69 1437 0.1919
69 1438 0.1449
69 1439 0.2002
69 1440 0.1901
69 1441 0.1887
69 1445 0.1695
69 1446 0.1708
69 1448 0.1857
69 1449 0.3776
69 1451 0.2113
69 1452 0.2147
69 1453 0.1857
69 1456 0.3709
69 1457 0.3632
69 1458 0.1923
69 1460 0.4342
69 1462 0.4217
69 1463 0.4439
69 1464 0.6347
69 1465 0.3422
69 1466 0.5751
69 1472 0.4323
69 1473 0.1923
69 1476 0.1857
69 1477 0.1843
69 1479 0.5013
69 1482 0.3257
69 1484 0.1730
69 1485 0.7773
69 1490 0.1857
69 1491 0.5728
69 1493 0.6958
69 1494 0.1943
69 1497 0.1857
69 1499 0.4326
69 1500 0.5490
69 1503 0.7040
69 1504 0.3497
69 1505 0.5734
69 1506 0.1857
69 1507 0.2113
69 1508 0.2113
69 1510 0.2113
69 1512 0.3530
69 1513 0.4845
69 1516 0.4524
69 1517 0.2029
69 1518 0.4502
69 1519 0.4832
69 1520 0.6310
69 1522 0.6045
69 1523 0.2612
69 1525 0.2790
69 1526 0.5700
69 1527 0.6169
69 1529 0.6551
69 1530 0.6538
69 1532 0.5429
69 1534 0.2129
69 1535 0.2113
69 1536 0.1900
69 1538 0.5585
69 1540 0.2612
69 1541 0.1794
69 1542 0.7263
69 1544 0.3445
69 1545 0.2113
69 1547 0.6713
69 1548 0.1685
69 1549 0.3313
69 1551 0.6692
69 1554 0.1660
69 1555 0.2113
69 1566 0.4731
69 1567 0.3449
69 1568 0.4207
69 1570 0.1664
69 1571 0.2149
69 1573 0.6309
69 1574 0.1857
69 1577 0.2113
69 1578 0.2113
69 1580 0.4206
69 1581 0.2113
69 1582 0.1843
69 1583 0.2113
69 1585 0.1759
69 1588 0.1674
69 1591 0.5802
69 1592 0.1853
69 1593 0.6468
69 1595 0.4042
69 1596 0.1830
69 1598 0.1660
69 1599 0.3144
69 1601 0.1857
69 1603 0.1944
69 1604 0.2113
69 1606 0.2062
69 1608 0.2710
69 1609 0.1705
69 1610 0.3043
69 1611 0.1857
69 1613 0.6066
69 1614 0.2612
69 1616 0.1923
69 1618 0.2187
69 1619 0.2104
69 1621 0.5202
69 1622 0.5776
69 1623 0.1785
69 1624 0.6273
69 1626 0.1981
69 1628 0.2113
69 1629 0.2029
69 1630 0.1853
69 1632 0.2029
69 1633 0.1861
69 1634 0.4696
69 1636 0.5722
69 1637 0.1948
69 1639 0.2612
69 1640 0.7851
69 1641 0.2003
69 1642 0.2950
69 1643 0.1857
69 1646 0.1690
69 1647 0.1923
69 1649 0.2113
69 1650 0.2113
69 1652 0.2612
69 1653 0.2111
69 1654 0.2026
69 1655 0.1660
69 1660 0.1832
69 1661 0.1660
69 1662 0.1853
69 1663 0.1721
69 1664 0.1978
69 1666 0.1857
69 1667 0.3125
69 1668 0.2251
69 1669 0.2034
69 1673 0.1923
69 1674 0.1586
69 1675 0.2113
69 1676 0.1843
69 1678 0.1782
69 1679 0.1820
69 1681 0.2612
69 1682 0.1730
69 1683 0.2149
69 1684 0.2113
69 1685 0.1660
69 1686 0.1843
69 1687 0.2752
69 1688 0.1660
69 1689 0.2284
69 1691 0.1945
69 1692 0.2041
69 1693 0.1752
69 1694 0.1917
69 1697 0.1635
69 1699 0.1948
69 1700 0.1962
69 1701 0.1677
69 1702 0.1913
69 1705 0.1603
69 1706 0.1901
69 1707 0.1936
69 1708 0.1636
69 1709 0.3226
69 1711 0.2030
69 1712 0.2188
69 1713 0.1885
69 1714 0.2094
69 1715 0.1821
69 1717 0.2369
69 1718 0.1660
69 1719 0.2113
69 1726 0.1857
69 1728 0.1602
70 71 0.1547
70 72 0.1842
70 73 0.3366
70 74 0.1514
70 75 0.2024
70 76 0.1941
70 77 0.2297
70 78 0.2273
70 79 0.1247
70 80 0.1019
70 81 0.5656
70 82 0.1633
70 83 0.1738
70 84 0.7800
70 85 0.9538
70 86 0.1723
70 87 0.1499
70 88 0.1859
70 89 0.3908
70 90 0.6567
70 91 0.1512
70 92 0.1923
70 93 0.2264
70 94 0.8509
70 95 0.1801
70 96 0.1536
70 97 0.1939
70 98 0.2570
70 99 0.2156
70 100 0.1207
70 101 0.1718
70 102 0.2017
70 103 0.2706
70 104 0.1630
70 105 0.1679
70 106 0.2083
70 107 0.1609
70 108 0.2127
70 109 0.8006
70 110 0.1972
70 111 0.2328
70 112 0.2226
70 113 0.1974
70 114 0.1494
70 115 0.8395
70 116 0.9534
70 117 0.1868
70 119 0.1855
70 120 0.2121
70 121 0.1997
70 122 0.2150
70 123 0.3401
70 125 0.3458
70 126 0.1754
70 128 0.1733
70 129 0.3908
70 130 0.1594
70 131 0.1994
70 132 0.1767
70 133 0.1616
70 134 0.2288
70 135 0.1695
70 136 0.7931
70 137 0.8423
70 138 0.1823
70 139 0.1496
70 140 0.2077
70 142 0.3951
70 143 0.9659
70 144 0.1547
70 145 0.2230
70 146 0.1578
70 147 0.1583
70 148 0.1455
70 149 0.1818
70 150 0.1424
70 151 0.4202
70 152 0.8481
70 153 0.8670
70 154 0.9277
70 156 0.1999
70 157 0.4974
70 158 0.2239
70 159 0.2101
70 160 0.1404
70 161 0.1983
70 162 0.2260
70 163 0.1613
70 164 0.1841
70 165 0.1733
70 166 0.1630
70 167 0.1506
70 168 0.1893
70 169 0.1794
70 170 0.2693
70 171 0.1934
70 172 0.2414
70 173 0.1902
70 174 0.1591
70 175 0.5256
70 176 0.1324
70 177 0.2226
70 178 0.2718
70 179 0.1759
70 180 0.1430
70 182 0.2140
70 183 0.1959
70 184 0.8787
70 185 0.2127
70 186 0.1383
70 187 0.2218
70 188 0.1939
70 189 0.1623
70 190 0.1563
70 191 0.2016
70 192 0.1720
70 193 0.1942
70 194 0.2182
70 195 0.2141
70 196 0.1801
70 197 0.1887
70 198 0.1408
70 199 0.1950
70 200 0.1570
70 201 0.1484
70 202 0.1999
70 203 0.2226
70 204 0.1945
70 206 0.1855
70 208 0.2013
70 209 0.1572
70 210 0.5749
70 211 0.1986
70 212 0.6395
70 213 0.1999
70 214 0.1516
70 215 0.9034
70 216 0.3026
70 217 0.1511
70 218 0.1970
70 219 0.1421
70 221 0.1980
70 223 0.2185
70 224 0.1705
70 225 0.1900
70 226 0.1582
70 227 0.1742
70 228 0.1865
70 229 0.1630
70 230 0.9559
70 231 0.1829
70 232 0.1722
70 233 0.7379
70 234 0.1496
70 235 0.2190
70 236 0.7945
70 237 0.1874
70 238 0.1482
70 239 0.1679
70 240 0.1912
70 242 0.1970
70 243 0.1977
70 244 0.1527
70 245 0.1614
70 246 0.1532
70 247 0.1629
70 248 0.1835
70 249 0.1558
70 250 0.1945
70 251 0.1540
70 252 0.2226
70 253 0.2213
70 254 0.2062
70 255 0.1900
70 256 0.1907
70 257 0.1499
70 258 0.1702
70 260 0.1741
70 262 0.2060
70 263 0.1606
70 264 0.2193
70 265 0.7417
70 266 0.1337
70 267 0.1745
70 268 0.2226
70 269 0.1987
70 270 0.1747
70 272 0.8144
70 274 0.1725
70 275 0.1588
70 276 0.2105
70 277 0.4818
70 278 0.1434
70 279 0.1947
70 280 0.1621
70 281 0.2226
70 282 0.7476
70 283 0.2208
70 284 0.1424
70 285 0.1361
70 286 0.2725
70 287 0.1911
70 288 0.1696
70 289 0.1302
70 290 0.1742
70 291 0.1447
70 292 0.0948
70 293 0.1651
70 294 0.0974
70 295 0.2260
70 296 0.5001
70 297 0.2058
70 298 0.1788
70 299 0.2226
70 300 0.2010
70 301 0.1844
70 303 0.1691
70 304 0.2026
70 306 0.1819
70 307 0.1987
70 308 0.1602
70 309 0.2571
70 310 0.4410
70 311 0.1532
70 312 0.1443
70 313 0.1806
70 314 0.1997
70 315 0.1763
70 316 0.1662
70 317 0.1578
70 319 0.1119
70 320 0.1486
70 321 0.1987
70 322 0.1563
70 323 0.1699
70 324 0.1944
70 326 0.1849
70 327 0.1694
70 328 0.2088
70 330 0.1714
70 331 0.2037
70 332 0.1521
70 333 0.1956
70 334 0.1739
70 336 0.1687
70 337 0.1754
70 338 0.1829
70 339 0.1336
70 340 0.2018
70 341 0.1617
70 342 0.2003
70 343 0.1586
70 344 0.1668
70 346 0.1682
70 347 0.7602
70 348 0.8377
70 349 0.1707
70 350 0.1545
70 351 0.1774
70 352 0.1745
70 353 0.1741
70 354 0.1491
70 356 0.1553
70 357 0.1532
70 358 0.1741
70 359 0.1705
70 361 0.2086
70 362 0.2133
70 363 0.1940
70 364 0.1932
70 366 0.1642
70 367 0.1630
70 368 0.1715
70 369 0.1807
70 370 0.2287
70 371 0.1877
70 372 0.1412
70 373 0.1680
70 374 0.1562
70 375 0.8169
70 376 0.1283
70 377 0.1465
70 378 0.1999
70 379 0.7997
70 380 0.2185
70 381 0.1705
70 383 0.2219
70 384 0.1984
70 385 0.1761
70 386 0.1663
70 387 0.7214
70 388 0.2025
70 389 0.1578
70 390 0.1656
70 391 0.3372
70 392 0.1971
70 393 0.1642
70 394 0.1784
70 395 0.6536
70 396 0.4615
70 397 0.3838
70 398 0.1684
70 399 0.7671
70 400 0.1839
70 402 0.1578
70 403 0.3749
70 404 0.1767
70 406 0.2226
70 407 0.1581
70 408 0.8205
70 409 0.1891
70 410 0.1780
70 411 0.3206
70 412 0.4161
70 413 0.1587
70 414 0.2226
70 415 0.1880
70 418 0.1513
70 419 0.1987
70 420 0.1699
70 421 0.1987
70 423 0.2367
70 424 0.1581
70 425 0.2469
70 427 0.1999
70 428 0.2128
70 431 0.1642
70 432 0.1578
70 433 0.1849
70 434 0.2295
70 436 0.6011
70 438 0.9624
70 439 0.1696
70 441 0.2884
70 442 0.2255
70 445 0.1410
70 447 0.1923
70 448 0.1670
70 449 0.9709
70 450 0.1527
70 451 0.1538
70 452 0.1991
70 453 0.1666
70 454 0.2149
70 455 0.4494
70 456 0.1987
70 457 0.1699
70 458 0.1633
70 459 0.1721
70 460 0.2023
70 461 0.1650
70 462 0.1999
70 463 0.2903
70 464 0.5854
70 465 0.1820
70 466 0.3046
70 467 0.1713
70 468 0.1605
70 470 0.2158
70 471 0.1998
70 472 0.1975
70 474 0.1578
70 475 0.1906
70 476 0.2144
70 478 0.1741
70 479 0.1999
70 480 0.1621
70 481 0.1630
70 482 0.1578
70 484 0.1909
70 485 0.1386
70 487 0.1987
70 488 0.1956
70 489 0.1563
70 490 0.1779
70 491 0.1569
70 492 0.1999
70 493 0.1502
70 494 0.1578
70 495 0.1909
70 496 0.1424
70 497 0.3285
70 498 0.1984
70 499 0.4269
70 500 0.2226
70 501 0.1979
70 502 0.1613
70 503 0.1999
70 504 0.1703
70 505 0.5028
70 506 0.1830
70 507 0.2032
70 508 0.5121
70 509 0.1780
70 511 0.1822
70 513 0.1614
70 514 0.4558
70 515 0.2072
70 516 0.1532
70 517 0.1814
70 518 0.1699
70 519 0.2226
70 520 0.1666
70 521 0.1913
70 522 0.1709
70 523 0.1802
70 526 0.1745
70 527 0.7540
70 528 0.0979
70 530 0.1578
70 531 0.1594
70 534 0.1674
70 535 0.1738
70 536 0.2015
70 537 0.1692
70 538 0.2226
70 539 0.1999
70 540 0.1683
70 541 0.1767
70 542 0.1874
70 543 0.1699
70 544 0.1629
70 545 0.1500
70 546 0.1699
70 547 0.1699
70 548 0.1773
70 549 0.1699
70 551 0.1987
70 552 0.1987
70 553 0.2002
70 554 0.1529
70 555 0.7634
70 556 0.1987
70 558 0.1892
70 559 0.1423
70 560 0.2034
70 561 0.7657
70 562 0.1644
70 563 0.1953
70 564 0.1590
70 565 0.1496
70 568 0.2113
70 569 0.1820
70 570 0.4294
70 571 0.1765
70 572 0.8857
70 573 0.1764
70 574 0.1259
70 575 0.2793
70 576 0.1940
70 577 0.1768
70 578 0.1993
70 579 0.2224
70 581 0.1730
70 582 0.2003
70 583 0.1948
70 584 0.1920
70 585 0.4591
70 587 0.4333
70 589 0.1647
70 590 0.3387
70 592 0.1906
70 593 0.3598
70 594 0.1506
70 599 0.1916
70 600 0.1827
70 601 0.7745
70 602 0.1755
70 605 0.2226
70 606 0.1999
70 607 0.1524
70 608 0.1696
70 609 0.1639
70 610 0.1699
70 612 0.1447
70 613 0.2027
70 614 0.1849
70 617 0.1523
70 618 0.1581
70 619 0.2069
70 621 0.8449
70 622 0.1563
70 623 0.1741
70 625 0.1787
70 626 0.1995
70 627 0.8532
70 628 0.1916
70 629 0.2049
70 631 0.1735
70 632 0.1398
70 633 0.1623
70 634 0.2002
70 635 0.2185
70 636 0.2226
70 637 0.2118
70 638 0.1709
70 639 0.2192
70 640 0.1686
70 641 0.1829
70 642 0.1745
70 643 0.1751
70 644 0.1574
70 645 0.1687
70 646 0.1815
70 648 0.1974
70 649 0.1561
70 650 0.7835
70 651 0.1711
70 652 0.4203
70 653 0.1785
70 655 0.1825
70 656 0.6807
70 657 0.1733
70 658 0.7558
70 659 0.2002
70 660 0.1563
70 661 0.1688
70 662 0.1872
70 663 0.2226
70 664 0.1818
70 666 0.1706
70 668 0.1686
70 669 0.1578
70 671 0.1801
70 672 0.1450
70 673 0.1560
70 674 0.1532
70 676 0.1792
70 677 0.1578
70 678 0.1908
70 679 0.1920
70 680 0.1614
70 683 0.1999
70 684 0.1894
70 685 0.1959
70 686 0.1987
70 687 0.1987
70 688 0.1849
70 689 0.1539
70 690 0.1613
70 691 0.1885
70 692 0.1569
70 693 0.1420
70 694 0.1515
70 695 0.2191
70 696 0.1776
70 697 0.1642
70 698 0.2106
70 699 0.1529
70 700 0.2079
70 702 0.1925
70 703 0.3292
70 704 0.1889
70 705 0.1643
70 706 0.2103
70 707 0.1743
70 708 0.1563
70 709 0.2097
70 710 0.1634
70 711 0.2145
70 712 0.1490
70 713 0.1672
70 714 0.1780
70 716 0.2226
70 717 0.1582
70 718 0.1677
70 721 0.1887
70 722 0.2030
70 723 0.4918
70 724 0.1578
70 726 0.1947
70 727 0.1999
70 728 0.6565
70 729 0.3749
70 731 0.1947
70 732 0.8578
70 733 0.1699
70 734 0.1803
70 735 0.1882
70 736 0.2287
70 737 0.3112
70 738 0.1627
70 740 0.5604
70 741 0.2424
70 742 0.4770
70 743 0.7566
70 744 0.1498
70 745 0.1443
70 746 0.1699
70 747 0.2226
70 748 0.2207
70 750 0.8617
70 751 0.4738
70 752 0.4818
70 753 0.1954
70 754 0.3395
70 755 0.1878
70 756 0.1618
70 758 0.1909
70 759 0.1358
70 760 0.1830
70 761 0.4663
70 762 0.1783
70 763 0.2913
70 764 0.1513
70 766 0.1616
70 767 0.1563
70 768 0.2689
70 769 0.1432
70 770 0.1707
70 771 0.2007
70 772 0.1699
70 773 0.1987
70 775 0.1182
70 776 0.3649
70 777 0.1847
70 778 0.1819
70 780 0.1598
70 781 0.1578
70 782 0.1915
70 783 0.2039
70 784 0.1400
70 785 0.1747
70 786 0.2093
70 787 0.1532
70 789 0.5460
70 792 0.1644
70 793 0.9208
70 794 0.2205
70 796 0.1709
70 797 0.1829
70 799 0.1604
70 801 0.1651
70 802 0.1578
70 803 0.1763
70 804 0.0936
70 805 0.2055
70 806 0.1874
70 807 0.2226
70 808 0.1797
70 809 0.1730
70 810 0.1504
70 811 0.2091
70 813 0.1553
70 814 0.1390
70 815 0.1711
70 816 0.5400
70 817 0.1704
70 818 0.1660
70 819 0.1406
70 820 0.2226
70 821 0.7956
70 822 0.1717
70 823 0.2109
70 824 0.1563
70 825 0.1971
70 827 0.5780
70 828 0.1849
70 829 0.1999
70 830 0.1476
70 831 0.2249
70 832 0.2202
70 833 0.1960
70 834 0.1865
70 835 0.1784
70 836 0.2237
70 838 0.1909
70 839 0.1849
70 840 0.1563
70 841 0.2642
70 842 0.1699
70 843 0.1814
70 845 0.4837
70 846 0.1650
70 848 0.1730
70 849 0.3375
70 851 0.3002
70 853 0.1670
70 855 0.2226
70 856 0.1999
70 858 0.2002
70 860 0.1656
70 861 0.1678
70 862 0.1999
70 864 0.1547
70 865 0.1739
70 866 0.1820
70 867 0.1640
70 868 0.2049
70 869 0.1995
70 870 0.1911
70 871 0.1945
70 872 0.2276
70 876 0.2160
70 877 0.1578
70 878 0.1829
70 880 0.1996
70 881 0.1431
70 882 0.3851
70 883 0.3593
70 884 0.1999
70 885 0.1706
70 886 0.1532
70 887 0.1268
70 888 0.1497
70 889 0.1670
70 890 0.1709
70 891 0.2657
70 893 0.2018
70 894 0.1748
70 895 0.1968
70 896 0.1699
70 897 0.1987
70 898 0.1986
70 900 0.1507
70 901 0.1614
70 903 0.2041
70 905 0.1807
70 907 0.1999
70 908 0.1741
70 909 0.1130
70 911 0.1699
70 912 0.1519
70 913 0.5625
70 914 0.1827
70 915 0.2084
70 918 0.1729
70 919 0.5055
70 920 0.2171
70 921 0.1987
70 922 0.1848
70 924 0.1923
70 928 0.2226
70 929 0.3277
70 930 0.1335
70 933 0.1767
70 934 0.1849
70 935 0.1361
70 936 0.1739
70 938 0.1807
70 940 0.4897
70 941 0.5760
70 942 0.1619
70 943 0.2301
70 946 0.6698
70 947 0.1073
70 951 0.1745
70 952 0.2226
70 953 0.9330
70 954 0.1999
70 955 0.1384
70 956 0.1714
70 958 0.1999
70 959 0.1709
70 960 0.9539
70 961 0.1987
70 962 0.1987
70 963 0.1892
70 964 0.1578
70 965 0.5680
70 966 0.1793
70 967 0.1578
70 968 0.2258
70 971 0.1614
70 972 0.2250
70 973 0.6305
70 974 0.9627
70 975 0.1987
70 976 0.1985
70 977 0.1987
70 978 0.2226
70 979 0.1815
70 980 0.2367
70 981 0.2185
70 983 0.1647
70 984 0.1726
70 986 0.4805
70 987 0.5959
70 989 0.5167
70 990 0.1680
70 992 0.2226
70 993 0.3228
70 994 0.2227
70 995 0.1032
70 996 0.4232
70 999 0.1757
70 1001 0.2226
70 1002 0.2019
70 1003 0.2495
70 1004 0.1957
70 1006 0.2226
70 1007 0.1994
70 1008 0.1872
70 1010 0.4410
70 1013 0.1563
70 1014 0.8859
70 1015 0.1728
70 1016 0.1699
70 1017 0.1639
70 1018 0.1699
70 1019 0.1563
70 1020 0.2061
70 1022 0.1692
70 1024 0.4983
70 1025 0.2226
70 1026 0.6510
70 1027 0.1679
70 1029 0.2875
70 1030 0.2124
70 1032 0.1999
70 1033 0.2226
70 1035 0.1691
70 1036 0.1993
70 1037 0.3243
70 1040 0.1696
70 1041 0.5377
70 1042 0.7075
70 1043 0.1789
70 1045 0.1945
70 1046 0.1949
70 1047 0.1516
70 1048 0.5111
70 1049 0.1802
70 1050 0.1364
70 1052 0.1999
70 1053 0.1661
70 1055 0.1987
70 1056 0.7509
70 1057 0.2226
70 1058 0.1647
70 1059 0.1631
70 1060 0.1566
70 1061 0.4293
70 1062 0.1578
70 1063 0.2181
70 1065 0.1460
70 1066 0.2306
70 1067 0.2147
70 1068 0.3458
70 1069 0.1872
70 1070 0.8534
70 1072 0.1519
70 1075 0.1900
70 1076 0.1563
70 1077 0.1553
70 1079 0.7435
70 1080 0.1578
70 1081 0.1385
70 1082 0.1907
70 1083 0.2201
70 1084 0.1999
70 1087 0.2226
70 1089 0.1740
70 1090 0.3891
70 1093 0.1553
70 1094 0.1695
70 1095 0.1578
70 1096 0.1616
70 1097 0.1999
70 1099 0.1928
70 1102 0.1581
70 1103 0.1831
70 1104 0.1951
70 1105 0.1938
70 1106 0.5769
70 1107 0.1642
70 1108 0.2153
70 1110 0.1999
70 1111 0.1623
70 1113 0.1553
70 1115 0.1563
70 1116 0.1773
70 1117 0.1550
70 1118 0.1574
70 1119 0.2867
70 1122 0.2226
70 1123 0.1767
70 1125 0.1731
70 1126 0.2226
70 1127 0.1644
70 1128 0.2309
70 1129 0.5924
70 1130 0.1788
70 1134 0.2250
70 1135 0.2410
70 1138 0.1708
70 1141 0.1277
70 1142 0.1699
70 1146 0.1987
70 1147 0.1910
70 1150 0.1711
70 1151 0.1758
70 1152 0.3015
70 1153 0.1920
70 1154 0.2105
70 1157 0.1739
70 1158 0.1849
70 1160 0.1660
70 1161 0.1699
70 1162 0.1700
70 1163 0.1970
70 1165 0.2002
70 1166 0.1767
70 1167 0.2028
70 1169 0.1615
70 1172 0.1699
70 1176 0.1750
70 1177 0.1699
70 1180 0.1755
70 1182 0.1579
70 1185 0.7490
70 1186 0.1695
70 1187 0.1776
70 1188 0.1578
70 1189 0.2185
70 1193 0.1712
70 1194 0.1529
70 1195 0.1872
70 1196 0.1619
70 1199 0.2016
70 1200 0.1796
70 1201 0.2226
70 1202 0.1706
70 1203 0.1501
70 1204 0.1872
70 1205 0.2226
70 1206 0.2121
70 1208 0.3060
70 1209 0.1699
70 1210 0.2148
70 1211 0.2520
70 1212 0.1767
70 1213 0.1732
70 1216 0.1999
70 1217 0.1958
70 1218 0.1625
70 1219 0.1578
70 1220 0.1699
70 1221 0.2001
70 1223 0.1552
70 1225 0.2168
70 1226 0.2157
70 1227 0.1608
70 1228 0.1999
70 1229 0.1780
70 1230 0.1999
70 1231 0.1608
70 1235 0.1872
70 1236 0.1699
70 1237 0.1742
70 1238 0.1699
70 1240 0.2223
70 1241 0.1745
70 1242 0.2475
70 1244 0.1999
70 1247 0.2028
70 1248 0.1829
70 1249 0.1987
70 1250 0.1713
70 1251 0.1888
70 1252 0.2114
70 1253 0.2147
70 1254 0.3945
70 1256 0.8111
70 1257 0.1699
70 1258 0.7621
70 1259 0.2226
70 1260 0.9297
70 1262 0.3261
70 1263 0.7186
70 1265 0.9219
70 1266 0.2185
70 1267 0.1699
70 1269 0.6153
70 1270 0.8804
70 1271 0.5600
70 1272 0.3951
70 1274 0.1699
70 1275 0.9150
70 1276 0.5666
70 1278 0.3945
70 1279 0.8653
70 1280 0.5421
70 1281 0.1540
70 1282 0.1699
70 1283 0.2018
70 1284 0.1559
70 1286 0.1782
70 1287 0.1547
70 1288 0.1999
70 1289 0.1488
70 1291 0.1513
70 1292 0.2064
70 1293 0.1529
70 1296 0.1699
70 1298 0.1960
70 1299 0.1768
70 1300 0.1699
70 1301 0.1693
70 1303 0.1996
70 1304 0.2226
70 1305 0.1361
70 1306 0.1647
70 1308 0.1887
70 1309 0.2226
70 1310 0.1668
70 1311 0.1987
70 1313 0.1999
70 1315 0.1578
70 1316 0.2029
70 1322 0.1562
70 1323 0.1562
70 1326 0.1767
70 1327 0.1699
70 1329 0.2226
70 1330 0.1654
70 1331 0.1562
70 1333 0.1687
70 1335 0.1694
70 1336 0.5204
70 1337 0.1745
70 1339 0.1504
70 1340 0.1635
70 1342 0.2121
70 1343 0.1745
70 1344 0.1900
70 1346 0.1739
70 1348 0.1999
70 1349 0.1773
70 1350 0.2226
70 1353 0.1987
70 1355 0.1450
70 1356 0.1999
70 1360 0.1443
70 1361 0.3862
70 1362 0.1849
70 1363 0.1999
70 1364 0.4937
70 1367 0.1871
70 1368 0.1767
70 1369 0.2348
70 1370 0.1808
70 1372 0.1605
70 1374 0.1699
70 1376 0.1999
70 1377 0.1699
70 1379 0.1578
70 1380 0.2226
70 1381 0.1699
70 1384 0.1987
70 1386 0.1709
70 1387 0.7888
70 1388 0.8222
70 1389 0.5440
70 1390 0.4590
70 1393 0.1987
70 1394 0.1699
70 1395 0.3277
70 1396 0.1873
70 1397 0.7859
70 1398 0.2969
70 1401 0.4628
70 1402 0.1900
70 1405 0.1578
70 1406 0.5867
70 1408 0.6142
70 1409 0.4770
70 1411 0.3885
70 1412 0.3049
70 1415 0.1699
70 1416 0.4803
70 1418 0.1661
70 1419 0.7894
70 1421 0.1239
70 1423 0.3663
70 1424 0.2226
70 1425 0.1767
70 1426 0.1756
70 1427 0.1886
70 1428 0.1987
70 1431 0.1925
70 1434 0.6435
70 1435 0.3064
70 1436 0.1578
70 1437 0.1957
70 1438 0.1390
70 1439 0.1744
70 1440 0.1545
70 1441 0.1323
70 1445 0.1476
70 1446 0.1450
70 1448 0.1999
70 1449 0.1563
70 1451 0.2226
70 1452 0.2056
70 1453 0.1999
70 1456 0.1887
70 1457 0.1578
70 1458 0.1563
70 1460 0.1638
70 1462 0.1771
70 1463 0.1676
70 1464 0.1789
70 1465 0.1999
70 1466 0.1629
70 1472 0.1695
70 1473 0.1563
70 1476 0.1999
70 1477 0.1578
70 1479 0.1690
70 1482 0.1999
70 1484 0.3805
70 1485 0.1714
70 1490 0.1999
70 1491 0.1601
70 1493 0.1781
70 1494 0.1706
70 1497 0.1999
70 1499 0.1999
70 1500 0.1874
70 1503 0.1935
70 1504 0.1872
70 1505 0.1699
70 1506 0.1999
70 1507 0.2226
70 1508 0.2226
70 1510 0.2226
70 1512 0.1699
70 1513 0.1641
70 1516 0.2010
70 1517 0.1849
70 1518 0.1938
70 1519 0.2005
70 1520 0.2070
70 1522 0.1634
70 1523 0.1987
70 1525 0.1655
70 1526 0.1839
70 1527 0.2123
70 1529 0.2873
70 1530 0.1991
70 1532 0.1562
70 1534 0.1999
70 1535 0.2226
70 1536 0.1839
70 1538 0.1718
70 1540 0.1987
70 1541 0.1519
70 1542 0.1651
70 1544 0.1657
70 1545 0.2226
70 1547 0.2122
70 1548 0.1488
70 1549 0.1603
70 1551 0.1716
70 1554 0.1699
70 1555 0.2226
70 1566 0.1450
70 1567 0.1717
70 1568 0.1563
70 1570 0.1661
70 1571 0.2224
70 1573 0.3009
70 1574 0.1999
70 1577 0.2226
70 1578 0.2226
70 1580 0.1646
70 1581 0.2226
70 1582 0.1578
70 1583 0.2226
70 1585 0.1777
70 1588 0.1510
70 1591 0.1763
70 1592 0.5003
70 1593 0.1664
70 1595 0.1669
70 1596 0.5368
70 1598 0.1699
70 1599 0.1563
70 1601 0.1999
70 1603 0.1767
70 1604 0.2226
70 1606 0.1784
70 1608 0.2655
70 1609 0.1503
70 1610 0.1510
70 1611 0.1999
70 1613 0.2226
70 1614 0.1987
70 1616 0.1563
70 1618 0.3935
70 1619 0.1932
70 1621 0.2308
70 1622 0.2152
70 1623 0.1670
70 1624 0.1551
70 1626 0.1687
70 1628 0.2226
70 1629 0.1849
70 1630 0.1745
70 1632 0.1849
70 1633 0.2002
70 1634 0.4116
70 1636 0.1562
70 1637 0.1684
70 1639 0.1987
70 1640 0.1890
70 1641 0.1680
70 1642 0.1699
70 1643 0.1999
70 1646 0.1713
70 1647 0.1563
70 1649 0.2226
70 1650 0.2226
70 1652 0.1987
70 1653 0.2185
70 1654 0.1620
70 1655 0.2250
70 1660 0.1611
70 1661 0.3383
70 1662 0.4061
70 1663 0.5248
70 1664 0.1900
70 1666 0.1999
70 1667 0.1820
70 1668 0.9535
70 1669 0.6975
70 1673 0.1563
70 1674 0.6415
70 1675 0.2226
70 1676 0.3403
70 1678 0.6988
70 1679 0.5351
70 1681 0.1987
70 1682 0.3805
70 1683 0.6652
70 1684 0.2226
70 1685 0.1699
70 1686 0.1578
70 1687 0.4603
70 1688 0.3925
70 1689 0.9825
70 1691 0.7800
70 1692 0.7538
70 1693 0.4269
70 1694 0.5326
70 1697 0.6500
70 1699 0.1879
70 1700 0.1968
70 1701 0.1571
70 1702 0.1668
70 1705 0.1531
70 1706 0.1901
70 1707 0.1689
70 1708 0.1405
70 1709 0.1628
70 1711 0.1973
70 1712 0.4576
70 1713 0.2788
70 1714 0.1810
70 1715 0.1714
70 1717 0.5049
70 1718 0.1467
70 1719 0.2226
70 1726 0.1999
70 1728 0.2255
71 72 0.1681
71 73 0.8818
71 74 0.1872
71 75 0.2003
71 76 0.1755
71 77 0.2265
71 78 0.8737
71 79 0.1925
71 80 0.1951
71 81 0.1606
71 82 0.1575
71 83 0.1673
71 84 0.2069
71 85 0.2135
71 86 0.1486
71 87 0.1877
71 88 0.1719
71 89 0.5596
71 90 0.2270
71 91 0.1653
71 92 0.2189
71 93 0.9284
71 94 0.1566
71 95 0.1837
71 96 0.1546
71 97 0.1905
71 98 0.2414
71 99 0.9103
71 100 0.1917
71 101 0.4386
71 102 0.1945
71 103 0.8684
71 104 0.1555
71 105 0.1600
71 106 0.2007
71 107 0.8454
71 108 0.9357
71 109 0.1424
71 110 0.1909
71 111 0.3881
71 112 0.1469
71 113 0.1929
71 114 0.1531
71 115 0.2221
71 116 0.2172
71 117 0.2979
71 119 0.1775
71 120 0.9094
71 121 0.1955
71 122 0.6423
71 123 0.2043
71 125 0.1736
71 126 0.5370
71 128 0.7018
71 129 0.1796
71 130 0.1964
71 131 0.1949
71 132 0.1947
71 133 0.1757
71 134 0.9222
71 135 0.1720
71 136 0.1950
71 137 0.2097
71 138 0.1925
71 139 0.1542
71 140 0.9483
71 142 0.1619
71 143 0.2175
71 144 0.1386
71 145 0.8150
71 146 0.1946
71 147 0.6591
71 148 0.7872
71 149 0.1603
71 150 0.1873
71 151 0.5788
71 152 0.1763
71 153 0.2270
71 154 0.2160
71 156 0.1793
71 157 0.1554
71 158 0.2493
71 159 0.2087
71 160 0.1514
71 161 0.1960
71 162 0.3955
71 163 0.5158
71 164 0.1591
71 165 0.8511
71 166 0.1522
71 167 0.1524
71 168 0.1863
71 169 0.3402
71 170 0.1813
71 171 0.1901
71 172 0.1930
71 173 0.1888
71 174 0.1515
71 175 0.1760
71 176 0.9257
71 177 0.1469
71 178 0.2077
71 179 0.8064
71 180 0.1348
71 182 0.7311
71 183 0.1928
71 184 0.1499
71 185 0.1772
71 186 0.1360
71 187 0.8286
71 188 0.1892
71 189 0.2742
71 190 0.1619
71 191 0.1823
71 192 0.3416
71 193 0.2025
71 194 0.2174
71 195 0.8489
71 196 0.8539
71 197 0.2031
71 198 0.1505
71 199 0.2611
71 200 0.1589
71 201 0.1523
71 202 0.1793
71 203 0.1469
71 204 0.1859
71 206 0.1773
71 208 0.1969
71 209 0.1902
71 210 0.1573
71 211 0.1976
71 212 0.2259
71 213 0.1793
71 214 0.1443
71 215 0.1982
71 216 0.1884
71 217 0.1402
71 218 0.1920
71 219 0.1276
71 221 0.4281
71 223 0.2549
71 224 0.1481
71 225 0.1725
71 226 0.4817
71 227 0.1667
71 228 0.1692
71 229 0.5217
71 230 0.2081
71 231 0.1858
71 232 0.4708
71 233 0.1472
71 234 0.7104
71 235 0.9322
71 236 0.1471
71 237 0.1865
71 238 0.0467
71 239 0.1584
71 240 0.1643
71 242 0.1892
71 243 0.3260
71 244 0.1458
71 245 0.5794
71 246 0.1471
71 247 0.1461
71 248 0.2013
71 249 0.1531
71 250 0.1718
71 251 0.1529
71 252 0.1469
71 253 0.1977
71 254 0.1781
71 255 0.2961
71 256 0.8833
71 257 0.1441
71 258 0.1945
71 260 0.1560
71 262 0.1528
71 263 0.1708
71 264 0.2512
71 265 0.2058
71 266 0.1476
71 267 0.1806
71 268 0.1469
71 269 0.1459
71 270 0.1725
71 272 0.1632
71 274 0.1772
71 275 0.1976
71 276 0.9226
71 277 0.1516
71 278 0.1563
71 279 0.1911
71 280 0.1435
71 281 0.1469
71 282 0.3013
71 283 0.6183
71 284 0.1275
71 285 0.1479
71 286 0.9267
71 287 0.1551
71 288 0.1692
71 289 0.1417
71 290 0.4318
71 291 0.1949
71 292 0.4175
71 293 0.1879
71 294 0.1964
71 295 0.6360
71 296 0.1940
71 297 0.9355
71 298 0.4880
71 299 0.1469
71 300 0.1947
71 301 0.1988
71 303 0.3663
71 304 0.1996
71 306 0.1742
71 307 0.1459
71 308 0.4433
71 309 0.3745
71 310 0.1603
71 311 0.1471
71 312 0.1328
71 313 0.6060
71 314 0.1945
71 315 0.8027
71 316 0.1833
71 317 0.3108
71 319 0.1882
71 320 0.1461
71 321 0.1459
71 322 0.1619
71 323 0.1796
71 324 0.1899
71 326 0.1725
71 327 0.1869
71 328 0.2029
71 330 0.1738
71 331 0.5188
71 332 0.7450
71 333 0.1654
71 334 0.1834
71 336 0.3467
71 337 0.1640
71 338 0.5005
71 339 0.1310
71 340 0.1990
71 341 0.8884
71 342 0.1969
71 343 0.1513
71 344 0.1444
71 346 0.1525
71 347 0.1599
71 348 0.1808
71 349 0.1671
71 350 0.6779
71 351 0.6039
71 352 0.1806
71 353 0.1560
71 354 0.1582
71 356 0.1455
71 357 0.5074
71 358 0.6235
71 359 0.1467
71 361 0.8549
71 362 0.8529
71 363 0.2113
71 364 0.6546
71 366 0.1798
71 367 0.1587
71 368 0.1664
71 369 0.1758
71 370 0.2570
71 371 0.1867
71 372 0.8346
71 373 0.6103
71 374 0.1586
71 375 0.1725
71 376 0.1862
71 377 0.1393
71 378 0.1793
71 379 0.3052
71 380 0.1853
71 381 0.7809
71 383 0.8133
71 384 0.1924
71 385 0.6367
71 386 0.1610
71 387 0.1685
71 388 0.2041
71 389 0.1946
71 390 0.4077
71 391 0.1537
71 392 0.1972
71 393 0.1705
71 394 0.1551
71 395 0.1475
71 396 0.1534
71 397 0.1516
71 398 0.1435
71 399 0.1582
71 400 0.1557
71 402 0.1946
71 403 0.1635
71 404 0.5159
71 406 0.1469
71 407 0.4402
71 408 0.1500
71 409 0.1871
71 410 0.1600
71 411 0.5353
71 412 0.1530
71 413 0.8076
71 414 0.1469
71 415 0.2810
71 418 0.1581
71 419 0.1459
71 420 0.1796
71 421 0.1459
71 423 0.1806
71 424 0.1403
71 425 0.1915
71 427 0.1793
71 428 0.2196
71 431 0.1442
71 432 0.1946
71 433 0.5611
71 434 0.2394
71 436 0.1750
71 438 0.2141
71 439 0.1878
71 441 0.5966
71 442 0.9098
71 445 0.1419
71 447 0.2631
71 448 0.5887
71 449 0.2068
71 450 0.1458
71 451 0.1657
71 452 0.1908
71 453 0.1459
71 454 0.9329
71 455 0.2234
71 456 0.1459
71 457 0.1796
71 458 0.1574
71 459 0.1591
71 460 0.6245
71 461 0.1716
71 462 0.3296
71 463 0.2851
71 464 0.1612
71 465 0.2040
71 466 0.8947
71 467 0.1678
71 468 0.1461
71 470 0.1920
71 471 0.8882
71 472 0.1903
71 474 0.2801
71 475 0.7611
71 476 0.8719
71 478 0.1560
71 479 0.1793
71 480 0.1435
71 481 0.1682
71 482 0.1946
71 484 0.3209
71 485 0.1643
71 487 0.1459
71 488 0.1912
71 489 0.3060
71 490 0.1624
71 491 0.1566
71 492 0.1793
71 493 0.1501
71 494 0.1946
71 495 0.3431
71 496 0.1544
71 497 0.6326
71 498 0.1954
71 499 0.1486
71 500 0.1469
71 501 0.1949
71 502 0.5158
71 503 0.1793
71 504 0.4108
71 505 0.1694
71 506 0.5687
71 507 0.1941
71 508 0.6015
71 509 0.1600
71 511 0.1736
71 513 0.1391
71 514 0.5667
71 515 0.8297
71 516 0.5168
71 517 0.1652
71 518 0.1796
71 519 0.1469
71 520 0.1700
71 521 0.5168
71 522 0.2336
71 523 0.1702
71 526 0.3116
71 527 0.2082
71 528 0.1912
71 530 0.1946
71 531 0.8469
71 534 0.6712
71 535 0.1633
71 536 0.1946
71 537 0.1591
71 538 0.1469
71 539 0.1793
71 540 0.1475
71 541 0.3955
71 542 0.2563
71 543 0.1796
71 544 0.3501
71 545 0.3722
71 546 0.1796
71 547 0.1796
71 548 0.4003
71 549 0.1796
71 551 0.1459
71 552 0.2017
71 553 0.1933
71 554 0.1897
71 555 0.1851
71 556 0.1459
71 558 0.1642
71 559 0.1295
71 560 0.2003
71 561 0.1771
71 562 0.1612
71 563 0.2014
71 564 0.1463
71 565 0.1542
71 568 0.2041
71 569 0.1708
71 570 0.1487
71 571 0.1973
71 572 0.2168
71 573 0.1621
71 574 0.1876
71 575 0.7229
71 576 0.3537
71 577 0.6416
71 578 0.1969
71 579 0.2346
71 581 0.4509
71 582 0.1936
71 583 0.1908
71 584 0.1884
71 585 0.2151
71 587 0.3878
71 589 0.7529
71 590 0.9232
71 592 0.1739
71 593 0.1572
71 594 0.1524
71 599 0.3461
71 600 0.7113
71 601 0.1686
71 602 0.4206
71 605 0.1469
71 606 0.1793
71 607 0.8585
71 608 0.1534
71 609 0.4848
71 610 0.6708
71 612 0.8530
71 613 0.1746
71 614 0.2133
71 617 0.1561
71 618 0.2498
71 619 0.9218
71 621 0.1595
71 622 0.1619
71 623 0.2155
71 625 0.1852
71 626 0.1957
71 627 0.1590
71 628 0.1880
71 629 0.2151
71 631 0.7463
71 632 0.1923
71 633 0.2412
71 634 0.1933
71 635 0.1853
71 636 0.1469
71 637 0.7399
71 638 0.2336
71 639 0.2135
71 640 0.3536
71 641 0.1550
71 642 0.1855
71 643 0.1675
71 644 0.5102
71 645 0.5503
71 646 0.8133
71 648 0.1902
71 649 0.1377
71 650 0.1829
71 651 0.1999
71 652 0.1586
71 653 0.6575
71 655 0.3127
71 656 0.1543
71 657 0.1556
71 658 0.1528
71 659 0.1933
71 660 0.1619
71 661 0.1613
71 662 0.2039
71 663 0.1469
71 664 0.1782
71 666 0.1860
71 668 0.5659
71 669 0.1946
71 671 0.5095
71 672 0.1522
71 673 0.1550
71 674 0.1471
71 676 0.1707
71 677 0.1946
71 678 0.1870
71 679 0.1480
71 680 0.1712
71 683 0.1793
71 684 0.3965
71 685 0.1941
71 686 0.1459
71 687 0.1459
71 688 0.2133
71 689 0.2325
71 690 0.5158
71 691 0.2021
71 692 0.1386
71 693 0.1541
71 694 0.1456
71 695 0.7340
71 696 0.1808
71 697 0.3922
71 698 0.9315
71 699 0.1897
71 700 0.8181
71 702 0.1897
71 703 0.1985
71 704 0.1878
71 705 0.4719
71 706 0.2076
71 707 0.3422
71 708 0.1619
71 709 0.3551
71 710 0.1559
71 711 0.9426
71 712 0.1528
71 713 0.1541
71 714 0.2834
71 716 0.1469
71 717 0.1464
71 718 0.1744
71 721 0.2165
71 722 0.1967
71 723 0.1619
71 724 0.1946
71 726 0.4535
71 727 0.1793
71 728 0.1584
71 729 0.1980
71 731 0.2803
71 732 0.2003
71 733 0.1796
71 734 0.4151
71 735 0.3288
71 736 0.8081
71 737 0.7181
71 738 0.4973
71 740 0.2004
71 741 0.4530
71 742 0.1576
71 743 0.3203
71 744 0.1908
71 745 0.1442
71 746 0.1796
71 747 0.1469
71 748 0.2912
71 750 0.1714
71 751 0.1572
71 752 0.2076
71 753 0.3603
71 754 0.1946
71 755 0.1878
71 756 0.4342
71 758 0.1779
71 759 0.7799
71 760 0.1713
71 761 0.2039
71 762 0.5045
71 763 0.2721
71 764 0.1692
71 766 0.1553
71 767 0.3060
71 768 0.9436
71 769 0.1535
71 770 0.1713
71 771 0.1794
71 772 0.1796
71 773 0.1459
71 775 0.3051
71 776 0.1882
71 777 0.4378
71 778 0.5881
71 780 0.6378
71 781 0.1946
71 782 0.6074
71 783 0.2403
71 784 0.1357
71 785 0.1649
71 786 0.9491
71 787 0.5074
71 789 0.2054
71 792 0.1616
71 793 0.2515
71 794 0.7063
71 796 0.2336
71 797 0.1858
71 799 0.1433
71 801 0.1879
71 802 0.1946
71 803 0.1909
71 804 0.5044
71 805 0.2088
71 806 0.2870
71 807 0.1469
71 808 0.3436
71 809 0.7898
71 810 0.1447
71 811 0.0662
71 813 0.3463
71 814 0.4365
71 815 0.7807
71 816 0.1802
71 817 0.1438
71 818 0.1628
71 819 0.1533
71 820 0.1469
71 821 0.1502
71 822 0.1631
71 823 0.9224
71 824 0.3060
71 825 0.1911
71 827 0.2023
71 828 0.2133
71 829 0.1793
71 830 0.1503
71 831 0.3455
71 832 0.4172
71 833 0.3424
71 834 0.5484
71 835 0.1682
71 836 0.8924
71 838 0.1868
71 839 0.2133
71 840 0.4799
71 841 0.2034
71 842 0.1796
71 843 0.1803
71 845 0.1786
71 846 0.1488
71 848 0.1514
71 849 0.2002
71 851 0.2278
71 853 0.3700
71 855 0.1469
71 856 0.1793
71 858 0.1933
71 860 0.1550
71 861 0.6264
71 862 0.1793
71 864 0.1868
71 865 0.1618
71 866 0.1859
71 867 0.3501
71 868 0.2151
71 869 0.1694
71 870 0.1904
71 871 0.1526
71 872 0.8506
71 876 0.4701
71 877 0.1946
71 878 0.1858
71 880 0.5678
71 881 0.1312
71 882 0.3739
71 883 0.1411
71 884 0.1793
71 885 0.5355
71 886 0.4939
71 887 0.1870
71 888 0.3895
71 889 0.5789
71 890 0.2336
71 891 0.4386
71 893 0.7252
71 894 0.1491
71 895 0.1641
71 896 0.1796
71 897 0.1459
71 898 0.1949
71 900 0.1452
71 901 0.8248
71 903 0.2037
71 905 0.1729
71 907 0.1793
71 908 0.6235
71 909 0.1864
71 911 0.2603
71 912 0.1572
71 913 0.1914
71 914 0.1786
71 915 0.9503
71 918 0.1517
71 919 0.1453
71 920 0.2321
71 921 0.1937
71 922 0.6826
71 924 0.3890
71 928 0.1469
71 929 0.1796
71 930 0.1351
71 933 0.4533
71 934 0.2133
71 935 0.1940
71 936 0.2543
71 938 0.1729
71 940 0.1753
71 941 0.1947
71 942 0.1424
71 943 0.2053
71 946 0.1551
71 947 0.1912
71 951 0.1806
71 952 0.1469
71 953 0.2088
71 954 0.1793
71 955 0.1352
71 956 0.1738
71 958 0.1793
71 959 0.2336
71 960 0.3452
71 961 0.1459
71 962 0.1459
71 963 0.1642
71 964 0.3912
71 965 0.1628
71 966 0.1601
71 967 0.1946
71 968 0.9305
71 971 0.1692
71 972 0.1796
71 973 0.1604
71 974 0.2188
71 975 0.1459
71 976 0.1946
71 977 0.1459
71 978 0.1469
71 979 0.1929
71 980 0.1806
71 981 0.1853
71 983 0.1664
71 984 0.1548
71 986 0.1626
71 987 0.1747
71 989 0.1812
71 990 0.1640
71 992 0.1469
71 993 0.2117
71 994 0.9089
71 995 0.1878
71 996 0.1796
71 999 0.1971
71 1001 0.1469
71 1002 0.1966
71 1003 0.4667
71 1004 0.1936
71 1006 0.1469
71 1007 0.1951
71 1008 0.2039
71 1010 0.1603
71 1013 0.1619
71 1014 0.1647
71 1015 0.1588
71 1016 0.1390
71 1017 0.6219
71 1018 0.1796
71 1019 0.1619
71 1020 0.5837
71 1022 0.3477
71 1024 0.1679
71 1025 0.1469
71 1026 0.1557
71 1027 0.1565
71 1029 0.1904
71 1030 0.6543
71 1032 0.1793
71 1033 0.1469
71 1035 0.1607
71 1036 0.1946
71 1037 0.1865
71 1040 0.1349
71 1041 0.1614
71 1042 0.1798
71 1043 0.1793
71 1045 0.6254
71 1046 0.1547
71 1047 0.1443
71 1048 0.1969
71 1049 0.1890
71 1050 0.1563
71 1052 0.1793
71 1053 0.1489
71 1055 0.1459
71 1056 0.1535
71 1057 0.1469
71 1058 0.1326
71 1059 0.1445
71 1060 0.1522
71 1061 0.2063
71 1062 0.2974
71 1063 0.1950
71 1065 0.1488
71 1066 0.8443
71 1067 0.2067
71 1068 0.1935
71 1069 0.3525
71 1070 0.1402
71 1072 0.1572
71 1075 0.3147
71 1076 0.1619
71 1077 0.1455
71 1079 0.1706
71 1080 0.3912
71 1081 0.1500
71 1082 0.5172
71 1083 0.1891
71 1084 0.1793
71 1087 0.1469
71 1089 0.4598
71 1090 0.2068
71 1093 0.2941
71 1094 0.3573
71 1095 0.1946
71 1096 0.1757
71 1097 0.1793
71 1099 0.1715
71 1102 0.2498
71 1103 0.3926
71 1104 0.4881
71 1105 0.1607
71 1106 0.1877
71 1107 0.1798
71 1108 0.1474
71 1110 0.1793
71 1111 0.1496
71 1113 0.1455
71 1115 0.1619
71 1116 0.1786
71 1117 0.1484
71 1118 0.3092
71 1119 0.1946
71 1122 0.1469
71 1123 0.1947
71 1125 0.2903
71 1126 0.1469
71 1127 0.1726
71 1128 0.3402
71 1129 0.1386
71 1130 0.5004
71 1134 0.1796
71 1135 0.2356
71 1138 0.1923
71 1141 0.1448
71 1142 0.1796
71 1146 0.1459
71 1147 0.1897
71 1150 0.1762
71 1151 0.1571
71 1152 0.5051
71 1153 0.1480
71 1154 0.1945
71 1157 0.1618
71 1158 0.2133
71 1160 0.1504
71 1161 0.1796
71 1162 0.6236
71 1163 0.1915
71 1165 0.1933
71 1166 0.3748
71 1167 0.2172
71 1169 0.4229
71 1172 0.1796
71 1176 0.4044
71 1177 0.1796
71 1180 0.1934
71 1182 0.3287
71 1185 0.1488
71 1186 0.5970
71 1187 0.1824
71 1188 0.1946
71 1189 0.1853
71 1193 0.1923
71 1194 0.1897
71 1195 0.3095
71 1196 0.1516
71 1199 0.1943
71 1200 0.5376
71 1201 0.1469
71 1202 0.5416
71 1203 0.1417
71 1204 0.1876
71 1205 0.1469
71 1206 0.6376
71 1208 0.1827
71 1209 0.2691
71 1210 0.7140
71 1211 0.8183
71 1212 0.2525
71 1213 0.5978
71 1216 0.3035
71 1217 0.4878
71 1218 0.4438
71 1219 0.1946
71 1220 0.1796
71 1221 0.2059
71 1223 0.4795
71 1225 0.9199
71 1226 0.5719
71 1227 0.4741
71 1228 0.1793
71 1229 0.4506
71 1230 0.1793
71 1231 0.5043
71 1235 0.3604
71 1236 0.1796
71 1237 0.5310
71 1238 0.1796
71 1240 0.6310
71 1241 0.3739
71 1242 0.8594
71 1244 0.1793
71 1247 0.9115
71 1248 0.1858
71 1249 0.1459
71 1250 0.3514
71 1251 0.3786
71 1252 0.3935
71 1253 0.1946
71 1254 0.1619
71 1256 0.2081
71 1257 0.1796
71 1258 0.1623
71 1259 0.1469
71 1260 0.2009
71 1262 0.3862
71 1263 0.1437
71 1265 0.2046
71 1266 0.1853
71 1267 0.1796
71 1269 0.3409
71 1270 0.1800
71 1271 0.1743
71 1272 0.1619
71 1274 0.1796
71 1275 0.1694
71 1276 0.1763
71 1278 0.1619
71 1279 0.1721
71 1280 0.1714
71 1281 0.1427
71 1282 0.1796
71 1283 0.1993
71 1284 0.1420
71 1286 0.1646
71 1287 0.1378
71 1288 0.1793
71 1289 0.1365
71 1291 0.2653
71 1292 0.1782
71 1293 0.1897
71 1296 0.1796
71 1298 0.1919
71 1299 0.1419
71 1300 0.1796
71 1301 0.1545
71 1303 0.1978
71 1304 0.1469
71 1305 0.1265
71 1306 0.1664
71 1308 0.2165
71 1309 0.1469
71 1310 0.1321
71 1311 0.1459
71 1313 0.1793
71 1315 0.1946
71 1316 0.1978
71 1322 0.1586
71 1323 0.3780
71 1326 0.1947
71 1327 0.1796
71 1329 0.1469
71 1330 0.2451
71 1331 0.4113
71 1333 0.1802
71 1335 0.1786
71 1336 0.1483
71 1337 0.1806
71 1339 0.4284
71 1340 0.6074
71 1342 0.9009
71 1343 0.1806
71 1344 0.2961
71 1346 0.3810
71 1348 0.1793
71 1349 0.1786
71 1350 0.1469
71 1353 0.1459
71 1355 0.1656
71 1356 0.1793
71 1360 0.8369
71 1361 0.4387
71 1362 0.2133
71 1363 0.1793
71 1364 0.1777
71 1367 0.6894
71 1368 0.1947
71 1369 0.5596
71 1370 0.8681
71 1372 0.6373
71 1374 0.1796
71 1376 0.1793
71 1377 0.1796
71 1379 0.1946
71 1380 0.1469
71 1381 0.1796
71 1384 0.1459
71 1386 0.2336
71 1387 0.1550
71 1388 0.1680
71 1389 0.1759
71 1390 0.1619
71 1393 0.1459
71 1394 0.1796
71 1395 0.1796
71 1396 0.4049
71 1397 0.1730
71 1398 0.1918
71 1401 0.1619
71 1402 0.1721
71 1405 0.1946
71 1406 0.2112
71 1408 0.1487
71 1409 0.1576
71 1411 0.1793
71 1412 0.1796
71 1415 0.1796
71 1416 0.1691
71 1418 0.1343
71 1419 0.1667
71 1421 0.1547
71 1423 0.1969
71 1424 0.1469
71 1425 0.1947
71 1426 0.5296
71 1427 0.1886
71 1428 0.1459
71 1431 0.1906
71 1434 0.3996
71 1435 0.2045
71 1436 0.1946
71 1437 0.1879
71 1438 0.1331
71 1439 0.1626
71 1440 0.3239
71 1441 0.1823
71 1445 0.1503
71 1446 0.1656
71 1448 0.1793
71 1449 0.1619
71 1451 0.1469
71 1452 0.1918
71 1453 0.1793
71 1456 0.2165
71 1457 0.1946
71 1458 0.4773
71 1460 0.1443
71 1462 0.4844
71 1463 0.1448
71 1464 0.1608
71 1465 0.1793
71 1466 0.1461
71 1472 0.1720
71 1473 0.3060
71 1476 0.1793
71 1477 0.1946
71 1479 0.1716
71 1482 0.1793
71 1484 0.1443
71 1485 0.3237
71 1490 0.1793
71 1491 0.1600
71 1493 0.1700
71 1494 0.5442
71 1497 0.3296
71 1499 0.1793
71 1500 0.1575
71 1503 0.4616
71 1504 0.2039
71 1505 0.1796
71 1506 0.1793
71 1507 0.1469
71 1508 0.1469
71 1510 0.1469
71 1512 0.1796
71 1513 0.1604
71 1516 0.2148
71 1517 0.2133
71 1518 0.1626
71 1519 0.1937
71 1520 0.2041
71 1522 0.1446
71 1523 0.1459
71 1525 0.2814
71 1526 0.1843
71 1527 0.1611
71 1529 0.5390
71 1530 0.1949
71 1532 0.1586
71 1534 0.1793
71 1535 0.1469
71 1536 0.1557
71 1538 0.1341
71 1540 0.1459
71 1541 0.1572
71 1542 0.4059
71 1544 0.1631
71 1545 0.1469
71 1547 0.1906
71 1548 0.1413
71 1549 0.1671
71 1551 0.1456
71 1554 0.1796
71 1555 0.1469
71 1566 0.1522
71 1567 0.1539
71 1568 0.5305
71 1570 0.1343
71 1571 0.1972
71 1573 0.7387
71 1574 0.1793
71 1577 0.1469
71 1578 0.1469
71 1580 0.5210
71 1581 0.1469
71 1582 0.1946
71 1583 0.1469
71 1585 0.1512
71 1588 0.5745
71 1591 0.6557
71 1592 0.1806
71 1593 0.7705
71 1595 0.5732
71 1596 0.2752
71 1598 0.1796
71 1599 0.4058
71 1601 0.1793
71 1603 0.3027
71 1604 0.1469
71 1606 0.6373
71 1608 0.3337
71 1609 0.4068
71 1610 0.3774
71 1611 0.1793
71 1613 0.8596
71 1614 0.1459
71 1616 0.4773
71 1618 0.2396
71 1619 0.4760
71 1621 0.9046
71 1622 0.8850
71 1623 0.3956
71 1624 0.8066
71 1626 0.1802
71 1628 0.1469
71 1629 0.2133
71 1630 0.3630
71 1632 0.2133
71 1633 0.1933
71 1634 0.4594
71 1636 0.3717
71 1637 0.3889
71 1639 0.1459
71 1640 0.5466
71 1641 0.5635
71 1642 0.4089
71 1643 0.1793
71 1646 0.1516
71 1647 0.1619
71 1649 0.1469
71 1650 0.1469
71 1652 0.1459
71 1653 0.1853
71 1654 0.1772
71 1655 0.1796
71 1660 0.1545
71 1661 0.1796
71 1662 0.1806
71 1663 0.1547
71 1664 0.1721
71 1666 0.1793
71 1667 0.1859
71 1668 0.1976
71 1669 0.1703
71 1673 0.1619
71 1674 0.1543
71 1675 0.1469
71 1676 0.1946
71 1678 0.1747
71 1679 0.1583
71 1681 0.1459
71 1682 0.1443
71 1683 0.3446
71 1684 0.1469
71 1685 0.1796
71 1686 0.1946
71 1687 0.4316
71 1688 0.1796
71 1689 0.2206
71 1691 0.1676
71 1692 0.1773
71 1693 0.1486
71 1694 0.1700
71 1697 0.1625
71 1699 0.1840
71 1700 0.1678
71 1701 0.1423
71 1702 0.1747
71 1705 0.1397
71 1706 0.1901
71 1707 0.1923
71 1708 0.1497
71 1709 0.3053
71 1711 0.1730
71 1712 0.2156
71 1713 0.1882
71 1714 0.1990
71 1715 0.1738
71 1717 0.4312
71 1718 0.1392
71 1719 0.1469
71 1726 0.1793
71 1728 0.1376
72 73 0.2207
72 74 0.1939
72 75 0.2051
72 76 0.1991
72 77 0.2398
72 78 0.2380
72 79 0.1956
72 80 0.1943
72 81 0.2022
72 82 0.8231
72 83 0.8228
72 84 0.2124
72 85 0.2187
72 86 0.5964
72 87 0.1911
72 88 0.8485
72 89 0.6975
72 90 0.4612
72 91 0.9040
72 92 0.9098
72 93 0.4000
72 94 0.1476
72 95 0.1828
72 96 0.8048
72 97 0.1951
72 98 0.9438
72 99 0.2129
72 100 0.1979
72 101 0.7299
72 102 0.2021
72 103 0.1952
72 104 0.1735
72 105 0.2004
72 106 0.2059
72 107 0.2138
72 108 0.3437
72 109 0.1817
72 110 0.1976
72 111 0.6890
72 112 0.2298
72 113 0.1966
72 114 0.1566
72 115 0.2089
72 116 0.2217
72 117 0.8301
72 119 0.2088
72 120 0.2158
72 121 0.1986
72 122 0.2105
72 123 0.6524
72 125 0.6635
72 126 0.1949
72 128 0.1947
72 129 0.1774
72 130 0.2007
72 131 0.1996
72 132 0.4004
72 133 0.4749
72 134 0.1593
72 135 0.5814
72 136 0.2282
72 137 0.2623
72 138 0.2277
72 139 0.5411
72 140 0.2123
72 142 0.1983
72 143 0.2222
72 144 0.7836
72 145 0.2408
72 146 0.1852
72 147 0.1731
72 148 0.1421
72 149 0.1944
72 150 0.1893
72 151 0.2008
72 152 0.1750
72 153 0.2143
72 154 0.2210
72 156 0.2123
72 157 0.6999
72 158 0.4752
72 159 0.2111
72 160 0.9150
72 161 0.1958
72 162 0.9641
72 163 0.2127
72 164 0.6517
72 165 0.2076
72 166 0.8090
72 167 0.5998
72 168 0.8340
72 169 0.1934
72 170 0.7186
72 171 0.4603
72 172 0.2533
72 173 0.1928
72 174 0.4377
72 175 0.1982
72 176 0.2069
72 177 0.2298
72 178 0.2259
72 179 0.1928
72 180 0.1515
72 182 0.2170
72 183 0.1949
72 184 0.1792
72 185 0.2291
72 186 0.1567
72 187 0.2445
72 188 0.1959
72 189 0.7372
72 190 0.4398
72 191 0.2031
72 192 0.1877
72 193 0.2809
72 194 0.7351
72 195 0.2645
72 196 0.2167
72 197 0.2088
72 198 0.1448
72 199 0.1954
72 200 0.1500
72 201 0.1833
72 202 0.2123
72 203 0.2298
72 204 0.2223
72 206 0.7130
72 208 0.1982
72 209 0.1950
72 210 0.2051
72 211 0.2063
72 212 0.2176
72 213 0.2123
72 214 0.1784
72 215 0.2000
72 216 0.1956
72 217 0.1698
72 218 0.2002
72 219 0.1536
72 221 0.5880
72 223 0.2179
72 224 0.2141
72 225 0.6271
72 226 0.1733
72 227 0.6263
72 228 0.5374
72 229 0.2040
72 230 0.2113
72 231 0.5481
72 232 0.2040
