771 1518 0.1948
771 1519 0.9637
771 1520 0.9629
771 1522 0.8690
771 1523 0.1691
771 1525 0.5855
771 1526 0.9607
771 1527 0.9911
771 1529 0.7430
771 1530 0.9545
771 1532 0.8502
771 1534 0.5080
771 1535 0.1543
771 1536 0.7019
771 1538 0.9861
771 1540 0.1691
771 1541 0.6896
771 1542 0.8429
771 1544 0.7317
771 1545 0.1543
771 1547 0.9213
771 1548 0.6204
771 1549 0.6435
771 1551 0.7982
771 1554 0.6308
771 1555 0.1543
771 1566 0.8331
771 1567 0.6984
771 1568 0.1437
771 1570 0.1531
771 1571 0.1731
771 1573 0.1885
771 1574 0.1610
771 1577 0.1543
771 1578 0.1543
771 1580 0.1480
771 1581 0.1543
771 1582 0.1669
771 1583 0.1543
771 1585 0.1722
771 1588 0.2154
771 1591 0.1918
771 1592 0.1603
771 1593 0.2175
771 1595 0.1612
771 1596 0.1574
771 1598 0.1535
771 1599 0.1616
771 1601 0.1610
771 1603 0.1705
771 1604 0.1543
771 1606 0.2276
771 1608 0.2246
771 1609 0.1574
771 1610 0.1692
771 1611 0.1610
771 1613 0.2023
771 1614 0.1691
771 1616 0.1616
771 1618 0.1910
771 1619 0.1648
771 1621 0.2910
771 1622 0.2045
771 1623 0.1727
771 1624 0.2165
771 1626 0.1866
771 1628 0.1543
771 1629 0.1768
771 1630 0.1603
771 1632 0.1768
771 1633 0.1643
771 1634 0.1924
771 1636 0.1736
771 1637 0.1625
771 1639 0.1691
771 1640 0.1653
771 1641 0.1923
771 1642 0.1535
771 1643 0.1610
771 1646 0.1563
771 1647 0.1616
771 1649 0.1543
771 1650 0.1543
771 1652 0.1691
771 1653 0.1693
771 1654 0.1661
771 1655 0.1535
771 1660 0.1574
771 1661 0.1535
771 1662 0.1603
771 1663 0.1432
771 1664 0.1678
771 1666 0.1610
771 1667 0.1763
771 1668 0.1988
771 1669 0.1872
771 1673 0.1616
771 1674 0.2076
771 1675 0.1543
771 1676 0.1669
771 1678 0.2077
771 1679 0.1418
771 1681 0.1691
771 1682 0.1696
771 1683 0.5297
771 1684 0.1543
771 1685 0.1535
771 1686 0.1669
771 1687 0.3684
771 1688 0.1535
771 1689 0.2091
771 1691 0.1914
771 1692 0.1961
771 1693 0.1619
771 1694 0.1714
771 1697 0.1910
771 1699 0.1871
771 1700 0.1871
771 1701 0.1593
771 1702 0.1864
771 1705 0.1944
771 1706 0.1894
771 1707 0.1921
771 1708 0.1312
771 1709 0.1611
771 1711 0.1931
771 1712 0.2049
771 1713 0.1884
771 1714 0.1906
771 1715 0.1576
771 1717 0.2118
771 1718 0.1623
771 1719 0.1543
771 1726 0.1610
771 1728 0.1499
772 773 0.1870
772 775 0.2095
772 776 0.1749
772 777 0.2040
772 778 0.1839
772 780 0.1791
772 781 0.2232
772 782 0.1973
772 783 0.2761
772 784 0.1599
772 785 0.1954
772 786 0.4062
772 787 0.1979
772 789 0.2219
772 792 0.1703
772 793 0.1927
772 794 0.3982
772 796 0.2638
772 797 0.1975
772 799 0.1567
772 801 0.1877
772 802 0.2232
772 803 0.1368
772 804 0.2240
772 805 0.2563
772 806 0.2092
772 807 0.1782
772 808 0.1963
772 809 0.2153
772 810 0.1596
772 811 0.2007
772 813 0.1915
772 814 0.3295
772 815 0.3382
772 816 0.2182
772 817 0.1668
772 818 0.1736
772 819 0.1601
772 820 0.1782
772 821 0.1756
772 822 0.1794
772 823 0.3627
772 824 0.1867
772 825 0.2225
772 827 0.3353
772 828 0.2344
772 829 0.2095
772 830 0.1777
772 831 0.2157
772 832 0.2554
772 833 0.2338
772 834 0.1947
772 835 0.2050
772 836 0.2179
772 838 0.1874
772 839 0.2344
772 840 0.4346
772 841 0.2163
772 842 0.1839
772 843 0.2014
772 845 0.2014
772 846 0.1632
772 848 0.1876
772 849 0.1904
772 851 0.2189
772 853 0.3087
772 855 0.1782
772 856 0.2095
772 858 0.2153
772 860 0.2217
772 861 0.3126
772 862 0.2095
772 864 0.1870
772 865 0.1904
772 866 0.2122
772 867 0.2048
772 868 0.2530
772 869 0.1539
772 870 0.2007
772 871 0.1407
772 872 0.3757
772 876 0.2259
772 877 0.2232
772 878 0.1975
772 880 0.2057
772 881 0.1695
772 882 0.4848
772 883 0.1940
772 884 0.2095
772 885 0.1971
772 886 0.1984
772 887 0.1875
772 888 0.1830
772 889 0.3986
772 890 0.2638
772 891 0.2937
772 893 0.2086
772 894 0.2142
772 895 0.3798
772 896 0.1839
772 897 0.1870
772 898 0.1949
772 900 0.1857
772 901 0.2078
772 903 0.2220
772 905 0.2129
772 907 0.2095
772 908 0.1871
772 909 0.1867
772 911 0.1839
772 912 0.1867
772 913 0.2309
772 914 0.2018
772 915 0.3266
772 918 0.1871
772 919 0.2073
772 920 0.2831
772 921 0.1740
772 922 0.2205
772 924 0.1862
772 928 0.1782
772 929 0.1839
772 930 0.1573
772 933 0.2088
772 934 0.2344
772 935 0.1955
772 936 0.1904
772 938 0.2129
772 940 0.1838
772 941 0.2088
772 942 0.1443
772 943 0.2395
772 946 0.1867
772 947 0.1823
772 951 0.1978
772 952 0.1782
772 953 0.2136
772 954 0.2095
772 955 0.1798
772 956 0.1940
772 958 0.2095
772 959 0.2638
772 960 0.2120
772 961 0.1870
772 962 0.1870
772 963 0.2038
772 964 0.2232
772 965 0.1869
772 966 0.1745
772 967 0.2232
772 968 0.3820
772 971 0.1913
772 972 0.1839
772 973 0.1860
772 974 0.2145
772 975 0.1870
772 976 0.1981
772 977 0.1870
772 978 0.1782
772 979 0.1925
772 980 0.1978
772 981 0.2287
772 983 0.1743
772 984 0.1670
772 986 0.2096
772 987 0.1755
772 989 0.2117
772 990 0.1749
772 992 0.1782
772 993 0.2102
772 994 0.2427
772 995 0.1882
772 996 0.1839
772 999 0.2628
772 1001 0.1782
772 1002 0.1965
772 1003 0.2333
772 1004 0.1932
772 1006 0.1782
772 1007 0.1973
772 1008 0.2313
772 1010 0.1773
772 1013 0.1867
772 1014 0.2184
772 1015 0.1820
772 1016 0.1738
772 1017 0.1944
772 1018 0.1839
772 1019 0.1867
772 1020 0.2341
772 1022 0.2096
772 1024 0.1877
772 1025 0.1782
772 1026 0.1842
772 1027 0.1742
772 1029 0.1948
772 1030 0.2641
772 1032 0.2095
772 1033 0.1782
772 1035 0.1827
772 1036 0.1986
772 1037 0.2290
772 1040 0.1668
772 1041 0.1927
772 1042 0.2106
772 1043 0.1958
772 1045 0.1916
772 1046 0.1798
772 1047 0.1892
772 1048 0.2118
772 1049 0.1899
772 1050 0.1723
772 1052 0.2095
772 1053 0.1687
772 1055 0.1870
772 1056 0.1804
772 1057 0.1782
772 1058 0.1638
772 1059 0.1622
772 1060 0.2069
772 1061 0.2407
772 1062 0.2232
772 1063 0.2247
772 1065 0.1763
772 1066 0.1759
772 1067 0.2496
772 1068 0.1932
772 1069 0.2313
772 1070 0.1804
772 1072 0.1835
772 1075 0.1834
772 1076 0.1867
772 1077 0.1915
772 1079 0.1903
772 1080 0.2232
772 1081 0.1562
772 1082 0.2144
772 1083 0.2263
772 1084 0.2095
772 1087 0.1782
772 1089 0.1952
772 1090 0.1874
772 1093 0.1915
772 1094 0.2098
772 1095 0.2232
772 1096 0.1797
772 1097 0.2095
772 1099 0.1984
772 1102 0.1718
772 1103 0.2481
772 1104 0.1903
772 1105 0.1978
772 1106 0.2236
772 1107 0.2163
772 1108 0.1959
772 1110 0.2095
772 1111 0.1801
772 1113 0.1915
772 1115 0.1867
772 1116 0.1983
772 1117 0.2031
772 1118 0.2086
772 1119 0.2232
772 1122 0.1782
772 1123 0.2088
772 1125 0.1297
772 1126 0.1782
772 1127 0.2049
772 1128 0.2012
772 1129 0.1673
772 1130 0.1865
772 1134 0.1839
772 1135 0.2397
772 1138 0.1837
772 1141 0.1489
772 1142 0.1839
772 1146 0.1870
772 1147 0.2162
772 1150 0.2304
772 1151 0.1706
772 1152 0.3184
772 1153 0.1358
772 1154 0.1926
772 1157 0.1904
772 1158 0.2344
772 1160 0.1800
772 1161 0.1839
772 1162 0.1878
772 1163 0.1917
772 1165 0.2153
772 1166 0.2088
772 1167 0.2714
772 1169 0.1953
772 1172 0.1839
772 1176 0.1876
772 1177 0.1839
772 1180 0.1940
772 1182 0.2065
772 1185 0.1768
772 1186 0.3035
772 1187 0.1367
772 1188 0.2232
772 1189 0.2287
772 1193 0.1927
772 1194 0.2162
772 1195 0.2313
772 1196 0.1813
772 1199 0.2392
772 1200 0.1821
772 1201 0.1782
772 1202 0.1660
772 1203 0.1867
772 1204 0.1889
772 1205 0.1782
772 1206 0.2247
772 1208 0.2468
772 1209 0.1839
772 1210 0.3245
772 1211 0.6046
772 1212 0.2088
772 1213 0.4389
772 1216 0.2095
772 1217 0.2319
772 1218 0.2134
772 1219 0.2232
772 1220 0.1839
772 1221 0.2320
772 1223 0.1713
772 1225 0.2172
772 1226 0.2532
772 1227 0.1934
772 1228 0.2095
772 1229 0.2731
772 1230 0.2095
772 1231 0.3810
772 1235 0.2313
772 1236 0.1839
772 1237 0.1992
772 1238 0.1839
772 1240 0.2701
772 1241 0.1978
772 1242 0.6230
772 1244 0.2095
772 1247 0.3595
772 1248 0.1975
772 1249 0.1870
772 1250 0.1678
772 1251 0.1903
772 1252 0.2160
772 1253 0.2232
772 1254 0.1867
772 1256 0.2349
772 1257 0.1839
772 1258 0.1841
772 1259 0.1782
772 1260 0.1739
772 1262 0.2003
772 1263 0.1704
772 1265 0.1836
772 1266 0.2287
772 1267 0.1839
772 1269 0.2271
772 1270 0.2033
772 1271 0.1805
772 1272 0.1867
772 1274 0.1839
772 1275 0.1643
772 1276 0.2092
772 1278 0.1867
772 1279 0.1963
772 1280 0.1805
772 1281 0.1767
772 1282 0.1839
772 1283 0.1975
772 1284 0.1811
772 1286 0.1866
772 1287 0.1512
772 1288 0.2095
772 1289 0.1698
772 1291 0.1774
772 1292 0.2017
772 1293 0.2162
772 1296 0.1839
772 1298 0.1917
772 1299 0.1714
772 1300 0.1839
772 1301 0.1892
772 1303 0.2064
772 1304 0.1782
772 1305 0.1639
772 1306 0.1743
772 1308 0.2548
772 1309 0.1782
772 1310 0.1641
772 1311 0.1870
772 1313 0.2095
772 1315 0.2232
772 1316 0.1965
772 1322 0.1630
772 1323 0.2089
772 1326 0.2088
772 1327 0.1839
772 1329 0.1782
772 1330 0.1815
772 1331 0.1564
772 1333 0.2182
772 1335 0.2168
772 1336 0.1954
772 1337 0.1978
772 1339 0.1934
772 1340 0.2822
772 1342 0.2154
772 1343 0.1978
772 1344 0.1834
772 1346 0.3388
772 1348 0.2095
772 1349 0.1983
772 1350 0.1782
772 1353 0.1870
772 1355 0.1820
772 1356 0.2095
772 1360 0.1707
772 1361 0.1718
772 1362 0.2344
772 1363 0.2095
772 1364 0.2029
772 1367 0.6841
772 1368 0.2088
772 1369 0.2883
772 1370 0.5954
772 1372 0.1759
772 1374 0.1839
772 1376 0.2095
772 1377 0.1839
772 1379 0.2232
772 1380 0.1782
772 1381 0.1839
772 1384 0.1870
772 1386 0.2638
772 1387 0.2024
772 1388 0.2043
772 1389 0.2039
772 1390 0.1867
772 1393 0.1870
772 1394 0.1839
772 1395 0.1839
772 1396 0.2287
772 1397 0.1952
772 1398 0.2378
772 1401 0.1867
772 1402 0.1834
772 1405 0.2232
772 1406 0.2586
772 1408 0.1766
772 1409 0.1714
772 1411 0.2095
772 1412 0.1839
772 1415 0.1839
772 1416 0.1806
772 1418 0.1660
772 1419 0.2283
772 1421 0.1482
772 1423 0.1990
772 1424 0.1782
772 1425 0.2088
772 1426 0.1992
772 1427 0.1886
772 1428 0.1870
772 1431 0.1907
772 1434 0.2209
772 1435 0.1991
772 1436 0.2232
772 1437 0.1889
772 1438 0.1669
772 1439 0.1849
772 1440 0.1904
772 1441 0.1270
772 1445 0.1777
772 1446 0.1820
772 1448 0.2095
772 1449 0.1867
772 1451 0.1782
772 1452 0.2378
772 1453 0.2095
772 1456 0.2548
772 1457 0.2232
772 1458 0.1867
772 1460 0.2093
772 1462 0.2039
772 1463 0.2065
772 1464 0.2211
772 1465 0.2095
772 1466 0.1878
772 1472 0.2058
772 1473 0.1867
772 1476 0.2095
772 1477 0.2232
772 1479 0.2138
772 1482 0.2095
772 1484 0.1892
772 1485 0.1660
772 1490 0.2095
772 1491 0.1766
772 1493 0.2009
772 1494 0.1889
772 1497 0.2095
772 1499 0.2095
772 1500 0.2092
772 1503 0.2106
772 1504 0.2313
772 1505 0.1839
772 1506 0.2095
772 1507 0.1782
772 1508 0.1782
772 1510 0.1782
772 1512 0.1839
772 1513 0.1813
772 1516 0.2630
772 1517 0.2344
772 1518 0.1943
772 1519 0.1937
772 1520 0.2036
772 1522 0.1742
772 1523 0.1870
772 1525 0.1867
772 1526 0.1549
772 1527 0.1776
772 1529 0.3523
772 1530 0.1979
772 1532 0.1630
772 1534 0.2095
772 1535 0.1782
772 1536 0.1753
772 1538 0.1860
772 1540 0.1870
772 1541 0.1867
772 1542 0.1670
772 1544 0.1711
772 1545 0.1782
772 1547 0.1828
772 1548 0.1834
772 1549 0.1694
772 1551 0.1797
772 1554 0.1839
772 1555 0.1782
772 1566 0.1708
772 1567 0.1922
772 1568 0.1709
772 1570 0.1660
772 1571 0.2433
772 1573 0.3595
772 1574 0.2095
772 1577 0.1782
772 1578 0.1782
772 1580 0.1847
772 1581 0.1782
772 1582 0.2232
772 1583 0.1782
772 1585 0.1996
772 1588 0.2002
772 1591 0.1945
772 1592 0.1978
772 1593 0.2043
772 1595 0.1963
772 1596 0.2184
772 1598 0.2125
772 1599 0.1867
772 1601 0.2095
772 1603 0.1902
772 1604 0.1782
772 1606 0.2333
772 1608 0.3013
772 1609 0.1591
772 1610 0.1871
772 1611 0.2095
772 1613 0.6884
772 1614 0.1870
772 1616 0.1867
772 1618 0.2896
772 1619 0.2196
772 1621 0.3192
772 1622 0.4694
772 1623 0.1954
772 1624 0.4969
772 1626 0.2182
772 1628 0.1782
772 1629 0.2344
772 1630 0.1978
772 1632 0.2344
772 1633 0.2153
772 1634 0.1906
772 1636 0.2089
772 1637 0.2288
772 1639 0.1870
772 1640 0.2017
772 1641 0.1851
772 1642 0.1839
772 1643 0.2095
772 1646 0.1678
772 1647 0.1867
772 1649 0.1782
772 1650 0.1782
772 1652 0.1870
772 1653 0.2287
772 1654 0.2358
772 1655 0.1839
772 1660 0.2187
772 1661 0.1839
772 1662 0.1978
772 1663 0.1745
772 1664 0.1834
772 1666 0.2095
772 1667 0.2122
772 1668 0.2051
772 1669 0.1952
772 1673 0.1867
772 1674 0.1761
772 1675 0.1782
772 1676 0.2232
772 1678 0.1963
772 1679 0.1657
772 1681 0.1870
772 1682 0.1892
772 1683 0.2080
772 1684 0.1782
772 1685 0.1839
772 1686 0.2232
772 1687 0.1659
772 1688 0.1839
772 1689 0.2228
772 1691 0.1923
772 1692 0.2052
772 1693 0.1905
772 1694 0.2048
772 1697 0.1606
772 1699 0.1344
772 1700 0.1671
772 1701 0.1831
772 1702 0.1198
772 1705 0.1714
772 1706 0.1901
772 1707 0.2270
772 1708 0.1629
772 1709 0.1992
772 1711 0.1498
772 1712 0.2168
772 1713 0.1888
772 1714 0.3120
772 1715 0.1940
772 1717 0.2270
772 1718 0.1815
772 1719 0.1782
772 1726 0.2095
772 1728 0.1502
773 775 0.2095
773 776 0.1907
773 777 0.1766
773 778 0.1870
773 780 0.2084
773 781 0.1651
773 782 0.2735
773 783 0.3162
773 784 0.1443
773 785 0.2592
773 786 0.1822
773 787 0.1413
773 789 0.2291
773 792 0.2064
773 793 0.1905
773 794 0.2475
773 796 0.1918
773 797 0.2681
773 799 0.2209
773 801 0.2214
773 802 0.1651
773 803 0.1219
773 804 0.2240
773 805 0.2330
773 806 0.1809
773 807 0.2088
773 808 0.2528
773 809 0.2606
773 810 0.2167
773 811 0.2007
773 813 0.2809
773 814 0.1988
773 815 0.1921
773 816 0.3586
773 817 0.1792
773 818 0.2432
773 819 0.1231
773 820 0.2088
773 821 0.1921
773 822 0.2269
773 823 0.2032
773 824 0.2436
773 825 0.2495
773 827 0.2950
773 828 0.1839
773 829 0.2095
773 830 0.2323
773 831 0.1723
773 832 0.3580
773 833 0.2420
773 834 0.2440
773 835 0.2174
773 836 0.3172
773 838 0.1874
773 839 0.1839
773 840 0.2436
773 841 0.2152
773 842 0.1870
773 843 0.2083
773 845 0.2236
773 846 0.1908
773 848 0.3594
773 849 0.2259
773 851 0.2189
773 853 0.2878
773 855 0.2088
773 856 0.2095
773 858 0.2076
773 860 0.1565
773 861 0.2776
773 862 0.2095
773 864 0.1870
773 865 0.2261
773 866 0.3321
773 867 0.1638
773 868 0.3034
773 869 0.1341
773 870 0.1731
773 871 0.2979
773 872 0.2243
773 876 0.3145
773 877 0.1651
773 878 0.2681
773 880 0.2313
773 881 0.1639
773 882 0.1482
773 883 0.2118
773 884 0.2095
773 885 0.2752
773 886 0.1611
773 887 0.1875
773 888 0.1947
773 889 0.1911
773 890 0.1918
773 891 0.3283
773 893 0.2344
773 894 0.2243
773 895 0.2122
773 896 0.1870
773 897 0.1479
773 898 0.1949
773 900 0.2206
773 901 0.2025
773 903 0.1827
773 905 0.2244
773 907 0.2095
773 908 0.1993
773 909 0.1867
773 911 0.1870
773 912 0.2436
773 913 0.4211
773 914 0.2525
773 915 0.2017
773 918 0.3586
773 919 0.2185
773 920 0.2138
773 921 0.1318
773 922 0.2675
773 924 0.2273
773 928 0.2088
773 929 0.1870
773 930 0.1431
773 933 0.2753
773 934 0.1839
773 935 0.1955
773 936 0.2261
773 938 0.2244
773 940 0.2211
773 941 0.2753
773 942 0.1482
773 943 0.2457
773 946 0.2000
773 947 0.2746
773 951 0.2474
773 952 0.2088
773 953 0.2136
773 954 0.2095
773 955 0.2041
773 956 0.2432
773 958 0.2095
773 959 0.1918
773 960 0.2120
773 961 0.1479
773 962 0.1479
773 963 0.3871
773 964 0.1651
773 965 0.1890
773 966 0.2755
773 967 0.1651
773 968 0.2474
773 971 0.2456
773 972 0.1870
773 973 0.1999
773 974 0.2145
773 975 0.1479
773 976 0.1644
773 977 0.1479
773 978 0.2088
773 979 0.1925
773 980 0.2474
773 981 0.2171
773 983 0.1788
773 984 0.2616
773 986 0.1675
773 987 0.2826
773 989 0.2538
773 990 0.2405
773 992 0.2088
773 993 0.2102
773 994 0.2135
773 995 0.1882
773 996 0.1870
773 999 0.1939
773 1001 0.2088
773 1002 0.1965
773 1003 0.2107
773 1004 0.1932
773 1006 0.2088
773 1007 0.1996
773 1008 0.2734
773 1010 0.2063
773 1013 0.2436
773 1014 0.1951
773 1015 0.1951
773 1016 0.1932
773 1017 0.1459
773 1018 0.1870
773 1019 0.2436
773 1020 0.2533
773 1022 0.1675
773 1024 0.1705
773 1025 0.2088
773 1026 0.1322
773 1027 0.1878
773 1029 0.2319
773 1030 0.2277
773 1032 0.2095
773 1033 0.2088
773 1035 0.1957
773 1036 0.1654
773 1037 0.4180
773 1040 0.3148
773 1041 0.1636
773 1042 0.2527
773 1043 0.2021
773 1045 0.2841
773 1046 0.2075
773 1047 0.2767
773 1048 0.2509
773 1049 0.1838
773 1050 0.1654
773 1052 0.2095
773 1053 0.1798
773 1055 0.1479
773 1056 0.2532
773 1057 0.2088
773 1058 0.3074
773 1059 0.2542
773 1060 0.2232
773 1061 0.3988
773 1062 0.1651
773 1063 0.2655
773 1065 0.2303
773 1066 0.3602
773 1067 0.2594
773 1068 0.1932
773 1069 0.2734
773 1070 0.1743
773 1072 0.2401
773 1075 0.3508
773 1076 0.2436
773 1077 0.2809
773 1079 0.2119
773 1080 0.1651
773 1081 0.1201
773 1082 0.2510
773 1083 0.3065
773 1084 0.2095
773 1087 0.2088
773 1089 0.2326
773 1090 0.1436
773 1093 0.2809
773 1094 0.2201
773 1095 0.1651
773 1096 0.1823
773 1097 0.2095
773 1099 0.2221
773 1102 0.1369
773 1103 0.2673
773 1104 0.3072
773 1105 0.1874
773 1106 0.1866
773 1107 0.3527
773 1108 0.2240
773 1110 0.2095
773 1111 0.1427
773 1113 0.2809
773 1115 0.2436
773 1116 0.3595
773 1117 0.2283
773 1118 0.3403
773 1119 0.1651
773 1122 0.2088
773 1123 0.2753
773 1125 0.1241
773 1126 0.2088
773 1127 0.1637
773 1128 0.1742
773 1129 0.2273
773 1130 0.2347
773 1134 0.1870
773 1135 0.2397
773 1138 0.2188
773 1141 0.1533
773 1142 0.1870
773 1146 0.1479
773 1147 0.1611
773 1150 0.1619
773 1151 0.2682
773 1152 0.3682
773 1153 0.2874
773 1154 0.1926
773 1157 0.2261
773 1158 0.1839
773 1160 0.1434
773 1161 0.1870
773 1162 0.2304
773 1163 0.1917
773 1165 0.2076
773 1166 0.2753
773 1167 0.2728
773 1169 0.2189
773 1172 0.1870
773 1176 0.2915
773 1177 0.1870
773 1180 0.1940
773 1182 0.3240
773 1185 0.1607
773 1186 0.2669
773 1187 0.1097
773 1188 0.1651
773 1189 0.2171
773 1193 0.1927
773 1194 0.1611
773 1195 0.2734
773 1196 0.2375
773 1199 0.2472
773 1200 0.2499
773 1201 0.2088
773 1202 0.1891
773 1203 0.2713
773 1204 0.2246
773 1205 0.2088
773 1206 0.1690
773 1208 0.1997
773 1209 0.1870
773 1210 0.2940
773 1211 0.2990
773 1212 0.2753
773 1213 0.2435
773 1216 0.2095
773 1217 0.2410
773 1218 0.3506
773 1219 0.1651
773 1220 0.1870
773 1221 0.3276
773 1223 0.2081
773 1225 0.2172
773 1226 0.3363
773 1227 0.2448
773 1228 0.2095
773 1229 0.1668
773 1230 0.2095
773 1231 0.2228
773 1235 0.2734
773 1236 0.1870
773 1237 0.2132
773 1238 0.1870
773 1240 0.2795
773 1241 0.2474
773 1242 0.2829
773 1244 0.2095
773 1247 0.3279
773 1248 0.2681
773 1249 0.1479
773 1250 0.3168
773 1251 0.1904
773 1252 0.3974
773 1253 0.1651
773 1254 0.2436
773 1256 0.2554
773 1257 0.1870
773 1258 0.2219
773 1259 0.2088
773 1260 0.1533
773 1262 0.2543
773 1263 0.2219
773 1265 0.1770
773 1266 0.2171
773 1267 0.1870
773 1269 0.3620
773 1270 0.2023
773 1271 0.2895
773 1272 0.2436
773 1274 0.1870
773 1275 0.1811
773 1276 0.1466
773 1278 0.2436
773 1279 0.1867
773 1280 0.2880
773 1281 0.1885
773 1282 0.1870
773 1283 0.1689
773 1284 0.1473
773 1286 0.2556
773 1287 0.2040
773 1288 0.2095
773 1289 0.2302
773 1291 0.1617
773 1292 0.2017
773 1293 0.1611
773 1296 0.1870
773 1298 0.1917
773 1299 0.1932
773 1300 0.1870
773 1301 0.2343
773 1303 0.1988
773 1304 0.2088
773 1305 0.1590
773 1306 0.1788
773 1308 0.2728
773 1309 0.2088
773 1310 0.3080
773 1311 0.1479
773 1313 0.2095
773 1315 0.1651
773 1316 0.1965
773 1322 0.2099
773 1323 0.3400
773 1326 0.2753
773 1327 0.1870
773 1329 0.2088
773 1330 0.2200
773 1331 0.2448
773 1333 0.3586
773 1335 0.2670
773 1336 0.2878
773 1337 0.2474
773 1339 0.1384
773 1340 0.1539
773 1342 0.2095
773 1343 0.2474
773 1344 0.3508
773 1346 0.2274
773 1348 0.2095
773 1349 0.3595
773 1350 0.2088
773 1353 0.1479
773 1355 0.2284
773 1356 0.2095
773 1360 0.1648
773 1361 0.1868
773 1362 0.1839
773 1363 0.2095
773 1364 0.2803
773 1367 0.3698
773 1368 0.2753
773 1369 0.3605
773 1370 0.2128
773 1372 0.1405
773 1374 0.1870
773 1376 0.2095
773 1377 0.1870
773 1379 0.1651
773 1380 0.2088
773 1381 0.1870
773 1384 0.1479
773 1386 0.1918
773 1387 0.2304
773 1388 0.2789
773 1389 0.2454
773 1390 0.2436
773 1393 0.1479
773 1394 0.1870
773 1395 0.1870
773 1396 0.3097
773 1397 0.2676
773 1398 0.1994
773 1401 0.2436
773 1402 0.3508
773 1405 0.1651
773 1406 0.1794
773 1408 0.2308
773 1409 0.2353
773 1411 0.2095
773 1412 0.1870
773 1415 0.1870
773 1416 0.2188
773 1418 0.3114
773 1419 0.2479
773 1421 0.1640
773 1423 0.1983
773 1424 0.2088
773 1425 0.2753
773 1426 0.2802
773 1427 0.1886
773 1428 0.1479
773 1431 0.1831
773 1434 0.2209
773 1435 0.1991
773 1436 0.1651
773 1437 0.1588
773 1438 0.1997
773 1439 0.2604
773 1440 0.1904
773 1441 0.1215
773 1445 0.2323
773 1446 0.2284
773 1448 0.2095
773 1449 0.2436
773 1451 0.2088
773 1452 0.1994
773 1453 0.2095
773 1456 0.2728
773 1457 0.1651
773 1458 0.2436
773 1460 0.1496
773 1462 0.2173
773 1463 0.2171
773 1464 0.2210
773 1465 0.2095
773 1466 0.1532
773 1472 0.3342
773 1473 0.2436
773 1476 0.2095
773 1477 0.1651
773 1479 0.1762
773 1482 0.2095
773 1484 0.2766
773 1485 0.2612
773 1490 0.2095
773 1491 0.2177
773 1493 0.1584
773 1494 0.2246
773 1497 0.2095
773 1499 0.2095
773 1500 0.1809
773 1503 0.2543
773 1504 0.2734
773 1505 0.1870
773 1506 0.2095
773 1507 0.2088
773 1508 0.2088
773 1510 0.2088
773 1512 0.1870
773 1513 0.2475
773 1516 0.3051
773 1517 0.1839
773 1518 0.1948
773 1519 0.1937
773 1520 0.2036
773 1522 0.2459
773 1523 0.1479
773 1525 0.1480
773 1526 0.1133
773 1527 0.2087
773 1529 0.3667
773 1530 0.1633
773 1532 0.2099
773 1534 0.2095
773 1535 0.2088
773 1536 0.3331
773 1538 0.2037
773 1540 0.1479
773 1541 0.2436
773 1542 0.1838
773 1544 0.2161
773 1545 0.2088
773 1547 0.1632
773 1548 0.2665
773 1549 0.2093
773 1551 0.1920
773 1554 0.1870
773 1555 0.2088
773 1566 0.1543
773 1567 0.3193
773 1568 0.1356
773 1570 0.3114
773 1571 0.2172
773 1573 0.2454
773 1574 0.2095
773 1577 0.2088
773 1578 0.2088
773 1580 0.1465
773 1581 0.2088
773 1582 0.1651
773 1583 0.2088
773 1585 0.1727
773 1588 0.1662
773 1591 0.1959
773 1592 0.2474
773 1593 0.2455
773 1595 0.1473
773 1596 0.2286
773 1598 0.1870
773 1599 0.2436
773 1601 0.2095
773 1603 0.2612
773 1604 0.2088
773 1606 0.2661
773 1608 0.5038
773 1609 0.1963
773 1610 0.2728
773 1611 0.2095
773 1613 0.2862
773 1614 0.1479
773 1616 0.2436
773 1618 0.2130
773 1619 0.2571
773 1621 0.3252
773 1622 0.2141
773 1623 0.2878
773 1624 0.1702
773 1626 0.3586
773 1628 0.2088
773 1629 0.1839
773 1630 0.2474
773 1632 0.1839
773 1633 0.2076
773 1634 0.2511
773 1636 0.3400
773 1637 0.1620
773 1639 0.1479
773 1640 0.2507
773 1641 0.1986
773 1642 0.1870
773 1643 0.2095
773 1646 0.3168
773 1647 0.2436
773 1649 0.2088
773 1650 0.2088
773 1652 0.1479
773 1653 0.2171
773 1654 0.1666
773 1655 0.1870
773 1660 0.1557
773 1661 0.1870
773 1662 0.2474
773 1663 0.2440
773 1664 0.3508
773 1666 0.2095
773 1667 0.3321
773 1668 0.1566
773 1669 0.2168
773 1673 0.2436
773 1674 0.1597
773 1675 0.2088
773 1676 0.1651
773 1678 0.2077
773 1679 0.2047
773 1681 0.1479
773 1682 0.2766
773 1683 0.2823
773 1684 0.2088
773 1685 0.1870
773 1686 0.1651
773 1687 0.2018
773 1688 0.1870
773 1689 0.2228
773 1691 0.1953
773 1692 0.2051
773 1693 0.1552
773 1694 0.1524
773 1697 0.1961
773 1699 0.1276
773 1700 0.2108
773 1701 0.1494
773 1702 0.1137
773 1705 0.2261
773 1706 0.1901
773 1707 0.1930
773 1708 0.1905
773 1709 0.1589
773 1711 0.1306
773 1712 0.2168
773 1713 0.1888
773 1714 0.2282
773 1715 0.2432
773 1717 0.2270
773 1718 0.2632
773 1719 0.2088
773 1726 0.2095
773 1728 0.1839
775 776 0.1849
775 777 0.2226
775 778 0.2095
775 780 0.1806
775 781 0.1940
775 782 0.2146
775 783 0.3078
775 784 0.1658
775 785 0.1931
775 786 0.2177
775 787 0.1808
775 789 0.1997
775 792 0.2035
775 793 0.1750
775 794 0.2356
775 796 0.2102
775 797 0.2387
775 799 0.1598
775 801 0.1974
775 802 0.1940
775 803 0.1260
775 804 0.2240
775 805 0.2219
775 806 0.2290
775 807 0.2005
775 808 0.2413
775 809 0.2373
775 810 0.1723
775 811 0.2007
775 813 0.1665
775 814 0.1727
775 815 0.1792
775 816 0.1975
775 817 0.1766
775 818 0.1768
775 819 0.1566
775 820 0.2005
775 821 0.1863
775 822 0.1981
775 823 0.2032
775 824 0.2217
775 825 0.2203
775 827 0.1985
775 828 0.2143
775 829 0.1751
775 830 0.2098
775 831 0.1922
775 832 0.2308
775 833 0.2596
775 834 0.2143
775 835 0.3754
775 836 0.2360
775 838 0.1874
775 839 0.2143
775 840 0.2217
775 841 0.2377
775 842 0.2095
775 843 0.2011
775 845 0.1991
775 846 0.1918
775 848 0.3811
775 849 0.2071
775 851 0.2189
775 853 0.1693
775 855 0.2005
775 856 0.1751
775 858 0.2235
775 860 0.1987
775 861 0.1953
775 862 0.1751
775 864 0.1870
775 865 0.2018
775 866 0.1821
775 867 0.2057
775 868 0.2735
775 869 0.1531
775 870 0.1757
775 871 0.1604
775 872 0.2243
775 876 0.2468
775 877 0.1940
775 878 0.2387
775 880 0.2155
775 881 0.1662
775 882 0.1876
775 883 0.2181
775 884 0.1751
775 885 0.1778
775 886 0.1999
775 887 0.1875
775 888 0.2003
775 889 0.1859
775 890 0.2102
775 891 0.3089
775 893 0.2186
775 894 0.2379
775 895 0.2100
775 896 0.2095
775 897 0.2095
775 898 0.1949
775 900 0.2051
775 901 0.1891
775 903 0.2202
775 905 0.2358
775 907 0.1751
775 908 0.2012
775 909 0.1867
775 911 0.2095
775 912 0.2217
775 913 0.2751
775 914 0.2224
775 915 0.2017
775 918 0.2244
775 919 0.2299
775 920 0.2671
775 921 0.1459
775 922 0.2246
775 924 0.2239
775 928 0.2005
775 929 0.2095
775 930 0.1637
775 933 0.2410
775 934 0.2143
775 935 0.1955
775 936 0.2018
775 938 0.2358
775 940 0.2176
775 941 0.2410
775 942 0.1426
775 943 0.2914
775 946 0.2016
775 947 0.1962
775 951 0.2309
775 952 0.2005
775 953 0.2136
775 954 0.1751
775 955 0.1774
775 956 0.2258
775 958 0.1751
775 959 0.2102
775 960 0.2120
775 961 0.2095
775 962 0.2095
775 963 0.2461
775 964 0.1940
775 965 0.1763
775 966 0.1953
775 967 0.1940
775 968 0.2481
775 971 0.1863
775 972 0.2095
775 973 0.2011
775 974 0.2145
775 975 0.2095
775 976 0.1955
775 977 0.2095
775 978 0.2005
775 979 0.1925
775 980 0.2309
775 981 0.1961
775 983 0.1770
775 984 0.1866
775 986 0.2108
775 987 0.2053
775 989 0.2536
775 990 0.5960
775 992 0.2005
775 993 0.2102
775 994 0.2135
775 995 0.1882
775 996 0.2095
775 999 0.2461
775 1001 0.2005
775 1002 0.1965
775 1003 0.2392
775 1004 0.1932
775 1006 0.2005
775 1007 0.1981
775 1008 0.2570
775 1010 0.2089
775 1013 0.2217
775 1014 0.2058
775 1015 0.1965
775 1016 0.1951
775 1017 0.1848
775 1018 0.2095
775 1019 0.2217
775 1020 0.2360
775 1022 0.2108
775 1024 0.1959
775 1025 0.2005
775 1026 0.1686
775 1027 0.5901
775 1029 0.2024
775 1030 0.2491
775 1032 0.1751
775 1033 0.2005
775 1035 0.1943
775 1036 0.1990
775 1037 0.2639
775 1040 0.1904
775 1041 0.2077
775 1042 0.2113
775 1043 0.1950
775 1045 0.2230
775 1046 0.1967
775 1047 0.1646
775 1048 0.2263
775 1049 0.1900
775 1050 0.1676
775 1052 0.1751
775 1053 0.1813
775 1055 0.2095
775 1056 0.1998
775 1057 0.2005
775 1058 0.1859
775 1059 0.1807
775 1060 0.2027
775 1061 0.2484
775 1062 0.1940
775 1063 0.2503
775 1065 0.2078
775 1066 0.2031
775 1067 0.3092
775 1068 0.1932
775 1069 0.2570
775 1070 0.1764
775 1072 0.2173
775 1075 0.2140
775 1076 0.2217
775 1077 0.1665
775 1079 0.1978
775 1080 0.1940
775 1081 0.1529
775 1082 0.2567
775 1083 0.2497
775 1084 0.1751
775 1087 0.2005
775 1089 0.1957
775 1090 0.1577
775 1093 0.1665
775 1094 0.2329
775 1095 0.1940
775 1096 0.2039
775 1097 0.1751
775 1099 0.2081
775 1102 0.1725
775 1103 0.2688
775 1104 0.2148
775 1105 0.1869
775 1106 0.2379
775 1107 0.1870
775 1108 0.2225
775 1110 0.1751
775 1111 0.1812
775 1113 0.1665
775 1115 0.2217
775 1116 0.2179
775 1117 0.1998
775 1118 0.1809
775 1119 0.1940
775 1122 0.2005
775 1123 0.2410
775 1125 0.1250
775 1126 0.2005
775 1127 0.2059
775 1128 0.2191
775 1129 0.1801
775 1130 0.2055
775 1134 0.2095
775 1135 0.2397
775 1138 0.2002
775 1141 0.1467
775 1142 0.2095
775 1146 0.2095
775 1147 0.1887
775 1150 0.2029
775 1151 0.1907
775 1152 0.3690
775 1153 0.1542
775 1154 0.1926
775 1157 0.2018
775 1158 0.2143
775 1160 0.1814
775 1161 0.2095
775 1162 0.2064
775 1163 0.1917
775 1165 0.2235
775 1166 0.2410
775 1167 0.2920
775 1169 0.1908
775 1172 0.2095
775 1176 0.2087
775 1177 0.2095
775 1180 0.1940
775 1182 0.1774
775 1185 0.1840
775 1186 0.2082
775 1187 0.1324
775 1188 0.1940
775 1189 0.1961
775 1193 0.1927
775 1194 0.1887
775 1195 0.2570
775 1196 0.1787
775 1199 0.2655
775 1200 0.1960
775 1201 0.2005
775 1202 0.1736
775 1203 0.1619
775 1204 0.2225
775 1205 0.2005
775 1206 0.2148
775 1208 0.2262
775 1209 0.2095
775 1210 0.2588
775 1211 0.3016
775 1212 0.2410
775 1213 0.2043
775 1216 0.1751
775 1217 0.2574
775 1218 0.1929
775 1219 0.1940
775 1220 0.2095
775 1221 0.2278
775 1223 0.1718
775 1225 0.2172
775 1226 0.2474
775 1227 0.1863
775 1228 0.1751
775 1229 0.2127
775 1230 0.1751
775 1231 0.1926
775 1235 0.2570
775 1236 0.2095
775 1237 0.2159
775 1238 0.2095
775 1240 0.2589
775 1241 0.2309
775 1242 0.2595
775 1244 0.1751
775 1247 0.1634
775 1248 0.2387
775 1249 0.2095
775 1250 0.1916
775 1251 0.2076
775 1252 0.2455
775 1253 0.1940
775 1254 0.2217
775 1256 0.2523
775 1257 0.2095
775 1258 0.1956
775 1259 0.2005
775 1260 0.1734
775 1262 0.2213
775 1263 0.1680
775 1265 0.1785
775 1266 0.1961
775 1267 0.2095
775 1269 0.2573
775 1270 0.1915
775 1271 0.2102
775 1272 0.2217
775 1274 0.2095
775 1275 0.1720
775 1276 0.1831
775 1278 0.2217
775 1279 0.1912
775 1280 0.2024
775 1281 0.1926
775 1282 0.2095
775 1283 0.1725
775 1284 0.1809
775 1286 0.2032
775 1287 0.1638
775 1288 0.1751
775 1289 0.1891
775 1291 0.1858
775 1292 0.2017
775 1293 0.1887
775 1296 0.2095
775 1298 0.1917
775 1299 0.1931
775 1300 0.2095
775 1301 0.1901
775 1303 0.2057
775 1304 0.2005
775 1305 0.1605
775 1306 0.1770
775 1308 0.2767
775 1309 0.2005
775 1310 0.1861
775 1311 0.2095
775 1313 0.1751
775 1315 0.1940
775 1316 0.1965
775 1322 0.1783
775 1323 0.1809
775 1326 0.2410
775 1327 0.2095
775 1329 0.2005
775 1330 0.2161
775 1331 0.1744
775 1333 0.1975
775 1335 0.2378
775 1336 0.1693
775 1337 0.2309
775 1339 0.1771
775 1340 0.1895
775 1342 0.2095
775 1343 0.2309
775 1344 0.2140
775 1346 0.2248
775 1348 0.1751
775 1349 0.2179
775 1350 0.2005
775 1353 0.2095
775 1355 0.2084
775 1356 0.1751
775 1360 0.1668
775 1361 0.1831
775 1362 0.2143
775 1363 0.1751
775 1364 0.1887
775 1367 0.2102
775 1368 0.2410
775 1369 0.3252
775 1370 0.2300
775 1372 0.1770
775 1374 0.2095
775 1376 0.1751
775 1377 0.2095
775 1379 0.1940
775 1380 0.2005
775 1381 0.2095
775 1384 0.2095
775 1386 0.2102
775 1387 0.2006
775 1388 0.2179
775 1389 0.2443
775 1390 0.2217
775 1393 0.2095
775 1394 0.2095
775 1395 0.2095
775 1396 0.1988
775 1397 0.1985
775 1398 0.2503
775 1401 0.2217
775 1402 0.2140
775 1405 0.1940
775 1406 0.2308
775 1408 0.1739
775 1409 0.1858
775 1411 0.1751
775 1412 0.2095
775 1415 0.2095
775 1416 0.2157
775 1418 0.1888
775 1419 0.2240
775 1421 0.1543
775 1423 0.1988
775 1424 0.2005
775 1425 0.2410
775 1426 0.1795
775 1427 0.1886
775 1428 0.2095
775 1431 0.1906
775 1434 0.2209
775 1435 0.1991
775 1436 0.1940
775 1437 0.1640
775 1438 0.1844
775 1439 0.1787
775 1440 0.1904
775 1441 0.1227
775 1445 0.2098
775 1446 0.2084
775 1448 0.1751
775 1449 0.2217
775 1451 0.2005
775 1452 0.2503
775 1453 0.1751
775 1456 0.2767
775 1457 0.1940
775 1458 0.2217
775 1460 0.1901
775 1462 0.2211
775 1463 0.2293
775 1464 0.2347
775 1465 0.1751
775 1466 0.1883
775 1472 0.1846
775 1473 0.2217
775 1476 0.1751
775 1477 0.1940
775 1479 0.2244
775 1482 0.1751
775 1484 0.1646
775 1485 0.1857
775 1490 0.1751
775 1491 0.1937
775 1493 0.2043
775 1494 0.2225
775 1497 0.1751
775 1499 0.1751
775 1500 0.2290
775 1503 0.2267
775 1504 0.2570
775 1505 0.2095
775 1506 0.1751
775 1507 0.2005
775 1508 0.2005
775 1510 0.2005
775 1512 0.2095
775 1513 0.1966
775 1516 0.2732
775 1517 0.2143
775 1518 0.2125
775 1519 0.1937
775 1520 0.2036
775 1522 0.1931
775 1523 0.2095
775 1525 0.1887
775 1526 0.1391
775 1527 0.1972
775 1529 0.3985
775 1530 0.1954
775 1532 0.1783
775 1534 0.1751
775 1535 0.2005
775 1536 0.2030
775 1538 0.2088
775 1540 0.2095
775 1541 0.2217
775 1542 0.1639
775 1544 0.1879
775 1545 0.2005
775 1547 0.1861
775 1548 0.1601
775 1549 0.2034
775 1551 0.1941
775 1554 0.2095
775 1555 0.2005
775 1566 0.1764
775 1567 0.1804
775 1568 0.1715
775 1570 0.1888
775 1571 0.2440
775 1573 0.1831
775 1574 0.1751
775 1577 0.2005
775 1578 0.2005
775 1580 0.1864
775 1581 0.2005
775 1582 0.1940
775 1583 0.2005
775 1585 0.2169
775 1588 0.1861
775 1591 0.1839
775 1592 0.2309
775 1593 0.2252
775 1595 0.1870
775 1596 0.2429
775 1598 0.2095
775 1599 0.2217
775 1601 0.1751
775 1603 0.2315
775 1604 0.2005
775 1606 0.2288
775 1608 0.3586
775 1609 0.1740
775 1610 0.1628
775 1611 0.1751
775 1613 0.2859
775 1614 0.2095
775 1616 0.2217
775 1618 0.2366
775 1619 0.2631
775 1621 0.2407
775 1622 0.2141
775 1623 0.1693
775 1624 0.1895
775 1626 0.1975
775 1628 0.2005
775 1629 0.2143
775 1630 0.2309
775 1632 0.2143
775 1633 0.2235
775 1634 0.1870
775 1636 0.1809
775 1637 0.2042
775 1639 0.2095
775 1640 0.2347
775 1641 0.1971
775 1642 0.2095
775 1643 0.1751
775 1646 0.1916
775 1647 0.3216
775 1649 0.2005
775 1650 0.2005
775 1652 0.2095
775 1653 0.1961
775 1654 0.3446
775 1655 0.2095
775 1660 0.1973
775 1661 0.2095
775 1662 0.2309
775 1663 0.1576
775 1664 0.2140
775 1666 0.1751
775 1667 0.1821
775 1668 0.1724
775 1669 0.2165
775 1673 0.2217
775 1674 0.1834
775 1675 0.2005
775 1676 0.1940
775 1678 0.1849
775 1679 0.1988
775 1681 0.2095
775 1682 0.1646
775 1683 0.2232
775 1684 0.2005
775 1685 0.2095
775 1686 0.1940
775 1687 0.1763
775 1688 0.2095
775 1689 0.2228
775 1691 0.1816
775 1692 0.1931
775 1693 0.1913
775 1694 0.1949
775 1697 0.1692
775 1699 0.1298
775 1700 0.2038
775 1701 0.1833
775 1702 0.1161
775 1705 0.1812
775 1706 0.1901
775 1707 0.1930
775 1708 0.1915
775 1709 0.2000
775 1711 0.1494
775 1712 0.2168
775 1713 0.1888
775 1714 0.2178
775 1715 0.2258
775 1717 0.2270
775 1718 0.1587
775 1719 0.2005
775 1726 0.1751
775 1728 0.1638
776 777 0.1749
776 778 0.1749
776 780 0.1561
776 781 0.1849
776 782 0.1787
776 783 0.2164
776 784 0.1460
776 785 0.1778
776 786 0.2633
776 787 0.1785
776 789 0.6016
776 792 0.1796
776 793 0.7488
776 794 0.2716
776 796 0.2121
776 797 0.1940
776 799 0.6957
776 801 0.1846
776 802 0.1849
776 803 0.2071
776 804 0.2140
776 805 0.8625
776 806 0.1788
776 807 0.1735
776 808 0.2366
776 809 0.3706
776 810 0.1443
776 811 0.2051
776 813 0.1618
776 814 0.3328
776 815 0.1587
776 816 0.2865
776 817 0.1506
776 818 0.1707
776 819 0.1626
776 820 0.1735
776 821 0.4725
776 822 0.1610
776 823 0.2825
776 824 0.1741
776 825 0.8352
776 827 0.8946
776 828 0.2019
776 829 0.1849
776 830 0.5952
776 831 0.8008
776 832 0.5737
776 833 0.1926
776 834 0.1744
776 835 0.1778
776 836 0.2430
776 838 0.8296
776 839 0.2019
776 840 0.1741
776 841 0.1915
776 842 0.1749
776 843 0.1750
776 845 0.5086
776 846 0.4507
776 848 0.1714
776 849 0.8313
776 851 0.9507
776 853 0.1638
776 855 0.1735
776 856 0.1849
776 858 0.1921
776 860 0.1807
776 861 0.1790
776 862 0.1849
776 864 0.8438
776 865 0.1742
776 866 0.1848
776 867 0.1743
776 868 0.2263
776 869 0.2034
776 870 0.8121
776 871 0.2127
776 872 0.2263
776 876 0.1980
776 877 0.1849
776 878 0.1940
776 880 0.2017
776 881 0.1926
776 882 0.6179
776 883 0.7913
776 884 0.1849
776 885 0.1895
776 886 0.3364
776 887 0.8349
776 888 0.1668
776 889 0.3962
776 890 0.2121
776 891 0.4777
776 893 0.2227
776 894 0.1755
776 895 0.7117
776 896 0.1749
776 897 0.1907
776 898 0.1996
776 900 0.1582
776 901 0.2126
776 903 0.2020
776 905 0.1822
776 907 0.1849
776 908 0.2629
776 909 0.8066
776 911 0.1749
776 912 0.1741
776 913 0.4209
776 914 0.1776
776 915 0.2523
776 918 0.5710
776 919 0.6795
776 920 0.3686
776 921 0.8237
776 922 0.1992
776 924 0.1915
776 928 0.1735
776 929 0.2688
776 930 0.6360
776 933 0.1992
776 934 0.2019
776 935 0.8689
776 936 0.1742
776 938 0.1822
776 940 0.3971
776 941 0.1992
776 942 0.6977
776 943 0.2045
776 946 0.8157
776 947 0.8535
776 951 0.1762
776 952 0.1735
776 953 0.7877
776 954 0.1849
776 955 0.1385
776 956 0.1717
776 958 0.1849
776 959 0.2121
776 960 0.8646
776 961 0.1907
776 962 0.1907
776 963 0.1857
776 964 0.1849
776 965 0.5405
776 966 0.1803
776 967 0.1849
776 968 0.3190
776 971 0.1645
776 972 0.1749
776 973 0.4056
776 974 0.7553
776 975 0.1907
776 976 0.1957
776 977 0.1907
776 978 0.1735
776 979 0.8851
776 980 0.1762
776 981 0.1977
776 983 0.1558
776 984 0.4501
776 986 0.7131
776 987 0.4369
776 989 0.4149
776 990 0.1658
776 992 0.1735
776 993 0.9502
776 994 0.2189
776 995 0.8341
776 996 0.1749
776 999 0.2035
776 1001 0.1735
776 1002 0.2008
776 1003 0.2284
776 1004 0.1965
776 1006 0.1735
776 1007 0.2002
776 1008 0.1909
776 1010 0.3521
776 1013 0.1741
776 1014 0.6904
776 1015 0.1561
776 1016 0.7951
776 1017 0.1756
776 1018 0.1749
776 1019 0.1741
776 1020 0.5746
776 1022 0.4584
776 1024 0.7190
776 1025 0.1735
776 1026 0.2968
776 1027 0.1534
776 1029 0.8238
776 1030 0.2059
776 1032 0.1849
776 1033 0.1735
776 1035 0.1599
776 1036 0.1957
776 1037 0.5178
776 1040 0.1626
776 1041 0.5400
776 1042 0.7483
776 1043 0.1765
776 1045 0.1771
776 1046 0.1656
776 1047 0.4067
776 1048 0.4970
776 1049 0.8262
776 1050 0.8125
776 1052 0.1849
776 1053 0.1479
776 1055 0.1907
776 1056 0.6673
776 1057 0.1735
776 1058 0.1603
776 1059 0.1744
776 1060 0.1487
776 1061 0.3519
776 1062 0.1849
776 1063 0.1933
776 1065 0.4403
776 1066 0.2372
776 1067 0.2106
776 1068 0.8812
776 1069 0.1909
776 1070 0.8294
776 1072 0.1711
776 1075 0.1844
776 1076 0.1741
776 1077 0.1618
776 1079 0.5762
776 1080 0.1849
776 1081 0.1598
776 1082 0.2125
776 1083 0.1922
776 1084 0.4810
776 1087 0.1735
776 1089 0.1799
776 1090 0.7731
776 1093 0.5371
776 1094 0.1707
776 1095 0.1849
776 1096 0.1686
776 1097 0.1849
776 1099 0.1850
776 1102 0.1662
776 1103 0.1937
776 1104 0.1923
776 1105 0.6908
776 1106 0.4930
776 1107 0.1899
776 1108 0.7425
776 1110 0.1849
776 1111 0.1714
776 1113 0.1618
776 1115 0.1741
776 1116 0.1901
776 1117 0.1544
776 1118 0.5527
776 1119 0.1849
776 1122 0.1735
776 1123 0.5663
776 1125 0.7649
776 1126 0.1735
776 1127 0.1713
776 1128 0.1759
776 1129 0.3695
776 1130 0.1698
776 1134 0.1749
776 1135 0.3734
776 1138 0.8309
776 1141 0.7828
776 1142 0.4317
776 1146 0.1907
776 1147 0.4456
776 1150 0.7760
776 1151 0.1757
776 1152 0.2555
776 1153 0.7624
776 1154 0.8793
776 1157 0.1742
776 1158 0.3382
776 1160 0.1713
776 1161 0.1749
776 1162 0.1729
776 1163 0.1928
776 1165 0.1921
776 1166 0.1992
776 1167 0.2150
776 1169 0.7121
776 1172 0.3903
776 1176 0.1881
776 1177 0.1749
776 1180 0.8926
776 1182 0.1796
776 1185 0.6119
776 1186 0.1692
776 1187 0.7837
776 1188 0.1849
776 1189 0.1977
776 1193 0.8663
776 1194 0.4121
776 1195 0.1909
776 1196 0.4870
776 1199 0.1977
776 1200 0.1684
776 1201 0.1735
776 1202 0.1821
776 1203 0.4838
776 1204 0.1890
776 1205 0.1735
776 1206 0.3179
776 1208 0.7015
776 1209 0.1749
776 1210 0.7882
776 1211 0.4552
776 1212 0.6629
776 1213 0.5119
776 1216 0.1849
776 1217 0.1930
776 1218 0.1820
776 1219 0.1849
776 1220 0.5054
776 1221 0.2290
776 1223 0.1623
776 1225 0.2814
776 1226 0.2169
776 1227 0.1630
776 1228 0.4810
776 1229 0.3122
776 1230 0.6623
776 1231 0.4014
776 1235 0.1909
776 1236 0.1749
776 1237 0.2157
776 1238 0.1749
776 1240 0.2132
776 1241 0.1762
776 1242 0.4169
776 1244 0.1849
776 1247 0.3249
776 1248 0.1940
776 1249 0.1907
776 1250 0.1653
776 1251 0.1687
776 1252 0.2090
776 1253 0.1849
776 1254 0.4276
776 1256 0.4999
776 1257 0.1749
776 1258 0.7311
776 1259 0.1735
776 1260 0.8121
776 1262 0.5564
776 1263 0.4721
776 1265 0.8296
776 1266 0.1977
776 1267 0.1749
776 1269 0.2206
776 1270 0.7383
776 1271 0.3655
776 1272 0.1741
776 1274 0.1749
776 1275 0.6768
776 1276 0.7236
776 1278 0.4276
776 1279 0.7446
776 1280 0.3437
776 1281 0.1623
776 1282 0.1749
776 1283 0.1983
776 1284 0.1516
776 1286 0.1723
776 1287 0.1434
776 1288 0.1849
776 1289 0.1424
776 1291 0.1521
776 1292 0.2054
776 1293 0.1793
776 1296 0.1749
776 1298 0.1933
776 1299 0.2076
776 1300 0.1749
776 1301 0.1641
776 1303 0.1995
776 1304 0.1735
776 1305 0.1869
776 1306 0.1558
776 1308 0.1989
776 1309 0.1735
776 1310 0.1614
776 1311 0.1907
776 1313 0.1849
776 1315 0.1849
776 1316 0.2019
776 1322 0.1514
776 1323 0.1791
776 1326 0.1992
776 1327 0.1749
776 1329 0.1735
776 1330 0.5516
776 1331 0.1629
776 1333 0.1854
776 1335 0.5498
776 1336 0.5621
776 1337 0.1762
776 1339 0.1738
776 1340 0.1576
776 1342 0.3586
776 1343 0.1762
776 1344 0.1844
776 1346 0.3635
776 1348 0.1849
776 1349 0.4584
776 1350 0.1735
776 1353 0.1907
776 1355 0.4107
776 1356 0.1849
776 1360 0.2601
776 1361 0.1625
776 1362 0.2019
776 1363 0.1849
776 1364 0.4032
776 1367 0.5041
776 1368 0.1992
776 1369 0.8496
776 1370 0.2234
776 1372 0.1696
776 1374 0.1749
776 1376 0.4675
776 1377 0.1749
776 1379 0.1849
776 1380 0.1735
776 1381 0.5036
776 1384 0.1907
776 1386 0.2121
776 1387 0.5885
776 1388 0.6440
776 1389 0.2040
776 1390 0.1741
776 1393 0.1907
776 1394 0.4736
776 1395 0.2688
776 1396 0.4530
776 1397 0.6703
776 1398 0.3037
776 1401 0.2683
776 1402 0.1844
776 1405 0.1849
776 1406 0.7164
776 1408 0.4868
776 1409 0.5457
776 1411 0.3454
776 1412 0.1749
776 1415 0.1749
776 1416 0.3403
776 1418 0.4913
776 1419 0.7041
776 1421 0.7735
776 1423 0.8174
776 1424 0.1735
776 1425 0.5500
776 1426 0.3775
776 1427 0.8181
776 1428 0.1907
776 1431 0.7801
776 1434 0.9829
776 1435 0.9059
776 1436 0.1849
776 1437 0.8349
776 1438 0.7816
776 1439 0.5135
776 1440 0.8662
776 1441 0.7685
776 1445 0.5281
776 1446 0.5055
776 1448 0.1849
776 1449 0.1741
776 1451 0.1735
776 1452 0.1990
776 1453 0.1849
776 1456 0.1989
776 1457 0.1849
776 1458 0.1741
776 1460 0.1697
776 1462 0.2182
776 1463 0.1690
776 1464 0.1748
776 1465 0.1849
776 1466 0.1564
776 1472 0.1791
776 1473 0.1741
776 1476 0.1849
776 1477 0.1849
776 1479 0.1793
776 1482 0.1849
776 1484 0.4013
776 1485 0.1799
776 1490 0.1849
776 1491 0.1653
776 1493 0.1839
776 1494 0.1890
776 1497 0.1849
776 1499 0.1849
776 1500 0.1788
776 1503 0.1932
776 1504 0.1909
776 1505 0.1749
776 1506 0.1849
776 1507 0.1735
776 1508 0.1735
776 1510 0.1735
776 1512 0.1749
776 1513 0.1640
776 1516 0.2199
776 1517 0.2019
776 1518 0.1702
776 1519 0.1987
776 1520 0.2052
776 1522 0.1518
776 1523 0.1907
776 1525 0.1744
776 1526 0.2046
776 1527 0.1557
776 1529 0.2778
776 1530 0.1984
776 1532 0.1514
776 1534 0.1849
776 1535 0.1735
776 1536 0.1777
776 1538 0.2019
776 1540 0.1907
776 1541 0.1741
776 1542 0.1867
776 1544 0.1570
776 1545 0.1735
776 1547 0.2050
776 1548 0.1562
776 1549 0.1778
776 1551 0.1537
776 1554 0.1749
776 1555 0.1735
776 1566 0.1565
776 1567 0.1731
776 1568 0.1575
776 1570 0.4913
776 1571 0.2047
776 1573 0.1702
776 1574 0.1849
776 1577 0.1735
776 1578 0.1735
776 1580 0.4821
776 1581 0.1735
776 1582 0.4879
776 1583 0.1735
776 1585 0.5492
776 1588 0.1586
776 1591 0.1614
776 1592 0.3254
776 1593 0.1660
776 1595 0.1793
776 1596 0.5962
776 1598 0.1749
776 1599 0.1741
776 1601 0.1849
776 1603 0.1862
776 1604 0.1735
776 1606 0.1736
776 1608 0.2584
776 1609 0.1569
776 1610 0.1601
776 1611 0.1849
776 1613 0.2606
776 1614 0.1907
776 1616 0.1741
776 1618 0.2253
776 1619 0.2145
776 1621 0.3278
776 1622 0.1959
776 1623 0.1638
776 1624 0.1633
776 1626 0.1854
776 1628 0.1735
776 1629 0.2019
776 1630 0.1762
776 1632 0.2019
776 1633 0.1921
776 1634 0.5583
776 1636 0.1791
776 1637 0.1840
776 1639 0.1907
776 1640 0.3875
776 1641 0.3018
776 1642 0.1749
776 1643 0.3524
776 1646 0.1653
776 1647 0.1741
776 1649 0.1735
776 1650 0.1735
776 1652 0.1907
776 1653 0.1977
776 1654 0.1878
776 1655 0.1749
776 1660 0.1769
776 1661 0.1749
776 1662 0.5111
776 1663 0.4053
776 1664 0.3839
776 1666 0.1849
776 1667 0.3916
776 1668 0.8124
776 1669 0.5198
776 1673 0.1741
776 1674 0.6586
776 1675 0.1735
776 1676 0.1849
776 1678 0.7771
776 1679 0.4411
776 1681 0.1907
776 1682 0.4013
776 1683 0.4724
776 1684 0.1735
776 1685 0.1749
776 1686 0.3759
776 1687 0.5318
776 1688 0.1749
776 1689 0.9465
776 1691 0.7101
776 1692 0.8559
776 1693 0.3135
776 1694 0.3945
776 1697 0.6662
776 1699 0.7363
776 1700 0.7468
776 1701 0.4213
776 1702 0.8293
776 1705 0.7077
776 1706 0.7835
776 1707 0.8501
776 1708 0.5297
776 1709 0.4749
776 1711 0.8129
776 1712 0.9463
776 1713 0.7770
776 1714 0.8408
776 1715 0.5066
776 1717 0.9787
776 1718 0.4743
776 1719 0.1735
776 1726 0.1849
776 1728 0.5899
777 778 0.2040
777 780 0.5815
777 781 0.2153
777 782 0.6199
777 783 0.2842
777 784 0.1587
777 785 0.1995
777 786 0.8265
777 787 0.3536
777 789 0.2408
777 792 0.1814
777 793 0.2893
777 794 0.8837
777 796 0.2749
777 797 0.2147
777 799 0.1650
777 801 0.2188
777 802 0.2153
777 803 0.2042
777 804 0.1125
777 805 0.2098
777 806 0.1992
777 807 0.1768
777 808 0.1972
777 809 0.6922
777 810 0.1693
777 811 0.2007
777 813 0.3803
777 814 0.6028
777 815 0.7405
777 816 0.2168
777 817 0.1670
777 818 0.1774
777 819 0.1772
777 820 0.1768
777 821 0.1753
777 822 0.1909
777 823 0.8166
777 824 0.2007
777 825 0.2045
777 827 0.2244
777 828 0.2693
777 829 0.2226
777 830 0.1866
777 831 0.3551
777 832 0.2608
777 833 0.2132
777 834 0.7080
777 835 0.1896
777 836 0.7681
777 838 0.1874
777 839 0.2693
777 840 0.3698
777 841 0.2354
777 842 0.2040
777 843 0.2156
777 845 0.2085
777 846 0.1781
777 848 0.1785
777 849 0.2117
777 851 0.2231
777 853 0.5175
777 855 0.1768
777 856 0.2226
777 858 0.2416
777 860 0.1858
777 861 0.6109
777 862 0.2226
777 864 0.1870
777 865 0.1843
777 866 0.2114
777 867 0.1868
777 868 0.2614
777 869 0.1927
777 870 0.1997
777 871 0.1612
777 872 0.8770
777 876 0.4185
777 877 0.2153
777 878 0.2147
777 880 0.3903
777 881 0.1384
777 882 0.3488
777 883 0.1530
777 884 0.2226
777 885 0.3750
777 886 0.1660
777 887 0.1875
777 888 0.4059
777 889 0.7585
777 890 0.2749
777 891 0.3070
777 893 0.6850
777 894 0.1967
777 895 0.4070
777 896 0.2040
777 897 0.1766
777 898 0.1949
777 900 0.1721
777 901 0.8785
777 903 0.2088
777 905 0.1949
777 907 0.2226
777 908 0.8298
777 909 0.1867
777 911 0.3524
777 912 0.2007
777 913 0.2254
777 914 0.2151
777 915 0.8128
777 918 0.1780
777 919 0.1805
777 920 0.2675
777 921 0.1812
777 922 0.6626
777 924 0.3951
777 928 0.1768
777 929 0.2040
777 930 0.1564
777 933 0.4434
777 934 0.2693
777 935 0.1955
777 936 0.1843
777 938 0.1949
777 940 0.1974
777 941 0.2167
777 942 0.1675
777 943 0.2455
777 946 0.1828
777 947 0.2045
777 951 0.2022
777 952 0.1768
777 953 0.2165
777 954 0.2226
777 955 0.1531
777 956 0.1959
777 958 0.2226
777 959 0.2749
777 960 0.2155
777 961 0.1766
777 962 0.1766
777 963 0.1981
777 964 0.4106
777 965 0.1813
777 966 0.1889
777 967 0.2153
777 968 0.9171
777 971 0.1989
777 972 0.2040
777 973 0.1855
777 974 0.2140
777 975 0.1766
777 976 0.1945
777 977 0.1766
777 978 0.1768
777 979 0.1925
777 980 0.2022
777 981 0.2324
777 983 0.1842
777 984 0.1817
777 986 0.1993
777 987 0.1973
777 989 0.4024
777 990 0.1862
777 992 0.1768
777 993 0.2102
777 994 0.8601
777 995 0.1881
777 996 0.2040
777 999 0.2347
777 1001 0.1768
777 1002 0.1965
777 1003 0.2390
777 1004 0.1932
777 1006 0.1768
777 1007 0.1953
777 1008 0.2449
777 1010 0.1917
777 1013 0.2007
777 1014 0.1871
777 1015 0.1803
777 1016 0.1448
777 1017 0.7947
777 1018 0.2040
777 1019 0.2007
777 1020 0.5817
777 1022 0.1993
777 1024 0.1897
777 1025 0.1768
777 1026 0.1680
777 1027 0.1720
777 1029 0.1940
777 1030 0.7643
777 1032 0.2226
777 1033 0.1768
777 1035 0.1839
777 1036 0.1952
777 1037 0.4295
777 1040 0.1760
777 1041 0.1912
777 1042 0.2190
777 1043 0.1992
777 1045 0.6652
777 1046 0.1870
777 1047 0.1837
777 1048 0.2227
777 1049 0.1897
777 1050 0.1469
777 1052 0.2226
777 1053 0.1648
777 1055 0.1766
777 1056 0.1700
777 1057 0.1768
777 1058 0.1715
777 1059 0.1838
777 1060 0.1724
777 1061 0.2510
777 1062 0.2153
777 1063 0.2248
777 1065 0.1845
777 1066 0.7326
777 1067 0.2498
777 1068 0.1932
777 1069 0.3494
777 1070 0.1463
777 1072 0.1942
777 1075 0.4444
777 1076 0.2007
777 1077 0.1853
777 1079 0.1857
777 1080 0.4106
777 1081 0.1707
777 1082 0.4736
777 1083 0.2140
777 1084 0.2226
777 1087 0.1768
777 1089 0.6757
777 1090 0.1966
777 1093 0.3507
777 1094 0.1934
777 1095 0.2153
777 1096 0.1971
777 1097 0.2226
777 1099 0.1970
777 1102 0.1756
777 1103 0.4112
777 1104 0.6662
777 1105 0.1959
777 1106 0.2161
777 1107 0.2106
777 1108 0.1364
777 1110 0.2226
777 1111 0.1776
777 1113 0.1853
777 1115 0.2007
777 1116 0.3512
777 1117 0.1824
777 1118 0.4120
777 1119 0.2153
777 1122 0.1768
777 1123 0.2167
777 1125 0.1826
777 1126 0.1768
777 1127 0.1906
777 1128 0.3950
777 1129 0.1740
777 1130 0.1989
777 1134 0.2040
777 1135 0.2397
777 1138 0.2056
777 1141 0.1712
777 1142 0.2040
777 1146 0.1766
777 1147 0.2061
777 1150 0.2025
777 1151 0.1848
777 1152 0.6680
777 1153 0.1534
777 1154 0.1926
777 1157 0.1843
777 1158 0.2693
777 1160 0.1788
777 1161 0.2040
777 1162 0.4995
777 1163 0.1917
777 1165 0.2416
777 1166 0.5458
777 1167 0.2350
777 1169 0.1693
777 1172 0.2040
777 1176 0.4365
777 1177 0.2040
777 1180 0.1940
777 1182 0.1987
777 1185 0.1764
777 1186 0.4421
777 1187 0.1934
777 1188 0.2153
777 1189 0.2324
777 1193 0.1927
777 1194 0.2061
777 1195 0.2449
777 1196 0.1747
777 1199 0.2221
777 1200 0.6344
777 1201 0.1768
777 1202 0.7859
777 1203 0.1815
777 1204 0.2064
777 1205 0.1768
777 1206 0.6272
777 1208 0.2202
777 1209 0.4167
777 1210 0.7476
777 1211 0.7863
777 1212 0.2167
777 1213 0.5363
777 1216 0.2226
777 1217 0.6021
777 1218 0.4663
777 1219 0.4106
777 1220 0.2040
777 1221 0.5580
777 1223 0.5575
777 1225 0.9032
777 1226 0.6473
777 1227 0.6211
777 1228 0.2226
777 1229 0.5578
777 1230 0.2226
777 1231 0.6333
777 1235 0.2449
777 1236 0.2040
777 1237 0.5973
777 1238 0.2040
777 1240 0.6650
777 1241 0.3703
777 1242 0.7902
777 1244 0.2226
777 1247 0.8712
777 1248 0.2147
777 1249 0.1766
777 1250 0.3350
777 1251 0.4322
777 1252 0.6143
777 1253 0.2153
777 1254 0.2007
777 1256 0.2394
777 1257 0.2040
777 1258 0.2015
777 1259 0.1768
777 1260 0.2231
777 1262 0.3886
777 1263 0.1673
777 1265 0.2219
777 1266 0.2324
777 1267 0.2040
777 1269 0.2300
777 1270 0.2036
777 1271 0.2018
777 1272 0.2007
777 1274 0.2040
777 1275 0.1851
777 1276 0.2045
777 1278 0.2007
777 1279 0.1691
777 1280 0.1959
777 1281 0.1666
777 1282 0.2040
777 1283 0.1993
777 1284 0.1545
777 1286 0.1959
777 1287 0.1579
777 1288 0.2226
777 1289 0.1513
777 1291 0.1778
777 1292 0.2017
777 1293 0.2061
777 1296 0.2040
777 1298 0.1916
777 1299 0.1451
777 1300 0.2040
777 1301 0.1858
777 1303 0.2025
777 1304 0.1768
777 1305 0.1326
777 1306 0.1842
777 1308 0.2433
777 1309 0.1768
777 1310 0.1735
777 1311 0.1766
777 1313 0.2226
777 1315 0.2153
777 1316 0.1965
777 1322 0.1761
777 1323 0.4718
777 1326 0.2167
777 1327 0.2040
777 1329 0.1768
777 1330 0.1829
777 1331 0.4825
777 1333 0.2168
777 1335 0.2102
777 1336 0.1875
777 1337 0.2022
777 1339 0.3826
777 1340 0.4469
777 1342 0.8004
777 1343 0.2022
777 1344 0.2047
777 1346 0.5236
777 1348 0.2226
777 1349 0.1990
777 1350 0.1768
777 1353 0.1766
777 1355 0.1810
777 1356 0.2226
777 1360 0.7243
777 1361 0.4835
777 1362 0.2693
777 1363 0.2226
777 1364 0.2106
777 1367 0.7934
777 1368 0.2167
777 1369 0.8287
777 1370 0.8016
777 1372 0.4671
777 1374 0.2040
777 1376 0.2226
777 1377 0.2040
777 1379 0.2153
777 1380 0.1768
777 1381 0.2040
777 1384 0.1766
777 1386 0.2749
777 1387 0.1754
777 1388 0.1940
777 1389 0.2155
777 1390 0.2007
777 1393 0.1766
777 1394 0.2040
777 1395 0.2040
777 1396 0.3789
777 1397 0.2059
777 1398 0.2247
777 1401 0.2007
777 1402 0.2047
777 1405 0.2153
777 1406 0.2303
777 1408 0.1707
777 1409 0.1867
777 1411 0.2226
777 1412 0.2040
777 1415 0.2040
777 1416 0.1949
777 1418 0.1736
777 1419 0.1901
777 1421 0.1786
777 1423 0.1989
777 1424 0.1768
777 1425 0.2167
777 1426 0.2001
777 1427 0.1886
777 1428 0.1766
777 1431 0.1906
777 1434 0.2293
777 1435 0.1991
777 1436 0.2153
777 1437 0.1917
777 1438 0.1466
777 1439 0.1965
777 1440 0.1904
777 1441 0.1714
777 1445 0.1866
777 1446 0.1810
777 1448 0.2226
777 1449 0.2007
777 1451 0.1768
777 1452 0.2247
777 1453 0.2226
777 1456 0.2433
777 1457 0.2153
777 1458 0.2007
777 1460 0.1812
777 1462 0.4414
777 1463 0.1912
777 1464 0.1744
777 1465 0.2226
777 1466 0.1587
777 1472 0.1964
777 1473 0.2007
777 1476 0.2226
777 1477 0.2153
777 1479 0.2033
777 1482 0.2226
777 1484 0.1834
777 1485 0.1816
777 1490 0.2226
777 1491 0.1833
777 1493 0.2000
777 1494 0.2064
777 1497 0.2226
777 1499 0.2226
777 1500 0.1992
777 1503 0.6673
777 1504 0.2449
777 1505 0.2040
777 1506 0.2226
777 1507 0.1768
777 1508 0.1768
777 1510 0.1768
777 1512 0.2040
777 1513 0.1889
777 1516 0.2591
777 1517 0.2693
777 1518 0.2046
777 1519 0.1937
777 1520 0.2036
777 1522 0.1594
777 1523 0.1766
777 1525 0.4686
777 1526 0.2049
777 1527 0.1833
777 1529 0.5680
777 1530 0.1948
777 1532 0.1761
777 1534 0.2226
777 1535 0.1768
777 1536 0.1949
777 1538 0.1486
777 1540 0.1766
777 1541 0.2007
777 1542 0.3460
777 1544 0.1831
777 1545 0.1768
777 1547 0.1965
777 1548 0.1767
777 1549 0.1786
777 1551 0.1722
777 1554 0.2040
777 1555 0.1768
777 1566 0.1772
777 1567 0.1981
777 1568 0.6021
777 1570 0.1736
777 1571 0.2485
777 1573 0.6956
777 1574 0.2226
777 1577 0.1768
777 1578 0.1768
777 1580 0.5714
777 1581 0.1768
777 1582 0.2153
777 1583 0.1768
777 1585 0.1870
777 1588 0.7034
777 1591 0.8215
777 1592 0.2022
777 1593 0.8942
777 1595 0.4694
777 1596 0.3882
777 1598 0.2040
777 1599 0.2007
777 1601 0.2226
777 1603 0.2830
777 1604 0.1768
777 1606 0.7634
777 1608 0.3045
777 1609 0.4485
777 1610 0.4382
777 1611 0.2226
777 1613 0.8786
777 1614 0.1766
777 1616 0.2007
777 1618 0.3026
777 1619 0.5629
777 1621 0.8532
777 1622 0.7600
777 1623 0.3990
777 1624 0.8557
777 1626 0.2168
777 1628 0.1768
777 1629 0.2693
777 1630 0.2022
777 1632 0.2693
777 1633 0.2416
777 1634 0.4516
777 1636 0.3312
777 1637 0.4343
777 1639 0.1766
777 1640 0.4965
777 1641 0.7729
777 1642 0.2040
777 1643 0.2226
777 1646 0.1808
777 1647 0.2007
777 1649 0.1768
777 1650 0.1768
777 1652 0.1766
777 1653 0.2324
777 1654 0.2056
777 1655 0.2040
777 1660 0.1957
777 1661 0.2040
777 1662 0.2022
777 1663 0.1780
777 1664 0.2047
777 1666 0.2226
777 1667 0.2114
777 1668 0.2099
777 1669 0.2050
777 1673 0.2007
777 1674 0.1743
777 1675 0.1768
777 1676 0.2153
777 1678 0.2059
777 1679 0.1747
777 1681 0.1766
777 1682 0.1834
777 1683 0.2120
777 1684 0.1768
777 1685 0.2040
777 1686 0.2153
777 1687 0.3221
777 1688 0.2040
777 1689 0.2257
777 1691 0.1879
777 1692 0.2064
777 1693 0.1604
777 1694 0.2018
777 1697 0.1866
777 1699 0.1806
777 1700 0.1524
777 1701 0.1558
777 1702 0.1682
777 1705 0.1568
777 1706 0.1901
777 1707 0.1949
777 1708 0.1778
777 1709 0.1808
777 1711 0.1870
777 1712 0.2185
777 1713 0.1888
777 1714 0.2672
777 1715 0.1959
777 1717 0.2316
777 1718 0.1781
777 1719 0.1768
777 1726 0.2226
777 1728 0.1640
778 780 0.1791
778 781 0.2232
778 782 0.1973
778 783 0.2761
778 784 0.4757
778 785 0.1954
778 786 0.2167
778 787 0.1979
778 789 0.2219
778 792 0.1703
778 793 0.1927
778 794 0.2198
778 796 0.2638
778 797 0.2993
778 799 0.1567
778 801 0.5378
778 802 0.3091
778 803 0.6002
778 804 0.2240
778 805 0.2100
778 806 0.2539
778 807 0.1782
778 808 0.1963
778 809 0.2153
778 810 0.4200
778 811 0.7190
778 813 0.1915
778 814 0.1708
778 815 0.1898
778 816 0.2182
778 817 0.5651
778 818 0.7479
778 819 0.4302
778 820 0.1782
778 821 0.1756
778 822 0.4622
778 823 0.2032
778 824 0.2690
778 825 0.2225
778 827 0.2014
778 828 0.2344
778 829 0.2095
778 830 0.1777
778 831 0.2157
778 832 0.2554
778 833 0.2338
778 834 0.1947
778 835 0.2050
778 836 0.2179
778 838 0.1874
778 839 0.2344
778 840 0.1867
778 841 0.2163
778 842 0.2465
778 843 0.2014
778 845 0.2014
778 846 0.1632
778 848 0.1876
778 849 0.1904
778 851 0.2189
778 853 0.1954
778 855 0.1782
778 856 0.2095
778 858 0.2153
778 860 0.3419
778 861 0.1747
778 862 0.2095
778 864 0.1870
778 865 0.1904
778 866 0.2122
778 867 0.2048
778 868 0.2530
778 869 0.5714
778 870 0.2007
778 871 0.6384
778 872 0.2243
778 876 0.2259
778 877 0.2232
778 878 0.1975
778 880 0.2057
778 881 0.5598
778 882 0.1973
778 883 0.1940
778 884 0.2095
778 885 0.1971
778 886 0.1984
778 887 0.1875
778 888 0.1830
778 889 0.1842
778 890 0.2638
778 891 0.2937
778 893 0.2086
778 894 0.3803
778 895 0.1837
778 896 0.1839
778 897 0.1870
778 898 0.7430
778 900 0.6212
778 901 0.2078
778 903 0.7483
778 905 0.2129
778 907 0.2095
778 908 0.1871
778 909 0.1867
778 911 0.1839
778 912 0.2628
778 913 0.2309
778 914 0.2018
778 915 0.2017
778 918 0.1871
778 919 0.2073
778 920 0.2831
778 921 0.1740
778 922 0.2205
778 924 0.1862
778 928 0.1782
778 929 0.1839
778 930 0.1573
778 933 0.2088
778 934 0.2862
778 935 0.1955
778 936 0.1904
778 938 0.2129
778 940 0.1838
778 941 0.2088
778 942 0.1443
778 943 0.2395
778 946 0.1867
778 947 0.1823
778 951 0.1978
778 952 0.1782
778 953 0.2136
778 954 0.2095
778 955 0.6139
778 956 0.2996
778 958 0.2095
778 959 0.2638
778 960 0.2120
778 961 0.1870
778 962 0.1870
778 963 0.2038
778 964 0.2232
778 965 0.1869
778 966 0.1745
778 967 0.3518
778 968 0.2488
778 971 0.1913
778 972 0.1839
778 973 0.1860
778 974 0.2145
778 975 0.1870
778 976 0.7563
778 977 0.1870
778 978 0.1782
778 979 0.1925
778 980 0.1978
778 981 0.2287
778 983 0.5310
778 984 0.1670
778 986 0.2096
778 987 0.1755
778 989 0.2117
778 990 0.1749
778 992 0.1782
778 993 0.2102
778 994 0.0947
778 995 0.1882
778 996 0.1839
778 999 0.2628
778 1001 0.1782
778 1002 0.7769
778 1003 0.2333
778 1004 0.7330
778 1006 0.1782
778 1007 0.8135
778 1008 0.4609
778 1010 0.1773
778 1013 0.1867
778 1014 0.2184
778 1015 0.1820
778 1016 0.1738
778 1017 0.1944
778 1018 0.1839
778 1019 0.1867
778 1020 0.2920
778 1022 0.2096
778 1024 0.1877
778 1025 0.1782
778 1026 0.1842
778 1027 0.1742
778 1029 0.1948
778 1030 0.2641
778 1032 0.2095
778 1033 0.1782
778 1035 0.1827
778 1036 0.6976
778 1037 0.2290
778 1040 0.3877
778 1041 0.1927
778 1042 0.2106
778 1043 0.1958
778 1045 0.1916
778 1046 0.1798
778 1047 0.1892
778 1048 0.2118
778 1049 0.1899
778 1050 0.1723
778 1052 0.2095
778 1053 0.4702
778 1055 0.1870
778 1056 0.1804
778 1057 0.1782
778 1058 0.2719
778 1059 0.3568
778 1060 0.6365
778 1061 0.2407
778 1062 0.2232
778 1063 0.2247
778 1065 0.1763
778 1066 0.2914
778 1067 0.4023
778 1068 0.1932
778 1069 0.2313
778 1070 0.1804
778 1072 0.2474
778 1075 0.1834
778 1076 0.1867
778 1077 0.1915
778 1079 0.1903
778 1080 0.2232
778 1081 0.5012
778 1082 0.4061
778 1083 0.2263
778 1084 0.2095
778 1087 0.1782
778 1089 0.1952
778 1090 0.1874
778 1093 0.1915
778 1094 0.2098
778 1095 0.2232
778 1096 0.2563
778 1097 0.2095
778 1099 0.1984
778 1102 0.1718
778 1103 0.2481
778 1104 0.1903
778 1105 0.1978
778 1106 0.2236
778 1107 0.2163
778 1108 0.1959
778 1110 0.2095
778 1111 0.3679
778 1113 0.3254
778 1115 0.3255
778 1116 0.1983
778 1117 0.2031
778 1118 0.2086
778 1119 0.2232
778 1122 0.1782
778 1123 0.2088
778 1125 0.1297
778 1126 0.1782
778 1127 0.2049
778 1128 0.2012
778 1129 0.1673
778 1130 0.1865
778 1134 0.1839
778 1135 0.2397
778 1138 0.1837
778 1141 0.1489
778 1142 0.1839
778 1146 0.1870
778 1147 0.2162
778 1150 0.2304
778 1151 0.1706
778 1152 0.3184
778 1153 0.1358
778 1154 0.1926
778 1157 0.1904
778 1158 0.2344
778 1160 0.3767
778 1161 0.1839
778 1162 0.1878
778 1163 0.6959
778 1165 0.2153
778 1166 0.2088
778 1167 0.2714
778 1169 0.1953
778 1172 0.1839
778 1176 0.1876
778 1177 0.1839
778 1180 0.1940
778 1182 0.2876
778 1185 0.1768
778 1186 0.1941
778 1187 0.1367
778 1188 0.2232
778 1189 0.2287
778 1193 0.1927
778 1194 0.2162
778 1195 0.2313
778 1196 0.1813
778 1199 0.2392
778 1200 0.1821
778 1201 0.1782
778 1202 0.1660
778 1203 0.1867
778 1204 0.1889
778 1205 0.1782
778 1206 0.2247
778 1208 0.2468
778 1209 0.1839
778 1210 0.2444
778 1211 0.2569
778 1212 0.2088
778 1213 0.2024
778 1216 0.2095
778 1217 0.2319
778 1218 0.2134
778 1219 0.2232
778 1220 0.1839
778 1221 0.2320
778 1223 0.1713
778 1225 0.2172
778 1226 0.2532
778 1227 0.1934
778 1228 0.2095
778 1229 0.2356
778 1230 0.2095
778 1231 0.1746
778 1235 0.2313
778 1236 0.1839
778 1237 0.1992
778 1238 0.1839
778 1240 0.2701
778 1241 0.1978
778 1242 0.2417
778 1244 0.2095
778 1247 0.1581
778 1248 0.1975
778 1249 0.1870
778 1250 0.2787
778 1251 0.1903
778 1252 0.2160
778 1253 0.2232
778 1254 0.1867
778 1256 0.2349
778 1257 0.1839
778 1258 0.1841
778 1259 0.1782
778 1260 0.1739
778 1262 0.2003
778 1263 0.1704
778 1265 0.1836
778 1266 0.2287
778 1267 0.1839
778 1269 0.2271
778 1270 0.2033
778 1271 0.1805
778 1272 0.1867
778 1274 0.1839
778 1275 0.1643
778 1276 0.2092
778 1278 0.1867
778 1279 0.1963
778 1280 0.1805
778 1281 0.3619
778 1282 0.1839
778 1283 0.6483
778 1284 0.3045
778 1286 0.3569
778 1287 0.4658
778 1288 0.2095
778 1289 0.5005
778 1291 0.5086
778 1292 0.6993
778 1293 0.2162
778 1296 0.1839
778 1298 0.6398
778 1299 0.6116
778 1300 0.2995
778 1301 0.5414
778 1303 0.6940
778 1304 0.1782
778 1305 0.6195
778 1306 0.5310
778 1308 0.2548
778 1309 0.1782
778 1310 0.3052
778 1311 0.1870
778 1313 0.2576
778 1315 0.3518
778 1316 0.6861
778 1322 0.4932
778 1323 0.2089
778 1326 0.2088
778 1327 0.1839
778 1329 0.1782
778 1330 0.1815
778 1331 0.1564
778 1333 0.2182
778 1335 0.2168
778 1336 0.1954
778 1337 0.1978
778 1339 0.1934
778 1340 0.1888
778 1342 0.2095
778 1343 0.1978
778 1344 0.1834
778 1346 0.1872
778 1348 0.2095
778 1349 0.1983
778 1350 0.1782
778 1353 0.1870
778 1355 0.1820
778 1356 0.2095
778 1360 0.1707
778 1361 0.1718
778 1362 0.2344
778 1363 0.2095
778 1364 0.2029
778 1367 0.1809
778 1368 0.2088
778 1369 0.2883
778 1370 0.3175
778 1372 0.1759
778 1374 0.1839
778 1376 0.2095
778 1377 0.1839
778 1379 0.2232
778 1380 0.1782
778 1381 0.1839
778 1384 0.1870
778 1386 0.2638
778 1387 0.2024
778 1388 0.2043
778 1389 0.2039
778 1390 0.1867
778 1393 0.1870
778 1394 0.1839
778 1395 0.1839
778 1396 0.2287
778 1397 0.1952
778 1398 0.2378
778 1401 0.1867
778 1402 0.1834
778 1405 0.2232
778 1406 0.2586
778 1408 0.1766
778 1409 0.1714
778 1411 0.2095
778 1412 0.1839
778 1415 0.1839
778 1416 0.1806
778 1418 0.1660
778 1419 0.2283
778 1421 0.1482
778 1423 0.1990
778 1424 0.1782
778 1425 0.2088
778 1426 0.1992
778 1427 0.1886
778 1428 0.1870
778 1431 0.1907
778 1434 0.2209
778 1435 0.1991
778 1436 0.2232
778 1437 0.1889
778 1438 0.1669
778 1439 0.1849
778 1440 0.1904
778 1441 0.1270
778 1445 0.1777
778 1446 0.1820
778 1448 0.2095
778 1449 0.1867
778 1451 0.1782
778 1452 0.2378
778 1453 0.2095
778 1456 0.2548
778 1457 0.2232
778 1458 0.1867
778 1460 0.2093
778 1462 0.2039
778 1463 0.2065
778 1464 0.2211
778 1465 0.2095
778 1466 0.1878
778 1472 0.2058
778 1473 0.2690
778 1476 0.2095
778 1477 0.2232
778 1479 0.2138
778 1482 0.2095
778 1484 0.1892
778 1485 0.1660
778 1490 0.2095
778 1491 0.1766
778 1493 0.2009
778 1494 0.1889
778 1497 0.2095
778 1499 0.2095
778 1500 0.2092
778 1503 0.2106
778 1504 0.2313
778 1505 0.1839
778 1506 0.2095
778 1507 0.1782
778 1508 0.1782
778 1510 0.1782
778 1512 0.1839
778 1513 0.3462
778 1516 0.2630
778 1517 0.2344
778 1518 0.1943
778 1519 0.7274
778 1520 0.7302
778 1522 0.6114
778 1523 0.1870
778 1525 0.3642
778 1526 0.6273
778 1527 0.5652
778 1529 0.5682
778 1530 0.6411
778 1532 0.4932
778 1534 0.2576
778 1535 0.1782
778 1536 0.3479
778 1538 0.6683
778 1540 0.1870
778 1541 0.2628
778 1542 0.5641
778 1544 0.6025
778 1545 0.1782
778 1547 0.6250
778 1548 0.2855
778 1549 0.4582
778 1551 0.5338
778 1554 0.1839
778 1555 0.1782
778 1566 0.5801
778 1567 0.3039
778 1568 0.1709
778 1570 0.1660
778 1571 0.2433
778 1573 0.1867
778 1574 0.2095
778 1577 0.1782
778 1578 0.1782
778 1580 0.1847
778 1581 0.1782
778 1582 0.2232
778 1583 0.1782
778 1585 0.1996
778 1588 0.2002
778 1591 0.1945
778 1592 0.1978
778 1593 0.2043
778 1595 0.1963
778 1596 0.2184
778 1598 0.1839
778 1599 0.1867
778 1601 0.2095
778 1603 0.1902
778 1604 0.1782
778 1606 0.2333
778 1608 0.3013
778 1609 0.1591
778 1610 0.1871
778 1611 0.2095
778 1613 0.2454
778 1614 0.1870
778 1616 0.1867
778 1618 0.2896
778 1619 0.2196
778 1621 0.2439
778 1622 0.2141
778 1623 0.1954
778 1624 0.2032
778 1626 0.2182
778 1628 0.1782
778 1629 0.2344
778 1630 0.1978
778 1632 0.2344
778 1633 0.2153
778 1634 0.1906
778 1636 0.2089
778 1637 0.2288
778 1639 0.1870
778 1640 0.2017
778 1641 0.1851
778 1642 0.1839
778 1643 0.2095
778 1646 0.1678
778 1647 0.1867
778 1649 0.1782
778 1650 0.1782
778 1652 0.1870
778 1653 0.2287
778 1654 0.2358
778 1655 0.1839
778 1660 0.2187
778 1661 0.1839
778 1662 0.1978
778 1663 0.1745
778 1664 0.1834
778 1666 0.2095
778 1667 0.2122
778 1668 0.2051
778 1669 0.1952
778 1673 0.1867
778 1674 0.1761
778 1675 0.1782
778 1676 0.2232
778 1678 0.1963
778 1679 0.1657
778 1681 0.1870
778 1682 0.1892
778 1683 0.2080
778 1684 0.1782
778 1685 0.1839
778 1686 0.2232
778 1687 0.1659
778 1688 0.1839
778 1689 0.2228
778 1691 0.1923
778 1692 0.2052
778 1693 0.1905
778 1694 0.2048
778 1697 0.1606
778 1699 0.1344
778 1700 0.1671
778 1701 0.1831
778 1702 0.1198
778 1705 0.1714
778 1706 0.1901
778 1707 0.1930
778 1708 0.1629
778 1709 0.1992
778 1711 0.1498
778 1712 0.2168
778 1713 0.1888
778 1714 0.2028
778 1715 0.1940
778 1717 0.2270
778 1718 0.1815
778 1719 0.1782
778 1726 0.2095
778 1728 0.1502
780 781 0.1704
780 782 0.5057
780 783 0.2157
780 784 0.1502
780 785 0.1790
780 786 0.9378
780 787 0.4582
780 789 0.2065
780 792 0.1658
780 793 0.1465
780 794 0.9128
780 796 0.1867
780 797 0.1833
780 799 0.1326
780 801 0.1585
780 802 0.1704
780 803 0.1195
780 804 0.2190
780 805 0.2340
780 806 0.1892
780 807 0.2072
780 808 0.2206
780 809 0.6934
780 810 0.1606
780 811 0.2135
780 813 0.5862
780 814 0.6701
780 815 0.5997
780 816 0.1809
780 817 0.1559
780 818 0.1473
780 819 0.1568
780 820 0.2072
780 821 0.1569
780 822 0.1560
780 823 0.8745
780 824 0.1688
780 825 0.1971
780 827 0.2815
780 828 0.1867
780 829 0.1806
780 830 0.1581
780 831 0.4726
780 832 0.7545
780 833 0.4713
780 834 0.9357
780 835 0.1768
780 836 0.8787
780 838 0.1968
780 839 0.1867
780 840 0.4076
780 841 0.2133
780 842 0.1791
780 843 0.1625
780 845 0.1961
780 846 0.1394
780 848 0.1895
780 849 0.2029
780 851 0.2122
780 853 0.6499
780 855 0.2072
780 856 0.1806
780 858 0.2024
780 860 0.1635
780 861 0.5470
780 862 0.1806
780 864 0.1975
780 865 0.1930
780 866 0.1797
780 867 0.7395
780 868 0.2069
780 869 0.2064
780 870 0.1132
780 871 0.1978
780 872 0.9470
780 876 0.7490
780 877 0.1704
780 878 0.1833
780 880 0.3173
780 881 0.1894
780 882 0.6565
780 883 0.2024
780 884 0.1806
780 885 0.4949
780 886 0.5145
780 887 0.1963
780 888 0.4557
780 889 0.7454
780 890 0.1867
780 891 0.3936
780 893 0.7486
780 894 0.1782
780 895 0.4477
780 896 0.4158
780 897 0.2084
780 898 0.2045
780 900 0.1676
780 901 0.8492
780 903 0.2073
780 905 0.4478
780 907 0.1806
780 908 0.5662
780 909 0.1956
780 911 0.3320
780 912 0.1688
780 913 0.2254
780 914 0.1839
780 915 0.9202
780 918 0.1891
780 919 0.1683
780 920 0.2227
780 921 0.2002
780 922 0.6452
780 924 0.4298
780 928 0.2072
780 929 0.1791
780 930 0.1470
780 933 0.3235
780 934 0.1867
780 935 0.1903
780 936 0.5486
780 938 0.3274
780 940 0.1694
780 941 0.3198
780 942 0.1551
780 943 0.2387
780 946 0.1616
780 947 0.1986
780 951 0.1753
780 952 0.2072
780 953 0.2137
780 954 0.1806
780 955 0.1548
780 956 0.1726
780 958 0.1806
780 959 0.1867
780 960 0.2219
780 961 0.2084
780 962 0.2084
780 963 0.2020
780 964 0.2829
780 965 0.1538
780 966 0.1831
780 967 0.1704
780 968 0.9487
780 971 0.1704
780 972 0.1791
780 973 0.2742
780 974 0.2243
780 975 0.2084
780 976 0.2036
780 977 0.2084
780 978 0.2072
780 979 0.2037
780 980 0.1753
780 981 0.1970
780 983 0.1439
780 984 0.1752
780 986 0.1863
780 987 0.1915
780 989 0.3447
780 990 0.1718
780 992 0.2072
780 993 0.3145
780 994 0.8953
780 995 0.1971
780 996 0.1791
780 999 0.1954
780 1001 0.2072
780 1002 0.2054
780 1003 0.2252
780 1004 0.2041
780 1006 0.2072
780 1007 0.2070
780 1008 0.1951
780 1010 0.1474
780 1013 0.1688
780 1014 0.2104
780 1015 0.1591
780 1016 0.1856
780 1017 0.6025
780 1018 0.1791
780 1019 0.1688
780 1020 0.7945
780 1022 0.4564
780 1024 0.1720
780 1025 0.2072
780 1026 0.1466
780 1027 0.1525
780 1029 0.1964
780 1030 0.7378
780 1032 0.1806
780 1033 0.2072
780 1035 0.1712
780 1036 0.2026
780 1037 0.7070
780 1040 0.1691
780 1041 0.1872
780 1042 0.1820
780 1043 0.1593
780 1045 0.6156
780 1046 0.1631
780 1047 0.1584
780 1048 0.2116
780 1049 0.1972
780 1050 0.1841
780 1052 0.1806
780 1053 0.1488
780 1055 0.2084
780 1056 0.1654
780 1057 0.2072
780 1058 0.1671
780 1059 0.1611
780 1060 0.1848
780 1061 0.2105
780 1062 0.1704
780 1063 0.1863
780 1065 0.1570
780 1066 0.9595
780 1067 0.2393
780 1068 0.2644
780 1069 0.1951
780 1070 0.1992
780 1072 0.1615
780 1075 0.1899
780 1076 0.3235
780 1077 0.1616
780 1079 0.1539
780 1080 0.2829
780 1081 0.1538
780 1082 0.7327
780 1083 0.3536
780 1084 0.1806
780 1087 0.2072
780 1089 0.8065
780 1090 0.2034
780 1093 0.6798
780 1094 0.3308
780 1095 0.1704
780 1096 0.1742
780 1097 0.1806
780 1099 0.1734
780 1102 0.1730
780 1103 0.4544
780 1104 0.7713
780 1105 0.1568
780 1106 0.2142
780 1107 0.4032
780 1108 0.1750
780 1110 0.1806
780 1111 0.1680
780 1113 0.1616
780 1115 0.1688
780 1116 0.3545
780 1117 0.1656
780 1118 0.3605
780 1119 0.1704
780 1122 0.2072
780 1123 0.1855
780 1125 0.1961
780 1126 0.2072
780 1127 0.1804
780 1128 0.5276
780 1129 0.1625
780 1130 0.1624
780 1134 0.1791
780 1135 0.2309
780 1138 0.1998
780 1141 0.1570
780 1142 0.1791
780 1146 0.2084
780 1147 0.1674
780 1150 0.1792
780 1151 0.3166
780 1152 0.6766
780 1153 0.1914
780 1154 0.2006
780 1157 0.1930
780 1158 0.1867
780 1160 0.1746
780 1161 0.1791
780 1162 0.6805
780 1163 0.2029
780 1165 0.2024
780 1166 0.4394
780 1167 0.2165
780 1169 0.4019
780 1172 0.1791
780 1176 0.6527
780 1177 0.1791
780 1180 0.2011
780 1182 0.3903
780 1185 0.1619
780 1186 0.3399
780 1187 0.2043
780 1188 0.1704
780 1189 0.1970
780 1193 0.2438
780 1194 0.1674
780 1195 0.4663
780 1196 0.1598
780 1199 0.2005
780 1200 0.5896
780 1201 0.2072
780 1202 0.9122
780 1203 0.2692
780 1204 0.1717
780 1205 0.2072
780 1206 0.5204
780 1208 0.1974
780 1209 0.5542
780 1210 0.7810
780 1211 0.8235
780 1212 0.3818
780 1213 0.7694
780 1216 0.1806
780 1217 0.7666
780 1218 0.6824
780 1219 0.1704
780 1220 0.1791
780 1221 0.6681
780 1223 0.6176
780 1225 0.9163
780 1226 0.7743
780 1227 0.9402
780 1228 0.1806
780 1229 0.7766
780 1230 0.1806
780 1231 0.6034
780 1235 0.4009
780 1236 0.1791
780 1237 0.4927
780 1238 0.1791
780 1240 0.8386
780 1241 0.4325
780 1242 0.8514
780 1244 0.1806
780 1247 0.7222
780 1248 0.1833
780 1249 0.2084
780 1250 0.6342
780 1251 0.5958
780 1252 0.7179
780 1253 0.1704
780 1254 0.1688
780 1256 0.2027
780 1257 0.1791
780 1258 0.1739
780 1259 0.2072
780 1260 0.2353
780 1262 0.7782
780 1263 0.1524
780 1265 0.1648
780 1266 0.1970
780 1267 0.1791
780 1269 0.4767
780 1270 0.1768
780 1271 0.1918
780 1272 0.1688
780 1274 0.1791
780 1275 0.1840
780 1276 0.1819
780 1278 0.1688
780 1279 0.1889
780 1280 0.1875
780 1281 0.1499
780 1282 0.1791
780 1283 0.2044
780 1284 0.1586
780 1286 0.3896
780 1287 0.1531
780 1288 0.1806
780 1289 0.1355
780 1291 0.1669
780 1292 0.1812
780 1293 0.1674
780 1296 0.3320
780 1298 0.2012
780 1299 0.1897
780 1300 0.1791
780 1301 0.1714
780 1303 0.2066
780 1304 0.2072
780 1305 0.1868
780 1306 0.1439
780 1308 0.1991
780 1309 0.2072
780 1310 0.1660
780 1311 0.2084
780 1313 0.1806
780 1315 0.1704
780 1316 0.2089
780 1322 0.1491
780 1323 0.7080
780 1326 0.1855
780 1327 0.1791
780 1329 0.2072
780 1330 0.6611
780 1331 0.6440
780 1333 0.1809
780 1335 0.3773
780 1336 0.1627
780 1337 0.1753
780 1339 0.4500
780 1340 0.4046
780 1342 0.9219
780 1343 0.1753
780 1344 0.6691
780 1346 0.3917
780 1348 0.1806
780 1349 0.3545
780 1350 0.2072
780 1353 0.2084
780 1355 0.1653
780 1356 0.1806
780 1360 0.8125
780 1361 0.5654
780 1362 0.1867
780 1363 0.3045
780 1364 0.1671
780 1367 0.9050
