319 673 0.1618
319 674 0.1423
319 676 0.1792
319 677 0.1725
319 678 0.2051
319 679 0.7969
319 680 0.1696
319 683 0.1704
319 684 0.1702
319 685 0.1907
319 686 0.1758
319 687 0.1758
319 688 0.1875
319 689 0.2852
319 690 0.1478
319 691 0.1752
319 692 0.1925
319 693 0.1448
319 694 0.1415
319 695 0.9407
319 696 0.1788
319 697 0.1768
319 698 0.2054
319 699 0.1674
319 700 0.1998
319 702 0.8739
319 703 0.8546
319 704 0.8870
319 705 0.1662
319 706 0.2056
319 707 0.1972
319 708 0.1625
319 709 0.1963
319 710 0.1505
319 711 0.2021
319 712 0.1503
319 713 0.1624
319 714 0.1817
319 716 0.1588
319 717 0.1486
319 718 0.1827
319 721 0.1853
319 722 0.1964
319 723 0.1625
319 724 0.1725
319 726 0.6760
319 727 0.1704
319 728 0.7471
319 729 0.8167
319 731 0.2132
319 732 0.3925
319 733 0.1624
319 734 0.1581
319 735 0.1852
319 736 0.2088
319 737 0.1436
319 738 0.2971
319 740 0.1973
319 741 0.2162
319 742 0.1548
319 743 0.5006
319 744 0.9179
319 745 0.4588
319 746 0.1624
319 747 0.1588
319 748 0.2143
319 750 0.1556
319 751 0.1594
319 752 0.9718
319 753 0.5888
319 754 0.1725
319 755 0.9014
319 756 0.4431
319 758 0.1831
319 759 0.3779
319 760 0.1535
319 761 0.1916
319 762 0.1639
319 763 0.2298
319 764 0.1587
319 766 0.1539
319 767 0.1625
319 768 0.2465
319 769 0.1473
319 770 0.1649
319 771 0.1927
319 772 0.1624
319 773 0.1758
319 775 0.8838
319 776 0.8803
319 777 0.1677
319 778 0.1803
319 780 0.1525
319 781 0.1725
319 782 0.1685
319 783 0.1975
319 784 0.1442
319 785 0.1649
319 786 0.2016
319 787 0.1571
319 789 0.1760
319 792 0.1659
319 793 0.4080
319 794 0.2119
319 796 0.1975
319 797 0.1805
319 799 0.7439
319 801 0.1681
319 802 0.1725
319 803 0.1960
319 804 0.2068
319 805 0.9021
319 806 0.1707
319 807 0.1588
319 808 0.2342
319 809 0.6671
319 810 0.1359
319 811 0.2002
319 813 0.1471
319 814 0.1411
319 815 0.2998
319 816 0.1771
319 817 0.1429
319 818 0.1533
319 819 0.1514
319 820 0.1588
319 821 0.1445
319 822 0.1507
319 823 0.2004
319 824 0.1625
319 825 0.8776
319 827 0.8673
319 828 0.1875
319 829 0.1704
319 830 0.5605
319 831 0.8564
319 832 0.5238
319 833 0.1808
319 834 0.1635
319 835 0.1699
319 836 0.2091
319 838 0.8558
319 839 0.1875
319 840 0.1625
319 841 0.1786
319 842 0.1624
319 843 0.1610
319 845 0.1667
319 846 0.4563
319 848 0.1631
319 849 0.9087
319 851 0.9672
319 853 0.1487
319 855 0.1588
319 856 0.1704
319 858 0.1773
319 860 0.1677
319 861 0.1635
319 862 0.1704
319 864 0.8823
319 865 0.1593
319 866 0.1725
319 867 0.3615
319 868 0.2107
319 869 0.1963
319 870 0.8652
319 871 0.1991
319 872 0.2121
319 876 0.1763
319 877 0.1725
319 878 0.1805
319 880 0.1916
319 881 0.1760
319 882 0.4112
319 883 0.8082
319 884 0.1704
319 885 0.1678
319 886 0.1571
319 887 0.8898
319 888 0.1475
319 889 0.1504
319 890 0.1975
319 891 0.4164
319 893 0.1523
319 894 0.1593
319 895 0.5535
319 896 0.1624
319 897 0.1758
319 898 0.1949
319 900 0.1478
319 901 0.1927
319 903 0.1953
319 905 0.1731
319 907 0.1704
319 908 0.1461
319 909 0.8802
319 911 0.1624
319 912 0.1594
319 913 0.1963
319 914 0.1657
319 915 0.2304
319 918 0.1588
319 919 0.3851
319 920 0.2150
319 921 0.8410
319 922 0.1847
319 924 0.4775
319 928 0.1588
319 929 0.1624
319 930 0.6906
319 933 0.1858
319 934 0.1875
319 935 0.8813
319 936 0.1593
319 938 0.1731
319 940 0.1773
319 941 0.1858
319 942 0.8028
319 943 0.1903
319 946 0.3683
319 947 0.8574
319 951 0.1640
319 952 0.1588
319 953 0.2042
319 954 0.1704
319 955 0.1276
319 956 0.1603
319 958 0.1704
319 959 0.1975
319 960 0.2075
319 961 0.1758
319 962 0.1758
319 963 0.1734
319 964 0.1725
319 965 0.1445
319 966 0.1664
319 967 0.1725
319 968 0.2081
319 971 0.1530
319 972 0.1624
319 973 0.1438
319 974 0.2846
319 975 0.1758
319 976 0.1948
319 977 0.1758
319 978 0.1588
319 979 0.9359
319 980 0.1640
319 981 0.1816
319 983 0.1508
319 984 0.4862
319 986 0.5073
319 987 0.1759
319 989 0.4191
319 990 0.1521
319 992 0.1588
319 993 0.9623
319 994 0.2073
319 995 0.8883
319 996 0.1624
319 999 0.1936
319 1001 0.1588
319 1002 0.1965
319 1003 0.2075
319 1004 0.1945
319 1006 0.1588
319 1007 0.1930
319 1008 0.1779
319 1010 0.1652
319 1013 0.1625
319 1014 0.1974
319 1015 0.1459
319 1016 0.8279
319 1017 0.1634
319 1018 0.1624
319 1019 0.1625
319 1020 0.4819
319 1022 0.5277
319 1024 0.5796
319 1025 0.1588
319 1026 0.1489
319 1027 0.1425
319 1029 0.9002
319 1030 0.1881
319 1032 0.1704
319 1033 0.1588
319 1035 0.1491
319 1036 0.1937
319 1037 0.4988
319 1040 0.1541
319 1041 0.3490
319 1042 0.1717
319 1043 0.1613
319 1045 0.1694
319 1046 0.1512
319 1047 0.5072
319 1048 0.1822
319 1049 0.8440
319 1050 0.7901
319 1052 0.1704
319 1053 0.1376
319 1055 0.1758
319 1056 0.1413
319 1057 0.1588
319 1058 0.1498
319 1059 0.1518
319 1060 0.1486
319 1061 0.1925
319 1062 0.1725
319 1063 0.1782
319 1065 0.4739
319 1066 0.2054
319 1067 0.1947
319 1068 0.9078
319 1069 0.1779
319 1070 0.1395
319 1072 0.1594
319 1075 0.1721
319 1076 0.1625
319 1077 0.1471
319 1079 0.1654
319 1080 0.1725
319 1081 0.1480
319 1082 0.1998
319 1083 0.1879
319 1084 0.4597
319 1087 0.1588
319 1089 0.1698
319 1090 0.8209
319 1093 0.2016
319 1094 0.1575
319 1095 0.1725
319 1096 0.1572
319 1097 0.1704
319 1099 0.1799
319 1102 0.1477
319 1103 0.1809
319 1104 0.1827
319 1105 0.5734
319 1106 0.1927
319 1107 0.1768
319 1108 0.7960
319 1110 0.1704
319 1111 0.1577
319 1113 0.1471
319 1115 0.1625
319 1116 0.1770
319 1117 0.1535
319 1118 0.4412
319 1119 0.1725
319 1122 0.1588
319 1123 0.4982
319 1125 0.8034
319 1126 0.1588
319 1127 0.1627
319 1128 0.1642
319 1129 0.1352
319 1130 0.1578
319 1134 0.1624
319 1135 0.2198
319 1138 0.8360
319 1141 0.8017
319 1142 0.3982
319 1146 0.1758
319 1147 0.3963
319 1150 0.5973
319 1151 0.1633
319 1152 0.2425
319 1153 0.7969
319 1154 0.9406
319 1157 0.1593
319 1158 0.4613
319 1160 0.1599
319 1161 0.1624
319 1162 0.1639
319 1163 0.1931
319 1165 0.1773
319 1166 0.1858
319 1167 0.1987
319 1169 0.5831
319 1172 0.3289
319 1176 0.1653
319 1177 0.1624
319 1180 0.9228
319 1182 0.1674
319 1185 0.4762
319 1186 0.1463
319 1187 0.8524
319 1188 0.1725
319 1189 0.1816
319 1193 0.9179
319 1194 0.4455
319 1195 0.1779
319 1196 0.4803
319 1199 0.1940
319 1200 0.1600
319 1201 0.1588
319 1202 0.1846
319 1203 0.4391
319 1204 0.1741
319 1205 0.1588
319 1206 0.5949
319 1208 0.7297
319 1209 0.1624
319 1210 0.7586
319 1211 0.4255
319 1212 0.5431
319 1213 0.1695
319 1216 0.1704
319 1217 0.1804
319 1218 0.1726
319 1219 0.1725
319 1220 0.3658
319 1221 0.2116
319 1223 0.1557
319 1225 0.3780
319 1226 0.2006
319 1227 0.1533
319 1228 0.4138
319 1229 0.1817
319 1230 0.4174
319 1231 0.1512
319 1235 0.1779
319 1236 0.1624
319 1237 0.4037
319 1238 0.1624
319 1240 0.1874
319 1241 0.1640
319 1242 0.2243
319 1244 0.1704
319 1247 0.2086
319 1248 0.1805
319 1249 0.1758
319 1250 0.1569
319 1251 0.1525
319 1252 0.1948
319 1253 0.1725
319 1254 0.4318
319 1256 0.1711
319 1257 0.1624
319 1258 0.4520
319 1259 0.1588
319 1260 0.1472
319 1262 0.5014
319 1263 0.1387
319 1265 0.2014
319 1266 0.1816
319 1267 0.1624
319 1269 0.2054
319 1270 0.3842
319 1271 0.1775
319 1272 0.1625
319 1274 0.1624
319 1275 0.2041
319 1276 0.1749
319 1278 0.4318
319 1279 0.1984
319 1280 0.1779
319 1281 0.1425
319 1282 0.1624
319 1283 0.1956
319 1284 0.1401
319 1286 0.1632
319 1287 0.1350
319 1288 0.1704
319 1289 0.1246
319 1291 0.1571
319 1292 0.2011
319 1293 0.1674
319 1296 0.1624
319 1298 0.1924
319 1299 0.2024
319 1300 0.1624
319 1301 0.1555
319 1303 0.1956
319 1304 0.1588
319 1305 0.1737
319 1306 0.1508
319 1308 0.1853
319 1309 0.1588
319 1310 0.1521
319 1311 0.1758
319 1313 0.1704
319 1315 0.1725
319 1316 0.1965
319 1322 0.1400
319 1323 0.1703
319 1326 0.1858
319 1327 0.1624
319 1329 0.1588
319 1330 0.5191
319 1331 0.1482
319 1333 0.1771
319 1335 0.4831
319 1336 0.1487
319 1337 0.1640
319 1339 0.1543
319 1340 0.1443
319 1342 0.4505
319 1343 0.1640
319 1344 0.1721
319 1346 0.1760
319 1348 0.1704
319 1349 0.4315
319 1350 0.1588
319 1353 0.1758
319 1355 0.3810
319 1356 0.1704
319 1360 0.1764
319 1361 0.1462
319 1362 0.1875
319 1363 0.1704
319 1364 0.1854
319 1367 0.2170
319 1368 0.1858
319 1369 0.8417
319 1370 0.3424
319 1372 0.1505
319 1374 0.1624
319 1376 0.1704
319 1377 0.1624
319 1379 0.1725
319 1380 0.1588
319 1381 0.2550
319 1384 0.1758
319 1386 0.1975
319 1387 0.1558
319 1388 0.1644
319 1389 0.1885
319 1390 0.1625
319 1393 0.1758
319 1394 0.4238
319 1395 0.1624
319 1396 0.4902
319 1397 0.1780
319 1398 0.1857
319 1401 0.3990
319 1402 0.1721
319 1405 0.1725
319 1406 0.6166
319 1408 0.1413
319 1409 0.1548
319 1411 0.1704
319 1412 0.1624
319 1415 0.1624
319 1416 0.1773
319 1418 0.4719
319 1419 0.4697
319 1421 0.8056
319 1423 0.8325
319 1424 0.1588
319 1425 0.5184
319 1426 0.1580
319 1427 0.8250
319 1428 0.1758
319 1431 0.8721
319 1434 0.9850
319 1435 0.9356
319 1436 0.1725
319 1437 0.9164
319 1438 0.6896
319 1439 0.5648
319 1440 0.8951
319 1441 0.8135
319 1445 0.5430
319 1446 0.3921
319 1448 0.1704
319 1449 0.1625
319 1451 0.1588
319 1452 0.1857
319 1453 0.1704
319 1456 0.1853
319 1457 0.1725
319 1458 0.1625
319 1460 0.1617
319 1462 0.1922
319 1463 0.1554
319 1464 0.1625
319 1465 0.1704
319 1466 0.1436
319 1472 0.1668
319 1473 0.1625
319 1476 0.1704
319 1477 0.1725
319 1479 0.1643
319 1482 0.1704
319 1484 0.1449
319 1485 0.1597
319 1490 0.1704
319 1491 0.1524
319 1493 0.1706
319 1494 0.1687
319 1497 0.1704
319 1499 0.1704
319 1500 0.1707
319 1503 0.1793
319 1504 0.1779
319 1505 0.1624
319 1506 0.1704
319 1507 0.1588
319 1508 0.1588
319 1510 0.1588
319 1512 0.1624
319 1513 0.1506
319 1516 0.2044
319 1517 0.1875
319 1518 0.1552
319 1519 0.1964
319 1520 0.1998
319 1522 0.1369
319 1523 0.1758
319 1525 0.1621
319 1526 0.1958
319 1527 0.1457
319 1529 0.2587
319 1530 0.1957
319 1532 0.1400
319 1534 0.1704
319 1535 0.1588
319 1536 0.1658
319 1538 0.1826
319 1540 0.1758
319 1541 0.1594
319 1542 0.1747
319 1544 0.1486
319 1545 0.1588
319 1547 0.1960
319 1548 0.1419
319 1549 0.1631
319 1551 0.1395
319 1554 0.1624
319 1555 0.1588
319 1566 0.1466
319 1567 0.1611
319 1568 0.1560
319 1570 0.4719
319 1571 0.1884
319 1573 0.1543
319 1574 0.1704
319 1577 0.1588
319 1578 0.1588
319 1580 0.1614
319 1581 0.1588
319 1582 0.5057
319 1583 0.1588
319 1585 0.5178
319 1588 0.1475
319 1591 0.1508
319 1592 0.1640
319 1593 0.1581
319 1595 0.1678
319 1596 0.1615
319 1598 0.1624
319 1599 0.1625
319 1601 0.1704
319 1603 0.1736
319 1604 0.1588
319 1606 0.1653
319 1608 0.2394
319 1609 0.1395
319 1610 0.1452
319 1611 0.1704
319 1613 0.2322
319 1614 0.1758
319 1616 0.1625
319 1618 0.2080
319 1619 0.2027
319 1621 0.2073
319 1622 0.2085
319 1623 0.1487
319 1624 0.1513
319 1626 0.1771
319 1628 0.1588
319 1629 0.1875
319 1630 0.1640
319 1632 0.1875
319 1633 0.1773
319 1634 0.1660
319 1636 0.1703
319 1637 0.1678
319 1639 0.1758
319 1640 0.1825
319 1641 0.1504
319 1642 0.1624
319 1643 0.1588
319 1646 0.1569
319 1647 0.1625
319 1649 0.1588
319 1650 0.1588
319 1652 0.1758
319 1653 0.1816
319 1654 0.1771
319 1655 0.1624
319 1660 0.1658
319 1661 0.1624
319 1662 0.1640
319 1663 0.1571
319 1664 0.1721
319 1666 0.1704
319 1667 0.1725
319 1668 0.1490
319 1669 0.1533
319 1673 0.1625
319 1674 0.3118
319 1675 0.1588
319 1676 0.1725
319 1678 0.1880
319 1679 0.1563
319 1681 0.1758
319 1682 0.1449
319 1683 0.1723
319 1684 0.1588
319 1685 0.1704
319 1686 0.3747
319 1687 0.1555
319 1688 0.1624
319 1689 0.1408
319 1691 0.4724
319 1692 0.3469
319 1693 0.1454
319 1694 0.1702
319 1697 0.1385
319 1699 0.8107
319 1700 0.8031
319 1701 0.4469
319 1702 0.8590
319 1705 0.7309
319 1706 0.8349
319 1707 0.8934
319 1708 0.6024
319 1709 0.4878
319 1711 0.8336
319 1712 0.9653
319 1713 0.8543
319 1714 0.8991
319 1715 0.4286
319 1717 0.9836
319 1718 0.3806
319 1719 0.1588
319 1726 0.1704
319 1728 0.4965
320 321 0.1994
320 322 0.1529
320 323 0.1994
320 324 0.1944
320 326 0.6669
320 327 0.1727
320 328 0.9074
320 330 0.1546
320 331 0.1599
320 332 0.1549
320 333 0.1878
320 334 0.7674
320 336 0.1678
320 337 0.1775
320 338 0.1824
320 339 0.7675
320 340 0.8308
320 341 0.1933
320 342 0.7752
320 343 0.1594
320 344 0.5796
320 346 0.2407
320 347 0.1692
320 348 0.1635
320 349 0.5837
320 350 0.1579
320 351 0.1656
320 352 0.1588
320 353 0.1610
320 354 0.1982
320 356 0.6453
320 357 0.1533
320 358 0.1589
320 359 0.5283
320 361 0.2098
320 362 0.2146
320 363 0.5620
320 364 0.1727
320 366 0.1653
320 367 0.1606
320 368 0.5260
320 369 0.1803
320 370 0.2401
320 371 0.1890
320 372 0.1924
320 373 0.1480
320 374 0.5587
320 375 0.1720
320 376 0.1916
320 377 0.7550
320 378 0.1666
320 379 0.2248
320 380 0.1893
320 381 0.1643
320 383 0.1711
320 384 0.8104
320 385 0.1846
320 386 0.1491
320 387 0.1480
320 388 0.1789
320 389 0.1566
320 390 0.1560
320 391 0.1943
320 392 0.7461
320 393 0.2623
320 394 0.3061
320 395 0.1493
320 396 0.1585
320 397 0.1575
320 398 0.5031
320 399 0.1635
320 400 0.1703
320 402 0.1566
320 403 0.1413
320 404 0.1577
320 406 0.1991
320 407 0.1502
320 408 0.1527
320 409 0.1882
320 410 0.1673
320 411 0.5123
320 412 0.1633
320 413 0.1560
320 414 0.1991
320 415 0.1670
320 418 0.1534
320 419 0.1994
320 420 0.1651
320 421 0.1994
320 423 0.1588
320 424 0.1577
320 425 0.1953
320 427 0.1666
320 428 0.0747
320 431 0.5416
320 432 0.1566
320 433 0.1550
320 434 0.2296
320 436 0.1588
320 438 0.2179
320 439 0.1773
320 441 0.1552
320 442 0.3889
320 445 0.5068
320 447 0.2124
320 448 0.1669
320 449 0.2114
320 450 0.1537
320 451 0.1564
320 452 0.7922
320 453 0.5899
320 454 0.2136
320 455 0.1934
320 456 0.1994
320 457 0.1651
320 458 0.1451
320 459 0.1625
320 460 0.1866
320 461 0.1616
320 462 0.1666
320 463 0.2648
320 464 0.1666
320 465 0.1836
320 466 0.2094
320 467 0.5410
320 468 0.4781
320 470 0.1971
320 471 0.1981
320 472 0.8242
320 474 0.1566
320 475 0.1648
320 476 0.2210
320 478 0.1610
320 479 0.1666
320 480 0.1610
320 481 0.1571
320 482 0.1566
320 484 0.4417
320 485 0.8359
320 487 0.1994
320 488 0.1927
320 489 0.1529
320 490 0.6588
320 491 0.5927
320 492 0.1666
320 493 0.1494
320 494 0.1566
320 495 0.4997
320 496 0.1592
320 497 0.1620
320 498 0.8394
320 499 0.1518
320 500 0.1991
320 501 0.8414
320 502 0.1486
320 503 0.1666
320 504 0.1615
320 505 0.1791
320 506 0.1865
320 507 0.8639
320 508 0.1708
320 509 0.1673
320 511 0.1707
320 513 0.1410
320 514 0.1981
320 515 0.2042
320 516 0.1611
320 517 0.2008
320 518 0.1651
320 519 0.1991
320 520 0.6650
320 521 0.1934
320 522 0.1723
320 523 0.8723
320 526 0.1588
320 527 0.2160
320 528 0.1946
320 530 0.1566
320 531 0.1456
320 534 0.1547
320 535 0.1533
320 536 0.8194
320 537 0.1630
320 538 0.1991
320 539 0.1666
320 540 0.2018
320 541 0.1684
320 542 0.4319
320 543 0.1651
320 544 0.1505
320 545 0.1515
320 546 0.1651
320 547 0.1651
320 548 0.1765
320 549 0.1651
320 551 0.1994
320 552 0.1747
320 553 0.1878
320 554 0.5458
320 555 0.1782
320 556 0.1994
320 558 0.1870
320 559 0.8376
320 560 0.8597
320 561 0.1580
320 562 0.6045
320 563 0.2070
320 564 0.4978
320 565 0.1481
320 568 0.8898
320 569 0.8100
320 570 0.1549
320 571 0.1744
320 572 0.2182
320 573 0.1647
320 574 0.1886
320 575 0.1729
320 576 0.1930
320 577 0.1593
320 578 0.8560
320 579 0.2061
320 581 0.1734
320 582 0.7907
320 583 0.7997
320 584 0.1931
320 585 0.1888
320 587 0.2003
320 589 0.1925
320 590 0.2174
320 592 0.1694
320 593 0.1496
320 594 0.1564
320 599 0.5558
320 600 0.1671
320 601 0.1634
320 602 0.1663
320 605 0.1991
320 606 0.1666
320 607 0.1393
320 608 0.1438
320 609 0.1596
320 610 0.1649
320 612 0.1432
320 613 0.7995
320 614 0.1732
320 617 0.8497
320 618 0.1594
320 619 0.2076
320 621 0.1510
320 622 0.1529
320 623 0.3760
320 625 0.1774
320 626 0.7921
320 627 0.1997
320 628 0.7973
320 629 0.1888
320 631 0.1452
320 632 0.1950
320 633 0.1995
320 634 0.1878
320 635 0.1893
320 636 0.1991
320 637 0.1762
320 638 0.1723
320 639 0.9262
320 640 0.1573
320 641 0.1817
320 642 0.1697
320 643 0.1600
320 644 0.1598
320 645 0.1556
320 646 0.1929
320 648 0.7804
320 649 0.5549
320 650 0.1527
320 651 0.1944
320 652 0.1457
320 653 0.1580
320 655 0.1851
320 656 0.1555
320 657 0.5347
320 658 0.1515
320 659 0.1878
320 660 0.1529
320 661 0.3630
320 662 0.1777
320 663 0.1991
320 664 0.1622
320 666 0.7853
320 668 0.1573
320 669 0.1566
320 671 0.1700
320 672 0.6769
320 673 0.7708
320 674 0.1530
320 676 0.1751
320 677 0.1566
320 678 0.4457
320 679 0.1789
320 680 0.5530
320 683 0.1666
320 684 0.1875
320 685 0.7832
320 686 0.1994
320 687 0.1994
320 688 0.1732
320 689 0.2299
320 690 0.1486
320 691 0.2012
320 692 0.7517
320 693 0.1590
320 694 0.4522
320 695 0.2373
320 696 0.1659
320 697 0.1653
320 698 0.2124
320 699 0.1519
320 700 0.4027
320 702 0.1920
320 703 0.1949
320 704 0.1895
320 705 0.1671
320 706 0.8755
320 707 0.7159
320 708 0.1529
320 709 0.2036
320 710 0.5267
320 711 0.2156
320 712 0.5530
320 713 0.1725
320 714 0.1673
320 716 0.1991
320 717 0.5935
320 718 0.1686
320 721 0.1806
320 722 0.8056
320 723 0.1529
320 724 0.1566
320 726 0.1886
320 727 0.1666
320 728 0.1374
320 729 0.1999
320 731 0.1957
320 732 0.1759
320 733 0.1651
320 734 0.4717
320 735 0.1715
320 736 0.2238
320 737 0.1462
320 738 0.1537
320 740 0.1965
320 741 0.2409
320 742 0.1614
320 743 0.1536
320 744 0.1917
320 745 0.1481
320 746 0.1651
320 747 0.1991
320 748 0.2241
320 750 0.1447
320 751 0.1496
320 752 0.2129
320 753 0.1669
320 754 0.1566
320 755 0.1890
320 756 0.1587
320 758 0.1736
320 759 0.1701
320 760 0.5170
320 761 0.1903
320 762 0.1671
320 763 0.5662
320 764 0.7310
320 766 0.4351
320 767 0.1529
320 768 0.2243
320 769 0.1445
320 770 0.1706
320 771 0.7664
320 772 0.1651
320 773 0.1994
320 775 0.1909
320 776 0.1893
320 777 0.1741
320 778 0.5268
320 780 0.1630
320 781 0.1566
320 782 0.1833
320 783 0.1723
320 784 0.5658
320 785 0.2360
320 786 0.2126
320 787 0.1533
320 789 0.1996
320 792 0.1519
320 793 0.2045
320 794 0.2203
320 796 0.1723
320 797 0.4646
320 799 0.1356
320 801 0.5733
320 802 0.4275
320 803 0.7847
320 804 0.2166
320 805 0.2024
320 806 0.1778
320 807 0.1991
320 808 0.2120
320 809 0.1768
320 810 0.4864
320 811 0.8561
320 813 0.1528
320 814 0.1550
320 815 0.1517
320 816 0.1678
320 817 0.6311
320 818 0.8432
320 819 0.5154
320 820 0.1991
320 821 0.1568
320 822 0.6033
320 823 0.2115
320 824 0.1529
320 825 0.1945
320 827 0.2033
320 828 0.1732
320 829 0.1666
320 830 0.1451
320 831 0.2004
320 832 0.1986
320 833 0.1781
320 834 0.1697
320 835 0.1578
320 836 0.2158
320 838 0.1899
320 839 0.1732
320 840 0.1529
320 841 0.1951
320 842 0.4596
320 843 0.3927
320 845 0.1838
320 846 0.1411
320 848 0.1747
320 849 0.1995
320 851 0.2260
320 853 0.1555
320 855 0.1991
320 856 0.1666
320 858 0.1878
320 860 0.5565
320 861 0.1681
320 862 0.5450
320 864 0.1916
320 865 0.1789
320 866 0.1647
320 867 0.1629
320 868 0.1888
320 869 0.8124
320 870 0.1919
320 871 0.7774
320 872 0.3612
320 876 0.1993
320 877 0.1566
320 878 0.1673
320 880 0.1758
320 881 0.8404
320 882 0.1637
320 883 0.1932
320 884 0.1666
320 885 0.1689
320 886 0.1533
320 887 0.1904
320 888 0.1502
320 889 0.1516
320 890 0.1723
320 891 0.4442
320 893 0.1804
320 894 0.5404
320 895 0.1693
320 896 0.1651
320 897 0.1994
320 898 0.8006
320 900 0.6989
320 901 0.1995
320 903 0.8486
320 905 0.1653
320 907 0.1666
320 908 0.1589
320 909 0.1887
320 911 0.1651
320 912 0.5138
320 913 0.2036
320 914 0.1703
320 915 0.2083
320 918 0.1991
320 919 0.1634
320 920 0.2039
320 921 0.1972
320 922 0.1911
320 924 0.1876
320 928 0.1991
320 929 0.1651
320 930 0.1400
320 933 0.1684
320 934 0.6172
320 935 0.1973
320 936 0.1789
320 938 0.1653
320 940 0.1572
320 941 0.1684
320 942 0.1531
320 943 0.2179
320 946 0.1565
320 947 0.1914
320 951 0.1588
320 952 0.1991
320 953 0.2118
320 954 0.1666
320 955 0.5741
320 956 0.4423
320 958 0.1666
320 959 0.1723
320 960 0.2177
320 961 0.1994
320 962 0.1994
320 963 0.1870
320 964 0.1566
320 965 0.1489
320 966 0.1686
320 967 0.4277
320 968 0.2182
320 971 0.3287
320 972 0.1651
320 973 0.1569
320 974 0.2233
320 975 0.1994
320 976 0.8363
320 977 0.1994
320 978 0.1991
320 979 0.2017
320 980 0.1588
320 981 0.1893
320 983 0.7536
320 984 0.1616
320 986 0.1701
320 987 0.1767
320 989 0.1734
320 990 0.1651
320 992 0.1991
320 993 0.2160
320 994 0.1467
320 995 0.1914
320 996 0.1651
320 999 0.5669
320 1001 0.1991
320 1002 0.8357
320 1003 0.2309
320 1004 0.8495
320 1006 0.1991
320 1007 0.8177
320 1008 0.4866
320 1010 0.1518
320 1013 0.1529
320 1014 0.2244
320 1015 0.1546
320 1016 0.1806
320 1017 0.1601
320 1018 0.4649
320 1019 0.1529
320 1020 0.4694
320 1022 0.1701
320 1024 0.1679
320 1025 0.1991
320 1026 0.1458
320 1027 0.1487
320 1029 0.1927
320 1030 0.1973
320 1032 0.1666
320 1033 0.1991
320 1035 0.1678
320 1036 0.8291
320 1037 0.2026
320 1040 0.4545
320 1041 0.1870
320 1042 0.1815
320 1043 0.1593
320 1045 0.1838
320 1046 0.1650
320 1047 0.1525
320 1048 0.2120
320 1049 0.1900
320 1050 0.1802
320 1052 0.1666
320 1053 0.5984
320 1055 0.1994
320 1056 0.1507
320 1057 0.1991
320 1058 0.7062
320 1059 0.4630
320 1060 0.7671
320 1061 0.1920
320 1062 0.1566
320 1063 0.1793
320 1065 0.1434
320 1066 0.3769
320 1067 0.7301
320 1068 0.1955
320 1069 0.1777
320 1070 0.1860
320 1072 0.6913
320 1075 0.1732
320 1076 0.1529
320 1077 0.1528
320 1079 0.1567
320 1080 0.1566
320 1081 0.4500
320 1082 0.4859
320 1083 0.1862
320 1084 0.1666
320 1087 0.1991
320 1089 0.1746
320 1090 0.2015
320 1093 0.1528
320 1094 0.1685
320 1095 0.3874
320 1096 0.4991
320 1097 0.1666
320 1099 0.1609
320 1102 0.1594
320 1103 0.1750
320 1104 0.1862
320 1105 0.1566
320 1106 0.1975
320 1107 0.1653
320 1108 0.1983
320 1110 0.1666
320 1111 0.5597
320 1113 0.5230
320 1115 0.4523
320 1116 0.1765
320 1117 0.1640
320 1118 0.1623
320 1119 0.1566
320 1122 0.1991
320 1123 0.1684
320 1125 0.1908
320 1126 0.1991
320 1127 0.1703
320 1128 0.1753
320 1129 0.1519
320 1130 0.1637
320 1134 0.1651
320 1135 0.2362
320 1138 0.1966
320 1141 0.1558
320 1142 0.1651
320 1146 0.1994
320 1147 0.1519
320 1150 0.1629
320 1151 0.1657
320 1152 0.2517
320 1153 0.1789
320 1154 0.1998
320 1157 0.1789
320 1158 0.1732
320 1160 0.5301
320 1161 0.1651
320 1162 0.1705
320 1163 0.7775
320 1165 0.1878
320 1166 0.1684
320 1167 0.1938
320 1169 0.1524
320 1172 0.1651
320 1176 0.1764
320 1177 0.1651
320 1180 0.1952
320 1182 0.4524
320 1185 0.1592
320 1186 0.1570
320 1187 0.1960
320 1188 0.1566
320 1189 0.1893
320 1193 0.1961
320 1194 0.1519
320 1195 0.1777
320 1196 0.1559
320 1199 0.1815
320 1200 0.1722
320 1201 0.1991
320 1202 0.1635
320 1203 0.1532
320 1204 0.4078
320 1205 0.1991
320 1206 0.2015
320 1208 0.2251
320 1209 0.1651
320 1210 0.1871
320 1211 0.2680
320 1212 0.1684
320 1213 0.1739
320 1216 0.1666
320 1217 0.1762
320 1218 0.1646
320 1219 0.1566
320 1220 0.1651
320 1221 0.1911
320 1223 0.1624
320 1225 0.2225
320 1226 0.2086
320 1227 0.1576
320 1228 0.1666
320 1229 0.1673
320 1230 0.1666
320 1231 0.1470
320 1235 0.1777
320 1236 0.1651
320 1237 0.1600
320 1238 0.1651
320 1240 0.1980
320 1241 0.1588
320 1242 0.2426
320 1244 0.1666
320 1247 0.2161
320 1248 0.6889
320 1249 0.1994
320 1250 0.4394
320 1251 0.1816
320 1252 0.1943
320 1253 0.1566
320 1254 0.1529
320 1256 0.1909
320 1257 0.1651
320 1258 0.1686
320 1259 0.1991
320 1260 0.2369
320 1262 0.1682
320 1263 0.1501
320 1265 0.1655
320 1266 0.1893
320 1267 0.1651
320 1269 0.2035
320 1270 0.1605
320 1271 0.1836
320 1272 0.1529
320 1274 0.1651
320 1275 0.1887
320 1276 0.1813
320 1278 0.1529
320 1279 0.1882
320 1280 0.1797
320 1281 0.6028
320 1282 0.3804
320 1283 0.8130
320 1284 0.4619
320 1286 0.4790
320 1287 0.5917
320 1288 0.1666
320 1289 0.5797
320 1291 0.5554
320 1292 0.8731
320 1293 0.5458
320 1296 0.1651
320 1298 0.8259
320 1299 0.7834
320 1300 0.4319
320 1301 0.5577
320 1303 0.8414
320 1304 0.1991
320 1305 0.7905
320 1306 0.7536
320 1308 0.4517
320 1309 0.1991
320 1310 0.4499
320 1311 0.1994
320 1313 0.4078
320 1315 0.5313
320 1316 0.8274
320 1322 0.5587
320 1323 0.1589
320 1326 0.1684
320 1327 0.1651
320 1329 0.1991
320 1330 0.1524
320 1331 0.1561
320 1333 0.1678
320 1335 0.1658
320 1336 0.1555
320 1337 0.1588
320 1339 0.1504
320 1340 0.1512
320 1342 0.2093
320 1343 0.1588
320 1344 0.1732
320 1346 0.5184
320 1348 0.1666
320 1349 0.1765
320 1350 0.1991
320 1353 0.1994
320 1355 0.1467
320 1356 0.1666
320 1360 0.1749
320 1361 0.1605
320 1362 0.1732
320 1363 0.1666
320 1364 0.1710
320 1367 0.2287
320 1368 0.1684
320 1369 0.2347
320 1370 0.5054
320 1372 0.1644
320 1374 0.1651
320 1376 0.1666
320 1377 0.1651
320 1379 0.5879
320 1380 0.1991
320 1381 0.1651
320 1384 0.1994
320 1386 0.1723
320 1387 0.1550
320 1388 0.1634
320 1389 0.1690
320 1390 0.1529
320 1393 0.1994
320 1394 0.1651
320 1395 0.1651
320 1396 0.1852
320 1397 0.1657
320 1398 0.1909
320 1401 0.1529
320 1402 0.1732
320 1405 0.1566
320 1406 0.1760
320 1408 0.1539
320 1409 0.1614
320 1411 0.1666
320 1412 0.1651
320 1415 0.1651
320 1416 0.1541
320 1418 0.1544
320 1419 0.1884
320 1421 0.1612
320 1423 0.1972
320 1424 0.1991
320 1425 0.1684
320 1426 0.1754
320 1427 0.1897
320 1428 0.1994
320 1431 0.1932
320 1434 0.2251
320 1435 0.2031
320 1436 0.1566
320 1437 0.1912
320 1438 0.1366
320 1439 0.1726
320 1440 0.1916
320 1441 0.2004
320 1445 0.1451
320 1446 0.1467
320 1448 0.1666
320 1449 0.1529
320 1451 0.1991
320 1452 0.1909
320 1453 0.1666
320 1456 0.1806
320 1457 0.1566
320 1458 0.1529
320 1460 0.1500
320 1462 0.1625
320 1463 0.1655
320 1464 0.1622
320 1465 0.1666
320 1466 0.1505
320 1472 0.1575
320 1473 0.1529
320 1476 0.1666
320 1477 0.5879
320 1479 0.1702
320 1482 0.1666
320 1484 0.1526
320 1485 0.1727
320 1490 0.1666
320 1491 0.1647
320 1493 0.1788
320 1494 0.1576
320 1497 0.1666
320 1499 0.1666
320 1500 0.1778
320 1503 0.2063
320 1504 0.1777
320 1505 0.1651
320 1506 0.1666
320 1507 0.1991
320 1508 0.1991
320 1510 0.1991
320 1512 0.1651
320 1513 0.4120
320 1516 0.1847
320 1517 0.1732
320 1518 0.1843
320 1519 0.8199
320 1520 0.8417
320 1522 0.7481
320 1523 0.1994
320 1525 0.4903
320 1526 0.8449
320 1527 0.7455
320 1529 0.6618
320 1530 0.7797
320 1532 0.5587
320 1534 0.4078
320 1535 0.1991
320 1536 0.5678
320 1538 0.7380
320 1540 0.1994
320 1541 0.5138
320 1542 0.6091
320 1544 0.7826
320 1545 0.1991
320 1547 0.8363
320 1548 0.4222
320 1549 0.4980
320 1551 0.5042
320 1554 0.4971
320 1555 0.1991
320 1566 0.6769
320 1567 0.4831
320 1568 0.1608
320 1570 0.1544
320 1571 0.2152
320 1573 0.1603
320 1574 0.1666
320 1577 0.1991
320 1578 0.1991
320 1580 0.1650
320 1581 0.1991
320 1582 0.1566
320 1583 0.1991
320 1585 0.1723
320 1588 0.1583
320 1591 0.1525
320 1592 0.1588
320 1593 0.1764
320 1595 0.1651
320 1596 0.1715
320 1598 0.1651
320 1599 0.1529
320 1601 0.1666
320 1603 0.1613
320 1604 0.1991
320 1606 0.1819
320 1608 0.2503
320 1609 0.1616
320 1610 0.1526
320 1611 0.1666
320 1613 0.2487
320 1614 0.1994
320 1616 0.1529
320 1618 0.1978
320 1619 0.1802
320 1621 0.2285
320 1622 0.2150
320 1623 0.1555
320 1624 0.1595
320 1626 0.1678
320 1628 0.1991
320 1629 0.1732
320 1630 0.1588
320 1632 0.1732
320 1633 0.1878
320 1634 0.1654
320 1636 0.1589
320 1637 0.1678
320 1639 0.1994
320 1640 0.2158
320 1641 0.1680
320 1642 0.1651
320 1643 0.1991
320 1646 0.1575
320 1647 0.1529
320 1649 0.1991
320 1650 0.1991
320 1652 0.1994
320 1653 0.1893
320 1654 0.1608
320 1655 0.1651
320 1660 0.1611
320 1661 0.1651
320 1662 0.1588
320 1663 0.1512
320 1664 0.1732
320 1666 0.1666
320 1667 0.1647
320 1668 0.2149
320 1669 0.1642
320 1673 0.1529
320 1674 0.1548
320 1675 0.1991
320 1676 0.1566
320 1678 0.1668
320 1679 0.1512
320 1681 0.1994
320 1682 0.1526
320 1683 0.5089
320 1684 0.1991
320 1685 0.1666
320 1686 0.1566
320 1687 0.1582
320 1688 0.1651
320 1689 0.2290
320 1691 0.1559
320 1692 0.1578
320 1693 0.1518
320 1694 0.1636
320 1697 0.1532
320 1699 0.1979
320 1700 0.1942
320 1701 0.1470
320 1702 0.1997
320 1705 0.1365
320 1706 0.1914
320 1707 0.1940
320 1708 0.1429
320 1709 0.1578
320 1711 0.1964
320 1712 0.2160
320 1713 0.1900
320 1714 0.2029
320 1715 0.1546
320 1717 0.2278
320 1718 0.1474
320 1719 0.1991
320 1726 0.1666
320 1728 0.1553
321 322 0.2436
321 323 0.1479
321 324 0.2288
321 326 0.1588
321 327 0.1696
321 328 0.2029
321 330 0.2432
321 331 0.2326
321 332 0.1571
321 333 0.1995
321 334 0.1191
321 336 0.3586
321 337 0.2356
321 338 0.2330
321 339 0.1685
321 340 0.2452
321 341 0.2182
321 342 0.2859
321 343 0.2112
321 344 0.1779
321 346 0.2951
321 347 0.1633
321 348 0.2879
321 349 0.1967
321 350 0.2255
321 351 0.2154
321 352 0.2474
321 353 0.3251
321 354 0.1904
321 356 0.2809
321 357 0.1413
321 358 0.1993
321 359 0.1811
321 361 0.3086
321 362 0.2270
321 363 0.2443
321 364 0.2062
321 366 0.3527
321 367 0.2598
321 368 0.2214
321 369 0.2755
321 370 0.3408
321 371 0.1874
321 372 0.2303
321 373 0.1900
321 374 0.2099
321 375 0.1679
321 376 0.1863
321 377 0.1711
321 378 0.2095
321 379 0.3504
321 380 0.2171
321 381 0.2255
321 383 0.3067
321 384 0.1904
321 385 0.1546
321 386 0.1858
321 387 0.2228
321 388 0.2393
321 389 0.1651
321 390 0.1565
321 391 0.2226
321 392 0.1812
321 393 0.1480
321 394 0.2341
321 395 0.2259
321 396 0.1567
321 397 0.3168
321 398 0.1794
321 399 0.2388
321 400 0.3331
321 402 0.1651
321 403 0.2106
321 404 0.1975
321 406 0.2088
321 407 0.1947
321 408 0.1603
321 409 0.1872
321 410 0.1668
321 411 0.2559
321 412 0.1616
321 413 0.1806
321 414 0.2088
321 415 0.2534
321 418 0.2031
321 419 0.1479
321 420 0.1870
321 421 0.1479
321 423 0.2474
321 424 0.2449
321 425 0.1900
321 427 0.2095
321 428 0.1347
321 431 0.1796
321 432 0.1651
321 433 0.2141
321 434 0.2464
321 436 0.3364
321 438 0.2134
321 439 0.2301
321 441 0.1894
321 442 0.2516
321 445 0.1823
321 447 0.2224
321 448 0.2621
321 449 0.2060
321 450 0.2806
321 451 0.2019
321 452 0.1908
321 453 0.1817
321 454 0.2138
321 455 0.2810
321 456 0.1479
321 457 0.1870
321 458 0.1846
321 459 0.2471
321 460 0.3020
321 461 0.2594
321 462 0.2095
321 463 0.3920
321 464 0.2523
321 465 0.1947
321 466 0.2027
321 467 0.1922
321 468 0.2463
321 470 0.1931
321 471 0.1948
321 472 0.1903
321 474 0.1651
321 475 0.2272
321 476 0.1721
321 478 0.3251
321 479 0.2095
321 480 0.2519
321 481 0.2479
321 482 0.1651
321 484 0.1713
321 485 0.1605
321 487 0.1479
321 488 0.1918
321 489 0.2436
321 490 0.2674
321 491 0.1646
321 492 0.2095
321 493 0.1964
321 494 0.1651
321 495 0.3127
321 496 0.1242
321 497 0.2120
321 498 0.1824
321 499 0.1552
321 500 0.2088
321 501 0.2022
321 502 0.1805
321 503 0.2095
321 504 0.2014
321 505 0.1575
321 506 0.1669
321 507 0.1941
321 508 0.2871
321 509 0.1668
321 511 0.2934
321 513 0.1752
321 514 0.3396
321 515 0.2014
321 516 0.2068
321 517 0.1681
321 518 0.1870
321 519 0.2088
321 520 0.1955
321 521 0.1752
321 522 0.1918
321 523 0.1123
321 526 0.2474
321 527 0.1810
321 528 0.2163
321 530 0.1651
321 531 0.1699
321 534 0.2653
321 535 0.1975
321 536 0.1946
321 537 0.2109
321 538 0.2088
321 539 0.2095
321 540 0.2597
321 541 0.2753
321 542 0.1809
321 543 0.1870
321 544 0.1532
321 545 0.2700
321 546 0.1870
321 547 0.1870
321 548 0.3595
321 549 0.1870
321 551 0.1479
321 552 0.2234
321 553 0.2076
321 554 0.1611
321 555 0.2636
321 556 0.1479
321 558 0.3871
321 559 0.1620
321 560 0.2003
321 561 0.1916
321 562 0.2626
321 563 0.2019
321 564 0.2267
321 565 0.2357
321 568 0.2027
321 569 0.1293
321 570 0.2061
321 571 0.2487
321 572 0.2469
321 573 0.2510
321 574 0.1874
321 575 0.2302
321 576 0.1922
321 577 0.1863
321 578 0.2195
321 579 0.4323
321 581 0.2665
321 582 0.2392
321 583 0.1606
321 584 0.1886
321 585 0.3034
321 587 0.2774
321 589 0.1896
321 590 0.2101
321 592 0.2038
321 593 0.2401
321 594 0.2343
321 599 0.3002
321 600 0.2482
321 601 0.1981
321 602 0.1633
321 605 0.2088
321 606 0.2095
321 607 0.2416
321 608 0.1290
321 609 0.2563
321 610 0.2662
321 612 0.2098
321 613 0.1357
321 614 0.1839
321 617 0.1349
321 618 0.1369
321 619 0.1841
321 621 0.1819
321 622 0.2436
321 623 0.3251
321 625 0.1620
321 626 0.1957
321 627 0.2284
321 628 0.1817
321 629 0.3034
321 631 0.2488
321 632 0.1924
321 633 0.1910
321 634 0.2076
321 635 0.2171
321 636 0.2088
321 637 0.2503
321 638 0.1918
321 639 0.2143
321 640 0.1611
321 641 0.3744
321 642 0.2713
321 643 0.2147
321 644 0.1367
321 645 0.1604
321 646 0.2049
321 648 0.1902
321 649 0.2422
321 650 0.2674
321 651 0.1228
321 652 0.1855
321 653 0.2130
321 655 0.1740
321 656 0.1644
321 657 0.1506
321 658 0.2110
321 659 0.2076
321 660 0.2436
321 661 0.2693
321 662 0.2734
321 663 0.2088
321 664 0.2638
321 666 0.2242
321 668 0.1611
321 669 0.1651
321 671 0.2836
321 672 0.1543
321 673 0.2019
321 674 0.2150
321 676 0.2766
321 677 0.1651
321 678 0.2348
321 679 0.1861
321 680 0.2093
321 683 0.2095
321 684 0.1711
321 685 0.2034
321 686 0.1479
321 687 0.1479
321 688 0.1839
321 689 0.2402
321 690 0.1805
321 691 0.2602
321 692 0.2100
321 693 0.2036
321 694 0.1919
321 695 0.3474
321 696 0.1639
321 697 0.3527
321 698 0.2063
321 699 0.1611
321 700 0.2532
321 702 0.2266
321 703 0.1718
321 704 0.1879
321 705 0.1582
321 706 0.2059
321 707 0.1229
321 708 0.2436
321 709 0.4211
321 710 0.2237
321 711 0.2111
321 712 0.1602
321 713 0.1467
321 714 0.1668
321 716 0.2088
321 717 0.1360
321 718 0.2732
321 721 0.2728
321 722 0.1958
321 723 0.2436
321 724 0.1651
321 726 0.2776
321 727 0.2095
321 728 0.2324
321 729 0.1174
321 731 0.2144
321 732 0.2297
321 733 0.1870
321 734 0.1624
321 735 0.1739
321 736 0.1989
321 737 0.1859
321 738 0.1990
321 740 0.1805
321 741 0.1945
321 742 0.2353
321 743 0.1949
321 744 0.1908
321 745 0.1957
321 746 0.1870
321 747 0.2088
321 748 0.2191
321 750 0.2524
321 751 0.2401
321 752 0.2049
321 753 0.2211
321 754 0.1651
321 755 0.1879
321 756 0.2593
321 758 0.3721
321 759 0.1731
321 760 0.2345
321 761 0.3939
321 762 0.2248
321 763 0.3657
321 764 0.3217
321 766 0.2244
321 767 0.2436
321 768 0.2203
321 769 0.1303
321 770 0.2319
321 771 0.1375
321 772 0.1870
321 773 0.1479
321 775 0.1913
321 776 0.1884
321 777 0.1766
321 778 0.2347
321 780 0.2401
321 781 0.1651
321 782 0.2735
321 783 0.1918
321 784 0.1443
321 785 0.2592
321 786 0.1822
321 787 0.1413
321 789 0.2291
321 792 0.2064
321 793 0.1905
321 794 0.2500
321 796 0.1918
321 797 0.2681
321 799 0.1682
321 801 0.2214
321 802 0.1651
321 803 0.1219
321 804 0.2240
321 805 0.2330
321 806 0.1809
321 807 0.2088
321 808 0.2528
321 809 0.2606
321 810 0.2167
321 811 0.2013
321 813 0.2809
321 814 0.1988
321 815 0.1921
321 816 0.3586
321 817 0.1792
321 818 0.2432
321 819 0.1231
321 820 0.2088
321 821 0.1921
321 822 0.2269
321 823 0.2032
321 824 0.2436
321 825 0.2021
321 827 0.2950
321 828 0.1839
321 829 0.2095
321 830 0.2323
321 831 0.1711
321 832 0.3580
321 833 0.2420
321 834 0.2440
321 835 0.2174
321 836 0.3172
321 838 0.1868
321 839 0.1839
321 840 0.2436
321 841 0.2152
321 842 0.1870
321 843 0.2083
321 845 0.2236
321 846 0.1908
321 848 0.3594
321 849 0.2259
321 851 0.2233
321 853 0.2878
321 855 0.2088
321 856 0.2095
321 858 0.2076
321 860 0.1565
321 861 0.2776
321 862 0.2095
321 864 0.1868
321 865 0.2261
321 866 0.3321
321 867 0.1638
321 868 0.3034
321 869 0.1341
321 870 0.1729
321 871 0.2979
321 872 0.2275
321 876 0.3145
321 877 0.1651
321 878 0.2681
321 880 0.2313
321 881 0.1639
321 882 0.1482
321 883 0.2118
321 884 0.2095
321 885 0.2752
321 886 0.1413
321 887 0.1871
321 888 0.1947
321 889 0.1911
321 890 0.1918
321 891 0.3283
321 893 0.2344
321 894 0.2243
321 895 0.2122
321 896 0.1870
321 897 0.1479
321 898 0.1934
321 900 0.2206
321 901 0.2025
321 903 0.1827
321 905 0.2244
321 907 0.2095
321 908 0.1993
321 909 0.1867
321 911 0.1870
321 912 0.2401
321 913 0.4211
321 914 0.2525
321 915 0.2008
321 918 0.2088
321 919 0.2185
321 920 0.2138
321 921 0.1591
321 922 0.2675
321 924 0.2677
321 928 0.2088
321 929 0.1870
321 930 0.1436
321 933 0.2753
321 934 0.1839
321 935 0.1940
321 936 0.2261
321 938 0.2244
321 940 0.2211
321 941 0.2753
321 942 0.1478
321 943 0.2457
321 946 0.2000
321 947 0.1894
321 951 0.2474
321 952 0.2088
321 953 0.2136
321 954 0.2095
321 955 0.2041
321 956 0.2432
321 958 0.2095
321 959 0.1918
321 960 0.2120
321 961 0.1479
321 962 0.1479
321 963 0.3871
321 964 0.1651
321 965 0.1890
321 966 0.2755
321 967 0.1651
321 968 0.2406
321 971 0.2456
321 972 0.1870
321 973 0.1999
321 974 0.2145
321 975 0.1479
321 976 0.1644
321 977 0.1479
321 978 0.2088
321 979 0.1933
321 980 0.2474
321 981 0.2171
321 983 0.1788
321 984 0.2616
321 986 0.1675
321 987 0.2826
321 989 0.2538
321 990 0.2405
321 992 0.2088
321 993 0.2142
321 994 0.2135
321 995 0.1870
321 996 0.1870
321 999 0.1939
321 1001 0.2088
321 1002 0.1966
321 1003 0.2107
321 1004 0.1916
321 1006 0.2088
321 1007 0.1996
321 1008 0.2734
321 1010 0.2063
321 1013 0.2436
321 1014 0.1951
321 1015 0.1951
321 1016 0.1932
321 1017 0.1459
321 1018 0.1870
321 1019 0.2436
321 1020 0.2533
321 1022 0.1675
321 1024 0.1705
321 1025 0.2088
321 1026 0.1322
321 1027 0.1878
321 1029 0.2317
321 1030 0.2277
321 1032 0.2095
321 1033 0.2088
321 1035 0.1957
321 1036 0.1654
321 1037 0.4180
321 1040 0.3148
321 1041 0.1636
321 1042 0.2527
321 1043 0.2021
321 1045 0.2841
321 1046 0.2075
321 1047 0.2767
321 1048 0.2509
321 1049 0.1890
321 1050 0.1654
321 1052 0.2095
321 1053 0.1798
321 1055 0.1479
321 1056 0.2532
321 1057 0.2088
321 1058 0.3074
321 1059 0.2542
321 1060 0.2232
321 1061 0.3988
321 1062 0.1651
321 1063 0.2655
321 1065 0.2303
321 1066 0.3602
321 1067 0.2594
321 1068 0.1938
321 1069 0.2734
321 1070 0.1743
321 1072 0.2401
321 1075 0.3508
321 1076 0.2436
321 1077 0.2809
321 1079 0.2119
321 1080 0.1651
321 1081 0.1201
321 1082 0.2510
321 1083 0.3065
321 1084 0.2095
321 1087 0.2088
321 1089 0.2326
321 1090 0.1701
321 1093 0.2809
321 1094 0.2201
321 1095 0.1651
321 1096 0.1823
321 1097 0.2095
321 1099 0.2221
321 1102 0.1369
321 1103 0.2673
321 1104 0.3072
321 1105 0.2010
321 1106 0.1866
321 1107 0.3527
321 1108 0.3162
321 1110 0.2095
321 1111 0.1427
321 1113 0.2809
321 1115 0.2436
321 1116 0.3595
321 1117 0.2283
321 1118 0.3403
321 1119 0.1651
321 1122 0.2088
321 1123 0.2753
321 1125 0.2736
321 1126 0.2088
321 1127 0.1637
321 1128 0.1742
321 1129 0.2273
321 1130 0.2347
321 1134 0.1870
321 1135 0.2397
321 1138 0.2616
321 1141 0.1534
321 1142 0.1870
321 1146 0.1479
321 1147 0.1611
321 1150 0.1580
321 1151 0.2682
321 1152 0.3682
321 1153 0.1861
321 1154 0.1942
321 1157 0.2261
321 1158 0.1839
321 1160 0.1434
321 1161 0.1870
321 1162 0.2304
321 1163 0.1915
321 1165 0.2076
321 1166 0.2753
321 1167 0.2728
321 1169 0.2475
321 1172 0.1870
321 1176 0.2915
321 1177 0.1870
321 1180 0.1934
321 1182 0.3240
321 1185 0.1607
321 1186 0.2669
321 1187 0.1217
321 1188 0.1651
321 1189 0.2171
321 1193 0.1925
321 1194 0.1611
321 1195 0.2734
321 1196 0.2375
321 1199 0.1844
321 1200 0.2499
321 1201 0.2088
321 1202 0.1896
321 1203 0.2713
321 1204 0.1732
321 1205 0.2088
321 1206 0.3131
321 1208 0.2606
321 1209 0.1870
321 1210 0.2940
321 1211 0.2217
321 1212 0.2753
321 1213 0.2435
321 1216 0.2095
321 1217 0.2410
321 1218 0.3506
321 1219 0.1651
321 1220 0.1870
321 1221 0.3276
321 1223 0.2081
321 1225 0.2172
321 1226 0.3363
321 1227 0.2448
321 1228 0.2095
321 1229 0.1668
321 1230 0.2095
321 1231 0.2228
321 1235 0.2734
321 1236 0.1870
321 1237 0.2132
321 1238 0.1870
321 1240 0.2795
321 1241 0.2474
321 1242 0.2829
321 1244 0.2095
321 1247 0.3279
321 1248 0.2681
321 1249 0.1479
321 1250 0.3168
321 1251 0.1904
321 1252 0.3974
321 1253 0.1651
321 1254 0.2436
321 1256 0.2554
321 1257 0.1870
321 1258 0.2219
321 1259 0.2088
321 1260 0.1533
321 1262 0.2543
321 1263 0.2219
321 1265 0.1770
321 1266 0.2171
321 1267 0.1870
321 1269 0.3620
321 1270 0.2023
321 1271 0.2895
321 1272 0.2436
321 1274 0.1870
321 1275 0.1811
321 1276 0.1466
321 1278 0.2436
321 1279 0.1867
321 1280 0.2880
321 1281 0.1885
321 1282 0.1870
321 1283 0.1689
321 1284 0.1473
321 1286 0.2556
321 1287 0.2040
321 1288 0.2095
321 1289 0.2302
321 1291 0.1617
321 1292 0.2017
321 1293 0.1611
321 1296 0.1870
321 1298 0.1917
321 1299 0.1932
321 1300 0.1870
321 1301 0.2343
321 1303 0.1988
321 1304 0.2088
321 1305 0.1590
321 1306 0.1788
321 1308 0.2728
321 1309 0.2088
321 1310 0.3080
321 1311 0.1479
321 1313 0.2095
321 1315 0.1651
321 1316 0.1965
321 1322 0.2099
321 1323 0.3400
321 1326 0.2753
321 1327 0.1870
321 1329 0.2088
321 1330 0.2200
321 1331 0.2448
321 1333 0.3586
321 1335 0.2670
321 1336 0.2878
321 1337 0.2474
321 1339 0.1384
321 1340 0.1539
321 1342 0.2070
321 1343 0.2474
321 1344 0.3508
321 1346 0.2274
321 1348 0.2095
321 1349 0.3595
321 1350 0.2088
321 1353 0.1479
321 1355 0.2284
321 1356 0.2095
321 1360 0.1648
321 1361 0.1868
321 1362 0.1839
321 1363 0.2095
321 1364 0.2803
321 1367 0.3698
321 1368 0.2753
321 1369 0.3605
321 1370 0.2128
321 1372 0.1405
321 1374 0.1870
321 1376 0.2095
321 1377 0.1870
321 1379 0.1651
321 1380 0.2088
321 1381 0.1870
321 1384 0.1479
321 1386 0.1918
321 1387 0.2304
321 1388 0.2789
321 1389 0.2454
321 1390 0.2436
321 1393 0.1479
321 1394 0.1870
321 1395 0.1870
321 1396 0.3097
321 1397 0.2676
321 1398 0.1994
321 1401 0.2436
321 1402 0.3508
321 1405 0.1651
321 1406 0.1794
321 1408 0.2308
321 1409 0.2353
321 1411 0.2095
321 1412 0.1870
321 1415 0.1870
321 1416 0.2188
321 1418 0.3114
321 1419 0.2479
321 1421 0.1640
321 1423 0.2480
321 1424 0.2088
321 1425 0.2753
321 1426 0.1526
321 1427 0.1886
321 1428 0.1479
321 1431 0.1854
321 1434 0.2165
321 1435 0.2031
321 1436 0.1651
321 1437 0.1578
321 1438 0.1997
321 1439 0.2604
321 1440 0.1907
321 1441 0.1065
321 1445 0.2323
321 1446 0.2284
321 1448 0.2095
321 1449 0.2436
321 1451 0.2088
321 1452 0.1994
321 1453 0.2095
321 1456 0.2728
321 1457 0.1651
321 1458 0.2436
321 1460 0.1496
321 1462 0.2173
321 1463 0.2171
321 1464 0.2210
321 1465 0.2095
321 1466 0.1532
321 1472 0.3342
321 1473 0.2436
321 1476 0.2095
321 1477 0.1651
321 1479 0.1762
321 1482 0.2095
321 1484 0.2766
321 1485 0.2612
321 1490 0.2095
321 1491 0.2177
321 1493 0.1584
321 1494 0.2246
321 1497 0.2095
321 1499 0.2095
321 1500 0.1809
321 1503 0.2543
321 1504 0.2734
321 1505 0.1870
321 1506 0.2095
321 1507 0.2088
321 1508 0.2088
321 1510 0.2088
321 1512 0.1870
321 1513 0.2475
321 1516 0.3051
321 1517 0.1839
321 1518 0.1948
321 1519 0.1937
321 1520 0.2027
321 1522 0.2459
321 1523 0.1479
321 1525 0.1480
321 1526 0.1133
321 1527 0.2083
321 1529 0.3667
321 1530 0.1633
321 1532 0.2099
321 1534 0.2095
321 1535 0.2088
321 1536 0.3331
321 1538 0.2027
321 1540 0.1479
321 1541 0.2401
321 1542 0.1838
321 1544 0.2161
321 1545 0.2088
321 1547 0.1632
321 1548 0.2665
321 1549 0.2093
321 1551 0.1920
321 1554 0.1870
321 1555 0.2088
321 1566 0.1543
321 1567 0.3193
321 1568 0.1356
321 1570 0.3114
321 1571 0.2172
321 1573 0.2454
321 1574 0.2095
321 1577 0.2088
321 1578 0.2088
321 1580 0.1435
321 1581 0.2088
321 1582 0.1651
321 1583 0.2088
321 1585 0.1727
321 1588 0.1662
321 1591 0.1959
321 1592 0.2474
321 1593 0.2455
321 1595 0.1473
321 1596 0.2286
321 1598 0.1870
321 1599 0.2436
321 1601 0.2095
321 1603 0.2612
321 1604 0.2088
321 1606 0.2661
321 1608 0.5038
321 1609 0.1963
321 1610 0.2728
321 1611 0.2095
321 1613 0.2862
321 1614 0.1479
321 1616 0.2436
321 1618 0.2130
321 1619 0.2571
321 1621 0.3252
321 1622 0.2145
321 1623 0.2878
321 1624 0.1702
321 1626 0.3586
321 1628 0.2088
321 1629 0.1839
321 1630 0.2474
321 1632 0.1839
321 1633 0.2076
321 1634 0.2511
321 1636 0.3400
321 1637 0.1620
321 1639 0.1479
321 1640 0.2507
321 1641 0.1986
321 1642 0.1870
321 1643 0.2088
321 1646 0.3168
321 1647 0.2436
321 1649 0.2088
321 1650 0.2088
321 1652 0.1479
321 1653 0.2171
321 1654 0.1666
321 1655 0.1870
321 1660 0.1557
321 1661 0.1870
321 1662 0.2474
321 1663 0.2440
321 1664 0.3508
321 1666 0.2095
321 1667 0.3321
321 1668 0.1566
321 1669 0.2168
321 1673 0.2436
321 1674 0.1597
321 1675 0.2088
321 1676 0.1651
321 1678 0.2077
321 1679 0.2047
321 1681 0.1479
321 1682 0.2766
321 1683 0.2823
321 1684 0.2088
321 1685 0.2095
321 1686 0.1651
321 1687 0.2018
321 1688 0.1870
321 1689 0.2228
321 1691 0.1953
321 1692 0.2051
321 1693 0.1552
321 1694 0.1524
321 1697 0.1961
321 1699 0.1139
321 1700 0.2976
321 1701 0.1494
321 1702 0.1136
321 1705 0.2261
321 1706 0.1903
321 1707 0.1935
321 1708 0.1851
321 1709 0.1554
321 1711 0.1540
321 1712 0.2107
321 1713 0.1887
321 1714 0.2281
321 1715 0.2432
321 1717 0.2242
321 1718 0.2632
321 1719 0.2088
321 1726 0.2095
321 1728 0.1839
322 323 0.2436
322 324 0.1918
322 326 0.1952
322 327 0.1952
322 328 0.2029
322 330 0.1734
322 331 0.1859
322 332 0.1769
322 333 0.4008
322 334 0.1561
322 336 0.2039
322 337 0.5393
322 338 0.1903
322 339 0.1562
322 340 0.2012
322 341 0.1452
322 342 0.2083
322 343 0.5267
322 344 0.1624
322 346 0.3061
322 347 0.1616
322 348 0.1865
322 349 0.2857
322 350 0.1715
322 351 0.1956
322 352 0.3063
322 353 0.2001
322 354 0.8178
322 356 0.1867
322 357 0.1699
322 358 0.1807
322 359 0.1740
322 361 0.1453
322 362 0.2182
322 363 0.2167
322 364 0.2024
322 366 0.2043
322 367 0.3841
322 368 0.1798
322 369 0.1988
322 370 0.7512
322 371 0.1874
322 372 0.1781
322 373 0.1608
322 374 0.1678
322 375 0.1670
322 376 0.1863
322 377 0.1759
322 378 0.2217
322 379 0.1726
322 380 0.2577
322 381 0.1982
322 383 0.2222
322 384 0.1904
322 385 0.1889
322 386 0.1645
322 387 0.1766
322 388 0.2049
322 389 0.1774
322 390 0.1793
322 391 0.1513
322 392 0.2094
322 393 0.5340
322 394 0.4103
322 395 0.1633
322 396 0.1547
322 397 0.1963
322 398 0.1647
322 399 0.1807
322 400 0.2059
322 402 0.1774
322 403 0.1684
322 404 0.1781
322 406 0.2691
322 407 0.1597
322 408 0.1725
322 409 0.1872
322 410 0.1796
322 411 0.3549
322 412 0.1770
322 413 0.1592
322 414 0.2691
322 415 0.2049
322 418 0.1614
322 419 0.2436
322 420 0.3255
322 421 0.2436
322 423 0.1782
322 424 0.4542
322 425 0.1949
322 427 0.2217
322 428 0.9306
322 431 0.1534
322 432 0.1774
322 433 0.1778
322 434 0.8245
322 436 0.2010
322 438 0.2134
322 439 0.7563
322 441 0.1680
322 442 0.3494
322 445 0.1642
322 447 0.8691
322 448 0.1845
322 449 0.2060
322 450 0.3431
322 451 0.7537
322 452 0.1908
322 453 0.1552
322 454 0.2138
322 455 0.2360
322 456 0.2436
322 457 0.1867
322 458 0.3908
322 459 0.1836
322 460 0.2117
322 461 0.1786
322 462 0.2217
322 463 0.3114
322 464 0.1867
322 465 0.4169
322 466 0.2027
322 467 0.1786
322 468 0.1750
322 470 0.1931
322 471 0.1948
322 472 0.1903
322 474 0.1774
322 475 0.1874
322 476 0.1950
322 478 0.2001
322 479 0.2217
322 480 0.4724
322 481 0.7095
322 482 0.1774
322 484 0.2111
322 485 0.1611
322 487 0.2436
322 488 0.1918
322 489 0.1748
322 490 0.1737
322 491 0.1982
322 492 0.2217
322 493 0.2660
322 494 0.1774
322 495 0.8947
322 496 0.1597
322 497 0.1894
322 498 0.2101
322 499 0.1698
322 500 0.2691
322 501 0.2118
322 502 0.1674
322 503 0.2217
322 504 0.6445
322 505 0.1886
322 506 0.2022
322 507 0.1941
322 508 0.1900
322 509 0.3422
322 511 0.1939
322 513 0.1620
322 514 0.2211
322 515 0.2004
322 516 0.1675
322 517 0.4866
322 518 0.1867
322 519 0.2691
322 520 0.1647
322 521 0.3775
322 522 0.1874
322 523 0.1781
322 526 0.1782
322 527 0.2266
322 528 0.1743
322 530 0.1774
322 531 0.1492
322 534 0.1677
322 535 0.5273
322 536 0.1946
322 537 0.1876
322 538 0.2691
322 539 0.3504
322 540 0.8229
322 541 0.2131
322 542 0.4027
322 543 0.1867
322 544 0.1677
322 545 0.1818
322 546 0.1867
322 547 0.1867
322 548 0.2106
322 549 0.1867
322 551 0.2436
322 552 0.5797
322 553 0.2334
322 554 0.1730
322 555 0.2128
322 556 0.2436
322 558 0.4406
322 559 0.1657
322 560 0.2003
322 561 0.1673
322 562 0.1795
322 563 0.2019
322 564 0.1661
322 565 0.3000
322 568 0.2027
322 569 0.1540
322 570 0.1575
322 571 0.3610
322 572 0.2007
322 573 0.7372
322 574 0.1874
322 575 0.2035
322 576 0.1922
322 577 0.1618
322 578 0.1768
322 579 0.2809
322 581 0.1952
322 582 0.1961
322 583 0.1918
322 584 0.1886
322 585 0.2475
322 587 0.4267
322 589 0.1944
322 590 0.2101
322 592 0.3467
322 593 0.1721
322 594 0.4045
322 599 0.2120
322 600 0.1995
322 601 0.1718
322 602 0.1764
322 605 0.2691
322 606 0.3803
322 607 0.1537
322 608 0.1547
322 609 0.1749
322 610 0.1759
322 612 0.1577
322 613 0.1911
322 614 0.2062
322 617 0.1637
322 618 0.4984
322 619 0.2161
322 621 0.1573
322 622 0.1748
322 623 0.3673
322 625 0.1937
322 626 0.1957
322 627 0.1597
322 628 0.1872
322 629 0.2475
322 631 0.1643
322 632 0.1924
322 633 0.1910
322 634 0.2334
322 635 0.2577
322 636 0.2691
322 637 0.2156
322 638 0.1874
322 639 0.2143
322 640 0.1762
322 641 0.2256
322 642 0.1975
322 643 0.1814
322 644 0.1664
322 645 0.1721
322 646 0.4295
322 648 0.1902
322 649 0.1711
322 650 0.1757
322 651 0.1465
322 652 0.1566
322 653 0.1820
322 655 0.5791
322 656 0.1797
322 657 0.1867
322 658 0.1608
322 659 0.2334
322 660 0.1748
322 661 0.4800
322 662 0.2220
322 663 0.2691
322 664 0.8896
322 666 0.1891
322 668 0.1762
322 669 0.1774
322 671 0.1923
322 672 0.1756
322 673 0.1657
322 674 0.5368
322 676 0.1904
322 677 0.2481
322 678 0.4643
322 679 0.1340
322 680 0.1637
322 683 0.2217
322 684 0.4743
322 685 0.1943
322 686 0.2436
322 687 0.2436
322 688 0.3378
322 689 0.9486
322 690 0.1674
322 691 0.2148
322 692 0.1347
322 693 0.5706
322 694 0.1596
322 695 0.1728
322 696 0.5937
322 697 0.2043
322 698 0.2063
322 699 0.2901
322 700 0.2059
322 702 0.1899
322 703 0.2029
322 704 0.1879
322 705 0.1815
322 706 0.2059
322 707 0.1548
322 708 0.1748
322 709 0.2547
322 710 0.1745
322 711 0.2111
322 712 0.1818
322 713 0.4852
322 714 0.5444
322 716 0.2691
322 717 0.1669
322 718 0.4965
322 721 0.4505
322 722 0.1958
322 723 0.1748
322 724 0.4807
322 726 0.2457
322 727 0.2217
322 728 0.1533
322 729 0.1681
322 731 0.6919
322 732 0.2045
322 733 0.1867
322 734 0.1923
322 735 0.3611
322 736 0.2299
322 737 0.1675
322 738 0.1637
322 740 0.2138
322 741 0.8672
322 742 0.1815
322 743 0.1732
322 744 0.1908
322 745 0.1503
322 746 0.1867
322 747 0.2691
322 748 0.9222
322 750 0.1666
322 751 0.1721
322 752 0.2049
322 753 0.2028
322 754 0.1774
322 755 0.1879
322 756 0.1779
322 758 0.2043
322 759 0.1636
322 760 0.2748
322 761 0.2496
322 762 0.2005
322 763 0.6897
322 764 0.1934
322 766 0.2619
322 767 0.1748
322 768 0.0923
322 769 0.3977
322 770 0.1798
322 771 0.1969
322 772 0.1867
322 773 0.2436
322 775 0.1907
322 776 0.1884
322 777 0.2007
322 778 0.2075
322 780 0.2620
322 781 0.2481
322 782 0.2086
322 783 0.1874
322 784 0.1643
322 785 0.7313
322 786 0.2123
322 787 0.1699
322 789 0.1913
322 792 0.5419
322 793 0.1795
322 794 0.2041
322 796 0.1874
322 797 0.1900
322 799 0.1485
322 801 0.1800
322 802 0.1774
322 803 0.1586
322 804 0.9384
322 805 0.1856
322 806 0.3671
322 807 0.2691
322 808 0.7734
322 809 0.1943
322 810 0.1684
322 811 0.2013
322 813 0.1867
322 814 0.1613
322 815 0.1702
322 816 0.2039
322 817 0.1692
322 818 0.1641
322 819 0.1584
322 820 0.2691
322 821 0.1753
322 822 0.1825
322 823 0.2032
322 824 0.1748
322 825 0.1984
322 827 0.2119
322 828 0.2062
322 829 0.2217
322 830 0.1679
322 831 0.2106
322 832 0.2209
322 833 0.3925
322 834 0.1976
322 835 0.1823
322 836 0.2234
322 838 0.1868
322 839 0.2062
322 840 0.1748
322 841 0.2154
322 842 0.1867
322 843 0.6239
322 845 0.1844
322 846 0.1510
322 848 0.2189
322 849 0.1835
322 851 0.2233
322 853 0.1901
322 855 0.2691
322 856 0.3216
322 858 0.2334
322 860 0.1793
322 861 0.1868
322 862 0.2217
322 864 0.1868
322 865 0.6157
322 866 0.2041
322 867 0.1756
322 868 0.5085
322 869 0.1931
322 870 0.2024
322 871 0.1444
322 872 0.2275
322 876 0.5993
322 877 0.1774
322 878 0.3684
322 880 0.7416
322 881 0.1678
322 882 0.1794
322 883 0.1496
322 884 0.2217
322 885 0.1898
322 886 0.1699
322 887 0.1871
322 888 0.1597
322 889 0.1631
322 890 0.1874
322 891 0.8647
322 893 0.2040
322 894 0.3515
322 895 0.1991
322 896 0.1867
322 897 0.2436
322 898 0.1934
322 900 0.1719
322 901 0.1928
322 903 0.2177
322 905 0.1977
322 907 0.2217
322 908 0.1807
322 909 0.1867
322 911 0.1867
322 912 0.1721
322 913 0.2547
322 914 0.6408
322 915 0.2008
322 918 0.2691
322 919 0.1858
322 920 0.2281
322 921 0.1733
322 922 0.3459
322 924 0.2058
322 928 0.2691
322 929 0.1867
322 930 0.1557
322 933 0.2131
322 934 0.2062
322 935 0.1940
322 936 0.6616
322 938 0.3608
322 940 0.1785
322 941 0.2131
322 942 0.1478
322 943 0.5913
322 946 0.1727
322 947 0.2017
322 951 0.1782
322 952 0.2691
322 953 0.2140
322 954 0.2217
322 955 0.1496
322 956 0.1734
322 958 0.2217
322 959 0.1874
322 960 0.2120
322 961 0.2436
322 962 0.2436
322 963 0.3852
322 964 0.1774
322 965 0.1675
322 966 0.6353
322 967 0.1774
322 968 0.2394
322 971 0.5925
322 972 0.1867
322 973 0.1716
322 974 0.2145
322 975 0.2436
322 976 0.1967
322 977 0.2436
322 978 0.2691
322 979 0.1933
322 980 0.1782
322 981 0.2577
322 983 0.1563
322 984 0.1809
322 986 0.1855
322 987 0.1995
322 989 0.2061
322 990 0.1817
322 992 0.2691
322 993 0.2142
322 994 0.2135
322 995 0.1870
322 996 0.1867
322 999 0.5280
322 1001 0.2691
322 1002 0.1966
322 1003 0.8586
322 1004 0.1916
322 1006 0.2691
322 1007 0.1960
322 1008 0.2220
322 1010 0.1625
322 1013 0.2635
322 1014 0.2106
322 1015 0.6457
322 1016 0.1337
322 1017 0.1768
322 1018 0.1867
322 1019 0.1748
322 1020 0.2093
322 1022 0.1855
322 1024 0.1945
322 1025 0.2691
322 1026 0.1578
322 1027 0.1601
322 1029 0.1934
322 1030 0.2328
322 1032 0.2217
322 1033 0.2691
322 1035 0.5962
322 1036 0.1948
322 1037 0.2518
322 1040 0.1955
322 1041 0.1978
322 1042 0.1952
322 1043 0.6217
322 1045 0.2065
322 1046 0.6303
322 1047 0.1848
322 1048 0.2135
322 1049 0.1890
322 1050 0.1784
322 1052 0.2217
322 1053 0.1591
322 1055 0.2436
322 1056 0.1707
322 1057 0.2691
322 1058 0.1927
322 1059 0.1786
322 1060 0.1632
322 1061 0.2383
322 1062 0.1774
322 1063 0.7348
322 1065 0.1669
322 1066 0.2994
322 1067 0.2419
322 1068 0.1938
322 1069 0.2220
322 1070 0.1782
322 1072 0.1721
322 1075 0.2116
322 1076 0.1748
322 1077 0.3578
322 1079 0.1786
322 1080 0.1774
322 1081 0.1434
322 1082 0.2121
322 1083 0.7494
322 1084 0.2217
322 1087 0.2691
322 1089 0.1824
322 1090 0.1830
322 1093 0.1867
322 1094 0.1772
322 1095 0.1774
322 1096 0.1760
322 1097 0.2217
322 1099 0.7992
322 1102 0.4984
322 1103 0.2179
322 1104 0.2131
322 1105 0.1749
322 1106 0.2066
322 1107 0.2043
322 1108 0.1360
322 1110 0.2217
322 1111 0.1751
322 1113 0.1867
322 1115 0.1748
322 1116 0.2106
322 1117 0.6793
322 1118 0.2020
322 1119 0.1774
322 1122 0.2691
322 1123 0.2131
322 1125 0.1413
322 1126 0.2691
322 1127 0.1973
322 1128 0.1988
322 1129 0.1724
322 1130 0.7881
322 1134 0.1867
322 1135 0.8319
322 1138 0.1980
322 1141 0.1514
322 1142 0.1867
322 1146 0.2436
322 1147 0.1730
322 1150 0.1735
322 1151 0.4300
322 1152 0.5620
322 1153 0.1340
322 1154 0.1942
322 1157 0.6616
322 1158 0.2062
322 1160 0.1763
322 1161 0.1867
322 1162 0.1803
322 1163 0.1915
322 1165 0.2334
322 1166 0.2131
322 1167 0.2418
322 1169 0.1656
322 1172 0.1867
322 1176 0.2095
322 1177 0.1867
322 1180 0.1934
322 1182 0.1981
322 1185 0.1808
322 1186 0.6572
322 1187 0.1538
322 1188 0.2481
322 1189 0.2577
322 1193 0.1925
322 1194 0.1730
322 1195 0.2220
322 1196 0.2746
322 1199 0.2115
322 1200 0.1861
322 1201 0.2691
322 1202 0.1652
322 1203 0.1832
322 1204 0.3635
322 1205 0.2691
322 1206 0.4277
322 1208 0.2237
322 1209 0.1867
322 1210 0.2304
322 1211 0.2330
322 1212 0.2131
322 1213 0.1861
322 1216 0.2217
322 1217 0.2066
322 1218 0.3348
322 1219 0.1774
322 1220 0.1867
322 1221 0.6448
322 1223 0.1683
322 1225 0.2172
322 1226 0.6210
322 1227 0.1787
322 1228 0.2217
322 1229 0.1796
322 1230 0.2217
322 1231 0.1786
322 1235 0.2220
322 1236 0.1867
322 1237 0.1778
322 1238 0.1867
322 1240 0.4042
322 1241 0.1782
322 1242 0.2333
322 1244 0.2217
322 1247 0.1627
322 1248 0.1900
322 1249 0.2436
322 1250 0.1963
322 1251 0.1871
322 1252 0.2674
322 1253 0.1774
322 1254 0.1748
322 1256 0.2280
322 1257 0.1867
322 1258 0.2030
322 1259 0.2691
322 1260 0.2220
322 1262 0.2039
322 1263 0.1629
322 1265 0.1796
322 1266 0.2577
322 1267 0.1867
322 1269 0.2511
322 1270 0.1820
322 1271 0.2048
322 1272 0.1748
322 1274 0.1867
322 1275 0.1728
322 1276 0.1860
322 1278 0.1748
322 1279 0.1983
322 1280 0.2027
322 1281 0.1551
322 1282 0.1867
322 1283 0.1997
322 1284 0.1628
322 1286 0.1922
322 1287 0.1559
322 1288 0.2217
322 1289 0.1497
322 1291 0.1810
322 1292 0.2017
322 1293 0.1730
322 1296 0.1867
322 1298 0.1917
322 1299 0.1337
322 1300 0.1867
322 1301 0.1827
322 1303 0.2054
322 1304 0.2691
322 1305 0.1620
322 1306 0.1563
322 1308 0.2256
322 1309 0.2691
322 1310 0.1927
322 1311 0.2436
322 1313 0.2217
322 1315 0.1774
322 1316 0.1965
322 1322 0.1678
322 1323 0.2014
322 1326 0.2131
322 1327 0.1867
322 1329 0.2691
322 1330 0.1801
322 1331 0.1687
322 1333 0.3398
322 1335 0.1927
322 1336 0.1901
322 1337 0.1782
322 1339 0.1672
322 1340 0.1683
322 1342 0.2070
322 1343 0.1782
322 1344 0.2116
322 1346 0.1865
322 1348 0.2217
322 1349 0.2106
322 1350 0.2691
322 1353 0.2436
322 1355 0.1649
322 1356 0.2217
322 1360 0.1681
322 1361 0.1765
322 1362 0.2062
322 1363 0.2217
322 1364 0.1847
322 1367 0.1746
322 1368 0.2131
322 1369 0.2715
322 1370 0.2437
322 1372 0.1700
322 1374 0.1867
322 1376 0.2217
322 1377 0.1867
322 1379 0.1774
322 1380 0.2691
322 1381 0.1867
322 1384 0.2436
322 1386 0.1874
322 1387 0.1675
322 1388 0.1837
322 1389 0.2019
322 1390 0.1748
322 1393 0.2436
322 1394 0.1867
322 1395 0.1867
322 1396 0.2055
322 1397 0.1851
322 1398 0.2254
322 1401 0.1748
322 1402 0.2116
322 1405 0.1774
322 1406 0.1994
322 1408 0.1685
322 1409 0.1815
322 1411 0.2217
322 1412 0.1867
322 1415 0.1867
322 1416 0.1840
322 1418 0.1950
322 1419 0.1815
322 1421 0.1569
322 1423 0.2024
322 1424 0.2691
322 1425 0.2131
322 1426 0.1879
322 1427 0.1886
322 1428 0.2436
322 1431 0.1915
322 1434 0.2165
322 1435 0.2031
322 1436 0.1774
322 1437 0.1900
322 1438 0.1502
322 1439 0.1883
322 1440 0.1907
322 1441 0.1697
322 1445 0.1679
322 1446 0.1649
322 1448 0.2217
322 1449 0.2635
322 1451 0.2691
322 1452 0.4325
322 1453 0.2217
322 1456 0.3273
322 1457 0.3146
322 1458 0.1748
322 1460 0.3551
322 1462 0.1815
322 1463 0.3610
322 1464 0.3988
322 1465 0.2217
322 1466 0.3374
322 1472 0.3496
322 1473 0.1748
322 1476 0.2217
322 1477 0.1774
322 1479 0.5389
322 1482 0.2217
322 1484 0.1849
322 1485 0.5371
322 1490 0.2217
322 1491 0.4686
322 1493 0.4360
322 1494 0.1831
322 1497 0.2217
322 1499 0.3504
322 1500 0.5830
322 1503 0.5575
322 1504 0.4340
322 1505 0.1867
322 1506 0.2217
322 1507 0.2691
322 1508 0.2691
322 1510 0.2691
322 1512 0.2690
322 1513 0.4932
322 1516 0.3899
322 1517 0.2062
322 1518 0.3038
322 1519 0.1937
322 1520 0.3420
322 1522 0.1619
322 1523 0.2436
322 1525 0.1841
322 1526 0.1828
322 1527 0.1732
322 1529 0.3547
322 1530 0.1962
322 1532 0.1678
322 1534 0.2217
322 1535 0.2691
322 1536 0.2059
322 1538 0.1381
322 1540 0.2436
322 1541 0.1721
322 1542 0.1602
322 1544 0.1763
322 1545 0.2691
322 1547 0.1885
322 1548 0.1804
322 1549 0.1691
322 1551 0.1675
322 1554 0.1867
322 1555 0.2691
322 1566 0.1756
322 1567 0.2126
322 1568 0.1686
322 1570 0.1950
322 1571 0.2772
322 1573 0.1807
322 1574 0.2217
322 1577 0.2691
322 1578 0.2691
322 1580 0.1743
322 1581 0.2691
322 1582 0.1774
322 1583 0.2691
322 1585 0.1977
322 1588 0.1839
322 1591 0.1734
322 1592 0.1782
322 1593 0.1892
322 1595 0.1758
322 1596 0.1836
322 1598 0.1867
322 1599 0.1748
322 1601 0.2217
322 1603 0.1796
322 1604 0.2691
322 1606 0.2028
322 1608 0.3441
322 1609 0.1541
322 1610 0.1833
322 1611 0.2217
322 1613 0.2093
322 1614 0.2436
322 1616 0.1748
322 1618 0.2532
322 1619 0.2160
322 1621 0.2404
322 1622 0.2145
322 1623 0.1901
322 1624 0.1841
322 1626 0.2039
322 1628 0.2691
322 1629 0.2062
322 1630 0.1782
322 1632 0.2062
322 1633 0.2334
322 1634 0.1843
322 1636 0.2014
322 1637 0.1847
322 1639 0.2436
322 1640 0.2116
322 1641 0.1920
322 1642 0.1867
322 1643 0.2691
322 1646 0.1963
322 1647 0.1748
322 1649 0.2691
322 1650 0.2691
322 1652 0.2436
322 1653 0.2577
322 1654 0.1779
322 1655 0.1867
322 1660 0.1691
322 1661 0.1867
322 1662 0.1782
322 1663 0.1700
322 1664 0.2116
322 1666 0.2217
322 1667 0.2041
322 1668 0.2192
322 1669 0.1856
322 1673 0.1748
322 1674 0.1802
322 1675 0.2691
322 1676 0.1774
322 1678 0.2030
322 1679 0.1662
322 1681 0.2436
322 1682 0.1849
322 1683 0.2101
322 1684 0.2691
322 1685 0.2217
322 1686 0.1774
322 1687 0.1866
322 1688 0.1867
322 1689 0.2228
322 1691 0.1716
322 1692 0.1886
322 1693 0.1698
322 1694 0.1868
322 1697 0.1812
322 1699 0.1832
322 1700 0.1383
322 1701 0.1641
322 1702 0.1453
322 1705 0.1540
322 1706 0.1903
322 1707 0.1935
322 1708 0.1527
322 1709 0.2600
322 1711 0.1731
322 1712 0.2107
322 1713 0.1887
322 1714 0.1867
322 1715 0.1734
322 1717 0.2242
322 1718 0.1790
322 1719 0.2691
322 1726 0.2217
322 1728 0.1454
323 324 0.2288
323 326 0.1588
323 327 0.1696
323 328 0.2029
323 330 0.2432
323 331 0.2326
323 332 0.1571
323 333 0.1995
323 334 0.1191
323 336 0.3586
323 337 0.2356
323 338 0.2330
323 339 0.1685
323 340 0.2452
323 341 0.2182
323 342 0.2859
323 343 0.2112
323 344 0.1779
323 346 0.2951
323 347 0.1633
323 348 0.2879
323 349 0.1967
323 350 0.2255
323 351 0.2154
323 352 0.2474
323 353 0.3251
323 354 0.1904
323 356 0.2809
323 357 0.1413
323 358 0.1993
323 359 0.1811
323 361 0.3086
323 362 0.2270
323 363 0.2443
323 364 0.2062
323 366 0.3527
323 367 0.2598
323 368 0.2214
323 369 0.2755
323 370 0.3408
323 371 0.1874
323 372 0.2303
323 373 0.1900
323 374 0.2099
323 375 0.1679
323 376 0.1863
323 377 0.1711
323 378 0.2095
323 379 0.3504
323 380 0.2171
323 381 0.2255
323 383 0.3067
323 384 0.1904
323 385 0.1546
323 386 0.1858
323 387 0.2228
323 388 0.2393
323 389 0.1651
323 390 0.1565
323 391 0.2226
323 392 0.1812
323 393 0.1480
323 394 0.2341
323 395 0.2259
323 396 0.1567
323 397 0.3168
323 398 0.1794
323 399 0.2388
323 400 0.3331
323 402 0.1651
323 403 0.2106
323 404 0.1975
323 406 0.2088
323 407 0.1947
323 408 0.1603
323 409 0.1872
323 410 0.1668
323 411 0.2559
323 412 0.1616
323 413 0.1806
323 414 0.2088
323 415 0.2534
323 418 0.2031
323 419 0.1479
323 420 0.1870
323 421 0.1479
323 423 0.2474
323 424 0.2449
323 425 0.1900
323 427 0.2095
323 428 0.1347
323 431 0.1796
323 432 0.1651
323 433 0.2141
323 434 0.2464
323 436 0.3364
323 438 0.2134
323 439 0.2301
323 441 0.1894
323 442 0.2516
323 445 0.1823
323 447 0.2224
323 448 0.2621
323 449 0.2060
323 450 0.2806
323 451 0.2019
323 452 0.1908
323 453 0.1817
323 454 0.2138
323 455 0.2810
323 456 0.1479
323 457 0.1870
323 458 0.1846
323 459 0.2471
323 460 0.3020
323 461 0.2594
323 462 0.2095
323 463 0.3920
323 464 0.2523
323 465 0.1947
323 466 0.2027
323 467 0.1922
323 468 0.2463
323 470 0.1931
323 471 0.1948
323 472 0.1903
323 474 0.1651
323 475 0.2272
323 476 0.1721
323 478 0.3251
323 479 0.2095
323 480 0.2519
323 481 0.2479
323 482 0.1651
323 484 0.1713
323 485 0.1605
323 487 0.1479
323 488 0.1918
323 489 0.2436
323 490 0.2674
323 491 0.1646
323 492 0.2095
323 493 0.1964
323 494 0.1651
323 495 0.3127
323 496 0.1242
323 497 0.2120
323 498 0.1824
323 499 0.1552
323 500 0.2088
323 501 0.2022
323 502 0.1805
323 503 0.2095
323 504 0.2014
323 505 0.1575
323 506 0.1669
323 507 0.1941
323 508 0.2871
323 509 0.1668
323 511 0.2934
323 513 0.1752
323 514 0.3396
323 515 0.2014
323 516 0.2068
323 517 0.1681
323 518 0.1870
323 519 0.2088
323 520 0.1955
323 521 0.1752
323 522 0.1918
323 523 0.1123
323 526 0.2474
323 527 0.1810
323 528 0.2163
323 530 0.1651
323 531 0.1699
323 534 0.2653
323 535 0.1975
323 536 0.1946
323 537 0.2109
323 538 0.2088
323 539 0.2095
323 540 0.2597
323 541 0.2753
323 542 0.1809
323 543 0.1870
323 544 0.1532
323 545 0.2700
323 546 0.1870
323 547 0.1870
323 548 0.3595
323 549 0.1870
323 551 0.1479
323 552 0.2234
323 553 0.2076
323 554 0.1611
323 555 0.2636
323 556 0.1479
323 558 0.3871
323 559 0.1620
323 560 0.2003
323 561 0.1916
323 562 0.2626
323 563 0.2019
323 564 0.2267
323 565 0.2357
323 568 0.2027
323 569 0.1293
323 570 0.2061
323 571 0.2487
323 572 0.2469
323 573 0.2510
323 574 0.1874
323 575 0.2302
323 576 0.1922
323 577 0.1863
323 578 0.2195
323 579 0.4323
323 581 0.2665
323 582 0.2392
323 583 0.1606
323 584 0.1886
323 585 0.3034
323 587 0.2774
323 589 0.1896
323 590 0.2101
323 592 0.2038
323 593 0.2401
323 594 0.2343
323 599 0.3002
323 600 0.2482
323 601 0.1981
323 602 0.1633
323 605 0.2088
323 606 0.2095
323 607 0.2416
323 608 0.1290
323 609 0.2563
323 610 0.2662
323 612 0.2098
323 613 0.1357
323 614 0.1839
323 617 0.1349
323 618 0.1369
323 619 0.1841
323 621 0.1819
323 622 0.2436
323 623 0.3251
323 625 0.1620
323 626 0.1957
323 627 0.2284
323 628 0.1817
323 629 0.3034
323 631 0.2488
323 632 0.1924
323 633 0.1910
323 634 0.2076
323 635 0.2171
323 636 0.2088
323 637 0.2503
323 638 0.1918
323 639 0.2143
323 640 0.1611
323 641 0.3744
323 642 0.2713
323 643 0.2147
323 644 0.1367
323 645 0.1604
323 646 0.2049
323 648 0.1902
323 649 0.2422
323 650 0.2674
323 651 0.1228
323 652 0.1855
323 653 0.2130
323 655 0.1740
323 656 0.1644
323 657 0.1506
323 658 0.2110
323 659 0.2076
323 660 0.2436
323 661 0.2693
323 662 0.2734
323 663 0.2088
323 664 0.2638
323 666 0.2242
323 668 0.1611
323 669 0.1651
323 671 0.2836
323 672 0.1543
323 673 0.2019
323 674 0.2150
323 676 0.2766
323 677 0.1651
323 678 0.2348
323 679 0.1861
323 680 0.2093
323 683 0.2095
323 684 0.1711
323 685 0.2034
323 686 0.1479
323 687 0.1479
323 688 0.1839
323 689 0.2402
323 690 0.1805
323 691 0.2602
323 692 0.2100
323 693 0.2036
323 694 0.1919
323 695 0.3474
323 696 0.1639
323 697 0.3527
323 698 0.2063
323 699 0.1611
323 700 0.2532
323 702 0.2266
323 703 0.1718
323 704 0.1879
323 705 0.1582
323 706 0.2059
323 707 0.1229
323 708 0.2436
323 709 0.4211
323 710 0.2237
323 711 0.2111
323 712 0.1602
323 713 0.1467
323 714 0.1668
323 716 0.2088
323 717 0.1360
323 718 0.2732
323 721 0.2728
323 722 0.1958
323 723 0.2436
323 724 0.1651
323 726 0.2776
323 727 0.2095
323 728 0.2324
323 729 0.1174
323 731 0.2144
323 732 0.2297
323 733 0.1870
323 734 0.1624
323 735 0.1739
323 736 0.1989
323 737 0.1859
323 738 0.1990
323 740 0.1805
323 741 0.1945
323 742 0.2353
323 743 0.1949
323 744 0.1908
323 745 0.1957
323 746 0.1870
323 747 0.2088
323 748 0.2191
323 750 0.2524
323 751 0.2401
323 752 0.2049
323 753 0.2211
323 754 0.1651
323 755 0.1879
323 756 0.2593
323 758 0.3721
323 759 0.1731
323 760 0.2345
323 761 0.3939
323 762 0.2248
323 763 0.3657
323 764 0.3217
323 766 0.2244
323 767 0.2436
323 768 0.2203
323 769 0.1303
323 770 0.2319
323 771 0.1375
323 772 0.1870
323 773 0.1479
323 775 0.1913
323 776 0.1884
323 777 0.1766
323 778 0.2347
323 780 0.2401
323 781 0.1651
323 782 0.2735
323 783 0.1918
323 784 0.1443
323 785 0.2592
323 786 0.1822
323 787 0.1413
323 789 0.2291
323 792 0.2064
323 793 0.1905
323 794 0.2500
323 796 0.1918
323 797 0.2681
323 799 0.1682
323 801 0.2214
323 802 0.1651
323 803 0.1219
323 804 0.2240
323 805 0.2330
323 806 0.1809
323 807 0.2088
323 808 0.2528
323 809 0.2606
323 810 0.2167
323 811 0.2013
323 813 0.2809
323 814 0.1988
323 815 0.1921
323 816 0.3586
323 817 0.1792
323 818 0.2432
323 819 0.1231
323 820 0.2088
323 821 0.1921
323 822 0.2269
323 823 0.2032
323 824 0.2436
323 825 0.2021
323 827 0.2950
323 828 0.1839
323 829 0.2095
323 830 0.2323
323 831 0.1711
323 832 0.3580
323 833 0.2420
323 834 0.2440
323 835 0.2174
323 836 0.3172
323 838 0.1868
323 839 0.1839
323 840 0.2436
323 841 0.2152
323 842 0.1870
323 843 0.2083
323 845 0.2236
323 846 0.1908
323 848 0.3594
323 849 0.2259
323 851 0.2233
323 853 0.2878
323 855 0.2088
323 856 0.2095
323 858 0.2076
323 860 0.1565
323 861 0.2776
323 862 0.2095
323 864 0.1868
323 865 0.2261
323 866 0.3321
323 867 0.1638
323 868 0.3034
323 869 0.1341
323 870 0.1729
323 871 0.2979
323 872 0.2275
323 876 0.3145
323 877 0.1651
323 878 0.2681
323 880 0.2313
323 881 0.1639
323 882 0.1482
323 883 0.2118
323 884 0.2095
323 885 0.2752
323 886 0.1413
323 887 0.1871
323 888 0.1947
323 889 0.1911
323 890 0.1918
323 891 0.3283
323 893 0.2344
323 894 0.2243
323 895 0.2122
323 896 0.1870
323 897 0.1479
323 898 0.1934
323 900 0.2206
323 901 0.2025
323 903 0.1827
323 905 0.2244
323 907 0.2095
323 908 0.1993
323 909 0.1867
323 911 0.1870
323 912 0.2401
323 913 0.4211
323 914 0.2525
323 915 0.2008
323 918 0.2088
323 919 0.2185
323 920 0.2138
323 921 0.1591
323 922 0.2675
323 924 0.2677
323 928 0.2088
323 929 0.1870
323 930 0.1436
323 933 0.2753
323 934 0.1839
323 935 0.1940
323 936 0.2261
323 938 0.2244
323 940 0.2211
323 941 0.2753
323 942 0.1478
323 943 0.2457
323 946 0.2000
323 947 0.1894
323 951 0.2474
323 952 0.2088
323 953 0.2136
323 954 0.2095
323 955 0.2041
323 956 0.2432
323 958 0.2095
323 959 0.1918
323 960 0.2120
323 961 0.1479
323 962 0.1479
323 963 0.3871
323 964 0.1651
323 965 0.1890
323 966 0.2755
323 967 0.1651
323 968 0.2406
323 971 0.2456
323 972 0.1870
323 973 0.1999
323 974 0.2145
323 975 0.1479
323 976 0.1644
323 977 0.1479
323 978 0.2088
323 979 0.1933
323 980 0.2474
323 981 0.2171
323 983 0.1788
323 984 0.2616
323 986 0.1675
323 987 0.2826
323 989 0.2538
323 990 0.2405
323 992 0.2088
323 993 0.2142
323 994 0.2135
323 995 0.1870
323 996 0.1870
323 999 0.1939
323 1001 0.2088
323 1002 0.1966
323 1003 0.2107
323 1004 0.1916
323 1006 0.2088
323 1007 0.1996
323 1008 0.2734
323 1010 0.2063
323 1013 0.2436
323 1014 0.1951
323 1015 0.1951
323 1016 0.1932
323 1017 0.1459
323 1018 0.1870
323 1019 0.2436
323 1020 0.2533
323 1022 0.1675
323 1024 0.1705
323 1025 0.2088
323 1026 0.1322
323 1027 0.1878
323 1029 0.2317
323 1030 0.2277
323 1032 0.2095
323 1033 0.2088
323 1035 0.1957
323 1036 0.1654
323 1037 0.4180
323 1040 0.3148
323 1041 0.1636
323 1042 0.2527
323 1043 0.2021
323 1045 0.2841
323 1046 0.2075
323 1047 0.2767
323 1048 0.2509
323 1049 0.1890
323 1050 0.1654
323 1052 0.2095
323 1053 0.1798
323 1055 0.1479
323 1056 0.2532
323 1057 0.2088
323 1058 0.3074
323 1059 0.2542
323 1060 0.2232
323 1061 0.3988
323 1062 0.1651
323 1063 0.2655
323 1065 0.2303
323 1066 0.3602
323 1067 0.2594
323 1068 0.1938
323 1069 0.2734
323 1070 0.1743
323 1072 0.2401
323 1075 0.3508
323 1076 0.2436
323 1077 0.2809
323 1079 0.2119
323 1080 0.1651
323 1081 0.1201
323 1082 0.2510
323 1083 0.3065
323 1084 0.2095
323 1087 0.2088
323 1089 0.2326
323 1090 0.1701
323 1093 0.2809
323 1094 0.2201
323 1095 0.1651
323 1096 0.1823
323 1097 0.2095
323 1099 0.2221
323 1102 0.1369
