472 1573 0.2549
472 1574 0.2914
472 1575 0.2022
472 1576 0.2918
472 1577 0.2868
472 1578 0.1800
472 1579 0.2598
472 1580 0.2257
472 1581 0.1441
472 1582 0.1962
472 1584 0.1720
472 1585 0.0708
472 1586 0.1236
472 1587 0.1887
472 1588 0.1717
472 1589 0.2380
472 1590 0.2400
472 1591 0.0890
472 1592 0.1333
472 1593 0.1692
472 1594 0.4883
472 1595 0.1442
472 1596 0.2022
472 1597 0.1881
472 1598 0.2768
472 1599 0.0734
472 1600 0.1795
472 1601 0.1037
472 1602 0.2625
472 1603 0.1273
472 1604 0.3004
472 1605 0.2322
472 1606 0.1620
472 1607 0.1654
472 1608 0.1905
472 1610 0.2638
472 1611 0.1795
472 1612 0.5963
472 1613 0.2932
472 1614 0.4406
472 1615 0.1530
472 1616 0.3912
472 1618 0.5145
472 1619 0.3627
472 1621 0.1854
472 1622 0.3265
472 1623 0.3848
472 1624 0.3298
472 1625 0.1739
472 1626 0.2191
472 1627 0.2508
472 1628 0.2139
472 1629 0.2640
472 1630 0.1927
472 1631 0.2153
472 1633 0.1098
472 1634 0.2190
472 1635 0.4663
472 1636 0.3750
472 1637 0.2423
472 1638 0.2550
472 1639 0.0988
472 1640 0.1951
472 1641 0.2462
472 1642 0.0636
472 1643 0.2130
472 1644 0.1279
472 1645 0.2503
472 1646 0.1417
472 1647 0.2375
472 1648 0.1530
472 1649 0.1635
472 1650 0.0946
472 1651 0.4312
472 1652 0.2206
472 1653 0.3288
472 1654 0.1453
472 1655 0.3180
472 1656 0.1695
472 1657 0.5610
472 1658 0.1484
472 1659 0.3849
472 1660 0.3864
472 1661 0.2114
472 1662 0.1164
472 1663 0.1826
472 1664 0.1720
472 1665 0.1251
472 1667 0.3961
472 1668 0.2136
472 1669 0.2822
472 1670 0.0640
472 1671 0.4950
472 1672 0.1279
472 1673 0.2513
472 1674 0.1117
472 1675 0.2918
472 1676 0.0977
472 1677 0.2292
472 1678 0.3913
472 1681 0.4449
472 1682 0.1493
472 1683 0.1925
472 1686 0.0906
472 1687 0.1569
472 1688 0.2439
472 1689 0.7234
472 1691 0.1329
472 1692 0.0841
472 1693 0.2565
472 1694 0.2996
472 1695 0.1720
472 1696 0.1212
472 1698 0.1414
472 1699 0.1438
472 1700 0.1522
472 1701 0.1438
472 1702 0.1290
472 1703 0.4658
472 1704 0.3147
472 1705 0.1099
472 1706 0.1657
472 1707 0.1884
472 1708 0.2574
472 1712 0.8712
472 1713 0.1729
472 1714 0.1080
472 1715 0.1030
472 1716 0.4503
472 1717 0.8375
472 1718 0.1114
472 1719 0.1868
472 1720 0.2962
472 1721 0.2438
472 1722 0.1720
472 1723 0.1373
472 1724 0.2880
472 1725 0.1670
472 1726 0.1978
472 1728 0.2918
475 476 0.2226
475 478 0.0817
475 479 0.3884
475 480 0.2562
475 481 0.2488
475 482 0.1638
475 484 0.3541
475 485 0.1154
475 486 0.2357
475 487 0.2508
475 488 0.1578
475 489 0.2217
475 490 0.0854
475 491 0.1306
475 492 0.3055
475 494 0.5100
475 495 0.5166
475 496 0.2282
475 497 0.4331
475 498 0.2266
475 499 0.1538
475 501 0.1045
475 503 0.2168
475 504 0.1406
475 505 0.2774
475 506 0.2794
475 507 0.3353
475 508 0.4544
475 509 0.1994
475 510 0.2557
475 511 0.7444
475 512 0.1641
475 513 0.1480
475 514 0.7755
475 515 0.3710
475 516 0.4198
475 517 0.5369
475 518 0.1301
475 519 0.1724
475 520 0.0964
475 521 0.3368
475 522 0.1379
475 523 0.1793
475 524 0.1766
475 525 0.0933
475 526 0.1520
475 527 0.2220
475 528 0.1157
475 529 0.1017
475 530 0.1579
475 531 0.3940
475 532 0.2106
475 533 0.0958
475 534 0.2982
475 535 0.1147
475 536 0.2512
475 537 0.3020
475 538 0.2800
475 539 0.2785
475 540 0.4513
475 541 0.0969
475 542 0.3768
475 543 0.0871
475 544 0.3401
475 545 0.1911
475 546 0.2981
475 547 0.5036
475 548 0.2629
475 549 0.0927
475 550 0.1583
475 551 0.2492
475 552 0.2816
475 553 0.1314
475 554 0.1184
475 555 0.2621
475 556 0.0607
475 557 0.4458
475 558 0.4273
475 559 0.1106
475 560 0.2164
475 561 0.1594
475 562 0.1236
475 563 0.3509
475 564 0.1649
475 565 0.1582
475 568 0.5973
475 569 0.1878
475 570 0.1138
475 571 0.4086
475 572 0.2761
475 573 0.2657
475 574 0.1942
475 575 0.3875
475 576 0.1303
475 577 0.2919
475 578 0.2218
475 579 0.2038
475 580 0.1567
475 581 0.3594
475 582 0.0923
475 583 0.1665
475 584 0.1057
475 585 0.1269
475 586 0.2631
475 587 0.6234
475 589 0.2316
475 590 0.7709
475 591 0.0927
475 592 0.3303
475 593 0.1668
475 594 0.2664
475 595 0.1981
475 598 0.5893
475 599 0.2250
475 600 0.4035
475 601 0.1141
475 602 0.1043
475 604 0.1273
475 605 0.3879
475 606 0.2986
475 607 0.3521
475 609 0.1766
475 610 0.2160
475 612 0.4462
475 613 0.1126
475 614 0.1138
475 615 0.1001
475 616 0.2951
475 617 0.0909
475 618 0.2125
475 619 0.1327
475 620 0.1351
475 621 0.5880
475 622 0.2634
475 623 0.2356
475 624 0.3033
475 625 0.1215
475 626 0.0960
475 627 0.1734
475 628 0.1067
475 629 0.4329
475 630 0.2591
475 631 0.5068
475 632 0.0774
475 633 0.2243
475 634 0.2502
475 635 0.2124
475 636 0.2168
475 637 0.3720
475 638 0.1747
475 639 0.6137
475 640 0.2439
475 641 0.1490
475 642 0.2889
475 643 0.1651
475 644 0.3304
475 645 0.2526
475 646 0.1874
475 647 0.1579
475 648 0.1510
475 649 0.1335
475 650 0.3293
475 651 0.1332
475 652 0.1426
475 653 0.2011
475 654 0.6168
475 655 0.2361
475 656 0.1034
475 657 0.1189
475 658 0.2023
475 659 0.2470
475 660 0.1009
475 661 0.4434
475 662 0.1777
475 663 0.4470
475 664 0.1967
475 665 0.2136
475 666 0.0876
475 667 0.0751
475 668 0.1959
475 669 0.1737
475 671 0.3554
475 672 0.0990
475 673 0.0938
475 674 0.2173
475 675 0.3437
475 676 0.1696
475 677 0.2724
475 678 0.3655
475 679 0.0954
475 680 0.1003
475 681 0.2241
475 682 0.0710
475 683 0.2560
475 684 0.1741
475 685 0.2746
475 686 0.2057
475 687 0.3257
475 688 0.2954
475 689 0.6643
475 691 0.2269
475 692 0.1032
475 693 0.1096
475 694 0.1019
475 695 0.5142
475 696 0.1555
475 697 0.2983
475 698 0.2633
475 699 0.4468
475 700 0.3960
475 701 0.1555
475 702 0.1636
475 703 0.1081
475 704 0.0952
475 705 0.1450
475 706 0.3245
475 707 0.2339
475 708 0.1009
475 709 0.1571
475 710 0.2637
475 711 0.5119
475 712 0.2469
475 713 0.1337
475 714 0.5352
475 716 0.1366
475 717 0.0910
475 718 0.3452
475 720 0.0817
475 721 0.2587
475 722 0.4452
475 723 0.1003
475 724 0.3319
475 725 0.1475
475 726 0.1532
475 728 0.1870
475 729 0.1171
475 730 0.1795
475 731 0.1073
475 732 0.2602
475 733 0.2359
475 734 0.3729
475 735 0.5932
475 736 0.3766
475 737 0.3695
475 738 0.1414
475 740 0.1879
475 741 0.3739
475 742 0.0955
475 743 0.5434
475 744 0.1580
475 745 0.1178
475 746 0.1073
475 747 0.1767
475 748 0.7531
475 749 0.0945
475 750 0.0813
475 751 0.2352
475 752 0.3685
475 753 0.4906
475 755 0.1083
475 756 0.3012
475 757 0.1764
475 758 0.4647
475 759 0.1759
475 760 0.0953
475 761 0.1868
475 762 0.1309
475 763 0.2481
475 764 0.1007
475 765 0.2517
475 766 0.0662
475 767 0.2966
475 768 0.7370
475 769 0.3548
475 770 0.3205
475 771 0.1265
475 772 0.3470
475 773 0.1229
475 775 0.1287
475 776 0.1553
475 777 0.5404
475 778 0.4906
475 779 0.1332
475 780 0.2626
475 781 0.4012
475 782 0.2498
475 783 0.1530
475 784 0.1730
475 785 0.1920
475 786 0.2742
475 787 0.0817
475 788 0.1789
475 789 0.2231
475 791 0.2172
475 792 0.2644
475 793 0.3093
475 794 0.4369
475 795 0.1555
475 796 0.0817
475 797 0.1119
475 798 0.0852
475 799 0.1120
475 800 0.1393
475 801 0.1379
475 802 0.0642
475 803 0.1166
475 804 0.7509
475 805 0.1025
475 806 0.3022
475 808 0.4543
475 809 0.3483
475 810 0.3017
475 811 0.5044
475 812 0.0817
475 813 0.2010
475 814 0.3494
475 815 0.3668
475 816 0.2157
475 817 0.2758
475 818 0.0850
475 819 0.1751
475 820 0.2745
475 821 0.1053
475 822 0.1042
475 823 0.6122
475 824 0.2915
475 825 0.5541
475 827 0.1284
475 828 0.4183
475 829 0.3574
475 830 0.0817
475 831 0.2592
475 832 0.0717
475 833 0.2883
475 834 0.3841
475 835 0.1846
475 836 0.4682
475 837 0.3040
475 838 0.1364
475 839 0.2355
475 840 0.2933
475 841 0.3351
475 842 0.1270
475 843 0.4025
475 844 0.2508
475 845 0.2266
475 846 0.2084
475 847 0.2817
475 848 0.1392
475 849 0.1789
475 850 0.1096
475 851 0.4751
475 852 0.2404
475 853 0.3509
475 854 0.1158
475 855 0.4224
475 856 0.2588
475 858 0.1756
475 860 0.1341
475 861 0.3012
475 862 0.1305
475 864 0.1075
475 865 0.2976
475 866 0.2367
475 867 0.4493
475 868 0.3880
475 869 0.2037
475 870 0.1020
475 871 0.2316
475 872 0.7389
475 874 0.1858
475 875 0.1015
475 876 0.3555
475 878 0.1295
475 880 0.4887
475 881 0.1012
475 882 0.4501
475 883 0.2840
475 884 0.2342
475 885 0.2858
475 886 0.3916
475 887 0.1577
475 888 0.2621
475 889 0.4225
475 890 0.1063
475 891 0.5721
475 892 0.2295
475 893 0.2336
475 894 0.4160
475 895 0.1661
475 896 0.3228
475 898 0.1712
475 899 0.0775
475 900 0.0945
475 901 0.2897
475 903 0.1753
475 906 0.1160
475 907 0.2856
475 908 0.4133
475 909 0.2639
475 910 0.2700
475 911 0.1344
475 912 0.0814
475 913 0.3391
475 914 0.4670
475 915 0.5134
475 916 0.1173
475 917 0.0871
475 918 0.0851
475 919 0.1361
475 920 0.3374
475 921 0.2573
475 922 0.5196
475 924 0.2155
475 925 0.0817
475 928 0.5285
475 929 0.4536
475 930 0.2161
475 932 0.0853
475 933 0.1073
475 934 0.2400
475 935 0.0620
475 936 0.3053
475 937 0.2396
475 938 0.2862
475 939 0.2134
475 940 0.3065
475 941 0.4265
475 942 0.1166
475 943 0.3220
475 944 0.0817
475 946 0.1181
475 947 0.1335
475 948 0.0996
475 950 0.1075
475 951 0.2397
475 952 0.1916
475 953 0.2506
475 954 0.5939
475 955 0.1183
475 956 0.1430
475 957 0.1579
475 958 0.2585
475 959 0.5152
475 960 0.5335
475 961 0.3567
475 963 0.2115
475 964 0.4061
475 965 0.1822
475 966 0.2915
475 967 0.1250
475 968 0.3174
475 969 0.5247
475 971 0.3219
475 972 0.0890
475 973 0.2165
475 974 0.7783
475 975 0.0925
475 976 0.1811
475 977 0.0853
475 978 0.2533
475 979 0.5730
475 980 0.1680
475 983 0.1206
475 984 0.1059
475 986 0.1319
475 987 0.2729
475 989 0.4125
475 990 0.0854
475 992 0.1535
475 993 0.2445
475 994 0.5705
475 995 0.1484
475 996 0.2491
475 999 0.3786
475 1000 0.1712
475 1001 0.1726
475 1002 0.1633
475 1003 0.5332
475 1004 0.2317
475 1006 0.0990
475 1007 0.3180
475 1008 0.1905
475 1010 0.3319
475 1012 0.1889
475 1013 0.2352
475 1014 0.1872
475 1015 0.4385
475 1016 0.1042
475 1017 0.3707
475 1018 0.0831
475 1019 0.3135
475 1020 0.5238
475 1022 0.4055
475 1023 0.1762
475 1024 0.2377
475 1025 0.1073
475 1026 0.1186
475 1027 0.2310
475 1029 0.0906
475 1030 0.5419
475 1031 0.2508
475 1032 0.1379
475 1033 0.1413
475 1034 0.1047
475 1035 0.1745
475 1036 0.0885
475 1037 0.1381
475 1038 0.1002
475 1039 0.3359
475 1040 0.1627
475 1041 0.0927
475 1042 0.4512
475 1043 0.1869
475 1044 0.3907
475 1045 0.1635
475 1046 0.2280
475 1047 0.0752
475 1048 0.1870
475 1049 0.1419
475 1050 0.1217
475 1051 0.1133
475 1052 0.1735
475 1053 0.1972
475 1054 0.0817
475 1055 0.2373
475 1056 0.2127
475 1057 0.4364
475 1058 0.1433
475 1059 0.1600
475 1060 0.1670
475 1061 0.1047
475 1062 0.2014
475 1063 0.4563
475 1064 0.2743
475 1065 0.1183
475 1066 0.3552
475 1067 0.5365
475 1068 0.0930
475 1069 0.3007
475 1070 0.1590
475 1072 0.1233
475 1075 0.4353
475 1076 0.2384
475 1077 0.1850
475 1078 0.2632
475 1079 0.1809
475 1080 0.3304
475 1081 0.1446
475 1082 0.3398
475 1083 0.6967
475 1084 0.1056
475 1085 0.3179
475 1087 0.1925
475 1089 0.0927
475 1090 0.1423
475 1091 0.0814
475 1093 0.1754
475 1094 0.3205
475 1095 0.0705
475 1096 0.1566
475 1097 0.1154
475 1099 0.7915
475 1102 0.2262
475 1103 0.3592
475 1104 0.4222
475 1105 0.1408
475 1106 0.1601
475 1107 0.3432
475 1108 0.0851
475 1109 0.4360
475 1110 0.2745
475 1111 0.1419
475 1113 0.0982
475 1114 0.1567
475 1115 0.0923
475 1116 0.1149
475 1117 0.4472
475 1118 0.2476
475 1119 0.0632
475 1120 0.1193
475 1121 0.2491
475 1122 0.0817
475 1123 0.2095
475 1124 0.3304
475 1125 0.0981
475 1126 0.1154
475 1127 0.1650
475 1128 0.6600
475 1129 0.3182
475 1130 0.2720
475 1131 0.0684
475 1132 0.0845
475 1133 0.0998
475 1134 0.0817
475 1135 0.7991
475 1136 0.2003
475 1138 0.0980
475 1141 0.1076
475 1142 0.1214
475 1143 0.1230
475 1144 0.1531
475 1145 0.1855
475 1146 0.2989
475 1147 0.1682
475 1148 0.2352
475 1150 0.1800
475 1151 0.1520
475 1152 0.7713
475 1153 0.1173
475 1154 0.2152
475 1155 0.2053
475 1156 0.0865
475 1157 0.0817
475 1158 0.2832
475 1159 0.2404
475 1161 0.1322
475 1162 0.3045
475 1163 0.5660
475 1165 0.3560
475 1166 0.2798
475 1167 0.1972
475 1169 0.0829
475 1172 0.2654
475 1173 0.0871
475 1174 0.1837
475 1176 0.2339
475 1177 0.1963
475 1178 0.5614
475 1180 0.1681
475 1181 0.4513
475 1182 0.3904
475 1183 0.1198
475 1184 0.1553
475 1185 0.1343
475 1187 0.1871
475 1188 0.1126
475 1189 0.4314
475 1191 0.0598
475 1192 0.0927
475 1193 0.1724
475 1194 0.0929
475 1195 0.2104
475 1197 0.1009
475 1199 0.1169
475 1200 0.1865
475 1201 0.1592
475 1202 0.2555
475 1203 0.1799
475 1204 0.1582
475 1205 0.4408
475 1206 0.4629
475 1207 0.2125
475 1208 0.1584
475 1209 0.2192
475 1210 0.4567
475 1211 0.5633
475 1212 0.1472
475 1213 0.3458
475 1214 0.0927
475 1216 0.3027
475 1217 0.4927
475 1218 0.3330
475 1219 0.2875
475 1220 0.1007
475 1221 0.4419
475 1222 0.2374
475 1223 0.4471
475 1224 0.2396
475 1225 0.5575
475 1226 0.6017
475 1227 0.1073
475 1228 0.2530
475 1229 0.2979
475 1230 0.2006
475 1231 0.2508
475 1233 0.1337
475 1235 0.4517
475 1236 0.1541
475 1237 0.3058
475 1238 0.1484
475 1239 0.0817
475 1240 0.3738
475 1241 0.1555
475 1242 0.3998
475 1243 0.3560
475 1244 0.1855
475 1245 0.1007
475 1246 0.0817
475 1247 0.3059
475 1248 0.1742
475 1249 0.2940
475 1250 0.4407
475 1251 0.3024
475 1252 0.5125
475 1253 0.1007
475 1254 0.1580
475 1255 0.1644
475 1256 0.1385
475 1258 0.7963
475 1259 0.1219
475 1260 0.1237
475 1262 0.2807
475 1263 0.1524
475 1265 0.3160
475 1266 0.1379
475 1267 0.2165
475 1268 0.2257
475 1269 0.3575
475 1270 0.1688
475 1271 0.1417
475 1272 0.1163
475 1273 0.3765
475 1274 0.0990
475 1275 0.1329
475 1276 0.1141
475 1278 0.2136
475 1279 0.1744
475 1280 0.1364
475 1281 0.1609
475 1282 0.1274
475 1283 0.0862
475 1284 0.1815
475 1286 0.2230
475 1287 0.1163
475 1288 0.1100
475 1289 0.1154
475 1290 0.0914
475 1291 0.1551
475 1292 0.4091
475 1293 0.0828
475 1295 0.1397
475 1296 0.1133
475 1298 0.1288
475 1299 0.0732
475 1301 0.1195
475 1302 0.0817
475 1303 0.2801
475 1304 0.1392
475 1305 0.1083
475 1306 0.1085
475 1307 0.1600
475 1308 0.1466
475 1309 0.1154
475 1310 0.0551
475 1311 0.0647
475 1313 0.1344
475 1315 0.1472
475 1316 0.6998
475 1318 0.1599
475 1319 0.1184
475 1320 0.1335
475 1322 0.0723
475 1323 0.6111
475 1324 0.2250
475 1325 0.2155
475 1326 0.0927
475 1327 0.0927
475 1328 0.1764
475 1329 0.1188
475 1330 0.5179
475 1331 0.2667
475 1332 0.4071
475 1333 0.1455
475 1334 0.2523
475 1335 0.2742
475 1336 0.0927
475 1337 0.2101
475 1338 0.2230
475 1339 0.1042
475 1340 0.1253
475 1341 0.1853
475 1342 0.4931
475 1343 0.2101
475 1344 0.1189
475 1345 0.0927
475 1346 0.1920
475 1347 0.0841
475 1348 0.1149
475 1349 0.1366
475 1350 0.1891
475 1353 0.1582
475 1354 0.0906
475 1355 0.1088
475 1356 0.1392
475 1357 0.2619
475 1358 0.1712
475 1359 0.1337
475 1360 0.1582
475 1361 0.2402
475 1362 0.3048
475 1363 0.1737
475 1364 0.3291
475 1367 0.4338
475 1368 0.3577
475 1369 0.3273
475 1370 0.5542
475 1371 0.1599
475 1372 0.3669
475 1373 0.1306
475 1374 0.3353
475 1375 0.2508
475 1376 0.1009
475 1377 0.1727
475 1378 0.1751
475 1379 0.1965
475 1380 0.0871
475 1381 0.1982
475 1382 0.2389
475 1383 0.5735
475 1384 0.1289
475 1385 0.1364
475 1386 0.3439
475 1387 0.2511
475 1388 0.1138
475 1389 0.2897
475 1390 0.0817
475 1392 0.0801
475 1393 0.0817
475 1394 0.1207
475 1395 0.0869
475 1396 0.1366
475 1397 0.2367
475 1398 0.2520
475 1399 0.2411
475 1401 0.1230
475 1402 0.1512
475 1405 0.1379
475 1406 0.1177
475 1407 0.2402
475 1408 0.1148
475 1409 0.1760
475 1410 0.0474
475 1411 0.1354
475 1412 0.0817
475 1413 0.0817
475 1414 0.2849
475 1416 0.2351
475 1418 0.1387
475 1419 0.2410
475 1420 0.0927
475 1421 0.0780
475 1423 0.1183
475 1425 0.1603
475 1426 0.3527
475 1427 0.1309
475 1428 0.2074
475 1430 0.1096
475 1433 0.1139
475 1434 0.7534
475 1435 0.4281
475 1436 0.1075
475 1437 0.1173
475 1438 0.1066
475 1439 0.1097
475 1440 0.2028
475 1441 0.0855
475 1443 0.0841
475 1445 0.1217
475 1446 0.2053
475 1448 0.1314
475 1449 0.1901
475 1451 0.2970
475 1452 0.2442
475 1453 0.1762
475 1454 0.0871
475 1455 0.1380
475 1456 0.2935
475 1458 0.3522
475 1460 0.1455
475 1461 0.0990
475 1462 0.1894
475 1463 0.1871
475 1464 0.0990
475 1466 0.2076
475 1468 0.1445
475 1470 0.0817
475 1472 0.3682
475 1473 0.1575
475 1474 0.1380
475 1475 0.1898
475 1476 0.0856
475 1477 0.3163
475 1479 0.6809
475 1480 0.2654
475 1481 0.2113
475 1482 0.1541
475 1484 0.0927
475 1485 0.4393
475 1487 0.1949
475 1488 0.1154
475 1491 0.4548
475 1492 0.2488
475 1493 0.3509
475 1494 0.6168
475 1496 0.2390
475 1497 0.1998
475 1498 0.4001
475 1499 0.2045
475 1500 0.2496
475 1501 0.3296
475 1502 0.1009
475 1503 0.2684
475 1504 0.2743
475 1505 0.2498
475 1507 0.2303
475 1508 0.1069
475 1510 0.2486
475 1511 0.1154
475 1512 0.4152
475 1513 0.1047
475 1514 0.1154
475 1515 0.1723
475 1516 0.5189
475 1517 0.1832
475 1518 0.2742
475 1519 0.3668
475 1520 0.7593
475 1522 0.1470
475 1523 0.0684
475 1526 0.0958
475 1527 0.1299
475 1528 0.1154
475 1529 0.4431
475 1530 0.1266
475 1532 0.0853
475 1534 0.0907
475 1535 0.1366
475 1536 0.0725
475 1537 0.1133
475 1538 0.1324
475 1540 0.1092
475 1541 0.0978
475 1542 0.0522
475 1544 0.1133
475 1545 0.1154
475 1546 0.1003
475 1547 0.2283
475 1548 0.0479
475 1549 0.2171
475 1550 0.0930
475 1551 0.1304
475 1554 0.2719
475 1555 0.1982
475 1556 0.0817
475 1557 0.0977
475 1560 0.0798
475 1565 0.0863
475 1566 0.1418
475 1567 0.1042
475 1568 0.1828
475 1569 0.3866
475 1570 0.3564
475 1571 0.3289
475 1572 0.1076
475 1573 0.3373
475 1574 0.0927
475 1575 0.2299
475 1576 0.0817
475 1577 0.0763
475 1578 0.1198
475 1579 0.3986
475 1580 0.6060
475 1581 0.2691
475 1582 0.1987
475 1584 0.1154
475 1585 0.2614
475 1586 0.1777
475 1587 0.3397
475 1588 0.3930
475 1589 0.2508
475 1590 0.2751
475 1591 0.3642
475 1592 0.2008
475 1593 0.2932
475 1594 0.1047
475 1595 0.2969
475 1596 0.2299
475 1597 0.2880
475 1598 0.2065
475 1599 0.1470
475 1600 0.1887
475 1601 0.1807
475 1602 0.2035
475 1603 0.2474
475 1604 0.1798
475 1605 0.3460
475 1606 0.2981
475 1607 0.4140
475 1608 0.4301
475 1610 0.1315
475 1611 0.1541
475 1612 0.1071
475 1613 0.5469
475 1614 0.1073
475 1615 0.1009
475 1616 0.1207
475 1618 0.4658
475 1619 0.3471
475 1621 0.5779
475 1622 0.4203
475 1623 0.2842
475 1624 0.4435
475 1625 0.2666
475 1626 0.3713
475 1627 0.1289
475 1628 0.3499
475 1629 0.1201
475 1630 0.3396
475 1631 0.1575
475 1633 0.2964
475 1634 0.3502
475 1635 0.1154
475 1636 0.2553
475 1637 0.3472
475 1638 0.3058
475 1639 0.3675
475 1640 0.3341
475 1641 0.4206
475 1642 0.1855
475 1643 0.2221
475 1644 0.0927
475 1645 0.2644
475 1646 0.1139
475 1647 0.1939
475 1648 0.1009
475 1649 0.1124
475 1650 0.0910
475 1651 0.0898
475 1652 0.1013
475 1653 0.2380
475 1654 0.1990
475 1655 0.3617
475 1656 0.0871
475 1657 0.1073
475 1658 0.0808
475 1659 0.1152
475 1660 0.1316
475 1661 0.1778
475 1662 0.1766
475 1663 0.0955
475 1664 0.1154
475 1665 0.0911
475 1667 0.1635
475 1668 0.2415
475 1669 0.1994
475 1670 0.1579
475 1671 0.1193
475 1672 0.0927
475 1673 0.2301
475 1674 0.1846
475 1675 0.0817
475 1676 0.1678
475 1677 0.1764
475 1678 0.2810
475 1681 0.1073
475 1682 0.1738
475 1683 0.1551
475 1686 0.1064
475 1687 0.1467
475 1688 0.1232
475 1689 0.7270
475 1691 0.1041
475 1692 0.1545
475 1693 0.1300
475 1694 0.1343
475 1695 0.1154
475 1696 0.0814
475 1698 0.1546
475 1699 0.0929
475 1700 0.1217
475 1701 0.0929
475 1702 0.1353
475 1703 0.1197
475 1704 0.1590
475 1705 0.1263
475 1706 0.1139
475 1707 0.1948
475 1708 0.0788
475 1712 0.7328
475 1713 0.1335
475 1714 0.1226
475 1715 0.1365
475 1716 0.1262
475 1717 0.6671
475 1718 0.0851
475 1719 0.1773
475 1720 0.2191
475 1721 0.1420
475 1722 0.1154
475 1723 0.1118
475 1724 0.1265
475 1725 0.1148
475 1726 0.0982
475 1728 0.0817
476 478 0.3672
476 479 0.2730
476 480 0.3722
476 481 0.4721
476 482 0.3878
476 484 0.1874
476 485 0.1000
476 486 0.1977
476 487 0.1906
476 488 0.1394
476 489 0.1114
476 490 0.0540
476 491 0.1062
476 492 0.1908
476 494 0.4564
476 495 0.7448
476 496 0.3217
476 497 0.7195
476 498 0.1262
476 499 0.2089
476 501 0.1463
476 503 0.2419
476 504 0.3190
476 505 0.1575
476 506 0.4328
476 507 0.0670
476 508 0.5122
476 509 0.2362
476 510 0.2081
476 511 0.5983
476 512 0.2239
476 513 0.1501
476 514 0.5061
476 515 0.3000
476 516 0.4251
476 517 0.3454
476 518 0.2921
476 519 0.0838
476 520 0.1154
476 521 0.1370
476 522 0.1958
476 523 0.1707
476 524 0.2397
476 525 0.2041
476 526 0.1819
476 527 0.1092
476 528 0.1071
476 529 0.3312
476 530 0.1938
476 531 0.3811
476 532 0.3827
476 533 0.1442
476 534 0.3129
476 535 0.1336
476 536 0.0833
476 537 0.6289
476 538 0.1524
476 539 0.2762
476 540 0.4234
476 541 0.3111
476 542 0.4656
476 543 0.2098
476 544 0.3781
476 545 0.2720
476 546 0.2657
476 547 0.1567
476 548 0.2405
476 549 0.0935
476 550 0.3064
476 551 0.1848
476 552 0.3156
476 553 0.3691
476 554 0.0986
476 555 0.1767
476 556 0.1034
476 557 0.3838
476 558 0.3088
476 559 0.0538
476 560 0.1510
476 561 0.3059
476 562 0.0666
476 563 0.3842
476 564 0.1009
476 565 0.1782
476 568 0.8836
476 569 0.0636
476 570 0.1878
476 571 0.6361
476 572 0.1706
476 573 0.2288
476 574 0.1048
476 575 0.4496
476 576 0.0976
476 577 0.2386
476 578 0.0367
476 579 0.1355
476 580 0.1991
476 581 0.2442
476 582 0.0870
476 583 0.0665
476 584 0.1321
476 585 0.4643
476 586 0.3491
476 587 0.4771
476 589 0.3763
476 590 0.9189
476 591 0.0935
476 592 0.1933
476 593 0.2818
476 594 0.2647
476 595 0.2180
476 598 0.5501
476 599 0.1740
476 600 0.2377
476 601 0.2198
476 602 0.3821
476 604 0.0685
476 605 0.1948
476 606 0.3331
476 607 0.7112
476 609 0.2397
476 610 0.2768
476 612 0.6917
476 613 0.1135
476 614 0.3343
476 615 0.1943
476 616 0.1676
476 617 0.1000
476 618 0.2248
476 619 0.3404
476 620 0.1028
476 621 0.2205
476 622 0.1160
476 623 0.2052
476 624 0.1533
476 625 0.0937
476 626 0.1045
476 627 0.1149
476 628 0.1977
476 629 0.4125
476 630 0.3229
476 631 0.4685
476 632 0.1318
476 633 0.2886
476 634 0.2924
476 635 0.0932
476 636 0.1283
476 637 0.4202
476 638 0.1609
476 639 0.7418
476 640 0.1522
476 641 0.1358
476 642 0.1994
476 643 0.1592
476 644 0.4894
476 645 0.5335
476 646 0.2843
476 647 0.1938
476 648 0.1684
476 649 0.1652
476 650 0.3332
476 651 0.0974
476 652 0.1323
476 653 0.3398
476 654 0.7469
476 655 0.1749
476 656 0.1906
476 657 0.0645
476 658 0.3970
476 659 0.2245
476 660 0.0924
476 661 0.2555
476 662 0.6337
476 663 0.3262
476 664 0.4205
476 665 0.1474
476 666 0.2290
476 667 0.0627
476 668 0.1750
476 669 0.1570
476 671 0.4488
476 672 0.0938
476 673 0.2760
476 674 0.1706
476 675 0.2617
476 676 0.5324
476 677 0.1805
476 678 0.4669
476 679 0.0918
476 680 0.1929
476 681 0.1688
476 682 0.1484
476 683 0.3750
476 684 0.1789
476 685 0.2101
476 686 0.3270
476 687 0.1326
476 688 0.1286
476 689 0.6769
476 691 0.1754
476 692 0.0472
476 693 0.0960
476 694 0.0576
476 695 0.3877
476 696 0.2034
476 697 0.3735
476 698 0.3205
476 699 0.2743
476 700 0.2050
476 701 0.2034
476 702 0.0704
476 703 0.1015
476 704 0.1926
476 705 0.3427
476 706 0.4050
476 707 0.0707
476 708 0.0924
476 709 0.2732
476 710 0.0922
476 711 0.8684
476 712 0.2225
476 713 0.2085
476 714 0.5192
476 716 0.6033
476 717 0.1591
476 718 0.5911
476 720 0.3672
476 721 0.5599
476 722 0.2271
476 723 0.1276
476 724 0.1382
476 725 0.2218
476 726 0.1839
476 728 0.3755
476 729 0.1207
476 730 0.5911
476 731 0.1602
476 732 0.2638
476 733 0.3895
476 734 0.2567
476 735 0.4883
476 736 0.5760
476 737 0.6340
476 738 0.2097
476 740 0.2320
476 741 0.5276
476 742 0.1468
476 743 0.5409
476 744 0.1048
476 745 0.0939
476 746 0.0787
476 747 0.2096
476 748 0.7627
476 749 0.0580
476 750 0.1364
476 751 0.2243
476 752 0.4175
476 753 0.2472
476 755 0.0666
476 756 0.3142
476 757 0.1778
476 758 0.2543
476 759 0.2699
476 760 0.0611
476 761 0.1787
476 762 0.2125
476 763 0.6533
476 764 0.0857
476 765 0.2086
476 766 0.1800
476 767 0.4746
476 768 0.7657
476 769 0.5899
476 770 0.2376
476 771 0.0894
476 772 0.4927
476 773 0.0680
476 775 0.0799
476 776 0.2952
476 777 0.3645
476 778 0.2472
476 779 0.1187
476 780 0.5180
476 781 0.1895
476 782 0.4863
476 783 0.1486
476 784 0.0385
476 785 0.2392
476 786 0.4879
476 787 0.3672
476 788 0.1312
476 789 0.1806
476 791 0.1823
476 792 0.6650
476 793 0.2551
476 794 0.6278
476 795 0.2034
476 796 0.3672
476 797 0.1922
476 798 0.2456
476 799 0.1062
476 800 0.1390
476 801 0.0602
476 802 0.1071
476 803 0.1030
476 804 0.8046
476 805 0.0686
476 806 0.2984
476 808 0.6819
476 809 0.3233
476 810 0.2894
476 811 0.6713
476 812 0.3672
476 813 0.2778
476 814 0.3714
476 815 0.3209
476 816 0.1931
476 817 0.1758
476 818 0.1215
476 819 0.1862
476 820 0.3881
476 821 0.0954
476 822 0.0522
476 823 0.6987
476 824 0.1951
476 825 0.4806
476 827 0.0819
476 828 0.1026
476 829 0.3070
476 830 0.3672
476 831 0.2304
476 832 0.0989
476 833 0.2915
476 834 0.3191
476 835 0.0720
476 836 0.4351
476 837 0.1096
476 838 0.0759
476 839 0.5041
476 840 0.2192
476 841 0.2429
476 842 0.0629
476 843 0.4054
476 844 0.1906
476 845 0.2776
476 846 0.1285
476 847 0.1198
476 848 0.0937
476 849 0.1114
476 850 0.0960
476 851 0.6283
476 852 0.2523
476 853 0.2664
476 854 0.1827
476 855 0.2541
476 856 0.2486
476 858 0.3385
476 860 0.1147
476 861 0.2347
476 862 0.1242
476 864 0.0700
476 865 0.3171
476 866 0.1709
476 867 0.5158
476 868 0.2758
476 869 0.0850
476 870 0.0966
476 871 0.0684
476 872 0.9951
476 874 0.1149
476 875 0.0937
476 876 0.2643
476 878 0.2448
476 880 0.4978
476 881 0.0657
476 882 0.3437
476 883 0.1537
476 884 0.2352
476 885 0.4777
476 886 0.2742
476 887 0.1928
476 888 0.2004
476 889 0.2855
476 890 0.0960
476 891 0.8524
476 892 0.1935
476 893 0.2540
476 894 0.3059
476 895 0.1671
476 896 0.3228
476 898 0.1860
476 899 0.1411
476 900 0.0580
476 901 0.3412
476 903 0.1528
476 906 0.3026
476 907 0.4748
476 908 0.5115
476 909 0.1712
476 910 0.2703
476 911 0.1400
476 912 0.0879
476 913 0.2623
476 914 0.4636
476 915 0.6383
476 916 0.2739
476 917 0.2098
476 918 0.1164
476 919 0.1638
476 920 0.1752
476 921 0.2289
476 922 0.4107
476 924 0.1742
476 925 0.3672
476 928 0.1691
476 929 0.6175
476 930 0.1308
476 932 0.2023
476 933 0.1988
476 934 0.3292
476 935 0.0911
476 936 0.3013
476 937 0.1670
476 938 0.3706
476 939 0.2247
476 940 0.2997
476 941 0.3415
476 942 0.0933
476 943 0.6994
476 944 0.3672
476 946 0.1252
476 947 0.0849
476 948 0.0840
476 950 0.0624
476 951 0.1757
476 952 0.1687
476 953 0.3120
476 954 0.5716
476 955 0.3097
476 956 0.1009
476 957 0.1938
476 958 0.2691
476 959 0.3433
476 960 0.4828
476 961 0.5646
476 963 0.2096
476 964 0.3160
476 965 0.1517
476 966 0.2006
476 967 0.0992
476 968 0.4752
476 969 0.2931
476 971 0.3481
476 972 0.1435
476 973 0.1551
476 974 0.8958
476 975 0.2456
476 976 0.1807
476 977 0.2023
476 978 0.5136
476 979 0.3814
476 980 0.1979
476 983 0.0607
476 984 0.1670
476 986 0.2091
476 987 0.2634
476 989 0.3092
476 990 0.0575
476 992 0.1967
476 993 0.3924
476 994 0.6976
476 995 0.2487
476 996 0.1932
476 999 0.1987
476 1000 0.2273
476 1001 0.1491
476 1002 0.1664
476 1003 0.5820
476 1004 0.2490
476 1006 0.2393
476 1007 0.4123
476 1008 0.4116
476 1010 0.2663
476 1012 0.1998
476 1013 0.1732
476 1014 0.2278
476 1015 0.2815
476 1016 0.2273
476 1017 0.2457
476 1018 0.1917
476 1019 0.2317
476 1020 0.4993
476 1022 0.3493
476 1023 0.2722
476 1024 0.2297
476 1025 0.0787
476 1026 0.2073
476 1027 0.2016
476 1029 0.0912
476 1030 0.2796
476 1031 0.1906
476 1032 0.0835
476 1033 0.1571
476 1034 0.0791
476 1035 0.1775
476 1036 0.1023
476 1037 0.3592
476 1038 0.1794
476 1039 0.1465
476 1040 0.1505
476 1041 0.2685
476 1042 0.2909
476 1043 0.3539
476 1044 0.2189
476 1045 0.2925
476 1046 0.4920
476 1047 0.2280
476 1048 0.1280
476 1049 0.0844
476 1050 0.0897
476 1051 0.0629
476 1052 0.2442
476 1053 0.1253
476 1054 0.3672
476 1055 0.1819
476 1056 0.2393
476 1057 0.2053
476 1058 0.0458
476 1059 0.1220
476 1060 0.1718
476 1061 0.2132
476 1062 0.1051
476 1063 0.5402
476 1064 0.1699
476 1065 0.0655
476 1066 0.6370
476 1067 0.2791
476 1068 0.1144
476 1069 0.3184
476 1070 0.0854
476 1072 0.0594
476 1075 0.5024
476 1076 0.2331
476 1077 0.1695
476 1078 0.1511
476 1079 0.1752
476 1080 0.4894
476 1081 0.0980
476 1082 0.2619
476 1083 0.7761
476 1084 0.0965
476 1085 0.2347
476 1087 0.1305
476 1089 0.3208
476 1090 0.1367
476 1091 0.2480
476 1093 0.1351
476 1094 0.1749
476 1095 0.1706
476 1096 0.1796
476 1097 0.1000
476 1099 0.9459
476 1102 0.2607
476 1103 0.1875
476 1104 0.3677
476 1105 0.2894
476 1106 0.1147
476 1107 0.2018
476 1108 0.1164
476 1109 0.2789
476 1110 0.4937
476 1111 0.0561
476 1113 0.0748
476 1114 0.1953
476 1115 0.1504
476 1116 0.2607
476 1117 0.3234
476 1118 0.1443
476 1119 0.1311
476 1120 0.1490
476 1121 0.1371
476 1122 0.3672
476 1123 0.2082
476 1124 0.4894
476 1125 0.0682
476 1126 0.2777
476 1127 0.1537
476 1128 0.4225
476 1129 0.3770
476 1130 0.5699
476 1131 0.0994
476 1132 0.3053
476 1133 0.1251
476 1134 0.3672
476 1135 0.9526
476 1136 0.2457
476 1138 0.1278
476 1141 0.1064
476 1142 0.3299
476 1143 0.1846
476 1144 0.1835
476 1145 0.4687
476 1146 0.5176
476 1147 0.1895
476 1148 0.1732
476 1150 0.2276
476 1151 0.1827
476 1152 0.7617
476 1153 0.0920
476 1154 0.2962
476 1155 0.2242
476 1156 0.0611
476 1157 0.3672
476 1158 0.2600
476 1159 0.2465
476 1161 0.1723
476 1162 0.2075
476 1163 0.2111
476 1165 0.1930
476 1166 0.2907
476 1167 0.1894
476 1169 0.1714
476 1172 0.2090
476 1173 0.2098
476 1174 0.1438
476 1176 0.1713
476 1177 0.1694
476 1178 0.5248
476 1180 0.1522
476 1181 0.3337
476 1182 0.5886
476 1183 0.0922
476 1184 0.1747
476 1185 0.1341
476 1187 0.2180
476 1188 0.1843
476 1189 0.4042
476 1191 0.0874
476 1192 0.3150
476 1193 0.1325
476 1194 0.0809
476 1195 0.2481
476 1197 0.1593
476 1199 0.1603
476 1200 0.2658
476 1201 0.1359
476 1202 0.3675
476 1203 0.1518
476 1204 0.1782
476 1205 0.3285
476 1206 0.3447
476 1207 0.2481
476 1208 0.2156
476 1209 0.5356
476 1210 0.5735
476 1211 0.4770
476 1212 0.3043
476 1213 0.2302
476 1214 0.2886
476 1216 0.2363
476 1217 0.2886
476 1218 0.2032
476 1219 0.2252
476 1220 0.2034
476 1221 0.3312
476 1222 0.5147
476 1223 0.3042
476 1224 0.1670
476 1225 0.6149
476 1226 0.5043
476 1227 0.2381
476 1228 0.1965
476 1229 0.2150
476 1230 0.1703
476 1231 0.1906
476 1233 0.1125
476 1235 0.4330
476 1236 0.0787
476 1237 0.2570
476 1238 0.1175
476 1239 0.3672
476 1240 0.2703
476 1241 0.2286
476 1242 0.2977
476 1243 0.1930
476 1244 0.2492
476 1245 0.2034
476 1246 0.3672
476 1247 0.7238
476 1248 0.1469
476 1249 0.3742
476 1250 0.3051
476 1251 0.3992
476 1252 0.3223
476 1253 0.2114
476 1254 0.0911
476 1255 0.1674
476 1256 0.2271
476 1258 0.3208
476 1259 0.2577
476 1260 0.1744
476 1262 0.2451
476 1263 0.1689
476 1265 0.1468
476 1266 0.1895
476 1267 0.1484
476 1268 0.2622
476 1269 0.3411
476 1270 0.1391
476 1271 0.1947
476 1272 0.1573
476 1273 0.1124
476 1274 0.2049
476 1275 0.2758
476 1276 0.2198
476 1278 0.1474
476 1279 0.1308
476 1280 0.3785
476 1281 0.1192
476 1282 0.0597
476 1283 0.0942
476 1284 0.1331
476 1286 0.1023
476 1287 0.0586
476 1288 0.1096
476 1289 0.1154
476 1290 0.0986
476 1291 0.1226
476 1292 0.6131
476 1293 0.0885
476 1295 0.0423
476 1296 0.0629
476 1298 0.0624
476 1299 0.0859
476 1301 0.0571
476 1302 0.3672
476 1303 0.0937
476 1304 0.2981
476 1305 0.2245
476 1306 0.0406
476 1307 0.1220
476 1308 0.1691
476 1309 0.1000
476 1310 0.1795
476 1311 0.1751
476 1313 0.2065
476 1315 0.1019
476 1316 0.8315
476 1318 0.1177
476 1319 0.0986
476 1320 0.0549
476 1322 0.1422
476 1323 0.3911
476 1324 0.1740
476 1325 0.2640
476 1326 0.3374
476 1327 0.2549
476 1328 0.1837
476 1329 0.2633
476 1330 0.3662
476 1331 0.2375
476 1332 0.1272
476 1333 0.3975
476 1334 0.2133
476 1335 0.2078
476 1336 0.3150
476 1337 0.1852
476 1338 0.1988
476 1339 0.0756
476 1340 0.2485
476 1341 0.2387
476 1342 0.5464
476 1343 0.1852
476 1344 0.3095
476 1345 0.0935
476 1346 0.2446
476 1347 0.1835
476 1348 0.2607
476 1349 0.2370
476 1350 0.1351
476 1353 0.1782
476 1354 0.2373
476 1355 0.2768
476 1356 0.2029
476 1357 0.3154
476 1358 0.1973
476 1359 0.1816
476 1360 0.1782
476 1361 0.4429
476 1362 0.1688
476 1363 0.3999
476 1364 0.3086
476 1367 0.4782
476 1368 0.2322
476 1369 0.6393
476 1370 0.8097
476 1371 0.1177
476 1372 0.3140
476 1373 0.1996
476 1374 0.3548
476 1375 0.1906
476 1376 0.1911
476 1377 0.2159
476 1378 0.2828
476 1379 0.1565
476 1380 0.2098
476 1381 0.2360
476 1382 0.1465
476 1383 0.1338
476 1384 0.1691
476 1385 0.2335
476 1386 0.4154
476 1387 0.1479
476 1388 0.0976
476 1389 0.1654
476 1390 0.3672
476 1392 0.0978
476 1393 0.3672
476 1394 0.0960
476 1395 0.1728
476 1396 0.1328
476 1397 0.2856
476 1398 0.1579
476 1399 0.2101
476 1401 0.1888
476 1402 0.1832
476 1405 0.2059
476 1406 0.2358
476 1407 0.2149
476 1408 0.1684
476 1409 0.2675
476 1410 0.0865
476 1411 0.2053
476 1412 0.3672
476 1413 0.3672
476 1414 0.1747
476 1416 0.3017
476 1418 0.1929
476 1419 0.2811
476 1420 0.3054
476 1421 0.0820
476 1423 0.0968
476 1425 0.0929
476 1426 0.3057
476 1427 0.0774
476 1428 0.2094
476 1430 0.0960
476 1433 0.0536
476 1434 0.7547
476 1435 0.3715
476 1436 0.1001
476 1437 0.1432
476 1438 0.1136
476 1439 0.0854
476 1440 0.1163
476 1441 0.0965
476 1443 0.1835
476 1445 0.0897
476 1446 0.1551
476 1448 0.1540
476 1449 0.5379
476 1451 0.1974
476 1452 0.1848
476 1453 0.2733
476 1454 0.2098
476 1455 0.1697
476 1456 0.2093
476 1458 0.1870
476 1460 0.3061
476 1461 0.1862
476 1462 0.3352
476 1463 0.1860
476 1464 0.1444
476 1466 0.5135
476 1468 0.1359
476 1470 0.3672
476 1472 0.1904
476 1473 0.1384
476 1474 0.1947
476 1475 0.2822
476 1476 0.2240
476 1477 0.2544
476 1479 0.7048
476 1480 0.2443
476 1481 0.2698
476 1482 0.1903
476 1484 0.0935
476 1485 0.2196
476 1487 0.4994
476 1488 0.2900
476 1491 0.3135
476 1492 0.4721
476 1493 0.5012
476 1494 0.6671
476 1496 0.1580
476 1497 0.1570
476 1498 0.2273
476 1499 0.1938
476 1500 0.2033
476 1501 0.1690
476 1502 0.2196
476 1503 0.3264
476 1504 0.2542
476 1505 0.1995
476 1507 0.6143
476 1508 0.0814
476 1510 0.2347
476 1511 0.2480
476 1512 0.3774
476 1513 0.1856
476 1514 0.1000
476 1515 0.1557
476 1516 0.6940
476 1517 0.2328
476 1518 0.1868
476 1519 0.1307
476 1520 0.8780
476 1522 0.0931
476 1523 0.0994
476 1526 0.0694
476 1527 0.1479
476 1528 0.1000
476 1529 0.6854
476 1530 0.0859
476 1532 0.0918
476 1534 0.2112
476 1535 0.1983
476 1536 0.0888
476 1537 0.0629
476 1538 0.0654
476 1540 0.2978
476 1541 0.0709
476 1542 0.1135
476 1544 0.0629
476 1545 0.1000
476 1546 0.1740
476 1547 0.1117
476 1548 0.1756
476 1549 0.1876
476 1550 0.1692
476 1551 0.0628
476 1554 0.2262
476 1555 0.1691
476 1556 0.3672
476 1557 0.2200
476 1560 0.1836
476 1565 0.1945
476 1566 0.0953
476 1567 0.1714
476 1568 0.2108
476 1569 0.2041
476 1570 0.1845
476 1571 0.3373
476 1572 0.1593
476 1573 0.2850
476 1574 0.3374
476 1575 0.1424
476 1576 0.3672
476 1577 0.2614
476 1578 0.2240
476 1579 0.3373
476 1580 0.1928
476 1581 0.2650
476 1582 0.1620
476 1584 0.2659
476 1585 0.3582
476 1586 0.1465
476 1587 0.2658
476 1588 0.2836
476 1589 0.1906
476 1590 0.1714
476 1591 0.3541
476 1592 0.1936
476 1593 0.3879
476 1594 0.1725
476 1595 0.1775
476 1596 0.1424
476 1597 0.1735
476 1598 0.2411
476 1599 0.2514
476 1600 0.1910
476 1601 0.2634
476 1602 0.1543
476 1603 0.4405
476 1604 0.2154
476 1605 0.2753
476 1606 0.5127
476 1607 0.4579
476 1608 0.5187
476 1610 0.1400
476 1611 0.2587
476 1612 0.2532
476 1613 0.3513
476 1614 0.2586
476 1615 0.0924
476 1616 0.0960
476 1618 0.2944
476 1619 0.2075
476 1621 0.7030
476 1622 0.4949
476 1623 0.3342
476 1624 0.3071
476 1625 0.1290
476 1626 0.2529
476 1627 0.1691
476 1628 0.2334
476 1629 0.3014
476 1630 0.5651
476 1631 0.1384
476 1633 0.2727
476 1634 0.2045
476 1635 0.1000
476 1636 0.1229
476 1637 0.3122
476 1638 0.2570
476 1639 0.2545
476 1640 0.4850
476 1641 0.2575
476 1642 0.2184
476 1643 0.1193
476 1644 0.0935
476 1645 0.2188
476 1646 0.2595
476 1647 0.1574
476 1648 0.2174
476 1649 0.1014
476 1650 0.1839
476 1651 0.1474
476 1652 0.1289
476 1653 0.4609
476 1654 0.1103
476 1655 0.2065
476 1656 0.2098
476 1657 0.0787
476 1658 0.1806
476 1659 0.1679
476 1660 0.1107
476 1661 0.0951
476 1662 0.2397
476 1663 0.1468
476 1664 0.1000
476 1665 0.1313
476 1667 0.1620
476 1668 0.2355
476 1669 0.1153
476 1670 0.1938
476 1671 0.1490
476 1672 0.0935
476 1673 0.1511
476 1674 0.2351
476 1675 0.3672
476 1676 0.1366
476 1677 0.2489
476 1678 0.1755
476 1681 0.2381
476 1682 0.0992
476 1683 0.1920
476 1686 0.1051
476 1687 0.1807
476 1688 0.1142
476 1689 0.8310
476 1691 0.1860
476 1692 0.2004
476 1693 0.1165
476 1694 0.2596
476 1695 0.2960
476 1696 0.0879
476 1698 0.1007
476 1699 0.0809
476 1700 0.0897
476 1701 0.0809
476 1702 0.0731
476 1703 0.1751
476 1704 0.1860
476 1705 0.0659
476 1706 0.0536
476 1707 0.0842
476 1708 0.0554
476 1712 0.7915
476 1713 0.1577
476 1714 0.0986
476 1715 0.1168
476 1716 0.0550
476 1717 0.7801
476 1718 0.1164
476 1719 0.1049
476 1720 0.1965
476 1721 0.0936
476 1722 0.1000
476 1723 0.0839
476 1724 0.0557
476 1725 0.2590
476 1726 0.2371
476 1728 0.3672
478 479 0.1857
478 480 0.4002
478 481 0.1667
478 482 0.0909
478 484 0.2044
478 485 0.0597
478 486 0.1817
478 487 0.1731
478 488 0.1096
478 489 0.2392
478 490 0.1963
478 491 0.3270
478 492 0.1448
478 494 0.0790
478 495 0.5112
478 496 0.4097
478 497 0.2517
478 498 0.2549
478 499 0.3526
478 501 0.2793
478 503 0.0673
478 504 0.0654
478 505 0.0699
478 506 0.1624
478 507 0.0497
478 508 0.4080
478 509 0.0819
478 510 0.1574
478 511 0.6826
478 512 0.0766
478 513 0.1004
478 514 0.4415
478 515 0.1988
478 516 0.6172
478 517 0.2656
478 518 0.1472
478 519 0.0799
478 520 0.0602
478 521 0.2400
478 522 0.0916
478 523 0.1239
478 524 0.1205
478 525 0.0979
478 526 0.0238
478 527 0.0789
478 528 0.0907
478 529 0.2981
478 530 0.1522
478 531 0.1131
478 532 0.1415
478 533 0.0957
478 534 0.2429
478 535 0.0657
478 536 0.3702
478 537 0.2237
478 538 0.0503
478 539 0.2622
478 540 0.0626
478 541 0.4291
478 542 0.0527
478 543 0.0680
478 544 0.2220
478 545 0.2234
478 546 0.3171
478 547 0.3653
478 548 0.1670
478 549 0.1350
478 550 0.1801
478 551 0.1762
478 552 0.1678
478 553 0.2837
478 554 0.0582
478 555 0.0364
478 556 0.1972
478 557 0.3688
478 558 0.1399
478 559 0.2020
478 560 0.2448
478 561 0.1320
478 562 0.0497
478 563 0.2816
478 564 0.1653
478 565 0.1734
478 568 0.6918
478 569 0.1061
478 570 0.0374
478 571 0.4912
478 572 0.1259
478 573 0.0939
478 574 0.2607
478 575 0.2277
478 576 0.1174
478 577 0.1813
478 578 0.3478
478 579 0.2822
478 580 0.0975
478 581 0.0528
478 582 0.2517
478 583 0.1259
478 584 0.1915
478 585 0.2662
478 586 0.2364
478 587 0.1306
478 589 0.0881
478 590 0.5893
478 591 0.1350
478 592 0.3123
478 593 0.0827
478 594 0.2073
478 595 0.0822
478 598 0.1357
478 599 0.1349
478 600 0.0965
478 601 0.0981
478 602 0.3659
478 604 0.1479
478 605 0.0958
478 606 0.0259
478 607 0.0640
478 609 0.1205
478 610 0.2634
478 612 0.1583
478 613 0.1959
478 614 0.3623
478 615 0.0680
478 616 0.0960
478 617 0.0643
478 618 0.1094
478 619 0.5078
478 620 0.1649
478 621 0.1444
478 622 0.0798
478 623 0.1915
478 624 0.0762
478 625 0.0510
478 626 0.2853
478 627 0.0693
478 628 0.1403
478 629 0.0926
478 630 0.0382
478 631 0.0638
478 632 0.2351
478 633 0.5399
478 634 0.2032
478 635 0.0825
478 636 0.1054
478 637 0.4167
478 638 0.0430
478 639 0.7525
478 640 0.0385
478 641 0.2583
478 642 0.0630
478 643 0.1591
478 644 0.0939
478 645 0.0935
478 646 0.1752
478 647 0.1522
478 648 0.1179
478 649 0.0568
478 650 0.0953
478 651 0.1582
478 652 0.0417
478 653 0.2481
478 654 0.1205
478 655 0.1051
478 656 0.1356
478 657 0.1274
478 658 0.2879
478 659 0.2804
478 660 0.1331
478 661 0.1080
478 662 0.0848
478 663 0.1670
478 664 0.5572
478 665 0.0310
478 666 0.0863
478 667 0.1122
478 668 0.1801
478 669 0.1048
478 671 0.1578
478 672 0.1970
478 673 0.1031
478 674 0.3184
478 675 0.3524
478 676 0.6700
478 677 0.1256
478 678 0.0829
478 679 0.1092
478 680 0.0645
478 681 0.0428
478 682 0.1704
478 683 0.1598
478 684 0.1050
478 685 0.2535
478 686 0.2629
478 687 0.1729
478 688 0.2963
478 689 0.5458
478 691 0.1706
478 692 0.1814
478 693 0.0771
478 694 0.0934
478 695 0.4964
478 696 0.1615
478 697 0.1140
478 698 0.3559
478 699 0.1800
478 700 0.2299
478 701 0.1615
478 702 0.0756
478 703 0.2555
478 704 0.1483
478 705 0.2331
478 706 0.4738
478 707 0.0664
478 708 0.1331
478 709 0.1141
478 710 0.3050
478 711 0.5201
478 712 0.4383
478 713 0.0958
478 714 0.0453
478 716 0.1331
478 717 0.1227
478 718 0.1014
478 720 0.0636
478 721 0.0454
478 722 0.2572
478 723 0.1627
478 724 0.0965
478 725 0.0622
478 726 0.1216
478 728 0.1113
478 729 0.2459
478 730 0.0838
478 731 0.1029
478 732 0.2573
478 733 0.3350
478 734 0.2653
478 735 0.2501
478 736 0.3183
478 737 0.3948
478 738 0.1815
478 740 0.2921
478 741 0.3146
478 742 0.1320
478 743 0.2715
478 744 0.3461
478 745 0.3413
478 746 0.1029
478 747 0.0680
478 748 0.4628
478 749 0.1585
478 750 0.1507
478 751 0.1691
478 752 0.4868
478 753 0.1186
478 755 0.2900
478 756 0.1940
478 757 0.1284
478 758 0.1207
478 759 0.1206
478 760 0.1875
478 761 0.1152
478 762 0.1256
478 763 0.3201
478 764 0.1386
478 765 0.1176
478 766 0.2185
478 767 0.0917
478 768 0.4862
478 769 0.1011
478 770 0.1626
478 771 0.0716
478 772 0.1300
478 773 0.4435
478 775 0.0319
478 776 0.1897
478 777 0.1933
478 778 0.1186
478 779 0.0732
478 780 0.1212
478 781 0.1315
478 782 0.2010
478 783 0.4382
478 784 0.2426
478 785 0.0671
478 786 0.4307
478 787 0.0636
478 788 0.0760
478 789 0.3420
478 791 0.0719
478 792 0.0874
478 793 0.5954
478 794 0.1108
478 795 0.1615
478 796 0.0636
478 797 0.1705
478 798 0.1253
478 799 0.0331
478 800 0.1036
478 801 0.1747
478 802 0.0375
478 803 0.1052
478 804 0.3251
478 805 0.1151
478 806 0.2279
478 808 0.4621
478 809 0.1626
478 810 0.1670
478 811 0.5446
478 812 0.0636
478 813 0.2384
478 814 0.0760
478 815 0.2250
478 816 0.2137
478 817 0.1259
478 818 0.0952
478 819 0.0472
478 820 0.1587
478 821 0.1126
478 822 0.2902
478 823 0.3833
478 824 0.1641
478 825 0.4306
478 827 0.1369
478 828 0.1126
478 829 0.3480
478 830 0.0636
478 831 0.4301
478 832 0.1825
478 833 0.1233
478 834 0.1152
478 835 0.0646
478 836 0.4119
478 837 0.0816
478 838 0.1040
478 839 0.2085
478 840 0.2205
478 841 0.1284
478 842 0.1328
478 843 0.1633
478 844 0.1731
478 845 0.0931
478 846 0.1790
478 847 0.2137
478 848 0.1319
478 849 0.2041
478 850 0.0771
478 851 0.6429
478 852 0.0530
478 853 0.1747
478 854 0.0883
478 855 0.0640
478 856 0.3870
478 858 0.4594
478 860 0.1723
478 861 0.0716
478 862 0.0714
478 864 0.0586
478 865 0.1951
478 866 0.0980
478 867 0.1527
478 868 0.1570
478 869 0.2928
478 870 0.0959
478 871 0.1687
478 872 0.7958
478 874 0.0851
478 875 0.0561
478 876 0.1151
478 878 0.1191
478 880 0.2975
478 881 0.0484
478 882 0.0721
478 883 0.1313
478 884 0.0527
478 885 0.4551
478 886 0.1160
478 887 0.3874
478 888 0.2063
478 889 0.1731
478 890 0.1068
478 891 0.3061
478 892 0.3093
478 893 0.0487
478 894 0.3749
478 895 0.1929
478 896 0.1172
478 898 0.2519
478 899 0.2399
478 900 0.1585
478 901 0.4448
478 903 0.1668
478 906 0.0916
478 907 0.2760
478 908 0.4214
478 909 0.4107
478 910 0.2245
478 911 0.0548
478 912 0.1298
478 913 0.0698
478 914 0.0537
478 915 0.4291
478 916 0.1691
478 917 0.0680
478 918 0.0405
478 919 0.2948
478 920 0.2911
478 921 0.3850
478 922 0.0316
478 924 0.2696
478 925 0.0636
478 928 0.2395
478 929 0.1750
478 930 0.0335
478 932 0.0801
478 933 0.1029
478 934 0.0900
478 935 0.1677
478 936 0.0916
478 937 0.2043
478 938 0.4702
478 939 0.1602
478 940 0.1171
478 941 0.1597
478 942 0.2640
478 943 0.0832
478 944 0.0636
478 946 0.2244
478 947 0.0743
478 948 0.1368
478 950 0.0589
478 951 0.1131
478 952 0.1576
478 953 0.1671
478 954 0.1022
478 955 0.1840
478 956 0.1167
478 957 0.1522
478 958 0.1895
478 959 0.1430
478 960 0.3358
478 961 0.0629
478 963 0.0992
478 964 0.0724
478 965 0.0836
478 966 0.1332
478 967 0.0924
478 968 0.1477
478 969 0.1278
478 971 0.1471
478 972 0.0731
478 973 0.2071
478 974 0.8508
478 975 0.1051
478 976 0.0737
478 977 0.0801
478 978 0.3524
478 979 0.3437
478 980 0.1131
478 983 0.0216
478 984 0.0385
478 986 0.2508
478 987 0.1551
478 989 0.0848
478 990 0.0841
478 992 0.0958
478 993 0.2271
478 994 0.4336
478 995 0.1623
478 996 0.1849
478 999 0.1568
478 1000 0.0428
478 1001 0.0440
478 1002 0.4101
478 1003 0.1024
478 1004 0.2301
478 1006 0.1315
478 1007 0.5154
478 1008 0.1996
478 1010 0.2699
478 1012 0.1315
478 1013 0.1019
478 1014 0.3593
478 1015 0.1986
478 1016 0.0408
478 1017 0.0456
478 1018 0.0992
478 1019 0.3838
478 1020 0.4401
478 1022 0.3160
478 1023 0.0631
478 1024 0.0718
478 1025 0.1029
478 1026 0.0582
478 1027 0.2351
478 1029 0.1037
478 1030 0.0313
478 1031 0.1731
478 1032 0.0916
478 1033 0.1761
478 1034 0.0958
478 1035 0.0933
478 1036 0.2206
478 1037 0.1440
478 1038 0.1592
478 1039 0.1919
478 1040 0.1696
478 1041 0.1350
478 1042 0.2983
478 1043 0.1722
478 1044 0.2324
478 1045 0.1331
478 1046 0.2526
478 1047 0.0894
478 1048 0.0431
478 1049 0.2442
478 1050 0.2086
478 1051 0.2054
478 1052 0.0851
478 1053 0.0332
478 1054 0.0636
478 1055 0.0886
478 1056 0.1068
478 1057 0.0677
478 1058 0.0679
478 1059 0.2180
478 1060 0.0802
478 1061 0.0958
478 1062 0.0915
478 1063 0.0548
478 1064 0.2097
478 1065 0.1005
478 1066 0.1272
478 1067 0.3810
478 1068 0.1151
478 1069 0.1396
478 1070 0.4056
478 1072 0.1276
478 1075 0.3891
478 1076 0.1174
478 1077 0.0975
478 1078 0.1341
478 1079 0.0891
478 1080 0.0939
478 1081 0.1601
478 1082 0.0955
478 1083 0.2297
478 1084 0.0548
478 1085 0.0678
478 1087 0.0564
478 1089 0.1350
478 1090 0.1297
478 1091 0.1298
478 1093 0.0922
478 1094 0.1855
478 1095 0.1250
478 1096 0.1331
478 1097 0.0597
478 1099 0.7272
478 1102 0.1381
478 1103 0.0878
478 1104 0.1777
478 1105 0.2853
478 1106 0.1417
478 1107 0.2532
478 1108 0.0405
478 1109 0.1049
478 1110 0.1179
478 1111 0.4816
478 1113 0.0899
478 1114 0.0975
478 1115 0.1269
478 1116 0.0604
478 1117 0.4065
478 1118 0.1100
478 1119 0.2091
478 1120 0.0817
478 1121 0.0581
478 1122 0.0636
478 1123 0.1168
478 1124 0.0939
478 1125 0.0436
478 1126 0.0597
478 1127 0.0419
478 1128 0.4152
478 1129 0.0407
478 1130 0.1949
478 1131 0.1606
478 1132 0.1020
478 1133 0.0975
478 1134 0.0636
478 1135 0.7222
478 1136 0.1346
478 1138 0.0877
478 1141 0.1615
478 1142 0.1543
478 1143 0.2301
478 1144 0.0958
478 1145 0.1290
478 1146 0.1319
478 1147 0.1690
478 1148 0.1019
478 1150 0.3228
478 1151 0.0845
478 1152 0.4124
478 1153 0.2573
478 1154 0.5774
478 1155 0.0710
478 1156 0.0817
478 1157 0.0636
478 1158 0.1007
478 1159 0.1959
478 1161 0.1075
478 1162 0.0971
478 1163 0.3817
478 1165 0.0741
478 1166 0.1854
478 1167 0.1099
478 1169 0.0888
478 1172 0.1191
478 1173 0.0680
478 1174 0.1685
478 1176 0.0760
478 1177 0.1039
478 1178 0.0454
478 1180 0.3182
478 1181 0.1179
478 1182 0.3746
478 1183 0.0600
478 1184 0.2545
478 1185 0.1768
478 1187 0.0476
478 1188 0.0576
478 1189 0.5180
478 1191 0.4639
478 1192 0.1350
478 1193 0.1576
478 1194 0.1185
478 1195 0.1191
478 1197 0.1331
478 1199 0.2936
478 1200 0.0991
478 1201 0.2070
478 1202 0.2517
478 1203 0.0712
478 1204 0.1734
478 1205 0.1246
478 1206 0.1071
478 1207 0.0747
478 1208 0.1278
478 1209 0.0929
478 1210 0.2610
478 1211 0.4749
478 1212 0.1258
478 1213 0.0529
478 1214 0.1350
478 1216 0.0699
478 1217 0.2392
478 1218 0.1302
478 1219 0.0616
478 1220 0.1386
478 1221 0.1681
478 1222 0.0817
478 1223 0.1962
478 1224 0.2043
478 1225 0.4043
478 1226 0.3149
478 1227 0.1029
478 1228 0.1030
478 1229 0.1137
478 1230 0.0780
478 1231 0.1731
478 1233 0.2860
478 1235 0.0950
478 1236 0.1029
478 1237 0.1745
478 1238 0.0907
478 1239 0.0636
478 1240 0.1149
478 1241 0.0537
478 1242 0.2383
478 1243 0.0741
478 1244 0.1253
478 1245 0.1386
478 1246 0.0636
478 1247 0.1375
478 1248 0.1581
478 1249 0.2138
478 1250 0.0912
478 1251 0.2531
478 1252 0.2539
478 1253 0.1386
478 1254 0.2063
478 1255 0.2784
478 1256 0.1221
478 1258 0.3609
478 1259 0.2321
478 1260 0.0415
478 1262 0.1051
478 1263 0.1311
478 1265 0.1888
478 1266 0.0916
478 1267 0.1353
478 1268 0.0999
478 1269 0.2075
478 1270 0.2152
478 1271 0.0594
478 1272 0.1628
478 1273 0.1621
478 1274 0.1315
478 1275 0.0601
478 1276 0.0981
478 1278 0.0310
478 1279 0.1184
478 1280 0.1708
478 1281 0.2079
478 1282 0.0223
478 1283 0.2925
478 1284 0.3919
478 1286 0.2072
478 1287 0.4353
478 1288 0.0315
478 1289 0.0738
478 1290 0.0761
478 1291 0.1070
478 1292 0.5456
478 1293 0.0963
478 1295 0.1925
478 1296 0.2054
478 1298 0.1481
478 1299 0.0526
478 1301 0.4128
478 1302 0.0636
478 1303 0.1725
478 1304 0.1319
478 1305 0.0740
478 1306 0.0561
478 1307 0.2180
478 1308 0.1521
478 1309 0.0597
478 1310 0.0788
478 1311 0.0921
478 1313 0.0548
478 1315 0.1258
478 1316 0.8109
478 1318 0.0805
478 1319 0.0582
478 1320 0.0568
478 1322 0.0636
478 1323 0.1052
478 1324 0.1349
478 1325 0.0962
478 1326 0.1350
478 1327 0.1350
478 1328 0.1152
478 1329 0.0597
478 1330 0.1309
478 1331 0.0721
478 1332 0.0971
478 1333 0.0597
478 1334 0.1098
478 1335 0.3651
478 1336 0.1350
478 1337 0.0552
478 1338 0.3600
478 1339 0.0987
478 1340 0.0415
478 1341 0.0661
478 1342 0.2566
478 1343 0.0552
478 1344 0.1198
478 1345 0.1350
478 1346 0.1150
478 1347 0.1021
478 1348 0.0604
478 1349 0.0987
478 1350 0.0839
478 1353 0.1734
478 1354 0.0987
478 1355 0.0425
478 1356 0.1319
478 1357 0.1926
478 1358 0.0563
478 1359 0.0958
478 1360 0.1734
478 1361 0.2193
478 1362 0.1502
478 1363 0.0426
478 1364 0.1398
478 1367 0.2576
478 1368 0.1186
478 1369 0.2551
478 1370 0.1462
478 1371 0.0805
478 1372 0.2594
478 1373 0.1331
478 1374 0.1644
478 1375 0.1731
478 1376 0.1331
478 1377 0.1256
478 1378 0.1691
478 1379 0.0562
478 1380 0.0680
478 1381 0.4045
478 1382 0.2159
478 1383 0.1498
478 1384 0.1007
478 1385 0.0987
478 1386 0.2905
478 1387 0.2218
478 1388 0.1976
478 1389 0.3002
478 1390 0.0636
478 1392 0.0967
478 1393 0.0636
478 1394 0.0604
478 1395 0.0817
478 1396 0.1331
478 1397 0.5304
478 1398 0.1279
478 1399 0.0610
478 1401 0.1191
478 1402 0.2838
478 1405 0.2795
478 1406 0.1066
478 1407 0.1656
478 1408 0.0430
478 1409 0.0692
478 1410 0.3023
478 1411 0.0877
478 1412 0.0636
478 1413 0.0636
478 1414 0.1048
478 1416 0.1315
478 1418 0.2917
478 1419 0.1173
478 1420 0.1350
478 1421 0.1635
478 1423 0.1437
478 1425 0.1958
478 1426 0.4510
478 1427 0.1947
478 1428 0.2222
478 1430 0.0771
478 1433 0.2268
478 1434 0.8056
478 1435 0.4897
478 1436 0.1389
478 1437 0.1189
478 1438 0.1791
478 1439 0.1183
478 1440 0.1910
478 1441 0.0984
478 1443 0.1021
478 1445 0.2086
478 1446 0.2139
478 1448 0.5083
478 1449 0.1323
478 1451 0.1978
478 1452 0.1392
478 1453 0.0886
478 1454 0.0680
478 1455 0.1479
478 1456 0.1248
478 1458 0.2992
478 1460 0.0987
478 1461 0.1315
478 1462 0.1076
478 1463 0.1258
478 1464 0.1315
478 1466 0.0372
478 1468 0.1315
478 1470 0.0636
478 1472 0.3417
478 1473 0.0562
478 1474 0.1479
478 1475 0.0817
478 1476 0.1036
478 1477 0.0995
478 1479 0.1333
478 1480 0.1191
478 1481 0.1121
478 1482 0.1029
478 1484 0.1350
478 1485 0.0739
478 1487 0.0752
478 1488 0.0597
478 1491 0.1038
478 1492 0.1667
478 1493 0.0540
478 1494 0.1940
478 1496 0.1886
478 1497 0.1053
478 1498 0.1338
478 1499 0.0298
478 1500 0.1472
478 1501 0.1282
478 1502 0.1331
478 1503 0.1112
478 1504 0.0882
478 1505 0.1334
478 1507 0.1071
478 1508 0.0975
478 1510 0.2742
478 1511 0.0597
478 1512 0.1068
478 1513 0.0958
478 1514 0.0597
478 1515 0.0790
478 1516 0.2397
478 1517 0.1191
478 1518 0.0631
478 1519 0.2090
478 1520 0.7888
478 1522 0.1398
478 1523 0.1606
478 1526 0.0917
478 1527 0.0762
478 1528 0.0597
478 1529 0.2062
478 1530 0.2172
478 1532 0.0797
478 1534 0.1028
478 1535 0.1331
478 1536 0.1630
478 1537 0.2054
478 1538 0.2895
478 1540 0.2734
478 1541 0.1250
478 1542 0.0377
478 1544 0.2054
478 1545 0.0597
478 1546 0.0903
478 1547 0.2257
478 1548 0.1749
478 1549 0.0385
478 1550 0.1703
478 1551 0.1403
478 1554 0.1068
478 1555 0.2333
478 1556 0.0636
478 1557 0.3029
478 1560 0.2517
478 1565 0.0808
478 1566 0.1905
478 1567 0.0987
478 1568 0.0627
478 1569 0.1338
478 1570 0.0810
478 1571 0.2157
478 1572 0.0838
478 1573 0.1229
478 1574 0.1350
478 1575 0.0600
478 1576 0.0636
478 1577 0.0909
478 1578 0.0600
478 1579 0.1233
478 1580 0.1684
478 1581 0.1201
478 1582 0.0971
478 1584 0.0597
478 1585 0.1439
478 1586 0.3610
478 1587 0.1694
478 1588 0.1257
478 1589 0.1731
478 1590 0.1269
478 1591 0.1066
478 1592 0.0771
478 1593 0.2302
478 1594 0.0958
478 1595 0.4226
478 1596 0.0600
478 1597 0.1015
478 1598 0.0916
478 1599 0.2867
478 1600 0.1029
478 1601 0.1635
478 1602 0.0599
478 1603 0.1637
478 1604 0.1588
478 1605 0.0552
478 1606 0.0560
478 1607 0.0715
478 1608 0.4359
478 1610 0.0801
478 1611 0.1029
478 1612 0.0985
478 1613 0.0890
478 1614 0.1029
478 1615 0.1331
478 1616 0.0604
478 1618 0.1371
478 1619 0.1252
478 1621 0.1435
478 1622 0.3920
478 1623 0.0581
478 1624 0.1900
478 1625 0.0586
478 1626 0.0681
478 1627 0.1007
478 1628 0.1045
478 1629 0.1029
478 1630 0.0397
478 1631 0.0562
478 1633 0.1660
478 1634 0.1274
478 1635 0.0597
478 1636 0.0792
478 1637 0.2429
478 1638 0.1745
478 1639 0.0624
478 1640 0.0746
478 1641 0.1156
478 1642 0.1723
478 1643 0.2573
478 1644 0.1350
478 1645 0.1671
478 1646 0.0430
478 1647 0.4486
478 1648 0.1331
478 1649 0.1427
478 1650 0.0613
478 1651 0.1040
478 1652 0.1038
478 1653 0.1189
478 1654 0.0725
478 1655 0.1727
478 1656 0.0680
478 1657 0.1029
478 1658 0.0783
478 1659 0.1293
478 1660 0.1787
478 1661 0.3925
478 1662 0.1205
478 1663 0.1320
478 1664 0.0597
478 1665 0.2131
478 1667 0.2013
478 1668 0.2624
478 1669 0.2171
478 1670 0.1522
478 1671 0.0817
478 1672 0.1350
478 1673 0.0952
478 1674 0.3153
478 1675 0.0636
478 1676 0.1130
478 1677 0.1152
478 1678 0.1291
478 1681 0.1029
478 1682 0.0847
478 1683 0.2549
478 1686 0.2881
478 1687 0.3531
478 1688 0.0685
478 1689 0.6851
478 1691 0.0940
478 1692 0.1508
478 1693 0.0556
478 1694 0.1256
478 1695 0.0597
478 1696 0.1298
478 1698 0.0932
478 1699 0.1185
478 1700 0.2086
478 1701 0.1185
478 1702 0.1315
478 1703 0.1194
478 1704 0.2082
478 1705 0.0417
478 1706 0.2268
478 1707 0.3343
478 1708 0.0706
478 1712 0.7980
478 1713 0.5605
478 1714 0.1347
478 1715 0.2179
478 1716 0.0537
478 1717 0.7150
478 1718 0.0405
478 1719 0.1226
478 1720 0.0612
478 1721 0.1292
478 1722 0.0597
478 1723 0.2145
478 1724 0.0538
478 1725 0.0430
478 1726 0.1274
478 1728 0.0636
479 480 0.3942
479 481 0.2567
479 482 0.2066
479 484 0.1505
479 485 0.1130
479 486 0.2816
479 487 0.5741
479 488 0.1312
479 489 0.0673
479 490 0.0585
479 491 0.1667
479 492 0.0920
479 494 0.2897
479 495 0.8112
479 496 0.4853
479 497 0.5167
479 498 0.1170
479 499 0.1498
479 501 0.1502
479 503 0.2829
479 504 0.2353
479 505 0.1052
479 506 0.4688
479 507 0.1277
479 508 0.3112
479 509 0.3566
479 510 0.1152
479 511 0.6558
479 512 0.2961
479 513 0.2040
479 514 0.4592
479 515 0.4281
479 516 0.4618
479 517 0.5290
479 518 0.1342
479 519 0.1360
479 520 0.0649
479 521 0.1002
479 522 0.1324
479 523 0.1080
479 524 0.1207
479 525 0.1184
479 526 0.1618
479 527 0.1591
479 528 0.0842
479 529 0.4602
479 530 0.0927
479 531 0.5641
479 532 0.3169
479 533 0.2279
479 534 0.6155
479 535 0.1391
479 536 0.1709
479 537 0.2570
479 538 0.2136
479 539 0.1740
479 540 0.4160
479 541 0.4864
479 542 0.3532
479 543 0.0989
479 544 0.6817
479 545 0.6609
479 546 0.1932
479 547 0.1444
479 548 0.5843
479 549 0.1143
479 550 0.1517
479 551 0.4310
479 552 0.1588
479 553 0.1315
479 554 0.1023
479 555 0.1165
479 556 0.1081
479 557 0.3004
479 558 0.2692
479 559 0.1267
479 560 0.2566
479 561 0.1417
479 562 0.1156
479 563 0.4222
479 564 0.1121
479 565 0.3413
479 568 0.8578
479 569 0.1383
479 570 0.0582
479 571 0.5698
479 572 0.1712
479 573 0.3467
479 574 0.1418
479 575 0.3790
479 576 0.1278
479 577 0.4526
479 578 0.1199
479 579 0.2014
479 580 0.4095
479 581 0.6192
479 582 0.0606
479 583 0.0823
479 584 0.1554
479 585 0.4086
479 586 0.6633
479 587 0.6728
479 589 0.7937
479 590 0.9569
479 591 0.1143
479 592 0.1052
479 593 0.1475
479 594 0.3943
479 595 0.3788
479 598 0.2862
479 599 0.3200
479 600 0.2908
479 601 0.0602
479 602 0.3872
479 604 0.1207
479 605 0.1246
479 606 0.4027
479 607 0.6339
479 609 0.1207
479 610 0.6126
479 612 0.4865
479 613 0.0722
479 614 0.5718
479 615 0.1405
479 616 0.3379
479 617 0.1094
479 618 0.2086
479 619 0.6355
479 620 0.0569
479 621 0.2136
479 622 0.1885
479 623 0.1596
479 624 0.0901
479 625 0.0541
479 626 0.1144
479 627 0.0700
479 628 0.1360
479 629 0.5695
479 630 0.1541
479 631 0.5460
479 632 0.0770
479 633 0.2334
479 634 0.3162
479 635 0.1297
479 636 0.1097
479 637 0.4470
479 638 0.2516
479 639 0.7060
479 640 0.1904
479 641 0.0794
479 642 0.4303
479 643 0.1719
479 644 0.2307
479 645 0.2480
479 646 0.6458
479 647 0.0927
479 648 0.1134
479 649 0.0755
479 650 0.1115
479 651 0.0951
479 652 0.1714
479 653 0.7262
479 654 0.3669
479 655 0.2075
479 656 0.0790
479 657 0.1322
479 658 0.2997
479 659 0.1871
479 660 0.0513
479 661 0.2518
479 662 0.1631
479 663 0.2465
479 664 0.1475
479 665 0.1307
479 666 0.1035
479 667 0.1083
479 668 0.1545
479 669 0.2854
479 671 0.6372
479 672 0.0467
479 673 0.1191
479 674 0.3681
479 675 0.2060
479 676 0.5080
479 677 0.1687
479 678 0.3575
479 679 0.1773
479 680 0.0644
479 681 0.2778
479 682 0.0840
479 683 0.0949
479 684 0.1263
479 685 0.1740
479 686 0.3096
479 687 0.1817
479 688 0.1080
479 689 0.8833
479 691 0.1237
479 692 0.0833
479 693 0.1078
479 694 0.1044
479 695 0.5163
479 696 0.1617
479 697 0.2809
479 698 0.6542
479 699 0.5025
479 700 0.2841
479 701 0.1617
479 702 0.1158
479 703 0.0849
479 704 0.0619
479 705 0.3469
479 706 0.4170
479 707 0.1478
479 708 0.0513
479 709 0.2792
479 710 0.0929
479 711 0.7214
479 712 0.2921
479 713 0.2440
479 714 0.4947
479 716 0.0861
479 717 0.1452
479 718 0.5054
479 720 0.1857
479 721 0.2989
479 722 0.1750
479 723 0.0972
479 724 0.1213
479 725 0.1697
479 726 0.0925
479 728 0.3657
479 729 0.0955
479 730 0.2759
479 731 0.1251
479 732 0.2540
479 733 0.5106
479 734 0.1551
479 735 0.4519
479 736 0.8094
479 737 0.6934
479 738 0.1114
479 740 0.1439
479 741 0.7422
479 742 0.2880
479 743 0.5467
479 744 0.1823
479 745 0.1217
479 746 0.1496
479 747 0.1940
479 748 0.8695
479 749 0.1167
479 750 0.1102
479 751 0.0971
479 752 0.5478
479 753 0.3873
479 755 0.1219
479 756 0.6518
479 757 0.1377
479 758 0.2807
479 759 0.3471
479 760 0.1194
479 761 0.1267
479 762 0.1848
479 763 0.3208
479 764 0.0806
479 765 0.2411
479 766 0.1008
479 767 0.3591
479 768 0.9412
479 769 0.2252
479 770 0.1695
479 771 0.1377
479 772 0.2927
479 773 0.0685
479 775 0.1791
479 776 0.2608
479 777 0.4865
479 778 0.3873
479 779 0.1015
479 780 0.5452
479 781 0.2286
479 782 0.3388
479 783 0.1878
479 784 0.0777
479 785 0.2642
479 786 0.6939
479 787 0.1857
479 788 0.1200
479 789 0.2030
479 791 0.2563
479 792 0.1540
479 793 0.3318
479 794 0.5064
479 795 0.1617
479 796 0.1857
479 797 0.0962
479 798 0.1030
479 799 0.1870
479 800 0.1319
479 801 0.0825
479 802 0.0933
479 803 0.0693
479 804 0.7125
479 805 0.1075
479 806 0.3507
479 808 0.4277
479 809 0.5330
479 810 0.1389
479 811 0.5675
479 812 0.1857
479 813 0.5996
479 814 0.4823
479 815 0.6355
479 816 0.2900
479 817 0.2845
479 818 0.0803
479 819 0.1418
479 820 0.3648
479 821 0.1187
479 822 0.0936
479 823 0.8029
479 824 0.3800
479 825 0.2155
479 827 0.0926
479 828 0.3456
479 829 0.2439
479 830 0.1857
479 831 0.2870
479 832 0.1125
479 833 0.2477
479 834 0.3522
479 835 0.1214
479 836 0.7958
479 837 0.2839
479 838 0.0939
479 839 0.3783
479 840 0.4161
479 841 0.1735
479 842 0.0989
479 843 0.4733
479 844 0.5741
479 845 0.1031
479 846 0.0838
479 847 0.2157
479 848 0.1188
479 849 0.2110
479 850 0.1078
479 851 0.5730
479 852 0.1536
479 853 0.6438
479 854 0.3165
479 855 0.4966
479 856 0.2368
479 858 0.3002
479 860 0.0684
479 861 0.4992
479 862 0.0828
479 864 0.0711
479 865 0.0974
479 866 0.1102
479 867 0.5058
479 868 0.2451
479 869 0.1204
479 870 0.0906
479 871 0.1004
479 872 0.9975
479 874 0.1028
479 875 0.0374
479 876 0.1339
479 878 0.1486
479 880 0.5564
479 881 0.1103
479 882 0.3437
479 883 0.0771
479 884 0.2328
479 885 0.4942
479 886 0.3397
479 887 0.2125
479 888 0.4168
479 889 0.6781
479 890 0.1130
479 891 0.6327
479 892 0.2775
479 893 0.2145
479 894 0.2249
479 895 0.2189
479 896 0.2419
479 898 0.1837
479 899 0.0837
479 900 0.1167
479 901 0.6277
479 903 0.1127
479 906 0.1354
479 907 0.2914
479 908 0.4536
479 909 0.1519
479 910 0.5524
479 911 0.1838
479 912 0.0798
479 913 0.3691
479 914 0.2757
479 915 0.7248
479 916 0.1244
479 917 0.0989
479 918 0.0581
479 919 0.1949
479 920 0.1457
479 921 0.1693
479 922 0.5112
479 924 0.4536
479 925 0.1857
479 928 0.1774
479 929 0.4308
479 930 0.1380
479 932 0.0879
479 933 0.3436
479 934 0.1242
479 935 0.1260
479 936 0.4395
479 937 0.2750
479 938 0.3577
479 939 0.3049
479 940 0.1187
479 941 0.3019
479 942 0.1067
479 943 0.2134
479 944 0.1857
479 946 0.0844
479 947 0.1285
479 948 0.0753
479 950 0.0741
479 951 0.4200
479 952 0.1026
479 953 0.2238
479 954 0.4841
479 955 0.2066
479 956 0.0594
479 957 0.0927
479 958 0.3050
479 959 0.5216
479 960 0.5149
479 961 0.2477
479 963 0.1876
479 964 0.3947
479 965 0.0893
479 966 0.2066
479 967 0.0403
479 968 0.4921
479 969 0.2487
479 971 0.4256
479 972 0.1805
479 973 0.0865
479 974 0.8911
479 975 0.1252
479 976 0.1138
479 977 0.0879
479 978 0.4392
479 979 0.3415
479 980 0.2949
479 983 0.0719
479 984 0.0541
479 986 0.0833
479 987 0.0978
479 989 0.2680
479 990 0.0865
479 992 0.2879
479 993 0.4312
479 994 0.8725
479 995 0.3062
479 996 0.1187
479 999 0.0870
479 1000 0.0730
479 1001 0.1116
479 1002 0.1521
479 1003 0.5953
479 1004 0.1130
479 1006 0.0792
479 1007 0.5089
479 1008 0.2489
479 1010 0.1677
479 1012 0.3324
479 1013 0.4479
479 1014 0.1960
479 1015 0.2094
479 1016 0.0661
479 1017 0.2781
479 1018 0.1163
479 1019 0.1847
479 1020 0.2469
479 1022 0.5467
479 1023 0.3276
479 1024 0.0863
479 1025 0.0579
479 1026 0.2452
479 1027 0.1027
479 1029 0.0870
479 1030 0.7424
479 1031 0.5741
479 1032 0.3697
479 1033 0.1567
479 1034 0.0931
479 1035 0.2219
479 1036 0.0811
479 1037 0.1375
479 1038 0.1452
479 1039 0.2505
479 1040 0.2409
479 1041 0.1208
479 1042 0.0969
479 1043 0.2872
479 1044 0.3609
479 1045 0.1702
479 1046 0.1755
479 1047 0.0963
479 1048 0.1144
479 1049 0.0530
479 1050 0.0569
479 1051 0.0566
479 1052 0.1382
479 1053 0.1055
479 1054 0.1857
479 1055 0.3748
479 1056 0.1446
479 1057 0.3435
479 1058 0.0884
479 1059 0.0623
479 1060 0.2365
479 1061 0.0844
479 1062 0.1826
479 1063 0.5776
479 1064 0.1500
479 1065 0.0599
479 1066 0.5014
479 1067 0.3548
479 1068 0.1687
479 1069 0.2619
479 1070 0.1501
479 1072 0.0693
479 1075 0.3278
479 1076 0.3378
479 1077 0.3350
479 1078 0.3145
479 1079 0.1546
479 1080 0.2307
479 1081 0.0805
479 1082 0.2779
479 1083 0.6037
479 1084 0.0543
479 1085 0.1650
479 1087 0.1021
479 1089 0.1358
479 1090 0.0723
479 1091 0.1161
479 1093 0.2449
479 1094 0.3246
479 1095 0.0946
479 1096 0.1897
479 1097 0.1130
479 1099 0.9671
479 1102 0.3228
479 1103 0.2657
479 1104 0.3491
479 1105 0.3876
479 1106 0.0813
479 1107 0.1699
479 1108 0.0581
479 1109 0.1651
479 1110 0.5102
479 1111 0.1476
479 1113 0.0887
479 1114 0.1727
479 1115 0.0867
479 1116 0.1452
479 1117 0.3896
479 1118 0.2062
479 1119 0.1101
479 1120 0.0906
479 1121 0.1582
479 1122 0.1857
479 1123 0.3603
479 1124 0.2307
479 1125 0.1442
479 1126 0.3162
479 1127 0.1143
479 1128 0.4405
479 1129 0.1019
479 1130 0.4591
479 1131 0.0666
479 1132 0.0873
479 1133 0.1381
479 1134 0.1857
479 1135 0.9745
479 1136 0.5217
479 1138 0.0923
479 1141 0.1082
479 1142 0.2214
479 1143 0.3389
479 1144 0.1458
479 1145 0.2179
479 1146 0.1862
479 1147 0.0767
479 1148 0.4479
479 1150 0.1933
479 1151 0.1500
479 1152 0.7471
479 1153 0.0985
479 1154 0.3520
479 1155 0.3427
479 1156 0.0901
479 1157 0.1857
479 1158 0.3939
479 1159 0.2106
479 1161 0.0446
479 1162 0.2874
479 1163 0.3028
479 1165 0.1902
479 1166 0.3515
479 1167 0.1457
479 1169 0.0998
479 1172 0.2902
479 1173 0.0989
479 1174 0.1604
479 1176 0.1308
479 1177 0.1703
479 1178 0.2604
479 1180 0.0959
479 1181 0.3184
479 1182 0.2006
479 1183 0.1311
479 1184 0.2583
479 1185 0.1188
479 1187 0.1580
479 1188 0.1007
479 1189 0.5265
479 1191 0.1071
479 1192 0.2045
479 1193 0.1239
479 1194 0.0643
479 1195 0.1810
479 1197 0.1142
479 1199 0.1302
479 1200 0.3499
479 1201 0.1624
479 1202 0.4021
479 1203 0.3924
479 1204 0.3413
479 1205 0.2396
479 1206 0.3689
479 1207 0.1846
479 1208 0.2866
479 1209 0.2162
479 1210 0.6432
479 1211 0.3370
479 1212 0.1703
479 1213 0.5978
479 1214 0.2207
479 1216 0.2914
479 1217 0.2871
479 1218 0.4571
479 1219 0.3109
479 1220 0.0776
479 1221 0.6843
479 1222 0.3007
479 1223 0.6181
479 1224 0.2750
479 1225 0.9163
479 1226 0.6214
479 1227 0.0579
479 1228 0.1398
479 1229 0.1810
479 1230 0.2384
479 1231 0.5741
479 1233 0.1820
479 1235 0.2702
479 1236 0.0833
479 1237 0.2521
479 1238 0.1763
479 1239 0.1857
479 1240 0.5995
479 1241 0.1875
479 1242 0.7256
479 1243 0.1902
479 1244 0.1838
479 1245 0.0776
479 1246 0.1857
479 1247 0.5312
479 1248 0.0799
479 1249 0.4440
479 1250 0.3308
479 1251 0.3983
479 1252 0.3953
479 1253 0.0920
479 1254 0.0578
479 1255 0.0944
479 1256 0.1154
479 1258 0.4113
479 1259 0.0635
479 1260 0.1038
479 1262 0.1030
479 1263 0.1374
479 1265 0.1891
479 1266 0.1165
479 1267 0.1311
479 1268 0.0956
479 1269 0.2476
479 1270 0.2598
479 1271 0.1025
479 1272 0.1182
479 1273 0.1250
479 1274 0.0818
479 1275 0.2693
479 1276 0.0602
479 1278 0.1307
479 1279 0.1479
479 1280 0.1475
479 1281 0.0681
479 1282 0.0598
479 1283 0.0947
479 1284 0.0895
479 1286 0.0736
479 1287 0.0879
479 1288 0.0815
479 1289 0.0870
479 1290 0.0658
479 1291 0.1229
479 1292 0.4816
479 1293 0.1373
479 1295 0.0783
479 1296 0.0566
479 1298 0.1401
479 1299 0.0844
479 1301 0.1142
479 1302 0.1857
479 1303 0.0979
479 1304 0.0943
479 1305 0.0972
479 1306 0.0727
479 1307 0.0623
479 1308 0.1065
479 1309 0.1130
479 1310 0.1337
479 1311 0.0783
479 1313 0.1071
479 1315 0.1494
479 1316 0.7632
479 1318 0.3346
479 1319 0.1023
479 1320 0.0755
479 1322 0.0851
479 1323 0.7169
479 1324 0.3200
479 1325 0.2575
479 1326 0.1796
479 1327 0.1641
479 1328 0.1330
479 1329 0.2535
479 1330 0.4985
479 1331 0.2151
479 1332 0.3876
479 1333 0.1711
479 1334 0.2894
479 1335 0.2812
479 1336 0.1182
479 1337 0.2861
479 1338 0.3076
479 1339 0.1075
479 1340 0.6204
479 1341 0.0958
479 1342 0.7340
479 1343 0.2861
479 1344 0.1209
479 1345 0.0836
479 1346 0.4314
479 1347 0.1395
479 1348 0.1452
479 1349 0.1667
479 1350 0.1786
479 1353 0.3413
479 1354 0.2561
479 1355 0.0794
479 1356 0.1253
479 1357 0.2718
479 1358 0.1611
479 1359 0.4390
479 1360 0.3413
479 1361 0.2908
479 1362 0.2016
479 1363 0.4893
479 1364 0.3777
479 1367 0.4650
479 1368 0.5491
479 1369 0.5947
479 1370 0.8035
479 1371 0.3346
479 1372 0.4556
479 1373 0.1961
479 1374 0.5640
479 1375 0.5741
479 1376 0.1094
479 1377 0.1967
479 1378 0.1756
479 1379 0.1409
479 1380 0.0989
479 1381 0.3595
479 1382 0.2440
479 1383 0.1175
479 1384 0.2654
479 1385 0.1725
479 1386 0.2758
479 1387 0.1106
479 1388 0.1607
479 1389 0.1576
479 1390 0.1857
479 1392 0.0987
479 1393 0.1857
479 1394 0.1799
479 1395 0.1004
479 1396 0.0816
479 1397 0.2177
479 1398 0.1664
479 1399 0.1261
479 1401 0.1539
479 1402 0.1157
479 1405 0.1455
479 1406 0.0938
479 1407 0.3228
479 1408 0.1144
479 1409 0.0700
479 1410 0.0891
479 1411 0.0834
479 1412 0.1857
479 1413 0.1857
479 1414 0.2344
479 1416 0.1439
479 1418 0.1116
479 1419 0.1311
479 1420 0.1396
479 1421 0.0953
479 1423 0.0529
479 1425 0.0541
479 1426 0.3391
479 1427 0.0817
479 1428 0.1492
479 1430 0.1078
479 1433 0.0567
479 1434 0.9250
479 1435 0.3843
479 1436 0.0523
479 1437 0.2172
479 1438 0.0629
479 1439 0.0717
479 1440 0.1672
479 1441 0.0975
479 1443 0.1395
479 1445 0.0569
479 1446 0.0664
479 1448 0.1784
479 1449 0.2255
479 1451 0.2250
479 1452 0.1425
479 1453 0.4134
479 1454 0.0989
479 1455 0.2838
479 1456 0.2100
479 1458 0.1831
479 1460 0.2099
479 1461 0.0499
479 1462 0.2657
479 1463 0.0818
479 1464 0.1127
479 1466 0.2705
479 1468 0.2016
479 1470 0.1857
479 1472 0.4049
479 1473 0.4612
479 1474 0.2821
479 1475 0.2202
479 1476 0.1190
479 1477 0.0788
479 1479 0.4522
479 1480 0.1623
479 1481 0.1242
479 1482 0.0933
479 1484 0.1226
479 1485 0.2836
479 1487 0.2084
479 1488 0.1822
479 1491 0.1898
479 1492 0.2567
479 1493 0.2322
479 1494 0.2866
479 1496 0.3491
479 1497 0.4981
479 1498 0.2073
479 1499 0.3163
479 1500 0.1062
479 1501 0.1705
479 1502 0.1265
479 1503 0.3650
479 1504 0.2603
479 1505 0.2320
479 1507 0.3814
479 1508 0.3457
479 1510 0.1565
479 1511 0.1844
479 1512 0.1368
479 1513 0.1543
479 1514 0.1130
479 1515 0.1462
479 1516 0.2152
479 1517 0.1322
479 1518 0.4167
479 1519 0.1127
479 1520 0.8568
479 1522 0.0701
479 1523 0.0666
479 1526 0.0892
479 1527 0.1938
479 1528 0.1596
479 1529 0.2464
479 1530 0.0782
479 1532 0.1231
479 1534 0.1111
479 1535 0.0876
479 1536 0.0851
479 1537 0.0566
479 1538 0.1277
479 1540 0.1280
479 1541 0.0556
479 1542 0.0563
479 1544 0.0566
479 1545 0.1596
479 1546 0.1246
479 1547 0.0956
479 1548 0.1052
479 1549 0.0809
479 1550 0.0791
479 1551 0.0927
479 1554 0.1436
479 1555 0.1335
479 1556 0.1857
479 1557 0.1172
479 1560 0.1142
479 1565 0.1122
479 1566 0.0517
479 1567 0.0553
479 1568 0.3345
479 1569 0.4196
479 1570 0.1900
479 1571 0.2569
479 1572 0.1873
479 1573 0.3766
479 1574 0.1796
479 1575 0.0911
479 1576 0.1857
479 1577 0.1135
479 1578 0.0881
479 1579 0.1738
479 1580 0.1538
479 1581 0.3421
479 1582 0.2869
479 1584 0.3120
479 1585 0.2531
479 1586 0.3262
479 1587 0.2717
479 1588 0.6194
479 1589 0.5741
479 1590 0.3273
479 1591 0.2308
479 1592 0.1576
479 1593 0.5575
479 1594 0.0844
479 1595 0.2886
479 1596 0.0911
479 1597 0.2627
479 1598 0.1604
479 1599 0.1857
479 1600 0.1496
479 1601 0.5514
479 1602 0.2912
479 1603 0.2483
479 1604 0.5411
479 1605 0.4188
479 1606 0.4914
479 1607 0.2576
479 1608 0.5206
479 1610 0.1584
479 1611 0.2581
479 1612 0.1936
479 1613 0.4649
479 1614 0.0960
479 1615 0.2309
479 1616 0.1799
479 1618 0.4140
479 1619 0.2118
479 1621 0.6732
479 1622 0.7658
479 1623 0.2838
479 1624 0.4750
479 1625 0.2240
479 1626 0.5549
479 1627 0.2654
479 1628 0.5077
479 1629 0.1698
479 1630 0.2620
479 1631 0.4612
479 1633 0.2049
479 1634 0.3339
479 1635 0.1655
479 1636 0.1448
479 1637 0.5070
479 1638 0.2521
479 1639 0.5820
479 1640 0.4133
479 1641 0.5552
479 1642 0.1741
479 1643 0.1725
479 1644 0.1464
479 1645 0.1260
479 1646 0.0846
479 1647 0.1692
479 1648 0.0921
479 1649 0.1060
479 1650 0.1107
479 1651 0.1298
479 1652 0.1218
479 1653 0.2029
479 1654 0.2268
479 1655 0.2593
479 1656 0.0989
479 1657 0.0579
479 1658 0.0846
479 1659 0.1210
479 1660 0.1494
479 1661 0.0992
479 1662 0.1207
479 1663 0.2880
479 1664 0.1130
479 1665 0.1291
479 1667 0.1606
479 1668 0.1708
479 1669 0.1134
479 1670 0.0927
479 1671 0.0906
479 1672 0.0836
479 1673 0.1199
479 1674 0.1970
479 1675 0.1857
479 1676 0.1147
479 1677 0.0934
479 1678 0.1449
479 1681 0.0579
479 1682 0.1032
479 1683 0.1064
479 1686 0.1266
479 1687 0.1938
479 1688 0.1117
479 1689 0.7930
479 1691 0.1138
479 1692 0.1035
479 1693 0.2301
479 1694 0.1003
479 1695 0.1643
479 1696 0.0798
479 1698 0.1432
479 1699 0.0643
479 1700 0.0569
479 1701 0.0643
479 1702 0.0868
479 1703 0.1161
479 1704 0.0831
479 1705 0.0572
479 1706 0.0567
479 1707 0.1323
479 1708 0.1092
479 1712 0.9449
479 1713 0.2144
479 1714 0.1565
479 1715 0.0608
479 1716 0.0821
479 1717 0.9351
479 1718 0.0581
479 1719 0.0620
479 1720 0.1715
479 1721 0.0682
479 1722 0.1130
479 1723 0.0845
479 1724 0.0912
479 1725 0.1975
479 1726 0.1210
479 1728 0.1857
480 481 0.3255
480 482 0.2131
480 484 0.1105
480 485 0.1126
480 486 0.7104
480 487 0.0689
480 488 0.1166
480 489 0.1144
480 490 0.0924
480 491 0.1161
480 492 0.1664
480 494 0.5119
480 495 0.6791
480 496 0.1765
480 497 0.1822
480 498 0.1192
480 499 0.0697
480 501 0.2053
480 503 0.1483
480 504 0.5264
480 505 0.1941
480 506 0.1725
480 507 0.0997
480 508 0.1613
480 509 0.4878
480 510 0.1993
480 511 0.8994
480 512 0.3477
480 513 0.1887
480 514 0.6132
480 515 0.2113
480 516 0.1751
480 517 0.5528
480 518 0.5404
480 519 0.1507
480 520 0.1337
480 521 0.1683
480 522 0.2395
480 523 0.0708
480 524 0.1309
480 525 0.3846
480 526 0.3353
480 527 0.0699
480 528 0.1323
480 529 0.0782
480 530 0.0961
480 531 0.1806
480 532 0.5055
480 533 0.4748
480 534 0.1220
480 535 0.4871
480 536 0.1433
480 537 0.5053
480 538 0.2141
480 539 0.1099
480 540 0.4708
480 541 0.1167
480 542 0.5169
480 543 0.2325
480 544 0.1202
480 545 0.0603
480 546 0.2354
480 547 0.1104
480 548 0.1301
480 549 0.1608
480 550 0.4344
480 551 0.4882
480 552 0.3158
480 553 0.2254
480 554 0.1192
480 555 0.1026
480 556 0.1147
480 557 0.4277
480 558 0.4352
480 559 0.1044
480 560 0.2468
480 561 0.2316
480 562 0.0861
480 563 0.5069
480 564 0.1501
480 565 0.0819
480 568 0.7858
480 569 0.1223
480 570 0.0960
480 571 0.7188
480 572 0.1420
480 573 0.4483
480 574 0.1299
480 575 0.4223
480 576 0.1882
480 577 0.0465
480 578 0.0886
480 579 0.1858
480 580 0.1745
480 581 0.0677
480 582 0.0871
480 583 0.0766
480 584 0.1450
480 585 0.2635
480 586 0.3317
480 587 0.8311
480 589 0.1251
480 590 0.5714
480 591 0.1118
480 592 0.3492
480 593 0.1611
480 594 0.4806
480 595 0.5460
480 598 0.4765
480 599 0.1394
480 600 0.1765
480 601 0.0586
480 602 0.1285
480 604 0.1267
480 605 0.2443
480 606 0.4409
480 607 0.2293
480 609 0.1309
480 610 0.0414
480 612 0.2709
480 613 0.1174
480 614 0.1840
480 615 0.0902
480 616 0.1649
480 617 0.1196
480 618 0.0813
480 619 0.1087
480 620 0.0917
480 621 0.0964
480 622 0.6729
480 623 0.1532
480 624 0.5139
480 625 0.4134
480 626 0.1276
480 627 0.0727
480 628 0.1527
480 629 0.5715
480 630 0.4799
480 631 0.3098
480 632 0.1283
480 633 0.1416
480 634 0.1503
480 635 0.0870
480 636 0.1395
480 637 0.2147
480 638 0.2755
480 639 0.7601
480 640 0.1869
480 641 0.1438
480 642 0.0446
480 643 0.1374
480 644 0.1813
480 645 0.1020
480 646 0.0781
480 647 0.0961
480 648 0.1712
480 649 0.0689
480 650 0.1452
480 651 0.1253
480 652 0.1148
480 653 0.0768
480 654 0.2571
480 655 0.4318
480 656 0.0757
480 657 0.1776
480 658 0.0627
480 659 0.3210
480 660 0.1085
480 661 0.2460
480 662 0.2299
480 663 0.6591
480 664 0.5028
480 665 0.1248
480 666 0.2155
480 667 0.1349
480 668 0.0731
480 669 0.3148
480 671 0.0908
480 672 0.0729
480 673 0.1166
480 674 0.2869
480 675 0.2944
480 676 0.7742
480 677 0.3248
480 678 0.4544
480 679 0.1416
480 680 0.1025
480 681 0.2551
480 682 0.1705
480 683 0.3047
480 684 0.1147
480 685 0.2552
480 686 0.2985
480 687 0.1362
480 688 0.5006
480 689 0.9363
480 691 0.3377
480 692 0.0933
480 693 0.0856
480 694 0.1206
480 695 0.3215
480 696 0.1323
480 697 0.1932
480 698 0.1635
480 699 0.5043
480 700 0.1977
480 701 0.1323
480 702 0.0843
480 703 0.1224
480 704 0.1244
480 705 0.0654
480 706 0.2900
480 707 0.1754
480 708 0.1085
480 709 0.1727
480 710 0.1244
480 711 0.3716
480 712 0.2532
480 713 0.2769
480 714 0.5351
480 716 0.3367
480 717 0.1884
480 718 0.4715
480 720 0.4002
480 721 0.6189
480 722 0.2578
480 723 0.1119
480 724 0.6618
480 725 0.2110
480 726 0.2552
480 728 0.2527
480 729 0.0644
480 730 0.3101
480 731 0.1836
480 732 0.1231
480 733 0.2012
480 734 0.1223
480 735 0.5308
480 736 0.2358
480 737 0.4649
480 738 0.0849
480 740 0.2072
480 741 0.7286
480 742 0.1290
480 743 0.2253
480 744 0.1956
480 745 0.0938
480 746 0.1158
480 747 0.5207
480 748 0.9452
480 749 0.1128
480 750 0.0755
480 751 0.1878
480 752 0.4913
480 753 0.2090
480 755 0.2909
480 756 0.0976
480 757 0.1422
480 758 0.3337
480 759 0.1001
480 760 0.1965
480 761 0.1759
480 762 0.1882
480 763 0.3795
480 764 0.1039
480 765 0.2800
480 766 0.2420
480 767 0.4037
480 768 0.4795
480 769 0.3102
480 770 0.2454
480 771 0.1262
480 772 0.1879
480 773 0.1547
480 775 0.2500
480 776 0.1290
480 777 0.1039
480 778 0.2090
480 779 0.1825
480 780 0.0719
480 781 0.6489
480 782 0.4604
480 783 0.5328
480 784 0.0785
480 785 0.3129
480 786 0.2573
480 787 0.4002
480 788 0.2151
480 789 0.1226
480 791 0.1032
480 792 0.5571
480 793 0.1939
480 794 0.0882
480 795 0.1323
480 796 0.4002
480 797 0.3798
480 798 0.2098
480 799 0.1485
480 800 0.2469
480 801 0.1100
480 802 0.1018
480 803 0.0929
480 804 0.9038
480 805 0.1522
480 806 0.4450
480 808 0.6827
480 809 0.1739
480 810 0.1664
480 811 0.6125
480 812 0.4002
480 813 0.1445
480 814 0.0782
480 815 0.0701
480 816 0.1657
480 817 0.1490
480 818 0.1236
480 819 0.1773
480 820 0.3905
480 821 0.1197
480 822 0.0997
480 823 0.3127
480 824 0.1870
480 825 0.3779
480 827 0.1480
480 828 0.1584
480 829 0.4053
480 830 0.4002
480 831 0.2763
480 832 0.2364
480 833 0.5145
480 834 0.2488
480 835 0.0974
480 836 0.1952
480 837 0.1229
480 838 0.1777
480 839 0.3522
480 840 0.0570
480 841 0.2689
480 842 0.1432
480 843 0.3981
480 844 0.0689
480 845 0.1756
480 846 0.1445
480 847 0.5305
480 848 0.2116
480 849 0.1618
480 850 0.0856
480 851 0.6597
480 852 0.1600
480 853 0.0712
480 854 0.1024
480 855 0.0634
480 856 0.2937
480 858 0.3248
480 860 0.1100
480 861 0.0544
480 862 0.1705
480 864 0.0943
480 865 0.2867
480 866 0.1497
480 867 0.1202
480 868 0.1550
480 869 0.1199
480 870 0.1181
480 871 0.1498
480 872 0.8394
480 874 0.4860
480 875 0.0722
480 876 0.3301
480 878 0.2478
480 880 0.5857
480 881 0.0755
480 882 0.1178
480 883 0.1296
480 884 0.1557
480 885 0.3663
480 886 0.1908
480 887 0.2353
480 888 0.1693
480 889 0.1686
480 890 0.4311
480 891 0.8243
480 892 0.2172
480 893 0.1212
480 894 0.4771
480 895 0.1830
480 896 0.1523
480 898 0.1274
480 899 0.1618
480 900 0.1128
480 901 0.1854
480 903 0.1543
480 906 0.1352
480 907 0.4094
480 908 0.2530
480 909 0.2653
480 910 0.0727
480 911 0.0954
480 912 0.1060
480 913 0.1281
480 914 0.5030
480 915 0.4411
480 916 0.2791
480 917 0.2325
480 918 0.1433
480 919 0.1343
480 920 0.1944
480 921 0.0856
480 922 0.2271
480 924 0.1152
480 925 0.4002
480 928 0.5781
480 929 0.4815
480 930 0.1633
480 932 0.1197
480 933 0.0942
480 934 0.3024
480 935 0.1564
480 936 0.5698
480 937 0.1706
480 938 0.3145
480 939 0.3607
480 940 0.1752
480 941 0.3230
480 942 0.1377
480 943 0.4562
480 944 0.4002
480 946 0.0686
480 947 0.1109
480 948 0.1025
480 950 0.0625
480 951 0.2486
480 952 0.2476
480 953 0.1734
480 954 0.5305
480 955 0.4329
480 956 0.0841
480 957 0.0961
480 958 0.5498
480 959 0.3564
480 960 0.4320
480 961 0.5408
480 963 0.5447
480 964 0.1608
480 965 0.1585
480 966 0.2443
480 967 0.0607
480 968 0.2291
480 969 0.3183
480 971 0.6705
480 972 0.0730
480 973 0.0557
480 974 0.7849
480 975 0.3238
480 976 0.2085
480 977 0.1197
480 978 0.2284
480 979 0.3756
480 980 0.2027
480 983 0.1298
480 984 0.1080
480 986 0.0937
480 987 0.2442
480 989 0.3206
480 990 0.1992
480 992 0.2595
480 993 0.4935
480 994 0.6150
480 995 0.2272
480 996 0.2857
480 999 0.5224
480 1000 0.1424
480 1001 0.1614
480 1002 0.2875
480 1003 0.6774
480 1004 0.1265
480 1006 0.1603
480 1007 0.5665
480 1008 0.3440
480 1010 0.2685
480 1012 0.2269
480 1013 0.2922
480 1014 0.1313
480 1015 0.6450
480 1016 0.1377
480 1017 0.1204
480 1018 0.1824
480 1019 0.2092
480 1020 0.3175
480 1022 0.0594
480 1023 0.5492
480 1024 0.2630
480 1025 0.1441
480 1026 0.1468
480 1027 0.5974
480 1029 0.0842
480 1030 0.1436
480 1031 0.0689
480 1032 0.1791
480 1033 0.5463
480 1034 0.0955
480 1035 0.2112
480 1036 0.1089
480 1037 0.0917
480 1038 0.2021
480 1039 0.4371
480 1040 0.1645
480 1041 0.1468
480 1042 0.3011
480 1043 0.3822
480 1044 0.3508
480 1045 0.1085
480 1046 0.2379
480 1047 0.1140
480 1048 0.1927
480 1049 0.1522
480 1050 0.1357
480 1051 0.1269
480 1052 0.1747
480 1053 0.0878
480 1054 0.4002
480 1055 0.3600
480 1056 0.1349
480 1057 0.5846
480 1058 0.0966
480 1059 0.1487
480 1060 0.1172
480 1061 0.3539
480 1062 0.1061
480 1063 0.4349
480 1064 0.1273
480 1065 0.0878
480 1066 0.3799
480 1067 0.5135
480 1068 0.1526
480 1069 0.2421
480 1070 0.0633
480 1072 0.1234
480 1075 0.4812
480 1076 0.3061
480 1077 0.2160
480 1078 0.2888
480 1079 0.0989
480 1080 0.1813
480 1081 0.0702
480 1082 0.1155
480 1083 0.7828
480 1084 0.1207
480 1085 0.1522
480 1087 0.1357
480 1089 0.1987
480 1090 0.1714
480 1091 0.3972
480 1093 0.1757
480 1094 0.2596
480 1095 0.1137
480 1096 0.2012
480 1097 0.1499
480 1099 0.9605
480 1102 0.5106
480 1103 0.2421
480 1104 0.6079
480 1105 0.1815
480 1106 0.0889
480 1107 0.3457
480 1108 0.1433
480 1109 0.5478
480 1110 0.4556
480 1111 0.0807
480 1113 0.0911
480 1114 0.0965
480 1115 0.0887
480 1116 0.3359
480 1117 0.3743
480 1118 0.0892
480 1119 0.1168
480 1120 0.0738
480 1121 0.1940
480 1122 0.4002
480 1123 0.0936
480 1124 0.1813
480 1125 0.1824
480 1126 0.1126
480 1127 0.4300
480 1128 0.3779
480 1129 0.1806
480 1130 0.7426
480 1131 0.1113
480 1132 0.1629
480 1133 0.1465
480 1134 0.4002
480 1135 0.9633
480 1136 0.3725
480 1138 0.1197
480 1141 0.1560
480 1142 0.1712
480 1143 0.3176
480 1144 0.1861
480 1145 0.1183
480 1146 0.2820
480 1147 0.1543
480 1148 0.2922
480 1150 0.2644
480 1151 0.1450
480 1152 0.8558
480 1153 0.1263
480 1154 0.3805
480 1155 0.0859
480 1156 0.1419
480 1157 0.4002
480 1158 0.1181
480 1159 0.1019
480 1161 0.1547
480 1162 0.2157
480 1163 0.2510
480 1165 0.1021
480 1166 0.5324
480 1167 0.6963
480 1169 0.0763
480 1172 0.1118
480 1173 0.2325
480 1174 0.1597
480 1176 0.3465
480 1177 0.1603
480 1178 0.4021
480 1180 0.2168
480 1181 0.1450
480 1182 0.1885
480 1183 0.1851
480 1184 0.1679
480 1185 0.1041
480 1187 0.1454
480 1188 0.1295
480 1189 0.4907
480 1191 0.1585
480 1192 0.1118
480 1193 0.1952
480 1194 0.1166
480 1195 0.1118
480 1197 0.4533
480 1199 0.4889
480 1200 0.1978
480 1201 0.1525
480 1202 0.0756
480 1203 0.1549
480 1204 0.0819
480 1205 0.1940
480 1206 0.1492
480 1207 0.1318
480 1208 0.1719
480 1209 0.1754
480 1210 0.3029
480 1211 0.3862
480 1212 0.1207
480 1213 0.0587
480 1214 0.1118
480 1216 0.0762
480 1217 0.1711
480 1218 0.2595
480 1219 0.2036
480 1220 0.1039
480 1221 0.2269
480 1222 0.1333
480 1223 0.0794
480 1224 0.1706
480 1225 0.4339
480 1226 0.2808
480 1227 0.3623
480 1228 0.2162
480 1229 0.1290
480 1230 0.1352
480 1231 0.0689
480 1233 0.1679
480 1235 0.1635
480 1236 0.0942
480 1237 0.1380
480 1238 0.2221
480 1239 0.4002
480 1240 0.4473
480 1241 0.1447
480 1242 0.0896
480 1243 0.1021
480 1244 0.1517
480 1245 0.1039
480 1246 0.4002
480 1247 0.1901
480 1248 0.1442
480 1249 0.1016
480 1250 0.2170
480 1251 0.2078
480 1252 0.0467
480 1253 0.2430
480 1254 0.0591
480 1255 0.1145
480 1256 0.1367
480 1258 0.5866
480 1259 0.1881
480 1260 0.2512
480 1262 0.1714
480 1263 0.2051
480 1265 0.3055
480 1266 0.2059
480 1267 0.1509
480 1268 0.2408
480 1269 0.1913
480 1270 0.2072
480 1271 0.0509
480 1272 0.1085
480 1273 0.1440
480 1274 0.3382
480 1275 0.1332
480 1276 0.0586
480 1278 0.1248
480 1279 0.0942
480 1280 0.1523
480 1281 0.1162
480 1282 0.0987
480 1283 0.1470
480 1284 0.1216
480 1286 0.1070
480 1287 0.0948
480 1288 0.1895
480 1289 0.0960
480 1290 0.0878
480 1291 0.0977
480 1292 0.5909
480 1293 0.0918
480 1295 0.0748
480 1296 0.1269
480 1298 0.1195
480 1299 0.0993
480 1301 0.1061
480 1302 0.4002
480 1303 0.1385
480 1304 0.2663
480 1305 0.1723
480 1306 0.0593
480 1307 0.1487
480 1308 0.2612
480 1309 0.1126
480 1310 0.1683
480 1311 0.1314
480 1313 0.0695
480 1315 0.1568
480 1316 0.7895
480 1318 0.2373
480 1319 0.1192
480 1320 0.0689
480 1322 0.1862
480 1323 0.3456
480 1324 0.1394
480 1325 0.2846
480 1326 0.2551
480 1327 0.1118
480 1328 0.2198
480 1329 0.2148
480 1330 0.2295
480 1331 0.1391
480 1332 0.1870
480 1333 0.1126
480 1334 0.1323
480 1335 0.1507
480 1336 0.1118
480 1337 0.1670
480 1338 0.1557
480 1339 0.0919
480 1340 0.1114
480 1341 0.1968
480 1342 0.3252
480 1343 0.1670
480 1344 0.3443
480 1345 0.1118
480 1346 0.1444
480 1347 0.2487
480 1348 0.3359
480 1349 0.0919
480 1350 0.1441
480 1353 0.0819
480 1354 0.0919
480 1355 0.1046
480 1356 0.1110
480 1357 0.1715
480 1358 0.0677
480 1359 0.0955
480 1360 0.0819
480 1361 0.0881
480 1362 0.1402
480 1363 0.1383
480 1364 0.1322
480 1367 0.1276
480 1368 0.2917
480 1369 0.2289
480 1370 0.2154
480 1371 0.2373
480 1372 0.0497
480 1373 0.2122
480 1374 0.1006
480 1375 0.0689
480 1376 0.1085
480 1377 0.2119
480 1378 0.1694
480 1379 0.0953
480 1380 0.2325
480 1381 0.1299
480 1382 0.1442
480 1383 0.6553
480 1384 0.1332
480 1385 0.1910
480 1386 0.1767
480 1387 0.1463
480 1388 0.1473
480 1389 0.2363
480 1390 0.4002
480 1392 0.1604
480 1393 0.4002
480 1394 0.1243
480 1395 0.1102
480 1396 0.1512
480 1397 0.2549
480 1398 0.2065
480 1399 0.1443
480 1401 0.0951
480 1402 0.1140
480 1405 0.1647
480 1406 0.4671
480 1407 0.2209
480 1408 0.0881
480 1409 0.1417
480 1410 0.0945
480 1411 0.0897
480 1412 0.4002
480 1413 0.4002
480 1414 0.1328
480 1416 0.1327
480 1418 0.1158
480 1419 0.1471
480 1420 0.2678
480 1421 0.1021
480 1423 0.1289
480 1425 0.1658
480 1426 0.3852
480 1427 0.1025
480 1428 0.1771
480 1430 0.0856
480 1433 0.1078
480 1434 0.7580
480 1435 0.5281
480 1436 0.0918
480 1437 0.1435
480 1438 0.1414
480 1439 0.1964
480 1440 0.1390
480 1441 0.1303
480 1443 0.2487
480 1445 0.1357
480 1446 0.1076
480 1448 0.5054
480 1449 0.3295
480 1451 0.2383
480 1452 0.4184
480 1453 0.3600
480 1454 0.2325
480 1455 0.3694
480 1456 0.2736
480 1458 0.2976
480 1460 0.3210
480 1461 0.1070
480 1462 0.5526
480 1463 0.3124
480 1464 0.2539
480 1466 0.3686
480 1468 0.5824
480 1470 0.4002
480 1472 0.2214
480 1473 0.4048
480 1474 0.2906
480 1475 0.0742
480 1476 0.1225
480 1477 0.3813
480 1479 0.3272
480 1480 0.2480
480 1481 0.1445
480 1482 0.2184
480 1484 0.1118
480 1485 0.4075
480 1487 0.2784
480 1488 0.3996
480 1491 0.6686
480 1492 0.3255
480 1493 0.4257
480 1494 0.3654
480 1496 0.3007
480 1497 0.2305
480 1498 0.3761
480 1499 0.3576
480 1500 0.2456
480 1501 0.2023
480 1502 0.2270
480 1503 0.4081
480 1504 0.4792
480 1505 0.1044
480 1507 0.4933
480 1508 0.1604
480 1510 0.1172
480 1511 0.2686
480 1512 0.2036
480 1513 0.0955
480 1514 0.1126
480 1515 0.2479
480 1516 0.4000
480 1517 0.2708
480 1518 0.3788
480 1519 0.2022
480 1520 0.8227
480 1522 0.1494
480 1523 0.1113
480 1526 0.1010
480 1527 0.2659
480 1528 0.1126
480 1529 0.3279
480 1530 0.0871
480 1532 0.1088
480 1534 0.3592
480 1535 0.2070
480 1536 0.0608
480 1537 0.1269
480 1538 0.0752
480 1540 0.1204
480 1541 0.1939
480 1542 0.1045
480 1544 0.1269
480 1545 0.1341
480 1546 0.1564
480 1547 0.2081
480 1548 0.0931
480 1549 0.1032
480 1550 0.1602
480 1551 0.0807
480 1554 0.1738
480 1555 0.1742
480 1556 0.4002
480 1557 0.1801
480 1560 0.2412
480 1565 0.1312
480 1566 0.0830
480 1567 0.0919
480 1568 0.1203
480 1569 0.1796
480 1570 0.1206
480 1571 0.2466
480 1572 0.1235
480 1573 0.2143
480 1574 0.2551
480 1575 0.1418
480 1576 0.4002
480 1577 0.1142
480 1578 0.1211
480 1579 0.1920
480 1580 0.4808
480 1581 0.1670
480 1582 0.1860
480 1584 0.2080
480 1585 0.1021
480 1586 0.2113
480 1587 0.1443
480 1588 0.1573
480 1589 0.0689
480 1590 0.1606
480 1591 0.1494
480 1592 0.2038
480 1593 0.2705
480 1594 0.1708
480 1595 0.1517
480 1596 0.1418
480 1597 0.1614
480 1598 0.1791
480 1599 0.1291
480 1600 0.2500
480 1601 0.0635
480 1602 0.2689
480 1603 0.4562
480 1604 0.1091
480 1605 0.0645
480 1606 0.1600
480 1607 0.1339
480 1608 0.2444
480 1610 0.1531
480 1611 0.2457
480 1612 0.2401
480 1613 0.2849
480 1614 0.2736
480 1615 0.1723
480 1616 0.1243
480 1618 0.4798
480 1619 0.1691
480 1621 0.2265
480 1622 0.2387
480 1623 0.1271
480 1624 0.2382
480 1625 0.1450
480 1626 0.0720
480 1627 0.1332
480 1628 0.0629
480 1629 0.2144
480 1630 0.1529
480 1631 0.4048
480 1633 0.2005
480 1634 0.1940
480 1635 0.1126
480 1636 0.2742
480 1637 0.0860
480 1638 0.1380
480 1639 0.1043
480 1640 0.1322
480 1641 0.0682
480 1642 0.1631
480 1643 0.2491
480 1644 0.1829
480 1645 0.4313
480 1646 0.2314
480 1647 0.3689
480 1648 0.1493
480 1649 0.2534
480 1650 0.2135
480 1651 0.1511
480 1652 0.2360
480 1653 0.3111
480 1654 0.3294
480 1655 0.3997
480 1656 0.2325
480 1657 0.1394
480 1658 0.4156
480 1659 0.4037
480 1660 0.5844
480 1661 0.1896
480 1662 0.1309
480 1663 0.1290
480 1664 0.1126
480 1665 0.0756
480 1667 0.2016
480 1668 0.0791
480 1669 0.1356
480 1670 0.0961
480 1671 0.0738
480 1672 0.1118
480 1673 0.1587
480 1674 0.1407
480 1675 0.4002
480 1676 0.1007
480 1677 0.2407
480 1678 0.3195
480 1681 0.3623
480 1682 0.3095
480 1683 0.1369
480 1686 0.0845
480 1687 0.1584
480 1688 0.1559
480 1689 0.7145
480 1691 0.1192
480 1692 0.0878
480 1693 0.0996
480 1694 0.1261
480 1695 0.1126
480 1696 0.1060
480 1698 0.1971
480 1699 0.1166
480 1700 0.1357
480 1701 0.1166
480 1702 0.0745
480 1703 0.1236
480 1704 0.1017
480 1705 0.0835
480 1706 0.1078
480 1707 0.3274
480 1708 0.0613
480 1712 0.7831
480 1713 0.1431
480 1714 0.1361
480 1715 0.1357
480 1716 0.0629
480 1717 0.7552
480 1718 0.1433
480 1719 0.1646
480 1720 0.1725
480 1721 0.1126
480 1722 0.1126
480 1723 0.0832
480 1724 0.0630
480 1725 0.1224
480 1726 0.1391
480 1728 0.4002
481 482 0.2234
481 484 0.1409
481 485 0.1135
481 486 0.1662
481 487 0.0885
481 488 0.0793
481 489 0.1031
481 490 0.0757
481 491 0.0749
481 492 0.1195
481 494 0.2353
481 495 0.5991
481 496 0.1520
481 497 0.1488
481 498 0.0729
481 499 0.0869
481 501 0.2445
481 503 0.1474
481 504 0.5074
481 505 0.1284
481 506 0.1220
481 507 0.0473
481 508 0.2305
481 509 0.4522
481 510 0.2050
481 511 0.4399
481 512 0.3567
481 513 0.1290
481 514 0.7113
481 515 0.1804
481 516 0.1544
481 517 0.5382
481 518 0.0992
481 519 0.1107
481 520 0.0802
481 521 0.1448
481 522 0.5556
481 523 0.0848
481 524 0.0849
481 525 0.0770
481 526 0.2119
481 527 0.0807
481 528 0.0457
481 529 0.0789
481 530 0.0997
481 531 0.2124
481 532 0.4960
481 533 0.2447
481 534 0.1031
481 535 0.4979
481 536 0.1865
481 537 0.5073
481 538 0.2042
481 539 0.2411
481 540 0.5635
481 541 0.1737
481 542 0.6602
481 543 0.1893
481 544 0.1588
481 545 0.0861
481 546 0.1332
481 547 0.1676
481 548 0.2195
481 549 0.1566
481 550 0.2224
481 551 0.3927
481 552 0.3495
481 553 0.1688
481 554 0.1282
481 555 0.1566
481 556 0.1231
481 557 0.4104
481 558 0.2759
481 559 0.0610
481 560 0.0928
481 561 0.1176
481 562 0.0429
481 563 0.3880
481 564 0.0958
481 565 0.1316
481 568 0.7521
481 569 0.0547
481 570 0.1043
481 571 0.5146
481 572 0.1051
481 573 0.5336
481 574 0.0880
481 575 0.1375
481 576 0.1569
481 577 0.0637
481 578 0.0676
481 579 0.1971
481 580 0.1935
481 581 0.0756
481 582 0.0770
481 583 0.0565
481 584 0.1607
481 585 0.1376
481 586 0.2604
481 587 0.7015
481 589 0.0819
481 590 0.4836
481 591 0.1566
481 592 0.1259
481 593 0.1526
481 594 0.5300
481 595 0.4464
481 598 0.2363
481 599 0.1269
481 600 0.1507
481 601 0.0775
481 602 0.1246
481 604 0.0476
481 605 0.2458
481 606 0.2897
481 607 0.2089
481 609 0.0849
481 610 0.1257
481 612 0.1907
481 613 0.1572
481 614 0.1410
481 615 0.1431
481 616 0.1672
481 617 0.1208
481 618 0.0495
481 619 0.1126
481 620 0.1059
481 621 0.1090
481 622 0.1523
481 623 0.1809
481 624 0.2005
481 625 0.1175
481 626 0.0802
481 627 0.1041
481 628 0.2592
481 629 0.4034
481 630 0.3968
481 631 0.3403
481 632 0.1064
481 633 0.2367
481 634 0.1191
481 635 0.1353
481 636 0.1470
481 637 0.1474
481 638 0.1412
481 639 0.7377
481 640 0.3550
481 641 0.1371
481 642 0.0610
481 643 0.4803
481 644 0.1402
481 645 0.1598
481 646 0.1001
481 647 0.0997
481 648 0.2595
481 649 0.2224
481 650 0.1286
481 651 0.1294
481 652 0.0919
481 653 0.0923
481 654 0.1266
481 655 0.1614
481 656 0.0892
481 657 0.1002
481 658 0.1686
481 659 0.1840
481 660 0.1122
481 661 0.1937
481 662 0.2180
481 663 0.2450
481 664 0.5862
481 665 0.1705
481 666 0.1476
481 667 0.1223
481 668 0.1696
481 669 0.6115
481 671 0.0818
481 672 0.0768
481 673 0.1591
481 674 0.2852
481 675 0.4894
481 676 0.2683
481 677 0.3099
481 678 0.5155
481 679 0.1144
481 680 0.0846
481 681 0.1837
481 682 0.1309
481 683 0.1488
481 684 0.2150
481 685 0.1871
481 686 0.4343
481 687 0.2272
481 688 0.1529
481 689 0.8414
481 691 0.1556
481 692 0.0690
481 693 0.1223
481 694 0.0658
481 695 0.4025
481 696 0.1158
481 697 0.1857
481 698 0.1694
481 699 0.2793
481 700 0.2590
481 701 0.1158
481 702 0.0527
481 703 0.0928
481 704 0.1180
481 705 0.1703
481 706 0.2192
481 707 0.0642
481 708 0.1122
481 709 0.2308
481 710 0.1043
481 711 0.3946
481 712 0.3810
481 713 0.1512
481 714 0.5839
481 716 0.1469
481 717 0.2337
481 718 0.6613
481 720 0.1667
481 721 0.2894
481 722 0.1239
481 723 0.0943
481 724 0.2164
481 725 0.2397
481 726 0.0806
481 728 0.2145
481 729 0.0856
481 730 0.1125
481 731 0.2061
481 732 0.1892
481 733 0.1745
481 734 0.3612
481 735 0.5712
481 736 0.2666
481 737 0.4195
481 738 0.1408
481 740 0.2223
481 741 0.6581
481 742 0.1125
481 743 0.4293
481 744 0.1173
481 745 0.0926
481 746 0.1221
481 747 0.2672
481 748 0.9439
481 749 0.0651
481 750 0.1380
481 751 0.2417
481 752 0.5634
481 753 0.0650
481 755 0.1257
481 756 0.1442
481 757 0.1543
481 758 0.5727
481 759 0.0856
481 760 0.1155
481 761 0.2512
481 762 0.2283
481 763 0.5908
481 764 0.1771
481 765 0.1553
481 766 0.2548
481 767 0.1878
481 768 0.4631
481 769 0.5346
481 770 0.3035
481 771 0.0837
481 772 0.3718
481 773 0.0538
481 775 0.2268
481 776 0.2204
481 777 0.1099
481 778 0.0650
481 779 0.1743
481 780 0.1854
481 781 0.1820
481 782 0.4747
481 783 0.2640
481 784 0.0487
481 785 0.3385
481 786 0.2773
481 787 0.1667
481 788 0.1543
481 789 0.2200
481 791 0.1126
481 792 0.5890
481 793 0.3299
481 794 0.1227
481 795 0.1158
481 796 0.1667
481 797 0.1353
481 798 0.1386
481 799 0.1595
481 800 0.1675
481 801 0.0578
481 802 0.1104
481 803 0.0583
481 804 0.8944
481 805 0.0748
481 806 0.3588
481 808 0.5399
481 809 0.1468
481 810 0.1508
481 811 0.5594
481 812 0.1667
481 813 0.2639
481 814 0.0860
481 815 0.0643
481 816 0.3628
481 817 0.1157
481 818 0.0974
481 819 0.2073
481 820 0.3158
481 821 0.1541
481 822 0.1132
481 823 0.3674
481 824 0.2685
481 825 0.2369
481 827 0.1049
481 828 0.1474
481 829 0.2087
481 830 0.1667
481 831 0.2039
481 832 0.1599
481 833 0.5360
481 834 0.2474
481 835 0.1423
481 836 0.0881
481 837 0.1498
481 838 0.0746
481 839 0.2835
481 840 0.0734
481 841 0.1214
481 842 0.0575
481 843 0.3585
481 844 0.0885
481 845 0.1623
481 846 0.0750
481 847 0.1687
481 848 0.1177
481 849 0.1515
481 850 0.1223
481 851 0.5606
481 852 0.6763
481 853 0.0872
481 854 0.1464
481 855 0.0671
481 856 0.1746
481 858 0.1869
481 860 0.0748
481 861 0.0939
481 862 0.0957
481 864 0.0589
481 865 0.2845
481 866 0.1135
481 867 0.0950
481 868 0.2378
481 869 0.1520
481 870 0.0738
481 871 0.0581
481 872 0.8479
481 874 0.0850
481 875 0.0759
481 876 0.2429
481 878 0.1818
481 880 0.6924
481 881 0.1247
481 882 0.1331
481 883 0.0730
481 884 0.1476
481 885 0.1037
481 886 0.1533
481 887 0.2220
481 888 0.1900
481 889 0.1000
481 890 0.0659
481 891 0.8110
481 892 0.2037
481 893 0.1098
481 894 0.2999
481 895 0.1005
481 896 0.1305
481 898 0.2748
481 899 0.1571
481 900 0.0651
481 901 0.1975
481 903 0.0982
481 906 0.1499
481 907 0.3013
481 908 0.3822
481 909 0.1860
481 910 0.0728
481 911 0.0901
