233 657 0.7276
233 658 0.7276
233 659 0.5217
233 662 0.5696
233 664 0.6731
233 666 0.7276
233 667 0.5696
233 671 0.5217
233 676 0.6652
233 682 0.7217
233 685 0.5933
233 686 0.5696
233 687 0.5900
233 689 0.5911
233 695 0.6753
233 696 0.5696
233 698 0.5715
233 699 0.7807
233 703 0.4959
233 704 0.5219
233 705 0.4759
233 706 0.5542
233 707 0.7276
233 709 0.4946
233 710 0.5217
233 711 0.5482
233 713 0.4946
233 714 0.4946
233 717 0.4896
233 718 0.7807
233 721 0.7276
233 722 0.5331
233 726 0.5159
233 728 0.5696
233 731 0.5696
233 733 0.5933
233 734 0.5911
233 735 0.6715
233 736 0.4742
233 737 0.5217
233 738 0.5955
233 741 0.6711
233 743 0.5933
233 744 0.7276
233 748 0.6553
233 750 0.9492
233 752 0.7807
233 753 0.6652
233 757 0.5696
233 758 0.5696
233 762 0.5696
233 763 0.5151
233 764 0.5696
233 765 0.7122
233 766 0.5626
233 767 0.7276
233 768 0.7785
233 770 0.5217
233 773 0.4896
233 775 0.5414
233 776 0.6475
233 778 0.4816
233 780 0.4750
233 781 0.5217
233 786 0.5235
233 787 0.4778
233 793 0.5696
233 794 0.5217
233 797 0.5696
233 799 0.6223
233 801 0.5360
233 803 0.5696
233 804 0.6659
233 805 0.5696
233 806 0.5151
233 808 0.6161
233 811 0.6531
233 814 0.7217
233 816 0.5715
233 820 0.5235
233 823 0.7217
233 824 0.5696
233 825 0.5583
233 828 0.5872
233 831 0.7525
233 832 0.5933
233 833 0.7217
233 834 0.5217
233 836 0.5217
233 837 0.5217
233 840 0.5217
233 841 0.5217
233 843 0.5235
233 844 0.5696
233 845 0.7806
233 846 0.5164
233 851 0.7785
233 852 0.5217
233 854 0.5217
233 855 0.4946
233 858 0.7525
233 859 0.7217
233 860 0.5217
233 861 0.7276
233 864 0.7217
233 865 0.5754
233 866 0.5696
233 868 0.5696
233 872 0.5273
233 876 0.6652
233 878 0.5696
233 880 0.5199
233 882 0.7276
233 883 0.5219
233 884 0.7276
233 886 0.5696
233 887 0.7806
233 889 0.5696
233 891 0.5153
233 893 0.5696
233 894 0.4946
233 901 0.5217
233 903 0.7276
233 905 0.5955
233 907 0.5696
233 909 0.7792
233 910 0.5217
233 911 0.4946
233 914 0.7217
233 915 0.5165
233 919 0.4946
233 921 0.4946
233 922 0.7217
233 924 0.5696
233 928 0.4946
233 929 0.5696
233 932 0.5217
233 935 0.4959
233 936 0.5715
233 938 0.5739
233 941 0.7806
233 948 0.4946
233 949 0.5217
233 950 0.4946
233 952 0.4896
233 953 0.7806
233 954 0.6693
233 960 0.7806
233 966 0.4946
233 968 0.5085
233 974 0.9514
233 976 0.4896
233 979 0.7122
233 986 0.5696
233 989 0.6652
233 990 0.5217
233 991 0.5955
233 992 0.7806
233 993 0.5162
233 994 0.5298
233 1002 0.5217
233 1004 0.6297
233 1005 0.7217
233 1007 0.5890
233 1016 0.4959
233 1019 0.5696
233 1022 0.5217
233 1023 0.5217
233 1024 0.4946
233 1027 0.7122
233 1028 0.5217
233 1029 0.5696
233 1030 0.8171
233 1032 0.5933
233 1033 0.5217
233 1035 0.5696
233 1036 0.4896
233 1037 0.5217
233 1048 0.5696
233 1051 0.7217
233 1053 0.4845
233 1057 0.5165
233 1059 0.5696
233 1061 0.5217
233 1063 0.5140
233 1065 0.7276
233 1067 0.5696
233 1068 0.4959
233 1072 0.5696
233 1073 0.5696
233 1077 0.6753
233 1079 0.5900
233 1080 0.5631
233 1082 0.5696
233 1083 0.7525
233 1094 0.7276
233 1099 0.6993
233 1104 0.5696
233 1105 0.7276
233 1108 0.5696
233 1110 0.7217
233 1114 0.5217
233 1115 0.4946
233 1117 0.5235
233 1118 0.7217
233 1124 0.7276
233 1130 0.7806
233 1135 0.5269
233 1138 0.4959
233 1139 0.7276
233 1143 0.9293
233 1146 0.5217
233 1147 0.4946
233 1148 0.5696
233 1149 0.5696
233 1150 0.4867
233 1152 0.7358
233 1153 0.5626
233 1154 0.6658
233 1158 0.7525
233 1163 0.5696
233 1165 0.5933
233 1166 0.5696
233 1169 0.5219
233 1172 0.5696
233 1174 0.9522
233 1176 0.5696
233 1177 0.6753
233 1188 0.5217
233 1195 0.5696
233 1197 0.4946
233 1201 0.5696
233 1203 0.7276
233 1206 0.7276
233 1208 0.5696
233 1210 0.5217
233 1211 0.5088
233 1213 0.7217
233 1220 0.7276
233 1222 0.5696
233 1223 0.4946
233 1225 0.7027
233 1226 0.5696
233 1230 0.7276
233 1240 0.7525
233 1241 0.5696
233 1247 0.5512
233 1248 0.7217
233 1250 0.7276
233 1253 0.5696
233 1257 0.5151
233 1258 0.5217
233 1259 0.5217
233 1260 0.5217
233 1262 0.5696
233 1265 0.7806
233 1267 0.5217
233 1269 0.5900
233 1275 0.5696
233 1278 0.5911
233 1279 0.5217
233 1283 0.4816
233 1284 0.9523
233 1287 0.5696
233 1288 0.5217
233 1291 0.6715
233 1292 0.7276
233 1293 0.4896
233 1297 0.6753
233 1298 0.5278
233 1299 0.5512
233 1300 0.4896
233 1302 0.5696
233 1303 0.5008
233 1305 0.5696
233 1308 0.7276
233 1316 0.6450
233 1319 0.4946
233 1322 0.7217
233 1323 0.7276
233 1325 0.4946
233 1332 0.7276
233 1333 0.6531
233 1341 0.5217
233 1342 0.7035
233 1346 0.5696
233 1348 0.5217
233 1350 0.4946
233 1354 0.7276
233 1362 0.7806
233 1363 0.5217
233 1367 0.7217
233 1369 0.7276
233 1370 0.6644
233 1372 0.4778
233 1381 0.5715
233 1382 0.4946
233 1387 0.4946
233 1388 0.7792
233 1389 0.5696
233 1390 0.5715
233 1392 0.5217
233 1396 0.5217
233 1397 0.5217
233 1405 0.7792
233 1406 0.5235
233 1408 0.5696
233 1409 0.5217
233 1415 0.5911
233 1426 0.6693
233 1428 0.5217
233 1431 0.5955
233 1433 0.4959
233 1434 0.7117
233 1435 0.5158
233 1436 0.5219
233 1437 0.4901
233 1438 0.4959
233 1440 0.4985
233 1446 0.5696
233 1449 0.7276
233 1451 0.7062
233 1452 0.7217
233 1461 0.7276
233 1463 0.7276
233 1470 0.6753
233 1472 0.7276
233 1473 0.5217
233 1477 0.4946
233 1490 0.5217
233 1493 0.5696
233 1499 0.5696
233 1500 0.7276
233 1501 0.4946
233 1503 0.5955
233 1504 0.7118
233 1514 0.5696
233 1515 0.5217
233 1519 0.6652
233 1520 0.6761
233 1526 0.7276
233 1527 0.7217
233 1529 0.7806
233 1532 0.5217
233 1535 0.7217
233 1536 0.7525
233 1540 0.5696
233 1541 0.5696
233 1548 0.5696
233 1551 0.4896
233 1565 0.5217
233 1566 0.5100
233 1570 0.7276
233 1577 0.5696
233 1580 0.5933
233 1585 0.4755
233 1587 0.7276
233 1588 0.4946
233 1589 0.7276
233 1591 0.7276
233 1593 0.5217
233 1595 0.4946
233 1598 0.4946
233 1599 0.7217
233 1606 0.5715
233 1608 0.7276
233 1609 0.7276
233 1612 0.7217
233 1613 0.5581
233 1616 0.6715
233 1618 0.5217
233 1621 0.5626
233 1622 0.5696
233 1623 0.5696
233 1624 0.5217
233 1626 0.7276
233 1631 0.5715
233 1632 0.5217
233 1634 0.5217
233 1637 0.5933
233 1639 0.7276
233 1648 0.5696
233 1659 0.7217
233 1670 0.5955
233 1673 0.8701
233 1674 0.7217
233 1678 0.5955
233 1683 0.5754
233 1684 0.5696
233 1687 0.4946
233 1689 0.7719
233 1691 0.7217
233 1692 0.5217
233 1694 0.5217
233 1697 0.5217
233 1700 0.4946
233 1702 0.5156
233 1707 0.7792
233 1712 0.7186
233 1713 0.7276
233 1714 0.5696
233 1715 0.5696
233 1717 0.7611
233 1719 0.5696
233 1720 0.7792
234 235 0.5761
234 237 0.6937
234 238 0.8239
234 240 0.3864
234 243 0.5100
234 244 0.2699
234 245 0.3186
234 247 0.5254
234 250 0.5739
234 251 0.7139
234 254 0.3763
234 255 0.3864
234 256 0.3864
234 257 0.3197
234 258 0.6804
234 259 0.2699
234 260 0.2699
234 262 0.6804
234 264 0.3542
234 265 0.3864
234 266 0.4845
234 270 0.3186
234 271 0.5100
234 272 0.7081
234 274 0.3186
234 275 0.3864
234 276 0.2699
234 279 0.2699
234 284 0.3864
234 285 0.5254
234 286 0.4332
234 287 0.7336
234 289 0.2255
234 290 0.5105
234 294 0.2699
234 295 0.7869
234 296 0.3864
234 297 0.4640
234 300 0.3186
234 304 0.7063
234 306 0.3864
234 307 0.2255
234 309 0.3864
234 310 0.3186
234 311 0.5254
234 313 0.4778
234 316 0.5100
234 319 0.3197
234 320 0.5003
234 321 0.5254
234 324 0.5254
234 326 0.3186
234 327 0.3486
234 328 0.4908
234 333 0.7139
234 334 0.3327
234 335 0.3186
234 337 0.3186
234 340 0.4954
234 341 0.3327
234 344 0.4896
234 345 0.3864
234 346 0.3186
234 347 0.3197
234 348 0.3486
234 349 0.3186
234 350 0.4135
234 351 0.3327
234 352 0.3864
234 354 0.2255
234 358 0.4816
234 360 0.3864
234 361 0.2699
234 362 0.6937
234 363 0.4978
234 364 0.2699
234 368 0.3186
234 370 0.3864
234 371 0.4901
234 374 0.3864
234 376 0.5925
234 377 0.3864
234 382 0.2699
234 383 0.4135
234 384 0.3486
234 385 0.3763
234 387 0.3186
234 388 0.3186
234 389 0.7139
234 390 0.3186
234 391 0.3864
234 392 0.3197
234 396 0.2699
234 399 0.7077
234 400 0.3864
234 407 0.4778
234 409 0.5254
234 410 0.2699
234 411 0.4845
234 413 0.4816
234 414 0.5484
234 415 0.3864
234 418 0.3864
234 424 0.2255
234 425 0.4959
234 427 0.3864
234 428 0.6827
234 430 0.3864
234 433 0.3327
234 434 0.6947
234 436 0.4946
234 438 0.7103
234 441 0.3486
234 442 0.4778
234 445 0.3186
234 447 0.3197
234 449 0.3486
234 450 0.2255
234 454 0.6543
234 456 0.7139
234 464 0.3542
234 466 0.5562
234 467 0.5100
234 471 0.8112
234 472 0.4845
234 474 0.5254
234 475 0.4752
234 476 0.7254
234 479 0.3197
234 480 0.3486
234 481 0.2255
234 482 0.7077
234 485 0.6937
234 486 0.2699
234 491 0.3864
234 494 0.7051
234 495 0.4845
234 496 0.3864
234 497 0.3542
234 498 0.5019
234 499 0.3486
234 503 0.3864
234 506 0.3186
234 507 0.7158
234 508 0.3186
234 511 0.3542
234 514 0.3763
234 515 0.2699
234 516 0.3864
234 517 0.3197
234 522 0.3864
234 523 0.3186
234 524 0.6884
234 527 0.5096
234 528 0.6937
234 530 0.3864
234 531 0.2255
234 532 0.6574
234 536 0.3197
234 544 0.4778
234 548 0.3197
234 549 0.4845
234 550 0.3327
234 551 0.3197
234 553 0.4978
234 555 0.7081
234 558 0.6972
234 559 0.2255
234 560 0.7254
234 563 0.4966
234 565 0.3864
234 568 0.6476
234 569 0.4896
234 570 0.3186
234 571 0.3864
234 572 0.3763
234 574 0.5925
234 575 0.2699
234 577 0.3864
234 579 0.3864
234 584 0.7813
234 585 0.3186
234 586 0.3864
234 587 0.4640
234 589 0.2699
234 590 0.6943
234 591 0.3864
234 592 0.3864
234 599 0.5100
234 600 0.3186
234 602 0.3186
234 606 0.2699
234 607 0.6331
234 610 0.6937
234 613 0.3399
234 614 0.5096
234 617 0.3864
234 619 0.7083
234 620 0.3186
234 623 0.6937
234 625 0.3186
234 626 0.3197
234 629 0.6884
234 632 0.4979
234 633 0.4640
234 634 0.4759
234 635 0.3864
234 637 0.4778
234 639 0.7635
234 643 0.3186
234 646 0.4816
234 650 0.2255
234 651 0.5254
234 653 0.2255
234 657 0.3197
234 658 0.3197
234 659 0.3186
234 662 0.3864
234 664 0.6107
234 666 0.3197
234 667 0.3864
234 671 0.3186
234 676 0.4332
234 682 0.2699
234 685 0.3763
234 686 0.3864
234 687 0.8112
234 689 0.5746
234 695 0.3399
234 696 0.3864
234 698 0.6937
234 699 0.4850
234 703 0.4959
234 704 0.5254
234 705 0.4759
234 706 0.6969
234 707 0.3197
234 709 0.2255
234 710 0.3186
234 711 0.5491
234 713 0.2255
234 714 0.2255
234 717 0.4896
234 718 0.4850
234 721 0.3197
234 722 0.5399
234 726 0.5159
234 728 0.3864
234 731 0.3864
234 733 0.3763
234 734 0.5746
234 735 0.4135
234 736 0.4742
234 737 0.3186
234 738 0.3327
234 741 0.6962
234 743 0.3763
234 744 0.3197
234 748 0.6279
234 750 0.8284
234 752 0.4850
234 753 0.4332
234 757 0.3864
234 758 0.3864
234 762 0.3864
234 763 0.7077
234 764 0.3864
234 765 0.4640
234 766 0.7318
234 767 0.3197
234 768 0.6943
234 770 0.3186
234 773 0.4896
234 775 0.5414
234 776 0.4946
234 778 0.4816
234 780 0.4750
234 781 0.3186
234 786 0.7139
234 787 0.4778
234 793 0.3864
234 794 0.3186
234 797 0.3864
234 799 0.8049
234 801 0.7210
234 803 0.3864
234 804 0.6804
234 805 0.3864
234 806 0.7077
234 808 0.5907
234 811 0.6574
234 814 0.2699
234 816 0.6937
234 820 0.7139
234 823 0.2699
234 824 0.3864
234 825 0.6827
234 828 0.7378
234 831 0.3542
234 832 0.3763
234 833 0.2699
234 834 0.3186
234 836 0.3186
234 837 0.3186
234 840 0.3186
234 841 0.3186
234 843 0.7139
234 844 0.3864
234 845 0.4845
234 846 0.5164
234 851 0.6943
234 852 0.3186
234 854 0.3186
234 855 0.2255
234 858 0.3542
234 859 0.2699
234 860 0.3186
234 861 0.3197
234 864 0.2699
234 865 0.6954
234 866 0.3864
234 868 0.3864
234 872 0.5273
234 876 0.4332
234 878 0.3864
234 880 0.7083
234 882 0.3197
234 883 0.5254
234 884 0.3197
234 886 0.3864
234 887 0.4845
234 889 0.3864
234 891 0.7052
234 893 0.3864
234 894 0.2255
234 901 0.3186
234 903 0.3197
234 905 0.3327
234 907 0.3864
234 909 0.3486
234 910 0.3186
234 911 0.2255
234 914 0.2699
234 915 0.7048
234 919 0.2255
234 921 0.2255
234 922 0.2699
234 924 0.3864
234 928 0.2255
234 929 0.3864
234 932 0.3186
234 935 0.4959
234 936 0.6937
234 938 0.7295
234 941 0.4845
234 948 0.2255
234 949 0.3186
234 950 0.2255
234 952 0.4896
234 953 0.4845
234 954 0.6537
234 960 0.4845
234 966 0.2255
234 968 0.7024
234 974 0.6839
234 976 0.4896
234 979 0.4640
234 986 0.3864
234 989 0.4332
234 990 0.3186
234 991 0.3327
234 992 0.4845
234 993 0.7045
234 994 0.6734
234 1002 0.3186
234 1004 0.6593
234 1005 0.2699
234 1007 0.5874
234 1016 0.4959
234 1019 0.3864
234 1022 0.3186
234 1023 0.3186
234 1024 0.2255
234 1027 0.4640
234 1028 0.3186
234 1029 0.3864
234 1030 0.5332
234 1032 0.3763
234 1033 0.3186
234 1035 0.3864
234 1036 0.4896
234 1037 0.3186
234 1048 0.3864
234 1051 0.2699
234 1053 0.4845
234 1057 0.7048
234 1059 0.3864
234 1061 0.3186
234 1063 0.5149
234 1065 0.3197
234 1067 0.3864
234 1068 0.4959
234 1072 0.3864
234 1073 0.3864
234 1077 0.3399
234 1079 0.8112
234 1080 0.6997
234 1082 0.3864
234 1083 0.3542
234 1094 0.3197
234 1099 0.7820
234 1104 0.3864
234 1105 0.7639
234 1108 0.3864
234 1110 0.2699
234 1114 0.3186
234 1115 0.2255
234 1117 0.7139
234 1118 0.2699
234 1124 0.3197
234 1130 0.4845
234 1135 0.6999
234 1138 0.4959
234 1139 0.3197
234 1143 0.7051
234 1146 0.3186
234 1147 0.2255
234 1148 0.3864
234 1149 0.3864
234 1150 0.4867
234 1152 0.5952
234 1153 0.7318
234 1154 0.7049
234 1158 0.3542
234 1163 0.3864
234 1165 0.3763
234 1166 0.3864
234 1169 0.5254
234 1172 0.3864
234 1174 0.6884
234 1176 0.3864
234 1177 0.3399
234 1188 0.3186
234 1195 0.3864
234 1197 0.2255
234 1201 0.3864
234 1203 0.3197
234 1206 0.3197
234 1208 0.3864
234 1210 0.3186
234 1211 0.5088
234 1213 0.2699
234 1220 0.3197
234 1222 0.3864
234 1223 0.2255
234 1225 0.7635
234 1226 0.3864
234 1230 0.3197
234 1240 0.3542
234 1241 0.3864
234 1247 0.7254
234 1248 0.2699
234 1250 0.3197
234 1253 0.3864
234 1257 0.7077
234 1258 0.3186
234 1259 0.3186
234 1260 0.3186
234 1262 0.3864
234 1265 0.4845
234 1267 0.3186
234 1269 0.8112
234 1275 0.3864
234 1278 0.5746
234 1279 0.3186
234 1283 0.4816
234 1284 0.3542
234 1287 0.3864
234 1288 0.3186
234 1291 0.4135
234 1292 0.7639
234 1293 0.4896
234 1297 0.3399
234 1298 0.5278
234 1299 0.7254
234 1300 0.4896
234 1302 0.3864
234 1303 0.5008
234 1305 0.3864
234 1308 0.3197
234 1316 0.6720
234 1319 0.2255
234 1322 0.2699
234 1323 0.3197
234 1325 0.2255
234 1332 0.3197
234 1333 0.6574
234 1341 0.3186
234 1342 0.8038
234 1346 0.3864
234 1348 0.3186
234 1350 0.2255
234 1354 0.3197
234 1362 0.4845
234 1363 0.3186
234 1367 0.2699
234 1369 0.3197
234 1370 0.4635
234 1372 0.4778
234 1381 0.6937
234 1382 0.2255
234 1387 0.2255
234 1388 0.3486
234 1389 0.3864
234 1390 0.6937
234 1392 0.3186
234 1396 0.3186
234 1397 0.3186
234 1405 0.3486
234 1406 0.7139
234 1408 0.3864
234 1409 0.3186
234 1415 0.5746
234 1426 0.6537
234 1428 0.3186
234 1431 0.3327
234 1433 0.4959
234 1434 0.7246
234 1435 0.5142
234 1436 0.5254
234 1437 0.4901
234 1438 0.4959
234 1440 0.4985
234 1446 0.3864
234 1449 0.3197
234 1451 0.4471
234 1452 0.2699
234 1461 0.3197
234 1463 0.3197
234 1470 0.3399
234 1472 0.3197
234 1473 0.3186
234 1477 0.2255
234 1490 0.3186
234 1493 0.3864
234 1499 0.3864
234 1500 0.3197
234 1501 0.2255
234 1503 0.3327
234 1504 0.5402
234 1514 0.3864
234 1515 0.3186
234 1519 0.4332
234 1520 0.8457
234 1526 0.3197
234 1527 0.2699
234 1529 0.4845
234 1532 0.3186
234 1535 0.2699
234 1536 0.3542
234 1540 0.3864
234 1541 0.3864
234 1548 0.3864
234 1551 0.4896
234 1565 0.3186
234 1566 0.5100
234 1570 0.3197
234 1577 0.3864
234 1580 0.3763
234 1585 0.4755
234 1587 0.3197
234 1588 0.2255
234 1589 0.3197
234 1591 0.3197
234 1593 0.3186
234 1595 0.2255
234 1598 0.2255
234 1599 0.2699
234 1606 0.6937
234 1608 0.3197
234 1609 0.3197
234 1612 0.2699
234 1613 0.6972
234 1616 0.4135
234 1618 0.3186
234 1621 0.7318
234 1622 0.3864
234 1623 0.3864
234 1624 0.3186
234 1626 0.3197
234 1631 0.6937
234 1632 0.3186
234 1634 0.3186
234 1637 0.3763
234 1639 0.3197
234 1648 0.3864
234 1659 0.2699
234 1670 0.3327
234 1673 0.3186
234 1674 0.2699
234 1678 0.3327
234 1683 0.6954
234 1684 0.3864
234 1687 0.2255
234 1689 0.8341
234 1691 0.2699
234 1692 0.3186
234 1694 0.3186
234 1697 0.3186
234 1700 0.2255
234 1702 0.5156
234 1707 0.3486
234 1712 0.7554
234 1713 0.3197
234 1714 0.3864
234 1715 0.3864
234 1717 0.8006
234 1719 0.3864
234 1720 0.3486
235 237 0.5521
235 238 0.6197
235 240 0.6197
235 243 0.5100
235 244 0.6197
235 245 0.6197
235 247 0.5254
235 250 0.5739
235 251 0.5331
235 254 0.6197
235 255 0.6197
235 256 0.6197
235 257 0.6197
235 258 0.6197
235 259 0.8228
235 260 0.6197
235 262 0.6197
235 264 0.6197
235 265 0.6197
235 266 0.4845
235 270 0.6197
235 271 0.5100
235 272 0.5228
235 274 0.6197
235 275 0.6197
235 276 0.9540
235 279 0.6197
235 284 0.6197
235 285 0.5254
235 286 0.9509
235 287 0.5665
235 289 0.5761
235 290 0.5105
235 294 0.6197
235 295 0.8941
235 296 0.6197
235 297 0.6197
235 300 0.6197
235 304 0.5785
235 306 0.6197
235 307 0.5761
235 309 0.6197
235 310 0.6197
235 311 0.5254
235 313 0.7914
235 316 0.5100
235 319 0.6197
235 320 0.5003
235 321 0.5254
235 324 0.5254
235 326 0.6197
235 327 0.6197
235 328 0.4908
235 333 0.5331
235 334 0.6036
235 335 0.6197
235 337 0.6197
235 340 0.4954
235 341 0.6036
235 344 0.4896
235 345 0.6197
235 346 0.6197
235 347 0.6197
235 348 0.6197
235 349 0.6197
235 350 0.9575
235 351 0.6036
235 352 0.6197
235 354 0.5761
235 358 0.7950
235 360 0.6197
235 361 0.6197
235 362 0.9571
235 363 0.4978
235 364 0.6197
235 368 0.6197
235 370 0.6197
235 371 0.4901
235 374 0.6197
235 376 0.6039
235 377 0.6197
235 382 0.6197
235 383 0.6197
235 384 0.6197
235 385 0.6197
235 387 0.9549
235 388 0.6197
235 389 0.5331
235 390 0.6197
235 391 0.6197
235 392 0.6197
235 396 0.6197
235 399 0.5238
235 400 0.6197
235 407 0.7914
235 409 0.5254
235 410 0.6197
235 411 0.6197
235 413 0.7950
235 414 0.5484
235 415 0.6197
235 418 0.6197
235 424 0.5761
235 425 0.4959
235 427 0.6197
235 428 0.5438
235 430 0.6197
235 433 0.6036
235 434 0.6197
235 436 0.6098
235 438 0.5587
235 441 0.6197
235 442 0.7914
235 445 0.6197
235 447 0.6197
235 449 0.6197
235 450 0.5761
235 454 0.9511
235 456 0.5331
235 464 0.6197
235 466 0.9538
235 467 0.5100
235 471 0.5866
235 472 0.6197
235 474 0.5254
235 475 0.7932
235 476 0.5400
235 479 0.6197
235 480 0.6197
235 481 0.5761
235 482 0.5238
235 485 0.5521
235 486 0.6197
235 491 0.6197
235 494 0.5582
235 495 0.6197
235 496 0.6197
235 497 0.9532
235 498 0.5019
235 499 0.6197
235 503 0.6197
235 506 0.6197
235 507 0.5300
235 508 0.6197
235 511 0.6197
235 514 0.6197
235 515 0.6197
235 516 0.6197
235 517 0.6197
235 522 0.6197
235 523 0.6197
235 524 0.5519
235 527 0.5096
235 528 0.5521
235 530 0.6197
235 531 0.5761
235 532 0.6197
235 536 0.6197
235 544 0.7914
235 548 0.9567
235 549 0.6197
235 550 0.6036
235 551 0.6197
235 553 0.4978
235 555 0.5228
235 558 0.5442
235 559 0.5761
235 560 0.5400
235 563 0.6197
235 565 0.6197
235 568 0.6476
235 569 0.4896
235 570 0.6197
235 571 0.6197
235 572 0.6197
235 574 0.6039
235 575 0.9540
235 577 0.6197
235 579 0.6197
235 584 0.5659
235 585 0.9588
235 586 0.6197
235 587 0.6197
235 589 0.6197
235 590 0.9497
235 591 0.6197
235 592 0.6197
235 599 0.5100
235 600 0.6197
235 602 0.9549
235 606 0.6197
235 607 0.8150
235 610 0.5521
235 613 0.6197
235 614 0.5096
235 617 0.6197
235 619 0.8376
235 620 0.6197
235 623 0.5521
235 625 0.6197
235 626 0.6197
235 629 0.5519
235 632 0.4979
235 633 0.6197
235 634 0.7895
235 635 0.6197
235 637 0.7914
235 639 0.5837
235 643 0.6197
235 646 0.7950
235 650 0.5761
235 651 0.5254
235 653 0.5761
235 657 0.6197
235 658 0.6197
235 659 0.6197
235 662 0.6197
235 664 0.6197
235 666 0.6197
235 667 0.6197
235 671 0.6197
235 676 0.6197
235 682 0.6197
235 685 0.6197
235 686 0.6197
235 687 0.5866
235 689 0.5896
235 695 0.9525
235 696 0.6197
235 698 0.9571
235 699 0.6197
235 703 0.4959
235 704 0.5254
235 705 0.7409
235 706 0.5396
235 707 0.6197
235 709 0.5761
235 710 0.6197
235 711 0.8974
235 713 0.5761
235 714 0.5761
235 717 0.4896
235 718 0.6197
235 721 0.6197
235 722 0.5399
235 726 0.5159
235 728 0.6197
235 731 0.6197
235 733 0.6197
235 734 0.5896
235 735 0.6197
235 736 0.8652
235 737 0.6197
235 738 0.6036
235 741 0.6197
235 743 0.6197
235 744 0.6197
235 748 0.6197
235 750 0.6091
235 752 0.6197
235 753 0.6197
235 757 0.6197
235 758 0.6197
235 762 0.6197
235 763 0.5238
235 764 0.6197
235 765 0.6197
235 766 0.5434
235 767 0.6197
235 768 0.6197
235 770 0.6197
235 773 0.4896
235 775 0.5414
235 776 0.6098
235 778 0.7950
235 780 0.7920
235 781 0.6197
235 786 0.8651
235 787 0.7914
235 793 0.6197
235 794 0.6197
235 797 0.6197
235 799 0.6157
235 801 0.5351
235 803 0.6197
235 804 0.6197
235 805 0.6197
235 806 0.5238
235 808 0.5789
235 811 0.6197
235 814 0.6197
235 816 0.5521
235 820 0.5331
235 823 0.6197
235 824 0.6197
235 825 0.9527
235 828 0.5795
235 831 0.6197
235 832 0.6197
235 833 0.6197
235 834 0.6197
235 836 0.6197
235 837 0.6197
235 840 0.6197
235 841 0.6197
235 843 0.5331
235 844 0.6197
235 845 0.6197
235 846 0.5164
235 851 0.6197
235 852 0.6197
235 854 0.6197
235 855 0.5761
235 858 0.6197
235 859 0.6197
235 860 0.6197
235 861 0.6197
235 864 0.6197
235 865 0.5478
235 866 0.6197
235 868 0.6197
235 872 0.8947
235 876 0.6197
235 878 0.6197
235 880 0.5223
235 882 0.6197
235 883 0.5254
235 884 0.6197
235 886 0.6197
235 887 0.6197
235 889 0.6197
235 891 0.5177
235 893 0.6197
235 894 0.5761
235 901 0.6197
235 903 0.6197
235 905 0.6036
235 907 0.6197
235 909 0.6197
235 910 0.6197
235 911 0.5761
235 914 0.6197
235 915 0.8368
235 919 0.5761
235 921 0.5761
235 922 0.6197
235 924 0.6197
235 928 0.5761
235 929 0.6197
235 932 0.6197
235 935 0.4959
235 936 0.5521
235 938 0.5634
235 941 0.6197
235 948 0.5761
235 949 0.6197
235 950 0.5761
235 952 0.4896
235 953 0.6197
235 954 0.6018
235 960 0.6197
235 966 0.5761
235 968 0.8353
235 974 0.6197
235 976 0.4896
235 979 0.6197
235 986 0.6197
235 989 0.9046
235 990 0.6197
235 991 0.6036
235 992 0.6197
235 993 0.5188
235 994 0.5287
235 1002 0.6197
235 1004 0.6197
235 1005 0.9540
235 1007 0.5883
235 1016 0.4959
235 1019 0.6197
235 1022 0.9549
235 1023 0.6197
235 1024 0.5761
235 1027 0.6197
235 1028 0.6197
235 1029 0.6197
235 1030 0.6197
235 1032 0.6197
235 1033 0.6197
235 1035 0.6197
235 1036 0.4896
235 1037 0.9549
235 1048 0.6197
235 1051 0.6197
235 1053 0.4845
235 1057 0.5189
235 1059 0.6197
235 1061 0.6197
235 1063 0.5149
235 1065 0.6197
235 1067 0.6197
235 1068 0.4959
235 1072 0.6197
235 1073 0.6197
235 1077 0.6197
235 1079 0.5866
235 1080 0.9509
235 1082 0.6197
235 1083 0.6197
235 1094 0.6197
235 1099 0.6197
235 1104 0.6197
235 1105 0.6197
235 1108 0.6197
235 1110 0.6197
235 1114 0.6197
235 1115 0.5761
235 1117 0.5331
235 1118 0.6197
235 1124 0.6197
235 1130 0.6197
235 1135 0.5305
235 1138 0.4959
235 1139 0.6197
235 1143 0.5181
235 1146 0.6197
235 1147 0.5761
235 1148 0.6197
235 1149 0.6197
235 1150 0.4867
235 1152 0.6197
235 1153 0.5434
235 1154 0.6249
235 1158 0.9532
235 1163 0.6197
235 1165 0.6197
235 1166 0.6197
235 1169 0.5254
235 1172 0.6197
235 1174 0.5519
235 1176 0.6197
235 1177 0.8210
235 1188 0.6197
235 1195 0.6197
235 1197 0.5761
235 1201 0.6197
235 1203 0.6197
235 1206 0.9543
235 1208 0.6197
235 1210 0.6197
235 1211 0.8559
235 1213 0.9126
235 1220 0.6197
235 1222 0.6197
235 1223 0.5761
235 1225 0.9507
235 1226 0.6197
235 1230 0.6197
235 1240 0.6197
235 1241 0.6197
235 1247 0.5400
235 1248 0.6197
235 1250 0.6197
235 1253 0.6197
235 1257 0.5238
235 1258 0.6197
235 1259 0.6197
235 1260 0.6197
235 1262 0.6197
235 1265 0.6197
235 1267 0.6197
235 1269 0.5866
235 1275 0.6197
235 1278 0.5896
235 1279 0.6197
235 1283 0.4816
235 1284 0.6197
235 1287 0.6197
235 1288 0.6197
235 1291 0.6197
235 1292 0.6197
235 1293 0.4896
235 1297 0.6197
235 1298 0.5278
235 1299 0.5400
235 1300 0.4896
235 1302 0.6197
235 1303 0.5008
235 1305 0.6197
235 1308 0.6197
235 1316 0.6129
235 1319 0.5761
235 1322 0.6197
235 1323 0.6197
235 1325 0.5761
235 1332 0.6197
235 1333 0.6197
235 1341 0.6197
235 1342 0.9564
235 1346 0.6197
235 1348 0.6197
235 1350 0.5761
235 1354 0.6197
235 1362 0.6197
235 1363 0.6197
235 1367 0.6197
235 1369 0.9543
235 1370 0.6197
235 1372 0.7914
235 1381 0.5521
235 1382 0.5761
235 1387 0.5761
235 1388 0.6197
235 1389 0.6197
235 1390 0.5521
235 1392 0.6197
