45 681 0.5517
45 682 0.3385
45 683 0.5009
45 684 0.8609
45 685 0.6376
45 686 0.7245
45 687 0.7672
45 688 0.8157
45 689 0.9226
45 690 0.4574
45 691 0.6667
45 692 0.6911
45 693 0.8036
45 694 0.7763
45 695 0.8179
45 696 0.5626
45 697 0.6156
45 698 0.6255
45 699 0.8674
45 700 0.5524
45 701 0.6187
45 702 0.6084
45 703 0.4655
45 704 0.6688
45 705 0.5813
45 706 0.9456
45 707 0.6918
45 708 0.4851
45 709 0.5693
45 710 0.7217
45 711 0.7525
45 712 0.3894
45 713 0.7659
45 714 0.7943
45 715 0.2091
45 716 0.7397
45 717 0.6089
45 718 0.8848
45 720 0.7458
45 721 0.8699
45 722 0.6714
45 723 0.5381
45 724 0.7702
45 725 0.7110
45 726 0.8092
45 727 0.6907
45 728 0.6871
45 729 0.6720
45 730 0.6605
45 731 0.7311
45 732 0.7134
45 733 0.6056
45 734 0.6397
45 735 0.7994
45 736 0.7525
45 737 0.7663
45 738 0.5120
45 740 0.7459
45 741 0.8996
45 742 0.6260
45 743 0.7809
45 744 0.7539
45 745 0.5736
45 746 0.5156
45 747 0.7005
45 748 0.9965
45 749 0.4476
45 750 0.7057
45 751 0.5834
45 752 0.8890
45 753 0.7345
45 754 0.5693
45 755 0.8342
45 756 0.5112
45 757 0.5677
45 758 0.7080
45 759 0.5552
45 760 0.5779
45 761 0.4986
45 762 0.5481
45 763 0.9510
45 764 0.6051
45 765 0.7992
45 766 0.4256
45 767 0.5928
45 768 0.7609
45 769 0.7199
45 770 0.6348
45 771 0.4016
45 772 0.7299
45 773 0.5587
45 774 0.7628
45 775 0.7361
45 776 0.6880
45 777 0.6699
45 778 0.5365
45 779 0.4669
45 780 0.7712
45 781 0.3601
45 782 0.8262
45 783 0.6449
45 784 0.5985
45 785 0.8550
45 786 0.6178
45 787 0.4976
45 788 0.4669
45 789 0.5840
45 791 0.3542
45 792 0.8737
45 793 0.6991
45 794 0.5325
45 795 0.3926
45 796 0.5589
45 797 0.7683
45 798 0.3334
45 799 0.8394
45 800 0.7287
45 801 0.4955
45 802 0.3723
45 803 0.7353
45 804 0.9673
45 805 0.4478
45 806 0.6920
45 807 0.6063
45 808 0.9633
45 809 0.5995
45 810 0.6294
45 811 0.8062
45 812 0.6273
45 813 0.6605
45 814 0.5187
45 815 0.5685
45 816 0.3754
45 817 0.6274
45 818 0.3494
45 819 0.6691
45 820 0.7674
45 821 0.6516
45 822 0.4213
45 823 0.6614
45 824 0.4927
45 825 0.8409
45 827 0.7133
45 828 0.8099
45 829 0.6100
45 830 0.8443
45 831 0.6210
45 832 0.8673
45 833 0.7882
45 834 0.6982
45 835 0.2937
45 836 0.5212
45 837 0.4562
45 838 0.7133
45 839 0.7798
45 840 0.5114
45 841 0.7158
45 842 0.5075
45 843 0.8546
45 844 0.5610
45 845 0.6184
45 846 0.7158
45 847 0.8147
45 848 0.4696
45 849 0.8223
45 850 0.4433
45 851 0.9805
45 852 0.6191
45 853 0.6496
45 854 0.4248
45 855 0.4846
45 856 0.9015
45 858 0.8556
45 859 0.7857
45 860 0.5816
45 861 0.4052
45 862 0.6090
45 864 0.6666
45 865 0.7938
45 866 0.3249
45 867 0.5116
45 868 0.8030
45 869 0.6407
45 870 0.8311
45 871 0.6216
45 872 0.9501
45 873 0.5370
45 874 0.4542
45 875 0.4709
45 876 0.5269
45 877 0.6034
45 878 0.8064
45 880 0.9580
45 881 0.4553
45 882 0.5547
45 883 0.7791
45 884 0.4862
45 885 0.6697
45 886 0.6210
45 887 0.7139
45 888 0.4967
45 889 0.5591
45 890 0.4864
45 891 0.9779
45 892 0.6863
45 893 0.7249
45 894 0.6482
45 895 0.5658
45 896 0.6365
45 897 0.3525
45 898 0.6931
45 899 0.3691
45 900 0.4596
45 901 0.5268
45 903 0.7061
45 905 0.4926
45 906 0.7251
45 907 0.7623
45 908 0.6981
45 909 0.8794
45 910 0.6118
45 911 0.6218
45 912 0.2949
45 913 0.7864
45 914 0.7929
45 915 0.6888
45 916 0.4064
45 917 0.4440
45 918 0.7520
45 919 0.6047
45 920 0.7167
45 921 0.6361
45 922 0.5762
45 924 0.5249
45 928 0.8414
45 929 0.8572
45 930 0.5889
45 932 0.4542
45 933 0.4081
45 934 0.6347
45 935 0.7846
45 936 0.8318
45 937 0.4549
45 938 0.7270
45 939 0.7927
45 940 0.4819
45 941 0.6540
45 942 0.7946
45 943 0.7742
45 944 0.5716
45 946 0.5708
45 947 0.6529
45 948 0.5578
45 949 0.3061
45 950 0.6885
45 951 0.5175
45 952 0.5823
45 953 0.7967
45 954 0.8064
45 955 0.5894
45 956 0.4562
45 957 0.6348
45 958 0.8056
45 959 0.8876
45 960 0.8822
45 961 0.7216
45 962 0.5468
45 963 0.7697
45 964 0.6842
45 965 0.5587
45 966 0.7945
45 967 0.7113
45 968 0.5876
45 969 0.5991
45 971 0.7305
45 972 0.5681
45 973 0.6690
45 974 0.9815
45 975 0.5905
45 976 0.5089
45 977 0.4815
45 978 0.7048
45 979 0.8101
45 980 0.8062
45 981 0.6157
45 982 0.7308
45 983 0.3998
45 984 0.6811
45 985 0.7072
45 986 0.5554
45 987 0.6876
45 989 0.6454
45 990 0.4382
45 991 0.7765
45 992 0.6721
45 993 0.8386
45 994 0.8938
45 995 0.7770
45 996 0.4851
45 998 0.4218
45 999 0.6196
45 1000 0.5814
45 1001 0.5330
45 1002 0.8053
45 1003 0.9092
45 1004 0.8266
45 1005 0.3336
45 1006 0.7313
45 1007 0.7000
45 1008 0.3497
45 1010 0.4043
45 1012 0.5610
45 1013 0.8091
45 1014 0.6201
45 1015 0.8780
45 1016 0.3383
45 1017 0.5243
45 1018 0.3993
45 1019 0.5446
45 1020 0.9009
45 1022 0.5935
45 1023 0.8491
45 1024 0.6813
45 1025 0.4377
45 1026 0.2918
45 1027 0.5754
45 1028 0.7124
45 1029 0.8559
45 1030 0.5606
45 1031 0.4574
45 1032 0.3989
45 1033 0.6181
45 1034 0.5211
45 1035 0.7609
45 1036 0.4704
45 1037 0.5906
45 1038 0.6426
45 1039 0.6227
45 1040 0.4102
45 1041 0.4107
45 1042 0.6007
45 1043 0.7901
45 1044 0.5937
45 1045 0.5816
45 1046 0.6795
45 1047 0.5447
45 1048 0.6111
45 1049 0.6185
45 1050 0.5310
45 1051 0.6117
45 1053 0.7110
45 1054 0.7215
45 1055 0.8415
45 1056 0.6767
45 1057 0.8340
45 1058 0.4287
45 1059 0.6123
45 1060 0.5419
45 1061 0.6326
45 1062 0.5474
45 1063 0.7275
45 1064 0.4017
45 1065 0.4952
45 1066 0.7379
45 1067 0.8159
45 1068 0.7868
45 1069 0.7191
45 1070 0.5963
45 1071 0.3806
45 1072 0.5572
45 1073 0.6829
45 1075 0.7221
45 1076 0.8304
45 1077 0.8020
45 1078 0.6565
45 1079 0.6535
45 1080 0.5447
45 1081 0.6347
45 1082 0.6595
45 1083 0.8943
45 1084 0.5037
45 1085 0.5560
45 1087 0.5338
45 1089 0.5687
45 1090 0.5176
45 1091 0.4552
45 1092 0.3456
45 1093 0.6249
45 1094 0.5292
45 1095 0.4496
45 1096 0.7414
45 1097 0.6303
45 1099 0.9963
45 1102 0.8481
45 1103 0.5935
45 1104 0.5618
45 1105 0.7264
45 1106 0.7246
45 1107 0.7489
45 1108 0.4611
45 1109 0.7572
45 1110 0.8446
45 1111 0.5870
45 1113 0.6042
45 1114 0.5548
45 1116 0.8576
45 1117 0.8158
45 1118 0.5958
45 1119 0.6477
45 1120 0.3593
45 1121 0.5383
45 1122 0.6537
45 1123 0.3577
45 1124 0.5826
45 1125 0.5544
45 1126 0.6273
45 1127 0.6107
45 1128 0.7956
45 1129 0.6580
45 1130 0.9174
45 1131 0.4004
45 1133 0.6537
45 1134 0.5404
45 1135 0.9891
45 1136 0.7593
45 1138 0.7721
45 1139 0.7998
45 1141 0.5836
45 1142 0.5178
45 1143 0.6112
45 1144 0.5845
45 1145 0.2710
45 1146 0.7822
45 1147 0.5474
45 1148 0.7150
45 1149 0.4829
45 1150 0.8758
45 1151 0.5223
45 1152 0.9783
45 1153 0.6301
45 1154 0.8920
45 1155 0.4098
45 1156 0.1885
45 1157 0.7335
45 1158 0.7639
45 1159 0.6479
45 1160 0.4513
45 1161 0.7018
45 1162 0.6463
45 1163 0.7542
45 1165 0.6696
45 1166 0.9271
45 1167 0.5774
45 1169 0.7207
45 1170 0.5626
45 1172 0.4690
45 1173 0.3467
45 1174 0.5610
45 1176 0.7598
45 1177 0.5950
45 1178 0.8254
45 1180 0.8772
45 1181 0.3549
45 1182 0.7120
45 1183 0.6176
45 1185 0.6376
45 1186 0.8202
45 1187 0.4286
45 1188 0.8742
45 1189 0.4255
45 1191 0.7630
45 1192 0.4403
45 1193 0.8043
45 1194 0.8379
45 1195 0.6326
45 1196 0.7615
45 1197 0.5711
45 1198 0.7866
45 1199 0.1375
45 1200 0.5707
45 1201 0.6573
45 1202 0.5080
45 1203 0.6727
45 1204 0.6248
45 1205 0.7164
45 1206 0.6587
45 1207 0.7616
45 1208 0.6121
45 1209 0.6018
45 1210 0.6095
45 1211 0.7133
45 1212 0.4618
45 1213 0.4997
45 1214 0.5610
45 1215 0.6267
45 1216 0.4934
45 1217 0.8119
45 1218 0.6125
45 1219 0.4363
45 1220 0.4590
45 1221 0.7598
45 1222 0.5610
45 1223 0.4607
45 1224 0.3403
45 1225 0.6958
45 1226 0.7547
45 1227 0.6667
45 1228 0.3395
45 1229 0.7231
45 1230 0.7277
45 1231 0.5128
45 1233 0.5626
45 1234 0.5293
45 1235 0.6058
45 1236 0.5522
45 1237 0.4534
45 1238 0.6131
45 1240 0.5640
45 1241 0.5548
45 1242 0.6506
45 1245 0.4590
45 1246 0.5601
45 1247 0.6582
45 1248 0.4211
45 1249 0.5130
45 1250 0.3751
45 1251 0.4887
45 1252 0.6070
45 1253 0.3728
45 1254 0.6379
45 1255 0.3991
45 1256 0.4159
45 1257 0.4160
45 1258 0.7329
45 1259 0.8095
45 1260 0.8126
45 1262 0.6341
45 1263 0.7431
45 1265 0.7574
45 1266 0.3187
45 1267 0.6896
45 1268 0.7224
45 1269 0.7768
45 1270 0.6577
45 1271 0.7242
45 1272 0.5916
45 1273 0.6783
45 1274 0.5610
45 1275 0.7045
45 1276 0.6829
45 1278 0.6063
45 1279 0.6723
45 1280 0.6739
45 1281 0.7217
45 1282 0.5429
45 1283 0.4629
45 1284 0.3540
45 1286 0.5184
45 1287 0.5274
45 1288 0.5282
45 1289 0.4321
45 1290 0.6457
45 1291 0.4972
45 1292 0.9567
45 1293 0.6606
45 1295 0.3961
45 1296 0.6064
45 1297 0.6596
45 1298 0.6259
45 1299 0.5168
45 1300 0.3535
45 1301 0.6565
45 1302 0.4966
45 1303 0.5091
45 1304 0.5310
45 1305 0.4062
45 1306 0.3145
45 1307 0.3967
45 1308 0.6192
45 1309 0.4660
45 1310 0.5650
45 1311 0.3720
45 1312 0.7090
45 1313 0.3476
45 1316 0.9775
45 1318 0.7031
45 1320 0.3903
45 1322 0.4247
45 1323 0.5527
45 1325 0.4611
45 1326 0.4766
45 1327 0.5161
45 1328 0.6734
45 1329 0.5183
45 1330 0.6079
45 1331 0.6394
45 1332 0.5610
45 1333 0.5610
45 1334 0.2936
45 1335 0.6383
45 1336 0.5446
45 1337 0.4210
45 1338 0.6178
45 1339 0.5532
45 1340 0.5093
45 1341 0.4986
45 1342 0.7032
45 1343 0.5601
45 1344 0.8912
45 1345 0.5610
45 1346 0.3926
45 1347 0.5370
45 1348 0.6922
45 1349 0.6901
45 1350 0.6209
45 1351 0.6011
45 1352 0.4551
45 1353 0.5044
45 1354 0.3729
45 1355 0.4551
45 1356 0.7435
45 1357 0.5746
45 1358 0.5699
45 1359 0.6127
45 1360 0.4841
45 1361 0.4267
45 1362 0.6354
45 1363 0.5303
45 1364 0.6128
45 1365 0.6070
45 1366 0.5610
45 1367 0.7014
45 1368 0.5079
45 1369 0.7949
45 1370 0.7745
45 1371 0.3557
45 1372 0.5311
45 1373 0.3667
45 1374 0.4597
45 1375 0.4574
45 1376 0.5610
45 1377 0.7023
45 1378 0.4434
45 1379 0.5584
45 1380 0.6740
45 1381 0.8027
45 1382 0.3359
45 1383 0.4867
45 1384 0.3006
45 1385 0.4857
45 1386 0.5988
45 1387 0.4503
45 1388 0.6084
45 1389 0.5661
45 1390 0.5795
45 1392 0.3814
45 1393 0.5293
45 1394 0.5127
45 1395 0.5495
45 1396 0.5782
45 1397 0.7401
45 1398 0.6645
45 1399 0.6025
45 1401 0.4071
45 1402 0.6143
45 1405 0.7611
45 1406 0.6528
45 1407 0.7049
45 1408 0.4669
45 1409 0.4125
45 1410 0.5985
45 1411 0.4100
45 1412 0.5736
45 1413 0.3921
45 1414 0.5315
45 1415 0.4042
45 1416 0.5753
45 1418 0.6123
45 1419 0.6668
45 1420 0.3999
45 1421 0.4549
45 1422 0.3238
45 1423 0.7367
45 1424 0.3750
45 1425 0.5463
45 1426 0.7593
45 1427 0.6557
45 1428 0.6556
45 1430 0.5329
45 1431 0.7809
45 1433 0.4946
45 1434 0.9539
45 1435 0.7916
45 1436 0.5178
45 1437 0.7007
45 1438 0.6536
45 1439 0.6811
45 1440 0.8253
45 1441 0.6251
45 1443 0.5016
45 1445 0.5489
45 1446 0.5881
45 1448 0.6461
45 1449 0.6967
45 1451 0.8304
45 1452 0.8519
45 1453 0.6649
45 1454 0.6249
45 1455 0.5524
45 1456 0.8364
45 1457 0.7441
45 1458 0.5698
45 1459 0.6824
45 1460 0.8195
45 1461 0.5390
45 1462 0.7888
45 1463 0.7984
45 1464 0.7693
45 1465 0.2794
45 1466 0.7542
45 1468 0.3497
45 1470 0.7945
45 1472 0.7524
45 1473 0.7228
45 1474 0.8187
45 1475 0.3811
45 1476 0.7499
45 1477 0.6013
45 1478 0.7628
45 1479 0.8784
45 1480 0.6971
45 1481 0.6260
45 1482 0.4048
45 1484 0.5334
45 1485 0.7721
45 1487 0.7496
45 1488 0.6059
45 1490 0.8135
45 1491 0.8519
45 1492 0.6547
45 1493 0.8295
45 1494 0.8359
45 1495 0.5149
45 1496 0.8070
45 1497 0.8598
45 1498 0.7040
45 1499 0.4889
45 1500 0.4810
45 1501 0.7532
45 1502 0.6506
45 1503 0.9251
45 1504 0.8970
45 1505 0.6333
45 1506 0.5208
45 1507 0.8579
45 1508 0.3824
45 1510 0.8193
45 1511 0.7362
45 1512 0.6411
45 1513 0.7585
45 1514 0.4750
45 1515 0.2974
45 1516 0.8389
45 1517 0.7429
45 1518 0.8235
45 1519 0.7080
45 1520 0.9514
45 1522 0.4310
45 1523 0.3219
45 1525 0.5403
45 1526 0.3460
45 1527 0.7579
45 1528 0.5610
45 1529 0.5847
45 1530 0.7677
45 1531 0.3165
45 1532 0.5517
45 1534 0.4115
45 1535 0.5566
45 1536 0.7018
45 1538 0.6464
45 1540 0.6260
45 1541 0.5407
45 1542 0.6638
45 1544 0.5895
45 1545 0.4125
45 1546 0.3607
45 1547 0.3976
45 1548 0.5546
45 1549 0.3378
45 1550 0.3412
45 1551 0.7118
45 1552 0.3457
45 1554 0.6756
45 1555 0.4421
45 1556 0.2695
45 1557 0.2303
45 1560 0.4044
45 1562 0.4167
45 1565 0.4310
45 1566 0.4098
45 1567 0.3459
45 1568 0.5019
45 1569 0.5572
45 1570 0.5929
45 1571 0.5455
45 1572 0.5174
45 1573 0.4562
45 1574 0.3065
45 1575 0.6603
45 1576 0.5792
45 1577 0.6416
45 1578 0.6416
45 1579 0.5976
45 1580 0.6477
45 1581 0.5689
45 1582 0.6757
45 1583 0.5804
45 1584 0.3920
45 1585 0.5205
45 1586 0.4671
45 1587 0.5934
45 1588 0.5643
45 1589 0.6315
45 1590 0.5753
45 1591 0.6954
45 1592 0.2722
45 1593 0.6851
45 1594 0.5690
45 1595 0.4879
45 1596 0.3228
45 1597 0.5637
45 1598 0.5552
45 1599 0.5715
45 1600 0.5610
45 1601 0.4539
45 1602 0.5697
45 1603 0.6554
45 1604 0.5393
45 1605 0.5752
45 1606 0.4718
45 1607 0.6534
45 1608 0.6685
45 1609 0.3065
45 1610 0.5706
45 1611 0.7246
45 1612 0.6027
45 1613 0.7082
45 1614 0.7435
45 1615 0.4623
45 1616 0.5504
45 1617 0.3324
45 1618 0.8577
45 1619 0.7493
45 1620 0.4537
45 1621 0.7462
45 1622 0.8053
45 1623 0.6595
45 1624 0.4032
45 1625 0.5152
45 1626 0.5630
45 1627 0.5290
45 1628 0.4665
45 1629 0.4425
45 1630 0.5939
45 1631 0.7814
45 1632 0.5287
45 1633 0.6961
45 1634 0.5694
45 1635 0.5181
45 1636 0.6924
45 1637 0.4597
45 1638 0.7397
45 1639 0.4855
45 1640 0.5621
45 1641 0.4923
45 1642 0.5979
45 1643 0.5923
45 1644 0.3930
45 1645 0.7508
45 1646 0.4772
45 1647 0.3308
45 1648 0.4570
45 1649 0.5502
45 1650 0.4967
45 1651 0.5753
45 1652 0.3506
45 1653 0.4521
45 1654 0.5893
45 1655 0.6606
45 1656 0.6728
45 1657 0.5499
45 1658 0.2226
45 1659 0.4339
45 1660 0.3299
45 1661 0.7648
45 1662 0.5548
45 1663 0.6298
45 1664 0.4143
45 1665 0.3942
45 1666 0.4985
45 1667 0.6490
45 1668 0.7067
45 1669 0.6387
45 1670 0.5736
45 1671 0.6189
45 1672 0.7052
45 1673 0.5001
45 1674 0.4785
45 1675 0.4359
45 1676 0.7345
45 1677 0.6084
45 1678 0.7143
45 1679 0.5859
45 1680 0.5610
45 1681 0.3781
45 1682 0.5212
45 1683 0.3751
45 1684 0.4593
45 1685 0.5130
45 1686 0.5792
45 1687 0.7413
45 1688 0.4312
45 1689 0.9841
45 1690 0.3421
45 1691 0.6894
45 1692 0.6676
45 1693 0.4756
45 1694 0.7029
45 1695 0.5610
45 1696 0.3748
45 1697 0.4042
45 1698 0.4851
45 1699 0.6345
45 1700 0.7214
45 1701 0.5809
45 1702 0.5670
45 1703 0.5992
45 1704 0.6616
45 1705 0.6264
45 1706 0.7034
45 1707 0.8223
45 1708 0.3512
45 1709 0.5477
45 1710 0.4164
45 1711 0.6902
45 1712 0.9738
45 1713 0.7431
45 1714 0.8432
45 1715 0.4147
45 1716 0.5610
45 1717 0.9933
45 1718 0.4649
45 1719 0.4611
45 1720 0.7400
45 1721 0.6251
45 1722 0.3733
45 1723 0.5654
45 1724 0.2390
45 1725 0.1400
45 1726 0.4234
45 1727 0.2803
45 1728 0.4595
45 1729 0.4062
45 1730 0.3707
46 47 0.0598
46 48 0.2037
46 49 0.0628
46 50 0.7787
46 51 0.4644
46 52 0.8686
46 53 0.1967
46 54 0.9059
46 55 0.0179
46 56 0.2775
46 57 0.4694
46 58 0.5294
46 59 0.1834
46 60 0.8619
46 61 0.4758
46 62 0.1005
46 63 0.0746
46 64 0.0727
46 65 0.5450
46 66 0.6412
46 67 0.1380
46 68 0.6618
46 69 0.5569
46 70 0.0699
46 71 0.1994
46 72 0.7207
46 73 0.7339
46 74 0.0959
46 75 0.1031
46 76 0.1414
46 77 0.1969
46 78 0.1807
46 79 0.0817
46 80 0.1817
46 81 0.1103
46 82 0.7280
46 83 0.7590
46 84 0.3447
46 85 0.0928
46 86 0.5524
46 87 0.0944
46 88 0.8235
46 89 0.2360
46 90 0.3701
46 91 0.7608
46 92 0.6871
46 93 0.0583
46 94 0.0972
46 95 0.1158
46 96 0.6542
46 97 0.1053
46 98 0.6863
46 99 0.0606
46 100 0.0583
46 101 0.4057
46 102 0.0945
46 103 0.3743
46 104 0.1084
46 105 0.1362
46 106 0.1694
46 107 0.0258
46 108 0.4079
46 109 0.2113
46 110 0.0517
46 111 0.7002
46 112 0.1853
46 113 0.1309
46 114 0.0310
46 115 0.1155
46 116 0.1157
46 117 0.6310
46 118 0.0766
46 119 0.1122
46 120 0.1884
46 121 0.1194
46 122 0.0611
46 123 0.6536
46 124 0.2318
46 125 0.2363
46 126 0.3956
46 127 0.0986
46 128 0.0719
46 129 0.1317
46 130 0.2811
46 131 0.0307
46 132 0.2875
46 133 0.1682
46 134 0.2132
46 135 0.2065
46 136 0.1684
46 137 0.0764
46 138 0.3772
46 139 0.2403
46 140 0.2007
46 142 0.0714
46 143 0.2362
46 144 0.6112
46 145 0.1352
46 146 0.2240
46 147 0.0750
46 148 0.1188
46 149 0.0845
46 150 0.0786
46 151 0.1608
46 152 0.3863
46 153 0.2143
46 154 0.1650
46 156 0.0893
46 157 0.6212
46 158 0.4132
46 159 0.3678
46 160 0.8307
46 161 0.0900
46 162 0.8406
46 163 0.0840
46 164 0.4018
46 165 0.1042
46 166 0.7481
46 167 0.3135
46 168 0.3848
46 169 0.0597
46 170 0.3501
46 171 0.2067
46 172 0.0803
46 173 0.0388
46 174 0.3556
46 175 0.0521
46 176 0.0907
46 177 0.2947
46 178 0.1916
46 179 0.1483
46 180 0.1132
46 181 0.0409
46 182 0.2684
46 183 0.0224
46 184 0.5092
46 185 0.1857
46 186 0.0540
46 187 0.3595
46 188 0.0412
46 189 0.4435
46 190 0.3088
46 191 0.0314
46 192 0.0962
46 193 0.1973
46 194 0.5290
46 195 0.0784
46 196 0.2593
46 197 0.1227
46 198 0.0349
46 199 0.2608
46 200 0.0505
46 201 0.1074
46 202 0.0491
46 203 0.0646
46 204 0.1196
46 206 0.9264
46 207 0.1168
46 208 0.0453
46 209 0.0975
46 210 0.0492
46 211 0.0817
46 212 0.0871
46 213 0.1019
46 214 0.0472
46 215 0.3759
46 216 0.1715
46 217 0.2351
46 218 0.0707
46 219 0.0472
46 220 0.0986
46 221 0.3923
46 222 0.1213
46 223 0.5320
46 224 0.0584
46 225 0.5957
46 226 0.0329
46 227 0.1645
46 228 0.2450
46 229 0.1280
46 230 0.3327
46 231 0.2098
46 232 0.0485
46 233 0.0523
46 234 0.1136
46 235 0.3701
46 236 0.3446
46 237 0.0470
46 238 0.2281
46 239 0.0876
46 240 0.7747
46 241 0.4291
46 242 0.0467
46 243 0.3434
46 244 0.0559
46 245 0.0961
46 246 0.2234
46 247 0.1456
46 248 0.0716
46 249 0.1343
46 250 0.0394
46 251 0.0864
46 252 0.0587
46 253 0.6995
46 254 0.1214
46 255 0.2524
46 256 0.1565
46 257 0.1472
46 258 0.2510
46 259 0.1656
46 260 0.3028
46 261 0.1577
46 262 0.0899
46 263 0.3455
46 264 0.4919
46 265 0.0452
46 266 0.0745
46 267 0.2768
46 268 0.1138
46 269 0.4710
46 270 0.3031
46 271 0.0202
46 272 0.0934
46 273 0.1324
46 274 0.3061
46 275 0.1351
46 276 0.3372
46 277 0.0894
46 278 0.1163
46 279 0.0560
46 280 0.1420
46 281 0.0820
46 282 0.0988
46 283 0.1511
46 284 0.3014
46 285 0.1763
46 286 0.0807
46 287 0.8142
46 288 0.0662
46 289 0.0401
46 290 0.8806
46 291 0.0669
46 292 0.2270
46 293 0.0943
46 294 0.1898
46 295 0.0271
46 296 0.1792
46 297 0.0898
46 298 0.2050
46 299 0.2073
46 300 0.0789
46 301 0.1185
46 302 0.0986
46 303 0.2353
46 304 0.2481
46 305 0.0986
46 306 0.3217
46 307 0.2176
46 308 0.3855
46 309 0.3493
46 310 0.0473
46 311 0.4383
46 312 0.0798
46 313 0.0955
46 314 0.0774
46 315 0.1695
46 316 0.0516
46 317 0.0616
46 318 0.0559
46 319 0.3534
46 320 0.0310
46 321 0.2548
46 322 0.1623
46 323 0.0397
46 324 0.0508
46 325 0.0686
46 326 0.0555
46 327 0.1326
46 328 0.1370
46 329 0.2902
46 330 0.1051
46 331 0.0337
46 332 0.0589
46 333 0.5790
46 334 0.1906
46 335 0.2703
46 336 0.2581
46 337 0.2868
46 338 0.0714
46 339 0.0952
46 340 0.2524
46 341 0.2066
46 342 0.0557
46 343 0.3417
46 344 0.0587
46 345 0.2684
46 346 0.2356
46 347 0.1685
46 348 0.0816
46 349 0.3067
46 350 0.2001
46 351 0.0441
46 352 0.1507
46 353 0.1021
46 354 0.6779
46 356 0.0390
46 357 0.1219
46 358 0.1006
46 359 0.0319
46 360 0.3158
46 361 0.0540
46 362 0.1461
46 363 0.0646
46 364 0.1301
46 366 0.0496
46 367 0.4355
46 368 0.1266
46 369 0.0804
46 370 0.6070
46 371 0.0461
46 372 0.0695
46 373 0.2107
46 374 0.0958
46 375 0.1243
46 376 0.2286
46 377 0.2091
46 378 0.1742
46 379 0.1314
46 380 0.1765
46 381 0.0817
46 382 0.0463
46 383 0.2551
46 384 0.2036
46 385 0.1566
46 386 0.1056
46 387 0.0813
46 388 0.0768
46 389 0.2037
46 390 0.0751
46 391 0.1854
46 392 0.2480
46 393 0.6524
46 394 0.4391
46 395 0.0716
46 396 0.2419
46 397 0.0406
46 398 0.0607
46 399 0.2215
46 400 0.0926
46 402 0.1541
46 403 0.0722
46 404 0.0245
46 405 0.0408
46 406 0.2472
46 407 0.2268
46 408 0.0578
46 409 0.0580
46 410 0.2981
46 411 0.4025
46 412 0.3142
46 413 0.0508
46 414 0.3709
46 415 0.1509
46 416 0.2037
46 417 0.0627
46 418 0.2776
46 419 0.1005
46 420 0.2037
46 421 0.3181
46 422 0.0405
46 423 0.2037
46 424 0.5196
46 425 0.3164
46 426 0.1859
46 427 0.0986
46 428 0.8170
46 429 0.0493
46 430 0.0620
46 431 0.0242
46 432 0.1224
46 433 0.0667
46 434 0.8658
46 435 0.2116
46 436 0.0764
46 437 0.0675
46 438 0.2660
46 439 0.4255
46 440 0.1726
46 441 0.1143
46 442 0.3781
46 443 0.0432
46 444 0.2379
46 445 0.0228
46 447 0.4054
46 448 0.0808
46 449 0.1674
46 450 0.2705
46 451 0.2622
46 452 0.1693
46 453 0.1244
46 454 0.5203
46 455 0.0629
46 456 0.0966
46 457 0.0675
46 458 0.2325
46 459 0.0546
46 460 0.1614
46 461 0.0895
46 462 0.2037
46 463 0.1444
46 464 0.0776
46 465 0.1963
46 466 0.5559
46 467 0.0805
46 468 0.0453
46 469 0.0763
46 470 0.1202
46 471 0.2320
46 472 0.0786
46 475 0.1829
46 476 0.1854
46 478 0.0411
46 479 0.2167
46 480 0.1747
46 481 0.4055
46 484 0.2317
46 485 0.0739
46 486 0.2787
46 487 0.0606
46 488 0.0434
46 489 0.2708
46 490 0.0750
46 491 0.0941
46 492 0.1777
46 493 0.1018
46 494 0.2375
46 495 0.9164
46 496 0.2163
46 497 0.4492
46 498 0.2392
46 499 0.0816
46 500 0.0484
46 501 0.0478
46 502 0.2037
46 503 0.3424
46 504 0.4940
46 505 0.0443
46 506 0.2118
46 507 0.0352
46 508 0.1524
46 509 0.3622
46 510 0.1112
46 511 0.1596
46 512 0.3859
46 513 0.0405
46 514 0.2468
46 515 0.3611
46 516 0.2993
46 517 0.6019
46 518 0.0570
46 519 0.0612
46 520 0.0946
46 521 0.2066
46 522 0.1633
46 523 0.0671
46 524 0.2072
46 525 0.0898
46 526 0.2518
46 527 0.0797
46 528 0.0350
46 529 0.0893
46 530 0.0629
46 531 0.0630
46 532 0.3070
46 533 0.1144
46 534 0.0929
46 535 0.3156
46 536 0.0609
46 537 0.1434
46 538 0.3076
46 539 0.1222
46 540 0.5640
46 541 0.1078
46 542 0.4698
46 543 0.0627
46 544 0.1442
46 545 0.0662
46 546 0.0582
46 547 0.1898
46 548 0.0371
46 549 0.1240
46 550 0.1577
46 551 0.6062
46 552 0.2379
46 553 0.2761
46 554 0.1114
46 555 0.1701
46 556 0.0527
46 557 0.5351
46 558 0.4239
46 559 0.0498
46 560 0.1114
46 561 0.0819
46 562 0.0347
46 563 0.3365
46 564 0.0325
46 565 0.3328
46 566 0.0662
46 567 0.0964
46 568 0.4977
46 569 0.0699
46 570 0.0457
46 571 0.4770
46 572 0.0522
46 573 0.2625
46 574 0.0480
46 575 0.1159
46 576 0.0549
46 577 0.0552
46 578 0.0723
46 579 0.2355
46 581 0.0674
46 582 0.0531
46 583 0.0354
46 584 0.0436
46 585 0.0584
46 586 0.3962
46 587 0.6976
46 589 0.1412
46 590 0.3808
46 591 0.0808
46 592 0.1383
46 593 0.0906
46 594 0.2593
46 595 0.2112
46 598 0.1380
46 599 0.1927
46 600 0.0994
46 601 0.0989
46 602 0.1644
46 604 0.0407
46 605 0.0704
46 606 0.2352
46 607 0.1320
46 608 0.0525
46 609 0.0610
46 610 0.1265
46 611 0.1125
46 612 0.0521
46 613 0.0709
46 614 0.3559
46 615 0.0420
46 616 0.1059
46 617 0.0423
46 618 0.2559
46 619 0.1787
46 620 0.0412
46 621 0.0818
46 622 0.1126
46 623 0.1739
46 624 0.0627
46 625 0.0877
46 626 0.0765
46 627 0.0525
46 628 0.1777
46 629 0.4036
46 630 0.0589
46 631 0.1554
46 632 0.0514
46 633 0.0879
46 634 0.0609
46 635 0.1475
46 636 0.1923
46 637 0.4188
46 638 0.1523
46 639 0.5378
46 641 0.0837
46 642 0.1030
46 643 0.1498
46 644 0.0894
46 645 0.1550
46 646 0.1311
46 647 0.3410
46 648 0.0253
46 649 0.0271
46 650 0.1419
46 651 0.0805
46 652 0.1025
46 653 0.0760
46 654 0.1894
46 655 0.2461
46 656 0.0629
46 657 0.0655
46 658 0.0638
46 659 0.1433
46 660 0.0687
46 661 0.3969
46 662 0.2171
46 663 0.4797
46 664 0.2935
46 665 0.1465
46 666 0.0591
46 667 0.0354
46 668 0.1066
46 669 0.1414
46 670 0.1395
46 671 0.1740
46 672 0.1085
46 673 0.0785
46 674 0.3342
46 675 0.1934
46 676 0.1416
46 677 0.0781
46 678 0.3365
46 679 0.0386
46 680 0.0360
46 681 0.1105
46 682 0.0690
46 683 0.1264
46 684 0.4853
46 685 0.1939
46 686 0.0617
46 687 0.0537
46 688 0.2953
46 689 0.8083
46 690 0.0606
46 691 0.1024
46 692 0.0398
46 693 0.1999
46 694 0.0656
46 695 0.1173
46 696 0.0559
46 697 0.0499
46 698 0.1883
46 699 0.4189
46 700 0.0346
46 701 0.2063
46 702 0.0529
46 703 0.0666
46 704 0.0573
46 705 0.1296
46 706 0.2512
46 707 0.0435
46 708 0.0678
46 709 0.0728
46 710 0.1329
46 711 0.2106
46 712 0.0492
46 713 0.3236
46 714 0.2149
46 715 0.0848
46 716 0.1880
46 717 0.1584
46 718 0.6715
46 720 0.2317
46 721 0.1412
46 722 0.2603
46 723 0.0575
46 724 0.2036
46 725 0.2694
46 726 0.2467
46 727 0.1787
46 728 0.1570
46 729 0.1623
46 730 0.1141
46 731 0.4762
46 732 0.3733
46 733 0.1552
46 734 0.3398
46 735 0.3468
46 736 0.3360
46 737 0.4683
46 738 0.0544
46 740 0.1108
46 741 0.6506
46 742 0.0486
46 743 0.3599
46 744 0.2562
46 745 0.0410
46 746 0.0845
46 747 0.2731
46 748 0.9186
46 749 0.0357
46 750 0.0629
46 751 0.0462
46 752 0.2020
46 753 0.0724
46 754 0.0930
46 755 0.0742
46 756 0.0684
46 757 0.1088
46 758 0.2388
46 759 0.0977
46 760 0.0489
46 761 0.0496
46 762 0.0441
46 763 0.6655
46 764 0.1696
46 765 0.2048
46 766 0.0438
46 767 0.1542
46 768 0.5424
46 769 0.3254
46 770 0.3129
46 771 0.0805
46 772 0.1726
46 773 0.0301
46 774 0.1125
46 775 0.0757
46 776 0.0650
46 777 0.1073
46 778 0.0921
46 779 0.0685
46 780 0.0893
46 781 0.0924
46 782 0.5407
46 783 0.0919
46 784 0.0319
46 785 0.1870
46 786 0.0418
46 787 0.0445
46 788 0.0685
46 789 0.2025
46 791 0.0418
46 792 0.3280
46 793 0.1460
46 794 0.1041
46 795 0.0221
46 796 0.1762
46 797 0.2056
46 798 0.0432
46 799 0.1175
46 800 0.1914
46 801 0.0636
46 802 0.0412
46 803 0.0210
46 804 0.8210
46 805 0.0374
46 806 0.3909
46 807 0.1432
46 808 0.7000
46 809 0.0782
46 810 0.0757
46 811 0.4411
46 812 0.2231
46 813 0.4447
46 814 0.1222
46 815 0.1082
46 816 0.0545
46 817 0.0499
46 818 0.0554
46 819 0.0972
46 820 0.4209
46 821 0.4623
46 822 0.0456
46 823 0.1473
46 824 0.1164
46 825 0.3370
46 827 0.0877
46 828 0.1278
46 829 0.1296
46 830 0.2168
46 831 0.2608
46 832 0.0640
46 833 0.2189
46 834 0.1026
46 835 0.1105
46 836 0.1207
46 837 0.0718
46 838 0.0670
46 839 0.3465
46 840 0.0953
46 841 0.0626
46 842 0.0415
46 843 0.5851
46 844 0.2037
46 845 0.0487
46 846 0.0348
46 847 0.1749
46 848 0.0408
46 849 0.0927
46 850 0.0518
46 851 0.1742
46 852 0.1975
46 853 0.1533
46 854 0.1796
46 855 0.1971
46 856 0.2340
46 858 0.2319
46 859 0.1633
46 860 0.0488
46 861 0.1604
46 862 0.0583
46 864 0.0781
46 865 0.2133
46 866 0.0674
46 867 0.0997
46 868 0.4216
46 869 0.2265
46 870 0.0457
46 871 0.0884
46 872 0.6820
46 873 0.2351
46 874 0.0852
46 875 0.0950
46 876 0.2708
46 877 0.1156
46 878 0.2747
46 880 0.6204
46 881 0.0590
46 882 0.0625
46 883 0.0347
46 884 0.0605
46 885 0.1672
46 886 0.0682
46 887 0.2847
46 888 0.0987
46 889 0.1038
46 890 0.0996
46 891 0.7490
46 892 0.1881
46 893 0.5165
46 894 0.1125
46 895 0.0716
46 896 0.1076
46 897 0.0472
46 898 0.2036
46 899 0.0897
46 900 0.0450
46 901 0.1599
46 903 0.0547
46 905 0.0661
46 906 0.1971
46 907 0.2640
46 908 0.1031
46 909 0.1695
46 910 0.0662
46 911 0.1174
46 912 0.0499
46 913 0.0847
46 914 0.4871
46 915 0.1352
46 916 0.2552
46 917 0.0664
46 918 0.0563
46 919 0.1225
46 920 0.1419
46 921 0.0756
46 922 0.3496
46 924 0.2319
46 928 0.3966
46 929 0.3295
46 930 0.0598
46 932 0.0844
46 933 0.0664
46 934 0.1071
46 935 0.0345
46 936 0.3554
46 937 0.0688
46 938 0.3443
46 939 0.4510
46 940 0.0653
46 941 0.0955
46 942 0.0585
46 943 0.3344
46 944 0.0699
46 946 0.0529
46 947 0.0437
46 948 0.0382
46 949 0.0574
46 950 0.0349
46 951 0.1242
46 952 0.0965
46 953 0.1047
46 954 0.3518
46 955 0.1246
46 956 0.0321
46 957 0.0525
46 958 0.1861
46 959 0.6609
46 960 0.3068
46 961 0.3016
46 962 0.0862
46 963 0.2372
46 964 0.0829
46 965 0.0783
46 966 0.2050
46 967 0.1348
46 968 0.2363
46 969 0.0689
46 971 0.5056
46 972 0.0541
46 973 0.2281
46 974 0.5182
46 975 0.0639
46 976 0.0357
46 977 0.0817
46 978 0.3063
46 979 0.3147
46 980 0.0715
46 981 0.1250
46 982 0.1850
46 983 0.0322
46 984 0.0372
46 985 0.3061
46 986 0.0804
46 987 0.0535
46 989 0.1401
46 990 0.0968
46 991 0.1577
46 992 0.1657
46 993 0.2806
46 994 0.5349
46 995 0.1329
46 996 0.0458
46 998 0.0628
46 999 0.1681
46 1000 0.0769
46 1001 0.0877
46 1002 0.2108
46 1003 0.7335
46 1004 0.2922
46 1005 0.0615
46 1006 0.1308
46 1007 0.2024
46 1008 0.2072
46 1010 0.0917
46 1012 0.2037
46 1013 0.3449
46 1014 0.0718
46 1015 0.5773
46 1016 0.0281
46 1017 0.1623
46 1018 0.0687
46 1019 0.1159
46 1020 0.2626
46 1022 0.0812
46 1023 0.3963
46 1024 0.1296
46 1025 0.0489
46 1026 0.0887
46 1027 0.1445
46 1028 0.2913
46 1029 0.0760
46 1030 0.4229
46 1031 0.0606
46 1032 0.0597
46 1033 0.0781
46 1034 0.0320
46 1035 0.2285
46 1036 0.0472
46 1037 0.1780
46 1038 0.1051
46 1039 0.1666
46 1040 0.0759
46 1041 0.0965
46 1042 0.0710
46 1043 0.3333
46 1044 0.1827
46 1045 0.0598
46 1046 0.4396
46 1047 0.0304
46 1048 0.0777
46 1049 0.0502
46 1050 0.0334
46 1051 0.0418
46 1053 0.0445
46 1054 0.1738
46 1055 0.6207
46 1056 0.0883
46 1057 0.3657
46 1058 0.0361
46 1059 0.1032
46 1060 0.0647
46 1061 0.0404
46 1062 0.2054
46 1063 0.5448
46 1064 0.0439
46 1065 0.0489
46 1066 0.0785
46 1067 0.5672
46 1068 0.0870
46 1069 0.1015
46 1070 0.0905
46 1071 0.0695
46 1072 0.0303
46 1073 0.1662
46 1075 0.3802
46 1076 0.1209
46 1077 0.2140
46 1078 0.1717
46 1079 0.0971
46 1080 0.0361
46 1081 0.0867
46 1082 0.0394
46 1083 0.5073
46 1084 0.0479
46 1085 0.0488
46 1087 0.1264
46 1089 0.0794
46 1090 0.0825
46 1091 0.0622
46 1092 0.0541
46 1093 0.0836
46 1094 0.0847
46 1095 0.0404
46 1096 0.1502
46 1097 0.0766
46 1099 0.9787
46 1102 0.3311
46 1103 0.1008
46 1104 0.1198
46 1105 0.1837
46 1106 0.0558
46 1107 0.2899
46 1108 0.0371
46 1109 0.1293
46 1110 0.3921
46 1111 0.0326
46 1113 0.0921
46 1114 0.0925
46 1116 0.1928
46 1117 0.5336
46 1118 0.1030
46 1119 0.0537
46 1120 0.1633
46 1121 0.0431
46 1122 0.2063
46 1123 0.0766
46 1124 0.1785
46 1125 0.0383
46 1126 0.0585
46 1127 0.0556
46 1128 0.2378
46 1129 0.0412
46 1130 0.5811
46 1131 0.0626
46 1133 0.2063
46 1134 0.0440
46 1135 0.9810
46 1136 0.6260
46 1138 0.1391
46 1139 0.1448
46 1141 0.0436
46 1142 0.1059
46 1143 0.2823
46 1144 0.1785
46 1145 0.0764
46 1146 0.1145
46 1147 0.0382
46 1148 0.2388
46 1149 0.0579
46 1150 0.2557
46 1151 0.0643
46 1152 0.9000
46 1153 0.0466
46 1154 0.1777
46 1155 0.1473
46 1156 0.0774
46 1157 0.4077
46 1158 0.1048
46 1159 0.0499
46 1160 0.0267
46 1161 0.0643
46 1162 0.0947
46 1163 0.0706
46 1165 0.2565
46 1166 0.1671
46 1167 0.1012
46 1169 0.1292
46 1170 0.0559
46 1172 0.2240
46 1173 0.0724
46 1174 0.2037
46 1176 0.2216
46 1177 0.0826
46 1178 0.2481
46 1180 0.1445
46 1181 0.0465
46 1182 0.1952
46 1183 0.0482
46 1185 0.0681
46 1186 0.2503
46 1187 0.0490
46 1188 0.2417
46 1189 0.0567
46 1191 0.0617
46 1192 0.0883
46 1193 0.0626
46 1194 0.0516
46 1195 0.2364
46 1196 0.1507
46 1197 0.1244
46 1198 0.1046
46 1199 0.0894
46 1200 0.1237
46 1201 0.0709
46 1202 0.0703
46 1203 0.0596
46 1204 0.1298
46 1205 0.1522
46 1206 0.3055
46 1207 0.0883
46 1208 0.0716
46 1209 0.0462
46 1210 0.2871
46 1211 0.0439
46 1212 0.0465
46 1213 0.0563
46 1214 0.2037
46 1215 0.0556
46 1216 0.0629
46 1217 0.0954
46 1218 0.0944
46 1219 0.0650
46 1220 0.0678
46 1221 0.1023
46 1222 0.2037
46 1223 0.0362
46 1224 0.0427
46 1225 0.3251
46 1226 0.3785
46 1227 0.0711
46 1228 0.0652
46 1229 0.1042
46 1230 0.1009
46 1231 0.0319
46 1233 0.0559
46 1234 0.0420
46 1235 0.0953
46 1236 0.0409
46 1237 0.0395
46 1238 0.0415
46 1240 0.2561
46 1241 0.0571
46 1242 0.1728
46 1245 0.0678
46 1246 0.0410
46 1247 0.0493
46 1248 0.1295
46 1249 0.1229
46 1250 0.2555
46 1251 0.0477
46 1252 0.3574
46 1253 0.0592
46 1254 0.0552
46 1255 0.0967
46 1256 0.0954
46 1257 0.0709
46 1258 0.2437
46 1259 0.2832
46 1260 0.1030
46 1262 0.0786
46 1263 0.0913
46 1265 0.1333
46 1266 0.0664
46 1267 0.0433
46 1268 0.2516
46 1269 0.3917
46 1270 0.1098
46 1271 0.0898
46 1272 0.0384
46 1273 0.0467
46 1274 0.2037
46 1275 0.1475
46 1276 0.0932
46 1278 0.0383
46 1279 0.0615
46 1280 0.1357
46 1281 0.0908
46 1282 0.0558
46 1283 0.0285
46 1284 0.0762
46 1286 0.2361
46 1287 0.0425
46 1288 0.2067
46 1289 0.0307
46 1290 0.0844
46 1291 0.0494
46 1292 0.4235
46 1293 0.0745
46 1295 0.0366
46 1296 0.0946
46 1297 0.0896
46 1298 0.0624
46 1299 0.0271
46 1300 0.0766
46 1301 0.0404
46 1302 0.1281
46 1303 0.0755
46 1304 0.1084
46 1305 0.0832
46 1306 0.0419
46 1307 0.0405
46 1308 0.0966
46 1309 0.0781
46 1310 0.0796
46 1311 0.0737
46 1312 0.1616
46 1313 0.0929
46 1316 0.5309
46 1318 0.1009
46 1320 0.0878
46 1322 0.0885
46 1323 0.0586
46 1325 0.0757
46 1326 0.0589
46 1327 0.1471
46 1328 0.0926
46 1329 0.1354
46 1330 0.1587
46 1331 0.1196
46 1332 0.2037
46 1333 0.2037
46 1334 0.0451
46 1335 0.0849
46 1336 0.0807
46 1337 0.0438
46 1338 0.0602
46 1339 0.1113
46 1340 0.0758
46 1341 0.0484
46 1342 0.0833
46 1343 0.0840
46 1344 0.4796
46 1345 0.2037
46 1346 0.0221
46 1347 0.1166
46 1348 0.0906
46 1349 0.0883
46 1350 0.0947
46 1351 0.0967
46 1352 0.0431
46 1353 0.0892
46 1354 0.1735
46 1355 0.0431
46 1356 0.1257
46 1357 0.0650
46 1358 0.0962
46 1359 0.1072
46 1360 0.0761
46 1361 0.0403
46 1362 0.0624
46 1363 0.1459
46 1364 0.1257
46 1365 0.0874
46 1366 0.2037
46 1367 0.1119
46 1368 0.0924
46 1369 0.2249
46 1370 0.3449
46 1371 0.0771
46 1372 0.0773
46 1373 0.1110
46 1374 0.0575
46 1375 0.0606
46 1376 0.2037
46 1377 0.2168
46 1378 0.0904
46 1379 0.1014
46 1380 0.0853
46 1381 0.0984
46 1382 0.0850
46 1383 0.0694
46 1384 0.0951
46 1385 0.0548
46 1386 0.0789
46 1387 0.1717
46 1388 0.0449
46 1389 0.0460
46 1390 0.1059
46 1392 0.0770
46 1393 0.0684
46 1394 0.1159
46 1395 0.0514
46 1396 0.0658
46 1397 0.0751
46 1398 0.0447
46 1399 0.1037
46 1401 0.0503
46 1402 0.1386
46 1405 0.0765
46 1406 0.0756
46 1407 0.3072
46 1408 0.0685
46 1409 0.1016
46 1410 0.0511
46 1411 0.0664
46 1412 0.0716
46 1413 0.0604
46 1414 0.0433
46 1415 0.0675
46 1416 0.0486
46 1418 0.1094
46 1419 0.1030
46 1420 0.0955
46 1421 0.1247
46 1422 0.0550
46 1423 0.0358
46 1424 0.0643
46 1425 0.0779
46 1426 0.3808
46 1427 0.0572
46 1428 0.0685
46 1430 0.0776
46 1431 0.0409
46 1433 0.0389
46 1434 0.4044
46 1435 0.1863
46 1436 0.1979
46 1437 0.0645
46 1438 0.0681
46 1439 0.0596
46 1440 0.1438
46 1441 0.0572
46 1443 0.0431
46 1445 0.0409
46 1446 0.0637
46 1448 0.1304
46 1449 0.0830
46 1451 0.2358
46 1452 0.4462
46 1453 0.4293
46 1454 0.2906
46 1455 0.2228
46 1456 0.4408
46 1457 0.3563
46 1458 0.1717
46 1459 0.0845
46 1460 0.4156
46 1461 0.1295
46 1462 0.4482
46 1463 0.2423
46 1464 0.2833
46 1465 0.1502
46 1466 0.2507
46 1468 0.1095
46 1470 0.2072
46 1472 0.2030
46 1473 0.1703
46 1474 0.2266
46 1475 0.0955
46 1476 0.2963
46 1477 0.1637
46 1478 0.1125
46 1479 0.5299
46 1480 0.1881
46 1481 0.1420
46 1482 0.2321
46 1484 0.0767
46 1485 0.2109
46 1487 0.2114
46 1488 0.1910
46 1490 0.3586
46 1491 0.4308
46 1492 0.3088
46 1493 0.2960
46 1494 0.1492
46 1495 0.1041
46 1496 0.4296
46 1497 0.2548
46 1498 0.2387
46 1499 0.0734
46 1500 0.1362
46 1501 0.0940
46 1502 0.1628
46 1503 0.7530
46 1504 0.5639
46 1505 0.2117
46 1506 0.1138
46 1507 0.2104
46 1508 0.2130
46 1510 0.2693
46 1511 0.2104
46 1512 0.1176
46 1513 0.1666
46 1514 0.0947
46 1515 0.1142
46 1516 0.5890
46 1517 0.1703
46 1518 0.4155
46 1519 0.1265
46 1520 0.5979
46 1522 0.0739
46 1523 0.0456
46 1525 0.0842
46 1526 0.1680
46 1527 0.1505
46 1528 0.2037
46 1529 0.2071
46 1530 0.1056
46 1531 0.1021
46 1532 0.0522
46 1534 0.0652
46 1535 0.0507
46 1536 0.0325
46 1538 0.0784
46 1540 0.0591
46 1541 0.0615
46 1542 0.0505
46 1544 0.0393
46 1545 0.0766
46 1546 0.0548
46 1547 0.0871
46 1548 0.0663
46 1549 0.0963
46 1550 0.0628
46 1551 0.0452
46 1552 0.1112
46 1554 0.1397
46 1555 0.0771
46 1556 0.0440
46 1557 0.0826
46 1560 0.0728
46 1562 0.0652
46 1565 0.0580
46 1566 0.0772
46 1567 0.0549
46 1568 0.0769
46 1569 0.0934
46 1570 0.0647
46 1571 0.0786
46 1572 0.0728
46 1573 0.1719
46 1574 0.0656
46 1575 0.0915
46 1576 0.0799
46 1577 0.1082
46 1578 0.0603
46 1579 0.0739
46 1580 0.1257
46 1581 0.0696
46 1582 0.0915
46 1583 0.0841
46 1584 0.0703
46 1585 0.1425
46 1586 0.0432
46 1587 0.0980
46 1588 0.0480
46 1589 0.0567
46 1590 0.0688
46 1591 0.0790
46 1592 0.0420
46 1593 0.1004
46 1594 0.0419
46 1595 0.0849
46 1596 0.0914
46 1597 0.0393
46 1598 0.0582
46 1599 0.0477
46 1600 0.2037
46 1601 0.0629
46 1602 0.1014
46 1603 0.0933
46 1604 0.0970
46 1605 0.0959
46 1606 0.0761
46 1607 0.0710
46 1608 0.1864
46 1609 0.0656
46 1610 0.0503
46 1611 0.2210
46 1612 0.0579
46 1613 0.2224
46 1614 0.1781
46 1615 0.1079
46 1616 0.0789
46 1617 0.0883
46 1618 0.5638
46 1619 0.1131
46 1620 0.0819
46 1621 0.4243
46 1622 0.5466
46 1623 0.1063
46 1624 0.1307
46 1625 0.0932
46 1626 0.1018
46 1627 0.0616
46 1628 0.0608
46 1629 0.0664
46 1630 0.0682
46 1631 0.1608
46 1632 0.0994
46 1633 0.1110
46 1634 0.0556
46 1635 0.0664
46 1636 0.0711
46 1637 0.0582
46 1638 0.1064
46 1639 0.0929
46 1640 0.0901
46 1641 0.1010
46 1642 0.0678
46 1643 0.1092
46 1644 0.0422
46 1645 0.1768
46 1646 0.0948
46 1647 0.0827
46 1648 0.1045
46 1649 0.0726
46 1650 0.0812
46 1651 0.0936
46 1652 0.0928
46 1653 0.0692
46 1654 0.0539
46 1655 0.0518
46 1656 0.0766
46 1657 0.0766
46 1658 0.0700
46 1659 0.1100
46 1660 0.0538
46 1661 0.0491
46 1662 0.1074
46 1663 0.0955
46 1664 0.0509
46 1665 0.0484
46 1666 0.0423
46 1667 0.0886
46 1668 0.1268
46 1669 0.0578
46 1670 0.0716
46 1671 0.1178
46 1672 0.1569
46 1673 0.0693
46 1674 0.0670
46 1675 0.0685
46 1676 0.0814
46 1677 0.0841
46 1678 0.0832
46 1679 0.0646
46 1680 0.2037
46 1681 0.0766
46 1682 0.0514
46 1683 0.0908
46 1684 0.0714
46 1685 0.0999
46 1686 0.0600
46 1687 0.0499
46 1688 0.0629
46 1689 0.5296
46 1690 0.0489
46 1691 0.1062
46 1692 0.0786
46 1693 0.0572
46 1694 0.0558
46 1695 0.2037
46 1696 0.0914
46 1697 0.0675
46 1698 0.0617
46 1699 0.0656
46 1700 0.1183
46 1701 0.0313
46 1702 0.0829
46 1703 0.0674
46 1704 0.0371
46 1705 0.0610
46 1706 0.0293
46 1707 0.1614
46 1708 0.0323
46 1709 0.0877
46 1710 0.0442
46 1711 0.0630
46 1712 0.4045
46 1713 0.0628
46 1714 0.0653
46 1715 0.0442
46 1716 0.2037
46 1717 0.3968
46 1718 0.0951
46 1719 0.0371
46 1720 0.1181
46 1721 0.0493
46 1722 0.0652
46 1723 0.0772
46 1724 0.0425
46 1725 0.0698
46 1726 0.0576
46 1727 0.0382
46 1728 0.1037
46 1729 0.0396
46 1730 0.0480
47 48 0.1477
47 49 0.2900
47 50 0.3409
47 51 0.5495
47 52 0.4148
47 53 0.1374
47 54 0.4213
47 55 0.2575
47 56 0.2773
47 57 0.6557
47 58 0.8339
47 59 0.2827
47 60 0.4157
47 61 0.9063
47 62 0.5040
47 63 0.5141
47 64 0.8439
47 65 0.4718
47 66 0.3316
47 67 0.8096
47 68 0.4016
47 69 0.2811
47 70 0.5394
47 71 0.4002
47 72 0.3168
47 73 0.4442
47 74 0.2731
47 75 0.3189
47 76 0.3314
47 77 0.7965
47 78 0.2997
47 79 0.2423
47 80 0.3125
47 81 0.7718
47 82 0.4528
47 83 0.5715
47 84 0.8974
47 85 0.9340
47 86 0.0714
47 87 0.2873
47 88 0.3589
47 89 0.7686
47 90 0.9248
47 91 0.6883
47 92 0.3794
47 93 0.1555
47 94 0.9024
47 95 0.5393
47 96 0.1150
47 97 0.2343
47 98 0.3478
47 99 0.2870
47 100 0.1827
47 101 0.2697
47 102 0.3850
47 103 0.3204
47 104 0.4965
47 105 0.3701
47 106 0.3473
47 107 0.1956
47 108 0.4236
47 109 0.7884
47 110 0.2234
47 111 0.2035
47 112 0.4563
47 113 0.3029
47 114 0.1593
47 115 0.7683
47 116 0.8880
47 117 0.1926
47 118 0.0746
47 119 0.4973
47 120 0.3133
47 121 0.3842
47 122 0.2393
47 123 0.3902
47 124 0.5993
47 125 0.2285
47 126 0.1427
47 127 0.0548
47 128 0.9260
47 129 0.1148
47 130 0.3106
47 131 0.2133
47 132 0.1705
47 133 0.1277
47 134 0.5058
47 135 0.6972
47 136 0.7959
47 137 0.4256
47 138 0.3450
47 139 0.2989
47 140 0.3841
47 142 0.3197
47 143 0.8770
47 144 0.1291
47 145 0.5429
47 146 0.4757
47 147 0.2827
47 148 0.3401
47 149 0.0934
47 150 0.3073
47 151 0.5391
47 152 0.9367
47 153 0.9042
47 154 0.8851
47 156 0.1914
47 157 0.1691
47 158 0.3169
47 159 0.4662
47 160 0.3729
47 161 0.1043
47 162 0.4312
47 163 0.3249
47 164 0.1518
47 165 0.2604
47 166 0.4500
47 167 0.0849
47 168 0.1524
47 169 0.2060
47 170 0.8973
47 171 0.2820
47 172 0.4320
47 173 0.0759
47 174 0.0456
47 175 0.7354
47 176 0.4512
47 177 0.1359
47 178 0.8280
47 179 0.8395
47 180 0.4848
47 181 0.0575
47 182 0.3861
47 183 0.2398
47 184 0.9003
47 185 0.6573
47 186 0.2311
47 187 0.3901
47 188 0.2691
47 189 0.1009
47 190 0.0617
47 191 0.1291
47 192 0.2156
47 193 0.5958
47 194 0.3073
47 195 0.2434
47 196 0.3026
47 197 0.4050
47 198 0.1586
47 199 0.3142
47 200 0.3309
47 201 0.5423
47 202 0.1600
47 203 0.5948
47 204 0.5530
47 206 0.5069
47 207 0.1570
47 208 0.0994
47 209 0.2608
47 210 0.6476
47 211 0.3962
47 212 0.7425
47 213 0.0993
47 214 0.2042
47 215 0.9412
47 216 0.3626
47 217 0.3517
47 218 0.2838
47 219 0.1223
47 220 0.0548
47 221 0.1117
47 222 0.0315
47 223 0.7086
47 224 0.0822
47 225 0.3494
47 226 0.1653
47 227 0.1110
47 228 0.4661
47 229 0.1765
47 230 0.9083
47 231 0.0796
47 232 0.1590
47 233 0.9025
47 234 0.2832
47 235 0.6581
47 236 0.9224
47 237 0.0773
47 238 0.3931
47 239 0.1158
47 240 0.2937
47 241 0.0719
47 242 0.2847
47 243 0.1924
47 244 0.1224
47 245 0.2143
47 246 0.1112
47 247 0.0825
47 248 0.1084
47 249 0.0827
47 250 0.2069
47 251 0.6519
47 252 0.1008
47 253 0.4711
47 254 0.3876
47 255 0.1891
47 256 0.5010
47 257 0.1223
47 258 0.4184
47 259 0.2033
47 260 0.1049
47 261 0.6418
47 262 0.3895
47 263 0.2052
47 264 0.3392
47 265 0.7246
47 266 0.2027
47 267 0.2720
47 268 0.1581
47 269 0.1467
47 270 0.2328
47 271 0.2487
47 272 0.7704
47 273 0.1332
47 274 0.0593
47 275 0.3599
47 276 0.5346
47 277 0.6898
47 278 0.2517
47 279 0.2157
47 280 0.0828
47 281 0.1190
47 282 0.1499
47 283 0.7243
47 284 0.3397
47 285 0.1172
47 286 0.2739
47 287 0.3511
47 288 0.1773
47 289 0.2004
47 290 0.4675
47 291 0.2474
47 292 0.2710
47 293 0.1456
47 294 0.5050
47 295 0.1728
47 296 0.5634
47 297 0.4976
47 298 0.6429
47 299 0.0697
47 300 0.2582
47 301 0.2947
47 302 0.0548
47 303 0.0455
47 304 0.4977
47 305 0.0548
47 306 0.1002
47 307 0.1173
47 308 0.7408
47 309 0.2240
47 310 0.3842
47 311 0.1105
47 312 0.0419
47 313 0.3629
47 314 0.2538
47 315 0.4185
47 316 0.1231
47 317 0.2101
47 318 0.1224
47 319 0.3100
47 320 0.3431
47 321 0.1915
47 322 0.0726
47 323 0.3191
47 324 0.3419
47 325 0.0744
47 326 0.6925
47 327 0.3226
47 328 0.4102
47 329 0.0800
47 330 0.1694
47 331 0.1818
47 332 0.8277
47 333 0.0557
47 334 0.5037
47 335 0.1222
47 336 0.1807
47 337 0.2777
47 338 0.2472
47 339 0.1561
47 340 0.3687
47 341 0.2758
47 342 0.2601
47 343 0.0748
47 344 0.1815
47 345 0.0526
47 346 0.1867
47 347 0.7643
47 348 0.6537
47 349 0.2118
47 350 0.2837
47 351 0.2054
47 352 0.0910
47 353 0.1902
47 354 0.1892
47 356 0.0823
47 357 0.0778
47 358 0.2389
47 359 0.1155
47 360 0.0666
47 361 0.1485
47 362 0.2752
47 363 0.3550
47 364 0.1433
47 366 0.1436
47 367 0.1581
47 368 0.0890
47 369 0.3453
47 370 0.5870
47 371 0.1731
47 372 0.1887
47 373 0.2444
47 374 0.2121
47 375 0.9129
47 376 0.1980
47 377 0.2670
47 378 0.2440
47 379 0.9378
47 380 0.1240
47 381 0.1867
47 382 0.1580
47 383 0.3029
47 384 0.2068
47 385 0.2853
47 386 0.4752
47 387 0.2128
47 388 0.2187
47 389 0.1477
47 390 0.6738
47 391 0.2955
47 392 0.5315
47 393 0.2884
47 394 0.2316
47 395 0.5689
47 396 0.5771
47 397 0.7989
47 398 0.3300
47 399 0.8316
47 400 0.1706
47 402 0.1795
47 403 0.2333
47 404 0.1522
47 405 0.1511
47 406 0.1818
47 407 0.1265
47 408 0.6995
47 409 0.2673
47 410 0.1428
47 411 0.0385
47 412 0.5111
47 413 0.2878
47 414 0.2108
47 415 0.7483
47 416 0.1477
47 417 0.0910
47 418 0.2949
47 419 0.2799
47 420 0.1477
47 421 0.2407
47 422 0.1722
47 423 0.1477
47 424 0.4762
47 425 0.3626
47 426 0.1006
47 427 0.0548
47 428 0.4643
47 429 0.1666
47 430 0.1099
47 431 0.0883
47 432 0.1008
47 433 0.1471
47 434 0.4526
47 435 0.1921
47 436 0.4447
47 437 0.6678
47 438 0.9667
47 439 0.1158
47 440 0.1594
47 441 0.4172
47 442 0.3476
47 443 0.0666
47 444 0.0748
47 445 0.1210
47 447 0.2201
47 448 0.0565
47 449 0.9395
47 450 0.1578
47 451 0.1437
47 452 0.3249
47 453 0.0972
47 454 0.6546
47 455 0.4019
47 456 0.7638
47 457 0.6678
47 458 0.0420
47 459 0.2948
47 460 0.0642
47 461 0.5110
47 462 0.1477
47 463 0.6309
47 464 0.7622
47 465 0.1107
47 466 0.5620
47 467 0.1470
47 468 0.1022
47 469 0.7037
47 470 0.4895
47 471 0.2741
47 472 0.3187
47 475 0.2390
47 476 0.3940
47 478 0.1021
47 479 0.1333
47 480 0.2697
47 481 0.2054
47 484 0.6063
47 485 0.2251
47 486 0.0611
47 487 0.1751
47 488 0.1492
47 489 0.1333
47 490 0.0714
47 491 0.2118
47 492 0.5244
47 493 0.0723
47 494 0.1034
47 495 0.4024
47 496 0.2260
47 497 0.2287
47 498 0.5745
47 499 0.6228
47 500 0.2218
47 501 0.2933
47 502 0.1477
47 503 0.1955
47 504 0.0718
47 505 0.3597
47 506 0.2275
47 507 0.1704
47 508 0.4797
47 509 0.7178
47 510 0.2093
47 511 0.7656
47 512 0.2173
47 513 0.1550
47 514 0.5471
47 515 0.3500
47 516 0.4620
47 517 0.1162
47 518 0.2827
47 519 0.1585
47 520 0.1649
47 521 0.2197
47 522 0.1446
47 523 0.2473
47 524 0.1253
47 525 0.0735
47 526 0.0963
47 527 0.5920
47 528 0.0897
47 529 0.1471
47 530 0.1252
47 531 0.3118
47 532 0.0481
47 533 0.1577
47 534 0.1967
47 535 0.7685
47 536 0.4472
47 537 0.1694
47 538 0.0745
47 539 0.5905
47 540 0.4722
47 541 0.1438
47 542 0.1812
47 543 0.0910
47 544 0.2272
47 545 0.1773
47 546 0.6429
47 547 0.7407
47 548 0.3025
47 549 0.2624
47 550 0.0331
47 551 0.1865
47 552 0.1572
47 553 0.4838
47 554 0.1762
47 555 0.8350
47 556 0.0687
47 557 0.7459
47 558 0.3544
47 559 0.0544
47 560 0.3021
47 561 0.7419
47 562 0.1511
47 563 0.4843
47 564 0.1905
47 565 0.0846
47 566 0.1773
47 567 0.1484
47 568 0.7197
47 569 0.1905
47 570 0.7224
47 571 0.4117
47 572 0.8675
47 573 0.2733
47 574 0.1888
47 575 0.2345
47 576 0.1773
47 577 0.2080
47 578 0.4785
47 579 0.7343
47 581 0.2253
47 582 0.1463
47 583 0.1563
47 584 0.1227
47 585 0.2369
47 586 0.2305
47 587 0.2778
47 589 0.1933
47 590 0.4857
47 591 0.2466
47 592 0.2277
47 593 0.5770
47 594 0.0758
47 595 0.0555
47 598 0.1201
47 599 0.2748
47 600 0.3159
47 601 0.8605
47 602 0.1646
47 604 0.1388
47 605 0.1213
47 606 0.1563
47 607 0.2344
47 608 0.1002
47 609 0.6551
47 610 0.3978
47 611 0.0783
47 612 0.2419
47 613 0.1267
47 614 0.4840
47 615 0.0679
47 616 0.1618
47 617 0.0736
47 618 0.2729
47 619 0.2984
47 620 0.1783
47 621 0.7380
47 622 0.1609
47 623 0.0838
47 624 0.0910
47 625 0.4196
47 626 0.1566
47 627 0.8334
47 628 0.2786
47 629 0.1686
47 630 0.1479
47 631 0.2429
47 632 0.4297
47 633 0.3355
47 634 0.1700
47 635 0.1528
47 636 0.0884
47 637 0.3753
47 638 0.0921
47 639 0.5527
47 641 0.0475
47 642 0.2139
47 643 0.0806
47 644 0.1019
47 645 0.1669
47 646 0.2028
47 647 0.7835
47 648 0.1662
47 649 0.1057
47 650 0.8752
47 651 0.0852
47 652 0.3672
47 653 0.1851
47 654 0.0679
47 655 0.2481
47 656 0.0703
47 657 0.1400
47 658 0.8480
47 659 0.1000
47 660 0.2039
47 661 0.0627
47 662 0.3761
47 663 0.0532
47 664 0.2952
47 665 0.6496
47 666 0.0893
47 667 0.1626
47 668 0.1172
47 669 0.2124
47 670 0.2070
47 671 0.4415
47 672 0.5822
47 673 0.0391
47 674 0.0575
47 675 0.0985
47 676 0.2287
47 677 0.3569
47 678 0.2183
47 679 0.0834
47 680 0.0668
47 681 0.0754
47 682 0.0367
47 683 0.5061
47 684 0.1746
47 685 0.4859
47 686 0.2808
47 687 0.0810
47 688 0.0919
47 689 0.4030
47 690 0.1751
47 691 0.1685
47 692 0.1229
47 693 0.0424
47 694 0.2470
47 695 0.1594
47 696 0.1224
47 697 0.0983
47 698 0.4000
47 699 0.8310
47 700 0.1797
47 701 0.0757
47 702 0.2859
47 703 0.5615
47 704 0.1695
47 705 0.4923
47 706 0.5816
47 707 0.1370
47 708 0.1387
47 709 0.1957
47 710 0.2632
47 711 0.4031
47 712 0.0937
47 713 0.0634
47 714 0.4420
47 715 0.0705
47 716 0.0845
47 717 0.1265
47 718 0.1977
47 720 0.0551
47 721 0.1320
47 722 0.3842
47 723 0.7515
47 724 0.0567
47 725 0.0656
47 726 0.3798
47 727 0.1306
47 728 0.2112
47 729 0.3707
47 730 0.0334
47 731 0.1257
47 732 0.8883
47 733 0.3214
47 734 0.4728
47 735 0.4415
47 736 0.4822
47 737 0.4474
47 738 0.4656
47 740 0.7318
47 741 0.5444
47 742 0.8346
47 743 0.3081
47 744 0.3119
47 745 0.1118
47 746 0.0534
47 747 0.0931
47 748 0.5319
47 749 0.1381
47 750 0.8353
47 751 0.7839
47 752 0.4482
47 753 0.1382
47 754 0.3113
47 755 0.1783
47 756 0.1494
47 757 0.3346
47 758 0.0707
47 759 0.1186
47 760 0.1914
47 761 0.4709
47 762 0.0599
47 763 0.3609
47 764 0.3580
47 765 0.0521
47 766 0.0778
47 767 0.0411
47 768 0.6135
47 769 0.1004
47 770 0.5715
47 771 0.1539
47 772 0.2471
47 773 0.2585
47 774 0.0692
47 775 0.1301
47 776 0.2838
47 777 0.1877
47 778 0.1542
47 779 0.3958
47 780 0.1692
47 781 0.0821
47 782 0.1619
47 783 0.4737
47 784 0.1425
47 785 0.0669
47 786 0.3585
47 787 0.1385
47 788 0.3958
47 789 0.4054
47 791 0.2339
47 792 0.1200
47 793 0.9000
47 794 0.2581
47 795 0.1783
47 796 0.2456
47 797 0.1186
47 798 0.0567
47 799 0.2879
47 800 0.3531
47 801 0.0656
47 802 0.0399
47 803 0.2717
47 804 0.4108
47 805 0.0721
47 806 0.1395
47 807 0.1345
47 808 0.2879
47 809 0.2383
47 810 0.0504
47 811 0.4495
47 812 0.0787
47 813 0.2880
47 814 0.1533
47 815 0.0782
47 816 0.6504
47 817 0.0932
47 818 0.0500
47 819 0.2106
47 820 0.0831
47 821 0.7288
47 822 0.1402
47 823 0.3282
47 824 0.2274
47 825 0.3408
47 827 0.2075
47 828 0.1680
47 829 0.4021
47 830 0.2036
47 831 0.2507
47 832 0.1902
47 833 0.0526
47 834 0.3818
47 835 0.1705
47 836 0.2420
47 837 0.3424
47 838 0.1655
47 839 0.1793
47 840 0.1996
47 841 0.8104
47 842 0.0851
47 843 0.1836
47 844 0.1477
47 845 0.4005
47 846 0.2348
47 847 0.1310
47 848 0.1268
47 849 0.2404
47 850 0.0911
47 851 0.4134
47 852 0.0799
47 853 0.2543
47 854 0.2517
47 855 0.1597
47 856 0.2352
47 858 0.5346
47 859 0.1039
47 860 0.2051
47 861 0.1160
47 862 0.2129
47 864 0.1725
47 865 0.0796
47 866 0.1398
47 867 0.2152
47 868 0.2461
47 869 0.3127
47 870 0.1961
47 871 0.1927
47 872 0.9226
47 873 0.0574
47 874 0.1220
47 875 0.1655
47 876 0.0892
47 877 0.1644
47 878 0.1318
47 880 0.3601
47 881 0.0987
47 882 0.0608
47 883 0.1390
47 884 0.0563
47 885 0.1098
47 886 0.2816
47 887 0.3627
47 888 0.0712
47 889 0.2964
47 890 0.2296
47 891 0.6352
47 892 0.0668
47 893 0.2779
47 894 0.2103
47 895 0.2911
47 896 0.3139
47 897 0.1186
47 898 0.2196
47 899 0.1092
47 900 0.1243
47 901 0.2481
47 903 0.3670
47 905 0.1653
47 906 0.1330
47 907 0.0731
47 908 0.1261
47 909 0.3064
47 910 0.2069
47 911 0.3119
47 912 0.0480
47 913 0.3753
47 914 0.1614
47 915 0.3075
47 916 0.1036
47 917 0.0864
47 918 0.1203
47 919 0.6902
47 920 0.3489
47 921 0.1078
47 922 0.0825
47 924 0.1585
47 928 0.4374
47 929 0.2854
47 930 0.2116
47 932 0.0987
47 933 0.0591
47 934 0.0287
47 935 0.1731
47 936 0.4370
47 937 0.1009
47 938 0.1203
47 939 0.0893
47 940 0.3640
47 941 0.1270
47 942 0.1772
47 943 0.1151
47 944 0.0552
47 946 0.8742
47 947 0.1423
47 948 0.0751
47 949 0.0224
47 950 0.1483
47 951 0.2041
47 952 0.6362
47 953 0.8497
47 954 0.0675
47 955 0.1264
47 956 0.1461
47 957 0.6296
47 958 0.0314
47 959 0.0552
47 960 0.9774
47 961 0.0859
47 962 0.1124
47 963 0.0444
47 964 0.4426
47 965 0.6981
47 966 0.2469
47 967 0.3284
47 968 0.4225
47 969 0.5559
47 971 0.0972
47 972 0.7206
47 973 0.8350
47 974 0.9917
47 975 0.1099
47 976 0.0911
47 977 0.1102
47 978 0.4861
47 979 0.4397
47 980 0.5632
47 981 0.1451
47 982 0.1407
47 983 0.0969
47 984 0.1390
47 985 0.2571
47 986 0.7188
47 987 0.8556
47 989 0.1719
47 990 0.4491
47 991 0.0331
47 992 0.0839
47 993 0.4834
47 994 0.5237
47 995 0.3362
47 996 0.2316
47 998 0.0479
47 999 0.0891
47 1000 0.1273
47 1001 0.0662
47 1002 0.3899
47 1003 0.3589
47 1004 0.3926
47 1005 0.1049
47 1006 0.7525
47 1007 0.3059
47 1008 0.0689
47 1010 0.1702
47 1012 0.1477
47 1013 0.1692
47 1014 0.8361
47 1015 0.1366
47 1016 0.0795
47 1017 0.2617
47 1018 0.0345
47 1019 0.3023
47 1020 0.1305
47 1022 0.1159
47 1023 0.3386
47 1024 0.8257
47 1025 0.0778
47 1026 0.0551
47 1027 0.4580
47 1028 0.0526
47 1029 0.1916
47 1030 0.2460
47 1031 0.1751
47 1032 0.2853
47 1033 0.5481
47 1034 0.1142
47 1035 0.0292
47 1036 0.1984
47 1037 0.0685
47 1038 0.0784
47 1039 0.1532
47 1040 0.1055
47 1041 0.4835
47 1042 0.5568
47 1043 0.0619
47 1044 0.0965
47 1045 0.0558
47 1046 0.1195
47 1047 0.1123
47 1048 0.5083
47 1049 0.1419
47 1050 0.0997
47 1051 0.1427
47 1053 0.1947
47 1054 0.2635
47 1055 0.1554
47 1056 0.7966
47 1057 0.4398
47 1058 0.0916
47 1059 0.2106
47 1060 0.3023
47 1061 0.5607
47 1062 0.1018
47 1063 0.2304
47 1064 0.3608
47 1065 0.0830
47 1066 0.3001
47 1067 0.3887
47 1068 0.4993
47 1069 0.1534
47 1070 0.6557
47 1071 0.1208
47 1072 0.1052
47 1073 0.0526
47 1075 0.0739
47 1076 0.2413
47 1077 0.1435
47 1078 0.0598
47 1079 0.8671
47 1080 0.1019
47 1081 0.1316
47 1082 0.2732
47 1083 0.2581
47 1084 0.0841
47 1085 0.0849
47 1087 0.3985
47 1089 0.0901
47 1090 0.0870
47 1091 0.0772
47 1092 0.0321
47 1093 0.1216
47 1094 0.2001
47 1095 0.0534
47 1096 0.1587
47 1097 0.1099
47 1099 0.8522
47 1102 0.0691
47 1103 0.0704
47 1104 0.4106
47 1105 0.3238
47 1106 0.8418
47 1107 0.1651
47 1108 0.0678
47 1109 0.1652
47 1110 0.1203
47 1111 0.1020
47 1113 0.0644
47 1114 0.0774
47 1116 0.0624
47 1117 0.1616
47 1118 0.0481
47 1119 0.7576
47 1120 0.0473
47 1121 0.0498
47 1122 0.0576
47 1123 0.0690
47 1124 0.3414
47 1125 0.0847
47 1126 0.0465
47 1127 0.2429
47 1128 0.2044
47 1129 0.8540
47 1130 0.2178
47 1131 0.0423
47 1133 0.0576
47 1134 0.1427
47 1135 0.7287
47 1136 0.1538
47 1138 0.1421
47 1139 0.0371
47 1141 0.1365
47 1142 0.2168
47 1143 0.7474
47 1144 0.1409
47 1145 0.0438
47 1146 0.3413
47 1147 0.1068
47 1148 0.0738
47 1149 0.1752
47 1150 0.2815
47 1151 0.1142
47 1152 0.4663
47 1153 0.1237
47 1154 0.4235
47 1155 0.2062
47 1156 0.2384
47 1157 0.0985
47 1158 0.0871
47 1159 0.1607
47 1160 0.1291
47 1161 0.2076
47 1162 0.1031
47 1163 0.3580
47 1165 0.1636
47 1166 0.0795
47 1167 0.2405
47 1169 0.3412
47 1170 0.1224
47 1172 0.0937
47 1173 0.1948
47 1174 0.1477
47 1176 0.1575
47 1177 0.1179
47 1178 0.1628
47 1180 0.3455
47 1181 0.0687
47 1182 0.0988
47 1183 0.0663
47 1185 0.3004
47 1186 0.0850
47 1187 0.0807
47 1188 0.1387
47 1189 0.1071
47 1191 0.2301
47 1192 0.4478
47 1193 0.2495
47 1194 0.2033
47 1195 0.8232
47 1196 0.0963
47 1197 0.2694
47 1198 0.0666
47 1199 0.1754
47 1200 0.1377
47 1201 0.2963
47 1202 0.1797
47 1203 0.0485
47 1204 0.1614
47 1205 0.0689
47 1206 0.1500
47 1207 0.3569
47 1208 0.1433
47 1209 0.1041
47 1210 0.3132
47 1211 0.3507
47 1212 0.0662
47 1213 0.2102
47 1214 0.1477
47 1215 0.1199
47 1216 0.0610
47 1217 0.1689
47 1218 0.1416
47 1219 0.0412
47 1220 0.0652
47 1221 0.1580
47 1222 0.1477
47 1223 0.2380
47 1224 0.0676
47 1225 0.4620
47 1226 0.5672
47 1227 0.1315
47 1228 0.0566
47 1229 0.0977
47 1230 0.0869
47 1231 0.0642
47 1233 0.1224
47 1234 0.1922
47 1235 0.3975
47 1236 0.1424
47 1237 0.0698
47 1238 0.2575
47 1240 0.0638
47 1241 0.1825
47 1242 0.2752
47 1245 0.0652
47 1246 0.1644
47 1247 0.2561
47 1248 0.0445
47 1249 0.0883
47 1250 0.3523
47 1251 0.0876
47 1252 0.2155
47 1253 0.1371
47 1254 0.7566
47 1255 0.1119
47 1256 0.5761
47 1257 0.5983
47 1258 0.7799
47 1259 0.6083
47 1260 0.8583
47 1262 0.7127
47 1263 0.6956
47 1265 0.8200
47 1266 0.1527
47 1267 0.6348
47 1268 0.7774
47 1269 0.5548
47 1270 0.7240
47 1271 0.8799
47 1272 0.7524
47 1273 0.8141
47 1274 0.1477
47 1275 0.8463
47 1276 0.7347
47 1278 0.7521
47 1279 0.7658
47 1280 0.6854
47 1281 0.1265
47 1282 0.0981
47 1283 0.1725
47 1284 0.1285
47 1286 0.4256
47 1287 0.3171
47 1288 0.1901
47 1289 0.1043
47 1290 0.0438
47 1291 0.1638
47 1292 0.5300
47 1293 0.0978
47 1295 0.0815
47 1296 0.0644
47 1297 0.0735
47 1298 0.2596
47 1299 0.1879
47 1300 0.0519
47 1301 0.1582
47 1302 0.0747
47 1303 0.2725
47 1304 0.1389
47 1305 0.1167
47 1306 0.1476
47 1307 0.1577
47 1308 0.1201
47 1309 0.0764
47 1310 0.0274
47 1311 0.0660
47 1312 0.0679
47 1313 0.1197
47 1316 0.8482
47 1318 0.1153
47 1320 0.0493
47 1322 0.0310
47 1323 0.2899
47 1325 0.1024
47 1326 0.0586
47 1327 0.0625
47 1328 0.0515
47 1329 0.1150
47 1330 0.0699
47 1331 0.1948
47 1332 0.1477
47 1333 0.1477
47 1334 0.0851
47 1335 0.2310
47 1336 0.2597
47 1337 0.0888
47 1338 0.0569
47 1339 0.2511
47 1340 0.1552
47 1341 0.1621
47 1342 0.4338
47 1343 0.0782
47 1344 0.5157
47 1345 0.1477
47 1346 0.1783
47 1347 0.0677
47 1348 0.1690
47 1349 0.0769
47 1350 0.0949
47 1351 0.0907
47 1352 0.0837
47 1353 0.1609
47 1354 0.0935
47 1355 0.0837
47 1356 0.1925
47 1357 0.0756
47 1358 0.4285
47 1359 0.0725
47 1360 0.1100
47 1361 0.1024
47 1362 0.0492
47 1363 0.1630
47 1364 0.1003
47 1365 0.0600
47 1366 0.1477
47 1367 0.2673
47 1368 0.0665
47 1369 0.5574
47 1370 0.4243
47 1371 0.1673
47 1372 0.1545
47 1373 0.0932
47 1374 0.1693
47 1375 0.1751
47 1376 0.1477
47 1377 0.1287
47 1378 0.1099
47 1379 0.0955
47 1380 0.3116
47 1381 0.2181
47 1382 0.2304
47 1383 0.1995
47 1384 0.0733
47 1385 0.0545
47 1386 0.7458
47 1387 0.7277
47 1388 0.8624
47 1389 0.1891
47 1390 0.6587
47 1392 0.2436
47 1393 0.5693
47 1394 0.4871
47 1395 0.1114
47 1396 0.6265
47 1397 0.7986
47 1398 0.5336
47 1399 0.3221
47 1401 0.1858
47 1402 0.3263
47 1405 0.5669
47 1406 0.6732
47 1407 0.3836
47 1408 0.3958
47 1409 0.3271
47 1410 0.6527
47 1411 0.3085
47 1412 0.5689
47 1413 0.3575
47 1414 0.1580
47 1415 0.6678
47 1416 0.1963
47 1418 0.7077
47 1419 0.9037
47 1420 0.0563
47 1421 0.1668
47 1422 0.0473
47 1423 0.1503
47 1424 0.1166
47 1425 0.1200
47 1426 0.2134
47 1427 0.1146
47 1428 0.1467
47 1430 0.0696
47 1431 0.0553
47 1433 0.0512
47 1434 0.6368
47 1435 0.4751
47 1436 0.1572
47 1437 0.1861
47 1438 0.1614
47 1439 0.1109
47 1440 0.3896
47 1441 0.1377
47 1443 0.1601
47 1445 0.1513
47 1446 0.2201
47 1448 0.1778
47 1449 0.1621
47 1451 0.2841
47 1452 0.0881
47 1453 0.1170
47 1454 0.0679
47 1455 0.0936
47 1456 0.2109
47 1457 0.1054
47 1458 0.1420
47 1459 0.2458
47 1460 0.0403
47 1461 0.0776
47 1462 0.2537
47 1463 0.1321
47 1464 0.1321
47 1465 0.0774
47 1466 0.3241
47 1468 0.0829
47 1470 0.1253
47 1472 0.2185
47 1473 0.1172
47 1474 0.0787
47 1475 0.0543
47 1476 0.0986
47 1477 0.0512
47 1478 0.0692
47 1479 0.3678
47 1480 0.0988
47 1481 0.0828
47 1482 0.1113
47 1484 0.2396
47 1485 0.0805
47 1487 0.4046
47 1488 0.0663
47 1490 0.0843
47 1491 0.0857
47 1492 0.0617
47 1493 0.2467
47 1494 0.0402
47 1495 0.0589
47 1496 0.1291
47 1497 0.0452
47 1498 0.0923
47 1499 0.0560
47 1500 0.0713
47 1501 0.0874
47 1502 0.0745
47 1503 0.2132
47 1504 0.1032
47 1505 0.1693
47 1506 0.1893
47 1507 0.0938
47 1508 0.0670
47 1510 0.1045
47 1511 0.5336
47 1512 0.1384
47 1513 0.0524
47 1514 0.1099
47 1515 0.0696
47 1516 0.1871
47 1517 0.1792
47 1518 0.3812
47 1519 0.2516
47 1520 0.8156
47 1522 0.1198
47 1523 0.0681
47 1525 0.1018
47 1526 0.0496
47 1527 0.1779
47 1528 0.1477
47 1529 0.2429
47 1530 0.1634
47 1531 0.0535
47 1532 0.0792
47 1534 0.0656
47 1535 0.0712
47 1536 0.1807
47 1538 0.3530
47 1540 0.0734
47 1541 0.1160
47 1542 0.0840
47 1544 0.0698
47 1545 0.0616
47 1546 0.0753
47 1547 0.1120
47 1548 0.0974
47 1549 0.0390
47 1550 0.0299
47 1551 0.1733
47 1552 0.0839
47 1554 0.0741
47 1555 0.2722
47 1556 0.2007
47 1557 0.0591
47 1560 0.0269
47 1562 0.1650
47 1565 0.0145
47 1566 0.0520
47 1567 0.1552
47 1568 0.1212
47 1569 0.0416
47 1570 0.0927
47 1571 0.0846
47 1572 0.0443
47 1573 0.0516
47 1574 0.0828
47 1575 0.2138
47 1576 0.0915
47 1577 0.1786
47 1578 0.1590
47 1579 0.1022
47 1580 0.2434
47 1581 0.0881
47 1582 0.0553
47 1583 0.0682
47 1584 0.2170
47 1585 0.2217
47 1586 0.2502
47 1587 0.0979
47 1588 0.0855
47 1589 0.1503
47 1590 0.0751
47 1591 0.1032
47 1592 0.1914
47 1593 0.1594
47 1594 0.1595
47 1595 0.1202
47 1596 0.1830
47 1597 0.0735
47 1598 0.1248
47 1599 0.1142
47 1600 0.1477
47 1601 0.1514
47 1602 0.0783
47 1603 0.1285
47 1604 0.1479
47 1605 0.1662
47 1606 0.0748
47 1607 0.0649
47 1608 0.5931
47 1609 0.0828
47 1610 0.1488
47 1611 0.0556
47 1612 0.1064
47 1613 0.2905
47 1614 0.0841
47 1615 0.1013
47 1616 0.1254
47 1617 0.0675
47 1618 0.5010
47 1619 0.3032
47 1620 0.0833
47 1621 0.4440
47 1622 0.4740
47 1623 0.1657
47 1624 0.0414
47 1625 0.0441
47 1626 0.1310
47 1627 0.0993
47 1628 0.1723
47 1629 0.0752
47 1630 0.0770
47 1631 0.1251
47 1632 0.0560
47 1633 0.1613
47 1634 0.3178
47 1635 0.0916
47 1636 0.0678
47 1637 0.3313
47 1638 0.0828
47 1639 0.1451
47 1640 0.1024
47 1641 0.1710
47 1642 0.1443
47 1643 0.0619
47 1644 0.0926
47 1645 0.2670
47 1646 0.4790
47 1647 0.4323
47 1648 0.0776
47 1649 0.2432
47 1650 0.1136
47 1651 0.3081
47 1652 0.0787
47 1653 0.2359
47 1654 0.1522
47 1655 0.2563
47 1656 0.0636
47 1657 0.0807
47 1658 0.0834
47 1659 0.0538
47 1660 0.2831
47 1661 0.7470
47 1662 0.6844
47 1663 0.7579
47 1664 0.2201
47 1665 0.5066
47 1666 0.2608
47 1667 0.6725
47 1668 0.9100
47 1669 0.6352
47 1670 0.5689
47 1671 0.2692
47 1672 0.6208
47 1673 0.4274
47 1674 0.5910
47 1675 0.7196
47 1676 0.6318
47 1677 0.4061
47 1678 0.6043
47 1679 0.6560
47 1680 0.1477
47 1681 0.1120
47 1682 0.6141
47 1683 0.4805
47 1684 0.0639
47 1685 0.5356
47 1686 0.7678
47 1687 0.7180
47 1688 0.2717
47 1689 0.9967
47 1690 0.3145
47 1691 0.7801
47 1692 0.8750
47 1693 0.2367
47 1694 0.5747
47 1695 0.1477
47 1696 0.1631
47 1697 0.6678
47 1698 0.3562
47 1699 0.2287
47 1700 0.0695
47 1701 0.1145
47 1702 0.0859
47 1703 0.1725
47 1704 0.1028
47 1705 0.0841
47 1706 0.1592
47 1707 0.2302
47 1708 0.0488
47 1709 0.0598
47 1710 0.0534
47 1711 0.1511
47 1712 0.7057
47 1713 0.1590
47 1714 0.0866
47 1715 0.0406
47 1716 0.1477
47 1717 0.6287
47 1718 0.0823
47 1719 0.0678
47 1720 0.3820
47 1721 0.0569
47 1722 0.0696
47 1723 0.1590
47 1724 0.0879
47 1725 0.1334
47 1726 0.0622
47 1727 0.0643
47 1728 0.0482
47 1729 0.1241
47 1730 0.0685
48 49 0.0129
48 50 0.2485
48 51 0.6001
48 52 0.6628
48 53 0.0213
48 54 0.6259
48 55 0.1659
48 56 0.4651
48 57 0.6736
48 58 0.6327
48 59 0.3972
48 60 0.3440
48 61 0.1411
48 62 0.6389
48 63 0.0735
48 64 0.0880
48 65 0.6635
48 66 0.2062
48 67 0.3782
48 68 0.6719
48 69 0.2153
48 70 0.0228
48 71 0.5832
48 72 0.0944
48 73 0.3027
48 74 0.3708
48 75 0.1566
48 76 0.0480
48 77 0.0480
48 78 0.4025
48 79 0.0511
48 80 0.4988
48 81 0.1808
48 82 0.0570
48 83 0.4930
48 84 0.1788
48 85 0.0777
48 86 0.0685
48 87 0.2071
48 88 0.2255
48 89 0.0623
48 90 0.3432
48 91 0.5069
48 92 0.3154
48 93 0.0552
48 94 0.3823
48 95 0.0293
48 96 0.4862
48 97 0.0901
48 98 0.2410
48 99 0.1403
48 100 0.2261
48 101 0.0162
48 102 0.4564
48 103 0.2213
48 104 0.2505
48 105 0.1602
48 106 0.2987
48 107 0.2055
48 108 0.2650
48 109 0.1125
48 110 0.0361
48 111 0.1202
48 112 0.2691
48 113 0.1897
48 114 0.0405
48 115 0.0665
48 116 0.0563
48 117 0.4570
48 118 0.2212
48 119 0.2413
48 120 0.2318
48 121 0.4800
48 122 0.0206
48 123 0.1943
48 124 0.1482
48 125 0.1398
48 126 0.1424
48 127 0.0467
48 128 0.4312
48 129 0.0387
48 130 0.1307
48 131 0.2484
48 132 0.0115
48 133 0.1005
48 134 0.6103
48 135 0.0697
48 136 0.2471
48 137 0.1808
48 138 0.1665
48 139 0.3350
48 140 0.6054
48 142 0.0526
48 143 0.2795
48 144 0.1093
48 145 0.4786
48 146 0.0365
48 147 0.2557
48 148 0.1582
48 149 0.3605
48 150 0.3611
48 151 0.4109
48 152 0.6466
48 153 0.0592
48 154 0.0892
48 156 0.0344
48 157 0.2024
48 158 0.1932
48 159 0.6720
48 160 0.4469
48 161 0.3674
48 162 0.5442
48 163 0.2369
48 164 0.2346
48 165 0.1955
48 166 0.7178
48 167 0.3167
48 168 0.3331
48 169 0.3818
48 170 0.3326
48 171 0.3836
48 172 0.0304
48 173 0.0726
48 174 0.4399
48 175 0.0579
48 176 0.2366
48 177 0.0416
48 178 0.3710
48 179 0.0162
48 180 0.1816
48 181 0.0722
48 182 0.6080
48 183 0.3843
48 184 0.5935
48 185 0.0689
48 186 0.2216
48 187 0.4199
48 188 0.1650
48 189 0.2570
48 190 0.0211
48 191 0.1325
48 192 0.2995
48 193 0.4438
48 194 0.5343
48 195 0.3015
48 196 0.0182
48 197 0.1233
48 198 0.0879
48 199 0.1177
48 200 0.1294
48 201 0.3688
48 202 0.0812
48 203 0.3135
48 204 0.1997
48 206 0.5151
48 207 0.0200
48 208 0.0474
48 209 0.4700
48 210 0.3860
48 211 0.4859
48 212 0.0454
48 213 0.0215
48 214 0.0280
48 215 0.3727
48 216 0.4497
48 217 0.5058
48 218 0.1701
48 219 0.5249
48 220 0.0467
48 221 0.0641
48 222 0.0225
48 223 0.4487
48 224 0.2432
48 225 0.0877
48 226 0.1707
48 227 0.1277
48 228 0.3933
48 229 0.3685
48 230 0.3177
48 231 0.1084
48 232 0.3234
48 233 0.5195
48 234 0.2679
48 235 0.6625
48 236 0.2748
48 237 0.2376
48 238 0.2393
48 239 0.0420
48 240 0.5176
48 241 0.1802
48 242 0.3654
48 243 0.2119
48 244 0.0929
48 245 0.2826
48 246 0.0496
48 247 0.0395
48 248 0.2435
48 249 0.1042
48 250 0.1729
48 251 0.0254
48 252 0.2618
48 253 0.4463
48 254 0.5903
48 255 0.1910
48 256 0.3167
48 257 0.0194
48 258 0.2490
48 259 0.4715
48 260 0.0908
48 261 0.0627
48 262 0.4380
48 263 0.0331
48 264 0.2856
48 265 0.1639
48 266 0.3982
48 267 0.1147
48 268 0.1505
48 269 0.3090
48 270 0.1951
48 271 0.2019
48 272 0.0674
48 273 0.0110
48 274 0.0597
48 275 0.1455
48 276 0.6186
48 277 0.0124
48 278 0.5668
48 279 0.2113
48 280 0.0602
48 281 0.2054
48 282 0.0203
48 283 0.0966
48 284 0.1104
48 285 0.2375
48 286 0.6092
48 287 0.5598
48 288 0.0139
48 289 0.0276
48 290 0.6515
48 291 0.3170
48 292 0.0474
48 293 0.1936
48 294 0.1930
48 295 0.0957
48 296 0.0132
48 297 0.4852
48 298 0.0824
48 299 0.0278
48 300 0.2589
48 301 0.3499
48 302 0.0467
48 303 0.0621
48 304 0.1689
48 305 0.0467
48 306 0.1577
48 307 0.0235
48 308 0.0377
48 309 0.2874
48 310 0.0222
48 311 0.1404
48 312 0.1723
48 313 0.1281
48 314 0.1803
48 315 0.0238
48 316 0.0575
48 317 0.0231
48 318 0.0929
48 319 0.1987
48 320 0.2797
48 321 0.5246
48 322 0.0938
48 323 0.1291
48 324 0.3265
48 325 0.1662
48 326 0.0169
48 327 0.1871
48 328 0.5687
48 329 0.0681
48 330 0.0869
48 331 0.2579
48 332 0.0901
48 333 0.4453
48 334 0.1182
48 335 0.0433
48 336 0.0274
48 337 0.0214
48 338 0.0370
48 339 0.1301
48 340 0.5386
48 341 0.4288
48 342 0.2302
48 343 0.0646
48 344 0.4176
48 345 0.0952
48 346 0.2204
48 347 0.5780
48 348 0.3065
48 349 0.0362
48 350 0.1882
48 351 0.3448
48 352 0.2919
48 353 0.0400
48 354 0.0135
48 356 0.1473
48 357 0.0142
48 358 0.0547
48 359 0.0438
48 360 0.0143
48 361 0.0587
48 362 0.6430
48 363 0.1878
48 364 0.4879
48 366 0.0556
48 367 0.1503
48 368 0.0533
48 369 0.2951
48 370 0.0302
48 371 0.3200
48 372 0.0264
48 373 0.5587
48 374 0.0410
48 375 0.0620
48 376 0.4030
48 377 0.1205
48 378 0.0228
48 379 0.0631
48 380 0.0983
48 381 0.0769
48 382 0.0940
48 383 0.1928
48 384 0.4688
48 385 0.1327
48 386 0.0310
48 387 0.1028
48 388 0.1882
48 389 0.0727
48 390 0.0224
48 391 0.1745
48 392 0.4121
48 393 0.1196
48 394 0.3793
48 395 0.0228
48 396 0.5972
48 397 0.0969
48 398 0.4931
48 399 0.2163
48 400 0.3162
48 402 0.1299
48 403 0.6012
48 404 0.2398
48 405 0.0737
48 406 0.2864
48 407 0.1594
48 408 0.1446
48 409 0.0097
48 410 0.2360
48 411 0.2171
48 412 0.0480
48 413 0.3328
48 414 0.5241
48 415 0.0165
48 416 0.0727
48 417 0.0979
48 418 0.5207
48 419 0.1753
48 420 0.0727
48 421 0.1314
48 422 0.6008
48 423 0.0727
48 424 0.5447
48 425 0.2891
48 426 0.0665
48 427 0.0467
48 428 0.5077
48 429 0.0860
48 430 0.1802
48 431 0.0906
48 432 0.0357
48 433 0.0970
48 434 0.6375
48 435 0.1787
48 436 0.0414
48 437 0.0134
48 438 0.2074
48 439 0.0226
48 440 0.0319
48 441 0.1974
48 442 0.4426
48 443 0.0954
48 444 0.0209
48 445 0.0866
48 447 0.0143
48 448 0.0581
48 449 0.2984
48 450 0.1537
48 451 0.0519
48 452 0.7041
48 453 0.3163
48 454 0.6711
48 455 0.0800
48 456 0.0988
48 457 0.0134
48 458 0.0707
48 459 0.0985
48 460 0.2439
48 461 0.2815
48 462 0.0727
48 463 0.0635
48 464 0.0609
48 465 0.0946
48 466 0.6896
48 467 0.2381
48 468 0.1243
48 469 0.0104
48 470 0.3376
48 471 0.3725
48 472 0.1283
48 475 0.1565
48 476 0.0264
48 478 0.0631
48 479 0.0642
48 480 0.0123
48 481 0.0308
48 484 0.0268
48 485 0.3039
48 486 0.0395
48 487 0.0501
48 488 0.2478
48 489 0.2505
48 490 0.0238
48 491 0.5721
48 492 0.2078
48 493 0.0733
48 494 0.0837
48 495 0.6471
48 496 0.2101
48 497 0.1885
48 498 0.4273
48 499 0.0332
48 500 0.1614
48 501 0.1277
48 502 0.0727
48 503 0.2588
48 504 0.2957
48 505 0.0705
48 506 0.1862
48 507 0.2848
48 508 0.2051
48 509 0.0519
48 510 0.0190
48 511 0.3099
48 512 0.0128
48 513 0.4209
48 514 0.0618
48 515 0.7330
48 516 0.2096
48 517 0.4562
48 518 0.2172
48 519 0.5763
48 520 0.0582
48 521 0.0428
48 522 0.0808
48 523 0.2974
48 524 0.0300
48 525 0.0261
48 526 0.1774
48 527 0.0187
48 528 0.1936
48 529 0.0221
48 530 0.0549
48 531 0.0605
48 532 0.1132
48 533 0.1850
48 534 0.4764
48 535 0.0718
48 536 0.0376
48 537 0.0947
48 538 0.0711
48 539 0.0145
48 540 0.6773
48 541 0.0610
48 542 0.1999
48 543 0.0979
48 544 0.2026
48 545 0.0139
48 546 0.0224
48 547 0.0246
48 548 0.2569
48 549 0.0156
48 550 0.0247
48 551 0.0261
48 552 0.0979
48 553 0.3311
48 554 0.0107
48 555 0.2669
48 556 0.0248
48 557 0.1761
48 558 0.2512
48 559 0.0221
48 560 0.1812
48 561 0.0713
48 562 0.0847
48 563 0.3928
48 564 0.2297
48 565 0.0560
48 566 0.0139
48 567 0.0253
48 568 0.7215
48 569 0.1815
48 570 0.1850
48 571 0.1809
48 572 0.2798
48 573 0.1411
48 574 0.1913
48 575 0.1545
48 576 0.4193
48 577 0.0494
48 578 0.2030
48 579 0.1342
48 581 0.0692
48 582 0.0869
48 583 0.1250
48 584 0.0413
48 585 0.6227
48 586 0.6493
48 587 0.3954
48 589 0.3114
48 590 0.6574
48 591 0.3904
48 592 0.2570
48 593 0.1749
48 594 0.0269
48 595 0.2547
48 598 0.1121
48 599 0.1545
48 600 0.0909
48 601 0.3815
48 602 0.1588
48 604 0.2180
48 605 0.0159
48 606 0.1858
48 607 0.5937
48 608 0.1093
48 609 0.0108
48 610 0.4534
48 611 0.0591
48 612 0.0826
48 613 0.0514
48 614 0.2463
48 615 0.0941
48 616 0.1184
48 617 0.0215
48 618 0.2486
48 619 0.5451
48 620 0.0633
48 621 0.1926
48 622 0.2253
48 623 0.0563
48 624 0.0979
48 625 0.2151
48 626 0.1231
48 627 0.1876
48 628 0.3649
48 629 0.3323
48 630 0.4104
48 631 0.1767
48 632 0.1822
48 633 0.0436
48 634 0.2807
48 635 0.0244
48 636 0.0404
48 637 0.5845
48 638 0.1092
48 639 0.4153
48 641 0.3345
48 642 0.1494
48 643 0.0556
48 644 0.2586
48 645 0.3233
48 646 0.3974
48 647 0.0986
48 648 0.0247
48 649 0.0835
48 650 0.0969
48 651 0.1367
48 652 0.0978
48 653 0.1083
48 654 0.0509
48 655 0.1071
48 656 0.0549
48 657 0.0152
48 658 0.0607
48 659 0.0331
48 660 0.1152
48 661 0.0143
48 662 0.2834
48 663 0.2408
48 664 0.2386
48 665 0.0135
48 666 0.1101
48 667 0.2252
48 668 0.0118
48 669 0.2052
48 670 0.0627
48 671 0.5855
48 672 0.2634
48 673 0.1728
48 674 0.0215
48 675 0.0876
48 676 0.2712
48 677 0.0224
48 678 0.0664
48 679 0.1110
48 680 0.3634
48 681 0.2641
48 682 0.0329
48 683 0.0286
48 684 0.0785
48 685 0.7297
48 686 0.0151
48 687 0.0502
48 688 0.1676
48 689 0.6432
48 690 0.0501
48 691 0.0452
48 692 0.0260
48 693 0.0712
48 694 0.1641
48 695 0.1148
48 696 0.0929
48 697 0.4416
48 698 0.5943
48 699 0.2446
48 700 0.3311
48 701 0.1606
48 702 0.0506
48 703 0.0650
48 704 0.1477
48 705 0.1105
48 706 0.4450
48 707 0.2500
48 708 0.0511
48 709 0.0545
48 710 0.5349
48 711 0.6243
48 712 0.0835
48 713 0.0358
48 714 0.2215
48 715 0.0830
48 716 0.1832
48 717 0.1541
48 718 0.4494
48 720 0.2971
48 721 0.0537
48 722 0.2944
48 723 0.0230
48 724 0.2678
48 725 0.3267
48 726 0.2670
48 727 0.0678
48 728 0.2001
48 729 0.1532
48 730 0.0677
48 731 0.0352
48 732 0.3849
48 733 0.5636
48 734 0.3260
48 735 0.0487
48 736 0.6405
48 737 0.5838
48 738 0.2027
48 740 0.2838
48 741 0.2445
48 742 0.3222
48 743 0.2635
48 744 0.2526
48 745 0.0356
48 746 0.0731
48 747 0.0559
48 748 0.6438
48 749 0.1175
48 750 0.0769
48 751 0.0847
48 752 0.6347
48 753 0.0216
48 754 0.0714
48 755 0.1877
48 756 0.0667
48 757 0.0906
48 758 0.0824
48 759 0.2226
48 760 0.0472
48 761 0.0840
48 762 0.0960
48 763 0.0917
48 764 0.0232
48 765 0.1895
48 766 0.0124
48 767 0.0638
48 768 0.6884
48 769 0.0747
48 770 0.2672
48 771 0.0632
48 772 0.0255
48 773 0.1638
48 774 0.0484
48 775 0.4397
48 776 0.0731
48 777 0.0371
48 778 0.4601
48 779 0.0456
48 780 0.0251
48 781 0.0860
48 782 0.1338
48 783 0.1074
48 784 0.0240
48 785 0.0259
48 786 0.3638
48 787 0.2819
48 788 0.0456
48 789 0.2183
48 791 0.0761
48 792 0.1033
48 793 0.1605
48 794 0.4966
48 795 0.2989
48 796 0.1827
48 797 0.2224
48 798 0.0240
48 799 0.1216
48 800 0.0403
48 801 0.0415
48 802 0.0915
48 803 0.2255
48 804 0.7248
48 805 0.0376
48 806 0.2008
48 807 0.0364
48 808 0.0763
48 809 0.3981
48 810 0.2146
48 811 0.3755
48 812 0.1541
48 813 0.4756
48 814 0.1523
48 815 0.0494
48 816 0.0549
48 817 0.0303
48 818 0.0308
48 819 0.0418
48 820 0.0602
48 821 0.1622
48 822 0.0637
48 823 0.6834
48 824 0.1089
48 825 0.1615
48 827 0.2723
48 828 0.0423
48 829 0.0853
48 830 0.1776
48 831 0.2544
48 832 0.2904
48 833 0.0544
48 834 0.6885
48 835 0.0647
48 836 0.2889
48 837 0.0558
48 838 0.0425
48 839 0.0421
48 840 0.1614
48 841 0.0165
48 842 0.0880
48 843 0.0479
48 844 0.0727
48 845 0.1082
48 846 0.1988
48 847 0.0955
48 848 0.0809
48 849 0.1086
48 850 0.0204
48 851 0.6354
48 852 0.1192
48 853 0.1594
48 854 0.0245
48 855 0.0329
48 856 0.2520
48 858 0.0499
48 859 0.2405
48 860 0.0194
48 861 0.0394
48 862 0.1549
48 864 0.4136
48 865 0.0229
48 866 0.1902
48 867 0.2663
48 868 0.0624
48 869 0.2945
48 870 0.5353
48 871 0.2457
48 872 0.7398
48 873 0.0549
48 874 0.2353
48 875 0.0246
48 876 0.3465
48 877 0.0988
48 878 0.2292
48 880 0.1818
48 881 0.2194
48 882 0.1765
48 883 0.3680
48 884 0.1720
48 885 0.0410
48 886 0.2152
48 887 0.4120
48 888 0.0221
48 889 0.2381
48 890 0.3153
48 891 0.1270
48 892 0.1003
48 893 0.2131
48 894 0.0274
48 895 0.4161
48 896 0.1932
48 897 0.1111
48 898 0.1745
48 899 0.2503
48 900 0.0566
48 901 0.3677
48 903 0.0669
48 905 0.0196
48 906 0.0596
48 907 0.1801
48 908 0.0657
48 909 0.4555
48 910 0.0554
48 911 0.0426
48 912 0.0771
48 913 0.3501
48 914 0.0919
48 915 0.1497
48 916 0.1246
48 917 0.0860
48 918 0.0507
48 919 0.0221
48 920 0.0304
48 921 0.0633
48 922 0.0298
48 924 0.0231
48 928 0.0278
48 929 0.0664
48 930 0.2056
48 932 0.0564
48 933 0.0860
48 934 0.0482
48 935 0.0850
48 936 0.2430
48 937 0.1118
48 938 0.0282
48 939 0.0957
48 940 0.0854
48 941 0.0640
48 942 0.0108
48 943 0.0454
48 944 0.0251
48 946 0.0169
48 947 0.2090
48 948 0.0693
48 949 0.1685
48 950 0.0307
48 951 0.0754
48 952 0.0698
48 953 0.0787
48 954 0.1792
48 955 0.0609
48 956 0.0668
48 957 0.0233
48 958 0.0264
48 959 0.1346
48 960 0.4205
48 961 0.0346
48 962 0.0781
48 963 0.0350
48 964 0.0548
48 965 0.0374
48 966 0.0973
48 967 0.5779
48 968 0.6032
48 969 0.0360
48 971 0.2641
48 972 0.0101
48 973 0.1519
48 974 0.7034
48 975 0.0535
48 976 0.0861
48 977 0.0652
48 978 0.2369
48 979 0.2913
48 980 0.0701
48 981 0.2497
48 982 0.0817
48 983 0.0821
48 984 0.0444
48 985 0.0406
48 986 0.0458
48 987 0.1001
48 989 0.1925
48 990 0.2085
48 991 0.0247
48 992 0.0711
48 993 0.5107
48 994 0.6244
48 995 0.0771
48 996 0.0913
48 998 0.2634
48 999 0.1152
48 1000 0.0478
48 1001 0.0240
48 1002 0.6187
48 1003 0.2425
48 1004 0.3480
48 1005 0.2597
48 1006 0.0270
48 1007 0.1971
48 1008 0.2212
48 1010 0.0249
48 1012 0.0727
48 1013 0.2255
48 1014 0.0610
48 1015 0.1383
48 1016 0.4945
48 1017 0.3385
48 1018 0.0231
48 1019 0.0510
48 1020 0.2245
48 1022 0.1496
48 1023 0.0391
48 1024 0.0536
48 1025 0.0571
48 1026 0.0667
48 1027 0.0313
48 1028 0.0589
48 1029 0.4158
48 1030 0.6769
48 1031 0.0501
48 1032 0.0791
48 1033 0.3248
48 1034 0.2269
48 1035 0.0506
48 1036 0.4184
48 1037 0.0407
48 1038 0.0549
48 1039 0.3101
48 1040 0.1801
48 1041 0.0266
48 1042 0.0504
48 1043 0.0630
48 1044 0.0487
48 1045 0.0263
48 1046 0.0238
48 1047 0.0116
48 1048 0.2609
48 1049 0.0430
48 1050 0.0762
48 1051 0.0975
48 1053 0.2587
48 1054 0.1122
48 1055 0.0905
48 1056 0.1038
48 1057 0.0121
48 1058 0.0781
48 1059 0.0677
48 1060 0.0525
48 1061 0.1311
48 1062 0.0602
48 1063 0.0669
48 1064 0.0722
48 1065 0.0780
48 1066 0.1603
48 1067 0.2321
48 1068 0.0948
48 1069 0.0583
48 1070 0.0185
48 1071 0.2016
48 1072 0.0405
48 1073 0.0641
48 1075 0.1223
48 1076 0.1267
48 1077 0.0394
48 1078 0.2037
48 1079 0.0144
48 1080 0.1862
48 1081 0.0621
48 1082 0.4191
48 1083 0.5590
48 1084 0.0801
48 1085 0.0836
48 1087 0.0658
48 1089 0.3211
48 1090 0.0887
48 1091 0.0537
48 1092 0.2182
48 1093 0.0251
48 1094 0.0241
48 1095 0.1140
48 1096 0.0786
48 1097 0.2212
48 1099 0.6945
48 1102 0.0517
48 1103 0.3040
48 1104 0.0858
48 1105 0.3360
48 1106 0.5012
48 1107 0.0233
48 1108 0.5765
48 1109 0.0481
48 1110 0.0397
48 1111 0.1523
48 1113 0.0304
48 1114 0.0602
48 1116 0.1809
48 1117 0.0112
48 1118 0.0265
48 1119 0.0211
48 1120 0.0761
48 1121 0.0948
48 1122 0.0750
48 1123 0.2212
48 1124 0.2585
48 1125 0.1038
48 1126 0.2137
48 1127 0.0703
48 1128 0.4919
48 1129 0.0912
48 1130 0.0770
48 1131 0.0850
48 1133 0.0750
48 1134 0.0980
48 1135 0.6208
48 1136 0.0283
48 1138 0.1247
48 1139 0.0554
48 1141 0.1342
48 1142 0.2466
48 1143 0.0978
48 1144 0.0819
48 1145 0.0715
48 1146 0.0365
48 1147 0.2256
48 1148 0.0245
48 1149 0.1466
48 1150 0.1344
48 1151 0.0808
48 1152 0.6419
48 1153 0.1099
48 1154 0.6223
48 1155 0.0581
48 1156 0.2549
48 1157 0.1686
48 1158 0.1918
48 1159 0.2418
48 1160 0.0827
48 1161 0.4020
48 1162 0.2212
48 1163 0.2931
48 1165 0.0631
48 1166 0.0386
48 1167 0.3263
48 1169 0.2157
48 1170 0.0929
48 1172 0.0549
48 1173 0.2485
48 1174 0.0727
48 1176 0.1017
48 1177 0.2558
48 1178 0.0158
48 1180 0.1146
48 1181 0.0953
48 1182 0.0233
48 1183 0.0568
48 1185 0.0250
48 1186 0.1053
48 1187 0.0634
48 1188 0.2637
48 1189 0.1013
48 1191 0.3244
48 1192 0.2337
48 1193 0.2307
48 1194 0.3104
48 1195 0.1639
48 1196 0.1963
48 1197 0.2782
48 1198 0.0723
48 1199 0.0278
48 1200 0.0390
48 1201 0.1025
48 1202 0.4494
48 1203 0.0356
48 1204 0.0657
48 1205 0.0273
48 1206 0.1321
48 1207 0.0943
48 1208 0.2874
48 1209 0.3105
48 1210 0.2512
48 1211 0.5109
48 1212 0.1092
48 1213 0.0520
48 1214 0.0727
48 1215 0.1134
48 1216 0.0549
48 1217 0.0776
48 1218 0.3237
48 1219 0.2348
48 1220 0.0841
48 1221 0.3737
48 1222 0.0727
48 1223 0.0669
48 1224 0.0947
48 1225 0.6347
48 1226 0.0237
48 1227 0.0373
48 1228 0.0848
48 1229 0.0608
48 1230 0.0846
48 1231 0.3306
48 1233 0.0929
48 1234 0.0763
48 1235 0.0536
48 1236 0.0721
48 1237 0.0978
48 1238 0.0760
48 1240 0.2413
48 1241 0.4090
48 1242 0.0263
48 1245 0.0841
48 1246 0.1179
48 1247 0.0177
48 1248 0.0400
48 1249 0.1711
48 1250 0.0635
48 1251 0.0313
48 1252 0.1702
48 1253 0.0835
48 1254 0.3191
48 1255 0.0942
48 1256 0.2484
48 1257 0.0534
48 1258 0.1784
48 1259 0.0623
48 1260 0.1916
48 1262 0.1150
48 1263 0.0527
48 1265 0.1642
48 1266 0.0860
48 1267 0.0142
48 1268 0.1134
48 1269 0.2340
48 1270 0.1887
48 1271 0.0561
48 1272 0.5541
48 1273 0.0966
48 1274 0.0727
48 1275 0.0365
48 1276 0.0868
48 1278 0.3697
48 1279 0.0506
48 1280 0.0958
48 1281 0.0667
48 1282 0.0277
48 1283 0.3436
48 1284 0.2393
48 1286 0.0690
48 1287 0.0324
48 1288 0.0261
48 1289 0.0090
48 1290 0.0978
48 1291 0.0291
48 1292 0.6840
48 1293 0.0477
48 1295 0.0219
48 1296 0.1564
48 1297 0.0343
48 1298 0.0454
48 1299 0.1306
48 1300 0.2212
48 1301 0.1151
48 1302 0.0537
48 1303 0.4735
48 1304 0.2159
48 1305 0.0458
48 1306 0.0348
48 1307 0.0418
48 1308 0.0348
48 1309 0.0219
48 1310 0.0230
48 1311 0.0807
48 1312 0.2326
48 1313 0.1236
48 1316 0.7587
48 1318 0.0513
48 1320 0.1995
48 1322 0.0256
48 1323 0.2587
48 1325 0.2044
48 1326 0.1958
48 1327 0.1152
48 1328 0.1087
48 1329 0.1246
48 1330 0.0665
48 1331 0.0253
48 1332 0.0727
48 1333 0.0727
48 1334 0.0428
48 1335 0.1165
48 1336 0.0950
48 1337 0.0750
48 1338 0.1949
48 1339 0.0253
48 1340 0.0300
48 1341 0.1077
48 1342 0.1169
48 1343 0.0671
48 1344 0.2297
48 1345 0.0727
48 1346 0.2989
48 1347 0.0632
48 1348 0.0151
48 1349 0.2007
48 1350 0.1223
48 1351 0.0453
48 1352 0.1186
48 1353 0.1223
48 1354 0.0945
48 1355 0.1186
48 1356 0.0690
48 1357 0.0461
48 1358 0.0531
48 1359 0.0808
48 1360 0.0543
48 1361 0.0114
48 1362 0.0394
48 1363 0.0215
48 1364 0.2032
48 1365 0.0665
48 1366 0.0727
48 1367 0.1262
48 1368 0.0764
48 1369 0.0685
48 1370 0.6093
48 1371 0.0459
48 1372 0.0782
48 1373 0.0982
48 1374 0.2681
48 1375 0.0501
48 1376 0.0727
48 1377 0.1326
48 1378 0.2212
48 1379 0.0254
48 1380 0.1252
48 1381 0.0529
48 1382 0.0243
48 1383 0.0492
48 1384 0.0524
48 1385 0.1564
48 1386 0.0400
48 1387 0.2086
48 1388 0.3255
48 1389 0.2310
48 1390 0.0545
48 1392 0.0406
48 1393 0.0233
48 1394 0.0278
48 1395 0.1145
48 1396 0.0233
48 1397 0.1127
48 1398 0.1595
48 1399 0.2365
48 1401 0.1005
48 1402 0.0276
48 1405 0.0647
48 1406 0.0241
48 1407 0.2738
48 1408 0.0456
48 1409 0.0568
48 1410 0.0100
48 1411 0.0860
48 1412 0.0228
48 1413 0.0937
48 1414 0.1239
48 1415 0.0134
48 1416 0.0877
48 1418 0.0249
48 1419 0.5133
48 1420 0.0925
48 1421 0.2366
48 1422 0.0383
48 1423 0.0270
48 1424 0.0808
48 1425 0.0991
48 1426 0.2822
48 1427 0.3911
48 1428 0.0331
48 1430 0.0331
48 1431 0.0419
48 1433 0.2316
48 1434 0.7450
48 1435 0.5831
48 1436 0.1347
48 1437 0.0476
48 1438 0.0624
48 1439 0.1670
48 1440 0.5576
48 1441 0.0514
48 1443 0.1191
48 1445 0.3046
48 1446 0.0667
48 1448 0.0494
48 1449 0.2648
48 1451 0.1030
48 1452 0.0918
48 1453 0.2068
48 1454 0.0775
48 1455 0.0877
48 1456 0.0211
48 1457 0.0718
48 1458 0.0750
48 1459 0.0500
48 1460 0.0622
48 1461 0.0549
48 1462 0.0286
48 1463 0.1089
48 1464 0.0212
48 1465 0.0896
48 1466 0.1921
48 1468 0.0520
48 1470 0.0300
48 1472 0.2556
48 1473 0.0665
48 1474 0.0382
48 1475 0.0665
48 1476 0.3601
48 1477 0.1057
48 1478 0.0484
48 1479 0.1046
48 1480 0.1872
48 1481 0.0602
48 1482 0.0676
48 1484 0.1179
48 1485 0.1424
48 1487 0.0403
48 1488 0.0641
48 1490 0.0234
48 1491 0.1653
48 1492 0.0211
48 1493 0.0973
48 1494 0.0913
48 1495 0.2585
48 1496 0.0556
48 1497 0.0544
48 1498 0.0589
48 1499 0.0258
48 1500 0.1124
48 1501 0.1116
48 1502 0.1488
48 1503 0.4780
48 1504 0.0407
48 1505 0.0566
48 1506 0.0549
48 1507 0.2004
48 1508 0.0825
48 1510 0.0201
48 1511 0.3311
48 1512 0.2011
48 1513 0.0573
48 1514 0.2212
48 1515 0.0808
48 1516 0.2958
48 1517 0.0754
48 1518 0.0222
48 1519 0.2568
48 1520 0.6896
48 1522 0.2563
48 1523 0.0863
48 1525 0.0818
48 1526 0.0670
48 1527 0.0833
48 1528 0.0727
48 1529 0.0787
48 1530 0.1394
48 1531 0.0600
48 1532 0.1089
48 1534 0.0848
48 1535 0.0196
48 1536 0.0924
48 1538 0.0491
48 1540 0.0626
48 1541 0.2052
48 1542 0.0218
48 1544 0.1161
48 1545 0.2212
48 1546 0.2035
48 1547 0.2467
48 1548 0.0708
48 1549 0.1909
48 1550 0.0472
48 1551 0.2484
48 1552 0.1145
48 1554 0.0104
48 1555 0.0370
48 1556 0.1386
48 1557 0.0527
48 1560 0.0605
48 1562 0.0848
48 1565 0.0392
48 1566 0.1012
48 1567 0.0219
48 1568 0.0325
48 1569 0.0272
48 1570 0.2016
48 1571 0.1822
48 1572 0.1201
48 1573 0.0224
48 1574 0.1575
48 1575 0.0855
48 1576 0.0638
48 1577 0.2573
48 1578 0.0380
48 1579 0.0392
48 1580 0.0835
48 1581 0.2171
48 1582 0.2568
48 1583 0.0415
48 1584 0.0472
48 1585 0.1757
48 1586 0.0955
48 1587 0.2220
48 1588 0.2123
48 1589 0.0683
48 1590 0.2506
48 1591 0.0245
48 1592 0.0763
48 1593 0.3290
48 1594 0.0679
48 1595 0.0521
48 1596 0.0295
48 1597 0.0990
48 1598 0.0781
48 1599 0.0769
48 1600 0.0727
48 1601 0.0549
48 1602 0.2223
48 1603 0.2457
48 1604 0.0202
48 1605 0.1467
48 1606 0.0919
48 1607 0.2247
48 1608 0.2608
48 1609 0.1575
48 1610 0.0533
48 1611 0.0812
48 1612 0.0994
48 1613 0.2420
48 1614 0.2474
48 1615 0.2235
48 1616 0.0590
48 1617 0.1041
48 1618 0.0869
48 1619 0.2759
48 1620 0.2446
48 1621 0.4818
48 1622 0.6359
48 1623 0.0376
48 1624 0.0623
48 1625 0.0958
48 1626 0.0558
48 1627 0.1019
48 1628 0.0499
48 1629 0.0860
48 1630 0.2559
48 1631 0.3183
48 1632 0.0843
48 1633 0.0766
48 1634 0.0676
48 1635 0.0860
48 1636 0.1125
48 1637 0.1485
48 1638 0.0508
48 1639 0.1942
48 1640 0.2360
48 1641 0.0601
48 1642 0.2261
48 1643 0.0252
48 1644 0.1083
48 1645 0.0394
48 1646 0.1714
48 1647 0.1902
48 1648 0.0808
48 1649 0.0574
48 1650 0.0549
48 1651 0.0821
48 1652 0.2171
48 1653 0.0631
48 1654 0.0375
48 1655 0.2987
48 1656 0.2212
48 1657 0.2212
48 1658 0.0239
48 1659 0.0549
48 1660 0.2645
48 1661 0.0216
48 1662 0.0119
48 1663 0.0243
48 1664 0.0783
48 1665 0.0302
48 1666 0.0719
48 1667 0.0193
48 1668 0.0666
48 1669 0.0196
48 1670 0.0228
48 1671 0.0939
48 1672 0.0430
48 1673 0.0443
48 1674 0.0783
48 1675 0.0143
48 1676 0.2348
48 1677 0.0234
48 1678 0.2719
48 1679 0.0687
48 1680 0.0727
48 1681 0.2212
48 1682 0.1590
48 1683 0.0229
48 1684 0.1488
48 1685 0.0255
48 1686 0.0149
48 1687 0.1599
48 1688 0.0549
48 1689 0.7260
48 1690 0.0787
48 1691 0.0716
48 1692 0.0354
48 1693 0.0991
48 1694 0.2536
48 1695 0.0727
48 1696 0.0496
48 1697 0.0134
48 1698 0.0959
48 1699 0.0614
48 1700 0.0325
48 1701 0.0429
48 1702 0.1225
48 1703 0.0449
48 1704 0.4369
48 1705 0.0676
48 1706 0.2631
48 1707 0.1317
48 1708 0.3217
48 1709 0.2163
48 1710 0.0927
48 1711 0.4184
48 1712 0.7621
48 1713 0.0298
48 1714 0.0329
48 1715 0.3557
48 1716 0.0727
48 1717 0.7583
48 1718 0.0811
48 1719 0.5765
48 1720 0.2174
48 1721 0.1760
48 1722 0.0848
48 1723 0.0221
48 1724 0.0639
48 1725 0.0454
48 1726 0.2563
48 1727 0.1546
48 1728 0.0484
48 1729 0.1119
48 1730 0.0553
49 50 0.4512
49 51 0.7721
49 52 0.2082
49 53 0.0481
49 54 0.4848
49 55 0.0988
49 56 0.1830
49 57 0.9926
49 58 0.8252
49 59 0.1678
49 60 0.6383
49 61 0.4826
49 62 0.1222
49 63 0.5752
49 64 0.2109
49 65 0.6823
49 66 0.1344
49 67 0.3423
49 68 0.2998
49 69 0.2388
49 70 0.0539
49 71 0.3848
49 72 0.0608
49 73 0.6392
49 74 0.9599
49 75 0.0885
49 76 0.0824
49 77 0.2984
49 78 0.3021
49 79 0.9723
49 80 0.9139
49 81 0.6543
49 82 0.2568
49 83 0.4981
49 84 0.6802
49 85 0.2711
49 86 0.3753
49 87 0.9879
49 88 0.2087
49 89 0.1605
49 90 0.5667
49 91 0.3993
49 92 0.2264
49 93 0.0727
49 94 0.3478
49 95 0.2167
49 96 0.2156
49 97 0.4347
49 98 0.1560
49 99 0.1571
49 100 0.8947
49 101 0.1228
49 102 0.1332
49 103 0.1913
49 104 0.3151
49 105 0.0416
49 106 0.0668
49 107 0.0603
49 108 0.4329
49 109 0.0873
49 110 0.0935
49 111 0.3096
49 112 0.1091
49 113 0.0528
49 114 0.0677
49 115 0.0748
49 116 0.2715
49 117 0.0915
49 118 0.0980
49 119 0.3169
49 120 0.1882
49 121 0.1271
49 122 0.5240
49 123 0.4298
49 124 0.4862
49 125 0.3389
49 126 0.6831
49 127 0.6106
49 128 0.5969
49 129 0.5076
49 130 0.8966
49 131 0.1230
49 132 0.6303
49 133 0.1381
49 134 0.3058
49 135 0.3457
49 136 0.3782
49 137 0.2210
49 138 0.2978
49 139 0.2853
49 140 0.4939
49 142 0.4525
49 143 0.3852
49 144 0.1271
49 145 0.1915
49 146 0.1778
49 147 0.0479
49 148 0.0431
49 149 0.1434
49 150 0.9578
49 151 0.2165
49 152 0.4706
49 153 0.4112
49 154 0.6007
49 156 0.0685
49 157 0.4210
49 158 0.0761
49 159 0.1294
49 160 0.2233
49 161 0.1069
49 162 0.4405
49 163 0.1105
49 164 0.0979
49 165 0.2372
49 166 0.1773
49 167 0.2142
49 168 0.0884
49 169 0.1140
49 170 0.3498
49 171 0.9592
49 172 0.1033
49 173 0.4953
49 174 0.1388
49 175 0.0589
49 176 0.1330
49 177 0.1732
49 178 0.4905
49 179 0.2459
49 180 0.0536
49 181 0.0849
49 182 0.2770
49 183 0.1566
49 184 0.8352
49 185 0.2136
49 186 0.0604
49 187 0.1905
49 188 0.0695
49 189 0.1126
49 190 0.0839
49 191 0.1198
49 192 0.2556
49 193 0.9688
49 194 0.6815
49 195 0.0747
49 196 0.2672
49 197 0.9870
49 198 0.0906
49 199 0.9776
49 200 0.1166
49 201 0.5692
49 202 0.0391
49 203 0.0457
49 204 0.3852
49 206 0.4230
49 207 0.0865
49 208 0.7916
49 209 0.9766
49 210 0.0370
49 211 0.0721
49 212 0.4665
49 213 0.0471
49 214 0.8341
49 215 0.4277
49 216 0.8651
49 217 0.9028
49 218 0.0818
49 219 0.0530
49 220 0.6106
49 221 0.1069
49 222 0.1109
49 223 0.4411
49 224 0.3830
49 225 0.1728
49 226 0.2490
49 227 0.1143
49 228 0.2625
49 229 0.1813
49 230 0.5263
49 231 0.0635
49 232 0.3349
49 233 0.3127
49 234 0.1177
49 235 0.4217
49 236 0.2795
49 237 0.8070
49 238 0.9740
49 239 0.0603
49 240 0.3608
49 241 0.0834
49 242 0.0314
49 243 0.0508
49 244 0.0536
49 245 0.6297
49 246 0.0577
49 247 0.4079
49 248 0.0283
49 249 0.0400
49 250 0.0796
49 251 0.2153
49 252 0.0613
49 253 0.1454
49 254 0.2912
49 255 0.6603
49 256 0.3387
49 257 0.0417
49 258 0.2035
49 259 0.1397
49 260 0.0504
49 261 0.1455
49 262 0.1110
49 263 0.0895
49 264 0.1883
49 265 0.1704
49 266 0.0832
49 267 0.0499
49 268 0.2815
49 269 0.2633
49 270 0.1563
49 271 0.1787
49 272 0.4994
49 273 0.5690
49 274 0.1380
49 275 0.2321
49 276 0.3910
49 277 0.0362
49 278 0.0828
49 279 0.0746
49 280 0.0926
49 281 0.1139
49 282 0.0658
49 283 0.1703
49 284 0.2698
49 285 0.3931
49 286 0.2603
49 287 0.1184
49 288 0.0845
49 289 0.0771
49 290 0.4834
49 291 0.9817
49 292 0.8530
49 293 0.2030
49 294 0.9567
49 295 0.0491
49 296 0.0638
49 297 0.1412
49 298 0.0798
49 299 0.0576
49 300 0.1705
49 301 0.0889
49 302 0.6106
49 303 0.0695
49 304 0.2525
49 305 0.6106
49 306 0.4824
49 307 0.0620
49 308 0.2944
49 309 0.3765
49 310 0.5212
49 311 0.6113
49 312 0.0952
49 313 0.1821
49 314 0.0968
49 315 0.3099
49 316 0.0976
49 317 0.4639
49 318 0.0536
49 319 0.9638
49 320 0.0611
49 321 0.7884
49 322 0.0427
49 323 0.0615
49 324 0.9630
49 325 0.1038
49 326 0.0572
49 327 0.1122
49 328 0.1087
49 329 0.1122
49 330 0.0471
49 331 0.2567
49 332 0.1188
49 333 0.0842
49 334 0.0676
49 335 0.0718
49 336 0.6323
49 337 0.1653
49 338 0.0348
49 339 0.1004
49 340 0.1549
49 341 0.1911
49 342 0.0483
49 343 0.1184
49 344 0.0883
49 345 0.1116
49 346 0.1331
49 347 0.2314
49 348 0.1162
49 349 0.0679
49 350 0.1827
49 351 0.0950
49 352 0.0928
49 353 0.0905
49 354 0.0662
49 356 0.1066
49 357 0.1586
49 358 0.0382
49 359 0.0594
49 360 0.1275
49 361 0.0949
49 362 0.0958
49 363 0.1117
49 364 0.0540
49 366 0.3140
49 367 0.3725
49 368 0.0900
49 369 0.0521
49 370 0.1731
49 371 0.9355
49 372 0.0516
49 373 0.1968
49 374 0.2754
49 375 0.1399
49 376 0.9711
49 377 0.0597
49 378 0.0774
49 379 0.3120
49 380 0.1067
49 381 0.0669
49 382 0.0718
49 383 0.1670
49 384 0.1015
49 385 0.7383
49 386 0.2159
49 387 0.9013
49 388 0.1324
49 389 0.0129
49 390 0.3378
49 391 0.8057
49 392 0.2613
49 393 0.3805
49 394 0.3039
49 395 0.1097
49 396 0.9076
49 397 0.0718
49 398 0.2545
49 399 0.3886
49 400 0.0889
49 402 0.1015
49 403 0.8280
49 404 0.0707
49 405 0.0535
49 406 0.3690
49 407 0.0743
49 408 0.1777
49 409 0.8806
49 410 0.2567
49 411 0.0957
49 412 0.6960
49 413 0.1041
49 414 0.5687
49 415 0.2717
49 416 0.0129
49 417 0.0424
49 418 0.9424
49 419 0.5931
49 420 0.0129
49 421 0.1891
49 422 0.0612
49 423 0.0129
49 424 0.6853
49 425 0.9227
49 426 0.0544
49 427 0.6106
49 428 0.3845
49 429 0.1184
49 430 0.1423
49 431 0.0608
49 432 0.0819
49 433 0.0941
49 434 0.4538
49 435 0.4757
49 436 0.0558
49 437 0.0246
49 438 0.3199
49 439 0.0853
49 440 0.1468
49 441 0.1131
49 442 0.2605
49 443 0.0527
49 444 0.0308
49 445 0.0943
49 447 0.0371
49 448 0.1172
49 449 0.2844
49 450 0.0418
49 451 0.0517
49 452 0.0609
49 453 0.0942
49 454 0.6738
49 455 0.1283
49 456 0.0975
49 457 0.0246
49 458 0.6106
49 459 0.0782
49 460 0.0967
49 461 0.3907
49 462 0.0129
49 463 0.3629
49 464 0.1589
49 465 0.1033
49 466 0.5449
49 467 0.1373
49 468 0.0855
49 469 0.1442
49 470 0.9333
49 471 0.2618
49 472 0.0657
49 475 0.0567
49 476 0.1242
49 478 0.0391
49 479 0.2346
49 480 0.1071
49 481 0.0434
49 484 0.5872
49 485 0.0521
49 486 0.0548
49 487 0.0526
49 488 0.9551
49 489 0.0977
49 490 0.0808
49 491 0.0637
49 492 0.7287
49 493 0.0898
49 494 0.0423
49 495 0.2998
49 496 0.3277
49 497 0.5632
49 498 0.2177
49 499 0.5526
49 500 0.0264
49 501 0.1231
49 502 0.0129
49 503 0.3470
49 504 0.1313
49 505 0.0777
49 506 0.1607
49 507 0.0404
49 508 0.0871
49 509 0.1107
49 510 0.0985
49 511 0.5924
49 512 0.2543
49 513 0.7960
49 514 0.3988
49 515 0.0783
49 516 0.2539
49 517 0.1344
49 518 0.1274
49 519 0.1529
49 520 0.0998
49 521 0.3144
49 522 0.0583
49 523 0.0860
49 524 0.0525
49 525 0.0463
49 526 0.0931
49 527 0.1507
49 528 0.6715
49 529 0.6133
49 530 0.0380
49 531 0.1710
49 532 0.1401
49 533 0.4943
49 534 0.1511
49 535 0.1710
49 536 0.1444
49 537 0.3967
49 538 0.0854
49 539 0.2787
49 540 0.2770
49 541 0.4065
49 542 0.1973
49 543 0.0424
49 544 0.2128
49 545 0.0845
49 546 0.0896
49 547 0.1213
49 548 0.0306
49 549 0.1012
49 550 0.0637
49 551 0.1073
49 552 0.1818
49 553 0.2055
49 554 0.1485
49 555 0.4327
49 556 0.1406
49 557 0.1303
49 558 0.4645
49 559 0.1194
49 560 0.1231
49 561 0.0739
49 562 0.0553
49 563 0.9842
49 564 0.0543
49 565 0.1067
49 566 0.0845
49 567 0.0624
49 568 0.5322
49 569 0.0687
49 570 0.1970
49 571 0.7190
49 572 0.1440
49 573 0.1496
49 574 0.9641
49 575 0.1247
49 576 0.9335
49 577 0.0548
49 578 0.1493
49 579 0.7002
49 581 0.1828
49 582 0.0884
49 583 0.0859
49 584 0.9349
49 585 0.1070
49 586 0.2626
49 587 0.3037
49 589 0.1865
49 590 0.3407
49 591 0.0812
49 592 0.7685
49 593 0.1073
49 594 0.0451
49 595 0.1181
49 598 0.0717
49 599 0.2519
49 600 0.3750
49 601 0.2151
49 602 0.2599
49 604 0.0726
49 605 0.2119
49 606 0.1359
49 607 0.2309
49 608 0.8150
49 609 0.0518
49 610 0.1696
49 611 0.0477
49 612 0.0837
49 613 0.2605
49 614 0.6439
49 615 0.1212
49 616 0.0677
49 617 0.0676
49 618 0.0832
49 619 0.2658
49 620 0.0539
49 621 0.2154
49 622 0.0536
49 623 0.0551
49 624 0.0424
49 625 0.1393
49 626 0.1531
49 627 0.2155
49 628 0.4049
49 629 0.1989
49 630 0.0742
49 631 0.1537
49 632 0.7792
49 633 0.9538
49 634 0.0360
49 635 0.7410
49 636 0.0684
49 637 0.3032
49 638 0.0784
49 639 0.4429
49 641 0.6094
49 642 0.1055
49 643 0.0762
49 644 0.0466
49 645 0.1871
49 646 0.0681
49 647 0.2058
49 648 0.1191
49 649 0.0533
49 650 0.2318
49 651 0.8134
49 652 0.5700
49 653 0.0945
49 654 0.0958
49 655 0.2648
49 656 0.0497
49 657 0.1014
49 658 0.1551
49 659 0.1000
49 660 0.0708
49 661 0.2318
49 662 0.2834
49 663 0.2145
49 664 0.3747
49 665 0.0477
49 666 0.0628
49 667 0.0913
49 668 0.5259
49 669 0.1055
49 670 0.1203
49 671 0.3161
49 672 0.0970
49 673 0.0523
49 674 0.0666
49 675 0.0635
49 676 0.1084
49 677 0.1104
49 678 0.1699
49 679 0.8080
49 680 0.0771
49 681 0.0453
49 682 0.0546
49 683 0.0643
49 684 0.0633
49 685 0.2108
49 686 0.5594
49 687 0.7832
49 688 0.0700
49 689 0.3392
49 690 0.0526
49 691 0.3659
49 692 0.0590
49 693 0.0793
49 694 0.0949
49 695 0.5861
49 696 0.0536
49 697 0.2261
49 698 0.2704
49 699 0.1823
49 700 0.0817
49 701 0.0774
49 702 0.6457
49 703 0.3932
49 704 0.9488
49 705 0.0594
49 706 0.2641
49 707 0.1130
49 708 0.0402
49 709 0.0722
49 710 0.0557
49 711 0.3299
49 712 0.1125
49 713 0.0514
49 714 0.2653
49 715 0.2593
49 716 0.6754
49 717 0.0745
49 718 0.1737
49 720 0.1083
49 721 0.0616
49 722 0.0713
49 723 0.0166
49 724 0.0762
49 725 0.0715
49 726 0.9068
49 727 0.3579
49 728 0.9127
49 729 0.7386
49 730 0.0482
49 731 0.1677
49 732 0.4682
49 733 0.2517
49 734 0.1652
49 735 0.1110
49 736 0.4371
49 737 0.4234
49 738 0.1670
49 740 0.1215
49 741 0.2536
49 742 0.0485
49 743 0.4874
49 744 0.8049
49 745 0.4740
49 746 0.0570
49 747 0.0435
49 748 0.4044
49 749 0.0634
49 750 0.2390
49 751 0.2643
49 752 0.9922
49 753 0.5194
49 754 0.0593
49 755 0.8498
49 756 0.0886
49 757 0.1448
49 758 0.0730
49 759 0.1379
49 760 0.0783
49 761 0.0522
49 762 0.0535
49 763 0.2894
49 764 0.1349
49 765 0.1637
49 766 0.0476
49 767 0.4932
49 768 0.5291
49 769 0.0752
49 770 0.1928
49 771 0.2921
49 772 0.1564
49 773 0.0860
49 774 0.1185
49 775 0.8751
49 776 0.8351
49 777 0.1373
49 778 0.0992
49 779 0.0934
49 780 0.0699
49 781 0.0484
49 782 0.0999
49 783 0.2022
49 784 0.0662
49 785 0.0615
49 786 0.1998
49 787 0.0945
49 788 0.0934
49 789 0.3046
49 791 0.0581
49 792 0.0774
49 793 0.3476
49 794 0.1050
49 795 0.0797
49 796 0.0651
49 797 0.1379
49 798 0.1386
49 799 0.9726
49 800 0.1425
49 801 0.0938
49 802 0.0555
49 803 0.0623
49 804 0.2890
49 805 0.7572
49 806 0.0705
49 807 0.2257
49 808 0.2953
49 809 0.0922
49 810 0.1939
49 811 0.3596
49 812 0.0540
49 813 0.2346
49 814 0.2120
49 815 0.0821
49 816 0.1747
49 817 0.1117
49 818 0.0918
49 819 0.1287
49 820 0.1308
49 821 0.1714
49 822 0.1004
49 823 0.2123
49 824 0.0684
49 825 0.9308
49 827 0.9074
49 828 0.9462
49 829 0.1166
49 830 0.3348
49 831 0.9188
49 832 0.9166
49 833 0.0804
49 834 0.1936
49 835 0.0792
49 836 0.2870
49 837 0.0726
49 838 0.9492
49 839 0.0814
49 840 0.0451
49 841 0.2081
49 842 0.0863
49 843 0.0469
49 844 0.0129
49 845 0.3201
49 846 0.8988
49 847 0.0477
49 848 0.1973
49 849 0.9718
49 850 0.6598
49 851 0.9972
49 852 0.0892
49 853 0.1102
49 854 0.0810
49 855 0.2671
49 856 0.1913
49 858 0.9059
49 859 0.1088
49 860 0.0625
49 861 0.1231
49 862 0.0963
49 864 0.9467
49 865 0.0565
49 866 0.1390
49 867 0.1170
49 868 0.1648
49 869 0.1226
49 870 0.9608
49 871 0.1061
49 872 0.8338
49 873 0.0885
49 874 0.0593
49 875 0.1103
49 876 0.0729
49 877 0.0530
49 878 0.1676
49 880 0.1909
49 881 0.0801
49 882 0.0931
49 883 0.9012
49 884 0.0712
49 885 0.0370
49 886 0.0728
49 887 0.9549
49 888 0.0905
49 889 0.0967
49 890 0.0799
49 891 0.5336
49 892 0.0383
49 893 0.3644
49 894 0.0933
49 895 0.7695
49 896 0.0768
49 897 0.0691
49 898 0.1574
49 899 0.0580
49 900 0.1469
49 901 0.1571
49 903 0.2285
49 905 0.1176
49 906 0.4023
49 907 0.1114
49 908 0.1489
49 909 0.9245
49 910 0.0984
49 911 0.0540
49 912 0.0499
49 913 0.1635
49 914 0.0741
49 915 0.2021
49 916 0.1784
49 917 0.0337
49 918 0.8203
49 919 0.2351
49 920 0.6536
49 921 0.8710
49 922 0.1059
49 924 0.3969
49 928 0.4888
49 929 0.3497
49 930 0.6442
49 932 0.0588
49 933 0.0871
49 934 0.1107
49 935 0.9098
49 936 0.1266
49 937 0.0761
49 938 0.0645
49 939 0.0465
49 940 0.0589
49 941 0.1444
49 942 0.8698
49 943 0.0879
49 944 0.0758
49 946 0.1280
49 947 0.9272
49 948 0.7137
49 949 0.1617
49 950 0.8781
49 951 0.2407
49 952 0.0952
49 953 0.1505
49 954 0.0716
49 955 0.1406
49 956 0.7796
49 957 0.0553
49 958 0.0852
49 959 0.3098
49 960 0.4059
49 961 0.0657
49 962 0.0848
49 963 0.0697
49 964 0.4728
49 965 0.0442
49 966 0.0830
49 967 0.1043
49 968 0.1880
49 969 0.0565
49 971 0.7822
49 972 0.0780
49 973 0.1950
49 974 0.8397
49 975 0.3425
49 976 0.0679
49 977 0.1461
49 978 0.1037
49 979 0.9503
49 980 0.0793
49 981 0.0555
49 982 0.0623
49 983 0.0609
49 984 0.7446
49 985 0.0654
49 986 0.3449
49 987 0.0842
49 989 0.1120
49 990 0.3065
49 991 0.0637
49 992 0.0572
49 993 0.9924
49 994 0.4652
49 995 0.9071
49 996 0.0473
49 998 0.0901
49 999 0.0502
49 1000 0.0727
49 1001 0.0858
49 1002 0.1810
