114 860 0.2828
114 861 0.3277
114 864 0.4989
114 865 0.3446
114 866 0.3446
114 869 0.4823
114 871 0.3446
114 875 0.2828
114 880 0.3277
114 881 0.5361
114 883 0.3446
114 884 0.3446
114 890 0.4711
114 891 0.3753
114 893 0.2828
114 898 0.5230
114 903 0.4827
114 905 0.1960
114 908 0.3041
114 912 0.3277
114 914 0.4794
114 915 0.5363
114 918 0.3277
114 921 0.2828
114 922 0.3234
114 928 0.1960
114 930 0.2828
114 934 0.2828
114 935 0.5364
114 938 0.3234
114 940 0.2828
114 942 0.5268
114 943 0.2828
114 946 0.3277
114 947 0.5250
114 948 0.3277
114 950 0.5249
114 951 0.1960
114 953 0.5314
114 955 0.5404
114 956 0.1960
114 960 0.5318
114 966 0.2828
114 967 0.1960
114 968 0.2828
114 973 0.3446
114 974 0.5511
114 976 0.5533
114 978 0.1960
114 979 0.5337
114 986 0.3385
114 987 0.4787
114 989 0.3446
114 993 0.5229
114 994 0.5297
114 995 0.5219
114 1002 0.5258
114 1003 0.3446
114 1004 0.5195
114 1006 0.3234
114 1007 0.4799
114 1008 0.2828
114 1014 0.4787
114 1015 0.3703
114 1017 0.3277
114 1020 0.3446
114 1027 0.4724
114 1028 0.3446
114 1029 0.5231
114 1032 0.2828
114 1033 0.3446
114 1036 0.3645
114 1042 0.2828
114 1043 0.3277
114 1047 0.3656
114 1048 0.2965
114 1049 0.3446
114 1052 0.3277
114 1056 0.5480
114 1060 0.5252
114 1061 0.3446
114 1063 0.2828
114 1065 0.5221
114 1066 0.2828
114 1068 0.5304
114 1072 0.4691
114 1075 0.2965
114 1079 0.2828
114 1104 0.1960
114 1111 0.4809
114 1115 0.4823
114 1116 0.3446
114 1125 0.3446
114 1126 0.2828
114 1129 0.2965
114 1130 0.5485
114 1134 0.3446
114 1138 0.3583
114 1141 0.4794
114 1147 0.3277
114 1151 0.3446
114 1153 0.2828
114 1154 0.5225
114 1160 0.2828
114 1161 0.5241
114 1163 0.5394
114 1167 0.2828
114 1169 0.5235
114 1180 0.5268
114 1187 0.3169
114 1193 0.5240
114 1206 0.3446
114 1208 0.2828
114 1210 0.3041
114 1211 0.2828
114 1219 0.3446
114 1221 0.2965
114 1223 0.3234
114 1225 0.5430
114 1235 0.2828
114 1237 0.1960
114 1241 0.4794
114 1242 0.1960
114 1247 0.3628
114 1250 0.2828
114 1252 0.3041
114 1258 0.2828
114 1260 0.5128
114 1267 0.2828
114 1268 0.2828
114 1270 0.4799
114 1271 0.5481
114 1275 0.4545
114 1276 0.3446
114 1279 0.3446
114 1280 0.3405
114 1282 0.3446
114 1283 0.3446
114 1284 0.4659
114 1287 0.3385
114 1289 0.5318
114 1291 0.1960
114 1292 0.5221
114 1293 0.2828
114 1298 0.5340
114 1299 0.5343
114 1301 0.3760
114 1303 0.5369
114 1305 0.4711
114 1316 0.5312
114 1342 0.4812
114 1360 0.5458
114 1367 0.2828
114 1370 0.3041
114 1372 0.2828
114 1379 0.2828
114 1383 0.2828
114 1386 0.4852
114 1388 0.3446
114 1395 0.2828
114 1396 0.3277
114 1397 0.5393
114 1398 0.2828
114 1406 0.2828
114 1409 0.4794
114 1412 0.3277
114 1415 0.3446
114 1419 0.3041
114 1427 0.3277
114 1428 0.2828
114 1434 0.5203
114 1435 0.5288
114 1437 0.5255
114 1438 0.3277
114 1441 0.4672
114 1446 0.3446
114 1452 0.2828
114 1458 0.3446
114 1464 0.2965
114 1473 0.3446
114 1479 0.2828
114 1503 0.3405
114 1504 0.2965
114 1515 0.1960
114 1519 0.5215
114 1522 0.2828
114 1526 0.5311
114 1527 0.5249
114 1529 0.2965
114 1530 0.5324
114 1536 0.1960
114 1538 0.5314
114 1542 0.2828
114 1546 0.2828
114 1547 0.3307
114 1548 0.3409
114 1549 0.4823
114 1550 0.2828
114 1554 0.1960
114 1573 0.3446
114 1580 0.2828
114 1582 0.2828
114 1588 0.1960
114 1591 0.4794
114 1593 0.5514
114 1599 0.2828
114 1604 0.2828
114 1606 0.2828
114 1608 0.1960
114 1613 0.3698
114 1621 0.3763
114 1622 0.3385
114 1628 0.2828
114 1630 0.2828
114 1634 0.3446
114 1637 0.3409
114 1641 0.3446
114 1645 0.3446
114 1646 0.2828
114 1649 0.3041
114 1650 0.2828
114 1653 0.2828
114 1660 0.3446
114 1661 0.1960
114 1662 0.3446
114 1664 0.2828
114 1666 0.2828
114 1668 0.3628
114 1669 0.1960
114 1674 0.2828
114 1676 0.3446
114 1683 0.2965
114 1685 0.2828
114 1688 0.3446
114 1689 0.5336
114 1691 0.4823
114 1692 0.5510
114 1694 0.3446
114 1699 0.1960
114 1706 0.5249
114 1707 0.5288
114 1709 0.3277
114 1711 0.3623
114 1712 0.5253
114 1713 0.5274
114 1714 0.3819
114 1715 0.3277
114 1717 0.5299
116 119 0.1960
116 123 0.3446
116 125 0.2828
116 130 0.3277
116 131 0.5351
116 133 0.2828
116 134 0.5522
116 137 0.2828
116 138 0.2828
116 139 0.3446
116 140 0.3277
116 143 0.5442
116 147 0.5424
116 148 0.1960
116 149 0.1960
116 150 0.3623
116 152 0.3277
116 154 0.3385
116 157 0.3041
116 158 0.2965
116 159 0.5211
116 161 0.2828
116 162 0.4691
116 164 0.3385
116 165 0.3385
116 166 0.3385
116 169 0.2828
116 171 0.5241
116 172 0.5419
116 173 0.3277
116 175 0.2828
116 176 0.2965
116 179 0.4794
116 180 0.3385
116 183 0.3446
116 184 0.3663
116 185 0.2828
116 186 0.5361
116 188 0.5386
116 193 0.5290
116 195 0.2828
116 196 0.1960
116 197 0.5268
116 198 0.3277
116 199 0.5361
116 201 0.1960
116 204 0.3409
116 206 0.4698
116 208 0.5226
116 209 0.5362
116 211 0.2828
116 212 0.3446
116 215 0.4704
116 216 0.4794
116 217 0.4616
116 218 0.5243
116 219 0.3277
116 221 0.3446
116 224 0.2828
116 225 0.2828
116 229 0.4794
116 230 0.3849
116 234 0.3446
116 235 0.5402
116 237 0.2828
116 238 0.5208
116 239 0.4680
116 240 0.3864
116 242 0.2828
116 243 0.2828
116 245 0.3385
116 250 0.4719
116 252 0.2828
116 253 0.3405
116 254 0.3277
116 256 0.3041
116 258 0.4762
116 260 0.2828
116 262 0.5231
116 264 0.3717
116 265 0.3446
116 268 0.2828
116 271 0.4662
116 272 0.3385
116 275 0.5243
116 276 0.3385
116 277 0.3041
116 279 0.3277
116 281 0.3234
116 283 0.3277
116 284 0.3679
116 285 0.3446
116 286 0.4704
116 287 0.3692
116 289 0.5282
116 290 0.3234
116 291 0.5241
116 296 0.1960
116 297 0.3234
116 300 0.4662
116 304 0.5388
116 314 0.5261
116 315 0.2828
116 316 0.3277
116 317 0.1960
116 319 0.5207
116 320 0.3646
116 328 0.5222
116 331 0.3446
116 336 0.2828
116 337 0.2828
116 338 0.2828
116 340 0.3821
116 341 0.3576
116 342 0.3277
116 343 0.3446
116 344 0.5256
116 347 0.1960
116 348 0.2828
116 351 0.4711
116 353 0.3446
116 354 0.2828
116 357 0.3385
116 361 0.5485
116 362 0.5367
116 363 0.3760
116 364 0.3041
116 369 0.2828
116 371 0.3446
116 377 0.4704
116 379 0.2828
116 381 0.3614
116 384 0.5225
116 386 0.5370
116 389 0.3446
116 392 0.3760
116 393 0.3277
116 395 0.3385
116 399 0.3446
116 400 0.2828
116 402 0.2828
116 403 0.3405
116 404 0.3041
116 405 0.4711
116 407 0.2828
116 408 0.4823
116 409 0.5290
116 411 0.4799
116 413 0.4711
116 414 0.3277
116 425 0.5271
116 427 0.2828
116 428 0.3385
116 432 0.3446
116 434 0.3811
116 438 0.2828
116 439 0.3811
116 441 0.3446
116 442 0.3041
116 445 0.3760
116 447 0.5454
116 449 0.5432
116 451 0.3277
116 452 0.5420
116 453 0.5326
116 460 0.3446
116 461 0.3446
116 462 0.1960
116 464 0.4799
116 466 0.5454
116 467 0.2828
116 468 0.2965
116 470 0.5237
116 471 0.3748
116 472 0.3740
116 475 0.5456
116 476 0.1960
116 484 0.2828
116 485 0.3446
116 491 0.4719
116 492 0.4672
116 494 0.2828
116 495 0.2828
116 498 0.1960
116 500 0.2828
116 501 0.3698
116 503 0.2828
116 504 0.2828
116 505 0.3041
116 507 0.5228
116 508 0.2828
116 509 0.2828
116 511 0.2965
116 514 0.2965
116 515 0.5528
116 517 0.3277
116 518 0.2828
116 520 0.4691
116 521 0.2828
116 523 0.1960
116 527 0.2828
116 528 0.5209
116 530 0.3446
116 534 0.2828
116 536 0.5256
116 540 0.2965
116 541 0.1960
116 548 0.3041
116 552 0.3446
116 555 0.4823
116 558 0.2828
116 559 0.3446
116 560 0.5429
116 561 0.3385
116 563 0.5314
116 564 0.3277
116 568 0.3446
116 570 0.2828
116 572 0.5470
116 573 0.3385
116 574 0.5232
116 576 0.3840
116 582 0.5336
116 583 0.3277
116 584 0.5267
116 585 0.4894
116 586 0.2828
116 587 0.3041
116 590 0.5392
116 591 0.3385
116 600 0.4799
116 601 0.4894
116 602 0.4698
116 613 0.5317
116 617 0.3446
116 619 0.5371
116 621 0.2828
116 625 0.2965
116 626 0.5240
116 627 0.3848
116 628 0.2828
116 631 0.5438
116 632 0.5430
116 633 0.5312
116 637 0.3446
116 639 0.5277
116 641 0.3446
116 642 0.2965
116 643 0.4711
116 645 0.2828
116 648 0.4711
116 649 0.3645
116 650 0.5468
116 651 0.5211
116 656 0.3446
116 657 0.4794
116 658 0.2828
116 662 0.3446
116 666 0.5306
116 667 0.3446
116 676 0.4680
116 677 0.2828
116 685 0.3677
116 689 0.3041
116 691 0.1960
116 692 0.5294
116 694 0.3385
116 698 0.5402
116 700 0.3628
116 702 0.4931
116 703 0.4757
116 705 0.3446
116 706 0.5278
116 707 0.5301
116 709 0.3446
116 711 0.4794
116 712 0.5435
116 714 0.3446
116 718 0.2828
116 722 0.5239
116 724 0.3277
116 728 0.3409
116 732 0.3385
116 733 0.3446
116 736 0.4794
116 737 0.2828
116 740 0.3385
116 741 0.3446
116 744 0.5186
116 745 0.3277
116 747 0.2828
116 748 0.3425
116 750 0.3446
116 752 0.5257
116 753 0.3446
116 755 0.5209
116 761 0.3385
116 762 0.3041
116 763 0.3169
116 764 0.2828
116 768 0.5411
116 770 0.2828
116 771 0.5223
116 775 0.5283
116 776 0.3623
116 777 0.1960
116 780 0.3446
116 783 0.2828
116 786 0.5479
116 787 0.4799
116 789 0.3277
116 793 0.5492
116 798 0.2828
116 799 0.5241
116 801 0.5005
116 803 0.2965
116 804 0.5518
116 805 0.4852
116 806 0.2828
116 808 0.3698
116 811 0.5219
116 815 0.3446
116 817 0.5249
116 822 0.2828
116 823 0.5397
116 824 0.3446
116 827 0.5249
116 832 0.3277
116 836 0.5190
116 838 0.5302
116 841 0.2965
116 842 0.4659
116 845 0.2828
116 846 0.4823
116 848 0.3446
116 851 0.5262
116 855 0.2828
116 856 0.3385
116 860 0.2828
116 861 0.3277
116 864 0.4989
116 865 0.3446
116 866 0.3446
116 869 0.4823
116 871 0.3446
116 875 0.2828
116 880 0.3277
116 881 0.5361
116 883 0.3446
116 884 0.3446
116 890 0.4711
116 891 0.3753
116 893 0.2828
116 898 0.5230
116 903 0.4827
116 905 0.1960
116 908 0.3041
116 912 0.3277
116 914 0.4794
116 915 0.5363
116 918 0.3277
116 921 0.2828
116 922 0.3234
116 928 0.1960
116 930 0.2828
116 934 0.2828
116 935 0.5364
116 938 0.3234
116 940 0.2828
116 942 0.5268
116 943 0.2828
116 946 0.3277
116 947 0.5250
116 948 0.3277
116 950 0.5249
116 951 0.1960
116 953 0.5314
116 955 0.5404
116 956 0.1960
116 960 0.5318
116 966 0.2828
116 967 0.1960
116 968 0.2828
116 973 0.3446
116 974 0.5511
116 976 0.5533
116 978 0.1960
116 979 0.5337
116 986 0.3385
116 987 0.4787
116 989 0.3446
116 993 0.5229
116 994 0.5297
116 995 0.5219
116 1002 0.5258
116 1003 0.3446
116 1004 0.5195
116 1006 0.3234
116 1007 0.4799
116 1008 0.2828
116 1014 0.4787
116 1015 0.3703
116 1017 0.3277
116 1020 0.3446
116 1027 0.4724
116 1028 0.3446
116 1029 0.5231
116 1032 0.2828
116 1033 0.3446
116 1036 0.3645
116 1042 0.2828
116 1043 0.3277
116 1047 0.3656
116 1048 0.2965
116 1049 0.3446
116 1052 0.3277
116 1056 0.5480
116 1060 0.5252
116 1061 0.3446
116 1063 0.2828
116 1065 0.5221
116 1066 0.2828
116 1068 0.5304
116 1072 0.4691
116 1075 0.2965
116 1079 0.2828
116 1104 0.1960
116 1111 0.4809
116 1115 0.4823
116 1116 0.3446
116 1125 0.3446
116 1126 0.2828
116 1129 0.2965
116 1130 0.5485
116 1134 0.3446
116 1138 0.3583
116 1141 0.4794
116 1147 0.3277
116 1151 0.3446
116 1153 0.2828
116 1154 0.5225
116 1160 0.2828
116 1161 0.5241
116 1163 0.5394
116 1167 0.2828
116 1169 0.5235
116 1180 0.5268
116 1187 0.3169
116 1193 0.5240
116 1206 0.3446
116 1208 0.2828
116 1210 0.3041
116 1211 0.2828
116 1219 0.3446
116 1221 0.2965
116 1223 0.3234
116 1225 0.5430
116 1235 0.2828
116 1237 0.1960
116 1241 0.4794
116 1242 0.1960
116 1247 0.3628
116 1250 0.2828
116 1252 0.3041
116 1258 0.2828
116 1260 0.5128
116 1267 0.2828
116 1268 0.2828
116 1270 0.4799
116 1271 0.5481
116 1275 0.4545
116 1276 0.3446
116 1279 0.3446
116 1280 0.3405
116 1282 0.3446
116 1283 0.3446
116 1284 0.4659
116 1287 0.3385
116 1289 0.5318
116 1291 0.1960
116 1292 0.5221
116 1293 0.2828
116 1298 0.5340
116 1299 0.5343
116 1301 0.3760
116 1303 0.5369
116 1305 0.4711
116 1316 0.5312
116 1342 0.4812
116 1360 0.5458
116 1367 0.2828
116 1370 0.3041
116 1372 0.2828
116 1379 0.2828
116 1383 0.2828
116 1386 0.4852
116 1388 0.3446
116 1395 0.2828
116 1396 0.3277
116 1397 0.5393
116 1398 0.2828
116 1406 0.2828
116 1409 0.4794
116 1412 0.3277
116 1415 0.3446
116 1419 0.3041
116 1427 0.3277
116 1428 0.2828
116 1434 0.5203
116 1435 0.5288
116 1437 0.5255
116 1438 0.3277
116 1441 0.4672
116 1446 0.3446
116 1452 0.2828
116 1458 0.3446
116 1464 0.2965
116 1473 0.3446
116 1479 0.2828
116 1503 0.3405
116 1504 0.2965
116 1515 0.1960
116 1519 0.5215
116 1522 0.2828
116 1526 0.5311
116 1527 0.5249
116 1529 0.2965
116 1530 0.5324
116 1536 0.1960
116 1538 0.5314
116 1542 0.2828
116 1546 0.2828
116 1547 0.3307
116 1548 0.3409
116 1549 0.4823
116 1550 0.2828
116 1554 0.1960
116 1573 0.3446
116 1580 0.2828
116 1582 0.2828
116 1588 0.1960
116 1591 0.4794
116 1593 0.5514
116 1599 0.2828
116 1604 0.2828
116 1606 0.2828
116 1608 0.1960
116 1613 0.3698
116 1621 0.3763
116 1622 0.3385
116 1628 0.2828
116 1630 0.2828
116 1634 0.3446
116 1637 0.3409
116 1641 0.3446
116 1645 0.3446
116 1646 0.2828
116 1649 0.3041
116 1650 0.2828
116 1653 0.2828
116 1660 0.3446
116 1661 0.1960
116 1662 0.3446
116 1664 0.2828
116 1666 0.2828
116 1668 0.3628
116 1669 0.1960
116 1674 0.2828
116 1676 0.3446
116 1683 0.2965
116 1685 0.2828
116 1688 0.3446
116 1689 0.5336
116 1691 0.4823
116 1692 0.5510
116 1694 0.3446
116 1699 0.1960
116 1706 0.5249
116 1707 0.5288
116 1709 0.3277
116 1711 0.3623
116 1712 0.5253
116 1713 0.5274
116 1714 0.3819
116 1715 0.3277
116 1717 0.5299
119 123 0.3446
119 125 0.2828
119 130 0.3277
119 131 0.5351
119 133 0.2828
119 134 0.5522
119 137 0.2828
119 138 0.2828
119 139 0.3446
119 140 0.3277
119 143 0.5442
119 147 0.5424
119 148 0.1960
119 149 0.1960
119 150 0.3623
119 152 0.3277
119 154 0.3385
119 157 0.3041
119 158 0.2965
119 159 0.5211
119 161 0.2828
119 162 0.4691
119 164 0.3385
119 165 0.3385
119 166 0.3385
119 169 0.2828
119 171 0.5241
119 172 0.5419
119 173 0.3277
119 175 0.2828
119 176 0.2965
119 179 0.4794
119 180 0.3385
119 183 0.3446
119 184 0.3663
119 185 0.2828
119 186 0.5361
119 188 0.5386
119 193 0.5290
119 195 0.2828
119 196 0.1960
119 197 0.5268
119 198 0.3277
119 199 0.5361
119 201 0.1960
119 204 0.3409
119 206 0.4698
119 208 0.5226
119 209 0.5362
119 211 0.2828
119 212 0.3446
119 215 0.4704
119 216 0.4794
119 217 0.4616
119 218 0.5243
119 219 0.3277
119 221 0.3446
119 224 0.2828
119 225 0.2828
119 229 0.4794
119 230 0.3849
119 234 0.3446
119 235 0.5402
119 237 0.2828
119 238 0.5208
119 239 0.4680
119 240 0.3864
119 242 0.2828
119 243 0.2828
119 245 0.3385
119 250 0.4719
119 252 0.2828
119 253 0.3405
119 254 0.3277
119 256 0.3041
119 258 0.4762
119 260 0.2828
119 262 0.5231
119 264 0.3717
119 265 0.3446
119 268 0.2828
119 271 0.4662
119 272 0.3385
119 275 0.5243
119 276 0.3385
119 277 0.3041
119 279 0.3277
119 281 0.3234
119 283 0.3277
119 284 0.3679
119 285 0.3446
119 286 0.4704
119 287 0.3692
119 289 0.5282
119 290 0.3234
119 291 0.5241
119 296 0.1960
119 297 0.3234
119 300 0.4662
119 304 0.5388
119 314 0.5261
119 315 0.2828
119 316 0.3277
119 317 0.1960
119 319 0.5207
119 320 0.3646
119 328 0.5222
119 331 0.3446
119 336 0.2828
119 337 0.2828
119 338 0.2828
119 340 0.3821
119 341 0.3576
119 342 0.3277
119 343 0.3446
119 344 0.5256
119 347 0.1960
119 348 0.2828
119 351 0.4711
119 353 0.3446
119 354 0.2828
119 357 0.3385
119 361 0.5485
119 362 0.5367
119 363 0.3760
119 364 0.3041
119 369 0.2828
119 371 0.3446
119 377 0.4704
119 379 0.2828
119 381 0.3614
119 384 0.5225
119 386 0.5370
119 389 0.3446
119 392 0.3760
119 393 0.3277
119 395 0.3385
119 399 0.3446
119 400 0.2828
119 402 0.2828
119 403 0.3405
119 404 0.3041
119 405 0.4711
119 407 0.2828
119 408 0.4823
119 409 0.5290
119 411 0.4799
119 413 0.4711
119 414 0.3277
119 425 0.5271
119 427 0.2828
119 428 0.3385
119 432 0.3446
119 434 0.3811
119 438 0.2828
119 439 0.3811
119 441 0.3446
119 442 0.3041
119 445 0.3760
119 447 0.5454
119 449 0.5432
119 451 0.3277
119 452 0.5420
119 453 0.5326
119 460 0.3446
119 461 0.3446
119 462 0.1960
119 464 0.4799
119 466 0.5454
119 467 0.2828
119 468 0.2965
119 470 0.5237
119 471 0.3748
119 472 0.3740
119 475 0.5456
119 476 0.1960
119 484 0.2828
119 485 0.3446
119 491 0.4719
119 492 0.4672
119 494 0.2828
119 495 0.2828
119 498 0.1960
119 500 0.2828
119 501 0.3698
119 503 0.2828
119 504 0.2828
119 505 0.3041
119 507 0.5228
119 508 0.2828
119 509 0.2828
119 511 0.2965
119 514 0.2965
119 515 0.5528
119 517 0.3277
119 518 0.2828
119 520 0.4691
119 521 0.2828
119 523 0.1960
119 527 0.2828
119 528 0.5209
119 530 0.3446
119 534 0.2828
119 536 0.5256
119 540 0.2965
119 541 0.1960
119 548 0.3041
119 552 0.3446
119 555 0.4823
119 558 0.2828
119 559 0.3446
119 560 0.5429
119 561 0.3385
119 563 0.5314
119 564 0.3277
119 568 0.3446
119 570 0.2828
119 572 0.5470
119 573 0.3385
119 574 0.5232
119 576 0.3840
119 582 0.5336
119 583 0.3277
119 584 0.5267
119 585 0.4894
119 586 0.2828
119 587 0.3041
119 590 0.5392
119 591 0.3385
119 600 0.4799
119 601 0.4894
119 602 0.4698
119 613 0.5317
119 617 0.3446
119 619 0.5371
119 621 0.2828
119 625 0.2965
119 626 0.5240
119 627 0.3848
119 628 0.2828
119 631 0.5438
119 632 0.5430
119 633 0.5312
119 637 0.3446
119 639 0.5277
119 641 0.3446
119 642 0.2965
119 643 0.4711
119 645 0.2828
119 648 0.4711
119 649 0.3645
119 650 0.5468
119 651 0.5211
119 656 0.3446
119 657 0.4794
119 658 0.2828
119 662 0.3446
119 666 0.5306
119 667 0.3446
119 676 0.4680
119 677 0.2828
119 685 0.3677
119 689 0.3041
119 691 0.1960
