101 462 0.3041
101 464 0.5398
101 466 0.5454
101 467 0.4018
101 468 0.4528
101 470 0.5237
101 471 0.5558
101 472 0.5474
101 475 0.5456
101 476 0.3041
101 484 0.4018
101 485 0.4841
101 491 0.5208
101 492 0.5289
101 494 0.4018
101 495 0.4018
101 498 0.3041
101 500 0.4018
101 501 0.5268
101 503 0.4018
101 504 0.4018
101 505 0.4982
101 507 0.5235
101 508 0.4018
101 509 0.4018
101 511 0.5179
101 514 0.4528
101 515 0.5528
101 517 0.5183
101 518 0.4018
101 520 0.5332
101 521 0.4018
101 523 0.3041
101 527 0.4018
101 528 0.5400
101 530 0.4841
101 534 0.4018
101 536 0.5256
101 540 0.4528
101 541 0.3041
101 548 0.4982
101 552 0.4841
101 555 0.4995
101 558 0.4018
101 559 0.4841
101 560 0.5447
101 561 0.5013
101 563 0.5314
101 564 0.5183
101 568 0.4841
101 570 0.4018
101 572 0.5470
101 573 0.5013
101 574 0.5232
101 576 0.5172
101 582 0.5336
101 583 0.5183
101 584 0.5267
101 585 0.5187
101 586 0.4018
101 587 0.6786
101 590 0.5392
101 591 0.5013
101 600 0.5165
101 601 0.5187
101 602 0.4967
101 613 0.5317
101 617 0.4841
101 619 0.5371
101 621 0.4018
101 625 0.4528
101 626 0.5240
101 627 0.5194
101 628 0.4018
101 631 0.5438
101 632 0.5430
101 633 0.5312
101 637 0.4841
101 639 0.5238
101 641 0.4841
101 642 0.4528
101 643 0.5330
101 645 0.4018
101 648 0.5330
101 649 0.5331
101 650 0.5468
101 651 0.5211
101 656 0.4841
101 657 0.4996
101 658 0.4018
101 662 0.4841
101 666 0.4841
101 667 0.4841
101 676 0.5158
101 677 0.4018
101 685 0.5392
101 689 0.4982
101 691 0.5183
101 692 0.5334
101 694 0.5013
101 698 0.5402
101 700 0.5398
101 702 0.5206
101 703 0.4923
101 705 0.4841
101 706 0.5322
101 707 0.5341
101 709 0.4841
101 711 0.4996
101 712 0.5441
101 714 0.4841
101 718 0.4018
101 722 0.5241
101 724 0.5183
101 728 0.5041
101 732 0.5013
101 733 0.4841
101 736 0.4996
101 737 0.4018
101 740 0.5013
101 741 0.4841
101 744 0.5186
101 745 0.5183
101 747 0.4018
101 748 0.5086
101 750 0.4841
101 752 0.5257
101 753 0.4841
101 755 0.5400
101 761 0.5013
101 762 0.4982
101 763 0.4827
101 764 0.4018
101 768 0.5411
101 770 0.4018
101 771 0.5232
101 775 0.5283
101 776 0.5289
101 777 0.3041
101 780 0.4841
101 783 0.4018
101 786 0.5479
101 787 0.5165
101 789 0.5183
101 793 0.5492
101 798 0.4018
101 799 0.5241
101 801 0.5284
101 803 0.4528
101 804 0.5518
101 805 0.5285
101 806 0.4018
101 808 0.5268
101 811 0.5219
101 815 0.4841
101 817 0.5249
101 822 0.4018
101 823 0.5397
101 824 0.4841
101 827 0.5249
101 832 0.5183
101 836 0.5469
101 838 0.5302
101 841 0.4528
101 842 0.5271
101 845 0.4018
101 846 0.4995
101 848 0.4841
101 851 0.5262
101 855 0.4018
101 856 0.5013
101 860 0.4018
101 861 0.5183
101 864 0.5269
101 865 0.4841
101 866 0.4841
101 869 0.4995
101 871 0.4841
101 875 0.4018
101 880 0.3041
101 881 0.5361
101 883 0.4841
101 884 0.4841
101 890 0.5330
101 891 0.5307
101 893 0.4018
101 898 0.5238
101 903 0.5179
101 905 0.3041
101 908 0.4982
101 912 0.5183
101 914 0.4996
101 915 0.5363
101 918 0.5183
101 921 0.4018
101 922 0.4858
101 928 0.3041
101 930 0.4018
101 934 0.4018
101 935 0.5364
101 938 0.5270
101 940 0.4018
101 942 0.5268
101 943 0.4018
101 946 0.5183
101 947 0.5250
101 948 0.5183
101 950 0.5249
101 951 0.3041
101 953 0.5410
101 955 0.5404
101 956 0.3041
101 960 0.5533
101 966 0.4018
101 967 0.3041
101 968 0.4018
101 973 0.4841
101 974 0.5511
101 976 0.5533
101 978 0.3041
101 979 0.5337
101 986 0.5013
101 987 0.5276
101 989 0.4841
101 993 0.5229
101 994 0.5459
101 995 0.5219
101 1002 0.5258
101 1003 0.4841
101 1004 0.5212
101 1006 0.4858
101 1007 0.5165
101 1008 0.4018
101 1014 0.5276
101 1015 0.5594
101 1017 0.5183
101 1020 0.4841
101 1027 0.4967
101 1028 0.4841
101 1029 0.5231
101 1032 0.4018
101 1033 0.5183
101 1036 0.5331
101 1042 0.4018
101 1043 0.5183
101 1047 0.5494
101 1048 0.4528
101 1049 0.4841
101 1052 0.5183
101 1056 0.5480
101 1060 0.5374
101 1061 0.4841
101 1063 0.4018
101 1065 0.5221
101 1066 0.4018
101 1068 0.5304
101 1072 0.4996
101 1075 0.4528
101 1079 0.4018
101 1104 0.3041
101 1111 0.5051
101 1115 0.4995
101 1116 0.8695
101 1125 0.4841
101 1126 0.4018
101 1129 0.4528
101 1130 0.5485
101 1134 0.4841
101 1138 0.5221
101 1141 0.4996
101 1147 0.5183
101 1151 0.4841
101 1153 0.4018
101 1154 0.5225
101 1160 0.4018
101 1161 0.5241
101 1163 0.5394
101 1167 0.4018
101 1169 0.5235
101 1180 0.5268
101 1187 0.4827
101 1193 0.5240
101 1206 0.4841
101 1208 0.4018
101 1210 0.4982
101 1211 0.4018
101 1219 0.4841
101 1221 0.4528
101 1223 0.4858
101 1225 0.5430
101 1235 0.4018
101 1237 0.3041
101 1241 0.4996
101 1242 0.3041
101 1247 0.5398
101 1250 0.4018
101 1252 0.4982
101 1258 0.4018
101 1260 0.5421
101 1267 0.4018
101 1268 0.4018
101 1270 0.5165
101 1271 0.5413
101 1275 0.5063
101 1276 0.4841
101 1279 0.4841
101 1280 0.5051
101 1282 0.4841
101 1283 0.4841
101 1284 0.5271
101 1287 0.5013
101 1289 0.5318
101 1291 0.3041
101 1292 0.5247
101 1293 0.4018
101 1298 0.5340
101 1299 0.5343
101 1301 0.5498
101 1303 0.5369
101 1305 0.5330
101 1316 0.5311
101 1342 0.5317
101 1360 0.5458
101 1367 0.4018
101 1370 0.4982
101 1372 0.4018
101 1379 0.4018
101 1383 0.4018
101 1386 0.5285
101 1388 0.4841
101 1395 0.4018
101 1396 0.5183
101 1397 0.5393
101 1398 0.4018
101 1406 0.4018
101 1409 0.4996
101 1412 0.5183
101 1415 0.4841
101 1419 0.4982
101 1427 0.5183
101 1428 0.4018
101 1434 0.5203
101 1435 0.5288
101 1437 0.5255
101 1438 0.5183
101 1441 0.5289
101 1446 0.4841
101 1452 0.4018
101 1458 0.4841
101 1464 0.4528
101 1473 0.4841
101 1479 0.4018
101 1503 0.5051
101 1504 0.4528
101 1515 0.3041
101 1519 0.5203
101 1522 0.4018
101 1526 0.5335
101 1527 0.5249
101 1529 0.4528
101 1530 0.5349
101 1536 0.3041
101 1538 0.5314
101 1542 0.4018
101 1546 0.4018
101 1547 0.5051
101 1548 0.5041
101 1549 0.4995
101 1550 0.4018
101 1554 0.3041
101 1573 0.4841
101 1580 0.4018
101 1582 0.4018
101 1588 0.3041
101 1591 0.4996
101 1593 0.5514
101 1599 0.4018
101 1604 0.4018
101 1606 0.4018
101 1608 0.3041
101 1613 0.5268
101 1621 0.5499
101 1622 0.5013
101 1628 0.4018
101 1630 0.4018
101 1634 0.4841
101 1637 0.5041
101 1641 0.4841
101 1645 0.4841
101 1646 0.4018
101 1649 0.4982
101 1650 0.4018
101 1653 0.4018
101 1660 0.4841
101 1661 0.3041
101 1662 0.4841
101 1664 0.4018
101 1666 0.4018
101 1668 0.5398
101 1669 0.3041
101 1674 0.4018
101 1676 0.4841
101 1683 0.4528
101 1685 0.4018
101 1688 0.4841
101 1689 0.5469
101 1691 0.4995
101 1692 0.5510
101 1694 0.4841
101 1699 0.3041
101 1706 0.5249
101 1707 0.5288
101 1709 0.5183
101 1711 0.5289
101 1712 0.5253
101 1713 0.5274
101 1714 0.5216
101 1715 0.5183
101 1717 0.5299
102 104 0.5026
102 106 0.9759
102 107 0.4997
102 108 0.4982
102 110 0.9790
102 112 0.5134
102 113 0.9797
102 114 0.5505
102 116 0.5454
102 119 0.5450
102 123 0.4997
102 125 0.5134
102 130 0.5026
102 131 0.9839
102 133 0.5134
102 134 0.5512
102 137 0.5134
102 138 0.5134
102 139 0.4997
102 140 0.5026
102 143 0.5455
102 147 0.5408
102 148 0.4823
102 149 0.5026
102 150 0.5403
102 152 0.5524
102 154 0.5307
102 157 0.4995
102 158 0.4982
102 159 0.9836
102 161 0.5134
102 162 0.5544
102 164 0.5307
102 165 0.5307
102 166 0.5307
102 169 0.5134
102 171 0.5241
102 172 0.5459
102 173 0.5026
102 175 0.5134
102 176 0.4982
102 179 0.5529
102 180 0.9603
102 183 0.4997
102 184 0.5524
102 185 0.5134
102 186 0.9900
102 188 0.9768
102 193 0.5290
102 195 0.5134
102 196 0.4823
102 197 0.5268
102 198 0.5026
102 199 0.5361
102 201 0.4823
102 204 0.5026
102 206 0.5263
102 208 0.5226
102 209 0.5362
102 211 0.5134
102 212 0.4997
102 215 0.5497
102 216 0.5529
102 217 0.5353
102 218 0.9835
102 219 0.5026
102 221 0.4997
102 224 0.5134
102 225 0.5134
102 229 0.5529
102 230 0.5476
102 234 0.4997
102 235 0.5402
102 237 0.5134
102 238 0.5208
102 239 0.5515
102 240 0.5542
102 242 0.5134
102 243 0.5134
102 245 0.5307
102 250 0.9355
102 252 0.5134
102 253 0.5435
102 254 0.5026
102 256 0.4995
102 258 0.5399
102 260 0.5134
102 262 0.9791
102 264 0.5457
102 265 0.4997
102 268 0.5134
102 271 0.9653
102 272 0.5529
102 275 0.9866
102 276 0.5307
102 277 0.4995
102 279 0.5026
102 281 0.5263
102 283 0.4997
102 284 0.9716
102 285 0.4997
102 286 0.5493
102 287 0.5480
102 289 0.9777
102 290 0.5263
102 291 0.5241
102 296 0.4823
102 297 0.5263
102 300 0.9653
102 304 0.9857
102 314 0.9757
102 315 0.5134
102 316 0.9590
102 317 0.4823
102 319 0.5517
102 320 0.4823
102 328 0.9855
102 331 0.4997
102 336 0.5134
102 337 0.5134
102 338 0.5134
102 340 0.9619
102 341 0.5543
102 342 0.9590
102 343 0.4997
102 344 0.9807
102 347 0.5307
102 348 0.5134
102 351 0.5479
102 353 0.4997
102 354 0.5134
102 357 0.5307
102 361 0.5453
102 362 0.5367
102 363 0.9750
102 364 0.4995
102 369 0.5134
102 371 0.4997
102 377 0.9609
102 379 0.5134
102 381 0.5522
102 384 0.9848
102 386 0.5370
102 389 0.4997
102 392 0.9750
102 393 0.5026
102 395 0.5529
102 399 0.4997
102 400 0.5134
102 402 0.5134
102 403 0.5435
102 404 0.4995
102 405 0.5479
102 407 0.5134
102 408 0.5461
102 409 0.5360
102 411 0.5281
102 413 0.5479
102 414 0.5026
102 425 0.5271
102 427 0.5134
102 428 0.5307
102 432 0.4997
102 434 0.5272
102 438 0.5134
102 439 0.5272
102 441 0.4997
102 442 0.4995
102 445 0.9750
102 447 0.5438
102 449 0.5427
102 451 0.5026
102 452 0.9747
102 453 0.9792
102 460 0.4997
102 461 0.5026
102 462 0.4823
102 464 0.5525
102 466 0.5414
102 467 0.5134
102 468 0.4982
102 470 0.5237
102 471 0.5462
102 472 0.9694
102 475 0.5524
102 476 0.4823
102 484 0.5134
102 485 0.4997
102 491 0.5453
102 492 0.5435
102 494 0.5134
102 495 0.5134
102 498 0.4823
102 500 0.5134
102 501 0.9617
102 503 0.5134
102 504 0.5134
102 505 0.4995
102 507 0.9871
102 508 0.5134
102 509 0.5134
102 511 0.5450
102 514 0.4982
102 515 0.5556
102 517 0.5026
102 518 0.5134
102 520 0.9750
102 521 0.5134
102 523 0.4823
102 527 0.5134
102 528 0.5410
102 530 0.4997
102 534 0.5134
102 536 0.9823
102 540 0.4982
102 541 0.4823
102 548 0.4995
102 552 0.4997
102 555 0.5461
102 558 0.5134
102 559 0.4997
102 560 0.9708
102 561 0.5307
102 563 0.5314
102 564 0.5026
102 568 0.9640
102 570 0.5134
102 572 0.5423
102 573 0.5307
102 574 0.5232
102 576 0.5460
102 582 0.9839
102 583 0.5026
102 584 0.5267
102 585 0.5285
102 586 0.5134
102 587 0.4995
102 590 0.5392
102 591 0.5307
102 600 0.5281
102 601 0.5285
102 602 0.5381
102 613 0.9770
102 617 0.4997
102 619 0.5371
102 621 0.5134
102 625 0.4982
102 626 0.9815
102 627 0.5497
102 628 0.5134
102 631 0.5509
102 632 0.5427
102 633 0.5312
102 637 0.4997
102 639 0.9852
102 641 0.4997
102 642 0.4982
102 643 0.5479
102 645 0.5134
102 648 0.9610
102 649 0.9740
102 650 0.5556
102 651 0.5211
102 656 0.4997
102 657 0.9613
102 658 0.5134
102 662 0.4997
102 666 0.9424
102 667 0.4997
102 676 0.5515
102 677 0.5134
102 685 0.9585
102 689 0.4995
102 691 0.5026
102 692 0.9616
102 694 0.5307
102 698 0.5402
102 700 0.5525
102 702 0.5243
102 703 0.5434
102 705 0.4997
102 706 0.9775
102 707 0.9618
102 709 0.4997
102 711 0.5529
102 712 0.9749
102 714 0.4997
102 718 0.5134
102 722 0.9844
102 724 0.5026
102 728 0.5254
102 732 0.5307
102 733 0.4997
102 736 0.5529
102 737 0.5134
102 740 0.5307
102 741 0.4997
102 744 0.5186
102 745 0.5026
102 747 0.5134
102 748 0.5275
102 750 0.4997
102 752 0.5257
102 753 0.4997
102 755 0.5410
102 761 0.5307
102 762 0.4995
102 763 0.5056
102 764 0.5134
102 768 0.5411
102 770 0.5134
102 771 0.9763
102 775 0.5283
102 776 0.5403
102 777 0.4823
102 780 0.4997
102 783 0.5134
102 786 0.5489
102 787 0.5281
102 789 0.5026
102 793 0.5419
102 798 0.5134
102 799 0.5241
102 801 0.9797
102 803 0.4982
102 804 0.5463
102 805 0.5275
102 806 0.5134
102 808 0.5484
102 811 0.9805
102 815 0.4997
102 817 0.9784
102 822 0.5134
102 823 0.5382
102 824 0.4997
102 827 0.5249
102 832 0.5026
102 836 0.5512
102 838 0.5302
102 841 0.4982
102 842 0.9611
102 845 0.5134
102 846 0.5461
102 848 0.4997
102 851 0.5262
102 855 0.5134
102 856 0.5307
102 860 0.5134
102 861 0.5026
102 864 0.5425
102 865 0.4997
102 866 0.4997
102 869 0.5461
102 871 0.4997
102 875 0.5134
102 880 0.4823
102 881 0.9900
102 883 0.4997
102 884 0.4997
102 890 0.5479
102 891 0.5396
102 893 0.5134
102 898 0.9835
102 903 0.9587
102 905 0.4823
102 908 0.4995
102 912 0.5026
102 914 0.5529
102 915 0.5363
102 918 0.5026
102 921 0.5134
102 922 0.5263
102 928 0.4823
102 930 0.5134
102 934 0.5134
102 935 0.5364
102 938 0.5263
102 940 0.5134
102 942 0.5268
102 943 0.5134
102 946 0.5026
102 947 0.5250
102 948 0.5026
102 950 0.5404
102 951 0.4823
102 953 0.5491
102 955 0.9756
102 956 0.4823
102 960 0.5263
102 966 0.5134
102 967 0.4823
102 968 0.5134
102 973 0.4997
102 974 0.5466
102 976 0.9826
102 978 0.4823
102 979 0.5337
102 986 0.5307
102 987 0.5399
102 989 0.4997
102 993 0.5229
102 994 0.5508
102 995 0.5219
102 1002 0.9753
102 1003 0.4997
102 1004 0.9712
102 1006 0.5263
102 1007 0.9605
102 1008 0.5134
102 1014 0.5399
102 1015 0.5270
102 1017 0.5026
102 1020 0.4997
102 1027 0.5381
102 1028 0.9561
102 1029 0.5231
102 1032 0.5134
102 1033 0.5026
102 1036 0.9740
102 1042 0.5134
102 1043 0.5026
102 1047 0.5469
102 1048 0.4982
102 1049 0.4997
102 1052 0.5026
102 1056 0.5456
102 1060 0.9833
102 1061 0.4997
102 1063 0.5134
102 1065 0.5221
102 1066 0.5134
102 1068 0.5304
102 1072 0.9815
102 1075 0.4982
102 1079 0.5134
102 1104 0.4823
102 1111 0.9758
102 1115 0.9806
102 1116 0.4997
102 1125 0.4997
102 1126 0.5134
102 1129 0.4982
102 1130 0.5402
102 1134 0.4997
102 1138 0.5353
102 1141 0.5529
102 1147 0.5026
102 1151 0.4997
102 1153 0.5134
102 1154 0.5225
102 1160 0.5134
102 1161 0.5241
102 1163 0.9780
102 1167 0.5134
102 1169 0.5235
102 1180 0.5268
102 1187 0.5056
102 1193 0.5240
102 1206 0.4997
102 1208 0.5134
102 1210 0.4995
102 1211 0.5134
102 1219 0.4997
102 1221 0.4982
102 1223 0.5263
102 1225 0.5416
102 1235 0.5134
102 1237 0.4823
102 1241 0.5529
102 1242 0.4823
102 1247 0.5525
102 1250 0.5134
102 1252 0.4995
102 1258 0.5134
102 1260 0.5533
102 1267 0.5134
102 1268 0.5134
102 1270 0.5281
102 1271 0.5413
102 1275 0.5223
102 1276 0.4997
102 1279 0.4997
102 1280 0.5435
102 1282 0.4997
102 1283 0.4997
102 1284 0.9611
102 1287 0.9694
102 1289 0.9652
102 1291 0.4823
102 1292 0.9869
102 1293 0.5134
102 1298 0.9891
102 1299 0.9840
102 1301 0.9742
102 1303 0.9745
102 1305 0.9610
102 1316 0.9777
102 1342 0.5285
102 1360 0.5432
102 1367 0.5134
102 1370 0.4995
102 1372 0.5134
102 1379 0.5134
102 1383 0.5134
102 1386 0.5275
102 1388 0.4997
102 1395 0.5134
102 1396 0.5026
102 1397 0.5422
102 1398 0.5134
102 1406 0.5134
102 1409 0.5529
102 1412 0.5026
102 1415 0.4997
102 1419 0.4995
102 1427 0.5026
102 1428 0.5134
102 1434 0.5203
102 1435 0.5288
102 1437 0.5255
102 1438 0.5026
102 1441 0.5435
102 1446 0.4997
102 1452 0.5134
102 1458 0.4997
102 1464 0.4982
102 1473 0.4997
102 1479 0.5134
102 1503 0.5435
102 1504 0.4982
102 1515 0.4823
102 1519 0.9739
102 1522 0.5134
102 1526 0.9802
102 1527 0.9784
102 1529 0.4982
102 1530 0.9569
102 1536 0.4823
102 1538 0.9793
102 1542 0.5134
102 1546 0.5134
102 1547 0.5283
102 1548 0.9733
102 1549 0.9806
102 1550 0.5134
102 1554 0.4823
102 1573 0.4997
102 1580 0.5134
102 1582 0.5134
102 1588 0.4823
102 1591 0.5529
102 1593 0.5514
102 1599 0.5134
102 1604 0.5134
102 1606 0.5134
102 1608 0.4823
102 1613 0.5484
102 1621 0.5511
102 1622 0.5307
102 1628 0.5134
102 1630 0.5134
102 1634 0.4997
102 1637 0.5254
102 1641 0.4997
102 1645 0.4997
102 1646 0.5134
102 1649 0.4995
102 1650 0.5134
102 1653 0.5134
102 1660 0.4997
102 1661 0.4823
102 1662 0.4997
102 1664 0.5134
102 1666 0.5134
102 1668 0.5525
102 1669 0.4823
102 1674 0.5134
102 1676 0.4997
102 1683 0.4982
102 1685 0.5134
102 1688 0.4997
102 1689 0.5435
102 1691 0.5461
102 1692 0.5536
102 1694 0.4997
102 1699 0.4823
102 1706 0.5404
102 1707 0.5288
102 1709 0.5026
102 1711 0.5403
102 1712 0.5253
102 1713 0.5442
102 1714 0.5543
102 1715 0.5026
102 1717 0.5299
104 106 0.5239
104 107 0.4950
104 108 0.4957
104 110 0.5386
104 112 0.4315
104 113 0.5248
104 114 0.5540
104 116 0.5481
104 119 0.5247
104 123 0.4950
104 125 0.4315
104 130 0.5236
104 131 0.5351
104 133 0.4315
104 134 0.5621
104 137 0.4315
104 138 0.4315
104 139 0.4950
104 140 0.5236
104 143 0.5496
104 147 0.5424
104 148 0.3277
104 149 0.5236
104 150 0.5280
104 152 0.5584
104 154 0.5305
104 157 0.5183
104 158 0.4957
104 159 0.5241
104 161 0.4315
104 162 0.5530
104 164 0.5305
104 165 0.5305
104 166 0.5305
104 169 0.4315
104 171 0.5241
104 172 0.7820
104 173 0.5236
104 175 0.4315
104 176 0.4957
104 179 0.5028
104 180 0.5305
104 183 0.4950
104 184 0.5584
104 185 0.4315
104 186 0.5361
104 188 0.5378
104 193 0.5290
104 195 0.4315
104 196 0.3277
104 197 0.5268
104 198 0.5236
104 199 0.5361
104 201 0.3277
104 204 0.9120
104 206 0.5304
104 208 0.5226
104 209 0.5362
104 211 0.4315
104 212 0.4950
104 215 0.5199
104 216 0.5028
104 217 0.5476
104 218 0.5240
104 219 0.5236
104 221 0.4950
104 224 0.4315
104 225 0.4315
104 229 0.5028
104 230 0.5536
104 234 0.4950
104 235 0.5402
104 237 0.4315
104 238 0.5208
104 239 0.9546
104 240 0.5191
104 242 0.4315
104 243 0.4315
104 245 0.5305
104 250 0.5319
104 252 0.4315
104 253 0.5070
104 254 0.5236
104 256 0.5183
