17 38 0.5343
17 39 0.5343
17 40 0.9918
17 43 0.5343
17 44 0.5343
17 47 0.5343
17 48 0.5343
17 49 0.5235
17 50 0.5343
17 52 0.5343
17 53 0.5343
17 54 0.5343
17 55 0.9876
17 56 0.5343
17 59 0.5343
17 60 0.5343
17 61 0.5343
17 64 0.5343
17 65 0.5343
17 66 0.5343
17 67 0.5343
17 71 0.5343
17 73 0.5343
17 74 0.5343
17 75 0.9916
17 76 0.5343
17 78 0.5343
17 79 0.5241
17 80 0.5219
17 82 0.5343
17 83 0.5343
17 85 0.5343
17 87 0.5343
17 88 0.5343
17 92 0.5343
17 93 0.5343
17 94 0.5343
17 96 0.5343
17 97 0.9905
17 98 0.5343
17 99 0.5343
17 100 0.5343
17 101 0.5343
17 102 0.9905
17 104 0.5343
17 106 0.9911
17 107 0.5343
17 108 0.5343
17 110 0.9917
17 112 0.5343
17 113 0.9917
17 114 0.9870
17 116 0.5343
17 119 0.5343
17 123 0.5343
17 125 0.5343
17 130 0.5343
17 131 0.9859
17 133 0.5343
17 134 0.5343
17 137 0.5343
17 138 0.5343
17 139 0.5343
17 140 0.5343
17 143 0.5343
17 147 0.5343
17 148 0.5343
17 149 0.5343
17 150 0.5343
17 152 0.5343
17 154 0.5343
17 157 0.5343
17 158 0.5343
17 159 0.9882
17 161 0.5343
17 162 0.5343
17 164 0.5343
17 165 0.5343
17 166 0.5343
17 169 0.5343
17 171 0.5240
17 172 0.5343
17 173 0.5343
17 175 0.5343
17 176 0.5343
17 179 0.5343
17 180 0.9845
17 183 0.5343
17 184 0.5343
17 185 0.5343
17 186 0.9917
17 188 0.9915
17 193 0.5343
17 195 0.5343
17 196 0.5343
17 197 0.5258
17 198 0.9585
17 199 0.5302
17 201 0.5343
17 204 0.5343
17 206 0.5343
17 208 0.5226
17 209 0.5343
17 211 0.5343
17 212 0.5343
17 215 0.5343
17 216 0.5343
17 217 0.5343
17 218 0.9876
17 219 0.9787
17 221 0.5343
17 224 0.5343
17 225 0.5343
17 229 0.5343
17 230 0.5343
17 234 0.5343
17 235 0.5343
17 237 0.5343
17 238 0.5252
17 239 0.5343
17 240 0.5343
17 242 0.5343
17 243 0.5343
17 245 0.5343
17 250 0.9849
17 252 0.5343
17 253 0.5343
17 254 0.9918
17 256 0.5343
17 258 0.5343
17 260 0.5343
17 262 0.9904
17 264 0.5343
17 265 0.5343
17 268 0.5343
17 271 0.9912
17 272 0.5343
17 275 0.9912
17 276 0.5343
17 277 0.5343
17 279 0.9654
17 281 0.5343
17 283 0.5343
17 284 0.9909
17 285 0.5343
17 286 0.5343
17 287 0.5343
17 289 0.9895
17 290 0.5343
17 291 0.5241
17 296 0.5343
17 297 0.5343
17 300 0.9912
17 304 0.9850
17 314 0.9919
17 315 0.5343
17 316 0.9606
17 317 0.5343
17 319 0.5343
17 320 0.9887
17 328 0.9908
17 331 0.5343
17 336 0.5343
17 337 0.5343
17 338 0.5343
17 340 0.9915
17 341 0.5343
17 342 0.9685
17 343 0.5343
17 344 0.9915
17 347 0.5343
17 348 0.5343
17 351 0.5343
17 353 0.5343
17 354 0.5343
17 357 0.5343
17 361 0.5343
17 362 0.5343
17 363 0.9920
17 364 0.5343
17 369 0.5343
17 371 0.5343
17 377 0.9811
17 379 0.5343
17 381 0.5343
17 384 0.9896
17 386 0.5343
17 389 0.5343
17 392 0.9920
17 393 0.5343
17 395 0.5343
17 399 0.5343
17 400 0.5343
17 402 0.5343
17 403 0.5343
17 404 0.5343
17 405 0.5343
17 407 0.5343
17 408 0.5343
17 409 0.5346
17 411 0.5343
17 413 0.5343
17 414 0.5343
17 425 0.5267
17 427 0.5343
17 428 0.5343
17 432 0.5343
17 434 0.5343
17 438 0.5343
17 439 0.5343
17 441 0.5343
17 442 0.5343
17 445 0.9920
17 447 0.5343
17 449 0.5343
17 451 0.5343
17 452 0.9915
17 453 0.9919
17 460 0.5343
17 461 0.5343
17 462 0.5343
17 464 0.5343
17 466 0.5343
17 467 0.5343
17 468 0.5343
17 470 0.5306
17 471 0.5343
17 472 0.9915
17 475 0.5343
17 476 0.5343
17 484 0.5343
17 485 0.9611
17 491 0.9838
17 492 0.5343
17 494 0.5343
17 495 0.5343
17 498 0.5343
17 500 0.5343
17 501 0.9810
17 503 0.5343
17 504 0.5343
17 505 0.5343
17 507 0.9910
17 508 0.5343
17 509 0.5343
17 511 0.5343
17 514 0.5343
17 515 0.5343
17 517 0.5343
17 518 0.5343
17 520 0.9917
17 521 0.5343
17 523 0.5343
17 527 0.5343
17 528 0.5346
17 530 0.5343
17 534 0.5343
17 536 0.9911
17 540 0.5343
17 541 0.5343
17 548 0.5343
17 552 0.5343
17 555 0.5343
17 558 0.5343
17 559 0.9915
17 560 0.9916
17 561 0.5343
17 563 0.5260
17 564 0.5343
17 568 0.5343
17 570 0.5343
17 572 0.5343
17 573 0.5343
17 574 0.5232
17 576 0.5343
17 582 0.9859
17 583 0.5343
17 584 0.5259
17 585 0.5343
17 586 0.5343
17 587 0.5343
17 590 0.5343
17 591 0.5343
17 600 0.5343
17 601 0.5343
17 602 0.5343
17 613 0.9916
17 617 0.5343
17 619 0.5343
17 621 0.5343
17 625 0.5343
17 626 0.9888
17 627 0.5343
17 628 0.5343
17 631 0.5343
17 632 0.5343
17 633 0.5296
17 637 0.5343
17 639 0.9878
17 641 0.5343
17 642 0.5343
17 643 0.5343
17 645 0.5343
17 648 0.9770
17 649 0.9868
17 650 0.5343
17 651 0.5222
17 656 0.5343
17 657 0.9815
17 658 0.5343
17 662 0.5343
17 666 0.9886
17 667 0.5343
17 676 0.5343
17 677 0.5343
17 685 0.9761
17 689 0.5343
17 691 0.5343
17 692 0.9898
17 694 0.9825
17 698 0.5343
17 700 0.5343
17 702 0.5343
17 703 0.5343
17 705 0.5343
17 706 0.9897
17 707 0.9900
17 709 0.5343
17 711 0.5343
17 712 0.9915
17 714 0.5343
17 718 0.5343
17 722 0.9918
17 724 0.5343
17 728 0.5343
17 732 0.5343
17 733 0.5343
17 736 0.5343
17 737 0.5343
17 740 0.5343
17 741 0.5343
17 744 0.5186
17 745 0.5343
17 747 0.5343
17 748 0.5343
17 750 0.5343
17 752 0.5343
17 753 0.5343
17 755 0.5346
17 761 0.5343
17 762 0.5343
17 763 0.5343
17 764 0.5343
17 768 0.5343
17 770 0.5343
17 771 0.9917
17 775 0.5280
17 776 0.5343
17 777 0.5343
17 780 0.5343
17 783 0.5343
17 786 0.5343
17 787 0.5343
17 789 0.5343
17 793 0.5343
17 798 0.5343
17 799 0.5240
17 801 0.5343
17 803 0.5343
17 804 0.5343
17 805 0.5343
17 806 0.5343
17 808 0.5343
17 811 0.9908
17 815 0.5343
17 817 0.9897
17 822 0.5343
17 823 0.5343
17 824 0.5343
17 827 0.5235
17 832 0.5343
17 836 0.5343
17 838 0.5274
17 841 0.5343
17 842 0.9872
17 845 0.5343
17 846 0.5343
17 848 0.5343
17 851 0.5348
17 855 0.5343
17 856 0.5343
17 860 0.5343
17 861 0.5343
17 864 0.5343
17 865 0.5343
17 866 0.5343
17 869 0.9840
17 871 0.5343
17 875 0.5343
17 880 0.5343
17 881 0.9917
17 883 0.5343
17 884 0.5343
17 890 0.5343
17 891 0.5343
17 893 0.5343
17 898 0.9877
17 903 0.9606
17 905 0.5343
17 908 0.5343
17 912 0.9585
17 914 0.5343
17 915 0.5343
17 918 0.5343
17 921 0.5343
17 922 0.5343
17 928 0.5343
17 930 0.5343
17 934 0.5343
17 935 0.5309
17 938 0.5343
17 940 0.5343
17 942 0.5262
17 943 0.5343
17 946 0.5343
17 947 0.5232
17 948 0.5343
17 950 0.5343
17 951 0.5343
17 953 0.5343
17 955 0.9873
17 956 0.5343
17 960 0.5343
17 966 0.5343
17 967 0.5343
17 968 0.5343
17 973 0.5343
17 974 0.5343
17 976 0.9822
17 978 0.5343
17 979 0.5343
17 986 0.5343
17 987 0.5343
17 989 0.5343
17 993 0.5272
17 994 0.5343
17 995 0.5219
17 1002 0.9914
17 1003 0.5343
17 1004 0.9906
17 1006 0.5343
17 1007 0.9876
17 1008 0.5343
17 1014 0.5343
17 1015 0.5343
17 1017 0.5343
17 1020 0.5343
17 1027 0.5343
17 1028 0.5343
17 1029 0.5231
17 1032 0.5343
17 1033 0.5343
17 1036 0.9868
17 1042 0.5343
17 1043 0.5343
17 1047 0.5343
17 1048 0.5343
17 1049 0.5343
17 1052 0.5343
17 1056 0.5343
17 1060 0.9876
17 1061 0.5343
17 1063 0.5343
17 1065 0.5221
17 1066 0.5343
17 1068 0.5307
17 1072 0.9917
17 1075 0.5343
17 1079 0.5343
17 1104 0.5343
17 1111 0.9766
17 1115 0.9886
17 1116 0.5343
17 1125 0.5343
17 1126 0.5343
17 1129 0.5343
17 1130 0.5343
17 1134 0.5343
17 1138 0.5343
17 1141 0.5343
17 1147 0.5343
17 1151 0.5343
17 1153 0.5343
17 1154 0.5225
17 1160 0.5343
17 1161 0.5240
17 1163 0.9900
17 1167 0.5343
17 1169 0.5235
17 1180 0.5343
17 1187 0.5343
17 1193 0.5274
17 1206 0.5343
17 1208 0.5343
17 1210 0.5343
17 1211 0.5343
17 1219 0.5343
17 1221 0.5343
17 1223 0.5343
17 1225 0.5343
17 1235 0.5343
17 1237 0.5343
17 1241 0.5343
17 1242 0.5343
17 1247 0.5343
17 1250 0.5343
17 1252 0.5343
17 1258 0.5343
17 1260 0.5343
17 1267 0.5343
17 1268 0.5343
17 1270 0.5343
17 1271 0.5343
17 1275 0.5343
17 1276 0.5343
17 1279 0.5343
17 1280 0.5343
17 1282 0.9611
17 1283 0.5343
17 1284 0.9872
17 1287 0.9916
17 1289 0.9913
17 1291 0.5343
17 1292 0.9911
17 1293 0.5343
17 1298 0.9912
17 1299 0.9860
17 1301 0.9827
17 1303 0.9882
17 1305 0.9770
17 1316 0.9888
17 1342 0.5343
17 1360 0.5343
17 1367 0.5343
17 1370 0.5343
17 1372 0.5343
17 1379 0.5343
17 1383 0.5343
17 1386 0.5343
17 1388 0.5343
17 1395 0.5343
17 1396 0.5343
17 1397 0.5343
17 1398 0.5343
17 1406 0.5343
17 1409 0.5343
17 1412 0.5343
17 1415 0.5343
17 1419 0.5343
17 1427 0.5343
17 1428 0.5343
17 1434 0.5203
17 1435 0.5312
17 1437 0.5243
17 1438 0.5343
17 1441 0.5343
17 1446 0.5343
17 1452 0.5343
17 1458 0.5343
17 1464 0.5343
17 1473 0.5343
17 1479 0.5343
17 1503 0.5343
17 1504 0.5343
17 1515 0.5343
17 1519 0.9904
17 1522 0.5343
17 1526 0.9910
17 1527 0.9897
17 1529 0.5343
17 1530 0.9891
17 1536 0.5343
17 1538 0.9869
17 1542 0.5343
17 1546 0.5343
17 1547 0.9729
17 1548 0.9867
17 1549 0.9886
17 1550 0.5343
17 1554 0.5343
17 1573 0.5343
17 1580 0.5343
17 1582 0.5343
17 1588 0.5343
17 1591 0.5343
17 1593 0.5343
17 1599 0.5343
17 1604 0.5343
17 1606 0.5343
17 1608 0.5343
17 1613 0.5343
17 1621 0.5343
17 1622 0.5343
17 1628 0.5343
17 1630 0.5343
17 1634 0.5343
17 1637 0.5343
17 1641 0.5343
17 1645 0.5343
17 1646 0.5343
17 1649 0.5343
17 1650 0.5343
17 1653 0.5343
17 1660 0.5343
17 1661 0.5343
17 1662 0.5343
17 1664 0.5343
17 1666 0.5343
17 1668 0.5343
17 1669 0.5343
17 1674 0.5343
17 1676 0.5343
17 1683 0.5343
17 1685 0.5343
17 1688 0.5343
17 1689 0.5343
17 1691 0.5343
17 1692 0.5343
17 1694 0.5343
17 1699 0.5343
17 1706 0.5343
17 1707 0.5252
17 1709 0.5343
17 1711 0.5343
17 1712 0.5266
17 1713 0.5343
17 1714 0.5343
17 1715 0.5343
17 1717 0.5299
18 19 0.5298
18 22 0.5241
18 24 0.3446
18 26 0.5528
18 27 0.3385
18 28 0.4719
18 30 0.3277
18 31 0.4719
18 33 0.2828
18 34 0.5236
18 36 0.3405
18 37 0.3041
18 38 0.5184
18 39 0.2828
18 40 0.5236
18 43 0.4740
18 44 0.4794
18 47 0.1960
18 48 0.5422
18 49 0.5235
18 50 0.2828
18 52 0.5510
18 53 0.2828
18 54 0.3446
18 55 0.4823
18 56 0.4704
18 59 0.5317
18 60 0.3277
18 61 0.3277
18 64 0.3277
18 65 0.3234
18 66 0.3446
18 67 0.1960
18 71 0.3234
18 73 0.3277
18 74 0.5384
18 75 0.5276
18 76 0.2965
18 78 0.3385
18 79 0.5232
18 80 0.5219
18 82 0.2828
18 83 0.3385
18 85 0.2828
18 87 0.5391
18 88 0.3446
18 92 0.5506
18 93 0.5407
18 94 0.3692
18 96 0.3446
18 97 0.5243
18 98 0.3169
18 99 0.4711
18 100 0.3760
18 101 0.3169
18 102 0.5235
18 104 0.4828
18 106 0.5222
18 107 0.3446
18 108 0.2965
18 110 0.4691
18 112 0.2828
18 113 0.5247
18 114 0.3698
18 116 0.5481
18 119 0.4827
18 123 0.3446
18 125 0.2828
18 130 0.3277
18 131 0.5351
18 133 0.2828
18 134 0.5522
18 137 0.2828
18 138 0.2828
18 139 0.3446
18 140 0.3277
18 143 0.5496
18 147 0.5426
18 148 0.1960
18 149 0.3277
18 150 0.3623
18 152 0.3663
18 154 0.3385
18 157 0.3041
18 158 0.2965
18 159 0.5213
18 161 0.2828
18 162 0.4691
18 164 0.3385
18 165 0.3385
18 166 0.3385
18 169 0.2828
18 171 0.5241
18 172 0.5419
18 173 0.3277
18 175 0.2828
18 176 0.2965
18 179 0.4794
18 180 0.3385
18 183 0.3446
18 184 0.3663
18 185 0.2828
18 186 0.5361
18 188 0.5386
18 193 0.5290
18 195 0.2828
18 196 0.1960
18 197 0.5268
18 198 0.3277
18 199 0.5361
18 201 0.1960
18 204 0.3409
18 206 0.4698
18 208 0.5226
18 209 0.5362
18 211 0.2828
18 212 0.3446
18 215 0.3848
18 216 0.4794
18 217 0.4616
18 218 0.5255
18 219 0.3277
18 221 0.3446
18 224 0.2828
18 225 0.2828
18 229 0.4794
18 230 0.5444
18 234 0.3446
18 235 0.5416
18 237 0.2828
18 238 0.5208
18 239 0.4680
18 240 0.3864
18 242 0.2828
18 243 0.2828
18 245 0.3385
18 250 0.4719
18 252 0.2828
18 253 0.3405
18 254 0.3277
18 256 0.3041
18 258 0.4762
18 260 0.2828
18 262 0.5244
18 264 0.3717
18 265 0.3446
18 268 0.2828
18 271 0.4662
18 272 0.4794
18 275 0.5293
18 276 0.3385
18 277 0.3041
18 279 0.3277
18 281 0.3234
18 283 0.3277
18 284 0.3679
18 285 0.3446
18 286 0.4704
18 287 0.3692
18 289 0.5291
18 290 0.3234
18 291 0.5241
18 296 0.1960
18 297 0.3234
18 300 0.4662
18 304 0.5388
18 314 0.5234
18 315 0.2828
18 316 0.3277
18 317 0.1960
18 319 0.5207
18 320 0.3646
18 328 0.5228
18 331 0.3446
18 336 0.2828
18 337 0.2828
18 338 0.2828
18 340 0.3821
18 341 0.3576
18 342 0.3277
18 343 0.3446
18 344 0.5263
18 347 0.3385
18 348 0.2828
18 351 0.4711
18 353 0.3446
18 354 0.2828
18 357 0.3385
18 361 0.5485
18 362 0.5351
18 363 0.3760
18 364 0.3041
18 369 0.2828
18 371 0.3446
18 377 0.4704
18 379 0.2828
18 381 0.3614
18 384 0.5225
18 386 0.5370
18 389 0.3446
18 392 0.3760
18 393 0.3277
18 395 0.4794
18 399 0.3446
18 400 0.2828
18 402 0.2828
18 403 0.3405
18 404 0.3041
18 405 0.4711
18 407 0.2828
18 408 0.4823
18 409 0.5290
18 411 0.4799
18 413 0.4711
18 414 0.3277
18 425 0.5271
18 427 0.2828
18 428 0.3385
18 432 0.3446
18 434 0.3811
18 438 0.2828
18 439 0.3811
18 441 0.3446
18 442 0.3041
18 445 0.3760
18 447 0.5454
18 449 0.5445
18 451 0.3277
18 452 0.5420
18 453 0.5326
18 460 0.3446
18 461 0.3277
18 462 0.1960
18 464 0.3628
18 466 0.5454
18 467 0.2828
18 468 0.2965
18 470 0.5237
18 471 0.3748
18 472 0.3740
18 475 0.5456
18 476 0.1960
18 484 0.2828
18 485 0.3446
18 491 0.4719
18 492 0.4672
18 494 0.2828
18 495 0.2828
18 498 0.1960
18 500 0.2828
18 501 0.3698
18 503 0.2828
18 504 0.2828
18 505 0.3041
18 507 0.5234
18 508 0.2828
18 509 0.2828
18 511 0.4827
18 514 0.2965
18 515 0.5528
18 517 0.3277
18 518 0.2828
18 520 0.4691
18 521 0.2828
18 523 0.1960
18 527 0.2828
18 528 0.5209
18 530 0.3446
18 534 0.2828
18 536 0.5261
18 540 0.2965
18 541 0.1960
18 548 0.3041
18 552 0.3446
18 555 0.4823
18 558 0.2828
18 559 0.3446
18 560 0.5429
18 561 0.3385
18 563 0.5314
18 564 0.3277
18 568 0.3446
18 570 0.2828
18 572 0.5470
18 573 0.3385
18 574 0.5232
18 576 0.3840
18 582 0.5336
18 583 0.3277
18 584 0.5267
18 585 0.4894
18 586 0.2828
18 587 0.3041
18 590 0.5392
18 591 0.3385
18 600 0.4799
18 601 0.4894
18 602 0.4698
18 613 0.5317
18 617 0.3446
18 619 0.5398
18 621 0.2828
18 625 0.2965
18 626 0.5262
18 627 0.3848
18 628 0.2828
18 631 0.5438
18 632 0.5430
18 633 0.5312
18 637 0.3446
18 639 0.5303
18 641 0.3446
18 642 0.2965
18 643 0.4711
18 645 0.2828
18 648 0.4711
18 649 0.3645
18 650 0.5468
18 651 0.5211
18 656 0.3446
18 657 0.4794
18 658 0.2828
18 662 0.3446
18 666 0.5306
18 667 0.3446
18 676 0.4680
18 677 0.2828
18 685 0.3677
18 689 0.3041
18 691 0.3277
18 692 0.5294
18 694 0.3385
18 698 0.5416
18 700 0.3628
18 702 0.4931
18 703 0.4757
18 705 0.3446
18 706 0.5287
18 707 0.5301
18 709 0.3446
18 711 0.4794
18 712 0.5435
18 714 0.3446
18 718 0.2828
18 722 0.5246
18 724 0.3277
18 728 0.3409
18 732 0.3385
18 733 0.3446
18 736 0.4794
18 737 0.2828
18 740 0.3385
18 741 0.3446
18 744 0.5186
18 745 0.3277
18 747 0.2828
18 748 0.3425
18 750 0.3446
18 752 0.5257
18 753 0.3446
18 755 0.5209
18 761 0.3385
18 762 0.3041
18 763 0.3169
18 764 0.2828
18 768 0.5424
18 770 0.2828
18 771 0.5223
18 775 0.5283
18 776 0.3623
18 777 0.1960
18 780 0.3446
18 783 0.2828
18 786 0.5479
18 787 0.4799
18 789 0.3277
18 793 0.5492
18 798 0.2828
18 799 0.5241
18 801 0.2828
18 803 0.2965
18 804 0.5518
18 805 0.4852
18 806 0.2828
18 808 0.3698
18 811 0.5247
18 815 0.3446
18 817 0.5249
18 822 0.2828
18 823 0.5430
18 824 0.3446
18 827 0.5249
18 832 0.3277
18 836 0.5190
18 838 0.5302
18 841 0.2965
18 842 0.4659
18 845 0.2828
18 846 0.4823
18 848 0.3446
18 851 0.5262
18 855 0.2828
18 856 0.3385
18 860 0.2828
18 861 0.3277
18 864 0.4989
18 865 0.3446
18 866 0.3446
18 869 0.4823
18 871 0.3446
18 875 0.2828
18 880 0.3277
18 881 0.5361
18 883 0.3446
18 884 0.3446
18 890 0.4711
18 891 0.3753
18 893 0.2828
18 898 0.5231
18 903 0.4827
18 905 0.1960
18 908 0.3041
18 912 0.3277
18 914 0.4794
18 915 0.5378
18 918 0.3277
18 921 0.2828
18 922 0.3234
18 928 0.1960
18 930 0.2828
18 934 0.2828
18 935 0.5364
18 938 0.3234
18 940 0.2828
18 942 0.5268
18 943 0.2828
18 946 0.3277
18 947 0.5250
18 948 0.3277
18 950 0.5249
18 951 0.1960
18 953 0.5173
18 955 0.5404
18 956 0.1960
18 960 0.5318
18 966 0.2828
18 967 0.1960
18 968 0.2828
18 973 0.3446
18 974 0.5511
18 976 0.3693
18 978 0.1960
18 979 0.5337
18 986 0.3385
18 987 0.4787
18 989 0.3446
18 993 0.5229
18 994 0.5297
18 995 0.5219
