496 1434 0.7927
496 1435 0.0715
496 1436 0.0536
496 1437 0.0790
496 1438 0.0790
496 1439 0.0924
496 1440 0.1503
496 1441 0.0958
496 1443 0.1478
496 1445 0.0851
496 1446 0.0836
496 1448 0.1559
496 1449 0.1607
496 1451 0.2925
496 1452 0.0952
496 1453 0.1915
496 1454 0.1326
496 1455 0.2023
496 1456 0.2368
496 1457 0.1252
496 1458 0.1877
496 1459 0.1322
496 1460 0.1069
496 1461 0.2001
496 1462 0.0970
496 1463 0.1048
496 1464 0.0908
496 1465 0.1395
496 1466 0.1164
496 1468 0.1032
496 1470 0.2218
496 1472 0.1403
496 1473 0.1570
496 1475 0.1558
496 1476 0.1303
496 1477 0.2115
496 1478 0.1048
496 1479 0.1005
496 1480 0.0510
496 1481 0.1558
496 1482 0.2381
496 1484 0.1308
496 1485 0.0913
496 1486 0.1079
496 1487 0.0615
496 1490 0.1076
496 1491 0.1156
496 1492 0.1105
496 1493 0.1539
496 1494 0.1308
496 1496 0.0838
496 1497 0.1418
496 1498 0.2381
496 1499 0.2208
496 1500 0.1897
496 1501 0.2923
496 1503 0.2317
496 1504 0.3494
496 1505 0.1231
496 1506 0.2144
496 1507 0.0910
496 1508 0.1353
496 1510 0.1511
496 1511 0.1660
496 1512 0.0921
496 1513 0.1343
496 1515 0.1563
496 1516 0.3667
496 1517 0.1234
496 1518 0.1423
496 1519 0.2579
496 1520 0.2708
496 1522 0.1022
496 1525 0.2469
496 1526 0.1767
496 1527 0.1969
496 1528 0.3453
496 1529 0.2091
496 1530 0.1004
496 1531 0.2144
496 1532 0.0842
496 1534 0.3601
496 1535 0.1093
496 1536 0.1045
496 1537 0.1733
496 1538 0.1599
496 1540 0.1069
496 1541 0.1558
496 1542 0.1067
496 1544 0.0956
496 1545 0.2001
496 1546 0.1208
496 1547 0.1654
496 1548 0.1141
496 1549 0.3805
496 1550 0.3027
496 1551 0.1164
496 1552 0.2381
496 1554 0.1030
496 1555 0.2001
496 1557 0.0378
496 1565 0.0932
496 1566 0.1793
496 1567 0.1094
496 1568 0.1811
496 1569 0.3171
496 1570 0.3239
496 1571 0.3959
496 1572 0.1331
496 1573 0.4391
496 1574 0.4593
496 1575 0.0493
496 1576 0.2500
496 1577 0.3726
496 1578 0.1074
496 1579 0.3773
496 1580 0.2535
496 1581 0.1736
496 1582 0.2678
496 1583 0.0881
496 1584 0.2343
496 1585 0.7435
496 1586 0.3215
496 1587 0.1335
496 1588 0.5450
496 1589 0.7185
496 1590 0.3721
496 1591 0.4811
496 1592 0.2579
496 1593 0.5784
496 1594 0.3531
496 1595 0.2190
496 1596 0.0493
496 1597 0.4793
496 1598 0.2001
496 1599 0.1497
496 1600 0.1564
496 1601 0.7706
496 1602 0.1966
496 1603 0.1173
496 1604 0.4738
496 1605 0.1074
496 1606 0.5810
496 1607 0.3080
496 1608 0.1008
496 1609 0.1208
496 1610 0.7185
496 1612 0.1352
496 1613 0.5964
496 1614 0.1144
496 1616 0.1327
496 1617 0.2218
496 1618 0.2146
496 1619 0.4691
496 1620 0.3485
496 1621 0.9166
496 1622 0.9716
496 1623 0.3283
496 1624 0.5398
496 1625 0.3474
496 1626 0.1439
496 1627 0.2687
496 1628 0.7185
496 1629 0.1286
496 1630 0.2493
496 1631 0.1257
496 1632 0.1489
496 1633 0.4165
496 1634 0.7328
496 1636 0.2500
496 1637 0.1318
496 1638 0.1093
496 1639 0.4738
496 1640 0.2295
496 1641 0.7185
496 1642 0.2689
496 1643 0.4032
496 1645 0.1270
496 1646 0.0830
496 1647 0.0615
496 1648 0.0775
496 1649 0.0882
496 1650 0.2001
496 1652 0.1290
496 1653 0.1319
496 1654 0.2137
496 1655 0.2193
496 1657 0.1915
496 1658 0.0958
496 1659 0.0962
496 1660 0.3933
496 1661 0.1611
496 1662 0.1213
496 1663 0.0886
496 1664 0.1103
496 1665 0.1291
496 1666 0.1074
496 1667 0.0955
496 1668 0.1866
496 1669 0.0978
496 1670 0.0969
496 1671 0.0800
496 1672 0.2834
496 1674 0.2395
496 1675 0.2001
496 1676 0.0800
496 1678 0.2024
496 1680 0.1158
496 1681 0.3037
496 1682 0.2214
496 1683 0.2363
496 1684 0.2609
496 1685 0.2265
496 1686 0.0879
496 1687 0.1157
496 1688 0.1183
496 1689 0.7963
496 1690 0.0981
496 1691 0.1725
496 1692 0.1279
496 1694 0.2223
496 1695 0.2218
496 1696 0.1915
496 1697 0.0956
496 1699 0.0764
496 1700 0.2144
496 1701 0.1338
496 1702 0.0793
496 1703 0.1523
496 1704 0.0789
496 1705 0.0860
496 1706 0.1183
496 1707 0.2376
496 1708 0.0954
496 1709 0.1139
496 1711 0.0954
496 1712 0.9277
496 1713 0.0661
496 1714 0.1024
496 1715 0.0954
496 1716 0.0514
496 1717 0.8779
496 1718 0.2218
496 1720 0.2834
496 1721 0.3030
496 1723 0.1296
496 1724 0.0570
496 1725 0.1019
496 1726 0.1915
496 1728 0.0651
496 1729 0.0972
496 1730 0.3091
497 498 0.0938
497 499 0.1242
497 500 0.2798
497 501 0.1449
497 503 0.5308
497 504 0.5735
497 505 0.1591
497 506 0.4890
497 507 0.1394
497 508 0.4341
497 509 0.1027
497 510 0.1792
497 511 0.4432
497 512 0.3443
497 513 0.0965
497 514 0.3928
497 515 0.5900
497 516 0.4786
497 517 0.2355
497 518 0.1402
497 519 0.1364
497 520 0.0959
497 521 0.3476
497 522 0.1722
497 523 0.1354
497 525 0.1197
497 526 0.1732
497 527 0.2760
497 528 0.0908
497 529 0.3844
497 530 0.1385
497 531 0.4468
497 532 0.1500
497 533 0.2323
497 534 0.3856
497 535 0.1523
497 536 0.2361
497 537 0.1999
497 538 0.2421
497 539 0.1452
497 540 0.5539
497 541 0.1042
497 542 0.6582
497 543 0.1146
497 544 0.4066
497 545 0.1749
497 546 0.1495
497 547 0.4336
497 548 0.3443
497 549 0.1168
497 550 0.1025
497 551 0.1320
497 552 0.3918
497 553 0.5717
497 554 0.1381
497 555 0.2422
497 556 0.0699
497 557 0.3239
497 558 0.3817
497 559 0.0616
497 560 0.0834
497 561 0.1282
497 562 0.0801
497 563 0.6528
497 564 0.0905
497 565 0.4146
497 567 0.1336
497 568 0.8300
497 569 0.1125
497 570 0.1293
497 571 0.3978
497 572 0.1585
497 573 0.1547
497 574 0.1287
497 575 0.5270
497 576 0.0858
497 577 0.5472
497 578 0.1836
497 579 0.5895
497 581 0.3362
497 582 0.0551
497 583 0.1571
497 584 0.0998
497 585 0.5862
497 586 0.3901
497 587 0.4977
497 589 0.6385
497 590 0.7647
497 591 0.2716
497 592 0.1191
497 593 0.1455
497 594 0.2277
497 595 0.1542
497 599 0.3551
497 600 0.4485
497 601 0.1275
497 602 0.3509
497 604 0.0717
497 605 0.0724
497 606 0.1417
497 607 0.7328
497 608 0.1187
497 609 0.2334
497 610 0.4515
497 611 0.1275
497 612 0.3809
497 613 0.0869
497 614 0.5759
497 615 0.0967
497 616 0.2512
497 617 0.0614
497 618 0.2240
497 619 0.6332
497 620 0.1449
497 621 0.1142
497 622 0.1923
497 623 0.2775
497 624 0.1696
497 625 0.5434
497 626 0.2363
497 627 0.1492
497 628 0.1458
497 629 0.5723
497 630 0.3577
497 631 0.3364
497 632 0.1643
497 633 0.1818
497 634 0.4550
497 635 0.1000
497 636 0.0724
497 637 0.5259
497 638 0.1972
497 639 0.8070
497 640 0.1078
497 641 0.0802
497 642 0.3731
497 643 0.1751
497 644 0.2562
497 645 0.6662
497 646 0.2576
497 648 0.1043
497 649 0.0628
497 650 0.1142
497 651 0.0916
497 652 0.0747
497 653 0.3521
497 654 0.4955
497 655 0.1632
497 656 0.0877
497 657 0.1064
497 658 0.1064
497 659 0.1454
497 660 0.1053
497 661 0.2431
497 662 0.3411
497 663 0.1811
497 664 0.5149
497 665 0.2187
497 666 0.1165
497 667 0.1079
497 668 0.1449
497 670 0.1126
497 671 0.3993
497 672 0.1074
497 673 0.0803
497 674 0.0717
497 675 0.1177
497 676 0.4065
497 677 0.1363
497 678 0.1577
497 679 0.1029
497 680 0.0637
497 681 0.3390
497 683 0.2926
497 684 0.1563
497 685 0.2760
497 686 0.5161
497 687 0.3247
497 688 0.1526
497 689 0.4787
497 690 0.3181
497 691 0.1337
497 692 0.1041
497 694 0.1068
497 695 0.6188
497 696 0.2556
497 697 0.2977
497 698 0.5913
497 699 0.4365
497 700 0.2716
497 701 0.2909
497 702 0.1019
497 703 0.1022
497 704 0.1094
497 705 0.4752
497 706 0.6029
497 707 0.1783
497 708 0.0954
497 709 0.3630
497 710 0.1847
497 711 0.4937
497 712 0.2844
497 713 0.1696
497 714 0.2257
497 716 0.1000
497 717 0.1760
497 718 0.4589
497 720 0.1774
497 721 0.1304
497 722 0.2851
497 723 0.1346
497 724 0.2262
497 725 0.2815
497 726 0.2350
497 727 0.1327
497 728 0.2863
497 729 0.1365
497 730 0.2210
497 731 0.3168
497 732 0.1984
497 733 0.4798
497 734 0.5088
497 735 0.1744
497 736 0.7057
497 737 0.7488
497 738 0.1449
497 740 0.1624
497 741 0.6128
497 742 0.1447
497 743 0.4025
497 744 0.2458
497 745 0.0802
497 746 0.2981
497 747 0.1314
497 748 0.7422
497 749 0.0948
497 750 0.3753
497 751 0.1333
497 752 0.3442
497 753 0.2534
497 755 0.2330
497 756 0.3085
497 757 0.3323
497 758 0.2478
497 759 0.4186
497 760 0.1088
497 761 0.1698
497 762 0.1449
497 763 0.2912
497 764 0.1693
497 766 0.1073
497 767 0.3790
497 768 0.8682
497 769 0.2994
497 770 0.2014
497 771 0.1452
497 772 0.2856
497 773 0.1143
497 774 0.1762
497 775 0.1903
497 776 0.0820
497 777 0.1604
497 778 0.4649
497 780 0.4109
497 781 0.1286
497 782 0.4740
497 783 0.2195
497 784 0.0615
497 785 0.1463
497 786 0.5529
497 787 0.4574
497 788 0.0798
497 789 0.2520
497 791 0.1109
497 792 0.2933
497 793 0.2369
497 794 0.4647
497 795 0.3181
497 796 0.4253
497 797 0.1967
497 798 0.0657
497 799 0.2228
497 800 0.1821
497 801 0.1137
497 802 0.0671
497 803 0.0795
497 804 0.6166
497 805 0.0844
497 806 0.4957
497 807 0.1197
497 808 0.6059
497 809 0.3353
497 810 0.1856
497 811 0.3457
497 813 0.5012
497 814 0.3747
497 815 0.4746
497 816 0.1172
497 817 0.0818
497 818 0.0981
497 819 0.1481
497 820 0.2240
497 821 0.1251
497 822 0.0852
497 823 0.5625
497 824 0.1666
497 825 0.3405
497 827 0.1704
497 828 0.1239
497 829 0.2205
497 830 0.1918
497 831 0.2986
497 832 0.1983
497 833 0.1481
497 834 0.1747
497 835 0.1053
497 836 0.5917
497 837 0.1497
497 838 0.0976
497 839 0.1661
497 840 0.3573
497 841 0.1050
497 842 0.2048
497 843 0.1402
497 844 0.1856
497 845 0.1962
497 846 0.1294
497 848 0.1674
497 849 0.0859
497 850 0.1000
497 851 0.8305
497 852 0.1778
497 853 0.2373
497 854 0.2379
497 855 0.2193
497 856 0.1758
497 857 0.0906
497 858 0.1165
497 859 0.2222
497 860 0.0625
497 861 0.2646
497 862 0.0811
497 864 0.0896
497 865 0.1143
497 866 0.2518
497 867 0.3678
497 868 0.1624
497 869 0.1743
497 870 0.1679
497 871 0.0965
497 872 0.9857
497 873 0.1197
497 874 0.1325
497 875 0.0746
497 876 0.2590
497 877 0.1726
497 878 0.2029
497 880 0.5225
497 881 0.0737
497 882 0.2229
497 883 0.0765
497 885 0.3027
497 886 0.1592
497 887 0.3240
497 888 0.1449
497 889 0.3097
497 890 0.1498
497 891 0.5503
497 892 0.1178
497 893 0.6801
497 894 0.2634
497 895 0.1537
497 896 0.2319
497 897 0.1197
497 898 0.1454
497 900 0.0673
497 901 0.4108
497 903 0.2273
497 905 0.5894
497 906 0.2380
497 907 0.1642
497 908 0.5114
497 909 0.3454
497 910 0.3181
497 911 0.2667
497 912 0.0948
497 913 0.2312
497 914 0.3185
497 915 0.8209
497 916 0.1620
497 918 0.0909
497 919 0.1811
497 920 0.1253
497 921 0.1414
497 922 0.4031
497 924 0.2925
497 928 0.4791
497 929 0.4487
497 930 0.1437
497 932 0.0680
497 933 0.2373
497 934 0.1735
497 935 0.1462
497 936 0.2169
497 937 0.1449
497 938 0.0816
497 939 0.1449
497 940 0.1365
497 941 0.1081
497 942 0.0953
497 943 0.1998
497 944 0.2743
497 946 0.1611
497 947 0.0764
497 948 0.0837
497 949 0.0633
497 950 0.1084
497 951 0.2187
497 952 0.1484
497 953 0.2376
497 954 0.2641
497 955 0.0917
497 957 0.1172
497 958 0.1805
497 959 0.1739
497 960 0.7052
497 961 0.1179
497 962 0.2465
497 963 0.1862
497 964 0.2778
497 965 0.0977
497 966 0.2026
497 967 0.1243
497 968 0.8403
497 969 0.3512
497 971 0.3962
497 972 0.1214
497 973 0.1101
497 974 0.7794
497 976 0.0673
497 977 0.1787
497 978 0.1236
497 979 0.2581
497 980 0.4554
497 981 0.3432
497 982 0.2373
497 983 0.0560
497 984 0.0815
497 985 0.1316
497 987 0.1761
497 989 0.4994
497 990 0.0849
497 991 0.1025
497 993 0.2499
497 994 0.7029
497 995 0.0929
497 996 0.1481
497 999 0.2005
497 1000 0.1952
497 1001 0.0648
497 1002 0.0896
497 1003 0.5414
497 1004 0.1781
497 1005 0.2968
497 1006 0.1194
497 1007 0.3449
497 1008 0.1061
497 1010 0.2373
497 1013 0.2373
497 1014 0.1992
497 1015 0.4217
497 1016 0.1129
497 1017 0.3229
497 1018 0.0607
497 1019 0.1040
497 1020 0.2481
497 1022 0.3181
497 1023 0.2493
497 1024 0.1452
497 1025 0.1042
497 1026 0.1452
497 1027 0.1827
497 1029 0.1317
497 1030 0.4704
497 1031 0.3181
497 1032 0.1880
497 1033 0.2070
497 1034 0.0799
497 1035 0.2106
497 1036 0.1146
497 1037 0.3848
497 1039 0.1449
497 1040 0.1159
497 1041 0.0892
497 1042 0.2993
497 1043 0.0976
497 1044 0.1212
497 1045 0.2970
497 1046 0.1509
497 1047 0.1065
497 1048 0.1342
497 1049 0.1339
497 1050 0.2066
497 1051 0.0948
497 1052 0.1128
497 1053 0.0724
497 1054 0.2091
497 1055 0.2373
497 1056 0.1111
497 1057 0.6167
497 1058 0.0727
497 1059 0.0839
497 1060 0.1124
497 1061 0.1169
497 1062 0.1927
497 1063 0.4354
497 1065 0.0728
497 1066 0.5542
497 1067 0.4922
497 1068 0.1432
497 1069 0.1164
497 1070 0.1003
497 1071 0.3414
497 1072 0.0895
497 1073 0.2640
497 1075 0.3292
497 1076 0.2267
497 1078 0.2404
497 1079 0.4254
497 1080 0.2869
497 1081 0.0797
497 1082 0.3259
497 1083 0.9148
497 1084 0.0889
497 1085 0.2452
497 1087 0.2373
497 1089 0.2834
497 1090 0.0562
497 1092 0.0671
497 1093 0.1123
497 1094 0.0933
497 1095 0.1086
497 1096 0.1628
497 1097 0.2153
497 1099 0.9115
497 1102 0.1642
497 1103 0.4536
497 1104 0.5521
497 1105 0.1452
497 1106 0.1181
497 1107 0.2276
497 1108 0.1129
497 1109 0.1198
497 1110 0.2059
497 1111 0.1002
497 1113 0.0724
497 1115 0.2344
497 1116 0.2327
497 1117 0.2023
497 1118 0.1153
497 1119 0.1069
497 1120 0.1983
497 1121 0.2601
497 1122 0.1668
497 1123 0.2465
497 1124 0.4621
497 1125 0.0802
497 1126 0.1276
497 1127 0.1137
497 1128 0.2812
497 1129 0.1957
497 1130 0.6625
497 1132 0.1671
497 1133 0.1186
497 1134 0.3953
497 1135 0.8920
497 1136 0.2465
497 1138 0.0938
497 1141 0.0918
497 1142 0.1363
497 1143 0.3804
497 1144 0.1156
497 1145 0.1498
497 1146 0.4039
497 1148 0.1449
497 1149 0.2373
497 1150 0.2316
497 1151 0.1378
497 1152 0.8642
497 1153 0.1167
497 1154 0.5050
497 1156 0.1516
497 1157 0.1428
497 1158 0.3492
497 1159 0.1815
497 1160 0.0681
497 1161 0.1112
497 1162 0.2041
497 1163 0.0832
497 1165 0.2767
497 1166 0.3222
497 1167 0.1966
497 1169 0.1412
497 1170 0.1449
497 1172 0.2563
497 1173 0.1449
497 1176 0.2364
497 1177 0.3114
497 1178 0.2530
497 1180 0.0952
497 1181 0.4743
497 1182 0.1427
497 1183 0.1109
497 1185 0.0963
497 1186 0.1852
497 1187 0.0692
497 1188 0.0620
497 1189 0.3034
497 1191 0.1449
497 1192 0.0941
497 1193 0.1406
497 1194 0.1634
497 1195 0.4745
497 1197 0.2058
497 1198 0.2373
497 1199 0.1066
497 1200 0.5915
497 1201 0.3678
497 1202 0.4504
497 1203 0.1320
497 1204 0.3053
497 1205 0.3259
497 1206 0.5489
497 1207 0.3575
497 1208 0.0911
497 1210 0.5387
497 1211 0.5843
497 1212 0.2564
497 1213 0.3564
497 1214 0.1133
497 1215 0.1867
497 1216 0.2678
497 1217 0.4002
497 1218 0.3652
497 1219 0.3183
497 1220 0.1449
497 1221 0.3900
497 1222 0.3139
497 1223 0.4530
497 1224 0.3526
497 1225 0.8082
497 1226 0.3881
497 1227 0.4020
497 1229 0.5015
497 1230 0.3068
497 1231 0.3703
497 1233 0.2311
497 1235 0.3870
497 1236 0.3215
497 1237 0.3893
497 1238 0.3016
497 1239 0.3215
497 1240 0.2018
497 1241 0.3181
497 1242 0.5644
497 1243 0.1879
497 1244 0.1720
497 1245 0.0941
497 1246 0.3466
497 1247 0.3452
497 1248 0.2088
497 1249 0.1258
497 1250 0.3391
497 1251 0.3186
497 1252 0.4710
497 1253 0.1371
497 1254 0.1170
497 1255 0.1444
497 1256 0.1563
497 1258 0.3879
497 1259 0.2102
497 1260 0.2049
497 1262 0.1564
497 1263 0.1200
497 1265 0.1113
497 1266 0.1481
497 1267 0.1166
497 1268 0.1027
497 1269 0.2769
497 1270 0.1296
497 1271 0.1956
497 1272 0.1449
497 1273 0.1887
497 1274 0.0877
497 1275 0.1635
497 1276 0.1809
497 1278 0.0877
497 1279 0.1116
497 1280 0.1410
497 1281 0.2140
497 1282 0.1454
497 1283 0.1146
497 1284 0.0705
497 1286 0.1021
497 1287 0.0923
497 1288 0.0977
497 1289 0.0720
497 1290 0.2306
497 1291 0.0718
497 1292 0.6872
497 1293 0.1193
497 1295 0.1449
497 1296 0.0672
497 1298 0.0748
497 1299 0.0948
497 1300 0.0948
497 1301 0.0940
497 1302 0.1060
497 1303 0.1518
497 1304 0.3037
497 1305 0.0905
497 1306 0.0727
497 1308 0.1169
497 1309 0.1357
497 1310 0.0742
497 1311 0.1197
497 1312 0.1473
497 1313 0.1108
497 1315 0.0911
497 1316 0.8964
497 1318 0.1311
497 1319 0.0731
497 1322 0.0816
497 1323 0.2884
497 1324 0.2756
497 1325 0.3218
497 1326 0.1879
497 1327 0.2493
497 1328 0.3189
497 1329 0.2566
497 1330 0.1763
497 1331 0.3942
497 1332 0.3138
497 1333 0.3300
497 1334 0.4916
497 1335 0.1442
497 1336 0.2299
497 1337 0.1383
497 1338 0.1159
497 1339 0.2773
497 1340 0.1421
497 1341 0.3106
497 1342 0.7091
497 1343 0.3198
497 1344 0.6327
497 1345 0.1318
497 1346 0.3276
497 1348 0.3068
497 1349 0.2428
497 1350 0.3709
497 1351 0.2428
497 1352 0.3196
497 1353 0.2571
497 1354 0.1551
497 1356 0.1781
497 1357 0.2428
497 1358 0.1133
497 1359 0.1772
497 1360 0.4015
497 1361 0.1569
497 1362 0.3795
497 1364 0.2899
497 1365 0.1449
497 1366 0.1128
497 1367 0.5347
497 1368 0.3802
497 1369 0.7364
497 1370 0.6462
497 1371 0.1588
497 1372 0.3693
497 1373 0.3038
497 1374 0.1381
497 1377 0.2108
497 1378 0.2686
497 1379 0.0924
497 1380 0.2090
497 1381 0.1829
497 1382 0.2781
497 1383 0.1481
497 1384 0.3623
497 1385 0.3760
497 1386 0.1876
497 1387 0.0982
497 1388 0.1444
497 1389 0.1127
497 1390 0.1167
497 1392 0.1223
497 1393 0.1449
497 1394 0.1431
497 1395 0.1641
497 1396 0.1314
497 1397 0.1661
497 1398 0.1989
497 1399 0.1070
497 1401 0.1275
497 1402 0.1449
497 1405 0.2740
497 1406 0.2824
497 1407 0.4998
497 1408 0.0680
497 1409 0.2308
497 1411 0.2158
497 1412 0.1452
497 1414 0.1159
497 1416 0.1013
497 1418 0.0988
497 1419 0.1333
497 1420 0.1622
497 1421 0.0931
497 1422 0.1271
497 1423 0.0852
497 1425 0.2439
497 1426 0.5412
497 1427 0.1198
497 1428 0.0974
497 1431 0.1449
497 1433 0.0850
497 1434 0.8724
497 1435 0.2294
497 1436 0.1476
497 1437 0.1904
497 1438 0.0683
497 1439 0.2514
497 1440 0.1195
497 1441 0.0863
497 1443 0.1768
497 1445 0.0586
497 1446 0.1717
497 1448 0.1111
497 1449 0.1526
497 1451 0.3221
497 1452 0.1227
497 1453 0.1197
497 1454 0.1683
497 1455 0.1997
497 1456 0.3303
497 1457 0.1532
497 1458 0.1152
497 1459 0.2640
497 1460 0.1391
497 1461 0.2373
497 1462 0.1313
497 1463 0.1215
497 1464 0.1774
497 1465 0.4026
497 1466 0.0747
497 1468 0.1670
497 1470 0.1449
497 1472 0.2315
497 1473 0.2383
497 1475 0.1856
497 1476 0.1716
497 1477 0.3110
497 1478 0.1762
497 1479 0.2455
497 1480 0.1197
497 1481 0.1856
497 1482 0.0829
497 1484 0.1697
497 1485 0.2705
497 1486 0.1444
497 1487 0.1277
497 1490 0.1290
497 1491 0.1941
497 1492 0.1316
497 1493 0.2425
497 1494 0.1619
497 1496 0.1074
497 1497 0.1491
497 1498 0.0941
497 1499 0.1333
497 1500 0.3631
497 1501 0.2687
497 1503 0.3143
497 1504 0.3880
497 1505 0.1516
497 1506 0.1481
497 1507 0.2749
497 1508 0.3654
497 1510 0.1955
497 1511 0.1704
497 1512 0.1943
497 1513 0.1033
497 1515 0.1395
497 1516 0.2222
497 1517 0.2723
497 1518 0.1807
497 1519 0.3260
497 1520 0.8498
497 1522 0.0894
497 1525 0.3369
497 1526 0.1343
497 1527 0.5842
497 1528 0.0801
497 1529 0.5945
497 1530 0.1235
497 1531 0.1481
497 1532 0.1041
497 1534 0.0980
497 1535 0.1960
497 1536 0.1306
497 1537 0.1778
497 1538 0.0987
497 1540 0.0826
497 1541 0.1856
497 1542 0.1264
497 1544 0.0818
497 1545 0.2373
497 1546 0.0726
497 1547 0.0877
497 1548 0.0836
497 1549 0.0717
497 1550 0.1168
497 1551 0.0852
497 1552 0.0941
497 1554 0.1652
497 1555 0.2373
497 1557 0.1341
497 1565 0.0711
497 1566 0.1465
497 1567 0.0709
497 1568 0.2756
497 1569 0.3185
497 1570 0.2831
497 1571 0.6856
497 1572 0.1192
497 1573 0.3171
497 1574 0.4812
497 1575 0.0749
497 1576 0.2475
497 1577 0.1752
497 1578 0.0978
497 1579 0.3323
497 1580 0.3687
497 1581 0.1643
497 1582 0.2568
497 1583 0.2944
497 1584 0.2781
497 1585 0.4442
497 1586 0.3996
497 1587 0.2971
497 1588 0.6586
497 1589 0.3181
497 1590 0.2526
497 1591 0.3749
497 1592 0.3846
497 1593 0.5815
497 1594 0.1925
497 1595 0.5558
497 1596 0.0749
497 1597 0.2126
497 1598 0.2373
497 1599 0.1999
497 1600 0.1033
497 1601 0.4398
497 1602 0.2969
497 1603 0.1542
497 1604 0.3300
497 1605 0.1730
497 1606 0.5211
497 1607 0.4697
497 1608 0.2443
497 1609 0.0726
497 1610 0.3181
497 1612 0.1167
497 1613 0.7183
497 1614 0.3358
497 1616 0.2017
497 1617 0.1449
497 1618 0.6647
497 1619 0.4364
497 1620 0.2141
497 1621 0.6327
497 1622 0.8446
497 1623 0.3589
497 1624 0.3851
497 1625 0.1796
497 1626 0.2082
497 1627 0.3721
497 1628 0.3181
497 1629 0.2327
497 1630 0.5883
497 1631 0.1668
497 1632 0.3550
497 1633 0.2604
497 1634 0.3071
497 1636 0.3853
497 1637 0.2393
497 1638 0.1960
497 1639 0.3300
497 1640 0.1654
497 1641 0.3181
497 1642 0.1720
497 1643 0.3309
497 1645 0.2584
497 1646 0.1381
497 1647 0.1277
497 1648 0.1193
497 1649 0.1559
497 1650 0.2373
497 1652 0.0993
497 1653 0.1495
497 1654 0.1558
497 1655 0.1823
497 1657 0.1197
497 1658 0.1198
497 1659 0.1165
497 1660 0.1593
497 1661 0.1213
497 1662 0.1539
497 1663 0.1107
497 1664 0.0877
497 1665 0.1414
497 1666 0.1504
497 1667 0.1211
497 1668 0.2638
497 1669 0.0841
497 1670 0.1452
497 1671 0.1134
497 1672 0.2898
497 1674 0.2498
497 1675 0.2373
497 1676 0.1134
497 1678 0.2367
497 1680 0.1668
497 1681 0.3466
497 1682 0.0957
497 1683 0.2294
497 1684 0.1034
497 1685 0.1625
497 1686 0.1796
497 1687 0.1532
497 1688 0.1364
497 1689 0.8680
497 1690 0.2079
497 1691 0.1943
497 1692 0.1215
497 1694 0.1333
497 1695 0.1449
497 1696 0.1197
497 1697 0.1171
497 1699 0.0744
497 1700 0.1481
497 1701 0.1256
497 1702 0.0782
497 1703 0.1302
497 1704 0.0519
497 1705 0.0918
497 1706 0.0837
497 1707 0.1532
497 1708 0.0802
497 1709 0.1115
497 1711 0.0802
497 1712 0.9392
497 1713 0.0948
497 1714 0.2024
497 1715 0.0802
497 1716 0.1455
497 1717 0.9426
497 1718 0.1449
497 1720 0.1280
497 1721 0.4570
497 1723 0.1077
497 1724 0.0996
497 1725 0.1303
497 1726 0.1197
497 1728 0.1125
497 1729 0.1234
497 1730 0.1220
498 499 0.0801
498 500 0.1076
498 501 0.0700
498 503 0.1038
498 504 0.1264
498 505 0.0784
498 506 0.0882
498 507 0.5364
498 508 0.1190
498 509 0.1226
498 510 0.1288
498 511 0.4000
498 512 0.1111
498 513 0.1331
498 514 0.3026
498 515 0.1287
498 516 0.1212
498 517 0.1087
498 518 0.1355
498 519 0.2647
498 520 0.3867
498 521 0.1472
498 522 0.1520
498 523 0.3806
498 525 0.0985
498 526 0.1156
498 527 0.2872
498 528 0.1214
498 529 0.0645
498 530 0.0819
498 531 0.0968
498 532 0.0914
498 533 0.3328
498 534 0.1407
498 535 0.1009
498 536 0.6813
498 537 0.1841
498 538 0.1373
498 539 0.0608
498 540 0.4352
498 541 0.0859
498 542 0.1122
498 543 0.2250
498 544 0.0853
498 545 0.0607
498 546 0.1635
498 547 0.1129
498 548 0.0673
498 549 0.0912
498 550 0.1218
498 551 0.1238
498 552 0.2147
498 553 0.3754
498 554 0.1982
498 555 0.1085
498 556 0.3874
498 557 0.2080
498 558 0.2612
498 559 0.3725
498 560 0.5085
498 561 0.0866
498 562 0.2821
498 563 0.4386
498 564 0.4334
498 565 0.0631
498 567 0.0975
498 568 0.9775
498 569 0.1966
498 570 0.0908
498 571 0.3499
498 572 0.0584
498 573 0.1236
498 574 0.1079
498 575 0.1344
498 576 0.2708
498 577 0.0696
498 578 0.4406
498 579 0.1998
498 581 0.0714
498 582 0.4210
498 583 0.2705
498 584 0.0960
498 585 0.1151
498 586 0.0637
498 587 0.2032
498 589 0.1806
498 590 0.3646
498 591 0.0765
498 592 0.1296
498 593 0.1410
498 594 0.1104
498 595 0.1102
498 599 0.1874
498 600 0.0766
498 601 0.0950
498 602 0.1750
498 604 0.1406
498 605 0.2905
498 606 0.1303
498 607 0.1076
498 608 0.0827
498 609 0.1603
498 610 0.1120
498 611 0.1300
498 612 0.1126
498 613 0.4427
498 614 0.2058
498 615 0.5028
498 616 0.1232
498 617 0.3886
498 618 0.3896
498 619 0.2379
498 620 0.0700
498 621 0.0766
498 622 0.0949
498 623 0.1086
498 624 0.0764
498 625 0.3132
498 626 0.7348
498 627 0.1065
498 628 0.4860
498 629 0.1545
498 630 0.0834
498 631 0.1552
498 632 0.1230
498 633 0.2207
498 634 0.1574
498 635 0.0720
498 636 0.2905
498 637 0.1576
498 638 0.3324
498 639 0.9821
498 640 0.0988
498 641 0.0761
498 642 0.0812
498 643 0.1598
498 644 0.1268
498 645 0.1452
498 646 0.1086
498 648 0.6960
498 649 0.2545
498 650 0.0841
498 651 0.2588
498 652 0.0896
498 653 0.1010
498 654 0.0926
498 655 0.2350
498 656 0.0914
498 657 0.5139
498 658 0.0752
498 659 0.4738
498 660 0.1102
498 661 0.1140
498 662 0.1029
498 663 0.1369
498 664 0.2792
498 665 0.0769
498 666 0.5160
498 667 0.1204
498 668 0.0700
498 670 0.2811
498 671 0.1865
498 672 0.4179
498 673 0.1538
498 674 0.1624
498 675 0.1165
498 676 0.1719
498 677 0.1175
498 678 0.3156
498 679 0.0816
498 680 0.4679
498 681 0.1073
498 683 0.1111
498 684 0.1376
498 685 0.6638
498 686 0.1130
498 687 0.1162
498 688 0.0856
498 689 0.2857
498 690 0.0633
498 691 0.1258
498 692 0.2718
498 694 0.2098
498 695 0.2194
498 696 0.1288
498 697 0.1127
498 698 0.1609
498 699 0.1694
498 700 0.1208
498 701 0.0945
498 702 0.1325
498 703 0.1009
498 704 0.1205
498 705 0.1229
498 706 0.6938
498 707 0.3075
498 708 0.1434
498 709 0.0836
498 710 0.3337
498 711 0.1636
498 712 0.2591
498 713 0.0794
498 714 0.1604
498 716 0.0720
498 717 0.1360
498 718 0.2927
498 720 0.1058
498 721 0.0999
498 722 0.5123
498 723 0.0726
498 724 0.1447
498 725 0.1032
498 726 0.1323
498 727 0.2438
498 728 0.1021
498 729 0.0906
498 730 0.1763
498 731 0.2385
498 732 0.2726
498 733 0.1571
498 734 0.1135
498 735 0.1441
498 736 0.4302
498 737 0.4412
498 738 0.0700
498 740 0.1006
498 741 0.1396
498 742 0.1155
498 743 0.1342
498 744 0.2693
498 745 0.0761
498 746 0.1289
498 747 0.2433
498 748 0.4648
498 749 0.2185
498 750 0.1286
498 751 0.0827
498 752 0.4315
498 753 0.1229
498 755 0.3003
498 756 0.1044
498 757 0.1267
498 758 0.2515
498 759 0.1068
498 760 0.1957
498 761 0.1224
498 762 0.0700
498 763 0.4675
498 764 0.3239
498 766 0.3896
498 767 0.1665
498 768 0.3902
498 769 0.2534
498 770 0.1941
498 771 0.2520
498 772 0.1230
498 773 0.1518
498 774 0.1453
498 775 0.1826
498 776 0.1197
498 777 0.3923
498 778 0.2151
498 780 0.1362
498 781 0.1442
498 782 0.2529
498 783 0.5481
498 784 0.3112
498 785 0.1336
498 786 0.2146
498 787 0.1098
498 788 0.1014
498 789 0.1240
498 791 0.1231
498 792 0.2650
498 793 0.1153
498 794 0.0933
498 795 0.0633
498 796 0.0840
498 797 0.1714
498 798 0.3861
498 799 0.2215
498 800 0.1810
498 801 0.2081
498 802 0.3643
498 803 0.5215
498 804 0.4120
498 805 0.1148
498 806 0.2169
498 807 0.0856
498 808 0.4086
498 809 0.0753
498 810 0.1102
498 811 0.8952
498 813 0.3540
498 814 0.0874
498 815 0.0959
498 816 0.0914
498 817 0.4793
498 818 0.4460
498 819 0.1768
498 820 0.0911
498 821 0.1285
498 822 0.3078
498 823 0.1144
498 824 0.1698
498 825 0.2446
498 827 0.1555
498 828 0.1416
498 829 0.1567
498 830 0.1076
498 831 0.2533
498 832 0.1306
498 833 0.0911
498 834 0.1829
498 835 0.1102
498 836 0.1329
498 837 0.1346
498 838 0.1192
498 839 0.1064
498 840 0.0779
498 841 0.0928
498 842 0.3237
498 843 0.4388
498 844 0.0795
498 845 0.0936
498 846 0.0930
498 848 0.1431
498 849 0.0886
498 850 0.0720
498 851 0.7403
498 852 0.1414
498 853 0.0739
498 854 0.2006
498 855 0.0974
498 856 0.2888
498 857 0.0817
498 858 0.2363
498 859 0.1255
498 860 0.5156
498 861 0.2471
498 862 0.3973
498 864 0.0676
498 865 0.2119
498 866 0.1505
498 867 0.1125
498 868 0.0938
498 869 0.6062
498 870 0.1958
498 871 0.2451
498 872 0.8466
498 873 0.0856
498 874 0.0987
498 875 0.4174
498 876 0.0801
498 877 0.0860
498 878 0.1332
498 880 0.2495
498 881 0.1929
498 882 0.1369
498 883 0.1635
498 885 0.0811
498 886 0.0970
498 887 0.1298
498 888 0.0700
498 889 0.0669
498 890 0.1530
498 891 0.2645
498 892 0.2067
498 893 0.1408
498 894 0.5742
498 895 0.0985
498 896 0.1115
498 897 0.1544
498 898 0.5699
498 900 0.3590
498 901 0.1054
498 903 0.7241
498 905 0.0520
498 906 0.1210
498 907 0.1249
498 908 0.1366
498 909 0.5349
498 910 0.0633
498 911 0.1036
498 912 0.2185
498 913 0.2052
498 914 0.1622
498 915 0.3408
498 916 0.0993
498 918 0.0843
498 919 0.0755
498 920 0.1216
498 921 0.0817
498 922 0.1213
498 924 0.1418
498 928 0.1323
498 929 0.2876
498 930 0.0901
498 932 0.3265
498 933 0.0739
498 934 0.2962
498 935 0.1554
498 936 0.1261
498 937 0.0700
498 938 0.1102
498 939 0.0700
498 940 0.1105
498 941 0.1180
498 942 0.1702
498 943 0.1607
498 944 0.0738
498 946 0.0828
498 947 0.0982
498 948 0.1035
498 949 0.2847
498 950 0.2101
498 951 0.0761
498 952 0.1015
498 953 0.0813
498 954 0.2017
498 955 0.2453
498 957 0.0914
498 958 0.1596
498 959 0.0941
498 960 0.1800
498 961 0.1842
498 962 0.1414
498 963 0.2668
498 964 0.1474
498 965 0.1059
498 966 0.1767
498 967 0.2653
498 968 0.4138
498 969 0.1724
498 971 0.2573
498 972 0.0595
498 973 0.0978
498 974 0.7216
498 976 0.1511
498 977 0.4172
498 978 0.2186
498 979 0.2941
498 980 0.0639
498 981 0.1001
498 982 0.0739
498 983 0.4572
498 984 0.1396
498 985 0.1203
498 987 0.1139
498 989 0.0506
498 990 0.1160
498 991 0.1218
498 993 0.5564
498 994 0.2390
498 995 0.1799
498 996 0.0911
498 999 0.1887
498 1000 0.0565
498 1001 0.4003
498 1002 0.6275
498 1003 0.2537
498 1004 0.6289
498 1005 0.1187
498 1006 0.1036
498 1007 0.6434
498 1008 0.3720
498 1010 0.0739
498 1013 0.0739
498 1014 0.0801
498 1015 0.1982
498 1016 0.0790
498 1017 0.1012
498 1018 0.1593
498 1019 0.0847
498 1020 0.2174
498 1022 0.0633
498 1023 0.0912
498 1024 0.0608
498 1025 0.1102
498 1026 0.0608
498 1027 0.1408
498 1029 0.0971
498 1030 0.1324
498 1031 0.0633
498 1032 0.3676
498 1033 0.1565
498 1034 0.1368
498 1035 0.1420
498 1036 0.1931
498 1037 0.1209
498 1039 0.0700
498 1040 0.2156
498 1041 0.1015
498 1042 0.1993
498 1043 0.1133
498 1044 0.0786
498 1045 0.1438
498 1046 0.0778
498 1047 0.0852
498 1048 0.1848
498 1049 0.0906
498 1050 0.0767
498 1051 0.2185
498 1052 0.0856
498 1053 0.2905
498 1054 0.0768
498 1055 0.0739
498 1056 0.1130
498 1057 0.1972
498 1058 0.1502
498 1059 0.3199
498 1060 0.4088
498 1061 0.1241
498 1062 0.0882
498 1063 0.2255
498 1065 0.0880
498 1066 0.3700
498 1067 0.3641
498 1068 0.1931
498 1069 0.0951
498 1070 0.0501
498 1071 0.1032
498 1072 0.2930
498 1073 0.1512
498 1075 0.1628
498 1076 0.1451
498 1078 0.0592
498 1079 0.1236
498 1080 0.0754
498 1081 0.5430
498 1082 0.0849
498 1083 0.6821
498 1084 0.0674
498 1085 0.2534
498 1087 0.0739
498 1089 0.1476
498 1090 0.1132
498 1092 0.3643
498 1093 0.0897
498 1094 0.0964
498 1095 0.4306
498 1096 0.3624
498 1097 0.0844
498 1099 0.7551
498 1102 0.1993
498 1103 0.0739
498 1104 0.1650
498 1105 0.1550
498 1106 0.1000
498 1107 0.0991
498 1108 0.0790
498 1109 0.1025
498 1110 0.1305
498 1111 0.3084
498 1113 0.2905
498 1115 0.1754
498 1116 0.2402
498 1117 0.0824
498 1118 0.1510
498 1119 0.0734
498 1120 0.3000
498 1121 0.1247
498 1122 0.1835
498 1123 0.1415
498 1124 0.2327
498 1125 0.0761
498 1126 0.0985
498 1127 0.1761
498 1128 0.1258
498 1129 0.0551
498 1130 0.1768
498 1132 0.1754
498 1133 0.2521
498 1134 0.1315
498 1135 0.5656
498 1136 0.1115
498 1138 0.0935
498 1141 0.0890
498 1142 0.1289
498 1143 0.3948
498 1144 0.1009
498 1145 0.1414
498 1146 0.1205
498 1148 0.0700
498 1149 0.0739
498 1150 0.1782
498 1151 0.1039
498 1152 0.5970
498 1153 0.0968
498 1154 0.5892
498 1156 0.1252
498 1157 0.2026
498 1158 0.1323
498 1159 0.0901
498 1160 0.1599
498 1161 0.1297
498 1162 0.1089
498 1163 0.6679
498 1165 0.2601
498 1166 0.2409
498 1167 0.2296
498 1169 0.1476
498 1170 0.0700
498 1172 0.1793
498 1173 0.0700
498 1176 0.0940
498 1177 0.0872
498 1178 0.1244
498 1180 0.1478
498 1181 0.0785
498 1182 0.0856
498 1183 0.0984
498 1185 0.0928
498 1186 0.0900
498 1187 0.1183
498 1188 0.1235
498 1189 0.1453
498 1191 0.0700
498 1192 0.0560
498 1193 0.2412
498 1194 0.1228
498 1195 0.1091
498 1197 0.1874
498 1198 0.0739
498 1199 0.1554
498 1200 0.1948
498 1201 0.1725
498 1202 0.0999
498 1203 0.1075
498 1204 0.0554
498 1205 0.1531
498 1206 0.1125
498 1207 0.1983
498 1208 0.1129
498 1210 0.1019
498 1211 0.1197
498 1212 0.1564
498 1213 0.0769
498 1214 0.1026
498 1215 0.1084
498 1216 0.1217
498 1217 0.1291
498 1218 0.0831
498 1219 0.1353
498 1220 0.0700
498 1221 0.1722
498 1222 0.0941
498 1223 0.0643
498 1224 0.0697
498 1225 0.3441
498 1226 0.1393
498 1227 0.0553
498 1229 0.1187
498 1230 0.1315
498 1231 0.0523
498 1233 0.0975
498 1235 0.1215
498 1236 0.1219
498 1237 0.1114
498 1238 0.0864
498 1239 0.1219
498 1240 0.2059
498 1241 0.0633
498 1242 0.1142
498 1243 0.0845
498 1244 0.1004
498 1245 0.0899
498 1246 0.1431
498 1247 0.1140
498 1248 0.2994
498 1249 0.3490
498 1250 0.1126
498 1251 0.0642
498 1252 0.0763
498 1253 0.1159
498 1254 0.0922
498 1255 0.1118
498 1256 0.1095
498 1258 0.1082
498 1259 0.0725
498 1260 0.1137
498 1262 0.1782
498 1263 0.1033
498 1265 0.0911
498 1266 0.0911
498 1267 0.0930
498 1268 0.0592
498 1269 0.2129
498 1270 0.1078
498 1271 0.0946
498 1272 0.0700
498 1273 0.0707
498 1274 0.0914
498 1275 0.1118
498 1276 0.3253
498 1278 0.0914
498 1279 0.0956
498 1280 0.0787
498 1281 0.4052
498 1282 0.2451
498 1283 0.5357
498 1284 0.3647
498 1286 0.2950
498 1287 0.3204
498 1288 0.2586
498 1289 0.2374
498 1290 0.1169
498 1291 0.4345
498 1292 0.9012
498 1293 0.3151
498 1295 0.0700
498 1296 0.2285
498 1298 0.6384
498 1299 0.2185
498 1300 0.2185
498 1301 0.2554
498 1302 0.2218
498 1303 0.6461
498 1304 0.1786
498 1305 0.4327
498 1306 0.3800
498 1308 0.1462
498 1309 0.6240
498 1310 0.2072
498 1311 0.1345
498 1312 0.1800
498 1313 0.1970
498 1315 0.1424
498 1316 0.9890
498 1318 0.3544
498 1319 0.2236
498 1322 0.2962
498 1323 0.1809
498 1324 0.0973
498 1325 0.0790
498 1326 0.0845
498 1327 0.1160
498 1328 0.1223
498 1329 0.1001
498 1330 0.2162
498 1331 0.1799
498 1332 0.1864
498 1333 0.0473
498 1334 0.0559
498 1335 0.2540
498 1336 0.1248
498 1337 0.0856
498 1338 0.1102
498 1339 0.0744
498 1340 0.1189
498 1341 0.2618
498 1342 0.2473
498 1343 0.1103
498 1344 0.4191
498 1345 0.0949
498 1346 0.0726
498 1348 0.1505
498 1349 0.0850
498 1350 0.1501
498 1351 0.1388
498 1352 0.0767
498 1353 0.2069
498 1354 0.0911
498 1356 0.2316
498 1357 0.1388
498 1358 0.1026
498 1359 0.1189
498 1360 0.0448
498 1361 0.1191
498 1362 0.1532
498 1364 0.0982
498 1365 0.0700
498 1366 0.0856
498 1367 0.1181
498 1368 0.3482
498 1369 0.3069
498 1370 0.1812
498 1371 0.1278
498 1372 0.1249
498 1373 0.2197
498 1374 0.0899
498 1377 0.1344
498 1378 0.1039
498 1379 0.0899
498 1380 0.2571
498 1381 0.0797
498 1382 0.0655
498 1383 0.0911
498 1384 0.2145
498 1385 0.0817
498 1386 0.1819
498 1387 0.1037
498 1388 0.0967
498 1389 0.2241
498 1390 0.1522
498 1392 0.1255
498 1393 0.0700
498 1394 0.0860
498 1395 0.1102
498 1396 0.1734
498 1397 0.2026
498 1398 0.1374
498 1399 0.0973
498 1401 0.1831
498 1402 0.0972
498 1405 0.2290
498 1406 0.1640
498 1407 0.1854
498 1408 0.1317
498 1409 0.1205
498 1411 0.4038
498 1412 0.0608
498 1414 0.1102
498 1416 0.1111
498 1418 0.1001
498 1419 0.0728
498 1420 0.1414
498 1421 0.1072
498 1422 0.1122
498 1423 0.1727
498 1425 0.1630
498 1426 0.3809
498 1427 0.0880
498 1428 0.1459
498 1431 0.0700
498 1433 0.0812
498 1434 0.7356
498 1435 0.4560
498 1436 0.0895
498 1437 0.1139
498 1438 0.0846
498 1439 0.2245
498 1440 0.3817
498 1441 0.0564
498 1443 0.1989
498 1445 0.0924
498 1446 0.0977
498 1448 0.1775
498 1449 0.1457
498 1451 0.1332
498 1452 0.0939
498 1453 0.1518
498 1454 0.1564
498 1455 0.1300
498 1456 0.1794
498 1457 0.5216
498 1458 0.0729
498 1459 0.1512
498 1460 0.1865
498 1461 0.0739
498 1462 0.1926
498 1463 0.0772
498 1464 0.1058
498 1465 0.2995
498 1466 0.0896
498 1468 0.1788
498 1470 0.0700
498 1472 0.1784
498 1473 0.1279
498 1475 0.0795
498 1476 0.1894
498 1477 0.1093
498 1478 0.1453
498 1479 0.1342
498 1480 0.1446
498 1481 0.0795
498 1482 0.1321
498 1484 0.2246
498 1485 0.1860
498 1486 0.0911
498 1487 0.0662
498 1490 0.1063
498 1491 0.1054
498 1492 0.1203
498 1493 0.1082
498 1494 0.0797
498 1496 0.1625
498 1497 0.0995
498 1498 0.0899
498 1499 0.1108
498 1500 0.1489
498 1501 0.1652
498 1503 0.1476
498 1504 0.1885
498 1505 0.1252
498 1506 0.0911
498 1507 0.1357
498 1508 0.1344
498 1510 0.0676
498 1511 0.1199
498 1512 0.1490
498 1513 0.1002
498 1515 0.1333
498 1516 0.2815
498 1517 0.2343
498 1518 0.1035
498 1519 0.8382
498 1520 0.9771
498 1522 0.5013
498 1525 0.1219
498 1526 0.5351
498 1527 0.2872
498 1528 0.2873
498 1529 0.1854
498 1530 0.4657
498 1531 0.0911
498 1532 0.2732
498 1534 0.3055
498 1535 0.0899
498 1536 0.3283
498 1537 0.1414
498 1538 0.6988
498 1540 0.2389
498 1541 0.0795
498 1542 0.1602
498 1544 0.1242
498 1545 0.0739
498 1546 0.1926
498 1547 0.5562
498 1548 0.2244
498 1549 0.1624
498 1550 0.1821
498 1551 0.4227
498 1552 0.1566
498 1554 0.4735
498 1555 0.0739
498 1557 0.4461
498 1565 0.2668
498 1566 0.1219
498 1567 0.3175
498 1568 0.0973
498 1569 0.1356
498 1570 0.0561
498 1571 0.1331
498 1572 0.1479
498 1573 0.1101
498 1574 0.0567
498 1575 0.1164
498 1576 0.1075
498 1577 0.1204
498 1578 0.0856
498 1579 0.1911
498 1580 0.1349
498 1581 0.1526
498 1582 0.2746
498 1583 0.0809
498 1584 0.0655
498 1585 0.1161
498 1586 0.0556
498 1587 0.0786
498 1588 0.0764
498 1589 0.0633
498 1590 0.0708
498 1591 0.0758
498 1592 0.1215
498 1593 0.1388
498 1594 0.1972
498 1595 0.1643
498 1596 0.1164
498 1597 0.1028
498 1598 0.0739
498 1599 0.0983
498 1600 0.0899
498 1601 0.0996
498 1602 0.1102
498 1603 0.1001
498 1604 0.0473
498 1605 0.0856
498 1606 0.1742
498 1607 0.1039
498 1608 0.2592
498 1609 0.1926
498 1610 0.0633
498 1612 0.0856
498 1613 0.0991
498 1614 0.0899
498 1616 0.0856
498 1617 0.0700
498 1618 0.2703
498 1619 0.1579
498 1620 0.1262
498 1621 0.2735
498 1622 0.2063
498 1623 0.0731
498 1624 0.1501
498 1625 0.1349
498 1626 0.0767
498 1627 0.0543
498 1628 0.0633
498 1629 0.1132
498 1630 0.1509
498 1631 0.0763
498 1632 0.0911
498 1633 0.0922
498 1634 0.1029
498 1636 0.0800
498 1637 0.1385
498 1638 0.0899
498 1639 0.0473
498 1640 0.0747
498 1641 0.0633
498 1642 0.1004
498 1643 0.1310
498 1645 0.1190
498 1646 0.1982
498 1647 0.0662
498 1648 0.1300
498 1649 0.1873
498 1650 0.0739
498 1652 0.1176
498 1653 0.1570
498 1654 0.1566
498 1655 0.4644
498 1657 0.0856
498 1658 0.1256
498 1659 0.1511
498 1660 0.1607
498 1661 0.1241
498 1662 0.0925
498 1663 0.0737
498 1664 0.0914
498 1665 0.1143
498 1666 0.0767
498 1667 0.0766
498 1668 0.0772
498 1669 0.0816
498 1670 0.0608
498 1671 0.1189
498 1672 0.1201
498 1674 0.1261
498 1675 0.0739
498 1676 0.1189
498 1678 0.3400
498 1680 0.1286
498 1681 0.1501
498 1682 0.1160
498 1683 0.1504
498 1684 0.1535
498 1685 0.0797
498 1686 0.1349
498 1687 0.1000
498 1688 0.1360
498 1689 0.7137
498 1690 0.1486
498 1691 0.0662
498 1692 0.0990
498 1694 0.1796
498 1695 0.0700
498 1696 0.0856
498 1697 0.0974
498 1699 0.0942
498 1700 0.0911
498 1701 0.0815
498 1702 0.0806
498 1703 0.1124
498 1704 0.0835
498 1705 0.0890
498 1706 0.1035
498 1707 0.1854
498 1708 0.0761
498 1709 0.0441
498 1711 0.0761
498 1712 0.8422
498 1713 0.1825
498 1714 0.3198
498 1715 0.0761
498 1716 0.0718
498 1717 0.8036
498 1718 0.0700
498 1720 0.1638
498 1721 0.0899
498 1723 0.0745
498 1724 0.0934
498 1725 0.1282
498 1726 0.0856
498 1728 0.1420
498 1729 0.0899
498 1730 0.1029
499 500 0.1889
499 501 0.0695
499 503 0.2851
499 504 0.1682
499 505 0.4372
499 506 0.0881
499 507 0.1669
499 508 0.1314
499 509 0.1387
499 510 0.1600
499 511 0.7381
499 512 0.1619
499 513 0.5792
499 514 0.4826
499 515 0.1986
499 516 0.1744
499 517 0.1542
499 518 0.1381
499 519 0.0980
499 520 0.1090
499 521 0.1724
499 522 0.1204
499 523 0.1450
499 525 0.0923
499 526 0.1926
499 527 0.5618
499 528 0.5369
499 529 0.0880
499 530 0.3180
499 531 0.1137
499 532 0.1238
499 533 0.1611
499 534 0.2402
499 535 0.1261
499 536 0.2443
499 537 0.3375
499 538 0.1642
499 539 0.2783
499 540 0.5749
499 541 0.6416
499 542 0.3241
499 543 0.0646
499 544 0.1220
499 545 0.4211
499 546 0.3311
499 547 0.1189
499 548 0.1733
499 549 0.5527
499 550 0.1497
499 551 0.1623
499 552 0.3489
499 553 0.2511
499 554 0.0695
499 555 0.6889
499 556 0.0899
499 557 0.6505
499 558 0.3429
499 559 0.0667
499 560 0.1211
499 561 0.5585
499 562 0.1222
499 563 0.8809
499 564 0.1872
499 565 0.2786
499 567 0.2882
499 568 0.8812
499 569 0.3594
499 570 0.3079
499 571 0.6428
499 572 0.5268
499 573 0.0927
499 574 0.6323
499 575 0.1321
499 576 0.4122
499 577 0.0730
499 578 0.2296
499 579 0.7691
499 581 0.3785
499 582 0.0751
499 583 0.1613
499 584 0.4836
499 585 0.5170
499 586 0.2967
499 587 0.3817
499 589 0.2974
499 590 0.3638
499 591 0.0878
499 592 0.3376
499 593 0.2156
499 594 0.1631
499 595 0.0623
499 599 0.2676
499 600 0.0874
499 601 0.3848
499 602 0.4001
499 604 0.0817
499 605 0.0799
499 606 0.2002
499 607 0.4443
499 608 0.1776
499 609 0.3834
499 610 0.0844
499 611 0.0986
499 612 0.1051
499 613 0.0824
499 614 0.2791
499 615 0.1150
499 616 0.1192
499 617 0.0860
499 618 0.1147
499 619 0.4586
499 620 0.0695
499 621 0.6126
499 622 0.1600
499 623 0.1812
499 624 0.1515
499 625 0.4131
499 626 0.2610
499 627 0.1535
499 628 0.1488
499 629 0.2546
499 630 0.0860
499 631 0.1012
499 632 0.6792
499 633 0.6301
499 634 0.0792
499 635 0.4974
499 636 0.0799
499 637 0.1603
499 638 0.1358
499 639 0.8168
499 640 0.2577
499 641 0.3235
499 642 0.1121
499 643 0.3405
499 644 0.1266
499 645 0.1348
499 646 0.0874
499 648 0.1421
499 649 0.0940
499 650 0.3294
499 651 0.4213
499 652 0.1855
499 653 0.1167
499 654 0.6658
499 655 0.1520
499 656 0.3284
499 657 0.2369
499 658 0.3193
499 659 0.1330
499 660 0.1091
499 661 0.1787
499 662 0.2150
499 663 0.1332
499 664 0.2661
499 665 0.0769
499 666 0.1464
499 667 0.3214
499 668 0.0695
499 670 0.4413
499 671 0.1385
499 672 0.0950
499 673 0.0984
499 674 0.0776
499 675 0.5507
499 676 0.4753
499 677 0.1302
499 678 0.1080
499 679 0.3709
499 680 0.1152
499 681 0.1311
499 683 0.3340
499 684 0.3150
499 685 0.1697
499 686 0.3882
499 687 0.2397
499 688 0.0809
499 689 0.4709
499 690 0.1298
499 691 0.0957
499 692 0.1737
499 694 0.1809
499 695 0.4029
499 696 0.2689
499 697 0.1775
499 698 0.2115
499 699 0.5279
499 700 0.0995
499 701 0.1271
499 702 0.5059
499 703 0.3585
499 704 0.5609
499 705 0.0873
499 706 0.3153
499 707 0.2208
499 708 0.0592
499 709 0.2761
499 710 0.2164
499 711 0.2018
499 712 0.0878
499 713 0.1744
499 714 0.3809
499 716 0.4974
499 717 0.0919
499 718 0.2300
499 720 0.1114
499 721 0.3528
499 722 0.2290
499 723 0.3587
499 724 0.1521
499 725 0.1653
499 726 0.3279
499 727 0.2566
499 728 0.7168
499 729 0.3084
499 730 0.1034
499 731 0.6730
499 732 0.7344
499 733 0.0926
499 734 0.1258
499 735 0.2654
499 736 0.3834
499 737 0.5693
499 738 0.0695
499 740 0.5962
499 741 0.4431
499 742 0.1829
499 743 0.1014
499 744 0.6523
499 745 0.3235
499 746 0.0697
499 747 0.1872
499 748 0.6952
499 749 0.0769
499 750 0.3431
499 751 0.3785
499 752 0.7533
499 753 0.3131
499 755 0.6091
499 756 0.1452
499 757 0.1369
499 758 0.1340
499 759 0.0824
499 760 0.1116
499 761 0.1688
499 762 0.0695
499 763 0.3363
499 764 0.2186
499 766 0.0896
499 767 0.1205
499 768 0.4765
499 769 0.1189
499 770 0.3837
499 771 0.0901
499 772 0.1356
499 773 0.2060
499 774 0.1669
499 775 0.6384
499 776 0.4208
499 777 0.2542
499 778 0.1098
499 780 0.0860
499 781 0.2185
499 782 0.1166
499 783 0.3282
499 784 0.0834
499 785 0.2233
499 786 0.2111
499 787 0.1294
499 788 0.1034
499 789 0.5217
499 791 0.3357
499 792 0.1400
499 793 0.5190
499 794 0.0839
499 795 0.1298
499 796 0.1904
499 797 0.1141
499 798 0.1255
499 799 0.6338
499 800 0.3346
499 801 0.1135
499 802 0.0929
499 803 0.0813
499 804 0.5299
499 805 0.5299
499 806 0.2745
499 807 0.1351
499 808 0.2950
499 809 0.1175
499 810 0.1286
499 811 0.3870
499 813 0.2610
499 814 0.0781
499 815 0.1509
499 816 0.1017
499 817 0.1165
499 818 0.1245
499 819 0.0675
499 820 0.0675
499 821 0.3427
499 822 0.1098
499 823 0.1065
499 824 0.1893
499 825 0.5976
499 827 0.6027
499 828 0.6348
499 829 0.6603
499 830 0.4578
499 831 0.5926
499 832 0.5490
499 833 0.0675
499 834 0.4718
499 835 0.1091
499 836 0.1186
499 837 0.2024
499 838 0.5634
499 839 0.1701
499 840 0.1118
499 841 0.4248
499 842 0.0970
499 843 0.1108
499 844 0.2079
499 845 0.3938
499 846 0.3263
499 848 0.1635
499 849 0.3882
499 850 0.4974
499 851 0.9630
499 852 0.0886
499 853 0.0652
499 854 0.2880
499 855 0.1703
499 856 0.1958
499 857 0.1577
499 858 0.5376
499 859 0.1264
499 860 0.0782
499 861 0.2028
499 862 0.1084
499 864 0.4512
499 865 0.4835
499 866 0.3763
499 867 0.1217
499 868 0.1450
499 869 0.3590
499 870 0.6481
499 871 0.0974
499 872 0.9072
499 873 0.1476
499 874 0.1454
499 875 0.1142
499 876 0.1242
499 877 0.0940
499 878 0.1702
499 880 0.4059
499 881 0.0932
499 882 0.1996
499 883 0.3703
499 885 0.1422
499 886 0.1601
499 887 0.6371
499 888 0.0695
499 889 0.0974
499 890 0.1801
499 891 0.4770
499 892 0.1735
499 893 0.2865
499 894 0.4369
499 895 0.5117
499 896 0.2874
499 897 0.1476
499 898 0.1779
499 900 0.1302
499 901 0.0998
499 903 0.2739
499 905 0.0987
499 906 0.2658
499 907 0.1623
499 908 0.3673
499 909 0.5304
499 910 0.1298
499 911 0.1393
499 912 0.0769
499 913 0.2771
499 914 0.1875
499 915 0.6177
499 916 0.1115
499 918 0.5415
499 919 0.2809
499 920 0.6333
499 921 0.0837
499 922 0.1347
499 924 0.1825
499 928 0.6372
499 929 0.6607
499 930 0.6023
499 932 0.1103
499 933 0.0652
499 934 0.0711
499 935 0.6759
499 936 0.2954
499 937 0.0695
499 938 0.1199
499 939 0.0695
499 940 0.3304
499 941 0.1714
499 942 0.5922
499 943 0.1795
499 944 0.0834
499 946 0.4735
499 947 0.4711
499 948 0.6015
499 949 0.0863
499 950 0.5223
499 951 0.1303
499 952 0.4898
499 953 0.6050
499 954 0.2327
499 955 0.2000
499 957 0.1017
499 958 0.2189
499 959 0.1774
499 960 0.8261
499 961 0.1862
499 962 0.1161
499 963 0.1471
499 964 0.6359
499 965 0.5253
499 966 0.2091
499 967 0.1016
499 968 0.3564
499 969 0.3408
499 971 0.3476
499 972 0.6038
499 973 0.3205
499 974 0.9411
499 976 0.0814
499 977 0.1554
499 978 0.2794
499 979 0.7325
499 980 0.1358
499 981 0.1132
499 982 0.0652
499 983 0.0937
499 984 0.6404
499 985 0.1166
499 987 0.3223
499 989 0.2477
499 990 0.0952
499 991 0.1497
499 993 0.8425
499 994 0.2101
499 995 0.5201
499 996 0.0835
499 999 0.1476
499 1000 0.1764
499 1001 0.0916
499 1002 0.1619
499 1003 0.2425
499 1004 0.3301
499 1005 0.0926
499 1006 0.2669
499 1007 0.2879
499 1008 0.1034
499 1010 0.0652
499 1013 0.0652
499 1014 0.4027
499 1015 0.1735
499 1016 0.2765
499 1017 0.1332
499 1018 0.0678
499 1019 0.1465
499 1020 0.5072
499 1022 0.1298
499 1023 0.0980
499 1024 0.2783
499 1025 0.1643
499 1026 0.2783
499 1027 0.1055
499 1029 0.4670
499 1030 0.0845
499 1031 0.1298
499 1032 0.1614
499 1033 0.2501
499 1034 0.0874
499 1035 0.1752
499 1036 0.0721
499 1037 0.4299
499 1039 0.0695
499 1040 0.1046
499 1041 0.1701
499 1042 0.6622
499 1043 0.1012
499 1044 0.1590
499 1045 0.1254
499 1046 0.1406
499 1047 0.5025
499 1048 0.3788
499 1049 0.5024
499 1050 0.3771
499 1051 0.0769
499 1052 0.1476
499 1053 0.0799
499 1054 0.1317
499 1055 0.0652
499 1056 0.4803
499 1057 0.1714
499 1058 0.0802
499 1059 0.1008
499 1060 0.1158
499 1061 0.2691
499 1062 0.4503
499 1063 0.4377
499 1065 0.3114
499 1066 0.2644
499 1067 0.5028
499 1068 0.5169
499 1069 0.1943
499 1070 0.5307
499 1071 0.1121
499 1072 0.1159
499 1073 0.1136
499 1075 0.4105
499 1076 0.1941
499 1078 0.1615
499 1079 0.4485
499 1080 0.1391
499 1081 0.0919
499 1082 0.1325
499 1083 0.8145
499 1084 0.4191
499 1085 0.1239
499 1087 0.0652
499 1089 0.1657
499 1090 0.4427
499 1092 0.0929
499 1093 0.2584
499 1094 0.1834
499 1095 0.0781
499 1096 0.0979
499 1097 0.1089
499 1099 0.8814
499 1102 0.3122
499 1103 0.1571
499 1104 0.2056
499 1105 0.6086
499 1106 0.4437
499 1107 0.1176
499 1108 0.2765
499 1109 0.2102
499 1110 0.0868
499 1111 0.1225
499 1113 0.0799
499 1115 0.1141
499 1116 0.1717
499 1117 0.4679
499 1118 0.3853
499 1119 0.4182
499 1120 0.1044
499 1121 0.1032
499 1122 0.0747
499 1123 0.2078
499 1124 0.3826
499 1125 0.3235
499 1126 0.2101
499 1127 0.1399
499 1128 0.7001
499 1129 0.4789
499 1130 0.3344
499 1132 0.3353
499 1133 0.1580
499 1134 0.0866
499 1135 0.8346
499 1136 0.1665
499 1138 0.3390
499 1141 0.2277
499 1142 0.3981
499 1143 0.2275
499 1144 0.1981
499 1145 0.1156
499 1146 0.2974
499 1148 0.0695
499 1149 0.0652
499 1150 0.6147
499 1151 0.2681
499 1152 0.5203
499 1153 0.4859
499 1154 0.8495
499 1156 0.2101
499 1157 0.2664
499 1158 0.2036
499 1159 0.1027
499 1160 0.0930
499 1161 0.2204
499 1162 0.1298
499 1163 0.1196
499 1165 0.2041
499 1166 0.2717
499 1167 0.1530
499 1169 0.5812
499 1170 0.0695
499 1172 0.2075
499 1173 0.0695
499 1176 0.1964
499 1177 0.3615
499 1178 0.2847
499 1180 0.5662
499 1181 0.2202
499 1182 0.1476
499 1183 0.0643
499 1185 0.7860
499 1186 0.0974
499 1187 0.5939
499 1188 0.2935
499 1189 0.1323
499 1191 0.0695
499 1192 0.5278
499 1193 0.6101
499 1194 0.3683
499 1195 0.2282
499 1197 0.2045
499 1198 0.0652
499 1199 0.2132
499 1200 0.2471
499 1201 0.1185
499 1202 0.0770
499 1203 0.1835
499 1204 0.2018
499 1205 0.1262
499 1206 0.4049
499 1207 0.4100
499 1208 0.4498
499 1210 0.2772
499 1211 0.2901
499 1212 0.1814
499 1213 0.1121
499 1214 0.2587
499 1215 0.1135
499 1216 0.1043
499 1217 0.1321
499 1218 0.1641
499 1219 0.1054
499 1220 0.0695
499 1221 0.1536
499 1222 0.1286
499 1223 0.0900
499 1224 0.1952
499 1225 0.4126
499 1226 0.6496
499 1227 0.0799
499 1229 0.1477
499 1230 0.1265
499 1231 0.0956
499 1233 0.1419
499 1235 0.1908
499 1236 0.1605
499 1237 0.0731
499 1238 0.2219
499 1239 0.1605
499 1240 0.2804
499 1241 0.1298
499 1242 0.2162
499 1243 0.0858
499 1244 0.1522
499 1245 0.3393
499 1246 0.3342
499 1247 0.0862
499 1248 0.1852
499 1249 0.1494
499 1250 0.1735
499 1251 0.3875
499 1252 0.0830
499 1253 0.3222
499 1254 0.4078
499 1255 0.1774
499 1256 0.1881
499 1258 0.5470
499 1259 0.3721
499 1260 0.5033
499 1262 0.4382
499 1263 0.4211
499 1265 0.5696
499 1266 0.0676
499 1267 0.4066
499 1268 0.4756
499 1269 0.5396
499 1270 0.3680
499 1271 0.3440
499 1272 0.0695
499 1273 0.4614
499 1274 0.3284
499 1275 0.7081
499 1276 0.2216
499 1278 0.3284
499 1279 0.1306
499 1280 0.3177
499 1281 0.2985
499 1282 0.1080
499 1283 0.1264
499 1284 0.0798
499 1286 0.3178
499 1287 0.1028
499 1288 0.2563
499 1289 0.0601
499 1290 0.1645
499 1291 0.0974
499 1292 0.5132
499 1293 0.1502
499 1295 0.0695
499 1296 0.1109
499 1298 0.1205
499 1299 0.0769
499 1300 0.0769
499 1301 0.0830
499 1302 0.1581
499 1303 0.2239
499 1304 0.0748
499 1305 0.1113
499 1306 0.0934
499 1308 0.4170
499 1309 0.1260
499 1310 0.0777
499 1311 0.1476
499 1312 0.2483
499 1313 0.0884
499 1315 0.1465
499 1316 0.8302
499 1318 0.2022
499 1319 0.1117
499 1322 0.0746
499 1323 0.1422
499 1324 0.2184
499 1325 0.1493
499 1326 0.0858
499 1327 0.1330
499 1328 0.0905
499 1329 0.1449
499 1330 0.3693
499 1331 0.1901
499 1332 0.1499
499 1333 0.1042
499 1334 0.1186
499 1335 0.1566
499 1336 0.1802
499 1337 0.1549
499 1338 0.1818
499 1339 0.2198
499 1340 0.1101
499 1341 0.1347
499 1342 0.1359
499 1343 0.1561
499 1344 0.5218
499 1345 0.2876
499 1346 0.1241
499 1348 0.1767
499 1349 0.1130
499 1350 0.1418
499 1351 0.1062
499 1352 0.0964
499 1353 0.1420
499 1354 0.0481
499 1356 0.2127
499 1357 0.1062
499 1358 0.2587
499 1359 0.0660
499 1360 0.0854
499 1361 0.0990
499 1362 0.1290
499 1364 0.3152
499 1365 0.0695
499 1366 0.1276
499 1367 0.1490
499 1368 0.2763
499 1369 0.6564
499 1370 0.1656
499 1371 0.1305
499 1372 0.1261
499 1373 0.1294
499 1374 0.1003
499 1377 0.0804
499 1378 0.1397
499 1379 0.1839
499 1380 0.3156
499 1381 0.1154
499 1382 0.1434
499 1383 0.1038
499 1384 0.1388
499 1385 0.1209
499 1386 0.2946
499 1387 0.2506
499 1388 0.2789
499 1389 0.6034
499 1390 0.1113
499 1392 0.3079
499 1393 0.0695
499 1394 0.2635
499 1395 0.3207
499 1396 0.1131
499 1397 0.3038
499 1398 0.2923
499 1399 0.4199
499 1401 0.1437
499 1402 0.1901
499 1405 0.4746
499 1406 0.2923
499 1407 0.1811
499 1408 0.2351
499 1409 0.2588
499 1411 0.2126
499 1412 0.2783
499 1414 0.1818
499 1416 0.5122
499 1418 0.2624
499 1419 0.4638
499 1420 0.1317
499 1421 0.3251
499 1422 0.3010
499 1423 0.6767
499 1425 0.3577
499 1426 0.7857
499 1427 0.3271
499 1428 0.3767
499 1431 0.0695
499 1433 0.2144
499 1434 0.9943
499 1435 0.7434
499 1436 0.3962
499 1437 0.4359
499 1438 0.3475
499 1439 0.4615
499 1440 0.6126
499 1441 0.4026
499 1443 0.2655
499 1445 0.1636
499 1446 0.4203
499 1448 0.2585
499 1449 0.1062
499 1451 0.1346
499 1452 0.1013
499 1453 0.1363
499 1454 0.1527
499 1455 0.1169
499 1456 0.2252
499 1457 0.2405
499 1458 0.1222
499 1459 0.1136
499 1460 0.1260
499 1461 0.0652
499 1462 0.2659
499 1463 0.2190
499 1464 0.1114
499 1465 0.1384
499 1466 0.1855
499 1468 0.1384
499 1470 0.0695
499 1472 0.1514
499 1473 0.1131
499 1475 0.2079
499 1476 0.2115
499 1477 0.1659
499 1478 0.1669
499 1479 0.2249
499 1480 0.1257
499 1481 0.2079
499 1482 0.1169
499 1484 0.2610
499 1485 0.1186
499 1486 0.0675
499 1487 0.3461
499 1490 0.1529
499 1491 0.1570
499 1492 0.1166
499 1493 0.1571
499 1494 0.1632
499 1496 0.1850
499 1497 0.3068
499 1498 0.1495
499 1499 0.3122
499 1500 0.1722
499 1501 0.1097
499 1503 0.4661
499 1504 0.1841
499 1505 0.2101
499 1506 0.0795
499 1507 0.4712
499 1508 0.1005
499 1510 0.2061
499 1511 0.1319
499 1512 0.2589
499 1513 0.2527
499 1515 0.1164
499 1516 0.2473
499 1517 0.1217
499 1518 0.1421
499 1519 0.3849
499 1520 0.8232
499 1522 0.3010
499 1525 0.0863
499 1526 0.1787
499 1527 0.1074
499 1528 0.1222
499 1529 0.1290
499 1530 0.0812
499 1531 0.0675
499 1532 0.0765
499 1534 0.1258
499 1535 0.0820
499 1536 0.0867
499 1537 0.0886
499 1538 0.1451
499 1540 0.0932
499 1541 0.2079
499 1542 0.1215
499 1544 0.0778
499 1545 0.0652
499 1546 0.1659
499 1547 0.1129
499 1548 0.1801
499 1549 0.0776
499 1550 0.0607
499 1551 0.1506
499 1552 0.1495
499 1554 0.1078
499 1555 0.0652
499 1557 0.1772
499 1565 0.0995
499 1566 0.2806
499 1567 0.1276
499 1568 0.2184
499 1569 0.3094
499 1570 0.1067
499 1571 0.5257
499 1572 0.3391
499 1573 0.1153
499 1574 0.1098
499 1575 0.1234
499 1576 0.1289
499 1577 0.1198
499 1578 0.1788
499 1579 0.3056
499 1580 0.0884
499 1581 0.3654
499 1582 0.2419
499 1583 0.4083
499 1584 0.1434
499 1585 0.3784
499 1586 0.2957
499 1587 0.2375
499 1588 0.2424
499 1589 0.1298
499 1590 0.2579
499 1591 0.0862
499 1592 0.1230
499 1593 0.2440
499 1594 0.1407
499 1595 0.1229
499 1596 0.1234
499 1597 0.1387
499 1598 0.0652
499 1599 0.1283
499 1600 0.1381
499 1601 0.0818
499 1602 0.0815
499 1603 0.1320
499 1604 0.1042
499 1605 0.1476
499 1606 0.3564
499 1607 0.2001
499 1608 0.3737
499 1609 0.1659
499 1610 0.1298
499 1612 0.1476
499 1613 0.2584
499 1614 0.1169
499 1616 0.1363
499 1617 0.0695
499 1618 0.5113
499 1619 0.3528
499 1620 0.2160
499 1621 0.2140
499 1622 0.2726
499 1623 0.1312
499 1624 0.2275
499 1625 0.3386
499 1626 0.1727
499 1627 0.1293
499 1628 0.1298
499 1629 0.1234
499 1630 0.4848
499 1631 0.1503
499 1632 0.0675
499 1633 0.1785
499 1634 0.2085
499 1636 0.1433
499 1637 0.1219
499 1638 0.0820
499 1639 0.1042
499 1640 0.1596
499 1641 0.1298
499 1642 0.1522
499 1643 0.1928
499 1645 0.2657
499 1646 0.0695
499 1647 0.3461
499 1648 0.1213
499 1649 0.5995
499 1650 0.0652
499 1652 0.1422
499 1653 0.2566
499 1654 0.2179
499 1655 0.3030
499 1657 0.1476
499 1658 0.1066
499 1659 0.1338
499 1660 0.1525
499 1661 0.2466
499 1662 0.4246
499 1663 0.5028
499 1664 0.3284
499 1665 0.3248
499 1666 0.2152
499 1667 0.2876
499 1668 0.5208
499 1669 0.4423
499 1670 0.2783
499 1671 0.2058
499 1672 0.1429
499 1674 0.4201
499 1675 0.0652
499 1676 0.2058
499 1678 0.2789
499 1680 0.1768
499 1681 0.1172
499 1682 0.1658
499 1683 0.2029
499 1684 0.1603
499 1685 0.1258
499 1686 0.3106
499 1687 0.4480
499 1688 0.2423
499 1689 0.9684
499 1690 0.4351
499 1691 0.4224
499 1692 0.4427
499 1694 0.5861
499 1695 0.0695
499 1696 0.1292
499 1697 0.3868
499 1699 0.2747
499 1700 0.0828
499 1701 0.1919
499 1702 0.3237
499 1703 0.4505
499 1704 0.3945
499 1705 0.2277
499 1706 0.6015
499 1707 0.7292
499 1708 0.3235
499 1709 0.2945
499 1711 0.3235
499 1712 0.9980
499 1713 0.4600
499 1714 0.5836
499 1715 0.3235
499 1716 0.1305
499 1717 0.9992
499 1718 0.0695
499 1720 0.5363
499 1721 0.1066
499 1723 0.3774
499 1724 0.1184
499 1725 0.3580
499 1726 0.1421
499 1728 0.4182
499 1729 0.1275
499 1730 0.3543
500 501 0.0529
500 503 0.1981
500 504 0.1409
500 505 0.1975
500 506 0.4384
500 507 0.1078
500 508 0.1839
500 509 0.2205
500 510 0.1792
500 511 0.6713
500 512 0.3572
500 513 0.0941
500 514 0.5698
500 515 0.4222
500 516 0.3174
500 517 0.0858
500 518 0.1981
500 519 0.1027
500 520 0.1844
500 521 0.2707
500 522 0.1427
500 523 0.1064
500 525 0.1633
500 526 0.1598
500 527 0.3505
500 528 0.0894
500 529 0.2744
500 530 0.2055
500 531 0.3273
500 532 0.1109
500 533 0.1803
500 534 0.4723
500 535 0.1157
500 536 0.3348
500 537 0.2468
500 538 0.1483
500 539 0.1625
500 540 0.4708
500 541 0.2464
500 542 0.2085
500 543 0.1476
500 544 0.3217
500 545 0.1758
500 546 0.3937
500 547 0.0849
500 548 0.4158
500 549 0.2582
500 550 0.0595
500 551 0.0619
500 552 0.3499
500 553 0.4378
500 554 0.1378
500 555 0.3945
500 556 0.0866
500 557 0.8074
500 558 0.3135
500 559 0.1091
500 560 0.0913
500 561 0.1526
500 562 0.1533
500 563 0.7131
500 564 0.1308
500 565 0.3838
500 567 0.1800
500 568 0.7774
500 569 0.1457
500 570 0.1821
500 571 0.5395
500 572 0.2450
500 573 0.1822
500 574 0.0981
500 575 0.3629
500 576 0.0898
500 577 0.3899
500 578 0.2997
500 579 0.8591
500 581 0.2564
500 582 0.0669
500 583 0.1660
500 584 0.1538
500 585 0.5209
500 586 0.4845
500 587 0.3738
500 589 0.4459
500 590 0.5380
500 591 0.2228
500 592 0.1030
500 593 0.2461
500 594 0.1320
500 595 0.1039
500 599 0.5122
500 600 0.2788
500 601 0.1754
500 602 0.3923
500 604 0.1801
500 605 0.0893
500 606 0.2071
500 607 0.2775
500 608 0.0911
500 609 0.1342
500 610 0.3007
500 611 0.2033
500 612 0.2062
500 613 0.1016
500 614 0.4322
500 615 0.1360
500 616 0.2147
500 617 0.0871
500 618 0.1013
500 619 0.6566
500 620 0.0529
500 621 0.1923
500 622 0.0962
500 623 0.4306
500 624 0.1631
500 625 0.3560
500 626 0.3490
500 627 0.3300
500 628 0.1740
500 629 0.5505
500 630 0.2377
500 631 0.2531
500 632 0.1153
500 633 0.1492
500 634 0.1586
500 635 0.1754
500 636 0.0893
500 637 0.5912
500 638 0.1377
500 639 0.6612
500 640 0.1831
500 641 0.0707
500 642 0.1579
500 643 0.3206
500 644 0.2390
500 645 0.4187
500 646 0.1556
500 648 0.1029
500 649 0.1396
500 650 0.2988
500 651 0.1174
500 652 0.1699
500 653 0.2870
500 654 0.1603
500 655 0.1250
500 656 0.1133
500 657 0.1780
500 658 0.1581
500 659 0.2265
500 660 0.1039
500 661 0.1097
500 662 0.2280
500 663 0.1968
500 664 0.2721
500 665 0.1209
500 666 0.1713
500 667 0.1359
500 668 0.0529
500 670 0.1783
500 671 0.2441
500 672 0.0858
500 673 0.1817
500 674 0.0825
500 675 0.1126
500 676 0.6191
500 677 0.1632
500 678 0.1081
500 679 0.1705
500 680 0.0952
500 681 0.4008
500 683 0.1890
500 684 0.1537
500 685 0.3563
500 686 0.1402
500 687 0.3691
500 688 0.1243
500 689 0.3965
500 690 0.1103
500 691 0.1402
500 692 0.1834
500 694 0.0923
500 695 0.4413
500 696 0.3308
500 697 0.1819
500 698 0.4246
500 699 0.2310
500 700 0.2868
500 701 0.1474
500 702 0.1462
500 703 0.1185
500 704 0.1237
500 705 0.2273
500 706 0.4570
500 707 0.1759
500 708 0.0991
500 709 0.1382
500 710 0.4629
500 711 0.4811
500 712 0.1780
500 713 0.1506
500 714 0.2602
500 716 0.1754
500 717 0.1463
500 718 0.1841
500 720 0.1612
500 721 0.3548
500 722 0.1870
500 723 0.2598
500 724 0.1597
500 725 0.2247
500 726 0.5037
500 727 0.1770
500 728 0.2574
500 729 0.1680
500 730 0.1723
500 731 0.3365
500 732 0.5425
500 733 0.3751
500 734 0.2461
500 735 0.1622
500 736 0.5190
500 737 0.5971
500 738 0.0529
500 740 0.2508
500 741 0.2216
500 742 0.1595
500 743 0.3995
500 744 0.1563
500 745 0.0707
500 746 0.1265
500 747 0.2484
500 748 0.5589
500 749 0.1072
500 750 0.5349
500 751 0.1858
500 752 0.3190
500 753 0.1510
500 755 0.1437
500 756 0.2188
500 757 0.1635
500 758 0.1471
500 759 0.5029
500 760 0.1590
500 761 0.2096
500 762 0.0529
500 763 0.2159
500 764 0.1481
500 766 0.1239
500 767 0.1859
500 768 0.7395
500 769 0.1780
500 770 0.3033
500 771 0.0741
500 772 0.2380
500 773 0.1884
500 774 0.1892
500 775 0.2705
500 776 0.2150
500 777 0.4139
500 778 0.1701
500 780 0.2275
500 781 0.1878
500 782 0.4246
500 783 0.1951
500 784 0.0696
500 785 0.1783
500 786 0.3678
500 787 0.3691
500 788 0.1826
500 789 0.4814
500 791 0.3472
500 792 0.1412
500 793 0.4043
500 794 0.2848
500 795 0.1103
500 796 0.1795
500 797 0.2156
500 798 0.1136
500 799 0.1865
500 800 0.1883
500 801 0.1453
500 802 0.1125
500 803 0.2182
500 804 0.3571
500 805 0.1499
500 806 0.1892
500 807 0.1243
500 808 0.2962
500 809 0.1391
500 810 0.1782
500 811 0.5409
500 813 0.4298
500 814 0.3037
500 815 0.1969
500 816 0.2435
500 817 0.0827
500 818 0.2179
500 819 0.1041
500 820 0.1041
500 821 0.4181
500 822 0.1132
500 823 0.4639
500 824 0.1626
500 825 0.2938
500 827 0.2325
500 828 0.1529
500 829 0.3998
500 830 0.2218
500 831 0.4455
500 832 0.3810
500 833 0.1041
500 834 0.2998
500 835 0.1039
500 836 0.3506
500 837 0.1209
500 838 0.0913
500 839 0.1315
500 840 0.1758
500 841 0.1811
500 842 0.1343
500 843 0.1696
500 844 0.1770
500 845 0.2132
500 846 0.1370
500 848 0.1814
500 849 0.1297
500 850 0.1754
500 851 0.7453
500 852 0.1240
500 853 0.1154
500 854 0.1981
500 855 0.2438
500 856 0.2983
500 857 0.1223
500 858 0.2310
500 859 0.2192
500 860 0.1061
500 861 0.1865
500 862 0.0954
500 864 0.1242
500 865 0.1213
500 866 0.3952
500 867 0.1705
500 868 0.1479
500 869 0.3221
500 870 0.1238
500 871 0.0860
500 872 0.8552
500 873 0.1243
500 874 0.2290
500 875 0.0826
500 876 0.1701
500 877 0.1483
500 878 0.2392
500 880 0.4913
500 881 0.1513
500 882 0.1634
500 883 0.0726
500 885 0.2368
500 886 0.2597
500 887 0.2556
500 888 0.0529
500 889 0.3085
500 890 0.2497
500 891 0.5429
500 892 0.1375
500 893 0.4352
500 894 0.3025
500 895 0.1258
500 896 0.4659
500 897 0.1008
500 898 0.2515
500 900 0.0972
500 901 0.3753
500 903 0.4189
500 905 0.4064
500 906 0.2519
500 907 0.1422
500 908 0.5802
500 909 0.3875
500 910 0.1103
500 911 0.1606
500 912 0.1072
500 913 0.2027
500 914 0.0650
500 915 0.7614
500 916 0.1669
500 918 0.0844
500 919 0.2126
500 920 0.1720
500 921 0.1335
500 922 0.4533
500 924 0.0937
500 928 0.2149
500 929 0.5076
500 930 0.1193
500 932 0.1792
500 933 0.1154
500 934 0.2238
500 935 0.1827
500 936 0.1783
500 937 0.0529
500 938 0.1275
500 939 0.0529
500 940 0.1471
500 941 0.1649
500 942 0.0961
500 943 0.2206
500 944 0.2500
500 946 0.1602
500 947 0.1134
500 948 0.1042
500 949 0.1270
500 950 0.1545
500 951 0.1899
500 952 0.2014
500 953 0.2284
500 954 0.1190
500 955 0.2639
500 957 0.2435
500 958 0.1326
500 959 0.2675
500 960 0.7168
500 961 0.1710
500 962 0.1325
500 963 0.1507
500 964 0.5159
500 965 0.2378
500 966 0.1510
500 967 0.2642
500 968 0.6629
500 969 0.3276
500 971 0.3642
500 972 0.1102
500 973 0.2269
500 974 0.8473
500 976 0.1858
500 977 0.3467
500 978 0.3096
500 979 0.4883
500 980 0.4217
500 981 0.1651
500 982 0.1154
500 983 0.1064
500 984 0.1329
500 985 0.2123
500 987 0.1735
500 989 0.3251
500 990 0.1540
500 991 0.0595
500 993 0.3257
500 994 0.4959
500 995 0.1251
500 996 0.0960
500 999 0.1752
500 1000 0.3476
500 1001 0.1117
500 1002 0.2670
500 1003 0.4480
500 1004 0.2935
500 1005 0.1847
500 1006 0.1019
500 1007 0.2277
500 1008 0.1660
500 1010 0.1154
500 1013 0.1154
500 1014 0.1926
500 1015 0.3608
500 1016 0.1137
500 1017 0.2977
500 1018 0.1644
500 1019 0.1017
500 1020 0.3430
500 1022 0.1103
500 1023 0.3344
500 1024 0.1625
500 1025 0.1726
500 1026 0.1625
500 1027 0.1859
500 1029 0.1341
500 1030 0.3825
500 1031 0.1103
500 1032 0.1395
500 1033 0.3661
500 1034 0.0924
500 1035 0.1760
500 1036 0.0978
500 1037 0.3016
500 1039 0.0529
500 1040 0.1928
500 1041 0.1498
500 1042 0.1994
500 1043 0.1104
500 1044 0.2447
500 1045 0.2835
500 1046 0.2059
500 1047 0.0954
500 1048 0.1022
500 1049 0.0927
500 1050 0.1307
500 1051 0.1072
500 1052 0.1243
500 1053 0.0893
500 1054 0.1345
500 1055 0.1154
500 1056 0.2577
500 1057 0.2311
500 1058 0.0927
500 1059 0.1307
500 1060 0.1588
500 1061 0.1436
500 1062 0.1701
500 1063 0.3459
500 1065 0.1444
500 1066 0.4636
500 1067 0.5493
500 1068 0.1108
500 1069 0.2791
500 1070 0.1094
500 1071 0.1337
500 1072 0.1196
500 1073 0.1514
500 1075 0.3792
500 1076 0.1585
500 1078 0.1148
500 1079 0.2815
500 1080 0.2944
500 1081 0.1331
500 1082 0.2155
500 1083 0.5142
500 1084 0.0822
500 1085 0.1913
500 1087 0.1154
500 1089 0.3759
500 1090 0.2215
500 1092 0.1125
500 1093 0.1633
500 1094 0.1329
500 1095 0.1502
500 1096 0.1839
500 1097 0.2274
500 1099 0.7441
500 1102 0.1815
500 1103 0.4491
500 1104 0.3008
500 1105 0.1635
500 1106 0.1843
500 1107 0.1837
500 1108 0.1137
500 1109 0.2211
500 1110 0.0985
500 1111 0.1016
500 1113 0.0893
500 1115 0.1383
500 1116 0.2772
500 1117 0.1378
500 1118 0.2779
500 1119 0.3593
500 1120 0.1135
500 1121 0.2285
500 1122 0.1038
500 1123 0.2267
500 1124 0.5252
500 1125 0.0707
500 1126 0.0927
500 1127 0.2425
500 1128 0.3240
500 1129 0.3100
500 1130 0.2131
500 1132 0.4141
500 1133 0.1291
500 1134 0.2654
500 1135 0.7237
500 1136 0.1689
500 1138 0.1003
500 1141 0.0879
500 1142 0.3427
500 1143 0.5380
500 1144 0.1441
500 1145 0.1347
500 1146 0.4629
500 1148 0.0529
500 1149 0.1154
500 1150 0.2481
500 1151 0.2366
500 1152 0.5292
500 1153 0.1486
500 1154 0.2624
500 1156 0.1563
500 1157 0.2283
500 1158 0.2624
500 1159 0.3624
500 1160 0.0810
500 1161 0.1053
500 1162 0.3775
500 1163 0.1303
500 1165 0.4500
500 1166 0.3966
500 1167 0.3365
500 1169 0.1404
500 1170 0.0529
500 1172 0.1892
500 1173 0.0529
500 1176 0.2760
500 1177 0.2225
500 1178 0.1737
500 1180 0.1037
500 1181 0.3643
500 1182 0.1382
500 1183 0.0938
500 1185 0.1401
500 1186 0.1477
500 1187 0.1117
500 1188 0.1484
500 1189 0.2291
500 1191 0.0529
500 1192 0.1541
500 1193 0.1502
500 1194 0.0981
500 1195 0.5849
500 1197 0.1641
500 1198 0.1154
500 1199 0.1563
500 1200 0.3026
500 1201 0.2218
500 1202 0.3366
500 1203 0.0970
500 1204 0.3616
500 1205 0.2096
500 1206 0.4434
500 1207 0.3820
500 1208 0.1398
500 1210 0.5258
500 1211 0.3266
500 1212 0.1354
500 1213 0.2827
500 1214 0.2153
500 1215 0.3572
500 1216 0.2296
500 1217 0.3585
500 1218 0.4068
500 1219 0.2714
500 1220 0.0529
500 1221 0.2350
500 1222 0.2266
500 1223 0.2987
500 1224 0.1317
500 1225 0.7742
500 1226 0.5723
500 1227 0.2996
500 1229 0.1664
500 1230 0.2654
500 1231 0.1270
500 1233 0.3487
500 1235 0.5014
500 1236 0.1604
500 1237 0.4157
500 1238 0.1602
500 1239 0.1604
500 1240 0.4624
500 1241 0.1103
500 1242 0.5836
500 1243 0.4044
500 1244 0.4516
500 1245 0.0941
500 1246 0.1649
500 1247 0.2652
500 1248 0.2011
500 1249 0.1237
500 1250 0.4557
500 1251 0.1818
500 1252 0.2547
500 1253 0.1998
500 1254 0.1222
500 1255 0.1323
500 1256 0.2019
500 1258 0.3454
500 1259 0.2654
500 1260 0.3726
500 1262 0.1088
500 1263 0.2997
500 1265 0.2044
500 1266 0.0960
500 1267 0.1580
500 1268 0.1189
500 1269 0.5898
500 1270 0.2679
500 1271 0.2861
500 1272 0.0529
500 1273 0.1730
500 1274 0.1133
500 1275 0.2787
500 1276 0.2134
500 1278 0.1133
500 1279 0.1442
500 1280 0.1761
500 1281 0.2274
500 1282 0.1592
500 1283 0.1022
500 1284 0.1087
500 1286 0.2218
500 1287 0.1082
500 1288 0.1608
500 1289 0.1083
500 1290 0.1707
500 1291 0.0674
500 1292 0.6399
500 1293 0.1042
500 1295 0.0529
500 1296 0.1312
500 1298 0.2255
500 1299 0.1072
500 1300 0.1072
500 1301 0.1537
500 1302 0.1243
500 1303 0.1171
500 1304 0.1653
500 1305 0.2018
500 1306 0.1284
500 1308 0.2061
500 1309 0.2074
500 1310 0.0899
500 1311 0.1243
500 1312 0.1240
500 1313 0.1453
500 1315 0.1017
500 1316 0.8692
500 1318 0.1469
500 1319 0.1779
500 1322 0.0983
500 1323 0.1801
500 1324 0.3778
500 1325 0.3099
500 1326 0.4044
500 1327 0.2879
500 1328 0.1398
500 1329 0.1432
500 1330 0.0967
500 1331 0.1825
500 1332 0.3164
500 1333 0.4310
500 1334 0.3266
500 1335 0.1578
500 1336 0.1769
500 1337 0.0960
500 1338 0.1015
500 1339 0.3382
500 1340 0.1898
500 1341 0.2837
500 1342 0.6047
500 1343 0.3514
500 1344 0.7093
500 1345 0.1170
500 1346 0.2450
500 1348 0.3810
500 1349 0.3501
500 1350 0.2386
500 1351 0.1313
500 1352 0.1456
500 1353 0.1413
500 1354 0.1041
500 1356 0.1575
500 1357 0.1313
500 1358 0.2153
500 1359 0.0867
500 1360 0.2924
500 1361 0.3205
500 1362 0.3028
500 1364 0.2258
500 1365 0.0529
500 1366 0.1243
500 1367 0.3439
500 1368 0.5815
500 1369 0.5941
500 1370 0.4426
500 1371 0.1540
500 1372 0.1673
500 1373 0.1723
500 1374 0.0882
500 1377 0.1273
500 1378 0.1462
500 1379 0.0854
500 1380 0.1150
500 1381 0.1483
500 1382 0.1880
500 1383 0.1041
500 1384 0.2182
500 1385 0.1573
500 1386 0.4297
500 1387 0.2262
500 1388 0.1701
500 1389 0.2197
500 1390 0.2102
500 1392 0.2379
500 1393 0.0529
500 1394 0.2193
500 1395 0.1015
500 1396 0.1082
500 1397 0.3923
500 1398 0.1240
500 1399 0.1757
500 1401 0.1349
500 1402 0.1836
500 1405 0.4135
500 1406 0.2507
500 1407 0.3399
500 1408 0.1743
500 1409 0.5460
500 1411 0.1423
500 1412 0.1625
500 1414 0.1015
500 1416 0.2454
500 1418 0.2706
500 1419 0.1654
500 1420 0.1347
500 1421 0.1006
500 1422 0.1248
500 1423 0.1066
500 1425 0.1631
500 1426 0.6763
500 1427 0.1325
500 1428 0.1061
500 1431 0.0529
500 1433 0.0911
500 1434 0.7311
500 1435 0.1875
500 1436 0.0781
500 1437 0.0952
500 1438 0.1277
500 1439 0.2912
500 1440 0.1508
500 1441 0.0745
500 1443 0.1329
500 1445 0.0896
500 1446 0.1616
500 1448 0.1347
500 1449 0.1875
500 1451 0.2270
500 1452 0.0667
500 1453 0.1008
500 1454 0.1635
500 1455 0.1340
500 1456 0.1589
500 1457 0.1159
500 1458 0.0947
500 1459 0.1514
500 1460 0.2517
500 1461 0.1154
500 1462 0.1710
500 1463 0.1399
500 1464 0.1612
500 1465 0.1561
500 1466 0.1699
500 1468 0.1036
500 1470 0.0529
500 1472 0.2756
500 1473 0.1653
500 1475 0.1770
500 1476 0.2217
500 1477 0.1825
500 1478 0.1892
500 1479 0.1045
500 1480 0.1243
500 1481 0.1770
500 1482 0.0941
500 1484 0.1507
500 1485 0.1082
500 1486 0.1041
500 1487 0.1335
500 1490 0.1344
500 1491 0.1399
500 1492 0.2123
500 1493 0.2227
500 1494 0.1520
500 1496 0.1108
500 1497 0.2234
500 1498 0.0941
500 1499 0.1920
500 1500 0.1629
500 1501 0.2598
500 1503 0.3352
500 1504 0.2286
500 1505 0.1563
500 1506 0.1041
500 1507 0.2620
500 1508 0.1509
500 1510 0.2202
500 1511 0.1715
500 1512 0.1218
500 1513 0.0730
500 1515 0.1425
500 1516 0.6096
500 1517 0.2325
500 1518 0.1972
500 1519 0.4490
500 1520 0.8109
500 1522 0.0847
500 1525 0.2261
500 1526 0.1141
500 1527 0.2516
500 1528 0.2878
500 1529 0.2174
500 1530 0.2779
500 1531 0.1041
500 1532 0.1137
500 1534 0.1843
500 1535 0.0858
500 1536 0.1492
500 1537 0.1240
500 1538 0.2552
500 1540 0.1150
500 1541 0.1770
500 1542 0.1882
500 1544 0.0930
500 1545 0.1154
500 1546 0.1311
500 1547 0.1288
500 1548 0.1304
500 1549 0.0825
500 1550 0.0847
500 1551 0.2047
500 1552 0.0941
500 1554 0.0865
500 1555 0.1154
500 1557 0.1049
500 1565 0.1606
500 1566 0.1361
500 1567 0.1057
500 1568 0.3778
500 1569 0.1788
500 1570 0.2867
500 1571 0.4082
500 1572 0.1309
500 1573 0.5302
500 1574 0.1479
500 1575 0.1386
500 1576 0.1706
500 1577 0.2346
500 1578 0.1243
500 1579 0.4370
500 1580 0.1724
500 1581 0.1566
500 1582 0.4397
500 1583 0.2914
500 1584 0.1880
500 1585 0.3077
500 1586 0.3185
500 1587 0.2616
500 1588 0.5799
500 1589 0.1103
500 1590 0.5149
500 1591 0.4835
500 1592 0.2006
500 1593 0.5022
500 1594 0.3250
500 1595 0.2815
500 1596 0.1386
500 1597 0.1163
500 1598 0.1154
500 1599 0.1098
500 1600 0.0921
500 1601 0.3700
500 1602 0.1735
500 1603 0.1552
500 1604 0.4310
500 1605 0.1243
500 1606 0.5608
500 1607 0.3003
500 1608 0.3352
500 1609 0.1311
500 1610 0.1103
500 1612 0.1243
500 1613 0.7525
500 1614 0.0941
500 1616 0.1008
500 1617 0.0529
500 1618 0.4167
500 1619 0.6439
500 1620 0.2411
500 1621 0.4853
500 1622 0.7587
500 1623 0.2976
500 1624 0.3658
500 1625 0.1287
500 1626 0.1089
500 1627 0.2932
500 1628 0.1103
500 1629 0.1397
500 1630 0.4201
500 1631 0.1776
500 1632 0.0918
500 1633 0.3908
500 1634 0.1309
500 1636 0.2098
500 1637 0.1402
500 1638 0.0858
500 1639 0.4310
500 1640 0.2058
500 1641 0.1103
500 1642 0.4516
500 1643 0.3415
500 1645 0.2837
500 1646 0.1378
500 1647 0.1335
500 1648 0.1349
500 1649 0.2054
500 1650 0.1154
500 1652 0.1565
500 1653 0.2916
500 1654 0.1570
500 1655 0.2673
500 1657 0.1243
500 1658 0.1816
500 1659 0.0917
500 1660 0.1503
500 1661 0.2169
500 1662 0.1667
500 1663 0.1597
500 1664 0.1133
500 1665 0.2805
500 1666 0.1412
500 1667 0.1450
500 1668 0.3296
500 1669 0.1813
500 1670 0.1625
500 1671 0.0977
500 1672 0.5009
500 1674 0.2014
500 1675 0.1154
500 1676 0.0977
500 1678 0.1748
500 1680 0.1152
500 1681 0.2001
500 1682 0.1569
500 1683 0.3060
500 1684 0.1651
500 1685 0.1483
500 1686 0.1287
500 1687 0.1387
500 1688 0.1959
500 1689 0.8437
500 1690 0.2571
500 1691 0.2502
500 1692 0.1878
500 1694 0.4374
500 1695 0.0529
500 1696 0.1243
500 1697 0.1396
500 1699 0.1341
500 1700 0.1041
500 1701 0.0953
500 1702 0.0886
500 1703 0.1633
500 1704 0.1298
500 1705 0.0879
500 1706 0.1042
500 1707 0.3066
500 1708 0.0707
500 1709 0.1026
500 1711 0.0707
500 1712 0.8417
500 1713 0.1228
500 1714 0.1476
500 1715 0.0707
500 1716 0.1335
500 1717 0.7795
500 1718 0.0529
500 1720 0.2261
500 1721 0.1565
500 1723 0.1397
500 1724 0.1017
500 1725 0.1238
500 1726 0.1243
500 1728 0.0968
500 1729 0.0941
500 1730 0.0930
501 503 0.3608
501 504 0.2807
501 505 0.1280
501 506 0.3294
501 507 0.3357
501 508 0.5159
501 509 0.1448
501 510 0.0414
501 511 0.7940
501 512 0.1236
501 513 0.1847
501 514 0.4117
501 515 0.2979
501 516 0.6585
501 517 0.2620
501 518 0.0377
501 519 0.0640
501 520 0.0709
501 521 0.3595
501 522 0.0691
501 523 0.3633
501 525 0.1938
501 526 0.3125
501 527 0.3341
501 528 0.1692
501 529 0.3463
501 530 0.1231
501 531 0.6178
501 532 0.3306
501 533 0.0638
501 534 0.5093
501 535 0.3346
501 536 0.5978
501 537 0.0906
501 538 0.1336
501 539 0.1348
501 540 0.2946
501 541 0.1555
501 542 0.1402
501 543 0.1411
501 544 0.6490
501 545 0.1251
501 546 0.2242
501 547 0.3659
501 548 0.5367
501 549 0.1302
501 550 0.1641
501 551 0.1728
501 552 0.3062
501 553 0.4588
501 554 0.0991
501 555 0.6732
501 556 0.0482
501 557 0.7004
501 558 0.6268
501 559 0.2198
501 560 0.0689
501 561 0.1654
501 562 0.1285
501 563 0.7282
501 564 0.3002
501 565 0.2078
501 567 0.1026
501 568 0.8180
501 569 0.1087
501 570 0.4552
501 571 0.5675
501 572 0.4156
501 573 0.2762
501 574 0.1270
501 575 0.2981
501 576 0.1681
501 577 0.1691
501 578 0.3291
501 579 0.6684
501 581 0.1181
501 582 0.0820
501 583 0.0719
501 584 0.1183
501 585 0.3313
501 586 0.4714
501 587 0.2161
501 589 0.1246
501 590 0.8034
501 591 0.3650
501 592 0.1236
501 593 0.1625
501 594 0.3053
501 595 0.0534
501 599 0.3396
501 600 0.6301
501 601 0.0673
501 602 0.1077
501 604 0.2439
501 605 0.0731
501 606 0.1592
501 607 0.2838
501 608 0.0968
501 609 0.0984
501 610 0.0604
501 611 0.0599
501 612 0.2414
501 613 0.0595
501 614 0.6455
501 615 0.0655
501 616 0.1116
501 617 0.0822
501 618 0.4808
501 619 0.7669
501 620 0.1330
501 621 0.3276
501 622 0.2576
501 623 0.1019
501 624 0.2293
501 625 0.3919
501 626 0.2130
501 627 0.2859
501 628 0.1914
501 629 0.1844
501 630 0.1437
501 631 0.6267
501 632 0.1410
501 633 0.4316
501 634 0.6130
501 635 0.4588
501 636 0.0731
501 637 0.4805
501 638 0.1284
501 639 0.7624
501 640 0.1332
501 641 0.0846
501 642 0.5243
501 643 0.2964
501 644 0.0857
501 645 0.5652
501 646 0.6177
501 648 0.1466
501 649 0.2292
501 650 0.1513
501 651 0.1394
501 652 0.0633
501 653 0.3879
501 654 0.3586
501 655 0.3282
501 656 0.0964
501 657 0.1024
501 658 0.7599
501 659 0.0827
501 660 0.0534
501 661 0.1089
501 662 0.1029
501 663 0.1634
501 664 0.4881
501 665 0.1322
501 666 0.3236
501 667 0.2683
501 668 0.1330
501 670 0.3074
501 671 0.3346
501 672 0.2231
501 673 0.2856
501 674 0.0238
501 675 0.1722
501 676 0.4951
501 677 0.1117
501 678 0.2668
501 679 0.2060
501 680 0.0644
501 681 0.4616
501 683 0.2688
501 684 0.1096
501 685 0.6470
501 686 0.0873
501 687 0.3150
501 688 0.2926
501 689 0.5544
501 690 0.5816
501 691 0.2163
501 692 0.2868
501 694 0.1116
501 695 0.7925
501 696 0.1808
501 697 0.6692
501 698 0.6421
501 699 0.4713
501 700 0.1240
501 701 0.3093
501 702 0.2256
501 703 0.8348
501 704 0.3807
501 705 0.4989
501 706 0.1623
501 707 0.2462
501 708 0.0345
501 709 0.2879
501 710 0.5611
501 711 0.6274
501 712 0.4793
501 713 0.1376
501 714 0.3782
501 716 0.4588
501 717 0.1336
501 718 0.4540
501 720 0.2570
501 721 0.0572
501 722 0.1680
501 723 0.1193
501 724 0.2877
501 725 0.0939
501 726 0.5484
501 727 0.3342
501 728 0.1033
501 729 0.1534
501 730 0.1822
501 731 0.2761
501 732 0.5624
501 733 0.6455
501 734 0.6764
501 735 0.3304
501 736 0.3369
501 737 0.7122
501 738 0.1330
501 740 0.0400
501 741 0.6500
501 742 0.2616
501 743 0.1571
501 744 0.4084
501 745 0.0846
501 746 0.0930
501 747 0.3283
501 748 0.7347
501 749 0.2834
501 750 0.1478
501 751 0.1590
501 752 0.6931
501 753 0.2752
501 755 0.2263
501 756 0.0992
501 757 0.1246
501 758 0.0361
501 759 0.0654
501 760 0.0992
501 761 0.0729
501 762 0.1330
501 763 0.2554
501 764 0.1176
501 766 0.2346
501 767 0.1745
501 768 0.6816
501 769 0.2316
501 770 0.2319
501 771 0.1390
501 772 0.0743
501 773 0.4416
501 774 0.1649
501 775 0.1977
501 776 0.2551
501 777 0.3748
501 778 0.1459
501 780 0.3980
501 781 0.2789
501 782 0.6407
501 783 0.4026
501 784 0.0523
501 785 0.0373
501 786 0.6416
501 787 0.1704
501 788 0.0661
501 789 0.2510
501 791 0.1406
501 792 0.1729
501 793 0.6545
501 794 0.1889
501 795 0.5816
501 796 0.5777
501 797 0.0757
501 798 0.2518
501 799 0.1491
501 800 0.0964
501 801 0.0724
501 802 0.0560
501 803 0.2462
501 804 0.3526
501 805 0.1863
501 806 0.2715
501 807 0.2926
501 808 0.5329
501 809 0.5194
501 810 0.0534
501 811 0.6953
501 813 0.5681
501 814 0.3645
501 815 0.2179
501 816 0.2011
501 817 0.3750
501 818 0.0565
501 819 0.0650
501 820 0.0650
501 821 0.2838
501 822 0.2204
501 823 0.6835
501 824 0.0316
501 825 0.3188
501 827 0.2425
501 828 0.8756
501 829 0.0607
501 830 0.0719
501 831 0.6411
501 832 0.0857
501 833 0.0650
501 834 0.0803
501 835 0.0534
501 836 0.1532
501 837 0.0861
501 838 0.2996
501 839 0.3243
501 840 0.0607
501 841 0.1680
501 842 0.0709
501 843 0.0858
501 844 0.0979
501 845 0.0453
501 846 0.4308
501 848 0.3064
501 849 0.4453
501 850 0.4588
501 851 0.7844
501 852 0.0992
501 853 0.0741
501 854 0.0738
501 855 0.2883
501 856 0.0512
501 857 0.0657
501 858 0.5347
501 859 0.0913
501 860 0.3866
501 861 0.1051
501 862 0.3447
501 864 0.1088
501 865 0.0730
501 866 0.3277
501 867 0.3036
501 868 0.3257
501 869 0.1569
501 870 0.1234
501 871 0.1094
501 872 0.8444
501 873 0.2926
501 874 0.1738
501 875 0.2145
501 876 0.0945
501 877 0.1336
501 878 0.0757
501 880 0.8883
501 881 0.3119
501 882 0.0937
501 883 0.0887
501 885 0.0959
501 886 0.0766
501 887 0.3743
501 888 0.1330
501 889 0.1128
501 890 0.1779
501 891 0.8298
501 892 0.0766
501 893 0.5144
501 894 0.2746
501 895 0.4907
501 896 0.3661
501 897 0.2926
501 898 0.2007
501 900 0.0672
501 901 0.3843
501 903 0.1400
501 905 0.1225
501 906 0.0690
501 907 0.1611
501 908 0.3947
501 909 0.4982
501 910 0.5816
501 911 0.1899
501 912 0.2834
501 913 0.1545
501 914 0.1750
501 915 0.4939
501 916 0.1415
501 918 0.0923
501 919 0.1429
501 920 0.0862
501 921 0.1238
501 922 0.1375
501 924 0.2102
501 928 0.4426
501 929 0.5459
501 930 0.2515
501 932 0.0448
501 933 0.0741
501 934 0.0813
501 935 0.1910
501 936 0.1859
501 937 0.1330
501 938 0.0755
501 939 0.1330
501 940 0.1464
501 941 0.1144
501 942 0.1367
501 943 0.0466
501 944 0.1193
501 946 0.0386
501 947 0.1335
501 948 0.0614
501 949 0.1411
501 950 0.3235
501 951 0.0757
501 952 0.1224
501 953 0.2959
501 954 0.2625
501 955 0.3583
501 957 0.2011
501 958 0.2769
501 959 0.3381
501 960 0.5678
501 961 0.0913
501 962 0.0992
501 963 0.0878
501 964 0.5849
501 965 0.0894
501 966 0.2424
501 967 0.2435
501 968 0.5145
501 969 0.1016
501 971 0.1227
501 972 0.0317
501 973 0.5050
501 974 0.7294
501 976 0.2497
501 977 0.0572
501 978 0.1505
501 979 0.2794
501 980 0.1281
501 981 0.1495
501 982 0.0741
501 983 0.1212
501 984 0.2578
501 985 0.0583
501 987 0.1271
501 989 0.5167
501 990 0.2535
501 991 0.1641
501 993 0.5032
501 994 0.6652
501 995 0.1346
501 996 0.0650
501 999 0.1116
501 1000 0.0250
501 1001 0.2749
501 1002 0.2461
501 1003 0.4772
501 1004 0.3985
501 1005 0.2286
501 1006 0.1927
501 1007 0.3665
501 1008 0.0954
501 1010 0.0741
501 1013 0.0741
501 1014 0.0815
501 1015 0.1230
501 1016 0.3690
501 1017 0.1479
501 1018 0.2002
501 1019 0.2389
501 1020 0.0932
501 1022 0.5816
501 1023 0.2668
501 1024 0.1348
501 1025 0.0693
501 1026 0.1348
501 1027 0.2414
501 1029 0.0650
501 1030 0.5235
501 1031 0.5816
501 1032 0.1300
501 1033 0.2646
501 1034 0.1959
501 1035 0.1296
501 1036 0.0944
501 1037 0.0967
501 1039 0.1330
501 1040 0.2358
501 1041 0.0997
501 1042 0.1938
501 1043 0.0433
501 1044 0.1399
501 1045 0.0476
501 1046 0.2228
501 1047 0.0801
501 1048 0.2470
501 1049 0.0755
501 1050 0.1298
501 1051 0.2834
501 1052 0.2926
501 1053 0.0731
501 1054 0.0389
501 1055 0.0741
501 1056 0.3124
501 1057 0.1541
501 1058 0.2059
501 1059 0.1147
501 1060 0.5485
501 1061 0.0699
501 1062 0.4557
501 1063 0.4430
501 1065 0.0389
501 1066 0.2369
501 1067 0.3248
501 1068 0.1042
501 1069 0.0716
501 1070 0.2613
501 1071 0.1033
501 1072 0.2027
501 1073 0.0737
501 1075 0.0475
501 1076 0.0783
501 1078 0.0326
501 1079 0.1723
501 1080 0.0312
501 1081 0.4211
501 1082 0.2064
501 1083 0.5575
501 1084 0.1028
501 1085 0.0537
501 1087 0.0741
501 1089 0.2156
501 1090 0.3043
501 1092 0.0560
501 1093 0.2590
501 1094 0.1002
501 1095 0.1345
501 1096 0.1130
501 1097 0.1683
501 1099 0.8392
501 1102 0.2554
501 1103 0.1221
501 1104 0.5674
501 1105 0.2655
501 1106 0.1725
501 1107 0.0618
501 1108 0.3690
501 1109 0.0303
501 1110 0.0964
501 1111 0.1426
501 1113 0.0731
501 1115 0.0960
501 1116 0.1204
501 1117 0.3216
501 1118 0.0403
501 1119 0.1916
501 1120 0.1322
501 1121 0.0721
501 1122 0.0562
501 1123 0.1259
501 1124 0.1043
501 1125 0.0846
501 1126 0.0524
501 1127 0.0577
501 1128 0.2596
501 1129 0.4570
501 1130 0.1906
501 1132 0.2078
501 1133 0.1366
501 1134 0.0922
501 1135 0.7479
501 1136 0.1853
501 1138 0.2912
501 1141 0.5020
501 1142 0.1299
501 1143 0.5256
501 1144 0.1019
501 1145 0.0992
501 1146 0.1319
501 1148 0.1330
501 1149 0.0741
501 1150 0.4376
501 1151 0.2953
501 1152 0.7879
501 1153 0.0866
501 1154 0.7224
501 1156 0.0534
501 1157 0.0344
501 1158 0.1109
501 1159 0.2475
501 1160 0.3059
501 1161 0.0298
501 1162 0.0832
501 1163 0.1146
501 1165 0.6198
501 1166 0.3508
501 1167 0.3184
501 1169 0.2630
501 1170 0.1330
501 1172 0.1495
501 1173 0.1330
501 1176 0.1774
501 1177 0.2133
501 1178 0.1611
501 1180 0.1819
501 1181 0.0390
501 1182 0.2926
501 1183 0.0524
501 1185 0.6833
501 1186 0.0634
501 1187 0.0890
501 1188 0.0605
501 1189 0.1149
501 1191 0.1330
501 1192 0.0607
501 1193 0.5220
501 1194 0.2537
501 1195 0.3286
501 1197 0.1450
501 1198 0.0741
501 1199 0.1259
501 1200 0.1442
501 1201 0.2526
501 1202 0.2371
501 1203 0.0535
501 1204 0.1469
501 1205 0.0358
501 1206 0.6282
501 1207 0.0581
501 1208 0.1499
501 1210 0.6457
501 1211 0.2486
501 1212 0.1180
501 1213 0.1078
501 1214 0.2247
501 1215 0.1092
501 1216 0.0618
501 1217 0.0949
501 1218 0.0813
501 1219 0.0922
501 1220 0.1330
501 1221 0.3373
501 1222 0.0755
501 1223 0.2130
501 1224 0.0952
501 1225 0.6973
501 1226 0.5722
501 1227 0.0893
501 1229 0.2309
501 1230 0.0922
501 1231 0.4427
501 1233 0.1240
501 1235 0.2687
501 1236 0.0709
501 1237 0.0699
501 1238 0.1351
501 1239 0.0709
501 1240 0.3319
501 1241 0.5816
501 1242 0.3392
501 1243 0.1820
501 1244 0.2682
501 1245 0.2472
501 1246 0.1007
501 1247 0.1900
501 1248 0.1748
501 1249 0.0703
501 1250 0.1769
501 1251 0.1460
501 1252 0.2012
501 1253 0.2283
501 1254 0.1659
501 1255 0.4027
501 1256 0.0723
501 1258 0.3481
501 1259 0.1780
501 1260 0.2277
501 1262 0.2662
501 1263 0.2054
501 1265 0.1940
501 1266 0.0650
501 1267 0.3549
501 1268 0.0292
501 1269 0.7272
501 1270 0.2070
501 1271 0.0439
501 1272 0.1330
501 1273 0.1251
501 1274 0.0964
501 1275 0.4922
501 1276 0.0383
501 1278 0.0964
501 1279 0.0944
501 1280 0.1403
501 1281 0.0556
501 1282 0.1113
501 1283 0.1773
501 1284 0.2595
501 1286 0.1665
501 1287 0.1599
501 1288 0.1237
501 1289 0.1778
501 1290 0.1028
501 1291 0.0475
501 1292 0.7321
501 1293 0.2196
501 1295 0.1330
501 1296 0.2460
501 1298 0.0943
501 1299 0.2834
501 1300 0.2834
501 1301 0.1131
501 1302 0.2926
501 1303 0.4338
501 1304 0.1317
501 1305 0.1021
501 1306 0.2745
501 1308 0.1353
501 1309 0.2689
501 1310 0.3251
501 1311 0.2926
501 1312 0.0992
501 1313 0.0724
501 1315 0.2389
501 1316 0.8680
501 1318 0.0535
501 1319 0.1315
501 1322 0.1137
501 1323 0.1336
501 1324 0.2425
501 1325 0.2722
501 1326 0.1820
501 1327 0.2498
501 1328 0.0897
501 1329 0.1495
501 1330 0.1939
501 1331 0.0660
501 1332 0.2212
501 1333 0.0718
501 1334 0.1041
501 1335 0.1137
501 1336 0.3048
501 1337 0.2926
501 1338 0.0534
501 1339 0.1989
501 1340 0.0562
501 1341 0.1116
501 1342 0.4880
501 1343 0.1777
501 1344 0.4333
501 1345 0.0922
501 1346 0.4822
501 1348 0.1173
501 1349 0.0327
501 1350 0.0878
501 1351 0.1552
501 1352 0.1298
501 1353 0.0992
501 1354 0.0650
501 1356 0.1069
501 1357 0.1552
501 1358 0.2247
501 1359 0.0562
501 1360 0.1267
501 1361 0.4863
501 1362 0.1422
501 1364 0.1395
501 1365 0.1330
501 1366 0.2926
501 1367 0.2812
501 1368 0.1206
501 1369 0.3807
501 1370 0.6397
501 1371 0.0952
501 1372 0.3043
501 1373 0.0709
501 1374 0.2472
501 1377 0.1290
501 1378 0.2784
501 1379 0.2472
501 1380 0.2817
501 1381 0.1336
501 1382 0.0692
501 1383 0.0650
501 1384 0.0701
501 1385 0.2837
501 1386 0.3080
501 1387 0.2339
501 1388 0.1109
501 1389 0.4841
501 1390 0.0757
501 1392 0.1939
501 1393 0.1330
501 1394 0.0335
501 1395 0.0534
501 1396 0.0562
501 1397 0.0784
501 1398 0.1475
501 1399 0.0556
501 1401 0.0724
501 1402 0.0783
501 1405 0.5082
501 1406 0.1336
501 1407 0.3131
501 1408 0.0449
501 1409 0.2977
501 1411 0.0767
501 1412 0.1348
501 1414 0.0534
501 1416 0.1517
501 1418 0.3316
501 1419 0.7578
501 1420 0.0992
501 1421 0.5226
501 1422 0.0298
501 1423 0.4592
501 1425 0.0910
501 1426 0.7735
501 1427 0.0436
501 1428 0.4618
501 1431 0.1330
501 1433 0.2334
501 1434 0.8987
501 1435 0.3837
501 1436 0.2422
501 1437 0.1500
501 1438 0.1985
501 1439 0.3517
501 1440 0.5758
501 1441 0.0930
501 1443 0.0703
501 1445 0.1390
501 1446 0.1601
501 1448 0.1017
501 1449 0.1051
501 1451 0.2002
501 1452 0.1870
501 1453 0.2926
501 1454 0.1180
501 1455 0.0724
501 1456 0.1180
501 1457 0.1116
501 1458 0.0535
501 1459 0.0737
501 1460 0.0976
501 1461 0.0741
501 1462 0.1591
501 1463 0.0852
501 1464 0.2570
501 1465 0.1336
501 1466 0.0633
501 1468 0.2642
501 1470 0.1330
501 1472 0.2016
501 1473 0.0757
501 1475 0.0979
501 1476 0.2141
501 1477 0.0682
501 1478 0.1649
501 1479 0.1442
501 1480 0.2926
501 1481 0.0979
501 1482 0.2472
501 1484 0.0878
501 1485 0.0931
501 1486 0.0650
501 1487 0.0723
501 1490 0.2614
501 1491 0.3388
501 1492 0.0583
501 1493 0.1460
501 1494 0.1336
501 1496 0.2172
501 1497 0.2868
501 1498 0.2472
501 1499 0.1115
501 1500 0.1681
501 1501 0.0691
501 1503 0.4048
501 1504 0.0792
501 1505 0.0534
501 1506 0.0650
501 1507 0.2001
501 1508 0.1290
501 1510 0.1683
501 1511 0.0703
501 1512 0.2510
501 1513 0.1515
501 1515 0.2149
501 1516 0.1215
501 1517 0.0426
501 1518 0.0414
501 1519 0.3976
501 1520 0.8382
501 1522 0.2579
501 1525 0.0711
501 1526 0.0813
501 1527 0.0460
501 1528 0.2565
501 1529 0.0528
501 1530 0.2662
501 1531 0.0650
501 1532 0.1181
501 1534 0.0679
501 1535 0.2472
501 1536 0.3247
501 1537 0.0992
501 1538 0.5497
501 1540 0.0931
501 1541 0.0979
501 1542 0.2655
501 1544 0.2088
501 1545 0.0741
501 1546 0.0737
501 1547 0.5727
501 1548 0.1322
501 1549 0.0238
501 1550 0.1346
501 1551 0.1886
501 1552 0.2472
501 1554 0.2208
501 1555 0.0741
501 1557 0.2087
501 1565 0.3773
501 1566 0.0709
501 1567 0.2570
501 1568 0.2425
501 1569 0.0629
501 1570 0.0427
501 1571 0.3200
501 1572 0.2443
501 1573 0.1040
501 1574 0.0872
501 1575 0.0445
501 1576 0.0534
501 1577 0.2243
501 1578 0.2926
501 1579 0.0476
501 1580 0.0960
501 1581 0.3391
501 1582 0.0861
501 1583 0.2980
501 1584 0.0692
501 1585 0.5767
501 1586 0.1044
501 1587 0.2604
501 1588 0.3602
501 1589 0.5816
501 1590 0.0830
501 1591 0.0919
501 1592 0.0709
501 1593 0.5101
501 1594 0.5417
501 1595 0.2705
501 1596 0.0445
501 1597 0.2232
501 1598 0.0741
501 1599 0.0724
501 1600 0.2472
501 1601 0.5698
501 1602 0.0534
501 1603 0.1495
501 1604 0.0718
501 1605 0.2926
501 1606 0.2347
501 1607 0.0286
501 1608 0.3002
501 1609 0.0737
501 1610 0.5816
501 1612 0.2926
501 1613 0.5362
501 1614 0.2472
501 1616 0.2926
501 1617 0.1330
501 1618 0.4770
501 1619 0.1547
501 1620 0.0693
501 1621 0.6466
501 1622 0.6720
501 1623 0.1152
501 1624 0.0468
501 1625 0.0960
501 1626 0.1298
501 1627 0.1613
501 1628 0.5816
501 1629 0.1336
501 1630 0.3472
501 1631 0.0635
501 1632 0.0650
501 1633 0.1424
501 1634 0.3058
501 1636 0.0525
501 1637 0.0819
501 1638 0.2472
501 1639 0.0718
501 1640 0.1567
501 1641 0.5816
501 1642 0.2682
501 1643 0.1721
501 1645 0.2564
501 1646 0.0991
501 1647 0.0723
501 1648 0.0724
501 1649 0.3961
501 1650 0.0741
501 1652 0.0822
501 1653 0.1576
501 1654 0.2160
501 1655 0.1553
501 1657 0.2926
501 1658 0.0927
501 1659 0.2210
501 1660 0.2550
501 1661 0.1454
501 1662 0.0859
501 1663 0.0907
501 1664 0.0964
501 1665 0.1507
501 1666 0.1298
501 1667 0.0842
501 1668 0.2000
501 1669 0.1540
501 1670 0.1348
501 1671 0.0562
501 1672 0.2764
501 1674 0.4373
501 1675 0.0741
501 1676 0.0562
501 1678 0.1706
501 1680 0.0910
501 1681 0.0878
501 1682 0.2620
501 1683 0.1826
501 1684 0.3013
501 1685 0.1336
501 1686 0.0960
501 1687 0.2787
501 1688 0.1538
501 1689 0.8177
501 1690 0.1078
501 1691 0.1168
501 1692 0.2978
501 1694 0.0736
501 1695 0.1330
501 1696 0.2926
501 1697 0.0718
501 1699 0.0375
501 1700 0.0650
501 1701 0.0529
501 1702 0.0928
501 1703 0.0795
501 1704 0.0841
501 1705 0.5020
501 1706 0.0614
501 1707 0.1878
501 1708 0.0846
501 1709 0.1815
501 1711 0.0846
501 1712 0.8934
501 1713 0.3486
501 1714 0.2102
501 1715 0.0846
501 1716 0.1238
501 1717 0.8866
501 1718 0.1330
501 1720 0.2585
501 1721 0.2472
501 1723 0.3751
501 1724 0.2389
501 1725 0.0804
501 1726 0.2926
501 1728 0.0303
501 1729 0.2472
501 1730 0.0519
503 504 0.3738
503 505 0.2157
503 506 0.5220
503 507 0.1505
503 508 0.3288
503 509 0.1657
503 510 0.4423
503 511 0.5147
503 512 0.3127
503 513 0.2615
503 514 0.5797
503 515 0.4175
503 516 0.5140
503 517 0.3518
503 518 0.1068
503 519 0.1222
503 520 0.1549
503 521 0.5100
503 522 0.1148
503 523 0.1495
503 525 0.0803
503 526 0.4095
503 527 0.1950
503 528 0.1020
503 529 0.2692
503 530 0.2185
503 531 0.3493
503 532 0.2230
503 533 0.3614
503 534 0.3804
503 535 0.3093
503 536 0.1901
503 537 0.3040
503 538 0.1651
503 539 0.1236
503 540 0.7759
503 541 0.2540
503 542 0.5246
503 543 0.0955
503 544 0.3242
503 545 0.1277
503 546 0.2918
503 547 0.2397
503 548 0.3832
503 549 0.1890
503 550 0.3902
503 551 0.2123
503 552 0.6992
503 553 0.2806
503 554 0.1526
503 555 0.2175
503 556 0.0761
503 557 0.5923
503 558 0.6712
503 559 0.0630
503 560 0.0798
503 561 0.1237
503 562 0.0912
503 563 0.6741
503 564 0.0780
503 565 0.3750
503 567 0.2215
503 568 0.8582
503 569 0.2916
503 570 0.1442
503 571 0.3357
503 572 0.1607
503 573 0.3352
503 574 0.1751
503 575 0.4473
503 576 0.2112
503 577 0.3206
503 578 0.2036
503 579 0.7255
503 581 0.2672
503 582 0.0834
503 583 0.1266
503 584 0.1498
503 585 0.5822
503 586 0.3625
503 587 0.6689
503 589 0.5363
503 590 0.7393
503 591 0.2938
503 592 0.1031
503 593 0.1206
503 594 0.3037
503 595 0.1140
503 599 0.6449
503 600 0.4898
503 601 0.0928
503 602 0.5776
503 604 0.0697
503 605 0.0830
503 606 0.4312
503 607 0.4342
503 608 0.1057
503 609 0.1085
503 610 0.2363
503 611 0.1296
503 612 0.3904
503 613 0.1122
503 614 0.5574
503 615 0.1299
503 616 0.2514
503 617 0.0760
503 618 0.2812
503 619 0.5306
503 620 0.3608
503 621 0.1534
503 622 0.3482
503 623 0.3721
503 624 0.2896
503 625 0.3859
503 626 0.1799
503 627 0.1178
503 628 0.2579
503 629 0.4668
503 630 0.3579
503 631 0.4093
503 632 0.2254
503 633 0.3140
503 634 0.2925
503 635 0.1956
503 636 0.0830
503 637 0.5567
503 638 0.2975
503 639 0.8082
503 640 0.2898
503 641 0.1298
503 642 0.3926
503 643 0.1003
503 644 0.2709
503 645 0.5687
503 646 0.2689
503 648 0.1369
503 649 0.0731
503 650 0.1630
503 651 0.2344
503 652 0.0637
503 653 0.3701
503 654 0.3369
503 655 0.1766
503 656 0.0869
503 657 0.1072
503 658 0.1851
503 659 0.2161
503 660 0.1071
503 661 0.3434
503 662 0.7032
503 663 0.2415
503 664 0.4659
503 665 0.1967
503 666 0.1292
503 667 0.3248
503 668 0.3608
503 670 0.4900
503 671 0.3678
503 672 0.1090
503 673 0.0927
503 674 0.0835
503 675 0.1836
503 676 0.3757
503 677 0.2223
503 678 0.1879
503 679 0.1192
503 680 0.1237
503 681 0.3758
503 683 0.1090
503 684 0.2599
503 685 0.2003
503 686 0.4301
503 687 0.5308
503 688 0.3771
503 689 0.6863
503 690 0.1692
503 691 0.1639
503 692 0.1014
503 694 0.1242
503 695 0.5591
503 696 0.4603
503 697 0.3609
503 698 0.5614
503 699 0.6054
503 700 0.3434
503 701 0.5903
503 702 0.1278
503 703 0.1660
503 704 0.1170
503 705 0.3502
503 706 0.5609
503 707 0.2538
503 708 0.0864
503 709 0.3860
503 710 0.3412
503 711 0.5597
503 712 0.3386
503 713 0.4316
503 714 0.3742
503 716 0.1956
503 717 0.2958
503 718 0.5068
503 720 0.1962
503 721 0.1592
503 722 0.2965
503 723 0.1294
503 724 0.2201
503 725 0.4123
503 726 0.3214
503 727 0.4008
503 728 0.3221
503 729 0.1631
503 730 0.3525
503 731 0.5068
503 732 0.3393
503 733 0.3422
503 734 0.4128
503 735 0.3427
503 736 0.6028
503 737 0.6983
503 738 0.3608
503 740 0.2048
503 741 0.4188
503 742 0.0494
503 743 0.2539
503 744 0.5302
503 745 0.1298
503 746 0.2283
503 747 0.3275
503 748 0.8693
503 749 0.0916
503 750 0.2910
503 751 0.2507
503 752 0.4280
503 753 0.1878
503 755 0.3251
503 756 0.2007
503 757 0.2494
503 758 0.4735
503 759 0.2818
503 760 0.1147
503 761 0.1458
503 762 0.3608
503 763 0.4883
503 764 0.1320
503 766 0.1589
503 767 0.2756
503 768 0.7575
503 769 0.1696
503 770 0.1893
503 771 0.1087
503 772 0.3447
503 773 0.1042
503 774 0.2635
503 775 0.2105
503 776 0.1820
503 777 0.2011
503 778 0.3481
503 780 0.2883
503 781 0.2559
503 782 0.6947
503 783 0.2270
503 784 0.0779
503 785 0.2396
503 786 0.4961
503 787 0.4211
503 788 0.0811
503 789 0.3643
503 791 0.1216
503 792 0.3404
503 793 0.2899
503 794 0.4201
503 795 0.1692
503 796 0.3719
503 797 0.1681
503 798 0.1000
503 799 0.2889
503 800 0.3701
503 801 0.0453
503 802 0.0803
503 803 0.1585
503 804 0.7219
503 805 0.1239
503 806 0.5245
503 807 0.1362
503 808 0.7529
503 809 0.2562
503 810 0.2032
503 811 0.5094
503 813 0.3950
503 814 0.3450
503 815 0.2659
503 816 0.0719
503 817 0.1125
503 818 0.1595
503 819 0.1837
503 820 0.1665
503 821 0.3147
503 822 0.1150
503 823 0.5056
503 824 0.4496
503 825 0.4084
503 827 0.1636
503 828 0.2816
503 829 0.3725
503 830 0.3412
503 831 0.4944
503 832 0.2540
503 833 0.1837
503 834 0.1633
503 835 0.1071
503 836 0.3965
503 837 0.1657
503 838 0.1186
503 839 0.3135
503 840 0.3431
503 841 0.0868
503 842 0.0899
503 843 0.1959
503 844 0.2472
503 845 0.1647
503 846 0.1332
503 848 0.0892
503 849 0.2826
503 850 0.1956
503 851 0.8018
503 852 0.3160
503 853 0.2042
503 854 0.2265
503 855 0.4295
503 856 0.3397
503 857 0.1390
503 858 0.2951
503 859 0.2758
503 860 0.0834
503 861 0.2245
503 862 0.1074
503 864 0.1499
503 865 0.1553
503 866 0.2996
503 867 0.4050
503 868 0.1492
503 869 0.3422
503 870 0.2725
503 871 0.0950
503 872 0.9879
503 873 0.1362
503 874 0.0959
503 875 0.0805
503 876 0.3468
503 877 0.0951
503 878 0.1411
503 880 0.7466
503 881 0.1258
503 882 0.1576
503 883 0.1990
503 885 0.2678
503 886 0.2646
503 887 0.1809
503 888 0.3608
503 889 0.5173
503 890 0.1044
503 891 0.7486
503 892 0.1611
503 893 0.8555
503 894 0.1906
503 895 0.1669
503 896 0.3551
503 897 0.0875
503 898 0.2828
503 900 0.1009
503 901 0.3674
503 903 0.2110
503 905 0.3527
503 906 0.3932
503 907 0.3485
503 908 0.7014
503 909 0.3301
503 910 0.1692
503 911 0.3059
503 912 0.0916
503 913 0.2303
503 914 0.4150
503 915 0.6624
503 916 0.2479
503 918 0.1932
503 919 0.1906
503 920 0.2240
503 921 0.1504
503 922 0.3864
503 924 0.1939
503 928 0.5950
503 929 0.5129
503 930 0.0967
503 932 0.1304
503 933 0.2042
503 934 0.1558
503 935 0.2535
503 936 0.3924
503 937 0.3608
503 938 0.1247
503 939 0.3608
503 940 0.1310
503 941 0.0882
503 942 0.2090
503 943 0.4636
503 944 0.3019
503 946 0.1910
503 947 0.1784
503 948 0.1313
503 949 0.0594
503 950 0.1907
503 951 0.2604
503 952 0.1223
503 953 0.4489
503 954 0.3602
503 955 0.2288
503 957 0.0719
503 958 0.3093
503 959 0.6395
503 960 0.5429
503 961 0.1881
503 962 0.0886
503 963 0.1740
503 964 0.4837
503 965 0.2291
503 966 0.2558
503 967 0.1242
503 968 0.7299
503 969 0.1728
503 971 0.5135
503 972 0.0975
503 973 0.2312
503 974 0.8125
503 976 0.0788
