291 1152 0.2411
291 1153 0.7589
291 1154 0.9658
291 1156 0.1600
291 1157 0.1453
291 1158 0.1010
291 1159 0.0943
291 1160 0.1766
291 1161 0.3408
291 1162 0.1447
291 1163 0.0969
291 1165 0.1595
291 1166 0.1689
291 1167 0.1743
291 1169 0.8125
291 1170 0.2812
291 1172 0.1934
291 1173 0.2812
291 1176 0.2648
291 1177 0.2535
291 1178 0.1514
291 1180 0.7777
291 1181 0.4546
291 1182 0.0810
291 1183 0.1086
291 1185 0.7316
291 1186 0.0882
291 1187 0.6985
291 1188 0.3139
291 1189 0.1042
291 1191 0.2812
291 1192 0.1119
291 1193 0.7149
291 1194 0.7497
291 1195 0.1776
291 1197 0.0997
291 1198 0.1501
291 1199 0.1445
291 1200 0.3861
291 1201 0.1689
291 1202 0.0833
291 1203 0.2812
291 1204 0.1883
291 1205 0.1495
291 1206 0.3712
291 1207 0.0948
291 1208 0.3861
291 1210 0.3735
291 1211 0.1336
291 1212 0.2329
291 1213 0.1259
291 1214 0.1066
291 1215 0.1634
291 1216 0.0860
291 1217 0.0771
291 1218 0.2164
291 1219 0.0967
291 1220 0.2812
291 1221 0.1619
291 1222 0.0673
291 1223 0.0719
291 1224 0.0700
291 1225 0.3476
291 1226 0.4587
291 1227 0.1019
291 1229 0.1109
291 1230 0.1135
291 1231 0.1127
291 1233 0.1106
291 1235 0.0962
291 1236 0.0972
291 1237 0.1100
291 1238 0.0929
291 1239 0.0972
291 1240 0.3790
291 1241 0.0990
291 1242 0.1868
291 1243 0.0948
291 1244 0.1151
291 1245 0.1579
291 1246 0.2113
291 1247 0.1312
291 1248 0.1061
291 1249 0.0745
291 1250 0.1414
291 1251 0.0942
291 1252 0.0795
291 1253 0.1213
291 1254 0.0796
291 1255 0.0980
291 1256 0.0865
291 1258 0.1004
291 1259 0.1421
291 1260 0.2742
291 1262 0.3814
291 1263 0.1013
291 1265 0.3621
291 1266 0.1336
291 1267 0.0930
291 1268 0.0908
291 1269 0.4616
291 1270 0.2304
291 1271 0.1841
291 1272 0.2812
291 1273 0.1064
291 1274 0.1379
291 1275 0.2682
291 1276 0.2338
291 1278 0.0813
291 1279 0.1255
291 1280 0.1380
291 1281 0.2793
291 1282 0.1134
291 1283 0.2570
291 1284 0.1591
291 1286 0.1381
291 1287 0.2758
291 1288 0.3052
291 1289 0.2103
291 1290 0.2104
291 1291 0.0722
291 1292 0.6742
291 1293 0.0947
291 1295 0.2812
291 1296 0.1447
291 1298 0.1320
291 1299 0.1569
291 1300 0.1569
291 1301 0.1661
291 1302 0.0995
291 1303 0.2334
291 1304 0.1232
291 1305 0.3292
291 1306 0.2940
291 1308 0.2477
291 1309 0.1408
291 1310 0.1671
291 1311 0.0995
291 1312 0.1899
291 1313 0.0640
291 1315 0.0794
291 1316 0.5821
291 1318 0.1017
291 1319 0.1128
291 1322 0.0647
291 1323 0.1179
291 1324 0.1936
291 1325 0.2247
291 1326 0.0948
291 1327 0.1146
291 1328 0.1097
291 1329 0.1004
291 1330 0.4396
291 1331 0.1726
291 1332 0.2234
291 1333 0.1099
291 1334 0.1002
291 1335 0.1583
291 1336 0.0913
291 1337 0.1906
291 1338 0.1909
291 1339 0.3254
291 1340 0.0779
291 1341 0.1509
291 1342 0.1901
291 1343 0.1452
291 1344 0.3171
291 1345 0.1921
291 1346 0.1045
291 1348 0.1723
291 1349 0.0983
291 1350 0.0740
291 1351 0.1115
291 1352 0.0556
291 1353 0.1736
291 1354 0.1336
291 1356 0.2964
291 1357 0.1115
291 1358 0.1066
291 1359 0.1286
291 1360 0.0929
291 1361 0.2019
291 1362 0.1052
291 1364 0.2281
291 1365 0.2812
291 1366 0.2360
291 1367 0.1518
291 1368 0.3129
291 1369 0.5567
291 1370 0.2419
291 1371 0.2402
291 1372 0.1029
291 1373 0.0730
291 1374 0.0894
291 1377 0.1565
291 1378 0.2373
291 1379 0.1577
291 1380 0.1469
291 1381 0.0917
291 1382 0.1379
291 1383 0.2612
291 1384 0.0572
291 1385 0.0728
291 1386 0.1560
291 1387 0.1380
291 1388 0.1599
291 1389 0.2031
291 1390 0.0982
291 1392 0.1038
291 1393 0.2812
291 1394 0.2244
291 1395 0.0787
291 1396 0.1853
291 1397 0.1384
291 1398 0.1066
291 1399 0.4134
291 1401 0.1108
291 1402 0.1039
291 1405 0.2264
291 1406 0.2743
291 1407 0.3488
291 1408 0.0559
291 1409 0.0829
291 1411 0.1494
291 1412 0.1104
291 1414 0.1909
291 1416 0.1751
291 1418 0.2825
291 1419 0.1931
291 1420 0.1374
291 1421 0.7756
291 1422 0.3292
291 1423 0.7371
291 1425 0.3959
291 1426 0.6951
291 1427 0.7205
291 1428 0.6750
291 1431 0.2812
291 1433 0.3195
291 1434 0.9989
291 1435 0.9322
291 1436 0.6914
291 1437 0.7883
291 1438 0.6921
291 1439 0.8285
291 1440 0.8012
291 1441 0.6638
291 1443 0.3478
291 1445 0.5881
291 1446 0.7454
291 1448 0.2914
291 1449 0.0757
291 1451 0.1278
291 1452 0.1513
291 1453 0.0995
291 1454 0.1704
291 1455 0.1518
291 1456 0.1775
291 1457 0.1196
291 1458 0.1844
291 1459 0.1159
291 1460 0.1908
291 1461 0.1501
291 1462 0.0777
291 1463 0.2415
291 1464 0.1123
291 1465 0.0685
291 1466 0.0706
291 1468 0.1900
291 1470 0.2812
291 1472 0.0754
291 1473 0.0847
291 1475 0.1833
291 1476 0.1646
291 1477 0.1113
291 1478 0.0953
291 1479 0.1394
291 1480 0.1062
291 1481 0.1833
291 1482 0.0847
291 1484 0.2314
291 1485 0.1965
291 1486 0.1336
291 1487 0.1901
291 1490 0.1040
291 1491 0.1500
291 1492 0.1036
291 1493 0.0764
291 1494 0.1260
291 1496 0.1074
291 1497 0.2597
291 1498 0.0847
291 1499 0.1649
291 1500 0.1816
291 1501 0.1144
291 1503 0.4692
291 1504 0.1557
291 1505 0.1600
291 1506 0.2325
291 1507 0.3974
291 1508 0.0837
291 1510 0.0821
291 1511 0.0964
291 1512 0.1651
291 1513 0.1674
291 1515 0.1025
291 1516 0.3961
291 1517 0.2700
291 1518 0.0718
291 1519 0.5465
291 1520 0.6053
291 1522 0.1597
291 1525 0.0521
291 1526 0.3530
291 1527 0.0534
291 1528 0.0795
291 1529 0.0686
291 1530 0.1445
291 1531 0.1336
291 1532 0.0895
291 1534 0.0640
291 1535 0.0710
291 1536 0.1493
291 1537 0.0675
291 1538 0.2529
291 1540 0.1165
291 1541 0.1973
291 1542 0.0742
291 1544 0.2771
291 1545 0.1501
291 1546 0.1249
291 1547 0.1151
291 1548 0.2426
291 1549 0.1425
291 1550 0.0872
291 1551 0.1003
291 1552 0.0847
291 1554 0.0749
291 1555 0.1501
291 1557 0.1227
291 1565 0.0631
291 1566 0.3276
291 1567 0.0903
291 1568 0.1936
291 1569 0.1607
291 1570 0.0930
291 1571 0.4858
291 1572 0.3805
291 1573 0.1449
291 1574 0.1056
291 1575 0.1088
291 1576 0.1423
291 1577 0.1145
291 1578 0.1789
291 1579 0.4389
291 1580 0.0932
291 1581 0.4361
291 1582 0.2678
291 1583 0.4543
291 1584 0.1379
291 1585 0.3774
291 1586 0.1101
291 1587 0.1808
291 1588 0.2305
291 1589 0.0990
291 1590 0.3013
291 1591 0.1555
291 1592 0.1045
291 1593 0.5124
291 1594 0.1231
291 1595 0.1051
291 1596 0.1088
291 1597 0.1321
291 1598 0.1501
291 1599 0.0640
291 1600 0.1524
291 1601 0.0773
291 1602 0.1563
291 1603 0.0960
291 1604 0.1099
291 1605 0.0995
291 1606 0.4486
291 1607 0.3197
291 1608 0.2938
291 1609 0.1249
291 1610 0.0990
291 1612 0.0995
291 1613 0.1644
291 1614 0.0847
291 1616 0.0995
291 1617 0.1415
291 1618 0.4677
291 1619 0.2597
291 1620 0.2412
291 1621 0.2194
291 1622 0.2694
291 1623 0.1215
291 1624 0.3875
291 1625 0.4501
291 1626 0.2508
291 1627 0.1127
291 1628 0.0990
291 1629 0.0816
291 1630 0.4062
291 1631 0.0535
291 1632 0.2018
291 1633 0.1011
291 1634 0.1385
291 1636 0.0814
291 1637 0.0882
291 1638 0.0710
291 1639 0.1099
291 1640 0.0702
291 1641 0.0990
291 1642 0.1151
291 1643 0.2573
291 1645 0.1297
291 1646 0.1447
291 1647 0.1901
291 1648 0.1153
291 1649 0.4796
291 1650 0.1501
291 1652 0.1801
291 1653 0.1903
291 1654 0.3201
291 1655 0.1592
291 1657 0.0995
291 1658 0.1402
291 1659 0.1100
291 1660 0.2278
291 1661 0.1229
291 1662 0.2275
291 1663 0.1407
291 1664 0.0813
291 1665 0.1251
291 1666 0.1781
291 1667 0.1152
291 1668 0.2430
291 1669 0.0824
291 1670 0.1104
291 1671 0.1152
291 1672 0.1059
291 1674 0.1798
291 1675 0.1501
291 1676 0.1152
291 1678 0.2734
291 1680 0.2429
291 1681 0.0987
291 1682 0.0969
291 1683 0.2237
291 1684 0.1086
291 1685 0.0769
291 1686 0.4907
291 1687 0.0973
291 1688 0.1913
291 1689 0.8569
291 1690 0.1493
291 1691 0.3327
291 1692 0.1610
291 1694 0.2651
291 1695 0.2812
291 1696 0.0995
291 1697 0.0893
291 1699 0.7403
291 1700 0.2009
291 1701 0.3577
291 1702 0.7060
291 1703 0.6167
291 1704 0.7373
291 1705 0.6869
291 1706 0.6580
291 1707 0.8217
291 1708 0.4185
291 1709 0.5881
291 1711 0.4185
291 1712 0.9996
291 1713 0.7091
291 1714 0.8714
291 1715 0.4185
291 1716 0.2428
291 1717 0.9995
291 1718 0.2812
291 1720 0.1103
291 1721 0.0809
291 1723 0.6763
291 1724 0.3706
291 1725 0.4369
291 1726 0.0995
291 1728 0.5547
291 1729 0.2024
291 1730 0.5792
292 293 0.0970
292 294 0.2339
292 295 0.1142
292 296 0.1810
292 297 0.1254
292 298 0.1442
292 299 0.0705
292 300 0.1064
292 301 0.0749
292 304 0.4979
292 305 0.2256
292 306 0.2218
292 307 0.1285
292 308 0.2202
292 309 0.2019
292 310 0.2064
292 311 0.2432
292 312 0.0704
292 313 0.1653
292 314 0.0873
292 315 0.2740
292 316 0.1277
292 317 0.1508
292 318 0.0591
292 319 0.4186
292 320 0.0676
292 321 0.2447
292 323 0.1724
292 324 0.2486
292 325 0.0643
292 326 0.1590
292 327 0.1936
292 328 0.3127
292 329 0.1142
292 330 0.1641
292 331 0.1571
292 332 0.1707
292 333 0.2034
292 334 0.1289
292 335 0.1356
292 336 0.1915
292 337 0.1162
292 338 0.1078
292 339 0.1072
292 340 0.2364
292 341 0.1791
292 342 0.0784
292 343 0.1608
292 344 0.0970
292 346 0.1854
292 347 0.1952
292 348 0.3346
292 349 0.0601
292 350 0.1480
292 351 0.1189
292 352 0.1315
292 353 0.1415
292 354 0.1210
292 355 0.1137
292 356 0.0553
292 357 0.1120
292 358 0.1243
292 359 0.0966
292 360 0.1137
292 361 0.1493
292 362 0.1783
292 363 0.1138
292 364 0.2889
292 366 0.2743
292 367 0.1468
292 368 0.1389
292 369 0.1600
292 370 0.2310
292 371 0.2967
292 372 0.1664
292 373 0.1154
292 374 0.0751
292 375 0.3153
292 376 0.6442
292 377 0.1092
292 378 0.3229
292 379 0.3676
292 380 0.3844
292 381 0.1397
292 382 0.0548
292 383 0.1754
292 384 0.1892
292 385 0.1813
292 386 0.3855
292 387 0.5815
292 388 0.2242
292 389 0.2184
292 390 0.2005
292 391 0.5777
292 392 0.1264
292 393 0.1291
292 394 0.2344
292 395 0.1965
292 396 0.5004
292 397 0.2895
292 398 0.1204
292 399 0.3107
292 400 0.1204
292 402 0.1891
292 403 0.5417
292 404 0.0938
292 405 0.1499
292 406 0.2597
292 407 0.1897
292 408 0.1361
292 409 0.5476
292 410 0.2195
292 411 0.1619
292 412 0.2679
292 413 0.2007
292 414 0.5052
292 415 0.2190
292 416 0.1060
292 418 0.5169
292 419 0.1539
292 420 0.0601
292 421 0.3246
292 422 0.0632
292 423 0.1656
292 424 0.1718
292 425 0.4678
292 426 0.1202
292 427 0.2790
292 428 0.2413
292 430 0.1723
292 432 0.1006
292 433 0.0896
292 434 0.4536
292 435 0.1509
292 436 0.1781
292 437 0.1386
292 438 0.4427
292 439 0.2013
292 440 0.1120
292 441 0.1889
292 442 0.1674
292 443 0.0605
292 444 0.0610
292 445 0.0875
292 447 0.1675
292 448 0.1418
292 449 0.5811
292 450 0.2184
292 451 0.1352
292 452 0.0999
292 453 0.1111
292 454 0.8007
292 455 0.2529
292 456 0.1481
292 457 0.2526
292 458 0.1060
292 459 0.1575
292 460 0.1759
292 461 0.3341
292 462 0.2184
292 463 0.5296
292 464 0.2623
292 465 0.2994
292 466 0.3539
292 467 0.0770
292 468 0.0655
292 469 0.1957
292 470 0.4377
292 471 0.1981
292 472 0.1032
292 474 0.1806
292 475 0.1883
292 476 0.1835
292 478 0.1380
292 479 0.2017
292 480 0.1368
292 481 0.1654
292 482 0.2835
292 484 0.3618
292 485 0.0613
292 486 0.1969
292 487 0.1272
292 488 0.4743
292 489 0.0775
292 490 0.1814
292 491 0.0778
292 492 0.4727
292 494 0.1081
292 495 0.3631
292 496 0.1102
292 497 0.1868
292 498 0.0955
292 499 0.2421
292 500 0.1072
292 501 0.1937
292 503 0.1789
292 504 0.1893
292 505 0.4288
292 506 0.2413
292 507 0.0716
292 508 0.2235
292 509 0.1754
292 510 0.1657
292 511 0.3169
292 512 0.1450
292 513 0.1403
292 514 0.4715
292 515 0.1754
292 516 0.2496
292 517 0.1247
292 518 0.1497
292 519 0.1108
292 520 0.1629
292 521 0.1289
292 522 0.1063
292 523 0.1020
292 525 0.0781
292 526 0.1565
292 527 0.4817
292 528 0.2271
292 529 0.1236
292 530 0.3869
292 531 0.1328
292 532 0.1080
292 533 0.1945
292 534 0.1549
292 535 0.1119
292 536 0.1687
292 537 0.2464
292 538 0.1509
292 539 0.0924
292 540 0.3055
292 541 0.3053
292 542 0.1100
292 543 0.1742
292 544 0.1163
292 545 0.1142
292 546 0.4009
292 547 0.1575
292 548 0.2978
292 549 0.1890
292 550 0.1684
292 551 0.1703
292 552 0.1642
292 553 0.1612
292 554 0.1415
292 555 0.3708
292 556 0.0841
292 557 0.3061
292 558 0.2812
292 559 0.0637
292 560 0.0695
292 561 0.1900
292 562 0.1112
292 563 0.7855
292 564 0.1770
292 565 0.1779
292 567 0.1521
292 568 0.6554
292 569 0.1378
292 570 0.2298
292 571 0.4758
292 572 0.2161
292 573 0.1544
292 574 0.3931
292 575 0.1242
292 576 0.3126
292 577 0.1692
292 578 0.2346
292 579 0.5696
292 581 0.1488
292 582 0.0699
292 583 0.1057
292 584 0.4405
292 585 0.2517
292 586 0.1993
292 587 0.1851
292 589 0.1701
292 590 0.2366
292 591 0.1060
292 592 0.3770
292 593 0.2351
292 594 0.1072
292 595 0.0891
292 599 0.2108
292 600 0.1959
292 601 0.1425
292 602 0.1433
292 604 0.0582
292 605 0.0766
292 606 0.1732
292 607 0.2092
292 608 0.3325
292 609 0.2758
292 610 0.1521
292 611 0.1306
292 612 0.1427
292 613 0.0948
292 614 0.2339
292 615 0.0925
292 616 0.1136
292 617 0.0525
292 618 0.1468
292 619 0.3356
292 620 0.0774
292 621 0.1101
292 622 0.2218
292 623 0.1418
292 624 0.1466
292 625 0.3130
292 626 0.1102
292 627 0.2385
292 628 0.2638
292 629 0.1830
292 630 0.1042
292 631 0.1092
292 632 0.4408
292 633 0.5595
292 634 0.0922
292 635 0.1806
292 636 0.0766
292 637 0.3856
292 638 0.0851
292 639 0.4417
292 640 0.1481
292 641 0.2426
292 642 0.1049
292 643 0.2319
292 644 0.2185
292 645 0.1324
292 646 0.0847
292 648 0.1171
292 649 0.0679
292 650 0.1653
292 651 0.3498
292 652 0.1211
292 653 0.1334
292 654 0.1390
292 655 0.0774
292 656 0.0917
292 657 0.1180
292 658 0.2541
292 659 0.0856
292 660 0.1028
292 661 0.0794
292 662 0.2144
292 663 0.1402
292 664 0.3029
292 665 0.1304
292 666 0.1176
292 667 0.1311
292 668 0.2184
292 670 0.1662
292 671 0.4302
292 672 0.0859
292 673 0.0697
292 674 0.1096
292 675 0.1573
292 676 0.4642
292 677 0.1005
292 678 0.0960
292 679 0.4123
292 680 0.0925
292 681 0.0818
292 683 0.1508
292 684 0.1990
292 685 0.3299
292 686 0.1028
292 687 0.1407
292 688 0.1060
292 689 0.2385
292 690 0.1137
292 691 0.2038
292 692 0.0991
292 694 0.0939
292 695 0.2598
292 696 0.1781
292 697 0.2318
292 698 0.3120
292 699 0.2614
292 700 0.1016
292 701 0.0591
292 702 0.3296
292 703 0.7151
292 704 0.4515
292 705 0.1534
292 706 0.1969
292 707 0.1952
292 708 0.1611
292 709 0.1204
292 710 0.0588
292 711 0.1402
292 712 0.1085
292 713 0.2057
292 714 0.1278
292 716 0.1806
292 717 0.1509
292 718 0.1606
292 720 0.0864
292 721 0.2075
292 722 0.1323
292 723 0.1409
292 724 0.1614
292 725 0.1103
292 726 0.6745
292 727 0.1607
292 728 0.2781
292 729 0.3552
292 730 0.0991
292 731 0.5315
292 732 0.5123
292 733 0.1311
292 734 0.1297
292 735 0.1912
292 736 0.1429
292 737 0.3885
292 738 0.2184
292 740 0.2239
292 741 0.2555
292 742 0.1654
292 743 0.1471
292 744 0.5508
292 745 0.2426
292 746 0.1478
292 747 0.1716
292 748 0.5057
292 749 0.0753
292 750 0.3313
292 751 0.1470
292 752 0.6645
292 753 0.1211
292 755 0.4305
292 756 0.1737
292 757 0.2090
292 758 0.1299
292 759 0.1300
292 760 0.1530
292 761 0.2109
292 762 0.2184
292 763 0.2430
292 764 0.1383
292 766 0.0968
292 767 0.1472
292 768 0.3972
292 769 0.2300
292 770 0.2710
292 771 0.0769
292 772 0.1631
292 773 0.1829
292 774 0.0987
292 775 0.4071
292 776 0.3131
292 777 0.2669
292 778 0.2811
292 780 0.1088
292 781 0.1477
292 782 0.1095
292 783 0.3556
292 784 0.0529
292 785 0.2213
292 786 0.2998
292 787 0.1294
292 788 0.1494
292 789 0.5027
292 791 0.2315
292 792 0.1455
292 793 0.3091
292 794 0.1004
292 795 0.1137
292 796 0.2304
292 797 0.2199
292 798 0.0740
292 799 0.4583
292 800 0.4797
292 801 0.1249
292 802 0.0908
292 803 0.0787
292 804 0.4695
292 805 0.2256
292 806 0.1211
292 807 0.1060
292 808 0.1665
292 809 0.1128
292 810 0.0891
292 811 0.5365
292 813 0.1738
292 814 0.1426
292 815 0.1550
292 816 0.2249
292 817 0.0802
292 818 0.1032
292 819 0.1446
292 820 0.1446
292 821 0.2811
292 822 0.0938
292 823 0.3463
292 824 0.1881
292 825 0.4565
292 827 0.4228
292 828 0.2777
292 829 0.4220
292 830 0.3029
292 831 0.5014
292 832 0.4844
292 833 0.1446
292 834 0.2493
292 835 0.1028
292 836 0.2420
292 837 0.1110
292 838 0.3696
292 839 0.1513
292 840 0.1187
292 841 0.1781
292 842 0.1066
292 843 0.2667
292 844 0.1401
292 845 0.1791
292 846 0.2731
292 848 0.1195
292 849 0.4850
292 850 0.1806
292 851 0.8756
292 852 0.1398
292 853 0.1397
292 854 0.1341
292 855 0.1637
292 856 0.2551
292 857 0.3373
292 858 0.3777
292 859 0.1433
292 860 0.0997
292 861 0.1821
292 862 0.0757
292 864 0.3071
292 865 0.2062
292 866 0.2173
292 867 0.1277
292 868 0.1408
292 869 0.1950
292 870 0.4261
292 871 0.0818
292 872 0.8451
292 873 0.1060
292 874 0.1233
292 875 0.0754
292 876 0.1190
292 877 0.1509
292 878 0.1470
292 880 0.5096
292 881 0.0926
292 882 0.3084
292 883 0.3211
292 885 0.1998
292 886 0.1594
292 887 0.4328
292 888 0.2184
292 889 0.1115
292 890 0.2850
292 891 0.5480
292 892 0.0894
292 893 0.2097
292 894 0.3578
292 895 0.5348
292 896 0.1801
292 897 0.1204
292 898 0.1003
292 900 0.0777
292 901 0.1603
292 903 0.2820
292 905 0.1241
292 906 0.1208
292 907 0.1900
292 908 0.2793
292 909 0.6089
292 910 0.1137
292 911 0.1506
292 912 0.0994
292 913 0.1822
292 914 0.1277
292 915 0.6583
292 916 0.1687
292 918 0.3218
292 919 0.1133
292 920 0.1270
292 921 0.1232
292 922 0.1893
292 924 0.2747
292 928 0.1786
292 929 0.5542
292 930 0.3748
292 932 0.1039
292 933 0.1397
292 934 0.1295
292 935 0.5293
292 936 0.2712
292 937 0.2184
292 938 0.0895
292 939 0.2184
292 940 0.3003
292 941 0.0752
292 942 0.3550
292 943 0.1364
292 944 0.1229
292 946 0.1836
292 947 0.3089
292 948 0.2091
292 949 0.1190
292 950 0.3565
292 951 0.1866
292 952 0.3422
292 953 0.2906
292 954 0.1879
292 955 0.1465
292 957 0.2249
292 958 0.1497
292 959 0.1834
292 960 0.6628
292 961 0.1100
292 962 0.2195
292 963 0.1720
292 964 0.1533
292 965 0.1947
292 966 0.1023
292 967 0.1848
292 968 0.4232
292 969 0.4594
292 971 0.1885
292 972 0.1395
292 973 0.1964
292 974 0.8632
292 976 0.0701
292 977 0.1430
292 978 0.2903
292 979 0.6341
292 980 0.1922
292 981 0.1757
292 982 0.1397
292 983 0.1009
292 984 0.2417
292 985 0.1075
292 987 0.1697
292 989 0.1912
292 990 0.1311
292 991 0.1684
292 993 0.7472
292 994 0.2369
292 995 0.4274
292 996 0.1446
292 999 0.1614
292 1000 0.1563
292 1001 0.1046
292 1002 0.1116
292 1003 0.1331
292 1004 0.3979
292 1005 0.1721
292 1006 0.1166
292 1007 0.2774
292 1008 0.1225
292 1010 0.1397
292 1013 0.1397
292 1014 0.1771
292 1015 0.1755
292 1016 0.2443
292 1017 0.1325
292 1018 0.0717
292 1019 0.1575
292 1020 0.2400
292 1022 0.1137
292 1023 0.1564
292 1024 0.0924
292 1025 0.1233
292 1026 0.0924
292 1027 0.1620
292 1029 0.3167
292 1030 0.1778
292 1031 0.1137
292 1032 0.0941
292 1033 0.3793
292 1034 0.0934
292 1035 0.1067
292 1036 0.0513
292 1037 0.1382
292 1039 0.2184
292 1040 0.1172
292 1041 0.1481
292 1042 0.5673
292 1043 0.1153
292 1044 0.1330
292 1045 0.1824
292 1046 0.1419
292 1047 0.2862
292 1048 0.2052
292 1049 0.3277
292 1050 0.1408
292 1051 0.0753
292 1052 0.1204
292 1053 0.0766
292 1054 0.1050
292 1055 0.1397
292 1056 0.2616
292 1057 0.1769
292 1058 0.1020
292 1059 0.1073
292 1060 0.1108
292 1061 0.1816
292 1062 0.1556
292 1063 0.1575
292 1065 0.3052
292 1066 0.2156
292 1067 0.1845
292 1068 0.2577
292 1069 0.1514
292 1070 0.0945
292 1071 0.0833
292 1072 0.1029
292 1073 0.0904
292 1075 0.2372
292 1076 0.1363
292 1078 0.1312
292 1079 0.4124
292 1080 0.1386
292 1081 0.0636
292 1082 0.1445
292 1083 0.7519
292 1084 0.3995
292 1085 0.2031
292 1087 0.1397
292 1089 0.2167
292 1090 0.3016
292 1092 0.0908
292 1093 0.1468
292 1094 0.0605
292 1095 0.1444
292 1096 0.0951
292 1097 0.2020
292 1099 0.7656
292 1102 0.1849
292 1103 0.2988
292 1104 0.1101
292 1105 0.4150
292 1106 0.0943
292 1107 0.0622
292 1108 0.2443
292 1109 0.1782
292 1110 0.1505
292 1111 0.1595
292 1113 0.0766
292 1115 0.1539
292 1116 0.1165
292 1117 0.1589
292 1118 0.1908
292 1119 0.1378
292 1120 0.1304
292 1121 0.1092
292 1122 0.0890
292 1123 0.1820
292 1124 0.2367
292 1125 0.2426
292 1126 0.0847
292 1127 0.2012
292 1128 0.5555
292 1129 0.1755
292 1130 0.4076
292 1132 0.1927
292 1133 0.0818
292 1134 0.1481
292 1135 0.6618
292 1136 0.1699
292 1138 0.3706
292 1141 0.4244
292 1142 0.1461
292 1143 0.2958
292 1144 0.0608
292 1145 0.1398
292 1146 0.1755
292 1148 0.2184
292 1149 0.1397
292 1150 0.4793
292 1151 0.2597
292 1152 0.2190
292 1153 0.3091
292 1154 0.6977
292 1156 0.0966
292 1157 0.2271
292 1158 0.0948
292 1159 0.1457
292 1160 0.0865
292 1161 0.2265
292 1162 0.1753
292 1163 0.1123
292 1165 0.2024
292 1166 0.1520
292 1167 0.3590
292 1169 0.3074
292 1170 0.2184
292 1172 0.1810
292 1173 0.2184
292 1176 0.1820
292 1177 0.2524
292 1178 0.1375
292 1180 0.3763
292 1181 0.2213
292 1182 0.1060
292 1183 0.0984
292 1185 0.2041
292 1186 0.1306
292 1187 0.1628
292 1188 0.0628
292 1189 0.1918
292 1191 0.2184
292 1192 0.1401
292 1193 0.4522
292 1194 0.3873
292 1195 0.1921
292 1197 0.2430
292 1198 0.1397
292 1199 0.1802
292 1200 0.3233
292 1201 0.1882
292 1202 0.1272
292 1203 0.2184
292 1204 0.1908
292 1205 0.1203
292 1206 0.1670
292 1207 0.1472
292 1208 0.3798
292 1210 0.2963
292 1211 0.1503
292 1212 0.2885
292 1213 0.1021
292 1214 0.1412
292 1215 0.1235
292 1216 0.1420
292 1217 0.2166
292 1218 0.2024
292 1219 0.1158
292 1220 0.2184
292 1221 0.1487
292 1222 0.0874
292 1223 0.1657
292 1224 0.0596
292 1225 0.4155
292 1226 0.2096
292 1227 0.1006
292 1229 0.1179
292 1230 0.1481
292 1231 0.1540
292 1233 0.2092
292 1235 0.1457
292 1236 0.1563
292 1237 0.1347
292 1238 0.0979
292 1239 0.1563
292 1240 0.3531
292 1241 0.1137
292 1242 0.2095
292 1243 0.1944
292 1244 0.2174
292 1245 0.1794
292 1246 0.1704
292 1247 0.1750
292 1248 0.1373
292 1249 0.0835
292 1250 0.1734
292 1251 0.1113
292 1252 0.0945
292 1253 0.1436
292 1254 0.1134
292 1255 0.1356
292 1256 0.1585
292 1258 0.1712
292 1259 0.2762
292 1260 0.2673
292 1262 0.1709
292 1263 0.2342
292 1265 0.2062
292 1266 0.1446
292 1267 0.1181
292 1268 0.1189
292 1269 0.4242
292 1270 0.3198
292 1271 0.3015
292 1272 0.2184
292 1273 0.0994
292 1274 0.1275
292 1275 0.2373
292 1276 0.1606
292 1278 0.0917
292 1279 0.1430
292 1280 0.1372
292 1281 0.2931
292 1282 0.0868
292 1283 0.0736
292 1284 0.1022
292 1286 0.1293
292 1287 0.0971
292 1288 0.1280
292 1289 0.0600
292 1290 0.1345
292 1291 0.0930
292 1292 0.3284
292 1293 0.0735
292 1295 0.2184
292 1296 0.1014
292 1298 0.1533
292 1299 0.0753
292 1300 0.0753
292 1301 0.0899
292 1302 0.1060
292 1303 0.1842
292 1304 0.1771
292 1305 0.0932
292 1306 0.0863
292 1308 0.2676
292 1309 0.1079
292 1310 0.0755
292 1311 0.1060
292 1312 0.1734
292 1313 0.1249
292 1315 0.1575
292 1316 0.7080
292 1318 0.0991
292 1319 0.0964
292 1322 0.1059
292 1323 0.2301
292 1324 0.1664
292 1325 0.2072
292 1326 0.1944
292 1327 0.1075
292 1328 0.1606
292 1329 0.1757
292 1330 0.1992
292 1331 0.1372
292 1332 0.1445
292 1333 0.1212
292 1334 0.1233
292 1335 0.1337
292 1336 0.2007
292 1337 0.1204
292 1338 0.0802
292 1339 0.1956
292 1340 0.0890
292 1341 0.1464
292 1342 0.1957
292 1343 0.1307
292 1344 0.2566
292 1345 0.1312
292 1346 0.1071
292 1348 0.2503
292 1349 0.0856
292 1350 0.1720
292 1351 0.0801
292 1352 0.1608
292 1353 0.1101
292 1354 0.1446
292 1356 0.1482
292 1357 0.0801
292 1358 0.1412
292 1359 0.0890
292 1360 0.0954
292 1361 0.2422
292 1362 0.1980
292 1364 0.1299
292 1365 0.2184
292 1366 0.1204
292 1367 0.2904
292 1368 0.3707
292 1369 0.4217
292 1370 0.4071
292 1371 0.1603
292 1372 0.1023
292 1373 0.1695
292 1374 0.2011
292 1377 0.1903
292 1378 0.2021
292 1379 0.1726
292 1380 0.3346
292 1381 0.1509
292 1382 0.0891
292 1383 0.1491
292 1384 0.1051
292 1385 0.0967
292 1386 0.2255
292 1387 0.2257
292 1388 0.3881
292 1389 0.1924
292 1390 0.1559
292 1392 0.1864
292 1393 0.2184
292 1394 0.2369
292 1395 0.0897
292 1396 0.0890
292 1397 0.1958
292 1398 0.2966
292 1399 0.1553
292 1401 0.1471
292 1402 0.1360
292 1405 0.3658
292 1406 0.2513
292 1407 0.3246
292 1408 0.1279
292 1409 0.2043
292 1411 0.0936
292 1412 0.0924
292 1414 0.0802
292 1416 0.2766
292 1418 0.1472
292 1419 0.3291
292 1420 0.1657
292 1421 0.2290
292 1422 0.2517
292 1423 0.1805
292 1425 0.1326
292 1426 0.6535
292 1427 0.2609
292 1428 0.4748
292 1431 0.2184
292 1433 0.1100
292 1434 0.9805
292 1435 0.6431
292 1436 0.3694
292 1437 0.4536
292 1438 0.4172
292 1439 0.6145
292 1440 0.4185
292 1441 0.3722
292 1443 0.1522
292 1445 0.2932
292 1446 0.3729
292 1448 0.1999
292 1449 0.1639
292 1451 0.1172
292 1452 0.1158
292 1453 0.1060
292 1454 0.1900
292 1455 0.2300
292 1456 0.2231
292 1457 0.0792
292 1458 0.1160
292 1459 0.0904
292 1460 0.2310
292 1461 0.1397
292 1462 0.1637
292 1463 0.1733
292 1464 0.0864
292 1465 0.2301
292 1466 0.1211
292 1468 0.1017
292 1470 0.2184
292 1472 0.2510
292 1473 0.0714
292 1475 0.1401
292 1476 0.2069
292 1477 0.1225
292 1478 0.0987
292 1479 0.0787
292 1480 0.1060
292 1481 0.1401
292 1482 0.1726
292 1484 0.1839
292 1485 0.2122
292 1486 0.1446
292 1487 0.1697
292 1490 0.0793
292 1491 0.1943
292 1492 0.1075
292 1493 0.1557
292 1494 0.1509
292 1496 0.1415
292 1497 0.1915
292 1498 0.1726
292 1499 0.1416
292 1500 0.1652
292 1501 0.0908
292 1503 0.1515
292 1504 0.2810
292 1505 0.0966
292 1506 0.1446
292 1507 0.3075
292 1508 0.1903
292 1510 0.2020
292 1511 0.0954
292 1512 0.2186
292 1513 0.1214
292 1515 0.1420
292 1516 0.2277
292 1517 0.1506
292 1518 0.1729
292 1519 0.2286
292 1520 0.7531
292 1522 0.1177
292 1525 0.1065
292 1526 0.1062
292 1527 0.1276
292 1528 0.0796
292 1529 0.1400
292 1530 0.0659
292 1531 0.1446
292 1532 0.1143
292 1534 0.1249
292 1535 0.1726
292 1536 0.0893
292 1537 0.1398
292 1538 0.0948
292 1540 0.1059
292 1541 0.1594
292 1542 0.1454
292 1544 0.0805
292 1545 0.1397
292 1546 0.0904
292 1547 0.1018
292 1548 0.2700
292 1549 0.1096
292 1550 0.0969
292 1551 0.0958
292 1552 0.1943
292 1554 0.1169
292 1555 0.1397
292 1557 0.2107
292 1565 0.1111
292 1566 0.1239
292 1567 0.0871
292 1568 0.1664
292 1569 0.2333
292 1570 0.0879
292 1571 0.4228
292 1572 0.1168
292 1573 0.1493
292 1574 0.1124
292 1575 0.1710
292 1576 0.0818
292 1577 0.1903
292 1578 0.1060
292 1579 0.1927
292 1580 0.1575
292 1581 0.1731
292 1582 0.2615
292 1583 0.1893
292 1584 0.0891
292 1585 0.1555
292 1586 0.1602
292 1587 0.1322
292 1588 0.1580
292 1589 0.1137
292 1590 0.3437
292 1591 0.1495
292 1592 0.1072
292 1593 0.2313
292 1594 0.2166
292 1595 0.2010
292 1596 0.1710
292 1597 0.1443
292 1598 0.1397
292 1599 0.1502
292 1600 0.2016
292 1601 0.1117
292 1602 0.0897
292 1603 0.1757
292 1604 0.1212
292 1605 0.1060
292 1606 0.2080
292 1607 0.1919
292 1608 0.4144
292 1609 0.0904
292 1610 0.1137
292 1612 0.1060
292 1613 0.1417
292 1614 0.1726
292 1616 0.1060
292 1617 0.1117
292 1618 0.3441
292 1619 0.3107
292 1620 0.1743
292 1621 0.2219
292 1622 0.4144
292 1623 0.1322
292 1624 0.4802
292 1625 0.1274
292 1626 0.1324
292 1627 0.1381
292 1628 0.1137
292 1629 0.1509
292 1630 0.2561
292 1631 0.1444
292 1632 0.1539
292 1633 0.1844
292 1634 0.0917
292 1636 0.0804
292 1637 0.1498
292 1638 0.1726
292 1639 0.1212
292 1640 0.1188
292 1641 0.1137
292 1642 0.2174
292 1643 0.2105
292 1645 0.1875
292 1646 0.1415
292 1647 0.1697
292 1648 0.1249
292 1649 0.2686
292 1650 0.1397
292 1652 0.1451
292 1653 0.1859
292 1654 0.1605
292 1655 0.3001
292 1657 0.1060
292 1658 0.0862
292 1659 0.1564
292 1660 0.1182
292 1661 0.1657
292 1662 0.1470
292 1663 0.1718
292 1664 0.0917
292 1665 0.2551
292 1666 0.1609
292 1667 0.1580
292 1668 0.4977
292 1669 0.1196
292 1670 0.0924
292 1671 0.0890
292 1672 0.1424
292 1674 0.2200
292 1675 0.1397
292 1676 0.0890
292 1678 0.1822
292 1680 0.1406
292 1681 0.2441
292 1682 0.2009
292 1683 0.1639
292 1684 0.1474
292 1685 0.1509
292 1686 0.0986
292 1687 0.1400
292 1688 0.1470
292 1689 0.9099
292 1690 0.1447
292 1691 0.1906
292 1692 0.1741
292 1694 0.5958
292 1695 0.2184
292 1696 0.1060
292 1697 0.0998
292 1699 0.2380
292 1700 0.1446
292 1701 0.1822
292 1702 0.1791
292 1703 0.0774
292 1704 0.2605
292 1705 0.4244
292 1706 0.2091
292 1707 0.4996
292 1708 0.2426
292 1709 0.2932
292 1711 0.2426
292 1712 0.9770
292 1713 0.4673
292 1714 0.4334
292 1715 0.2426
292 1716 0.1208
292 1717 0.9692
292 1718 0.2184
292 1720 0.1634
292 1721 0.1726
292 1723 0.1445
292 1724 0.1638
292 1725 0.1898
292 1726 0.1204
292 1728 0.2068
292 1729 0.1418
292 1730 0.1500
293 294 0.0661
293 295 0.1016
293 296 0.1273
293 297 0.4200
293 298 0.1494
293 299 0.1363
293 300 0.4706
293 301 0.3440
293 304 0.7143
293 305 0.0801
293 306 0.1076
293 307 0.1241
293 308 0.1384
293 309 0.1117
293 310 0.1324
293 311 0.1579
293 312 0.3955
293 313 0.1643
293 314 0.4368
293 315 0.5709
293 316 0.3930
293 317 0.1566
293 318 0.0842
293 319 0.1574
293 320 0.2675
293 321 0.6189
293 323 0.2163
293 324 0.2415
293 325 0.1853
293 326 0.3532
293 327 0.1318
293 328 0.7795
293 329 0.1016
293 330 0.1738
293 331 0.6261
293 332 0.0570
293 333 0.0869
293 334 0.4892
293 335 0.0971
293 336 0.1002
293 337 0.1175
293 338 0.3538
293 339 0.5092
293 340 0.3667
293 341 0.3583
293 342 0.3182
293 343 0.2266
293 344 0.2732
293 346 0.5478
293 347 0.3020
293 348 0.0820
293 349 0.1642
293 350 0.3017
293 351 0.0942
293 352 0.1243
293 353 0.1483
293 354 0.1003
293 355 0.0946
293 356 0.3540
293 357 0.1137
293 358 0.3158
293 359 0.6674
293 360 0.0946
293 361 0.0961
293 362 0.1172
293 363 0.6160
293 364 0.6174
293 366 0.1072
293 367 0.0753
293 368 0.4549
293 369 0.0817
293 370 0.1692
293 371 0.1243
293 372 0.0688
293 373 0.3817
293 374 0.6028
293 375 0.1126
293 376 0.1757
293 377 0.4827
293 378 0.1594
293 379 0.0964
293 380 0.1852
293 381 0.1520
293 382 0.0663
293 383 0.3933
293 384 0.6292
293 385 0.1130
293 386 0.1455
293 387 0.2897
293 388 0.1521
293 389 0.1348
293 390 0.1268
293 391 0.2899
293 392 0.5399
293 393 0.1059
293 394 0.1538
293 395 0.0653
293 396 0.2889
293 397 0.1132
293 398 0.5312
293 399 0.1399
293 400 0.1081
293 402 0.1079
293 403 0.2432
293 404 0.2649
293 405 0.1318
293 406 0.2551
293 407 0.0944
293 408 0.1015
293 409 0.2511
293 410 0.1539
293 411 0.3540
293 412 0.2471
293 413 0.1120
293 414 0.2228
293 415 0.2457
293 416 0.1218
293 418 0.2959
293 419 0.2498
293 420 0.1117
293 421 0.2801
293 422 0.3685
293 423 0.0877
293 424 0.1897
293 425 0.2010
293 426 0.1946
293 427 0.1584
293 428 0.2301
293 430 0.0760
293 432 0.2665
293 433 0.2299
293 434 0.3649
293 435 0.6114
293 436 0.1259
293 437 0.0636
293 438 0.1467
293 439 0.2146
293 440 0.0947
293 441 0.0976
293 442 0.2655
293 443 0.0766
293 444 0.0700
293 445 0.3957
293 447 0.1272
293 448 0.0627
293 449 0.6792
293 450 0.1348
293 451 0.1233
293 452 0.6073
293 453 0.2715
293 454 0.5673
293 455 0.1037
293 456 0.1048
293 457 0.1163
293 458 0.1218
293 459 0.1009
293 460 0.1060
293 461 0.1731
293 462 0.1348
293 463 0.3555
293 464 0.1434
293 465 0.4636
293 466 0.4936
293 467 0.4782
293 468 0.2489
293 469 0.1500
293 470 0.3509
293 471 0.2170
293 472 0.6131
293 474 0.0883
293 475 0.3696
293 476 0.5156
293 478 0.0877
293 479 0.1511
293 480 0.0761
293 481 0.1332
293 482 0.1708
293 484 0.2483
293 485 0.4158
293 486 0.0969
293 487 0.0706
293 488 0.5446
293 489 0.4388
293 490 0.3325
293 491 0.5181
293 492 0.2550
293 494 0.0875
293 495 0.4514
293 496 0.3069
293 497 0.6569
293 498 0.6265
293 499 0.0816
293 500 0.0757
293 501 0.6167
293 503 0.0690
293 504 0.0947
293 505 0.0959
293 506 0.1540
293 507 0.3257
293 508 0.5280
293 509 0.1492
293 510 0.1783
293 511 0.4016
293 512 0.1031
293 513 0.2497
293 514 0.2871
293 515 0.3208
293 516 0.4040
293 517 0.0824
293 518 0.1221
293 519 0.4952
293 520 0.3461
293 521 0.1745
293 522 0.0884
293 523 0.4394
293 525 0.1081
293 526 0.1002
293 527 0.2047
293 528 0.1466
293 529 0.2704
293 530 0.0721
293 531 0.2809
293 532 0.0970
293 533 0.2540
293 534 0.1725
293 535 0.0934
293 536 0.6300
293 537 0.1165
293 538 0.1454
293 539 0.0753
293 540 0.1964
293 541 0.1151
293 542 0.1033
293 543 0.3548
293 544 0.2650
293 545 0.1016
293 546 0.2001
293 547 0.0769
293 548 0.2394
293 549 0.0811
293 550 0.0805
293 551 0.0805
293 552 0.1331
293 553 0.4129
293 554 0.1390
293 555 0.4109
293 556 0.3449
293 557 0.2275
293 558 0.2326
293 559 0.3639
293 560 0.3162
293 561 0.0946
293 562 0.2243
293 563 0.4119
293 564 0.3742
293 565 0.1755
293 567 0.0673
293 568 0.9825
293 569 0.1460
293 570 0.0777
293 571 0.4866
293 572 0.1039
293 573 0.1311
293 574 0.2402
293 575 0.2582
293 576 0.2689
293 577 0.2395
293 578 0.4489
293 579 0.5629
293 581 0.1345
293 582 0.2729
293 583 0.2006
293 584 0.2567
293 585 0.1146
293 586 0.1870
293 587 0.1818
293 589 0.1389
293 590 0.1326
293 591 0.2128
293 592 0.1225
293 593 0.1130
293 594 0.1014
293 595 0.0822
293 599 0.1848
293 600 0.3431
293 601 0.1183
293 602 0.1806
293 604 0.2356
293 605 0.3797
293 606 0.1970
293 607 0.1473
293 608 0.1666
293 609 0.1220
293 610 0.1283
293 611 0.1233
293 612 0.3593
293 613 0.5298
293 614 0.4312
293 615 0.2667
293 616 0.1051
293 617 0.4068
293 618 0.3313
293 619 0.0910
293 620 0.2482
293 621 0.0644
293 622 0.1684
293 623 0.0987
293 624 0.1085
293 625 0.2193
293 626 0.7007
293 627 0.1180
293 628 0.5454
293 629 0.1872
293 630 0.1427
293 631 0.4041
293 632 0.3179
293 633 0.2519
293 634 0.1517
293 635 0.0883
293 636 0.3797
293 637 0.5243
293 638 0.3662
293 639 0.9891
293 640 0.0796
293 641 0.1831
293 642 0.3376
293 643 0.1701
293 644 0.1360
293 645 0.0979
293 646 0.2561
293 648 0.4771
293 649 0.1888
293 650 0.1440
293 651 0.6100
293 652 0.1067
293 653 0.2720
293 654 0.1255
293 655 0.2843
293 656 0.1171
293 657 0.3264
293 658 0.0831
293 659 0.5196
293 660 0.0822
293 661 0.0705
293 662 0.1170
293 663 0.1291
293 664 0.1055
293 665 0.0870
293 666 0.3466
293 667 0.1422
293 668 0.1348
293 670 0.4598
293 671 0.1456
293 672 0.4777
293 673 0.3311
293 674 0.3444
293 675 0.1204
293 676 0.1362
293 677 0.0975
293 678 0.2468
293 679 0.1138
293 680 0.1505
293 681 0.1625
293 683 0.1759
293 684 0.1526
293 685 0.6417
293 686 0.0892
293 687 0.0918
293 688 0.1218
293 689 0.3654
293 690 0.1681
293 691 0.1107
293 692 0.5050
293 694 0.2596
293 695 0.2165
293 696 0.0853
293 697 0.2384
293 698 0.3413
293 699 0.2692
293 700 0.2249
293 701 0.0842
293 702 0.6160
293 703 0.2029
293 704 0.1228
293 705 0.5321
293 706 0.8521
293 707 0.3482
293 708 0.1176
293 709 0.6408
293 710 0.5231
293 711 0.4494
293 712 0.4943
293 713 0.1279
293 714 0.2256
293 716 0.0883
293 717 0.1301
293 718 0.1585
293 720 0.0843
293 721 0.1153
293 722 0.6877
293 723 0.0705
293 724 0.1533
293 725 0.0812
293 726 0.4204
293 727 0.1558
293 728 0.1030
293 729 0.0776
293 730 0.1130
293 731 0.5471
293 732 0.6069
293 733 0.3484
293 734 0.2290
293 735 0.1387
293 736 0.0941
293 737 0.1520
293 738 0.1348
293 740 0.1763
293 741 0.2143
293 742 0.1027
293 743 0.1373
293 744 0.2399
293 745 0.1831
293 746 0.0793
293 747 0.4173
293 748 0.3620
293 749 0.1049
293 750 0.1448
293 751 0.0832
293 752 0.4386
293 753 0.1201
293 755 0.1854
293 756 0.0838
293 757 0.1101
293 758 0.2805
293 759 0.0682
293 760 0.2740
293 761 0.1007
293 762 0.1348
293 763 0.1835
293 764 0.3910
293 766 0.2882
293 767 0.2046
293 768 0.3419
293 769 0.1229
293 770 0.2544
293 771 0.5955
293 772 0.1106
293 773 0.1851
293 774 0.1570
293 775 0.2970
293 776 0.0637
293 777 0.2382
293 778 0.1375
293 780 0.3676
293 781 0.1499
293 782 0.1226
293 783 0.3525
293 784 0.2451
293 785 0.1172
293 786 0.3385
293 787 0.2337
293 788 0.1201
293 789 0.2023
293 791 0.1247
293 792 0.3475
293 793 0.1523
293 794 0.1708
293 795 0.1681
293 796 0.4064
293 797 0.2040
293 798 0.3300
293 799 0.3512
293 800 0.1052
293 801 0.2143
293 802 0.1648
293 803 0.4235
293 804 0.3430
293 805 0.1837
293 806 0.1654
293 807 0.1218
293 808 0.3804
293 809 0.1022
293 810 0.0822
293 811 0.9075
293 813 0.4771
293 814 0.2731
293 815 0.1086
293 816 0.0777
293 817 0.1907
293 818 0.2953
293 819 0.1250
293 820 0.1002
293 821 0.0987
293 822 0.1424
293 823 0.4429
293 824 0.1189
293 825 0.3497
293 827 0.2003
293 828 0.1841
293 829 0.1943
293 830 0.0878
293 831 0.2823
293 832 0.1658
293 833 0.1002
293 834 0.1284
293 835 0.0822
293 836 0.4761
293 837 0.0953
293 838 0.1721
293 839 0.0910
293 840 0.1938
293 841 0.1360
293 842 0.2083
293 843 0.3558
293 844 0.0910
293 845 0.1427
293 846 0.1354
293 848 0.1738
293 849 0.1867
293 850 0.0883
293 851 0.5549
293 852 0.0838
293 853 0.1520
293 854 0.1548
293 855 0.1092
293 856 0.2417
293 857 0.0809
293 858 0.4956
293 859 0.0772
293 860 0.3489
293 861 0.2142
293 862 0.2032
293 864 0.0907
293 865 0.2678
293 866 0.2048
293 867 0.3497
293 868 0.1549
293 869 0.5894
293 870 0.2499
293 871 0.2211
293 872 0.7605
293 873 0.1218
293 874 0.0895
293 875 0.3713
293 876 0.1220
293 877 0.1626
293 878 0.1361
293 880 0.3136
293 881 0.3092
293 882 0.1027
293 883 0.1289
293 885 0.1586
293 886 0.0872
293 887 0.2576
293 888 0.1348
293 889 0.0822
293 890 0.1333
293 891 0.2059
293 892 0.0682
293 893 0.1293
293 894 0.5161
293 895 0.1112
293 896 0.1575
293 897 0.1703
293 898 0.5733
293 900 0.1228
293 901 0.2699
293 903 0.7337
293 905 0.0802
293 906 0.1123
293 907 0.1069
293 908 0.0916
293 909 0.1443
293 910 0.1681
293 911 0.0990
293 912 0.1316
293 913 0.1275
293 914 0.1076
293 915 0.2720
293 916 0.1187
293 918 0.1714
293 919 0.1175
293 920 0.1112
293 921 0.0836
293 922 0.1374
293 924 0.1011
293 928 0.0957
293 929 0.3577
293 930 0.1284
293 932 0.2346
293 933 0.1520
293 934 0.4487
293 935 0.3306
293 936 0.1409
293 937 0.1348
293 938 0.0673
293 939 0.1348
293 940 0.1518
293 941 0.0867
293 942 0.1212
293 943 0.1534
293 944 0.1036
293 946 0.0732
293 947 0.1385
293 948 0.1167
293 949 0.2691
293 950 0.6025
293 951 0.1361
293 952 0.2247
293 953 0.1152
293 954 0.1628
293 955 0.2190
293 957 0.0777
293 958 0.1384
293 959 0.2366
293 960 0.1978
293 961 0.1192
293 962 0.0838
293 963 0.1857
293 964 0.0816
293 965 0.1074
293 966 0.1284
293 967 0.3771
293 968 0.3368
293 969 0.1095
293 971 0.2395
293 972 0.1254
293 973 0.0808
293 974 0.6850
293 976 0.2681
293 977 0.3905
293 978 0.1306
293 979 0.4215
293 980 0.0853
293 981 0.2387
293 982 0.1520
293 983 0.3011
293 984 0.1139
293 985 0.0846
293 987 0.1187
293 989 0.1038
293 990 0.1015
293 991 0.0805
293 993 0.3138
293 994 0.3178
293 995 0.6346
293 996 0.1002
293 999 0.1916
293 1000 0.0829
293 1001 0.2085
293 1002 0.7036
293 1003 0.2587
293 1004 0.6305
293 1005 0.0855
293 1006 0.0822
293 1007 0.6989
293 1008 0.3646
293 1010 0.1520
293 1013 0.1520
293 1014 0.0863
293 1015 0.1401
293 1016 0.1348
293 1017 0.0715
293 1018 0.1209
293 1019 0.1009
293 1020 0.2615
293 1022 0.1681
293 1023 0.1133
293 1024 0.0753
293 1025 0.1241
293 1026 0.0753
293 1027 0.0906
293 1029 0.0779
293 1030 0.6464
293 1031 0.1681
293 1032 0.4925
293 1033 0.1606
293 1034 0.1334
293 1035 0.1926
293 1036 0.3256
293 1037 0.0953
293 1039 0.1348
293 1040 0.3404
293 1041 0.1333
293 1042 0.1491
293 1043 0.0953
293 1044 0.1320
293 1045 0.1124
293 1046 0.1096
293 1047 0.2451
293 1048 0.1110
293 1049 0.2469
293 1050 0.0926
293 1051 0.1049
293 1052 0.1904
293 1053 0.3797
293 1054 0.1329
293 1055 0.1520
293 1056 0.0921
293 1057 0.1331
293 1058 0.1380
293 1059 0.5394
293 1060 0.4202
293 1061 0.0965
293 1062 0.1815
293 1063 0.0851
293 1065 0.1831
293 1066 0.1246
293 1067 0.3468
293 1068 0.1522
293 1069 0.1199
293 1070 0.1016
293 1071 0.0717
293 1072 0.2011
293 1073 0.1208
293 1075 0.1403
293 1076 0.1036
293 1078 0.1037
293 1079 0.1025
293 1080 0.0873
293 1081 0.4080
293 1082 0.2161
293 1083 0.5130
293 1084 0.1576
293 1085 0.2033
293 1087 0.1520
293 1089 0.1077
293 1090 0.1765
293 1092 0.1648
293 1093 0.1176
293 1094 0.0766
293 1095 0.1949
293 1096 0.2323
293 1097 0.1284
293 1099 0.7565
293 1102 0.1770
293 1103 0.1209
293 1104 0.3611
293 1105 0.3732
293 1106 0.1470
293 1107 0.0698
293 1108 0.1348
293 1109 0.0995
293 1110 0.1134
293 1111 0.3924
293 1113 0.3797
293 1115 0.2064
293 1116 0.1604
293 1117 0.0884
293 1118 0.1278
293 1119 0.0821
293 1120 0.2058
293 1121 0.1175
293 1122 0.1428
293 1123 0.1158
293 1124 0.2065
293 1125 0.1831
293 1126 0.0740
293 1127 0.1522
293 1128 0.4838
293 1129 0.1848
293 1130 0.1583
293 1132 0.1401
293 1133 0.6576
293 1134 0.0796
293 1135 0.6238
293 1136 0.1120
293 1138 0.1409
293 1141 0.1057
293 1142 0.1213
293 1143 0.3880
293 1144 0.1212
293 1145 0.0838
293 1146 0.1788
293 1148 0.1348
293 1149 0.1520
293 1150 0.2597
293 1151 0.1749
293 1152 0.3454
293 1153 0.2771
293 1154 0.3439
293 1156 0.0822
293 1157 0.1110
293 1158 0.0907
293 1159 0.0805
293 1160 0.1415
293 1161 0.1029
293 1162 0.1006
293 1163 0.4686
293 1165 0.1092
293 1166 0.1615
293 1167 0.1990
293 1169 0.1383
293 1170 0.1348
293 1172 0.2293
293 1173 0.1348
293 1176 0.1838
293 1177 0.0991
293 1178 0.1263
293 1180 0.1421
293 1181 0.1202
293 1182 0.1218
293 1183 0.0709
293 1185 0.0616
293 1186 0.1864
293 1187 0.1046
293 1188 0.1570
293 1189 0.0989
293 1191 0.1348
293 1192 0.1007
293 1193 0.3358
293 1194 0.1772
293 1195 0.1651
293 1197 0.1670
293 1198 0.1520
293 1199 0.1545
293 1200 0.1399
293 1201 0.3675
293 1202 0.1970
293 1203 0.1348
293 1204 0.1701
293 1205 0.1107
293 1206 0.1838
293 1207 0.1438
293 1208 0.1365
293 1210 0.1316
293 1211 0.1647
293 1212 0.1116
293 1213 0.3445
293 1214 0.1406
293 1215 0.1025
293 1216 0.0916
293 1217 0.1455
293 1218 0.1027
293 1219 0.1113
293 1220 0.1348
293 1221 0.1347
293 1222 0.0737
293 1223 0.0971
293 1224 0.0697
293 1225 0.3186
293 1226 0.1320
293 1227 0.2752
293 1229 0.0979
293 1230 0.0796
293 1231 0.2568
293 1233 0.0914
293 1235 0.1082
293 1236 0.0777
293 1237 0.0785
293 1238 0.1941
293 1239 0.0777
293 1240 0.2267
293 1241 0.1681
293 1242 0.4088
293 1243 0.0984
293 1244 0.0914
293 1245 0.1043
293 1246 0.0967
293 1247 0.0936
293 1248 0.3704
293 1249 0.1722
293 1250 0.1555
293 1251 0.0644
293 1252 0.3545
293 1253 0.1056
293 1254 0.1317
293 1255 0.0851
293 1256 0.0939
293 1258 0.3174
293 1259 0.0884
293 1260 0.0692
293 1262 0.1344
293 1263 0.1113
293 1265 0.6175
293 1266 0.1002
293 1267 0.1615
293 1268 0.1161
293 1269 0.2869
293 1270 0.1493
293 1271 0.1001
293 1272 0.1348
293 1273 0.0897
293 1274 0.1189
293 1275 0.1408
293 1276 0.2626
293 1278 0.1171
293 1279 0.0971
293 1280 0.0893
293 1281 0.3171
293 1282 0.1235
293 1283 0.2089
293 1284 0.1737
293 1286 0.5680
293 1287 0.3952
293 1288 0.2781
293 1289 0.2041
293 1290 0.0755
293 1291 0.2981
293 1292 0.8402
293 1293 0.2144
293 1295 0.1348
293 1296 0.1117
293 1298 0.7150
293 1299 0.1049
293 1300 0.1049
293 1301 0.1204
293 1302 0.1552
293 1303 0.4729
293 1304 0.1378
293 1305 0.4683
293 1306 0.5499
293 1308 0.3316
293 1309 0.3715
293 1310 0.1285
293 1311 0.1595
293 1312 0.2084
293 1313 0.2800
293 1315 0.1517
293 1316 0.9922
293 1318 0.1879
293 1319 0.4897
293 1322 0.6266
293 1323 0.0962
293 1324 0.1157
293 1325 0.1093
293 1326 0.0984
293 1327 0.1375
293 1328 0.0712
293 1329 0.1296
293 1330 0.0909
293 1331 0.1040
293 1332 0.1813
293 1333 0.1188
293 1334 0.0888
293 1335 0.1644
293 1336 0.1220
293 1337 0.1218
293 1338 0.0822
293 1339 0.1054
293 1340 0.0814
293 1341 0.1676
293 1342 0.1181
293 1343 0.1411
293 1344 0.5296
293 1345 0.0796
293 1346 0.2120
293 1348 0.0644
293 1349 0.0884
293 1350 0.1126
293 1351 0.1047
293 1352 0.1408
293 1353 0.1540
293 1354 0.1002
293 1356 0.2473
293 1357 0.1047
293 1358 0.1406
293 1359 0.0814
293 1360 0.1659
293 1361 0.0721
293 1362 0.1707
293 1364 0.1238
293 1365 0.1348
293 1366 0.1904
293 1367 0.2611
293 1368 0.2819
293 1369 0.5110
293 1370 0.3896
293 1371 0.1271
293 1372 0.1820
293 1373 0.1492
293 1374 0.1043
293 1377 0.1143
293 1378 0.1310
293 1379 0.1043
293 1380 0.1671
293 1381 0.0969
293 1382 0.0730
293 1383 0.1002
293 1384 0.1336
293 1385 0.1139
293 1386 0.2411
293 1387 0.1165
293 1388 0.0742
293 1389 0.1286
293 1390 0.1102
293 1392 0.1398
293 1393 0.1348
293 1394 0.0638
293 1395 0.0822
293 1396 0.1428
293 1397 0.1531
293 1398 0.1361
293 1399 0.0836
293 1401 0.0882
293 1402 0.0852
293 1405 0.2471
293 1406 0.0962
293 1407 0.2093
293 1408 0.1086
293 1409 0.1199
293 1411 0.3141
293 1412 0.0753
293 1414 0.0822
293 1416 0.1064
293 1418 0.1064
293 1419 0.0851
293 1420 0.0838
293 1421 0.1802
293 1422 0.0791
293 1423 0.0833
293 1425 0.1002
293 1426 0.2806
293 1427 0.1460
293 1428 0.1071
293 1431 0.1348
293 1433 0.1139
293 1434 0.6787
293 1435 0.2192
293 1436 0.1621
293 1437 0.1777
293 1438 0.2182
293 1439 0.1719
293 1440 0.4672
293 1441 0.1774
293 1443 0.1319
293 1445 0.1741
293 1446 0.1644
293 1448 0.4212
293 1449 0.1375
293 1451 0.1059
293 1452 0.1281
293 1453 0.1646
293 1454 0.1116
293 1455 0.0882
293 1456 0.1944
293 1457 0.1789
293 1458 0.0708
293 1459 0.1208
293 1460 0.1227
293 1461 0.1520
293 1462 0.1102
293 1463 0.1463
293 1464 0.0843
293 1465 0.1470
293 1466 0.1067
293 1468 0.3062
293 1470 0.1348
293 1472 0.1164
293 1473 0.0704
293 1475 0.0910
293 1476 0.1300
293 1477 0.1456
293 1478 0.1570
293 1479 0.0721
293 1480 0.1901
293 1481 0.0910
293 1482 0.2695
293 1484 0.1126
293 1485 0.1214
293 1486 0.1002
293 1487 0.0749
293 1490 0.1109
293 1491 0.1032
293 1492 0.0846
293 1493 0.1431
293 1494 0.0969
293 1496 0.1287
293 1497 0.1772
293 1498 0.1043
293 1499 0.1111
293 1500 0.1562
293 1501 0.1224
293 1503 0.1935
293 1504 0.1472
293 1505 0.0822
293 1506 0.1002
293 1507 0.1286
293 1508 0.1143
293 1510 0.1284
293 1511 0.1170
293 1512 0.1545
293 1513 0.1165
293 1515 0.0894
293 1516 0.2669
293 1517 0.2013
293 1518 0.1068
293 1519 0.7979
293 1520 0.9852
293 1522 0.2623
293 1525 0.0811
293 1526 0.2874
293 1527 0.1451
293 1528 0.4478
293 1529 0.1213
293 1530 0.7221
293 1531 0.1002
293 1532 0.2823
293 1534 0.2800
293 1535 0.1043
293 1536 0.3679
293 1537 0.0838
293 1538 0.5832
293 1540 0.4245
293 1541 0.1653
293 1542 0.1819
293 1544 0.1269
293 1545 0.1520
293 1546 0.2717
293 1547 0.5291
293 1548 0.3484
293 1549 0.3444
293 1550 0.2075
293 1551 0.2089
293 1552 0.2372
293 1554 0.2533
293 1555 0.1520
293 1557 0.2789
293 1565 0.2715
293 1566 0.0796
293 1567 0.5264
293 1568 0.1157
293 1569 0.1345
293 1570 0.0900
293 1571 0.1057
293 1572 0.1790
293 1573 0.1107
293 1574 0.0947
293 1575 0.0983
293 1576 0.0707
293 1577 0.1327
293 1578 0.1218
293 1579 0.1596
293 1580 0.0809
293 1581 0.1327
293 1582 0.2366
293 1583 0.1579
293 1584 0.0730
293 1585 0.3616
293 1586 0.1098
293 1587 0.1306
293 1588 0.1119
293 1589 0.1681
293 1590 0.0938
293 1591 0.0981
293 1592 0.0785
293 1593 0.1145
293 1594 0.1133
293 1595 0.0920
293 1596 0.0983
293 1597 0.0951
293 1598 0.1520
293 1599 0.0882
293 1600 0.1043
293 1601 0.5810
293 1602 0.0822
293 1603 0.1296
293 1604 0.1188
293 1605 0.1218
293 1606 0.1008
293 1607 0.0947
293 1608 0.2604
293 1609 0.2717
293 1610 0.1681
293 1612 0.1218
293 1613 0.2280
293 1614 0.1507
293 1616 0.1218
293 1617 0.1191
293 1618 0.3519
293 1619 0.1679
293 1620 0.1068
293 1621 0.3997
293 1622 0.3870
293 1623 0.1107
293 1624 0.1122
293 1625 0.1472
293 1626 0.0926
293 1627 0.0831
293 1628 0.1681
293 1629 0.1305
293 1630 0.2140
293 1631 0.1122
293 1632 0.1002
293 1633 0.1110
293 1634 0.2956
293 1636 0.0740
293 1637 0.1027
293 1638 0.1043
293 1639 0.1188
293 1640 0.0781
293 1641 0.1681
293 1642 0.0914
293 1643 0.1111
293 1645 0.1235
293 1646 0.1390
293 1647 0.0749
293 1648 0.0882
293 1649 0.2694
293 1650 0.1520
293 1652 0.0924
293 1653 0.1104
293 1654 0.1078
293 1655 0.4943
293 1657 0.1218
293 1658 0.0815
293 1659 0.1245
293 1660 0.0920
293 1661 0.1323
293 1662 0.0954
293 1663 0.0566
293 1664 0.1171
293 1665 0.1043
293 1666 0.1512
293 1667 0.0995
293 1668 0.0943
293 1669 0.1202
293 1670 0.0753
293 1671 0.0814
293 1672 0.1264
293 1674 0.1164
293 1675 0.1520
293 1676 0.0814
293 1678 0.2168
293 1680 0.0731
293 1681 0.1126
293 1682 0.0820
293 1683 0.1014
293 1684 0.1421
293 1685 0.0969
293 1686 0.0809
293 1687 0.1366
293 1688 0.1269
293 1689 0.5614
293 1690 0.1127
293 1691 0.1337
293 1692 0.0754
293 1694 0.1916
293 1695 0.1348
293 1696 0.1218
293 1697 0.0981
293 1699 0.1463
293 1700 0.1002
293 1701 0.0733
293 1702 0.1534
293 1703 0.1054
293 1704 0.0865
293 1705 0.1057
293 1706 0.1167
293 1707 0.4388
293 1708 0.1831
293 1709 0.1741
293 1711 0.1831
293 1712 0.7343
293 1713 0.2726
293 1714 0.1541
293 1715 0.1831
293 1716 0.0836
293 1717 0.7398
293 1718 0.1348
293 1720 0.1346
293 1721 0.1043
293 1723 0.1206
293 1724 0.1009
293 1725 0.1035
293 1726 0.1218
293 1728 0.0831
293 1729 0.1043
293 1730 0.0653
294 295 0.1707
294 296 0.5587
294 297 0.1300
294 298 0.2853
294 299 0.0879
294 300 0.1320
294 301 0.0921
294 304 0.1841
294 305 0.3633
294 306 0.3632
294 307 0.1050
294 308 0.3492
294 309 0.2613
294 310 0.2354
294 311 0.4112
294 312 0.0890
294 313 0.3064
294 314 0.0858
294 315 0.1748
294 316 0.0792
294 317 0.3249
294 318 0.0623
294 319 0.4012
294 320 0.1009
294 321 0.1671
294 323 0.1233
294 324 0.5859
294 325 0.1225
294 326 0.0732
294 327 0.2206
294 328 0.3183
294 329 0.1707
294 330 0.2047
294 331 0.1386
294 332 0.1841
294 333 0.1018
294 334 0.1200
294 335 0.0617
294 336 0.3783
294 337 0.1426
294 338 0.1027
294 339 0.0695
294 340 0.3165
294 341 0.1161
294 342 0.1349
294 343 0.0728
294 344 0.2942
294 346 0.1290
294 347 0.4593
294 348 0.5262
294 349 0.0953
294 350 0.1111
294 351 0.0971
294 352 0.1177
294 353 0.2216
294 354 0.1282
294 355 0.0940
294 356 0.0763
294 357 0.1157
294 358 0.1025
294 359 0.0864
294 360 0.0940
294 361 0.0834
294 362 0.2088
294 363 0.1045
294 364 0.1468
294 366 0.2150
294 367 0.2765
294 368 0.2132
294 369 0.1374
294 370 0.1788
294 371 0.5724
294 372 0.6654
294 373 0.1367
294 374 0.1101
294 375 0.6374
294 376 0.5779
294 377 0.0917
294 378 0.2236
294 379 0.6078
294 380 0.4629
294 381 0.2179
294 382 0.1032
294 383 0.1312
294 384 0.1008
294 385 0.4719
294 386 0.3323
294 387 0.5479
294 388 0.1515
294 389 0.2845
294 390 0.3033
294 391 0.5028
294 392 0.1286
294 393 0.1878
294 394 0.3704
294 395 0.7024
294 396 0.6418
294 397 0.4446
294 398 0.1362
294 399 0.6002
294 400 0.1432
294 402 0.1812
294 403 0.6609
294 404 0.0973
294 405 0.2304
294 406 0.2053
294 407 0.1096
294 408 0.1887
294 409 0.5552
294 410 0.1214
294 411 0.2759
294 412 0.4633
294 413 0.2016
294 414 0.2062
294 415 0.2557
294 416 0.0534
294 418 0.5772
294 419 0.1145
294 420 0.0957
294 421 0.1912
294 422 0.0693
294 423 0.3684
294 424 0.4791
294 425 0.5636
294 426 0.2301
294 427 0.1236
294 428 0.4227
294 430 0.1079
294 432 0.0758
294 433 0.0910
294 434 0.3236
294 435 0.1299
294 436 0.2046
294 437 0.2112
294 438 0.8101
294 439 0.1107
294 440 0.1761
294 441 0.2341
294 442 0.1102
294 443 0.0731
294 444 0.1210
294 445 0.0792
294 447 0.1857
294 448 0.0742
294 449 0.8308
294 450 0.2845
294 451 0.1015
294 452 0.1938
294 453 0.1139
294 454 0.7755
294 455 0.2264
294 456 0.7028
294 457 0.4849
294 458 0.1581
294 459 0.0884
294 460 0.0985
294 461 0.3370
294 462 0.2845
294 463 0.5262
294 464 0.3837
294 465 0.0880
294 466 0.5587
294 467 0.0658
294 468 0.1030
294 469 0.3512
294 470 0.5046
294 471 0.0960
294 472 0.1241
294 474 0.1957
294 475 0.1087
294 476 0.1510
294 478 0.2095
294 479 0.1514
294 480 0.1010
294 481 0.1525
294 482 0.3155
294 484 0.5391
294 485 0.0907
294 486 0.1353
294 487 0.1124
294 488 0.6849
294 489 0.1100
294 490 0.1696
294 491 0.1226
294 492 0.6460
294 494 0.0955
294 495 0.2540
294 496 0.1117
294 497 0.1473
294 498 0.1059
294 499 0.6121
294 500 0.1109
294 501 0.1221
294 503 0.1680
294 504 0.1089
294 505 0.6330
294 506 0.1135
294 507 0.0891
294 508 0.1193
294 509 0.2412
294 510 0.1741
294 511 0.6084
294 512 0.1592
294 513 0.4618
294 514 0.4498
294 515 0.1257
294 516 0.1320
294 517 0.1284
294 518 0.1376
294 519 0.1245
294 520 0.1115
294 521 0.1555
294 522 0.1411
294 523 0.0825
294 525 0.0873
294 526 0.1267
294 527 0.4370
294 528 0.5856
294 529 0.1032
294 530 0.7160
294 531 0.1253
294 532 0.0862
294 533 0.2009
294 534 0.1933
294 535 0.0873
294 536 0.2744
294 537 0.2123
294 538 0.0925
294 539 0.6603
294 540 0.5384
294 541 0.5460
294 542 0.1953
294 543 0.1260
294 544 0.1178
294 545 0.1707
294 546 0.2548
294 547 0.1280
294 548 0.2883
294 549 0.3863
294 550 0.1812
294 551 0.1672
294 552 0.1440
294 553 0.1491
294 554 0.1313
294 555 0.7237
294 556 0.0951
294 557 0.6529
294 558 0.2884
294 559 0.0827
294 560 0.0867
294 561 0.3979
294 562 0.1030
294 563 0.8417
294 564 0.2412
294 565 0.1688
294 567 0.7678
294 568 0.8964
294 569 0.1464
294 570 0.7422
294 571 0.6843
294 572 0.5693
294 573 0.0999
294 574 0.6289
294 575 0.1083
294 576 0.3008
294 577 0.1156
294 578 0.5775
294 579 0.6361
294 581 0.2319
294 582 0.0657
294 583 0.0591
294 584 0.5067
294 585 0.5933
294 586 0.1941
294 587 0.2539
294 589 0.2857
294 590 0.2128
294 591 0.1028
294 592 0.4340
294 593 0.2617
294 594 0.1497
294 595 0.0867
294 599 0.1332
294 600 0.0854
294 601 0.2279
294 602 0.1817
294 604 0.0928
294 605 0.0528
294 606 0.2423
294 607 0.3838
294 608 0.3539
294 609 0.2147
294 610 0.1161
294 611 0.1003
294 612 0.1303
294 613 0.1090
294 614 0.1898
294 615 0.2330
294 616 0.1598
294 617 0.0726
294 618 0.0818
294 619 0.5690
294 620 0.0779
294 621 0.2990
294 622 0.3177
294 623 0.1212
294 624 0.0773
294 625 0.3170
294 626 0.1295
294 627 0.3903
294 628 0.1961
294 629 0.2435
294 630 0.1034
294 631 0.1543
294 632 0.6500
294 633 0.7231
294 634 0.1429
294 635 0.1957
294 636 0.0528
294 637 0.1186
294 638 0.1145
294 639 0.8095
294 640 0.1673
294 641 0.2038
294 642 0.0915
294 643 0.3239
294 644 0.1133
294 645 0.1238
294 646 0.1181
294 648 0.0708
294 649 0.0764
294 650 0.2051
294 651 0.5661
294 652 0.1396
294 653 0.1143
294 654 0.4872
294 655 0.1015
294 656 0.1608
294 657 0.2241
294 658 0.5263
294 659 0.0864
294 660 0.2135
294 661 0.1056
294 662 0.2864
294 663 0.1400
294 664 0.1944
294 665 0.1089
294 666 0.1087
294 667 0.1458
294 668 0.2845
294 670 0.1428
294 671 0.3897
294 672 0.1372
294 673 0.0782
294 674 0.0836
294 675 0.2298
294 676 0.3711
294 677 0.0890
294 678 0.0708
294 679 0.4959
294 680 0.1776
294 681 0.1412
294 683 0.2047
294 684 0.1381
294 685 0.6108
294 686 0.1696
294 687 0.2789
294 688 0.0773
294 689 0.2585
294 690 0.1050
294 691 0.1742
294 692 0.1167
294 694 0.1219
294 695 0.3441
294 696 0.0939
294 697 0.1041
294 698 0.1768
294 699 0.5689
294 700 0.1164
294 701 0.0623
294 702 0.5770
294 703 0.4757
294 704 0.5116
294 705 0.1084
294 706 0.0915
294 707 0.2176
294 708 0.1703
294 709 0.1249
294 710 0.0882
294 711 0.2553
294 712 0.1680
294 713 0.1520
294 714 0.2775
294 716 0.1957
294 717 0.0742
294 718 0.1368
294 720 0.0855
294 721 0.2264
294 722 0.0797
294 723 0.2702
294 724 0.1024
294 725 0.0655
294 726 0.5378
294 727 0.2951
294 728 0.6101
294 729 0.4591
294 730 0.1013
294 731 0.1778
294 732 0.6256
294 733 0.1236
294 734 0.2875
294 735 0.0992
294 736 0.3672
294 737 0.4552
294 738 0.2845
294 740 0.4404
294 741 0.6105
294 742 0.1220
294 743 0.1390
294 744 0.6189
294 745 0.2038
294 746 0.1265
294 747 0.1125
294 748 0.6498
294 749 0.0911
294 750 0.4192
294 751 0.7394
294 752 0.7800
294 753 0.2971
294 755 0.6192
294 756 0.1369
294 757 0.1093
294 758 0.1236
294 759 0.0780
294 760 0.1168
294 761 0.3892
294 762 0.2845
294 763 0.2371
294 764 0.1866
294 766 0.0761
294 767 0.0957
294 768 0.5003
294 769 0.1235
294 770 0.3101
294 771 0.1143
294 772 0.1288
294 773 0.1530
294 774 0.1353
294 775 0.6064
294 776 0.1935
294 777 0.5735
294 778 0.1706
294 780 0.1150
294 781 0.0873
294 782 0.1024
294 783 0.3416
294 784 0.0591
294 785 0.1448
294 786 0.2141
294 787 0.1058
294 788 0.1698
294 789 0.4366
294 791 0.3286
294 792 0.1618
294 793 0.6940
294 794 0.1086
294 795 0.1050
294 796 0.1109
294 797 0.1326
294 798 0.1042
294 799 0.6384
294 800 0.1999
294 801 0.0785
294 802 0.0786
294 803 0.1535
294 804 0.2127
294 805 0.5318
294 806 0.1297
294 807 0.0862
294 808 0.2766
294 809 0.1086
294 810 0.1371
294 811 0.3296
294 813 0.2314
294 814 0.1247
294 815 0.1008
294 816 0.1805
294 817 0.0763
294 818 0.1497
294 819 0.0583
294 820 0.1952
294 821 0.2884
294 822 0.1109
294 823 0.1044
294 824 0.1136
294 825 0.6214
294 827 0.5412
294 828 0.6386
294 829 0.4918
294 830 0.2676
294 831 0.5865
294 832 0.5254
294 833 0.1952
294 834 0.3874
294 835 0.2135
294 836 0.1461
294 837 0.1235
294 838 0.5568
294 839 0.0856
294 840 0.1104
294 841 0.2258
294 842 0.1058
294 843 0.2577
294 844 0.1868
294 845 0.2413
294 846 0.4626
294 848 0.2250
294 849 0.5930
294 850 0.1957
294 851 0.9603
294 852 0.0819
294 853 0.2179
294 854 0.1475
294 855 0.1226
294 856 0.1558
294 857 0.1877
294 858 0.5300
294 859 0.0808
294 860 0.0666
294 861 0.2574
294 862 0.0724
294 864 0.2412
294 865 0.1743
294 866 0.4351
294 867 0.0994
294 868 0.1794
294 869 0.2187
294 870 0.6314
294 871 0.1325
294 872 0.9412
294 873 0.1581
294 874 0.2043
294 875 0.1197
294 876 0.0983
294 877 0.1126
294 878 0.1228
294 880 0.4021
294 881 0.1080
294 882 0.1889
294 883 0.2965
294 885 0.1002
294 886 0.2445
294 887 0.5204
294 888 0.2845
294 889 0.1104
294 890 0.2169
294 891 0.4933
294 892 0.1642
294 893 0.3744
294 894 0.4296
294 895 0.3007
294 896 0.2952
294 897 0.1401
294 898 0.0902
294 900 0.1953
294 901 0.1377
294 903 0.2262
294 905 0.0781
294 906 0.1374
294 907 0.0844
294 908 0.1802
294 909 0.4216
294 910 0.1050
294 911 0.1213
294 912 0.1105
294 913 0.2531
294 914 0.1532
294 915 0.5453
294 916 0.0960
294 918 0.5727
294 919 0.6322
294 920 0.6625
294 921 0.1751
294 922 0.1124
294 924 0.3240
294 928 0.3024
294 929 0.6197
294 930 0.6456
294 932 0.2864
294 933 0.2179
294 934 0.1042
294 935 0.6452
294 936 0.0789
294 937 0.2845
294 938 0.1745
294 939 0.2845
294 940 0.2633
294 941 0.2539
294 942 0.6126
294 943 0.1160
294 944 0.0872
294 946 0.7860
294 947 0.2553
294 948 0.4209
294 949 0.0789
294 950 0.6188
294 951 0.1286
294 952 0.4714
294 953 0.7593
294 954 0.1733
294 955 0.0779
294 957 0.1805
294 958 0.0957
294 959 0.1711
294 960 0.8966
294 961 0.1273
294 962 0.1078
294 963 0.1215
294 964 0.4338
294 965 0.2933
294 966 0.1327
294 967 0.3652
294 968 0.4589
294 969 0.6279
294 971 0.1343
294 972 0.3409
294 973 0.5144
294 974 0.9553
294 976 0.1031
294 977 0.2657
294 978 0.3196
294 979 0.6142
294 980 0.1334
294 981 0.0779
294 982 0.2179
294 983 0.1073
294 984 0.3792
294 985 0.0872
294 987 0.4086
294 989 0.1975
294 990 0.2362
294 991 0.1812
294 993 0.7925
294 994 0.2167
294 995 0.6066
294 996 0.0953
294 999 0.3145
294 1000 0.1579
294 1001 0.1812
294 1002 0.0920
294 1003 0.2175
294 1004 0.1203
294 1005 0.1432
294 1006 0.2086
294 1007 0.1129
294 1008 0.1163
294 1010 0.2179
294 1013 0.2179
294 1014 0.3233
294 1015 0.1473
294 1016 0.4470
294 1017 0.1158
294 1018 0.0559
294 1019 0.2324
294 1020 0.4757
294 1022 0.1050
294 1023 0.1164
294 1024 0.6603
294 1025 0.1338
294 1026 0.6603
294 1027 0.1382
294 1029 0.3873
294 1030 0.1280
294 1031 0.1050
294 1032 0.0751
294 1033 0.2085
294 1034 0.1048
294 1035 0.1688
294 1036 0.0767
294 1037 0.1867
294 1039 0.2845
294 1040 0.2266
294 1041 0.1620
294 1042 0.6110
294 1043 0.0872
294 1044 0.0881
294 1045 0.1259
294 1046 0.0739
294 1047 0.5744
294 1048 0.4203
294 1049 0.5984
294 1050 0.1550
294 1051 0.0911
294 1052 0.1449
294 1053 0.0528
294 1054 0.1304
294 1055 0.2179
294 1056 0.3966
294 1057 0.1263
294 1058 0.1027
294 1059 0.1521
294 1060 0.1626
294 1061 0.1888
294 1062 0.3182
294 1063 0.2641
294 1065 0.4862
294 1066 0.4475
294 1067 0.5011
294 1068 0.5266
294 1069 0.2002
294 1070 0.2389
294 1071 0.1029
294 1072 0.1188
294 1073 0.1017
294 1075 0.1025
294 1076 0.1326
294 1078 0.1350
294 1079 0.7229
294 1080 0.1342
294 1081 0.1027
294 1082 0.1005
294 1083 0.5123
294 1084 0.5071
294 1085 0.1753
294 1087 0.2179
294 1089 0.1426
294 1090 0.5348
294 1092 0.0786
294 1093 0.1600
294 1094 0.0731
294 1095 0.1352
294 1096 0.0903
294 1097 0.1355
294 1099 0.8491
294 1102 0.1647
294 1103 0.2654
294 1104 0.1804
294 1105 0.6217
294 1106 0.2795
294 1107 0.0708
294 1108 0.4470
294 1109 0.1687
294 1110 0.0556
294 1111 0.0776
294 1113 0.0528
294 1115 0.0921
294 1116 0.1079
294 1117 0.2844
294 1118 0.2971
294 1119 0.5074
294 1120 0.0757
294 1121 0.0816
294 1122 0.0826
294 1123 0.1718
294 1124 0.1899
294 1125 0.2038
294 1126 0.2816
294 1127 0.2417
294 1128 0.6418
294 1129 0.6429
294 1130 0.2681
294 1132 0.2540
294 1133 0.1081
294 1134 0.0817
294 1135 0.7743
294 1136 0.0947
294 1138 0.4595
294 1141 0.4737
294 1142 0.3692
294 1143 0.3517
294 1144 0.0731
294 1145 0.1211
294 1146 0.2414
294 1148 0.2845
294 1149 0.2179
294 1150 0.7105
294 1151 0.3568
294 1152 0.4662
294 1153 0.5465
294 1154 0.8424
294 1156 0.1159
294 1157 0.1200
294 1158 0.1586
294 1159 0.0895
294 1160 0.1132
294 1161 0.2138
294 1162 0.1132
294 1163 0.0968
294 1165 0.1364
294 1166 0.2010
294 1167 0.1336
294 1169 0.6698
294 1170 0.2845
294 1172 0.1117
294 1173 0.2845
294 1176 0.1669
294 1177 0.2289
294 1178 0.1208
294 1180 0.6051
294 1181 0.1885
294 1182 0.1581
294 1183 0.1732
294 1185 0.6183
294 1186 0.1498
294 1187 0.4048
294 1188 0.1624
294 1189 0.1179
294 1191 0.2845
294 1192 0.3339
294 1193 0.4941
294 1194 0.4664
294 1195 0.1458
294 1197 0.0905
294 1198 0.2179
294 1199 0.2190
294 1200 0.3414
294 1201 0.1279
294 1202 0.1205
294 1203 0.2845
294 1204 0.1244
294 1205 0.2084
294 1206 0.3963
294 1207 0.1446
294 1208 0.1684
294 1210 0.4988
294 1211 0.2780
294 1212 0.1276
294 1213 0.0961
294 1214 0.4266
294 1215 0.0990
294 1216 0.0962
294 1217 0.1017
294 1218 0.1075
294 1219 0.0783
294 1220 0.2845
294 1221 0.1118
294 1222 0.1086
294 1223 0.1195
294 1224 0.1033
294 1225 0.3613
294 1226 0.3870
294 1227 0.1036
294 1229 0.1127
294 1230 0.0978
294 1231 0.0850
294 1233 0.0818
294 1235 0.2255
294 1236 0.1259
294 1237 0.0783
294 1238 0.1274
294 1239 0.1259
294 1240 0.3691
294 1241 0.1050
294 1242 0.1851
294 1243 0.0893
294 1244 0.0735
294 1245 0.1054
294 1246 0.1802
294 1247 0.0718
294 1248 0.0940
294 1249 0.1247
294 1250 0.2025
294 1251 0.1491
294 1252 0.1178
294 1253 0.3728
294 1254 0.1718
294 1255 0.1758
294 1256 0.2251
294 1258 0.4176
294 1259 0.2757
294 1260 0.6910
294 1262 0.3863
294 1263 0.3286
294 1265 0.5888
294 1266 0.0914
294 1267 0.3118
294 1268 0.2987
294 1269 0.6173
294 1270 0.2366
294 1271 0.7711
294 1272 0.2845
294 1273 0.3653
294 1274 0.2114
294 1275 0.5830
294 1276 0.1898
294 1278 0.1608
294 1279 0.2154
294 1280 0.6963
294 1281 0.1264
294 1282 0.1453
294 1283 0.0852
294 1284 0.1004
294 1286 0.1791
294 1287 0.0855
294 1288 0.0797
294 1289 0.0756
294 1290 0.2886
294 1291 0.0986
294 1292 0.3917
294 1293 0.0674
294 1295 0.2845
294 1296 0.0834
294 1298 0.1030
294 1299 0.0911
294 1300 0.0911
294 1301 0.1100
294 1302 0.0540
294 1303 0.0871
294 1304 0.1213
294 1305 0.0772
294 1306 0.0765
294 1308 0.1065
294 1309 0.0850
294 1310 0.1207
294 1311 0.1581
294 1312 0.2378
294 1313 0.1036
294 1315 0.0718
294 1316 0.8306
294 1318 0.1137
294 1319 0.1000
294 1322 0.0587
294 1323 0.1080
294 1324 0.1062
294 1325 0.1101
294 1326 0.0893
294 1327 0.1562
294 1328 0.0772
294 1329 0.2250
294 1330 0.3084
294 1331 0.1560
294 1332 0.1169
294 1333 0.0849
294 1334 0.0894
294 1335 0.0725
294 1336 0.2382
294 1337 0.0877
294 1338 0.2176
294 1339 0.3632
294 1340 0.0818
294 1341 0.2726
294 1342 0.1420
294 1343 0.3063
294 1344 0.3156
294 1345 0.1572
294 1346 0.1086
294 1348 0.1184
294 1349 0.1101
294 1350 0.1311
294 1351 0.1161
294 1352 0.0702
294 1353 0.1089
294 1354 0.0941
294 1356 0.2309
294 1357 0.1161
294 1358 0.4266
294 1359 0.1373
294 1360 0.0954
294 1361 0.1698
294 1362 0.1094
294 1364 0.1167
294 1365 0.2845
294 1366 0.1449
294 1367 0.1433
294 1368 0.2594
294 1369 0.3607
294 1370 0.2082
294 1371 0.0736
294 1372 0.1072
294 1373 0.1335
294 1374 0.1097
294 1377 0.0932
294 1378 0.1516
294 1379 0.1153
294 1380 0.3010
294 1381 0.1289
294 1382 0.0971
294 1383 0.1625
294 1384 0.1018
294 1385 0.0555
294 1386 0.2751
294 1387 0.1769
294 1388 0.6433
294 1389 0.5322
294 1390 0.1620
294 1392 0.2158
294 1393 0.2845
294 1394 0.7307
294 1395 0.1518
294 1396 0.2238
294 1397 0.3012
294 1398 0.1944
294 1399 0.4469
294 1401 0.1445
294 1402 0.3154
294 1405 0.3857
294 1406 0.2060
294 1407 0.2849
294 1408 0.1097
294 1409 0.2661
294 1411 0.1198
294 1412 0.6603
294 1414 0.2176
294 1416 0.4098
294 1418 0.2297
294 1419 0.6836
294 1420 0.1129
294 1421 0.4981
294 1422 0.1474
294 1423 0.5498
294 1425 0.2946
294 1426 0.6225
294 1427 0.4702
294 1428 0.3151
294 1431 0.2845
294 1433 0.1667
294 1434 0.9964
294 1435 0.7507
294 1436 0.4676
294 1437 0.5130
294 1438 0.5215
294 1439 0.5380
294 1440 0.6075
294 1441 0.4864
294 1443 0.1957
294 1445 0.2568
294 1446 0.5451
294 1448 0.1222
294 1449 0.1124
294 1451 0.0774
294 1452 0.0663
294 1453 0.0734
294 1454 0.1647
294 1455 0.1089
294 1456 0.1719
294 1457 0.0938
294 1458 0.1612
294 1459 0.1017
294 1460 0.1779
294 1461 0.2179
294 1462 0.1192
294 1463 0.2337
294 1464 0.0855
294 1465 0.1195
294 1466 0.1396
294 1468 0.1411
294 1470 0.2845
294 1472 0.2112
294 1473 0.0977
294 1475 0.1868
294 1476 0.1806
294 1477 0.1070
294 1478 0.1353
294 1479 0.1557
294 1480 0.0565
294 1481 0.1868
294 1482 0.0747
294 1484 0.2184
294 1485 0.1122
294 1486 0.1952
294 1487 0.2449
294 1490 0.1040
294 1491 0.1056
294 1492 0.0872
294 1493 0.2822
294 1494 0.0976
294 1496 0.1358
294 1497 0.1907
294 1498 0.2407
294 1499 0.1392
294 1500 0.1327
294 1501 0.1500
294 1503 0.3563
294 1504 0.1280
294 1505 0.1159
294 1506 0.1004
294 1507 0.2292
294 1508 0.1658
294 1510 0.1147
294 1511 0.1115
294 1512 0.3569
294 1513 0.1351
294 1515 0.0980
294 1516 0.2433
294 1517 0.1237
294 1518 0.2135
294 1519 0.3305
294 1520 0.7871
294 1522 0.1275
294 1525 0.0774
294 1526 0.1058
294 1527 0.1506
294 1528 0.0978
294 1529 0.1814
294 1530 0.1012
294 1531 0.1952
294 1532 0.0711
294 1534 0.1036
294 1535 0.1052
294 1536 0.0916
294 1537 0.0819
294 1538 0.1024
294 1540 0.0737
294 1541 0.1909
294 1542 0.0982
294 1544 0.1204
294 1545 0.2179
294 1546 0.1688
294 1547 0.1396
294 1548 0.2052
294 1549 0.0836
294 1550 0.0722
294 1551 0.0710
294 1552 0.1320
294 1554 0.0973
294 1555 0.2179
294 1557 0.3182
294 1565 0.1139
294 1566 0.2529
294 1567 0.1250
294 1568 0.1062
294 1569 0.3899
294 1570 0.0767
294 1571 0.2782
294 1572 0.2905
294 1573 0.1099
294 1574 0.0754
294 1575 0.2089
294 1576 0.1374
294 1577 0.0966
294 1578 0.0708
294 1579 0.3678
294 1580 0.0857
294 1581 0.3569
294 1582 0.3047
294 1583 0.4320
294 1584 0.0971
294 1585 0.2201
294 1586 0.1377
294 1587 0.3396
294 1588 0.1242
294 1589 0.1050
294 1590 0.1843
294 1591 0.0951
294 1592 0.1230
294 1593 0.2652
294 1594 0.0888
294 1595 0.1600
294 1596 0.2089
294 1597 0.1025
294 1598 0.2179
294 1599 0.1114
294 1600 0.0974
294 1601 0.1298
294 1602 0.0820
294 1603 0.0750
294 1604 0.0849
294 1605 0.0572
294 1606 0.1702
294 1607 0.3019
294 1608 0.4195
294 1609 0.1688
294 1610 0.1050
294 1612 0.1581
294 1613 0.1373
294 1614 0.0901
294 1616 0.0706
294 1617 0.1135
294 1618 0.4085
294 1619 0.2261
294 1620 0.1673
294 1621 0.1389
294 1622 0.4179
294 1623 0.2253
294 1624 0.1157
294 1625 0.3042
294 1626 0.2061
294 1627 0.1025
294 1628 0.1050
294 1629 0.0698
294 1630 0.1929
294 1631 0.1853
294 1632 0.1952
294 1633 0.1250
294 1634 0.1211
294 1636 0.1036
294 1637 0.0712
294 1638 0.1052
294 1639 0.0849
294 1640 0.1205
294 1641 0.1050
294 1642 0.0735
294 1643 0.1431
294 1645 0.2301
294 1646 0.1313
294 1647 0.2449
294 1648 0.1243
294 1649 0.4602
294 1650 0.2179
294 1652 0.2694
294 1653 0.4531
294 1654 0.2483
294 1655 0.2973
294 1657 0.1581
294 1658 0.0612
294 1659 0.1922
294 1660 0.1258
294 1661 0.3532
294 1662 0.4152
294 1663 0.5881
294 1664 0.1608
294 1665 0.3183
294 1666 0.0944
294 1667 0.6068
294 1668 0.7182
294 1669 0.2301
294 1670 0.6603
294 1671 0.1147
294 1672 0.2359
294 1674 0.4213
294 1675 0.2179
294 1676 0.1147
294 1678 0.2318
294 1680 0.1364
294 1681 0.1691
294 1682 0.2172
294 1683 0.2550
294 1684 0.1985
294 1685 0.2217
294 1686 0.2392
294 1687 0.3383
294 1688 0.1916
294 1689 0.9842
294 1690 0.3223
294 1691 0.5453
294 1692 0.3509
294 1694 0.2928
294 1695 0.2845
294 1696 0.0665
294 1697 0.2234
294 1699 0.4739
294 1700 0.0952
294 1701 0.1681
294 1702 0.3396
294 1703 0.2118
294 1704 0.4576
294 1705 0.4737
294 1706 0.4209
294 1707 0.6978
294 1708 0.2038
294 1709 0.2568
294 1711 0.2038
294 1712 0.9948
294 1713 0.3350
294 1714 0.6386
294 1715 0.2038
294 1716 0.1845
294 1717 0.9993
294 1718 0.2845
294 1720 0.1706
294 1721 0.0791
294 1723 0.2484
294 1724 0.3189
294 1725 0.2327
294 1726 0.1336
294 1728 0.2498
294 1729 0.1935
294 1730 0.1708
295 296 0.2783
295 297 0.2034
295 298 0.0845
295 299 0.0794
295 300 0.1557
295 301 0.3240
295 304 0.1618
295 305 0.1618
295 306 0.1853
295 307 0.1449
295 308 0.1392
295 309 0.4698
295 310 0.1552
295 311 0.5230
295 312 0.0707
295 313 0.4603
295 314 0.0707
295 315 0.3443
295 316 0.0848
295 317 0.4527
295 318 0.1168
295 319 0.4289
295 320 0.1385
295 321 0.2279
295 323 0.1474
295 324 0.3590
295 325 0.1464
295 326 0.1561
295 327 0.0944
295 328 0.1447
295 329 0.4391
295 330 0.1572
295 331 0.2323
295 332 0.1358
295 333 0.1553
295 334 0.1884
295 335 0.1099
295 336 0.5144
295 337 0.1529
295 338 0.1032
295 339 0.1161
295 340 0.1568
295 341 0.1230
295 342 0.0835
295 343 0.1445
295 344 0.2075
295 346 0.2088
295 347 0.2109
295 348 0.4487
295 349 0.0740
295 350 0.1809
295 351 0.1005
295 352 0.1372
295 353 0.1963
295 354 0.0978
295 355 0.1355
295 356 0.1503
295 357 0.1863
295 358 0.1416
295 359 0.0766
295 360 0.1355
295 361 0.0813
295 362 0.1499
295 363 0.0634
295 364 0.2808
295 366 0.1365
295 367 0.3083
295 368 0.0882
295 369 0.1009
295 370 0.4608
295 371 0.5813
295 372 0.1559
295 373 0.1245
295 374 0.0351
295 375 0.5790
295 376 0.2866
295 377 0.1201
295 378 0.1589
295 379 0.4222
295 380 0.6263
295 381 0.1062
295 382 0.0778
295 383 0.1780
295 384 0.1126
295 385 0.3956
295 386 0.0654
295 387 0.5249
295 388 0.2236
295 389 0.1251
295 390 0.1395
295 391 0.5833
295 392 0.1399
295 393 0.1282
295 394 0.5173
295 395 0.1254
295 396 0.4767
295 397 0.2571
295 398 0.1219
295 399 0.1522
295 400 0.1380
295 402 0.1552
295 403 0.5803
295 404 0.0816
295 405 0.0799
295 406 0.3420
295 407 0.1615
295 408 0.1037
295 409 0.4666
295 410 0.1734
295 411 0.1661
295 412 0.4024
295 413 0.5731
295 414 0.3513
295 415 0.2317
295 416 0.1622
295 418 0.3959
295 419 0.1660
295 420 0.1323
295 421 0.1838
295 422 0.0685
295 423 0.1037
295 424 0.1454
295 425 0.5704
295 426 0.1662
295 427 0.3439
295 428 0.2128
295 430 0.1420
295 432 0.0814
295 433 0.0770
295 434 0.4479
295 435 0.2581
295 436 0.1474
295 437 0.0959
295 438 0.2911
295 439 0.1120
295 440 0.1189
295 441 0.2627
295 442 0.2771
295 443 0.0850
295 444 0.1516
295 445 0.0843
295 447 0.1162
295 448 0.1832
295 449 0.4501
295 450 0.1251
295 451 0.0895
295 452 0.0765
295 453 0.1075
295 454 0.7169
295 455 0.2721
295 456 0.2316
295 457 0.1611
295 458 0.1096
295 459 0.1563
295 460 0.1398
295 461 0.1255
295 462 0.1251
295 463 0.4916
295 464 0.1504
295 465 0.1219
295 466 0.4795
295 467 0.0663
295 468 0.1737
295 469 0.5196
295 470 0.5194
295 471 0.1446
295 472 0.0857
295 474 0.4019
295 475 0.1183
295 476 0.1748
295 478 0.1120
295 479 0.2695
295 480 0.0765
295 481 0.2119
295 482 0.2931
295 484 0.5981
295 485 0.0981
295 486 0.1745
295 487 0.5512
295 488 0.5604
295 489 0.0962
295 490 0.1922
295 491 0.0808
295 492 0.2877
295 494 0.1591
295 495 0.4329
295 496 0.1628
295 497 0.1290
295 498 0.1046
295 499 0.5331
295 500 0.1758
295 501 0.0906
295 503 0.1395
295 504 0.1169
295 505 0.1953
295 506 0.1876
295 507 0.3442
295 508 0.1381
295 509 0.1403
295 510 0.1088
295 511 0.2068
295 512 0.1488
295 513 0.4790
295 514 0.4052
295 515 0.1495
295 516 0.2052
295 517 0.1318
295 518 0.1438
295 519 0.0967
295 520 0.0764
295 521 0.1544
295 522 0.1626
295 523 0.3473
295 525 0.0889
295 526 0.1406
295 527 0.7091
295 528 0.3473
295 529 0.0857
295 530 0.1963
295 531 0.1121
295 532 0.1045
295 533 0.1576
295 534 0.1870
295 535 0.1071
295 536 0.2350
295 537 0.3001
295 538 0.2062
295 539 0.1214
295 540 0.1586
295 541 0.2333
295 542 0.2071
295 543 0.0972
295 544 0.1295
295 545 0.4391
295 546 0.1465
295 547 0.1091
295 548 0.6122
295 549 0.2867
295 550 0.1501
295 551 0.1587
295 552 0.1788
295 553 0.1620
295 554 0.1981
295 555 0.1936
295 556 0.0775
295 557 0.4580
295 558 0.1477
295 559 0.1787
295 560 0.3680
295 561 0.0925
295 562 0.1207
295 563 0.8067
295 564 0.1622
295 565 0.1495
295 567 0.1155
295 568 0.4671
295 569 0.1333
295 570 0.1434
295 571 0.5583
295 572 0.1297
295 573 0.1819
295 574 0.5821
295 575 0.1339
295 576 0.3271
295 577 0.1786
295 578 0.1592
295 579 0.7341
295 581 0.3529
295 582 0.0612
295 583 0.0740
295 584 0.5327
295 585 0.3653
295 586 0.1608
295 587 0.2165
295 589 0.1310
295 590 0.3666
295 591 0.0861
295 592 0.1490
295 593 0.1111
295 594 0.1438
295 595 0.1750
295 599 0.1657
295 600 0.1594
295 601 0.0780
295 602 0.1475
295 604 0.0828
295 605 0.1140
295 606 0.2159
295 607 0.3471
295 608 0.1430
295 609 0.1133
295 610 0.1580
295 611 0.1587
295 612 0.1230
295 613 0.0818
295 614 0.1567
295 615 0.1019
295 616 0.2174
295 617 0.1590
295 618 0.2274
295 619 0.4015
295 620 0.1050
295 621 0.0749
295 622 0.1807
295 623 0.1330
295 624 0.1032
295 625 0.3812
295 626 0.1050
295 627 0.1092
295 628 0.1791
295 629 0.2688
295 630 0.1195
295 631 0.1185
295 632 0.6906
295 633 0.6301
295 634 0.1327
295 635 0.4019
295 636 0.1140
295 637 0.4524
295 638 0.2091
295 639 0.3658
295 640 0.0916
295 641 0.3021
295 642 0.1286
295 643 0.1639
295 644 0.1443
295 645 0.1752
295 646 0.1313
295 648 0.0628
295 649 0.0615
295 650 0.1651
295 651 0.5011
295 652 0.1361
295 653 0.1015
295 654 0.3192
295 655 0.0909
295 656 0.0692
295 657 0.1119
295 658 0.1645
295 659 0.1421
295 660 0.1048
295 661 0.1214
295 662 0.1789
295 663 0.1777
295 664 0.3698
295 665 0.1446
295 666 0.1166
295 667 0.1176
295 668 0.1251
295 670 0.1999
295 671 0.1524
295 672 0.1082
295 673 0.1108
295 674 0.1022
295 675 0.4701
295 676 0.1080
295 677 0.1278
295 678 0.1620
295 679 0.2630
295 680 0.1514
295 681 0.1138
295 683 0.1919
295 684 0.2719
295 685 0.2731
295 686 0.2751
295 687 0.1627
295 688 0.1096
295 689 0.3440
295 690 0.0757
295 691 0.1202
295 692 0.0715
295 694 0.1101
295 695 0.2384
295 696 0.1060
295 697 0.1582
295 698 0.2149
295 699 0.3424
295 700 0.1133
295 701 0.1168
295 702 0.4503
295 703 0.3631
295 704 0.5662
295 705 0.1095
295 706 0.1090
295 707 0.2413
295 708 0.1212
295 709 0.2035
295 710 0.1290
295 711 0.2200
295 712 0.0541
295 713 0.1507
295 714 0.1989
295 716 0.4019
295 717 0.1512
295 718 0.1106
295 720 0.1117
295 721 0.1540
295 722 0.3593
295 723 0.1043
295 724 0.1446
295 725 0.0946
295 726 0.3956
295 727 0.4454
295 728 0.3341
295 729 0.2196
295 730 0.1196
295 731 0.2725
295 732 0.3936
295 733 0.1194
295 734 0.1305
295 735 0.1492
295 736 0.3389
295 737 0.4772
295 738 0.1251
295 740 0.1505
295 741 0.2422
295 742 0.1064
295 743 0.1650
295 744 0.4918
295 745 0.3021
295 746 0.2435
295 747 0.0708
295 748 0.4835
295 749 0.1646
295 750 0.1737
295 751 0.1402
295 752 0.6525
295 753 0.3309
295 755 0.5177
295 756 0.3125
295 757 0.3042
295 758 0.1344
295 759 0.0851
295 760 0.1079
295 761 0.2109
295 762 0.1251
295 763 0.2905
295 764 0.2285
295 766 0.1622
295 767 0.1932
295 768 0.4514
295 769 0.1864
295 770 0.1636
295 771 0.0666
295 772 0.1693
295 773 0.0728
295 774 0.1928
295 775 0.6010
295 776 0.2194
295 777 0.3188
295 778 0.3861
295 780 0.1257
295 781 0.1163
295 782 0.2131
295 783 0.5649
295 784 0.1238
295 785 0.2391
295 786 0.2089
295 787 0.1148
295 788 0.1910
295 789 0.3628
295 791 0.1213
295 792 0.1345
295 793 0.2905
295 794 0.1517
295 795 0.0757
295 796 0.1285
295 797 0.2313
295 798 0.0578
295 799 0.6533
295 800 0.1952
295 801 0.1541
295 802 0.0808
295 803 0.1174
295 804 0.5342
295 805 0.6614
295 806 0.1223
295 807 0.1096
295 808 0.2490
295 809 0.0883
295 810 0.1432
295 811 0.4028
295 813 0.2224
295 814 0.1430
295 815 0.1708
295 816 0.0879
295 817 0.2901
295 818 0.1099
295 819 0.1279
295 820 0.1279
295 821 0.1352
295 822 0.3555
295 823 0.1495
295 824 0.1880
295 825 0.4925
295 827 0.6018
295 828 0.4478
295 829 0.4532
295 830 0.1866
295 831 0.3475
295 832 0.6985
295 833 0.1279
295 834 0.3215
295 835 0.1048
295 836 0.1547
295 837 0.1019
295 838 0.5397
295 839 0.0888
295 840 0.1105
295 841 0.0961
295 842 0.1373
295 843 0.2366
295 844 0.1846
295 845 0.2260
295 846 0.3205
295 848 0.1235
295 849 0.4751
295 850 0.4019
295 851 0.9237
295 852 0.1736
295 853 0.1062
295 854 0.1390
295 855 0.1712
295 856 0.2633
295 857 0.0987
295 858 0.5025
295 859 0.1941
295 860 0.0502
295 861 0.2598
295 862 0.1873
295 864 0.1578
295 865 0.2627
295 866 0.2301
295 867 0.1230
295 868 0.1269
295 869 0.0727
295 870 0.6189
295 871 0.2885
295 872 0.8781
295 873 0.1096
295 874 0.1458
295 875 0.0703
295 876 0.1838
295 877 0.1512
295 878 0.1880
295 880 0.2573
295 881 0.1955
295 882 0.1988
295 883 0.3996
295 885 0.1469
295 886 0.1441
295 887 0.7096
295 888 0.1251
295 889 0.1281
295 890 0.1447
295 891 0.3474
295 892 0.1443
295 893 0.2631
295 894 0.3380
295 895 0.3339
295 896 0.1782
295 897 0.1096
295 898 0.1412
295 900 0.1573
295 901 0.1265
295 903 0.2245
295 905 0.0914
295 906 0.1791
295 907 0.1040
295 908 0.1991
295 909 0.4079
295 910 0.0757
295 911 0.1370
295 912 0.2037
295 913 0.1830
295 914 0.1196
295 915 0.4255
295 916 0.1580
295 918 0.1922
295 919 0.1099
295 920 0.2588
295 921 0.3507
295 922 0.1534
295 924 0.1549
295 928 0.5611
295 929 0.7782
295 930 0.4098
295 932 0.1989
295 933 0.1062
295 934 0.1026
295 935 0.6162
295 936 0.1294
295 937 0.1251
295 938 0.0997
295 939 0.1251
295 940 0.2147
295 941 0.1187
295 942 0.4446
295 943 0.1376
295 944 0.1094
295 946 0.1419
295 947 0.3400
295 948 0.3397
295 949 0.1254
295 950 0.5509
295 951 0.1911
295 952 0.3067
295 953 0.2046
295 954 0.2553
295 955 0.0878
295 957 0.0879
295 958 0.1507
295 959 0.1859
295 960 0.6723
295 961 0.1112
295 962 0.2438
295 963 0.1952
295 964 0.2416
295 965 0.1573
295 966 0.2001
295 967 0.1191
295 968 0.3520
295 969 0.2655
295 971 0.1468
295 972 0.1113
295 973 0.1257
295 974 0.7885
295 976 0.1099
295 977 0.2823
295 978 0.2484
295 979 0.6909
295 980 0.1379
295 981 0.2138
295 982 0.1062
295 983 0.0781
295 984 0.3269
295 985 0.0981
295 987 0.1910
295 989 0.2156
295 990 0.1047
295 991 0.1501
295 993 0.6917
295 994 0.2198
295 995 0.5310
295 996 0.1279
295 999 0.1397
295 1000 0.1512
295 1001 0.1423
295 1002 0.1345
295 1003 0.2664
295 1004 0.1735
295 1005 0.1408
295 1006 0.3004
295 1007 0.1153
295 1008 0.1523
295 1010 0.1062
295 1013 0.1062
295 1014 0.1517
295 1015 0.2766
295 1016 0.2705
295 1017 0.1538
295 1018 0.0751
295 1019 0.2282
295 1020 0.3405
295 1022 0.0757
295 1023 0.1201
295 1024 0.1214
295 1025 0.1251
295 1026 0.1214
295 1027 0.1206
295 1029 0.3735
295 1030 0.2105
295 1031 0.0757
295 1032 0.0675
295 1033 0.1386
295 1034 0.1953
295 1035 0.2332
295 1036 0.0567
295 1037 0.3299
295 1039 0.1251
295 1040 0.0562
295 1041 0.1936
295 1042 0.2955
295 1043 0.1378
295 1044 0.1088
295 1045 0.0976
295 1046 0.1181
295 1047 0.4549
295 1048 0.5086
295 1049 0.5284
295 1050 0.3304
295 1051 0.1646
295 1052 0.1096
295 1053 0.1140
295 1054 0.1974
295 1055 0.1062
295 1056 0.1593
295 1057 0.3764
295 1058 0.2000
295 1059 0.1060
295 1060 0.1013
295 1061 0.2149
295 1062 0.4997
295 1063 0.1566
295 1065 0.2989
295 1066 0.2154
295 1067 0.3409
295 1068 0.5219
295 1069 0.2352
295 1070 0.1090
295 1071 0.1392
295 1072 0.1696
295 1073 0.0995
295 1075 0.2675
295 1076 0.1923
295 1078 0.1725
295 1079 0.2979
295 1080 0.1297
295 1081 0.0642
295 1082 0.0855
295 1083 0.5597
295 1084 0.1690
295 1085 0.2476
295 1087 0.1062
295 1089 0.1973
295 1090 0.1760
295 1092 0.0808
295 1093 0.2833
295 1094 0.0850
295 1095 0.1322
295 1096 0.1112
295 1097 0.1879
295 1099 0.7437
295 1102 0.1709
295 1103 0.1642
295 1104 0.1591
295 1105 0.4968
295 1106 0.0925
295 1107 0.0952
295 1108 0.2705
295 1109 0.1211
295 1110 0.1470
295 1111 0.1117
295 1113 0.1140
295 1115 0.1660
295 1116 0.1607
295 1117 0.1081
295 1118 0.4725
295 1119 0.1341
295 1120 0.1446
295 1121 0.1944
295 1122 0.1870
295 1123 0.1417
295 1124 0.2787
295 1125 0.3021
295 1126 0.4480
295 1127 0.1381
295 1128 0.3999
295 1129 0.1146
295 1130 0.4612
295 1132 0.1795
295 1133 0.1451
295 1134 0.2258
295 1135 0.7015
295 1136 0.1093
295 1138 0.3146
295 1141 0.1580
295 1142 0.4048
295 1143 0.2724
295 1144 0.1370
295 1145 0.1736
295 1146 0.2252
295 1148 0.1251
295 1149 0.1062
295 1150 0.4643
295 1151 0.1105
295 1152 0.4552
295 1153 0.3528
295 1154 0.6909
295 1156 0.1489
295 1157 0.2154
295 1158 0.1941
295 1159 0.1197
295 1160 0.3122
295 1161 0.2927
295 1162 0.1889
295 1163 0.0648
295 1165 0.1860
295 1166 0.1741
295 1167 0.3249
295 1169 0.4348
295 1170 0.1251
295 1172 0.2945
295 1173 0.1251
295 1176 0.2759
295 1177 0.2260
295 1178 0.2005
295 1180 0.4861
295 1181 0.2113
295 1182 0.1096
295 1183 0.1080
295 1185 0.3920
295 1186 0.1121
295 1187 0.4319
295 1188 0.5293
295 1189 0.1981
295 1191 0.1251
295 1192 0.1136
295 1193 0.5753
295 1194 0.3721
295 1195 0.0993
295 1197 0.2103
295 1198 0.1062
295 1199 0.1592
295 1200 0.3304
295 1201 0.0821
295 1202 0.1445
295 1203 0.1251
295 1204 0.1875
295 1205 0.1957
295 1206 0.1729
295 1207 0.1389
295 1208 0.3456
295 1210 0.1953
295 1211 0.1636
295 1212 0.2475
295 1213 0.0856
295 1214 0.1743
295 1215 0.1464
295 1216 0.1796
295 1217 0.2230
295 1218 0.1150
295 1219 0.2029
295 1220 0.1251
295 1221 0.1266
295 1222 0.1456
295 1223 0.1168
295 1224 0.1709
295 1225 0.4381
295 1226 0.1913
295 1227 0.1052
295 1229 0.1546
295 1230 0.2258
295 1231 0.1173
295 1233 0.1420
295 1235 0.1368
295 1236 0.1817
295 1237 0.1169
295 1238 0.0985
295 1239 0.1817
295 1240 0.4389
295 1241 0.0757
295 1242 0.3615
295 1243 0.1016
295 1244 0.1281
295 1245 0.2344
295 1246 0.2574
295 1247 0.1257
295 1248 0.1914
295 1249 0.0941
295 1250 0.2839
295 1251 0.1849
295 1252 0.1682
295 1253 0.1345
295 1254 0.0793
295 1255 0.1056
295 1256 0.1503
295 1258 0.2102
295 1259 0.1362
295 1260 0.2955
295 1262 0.3330
295 1263 0.1260
295 1265 0.1623
295 1266 0.1279
295 1267 0.0810
295 1268 0.1190
295 1269 0.4527
295 1270 0.1736
295 1271 0.1942
295 1272 0.1251
295 1273 0.0999
295 1274 0.1042
295 1275 0.2036
295 1276 0.2936
295 1278 0.0692
295 1279 0.0975
295 1280 0.1534
295 1281 0.1520
295 1282 0.0876
295 1283 0.2796
295 1284 0.0722
295 1286 0.1336
295 1287 0.1714
295 1288 0.0882
295 1289 0.1406
295 1290 0.1835
295 1291 0.1729
295 1292 0.2395
295 1293 0.1087
295 1295 0.1251
295 1296 0.1129
295 1298 0.0636
295 1299 0.1646
295 1300 0.1646
295 1301 0.1218
295 1302 0.1096
295 1303 0.2023
295 1304 0.2906
295 1305 0.1926
295 1306 0.0694
295 1308 0.2288
295 1309 0.1053
295 1310 0.2981
295 1311 0.1096
295 1312 0.2109
295 1313 0.1541
295 1315 0.1563
295 1316 0.5552
295 1318 0.1474
295 1319 0.1322
295 1322 0.0479
295 1323 0.3731
295 1324 0.1168
295 1325 0.2147
295 1326 0.1016
295 1327 0.2094
295 1328 0.1360
295 1329 0.1665
295 1330 0.3198
295 1331 0.1813
295 1332 0.1209
295 1333 0.1212
295 1334 0.1130
295 1335 0.1998
295 1336 0.1729
295 1337 0.1816
295 1338 0.3830
295 1339 0.2097
295 1340 0.1870
295 1341 0.1999
295 1342 0.3118
295 1343 0.1527
295 1344 0.4198
295 1345 0.3010
295 1346 0.1349
295 1348 0.2116
295 1349 0.1996
295 1350 0.3006
295 1351 0.1494
295 1352 0.2145
295 1353 0.2674
295 1354 0.1279
295 1356 0.1473
295 1357 0.1494
295 1358 0.1743
295 1359 0.1559
295 1360 0.1109
295 1361 0.1415
295 1362 0.2043
295 1364 0.1029
295 1365 0.1251
295 1366 0.1096
295 1367 0.2140
295 1368 0.3507
295 1369 0.4153
295 1370 0.2527
295 1371 0.0960
295 1372 0.1313
295 1373 0.1971
295 1374 0.2407
295 1377 0.3306
295 1378 0.2924
295 1379 0.2397
295 1380 0.4053
295 1381 0.2472
295 1382 0.1072
295 1383 0.2589
295 1384 0.1854
295 1385 0.1843
295 1386 0.1874
295 1387 0.1593
295 1388 0.1615
295 1389 0.1607
295 1390 0.1792
295 1392 0.1333
295 1393 0.1251
295 1394 0.1645
295 1395 0.2046
295 1396 0.1265
295 1397 0.2025
295 1398 0.1964
295 1399 0.2122
295 1401 0.2328
295 1402 0.0981
295 1405 0.2851
295 1406 0.4960
295 1407 0.2736
295 1408 0.2548
295 1409 0.1474
295 1411 0.1911
295 1412 0.1214
295 1414 0.3830
295 1416 0.1911
295 1418 0.1906
295 1419 0.1470
295 1420 0.2567
295 1421 0.2707
295 1422 0.1441
295 1423 0.4256
295 1425 0.4737
295 1426 0.4868
295 1427 0.3330
295 1428 0.2814
295 1431 0.1251
295 1433 0.2184
295 1434 0.9930
295 1435 0.6273
295 1436 0.3035
295 1437 0.3665
295 1438 0.2404
295 1439 0.4101
295 1440 0.4688
295 1441 0.1098
295 1443 0.2695
295 1445 0.2447
295 1446 0.3504
295 1448 0.1969
295 1449 0.1645
295 1451 0.1616
295 1452 0.1891
295 1453 0.1816
295 1454 0.2010
295 1455 0.1897
295 1456 0.1385
295 1457 0.0769
295 1458 0.1856
295 1459 0.0995
295 1460 0.2657
295 1461 0.1062
295 1462 0.0931
295 1463 0.1137
295 1464 0.1117
295 1465 0.3500
295 1466 0.1361
295 1468 0.1750
295 1470 0.1251
295 1472 0.1585
295 1473 0.1064
295 1475 0.1846
295 1476 0.1257
295 1477 0.1260
295 1478 0.1928
295 1479 0.1586
295 1480 0.1096
295 1481 0.1846
295 1482 0.1665
295 1484 0.3212
295 1485 0.2056
295 1486 0.1279
295 1487 0.2054
295 1490 0.1274
295 1491 0.0948
295 1492 0.0981
295 1493 0.1768
295 1494 0.2051
295 1496 0.1601
295 1497 0.4764
295 1498 0.1665
295 1499 0.1184
295 1500 0.1803
295 1501 0.2415
295 1503 0.2853
295 1504 0.2197
295 1505 0.1489
295 1506 0.1279
295 1507 0.2578
295 1508 0.1954
295 1510 0.2823
295 1511 0.1729
295 1512 0.2016
295 1513 0.1114
295 1515 0.1345
295 1516 0.3801
295 1517 0.2300
295 1518 0.0813
295 1519 0.0952
295 1520 0.6144
295 1522 0.1312
295 1525 0.1874
295 1526 0.2001
295 1527 0.1514
295 1528 0.1183
295 1529 0.1602
295 1530 0.0534
295 1531 0.1279
295 1532 0.1141
295 1534 0.1541
295 1535 0.2016
295 1536 0.0856
295 1537 0.1736
295 1538 0.0761
295 1540 0.1082
295 1541 0.2050
295 1542 0.1809
295 1544 0.1831
295 1545 0.1062
295 1546 0.1625
295 1547 0.1864
295 1548 0.1899
295 1549 0.1022
295 1550 0.0995
295 1551 0.0771
295 1552 0.1665
295 1554 0.1255
295 1555 0.1062
295 1557 0.1494
295 1565 0.1075
295 1566 0.2238
295 1567 0.0648
295 1568 0.1168
295 1569 0.2239
295 1570 0.1394
295 1571 0.5912
295 1572 0.2645
295 1573 0.1416
295 1574 0.0891
295 1575 0.1609
295 1576 0.1540
295 1577 0.2251
295 1578 0.1878
295 1579 0.3151
295 1580 0.1375
295 1581 0.3815
295 1582 0.2580
295 1583 0.2721
295 1584 0.1072
295 1585 0.2190
295 1586 0.0774
295 1587 0.1432
295 1588 0.1405
295 1589 0.0757
295 1590 0.4424
295 1591 0.1217
295 1592 0.1959
295 1593 0.3587
295 1594 0.1266
295 1595 0.1254
295 1596 0.1609
295 1597 0.1452
295 1598 0.1062
295 1599 0.2370
295 1600 0.1241
295 1601 0.1283
295 1602 0.1611
295 1603 0.2666
295 1604 0.1212
295 1605 0.1096
295 1606 0.3395
295 1607 0.1470
295 1608 0.3894
295 1609 0.1625
295 1610 0.0757
295 1612 0.1096
295 1613 0.2280
295 1614 0.1665
295 1616 0.1096
295 1617 0.1599
295 1618 0.2709
295 1619 0.2536
295 1620 0.4703
295 1621 0.1982
295 1622 0.2713
295 1623 0.1467
295 1624 0.3995
295 1625 0.3932
295 1626 0.3461
295 1627 0.1076
295 1628 0.0757
295 1629 0.1742
295 1630 0.2983
295 1631 0.1515
295 1632 0.1158
295 1633 0.1560
295 1634 0.0922
295 1636 0.1517
295 1637 0.2146
295 1638 0.2016
295 1639 0.1212
295 1640 0.1679
295 1641 0.0757
295 1642 0.1281
295 1643 0.2730
295 1645 0.1524
295 1646 0.1981
295 1647 0.2054
295 1648 0.2419
295 1649 0.3579
295 1650 0.1062
295 1652 0.0950
295 1653 0.1953
295 1654 0.2307
295 1655 0.2291
295 1657 0.1096
295 1658 0.0847
295 1659 0.1695
295 1660 0.2073
295 1661 0.0979
295 1662 0.1432
295 1663 0.1931
295 1664 0.0692
295 1665 0.1214
295 1666 0.2087
295 1667 0.1131
295 1668 0.1950
295 1669 0.0754
295 1670 0.1214
295 1671 0.1430
295 1672 0.1587
295 1674 0.1373
295 1675 0.1062
295 1676 0.1430
295 1678 0.2597
295 1680 0.4044
295 1681 0.1939
295 1682 0.0984
295 1683 0.2102
295 1684 0.2676
295 1685 0.1512
295 1686 0.2721
295 1687 0.1180
295 1688 0.1140
295 1689 0.8501
295 1690 0.2398
295 1691 0.3928
295 1692 0.1151
295 1694 0.3237
295 1695 0.1251
295 1696 0.1096
295 1697 0.0728
295 1699 0.3143
295 1700 0.2214
295 1701 0.1903
295 1702 0.2095
295 1703 0.5369
295 1704 0.1729
295 1705 0.1580
295 1706 0.3397
295 1707 0.5066
295 1708 0.3021
295 1709 0.2447
295 1711 0.3021
295 1712 0.9900
295 1713 0.4799
295 1714 0.5350
295 1715 0.3021
295 1716 0.2447
295 1717 0.9882
295 1718 0.1251
295 1720 0.1852
295 1721 0.2016
295 1723 0.4641
295 1724 0.2657
295 1725 0.4929
295 1726 0.1096
295 1728 0.2147
295 1729 0.1832
295 1730 0.4812
296 297 0.1181
296 298 0.4704
296 299 0.1869
296 300 0.1272
296 301 0.1428
296 304 0.4627
296 305 0.5814
296 306 0.1941
296 307 0.2104
296 308 0.6518
296 309 0.1999
296 310 0.7001
296 311 0.6175
296 312 0.1309
296 313 0.4389
296 314 0.1163
296 315 0.1258
296 316 0.1498
296 317 0.3957
296 318 0.1204
296 319 0.4075
296 320 0.1989
296 321 0.1265
296 323 0.4849
296 324 0.4278
296 325 0.2186
296 326 0.3310
296 327 0.3096
296 328 0.5931
296 329 0.2783
296 330 0.4710
296 331 0.1562
296 332 0.1596
296 333 0.1499
296 334 0.1652
296 335 0.0999
296 336 0.3964
296 337 0.1778
296 338 0.1162
296 339 0.4193
296 340 0.3812
296 341 0.0983
296 342 0.2304
296 343 0.1510
296 344 0.1651
296 346 0.3286
296 347 0.7390
296 348 0.7381
296 349 0.1858
296 350 0.0770
296 351 0.1202
296 352 0.1841
296 353 0.1494
296 354 0.1680
296 355 0.1144
296 356 0.1211
296 357 0.1753
296 358 0.0600
296 359 0.1849
296 360 0.1144
296 361 0.1345
296 362 0.1256
296 363 0.1141
296 364 0.1399
296 366 0.1490
296 367 0.3383
296 368 0.1524
296 369 0.2506
296 370 0.3361
296 371 0.4919
296 372 0.6193
296 373 0.0980
296 374 0.2016
296 375 0.7505
296 376 0.5298
296 377 0.1298
296 378 0.1860
296 379 0.7902
296 380 0.5742
296 381 0.4337
296 382 0.2864
296 383 0.0938
296 384 0.3580
296 385 0.4602
296 386 0.3974
296 387 0.5018
296 388 0.1716
296 389 0.1769
296 390 0.4251
296 391 0.5009
296 392 0.3887
296 393 0.2533
296 394 0.4219
296 395 0.8103
296 396 0.5805
296 397 0.8456
296 398 0.1492
296 399 0.6494
296 400 0.2367
296 402 0.0997
296 403 0.4833
296 404 0.0725
296 405 0.3398
296 406 0.1904
296 407 0.1306
296 408 0.6951
296 409 0.2825
296 410 0.2183
296 411 0.3992
296 412 0.6431
296 413 0.4783
296 414 0.2274
296 415 0.3713
296 416 0.1717
296 418 0.6028
296 419 0.1568
296 420 0.1835
296 421 0.2003
296 422 0.1850
296 423 0.6144
296 424 0.6560
296 425 0.5496
296 426 0.1676
296 427 0.2589
296 428 0.6527
296 430 0.1644
296 432 0.1011
296 433 0.0565
296 434 0.1707
296 435 0.1176
296 436 0.4420
296 437 0.5623
296 438 0.8870
296 439 0.2013
296 440 0.1827
296 441 0.5535
296 442 0.0966
296 443 0.0439
296 444 0.1196
296 445 0.1076
296 447 0.1682
296 448 0.1499
296 449 0.9398
296 450 0.1769
296 451 0.0479
296 452 0.1926
296 453 0.1452
296 454 0.7297
296 455 0.7623
296 456 0.6948
296 457 0.7375
296 458 0.3042
296 459 0.2171
296 460 0.2219
296 461 0.2159
296 462 0.1769
296 463 0.3311
296 464 0.4770
296 465 0.1379
296 466 0.4789
296 467 0.0754
296 468 0.1827
296 469 0.5839
296 470 0.5805
296 471 0.1087
296 472 0.1704
296 474 0.4319
296 475 0.1078
296 476 0.1187
296 478 0.1439
296 479 0.1881
296 480 0.1474
296 481 0.1078
296 482 0.5054
296 484 0.7290
296 485 0.1307
296 486 0.1344
296 487 0.2790
296 488 0.4959
296 489 0.1202
296 490 0.1736
296 491 0.1513
296 492 0.5343
296 494 0.1144
296 495 0.2263
296 496 0.0919
296 497 0.1356
296 498 0.1403
296 499 0.6868
296 500 0.2074
296 501 0.1241
296 503 0.2650
296 504 0.2176
296 505 0.8533
296 506 0.0748
296 507 0.1164
296 508 0.1895
296 509 0.4455
296 510 0.2673
296 511 0.5780
296 512 0.3045
296 513 0.4164
296 514 0.5718
296 515 0.0583
296 516 0.2007
296 517 0.1605
296 518 0.2350
296 519 0.1638
296 520 0.1372
296 521 0.1134
296 522 0.1532
296 523 0.1911
296 525 0.2443
296 526 0.1034
296 527 0.7402
296 528 0.3530
296 529 0.1036
296 530 0.7603
296 531 0.2228
296 532 0.1156
296 533 0.1882
296 534 0.1710
296 535 0.1503
296 536 0.2919
296 537 0.2941
296 538 0.1161
296 539 0.5939
296 540 0.5020
296 541 0.4281
296 542 0.3991
296 543 0.1336
296 544 0.0863
296 545 0.2783
296 546 0.4271
296 547 0.1951
296 548 0.4215
296 549 0.4626
296 550 0.1210
296 551 0.1412
296 552 0.1343
296 553 0.1401
296 554 0.1224
296 555 0.8452
296 556 0.1718
296 557 0.6720
296 558 0.2524
296 559 0.1406
296 560 0.1869
296 561 0.7722
296 562 0.1502
296 563 0.7712
296 564 0.2526
296 565 0.1447
296 567 0.6071
296 568 0.8890
296 569 0.1692
296 570 0.7552
296 571 0.2907
296 572 0.7897
296 573 0.2151
296 574 0.4008
296 575 0.0847
296 576 0.3602
296 577 0.1033
296 578 0.5813
296 579 0.7650
296 581 0.4142
296 582 0.2218
296 583 0.4061
296 584 0.2958
296 585 0.5758
296 586 0.1553
296 587 0.1384
296 589 0.1541
296 590 0.2046
296 591 0.0609
296 592 0.2753
296 593 0.6216
296 594 0.3337
296 595 0.2554
296 599 0.2665
296 600 0.0709
296 601 0.7488
296 602 0.1970
296 604 0.1551
296 605 0.1493
296 606 0.6162
296 607 0.5638
296 608 0.2919
296 609 0.6356
296 610 0.0879
296 611 0.0937
296 612 0.0954
296 613 0.2367
296 614 0.1376
296 615 0.2640
296 616 0.1475
296 617 0.1744
296 618 0.1155
296 619 0.3898
296 620 0.0575
296 621 0.6634
296 622 0.1507
296 623 0.1242
296 624 0.1537
296 625 0.5708
296 626 0.1651
296 627 0.7513
296 628 0.2502
296 629 0.1479
296 630 0.0838
296 631 0.1103
296 632 0.5215
296 633 0.5201
296 634 0.0742
296 635 0.4319
296 636 0.1493
296 637 0.1174
296 638 0.1424
296 639 0.6176
296 640 0.1238
296 641 0.2161
296 642 0.0953
296 643 0.5666
296 644 0.1294
296 645 0.3295
296 646 0.0834
296 648 0.1362
296 649 0.1337
296 650 0.6425
296 651 0.4829
296 652 0.5222
296 653 0.0993
296 654 0.4592
296 655 0.1572
296 656 0.6041
296 657 0.2494
296 658 0.7888
296 659 0.1398
296 660 0.1089
296 661 0.1360
296 662 0.1906
296 663 0.1748
296 664 0.2254
296 665 0.2340
296 666 0.2278
296 667 0.1748
296 668 0.1769
296 670 0.3681
296 671 0.5054
296 672 0.1112
296 673 0.1713
296 674 0.3602
296 675 0.6241
296 676 0.5553
296 677 0.0855
296 678 0.0908
296 679 0.4992
296 680 0.1001
296 681 0.1473
296 683 0.5872
296 684 0.1765
296 685 0.6670
296 686 0.3428
296 687 0.5305
296 688 0.1096
296 689 0.1445
296 690 0.0638
296 691 0.1029
296 692 0.2295
296 694 0.1604
296 695 0.2303
296 696 0.1331
296 697 0.0741
296 698 0.1603
296 699 0.7211
296 700 0.0820
296 701 0.1204
296 702 0.5240
296 703 0.3180
296 704 0.3806
296 705 0.2128
296 706 0.4771
296 707 0.2744
296 708 0.1390
296 709 0.0896
296 710 0.1259
296 711 0.1407
296 712 0.2711
296 713 0.1522
296 714 0.5578
296 716 0.4319
296 717 0.2289
296 718 0.1650
296 720 0.2337
296 721 0.2162
296 722 0.2215
296 723 0.6617
296 724 0.1320
296 725 0.1335
296 726 0.5769
296 727 0.2585
296 728 0.6351
296 729 0.5066
296 730 0.1442
296 731 0.3182
296 732 0.9080
296 733 0.0981
296 734 0.2379
296 735 0.1735
296 736 0.1691
296 737 0.2243
296 738 0.1769
296 740 0.8379
296 741 0.4679
296 742 0.5422
296 743 0.1089
296 744 0.6415
296 745 0.2161
296 746 0.1017
296 747 0.1685
296 748 0.4365
296 749 0.2147
296 750 0.7283
296 751 0.6752
296 752 0.7403
296 753 0.2164
296 755 0.4921
296 756 0.4660
296 757 0.1593
296 758 0.1192
296 759 0.1207
296 760 0.1023
296 761 0.5759
296 762 0.1769
296 763 0.3034
296 764 0.2746
296 766 0.1835
296 767 0.1033
296 768 0.4145
296 769 0.1772
296 770 0.5848
296 771 0.1550
296 772 0.0956
296 773 0.3255
296 774 0.2602
296 775 0.5453
296 776 0.5918
296 777 0.3353
296 778 0.1568
296 780 0.0699
296 781 0.2302
296 782 0.0968
296 783 0.2943
296 784 0.1555
296 785 0.2104
296 786 0.1124
296 787 0.0809
296 788 0.1285
296 789 0.6288
296 791 0.6207
296 792 0.1719
296 793 0.7283
296 794 0.0901
296 795 0.0638
296 796 0.0997
296 797 0.1853
296 798 0.2033
296 799 0.5415
296 800 0.4850
296 801 0.2421
296 802 0.1673
296 803 0.2938
296 804 0.2042
296 805 0.4392
296 806 0.1821
296 807 0.3042
296 808 0.1486
296 809 0.0978
296 810 0.1201
296 811 0.4300
296 813 0.5036
296 814 0.0969
296 815 0.0881
296 816 0.6353
296 817 0.1269
296 818 0.1503
296 819 0.3892
296 820 0.3892
296 821 0.6037
296 822 0.2262
296 823 0.1617
296 824 0.1431
296 825 0.5381
296 827 0.5016
296 828 0.4880
296 829 0.5962
296 830 0.2138
296 831 0.5574
296 832 0.4280
296 833 0.3892
296 834 0.2722
296 835 0.1089
296 836 0.0988
296 837 0.2295
296 838 0.4616
296 839 0.1477
