343 770 0.2564
343 771 0.1191
343 772 0.1416
343 773 0.1266
343 774 0.1709
343 775 0.2282
343 776 0.0926
343 777 0.2439
343 778 0.1773
343 780 0.3129
343 781 0.1791
343 782 0.3332
343 783 0.4239
343 784 0.0720
343 785 0.1521
343 786 0.2922
343 787 0.2586
343 788 0.1116
343 789 0.3653
343 791 0.1960
343 792 0.1717
343 793 0.1332
343 794 0.2093
343 795 0.2612
343 796 0.2028
343 797 0.1318
343 798 0.1070
343 799 0.3249
343 800 0.5011
343 801 0.0767
343 802 0.1437
343 803 0.1435
343 804 0.7448
343 805 0.2006
343 806 0.6683
343 807 0.1244
343 808 0.6715
343 809 0.2913
343 810 0.1335
343 811 0.7997
343 813 0.3368
343 814 0.2931
343 815 0.1893
343 816 0.1607
343 817 0.2307
343 818 0.1968
343 819 0.1481
343 820 0.1481
343 821 0.1208
343 822 0.1159
343 823 0.6572
343 824 0.1835
343 825 0.3475
343 827 0.2945
343 828 0.2771
343 829 0.2540
343 830 0.3182
343 831 0.4776
343 832 0.2801
343 833 0.1481
343 834 0.2388
343 835 0.1429
343 836 0.3428
343 837 0.2110
343 838 0.2502
343 839 0.1790
343 840 0.2342
343 841 0.1004
343 842 0.0758
343 843 0.2192
343 844 0.1259
343 845 0.1720
343 846 0.2217
343 848 0.1643
343 849 0.3180
343 850 0.0814
343 851 0.5412
343 852 0.1564
343 853 0.1327
343 854 0.1216
343 855 0.0882
343 856 0.2363
343 857 0.0915
343 858 0.4816
343 859 0.1178
343 860 0.0991
343 861 0.1537
343 862 0.1906
343 864 0.1144
343 865 0.2663
343 866 0.1937
343 867 0.1898
343 868 0.1285
343 869 0.4138
343 870 0.1489
343 871 0.0881
343 872 0.7762
343 873 0.1244
343 874 0.1489
343 875 0.1071
343 876 0.2925
343 877 0.0896
343 878 0.1440
343 880 0.7040
343 881 0.1437
343 882 0.1344
343 883 0.1359
343 885 0.1068
343 886 0.1180
343 887 0.2052
343 888 0.1298
343 889 0.0528
343 890 0.1567
343 891 0.5698
343 892 0.2073
343 893 0.1409
343 894 0.3309
343 895 0.1499
343 896 0.1588
343 897 0.1244
343 898 0.3178
343 900 0.1048
343 901 0.2071
343 903 0.2415
343 905 0.0970
343 906 0.1136
343 907 0.2234
343 908 0.1221
343 909 0.2564
343 910 0.2612
343 911 0.1695
343 912 0.0862
343 913 0.1436
343 914 0.2824
343 915 0.3307
343 916 0.1112
343 918 0.1614
343 919 0.1499
343 920 0.1680
343 921 0.1026
343 922 0.1306
343 924 0.1838
343 928 0.6541
343 929 0.4922
343 930 0.3937
343 932 0.1865
343 933 0.1327
343 934 0.3149
343 935 0.1853
343 936 0.2373
343 937 0.1298
343 938 0.0984
343 939 0.1298
343 940 0.1454
343 941 0.1683
343 942 0.1677
343 943 0.2587
343 944 0.0882
343 946 0.1202
343 947 0.1815
343 948 0.0958
343 949 0.1472
343 950 0.3534
343 951 0.1318
343 952 0.2292
343 953 0.1535
343 954 0.2102
343 955 0.4462
343 957 0.1607
343 958 0.3400
343 959 0.2775
343 960 0.2242
343 961 0.1950
343 962 0.1251
343 963 0.1303
343 964 0.0670
343 965 0.1933
343 966 0.1497
343 967 0.2487
343 968 0.3749
343 969 0.2169
343 971 0.6505
343 972 0.0975
343 973 0.0979
343 974 0.7046
343 976 0.1159
343 977 0.2908
343 978 0.2330
343 979 0.3448
343 980 0.2261
343 981 0.1485
343 982 0.1327
343 983 0.1140
343 984 0.0914
343 985 0.1534
343 987 0.1112
343 989 0.1416
343 990 0.1392
343 991 0.2097
343 993 0.5602
343 994 0.6137
343 995 0.2133
343 996 0.1327
343 999 0.2060
343 1000 0.1180
343 1001 0.0827
343 1002 0.2567
343 1003 0.6548
343 1004 0.3084
343 1005 0.1461
343 1006 0.1424
343 1007 0.2997
343 1008 0.1363
343 1010 0.1327
343 1013 0.1327
343 1014 0.1457
343 1015 0.1533
343 1016 0.1755
343 1017 0.0870
343 1018 0.0888
343 1019 0.1263
343 1020 0.2541
343 1022 0.2612
343 1023 0.1897
343 1024 0.2568
343 1025 0.1242
343 1026 0.2568
343 1027 0.1455
343 1029 0.1423
343 1030 0.1037
343 1031 0.2612
343 1032 0.1919
343 1033 0.2597
343 1034 0.0906
343 1035 0.2968
343 1036 0.1922
343 1037 0.1463
343 1039 0.1298
343 1040 0.1234
343 1041 0.1333
343 1042 0.1997
343 1043 0.2164
343 1044 0.5868
343 1045 0.1294
343 1046 0.4155
343 1047 0.2156
343 1048 0.2176
343 1049 0.2134
343 1050 0.1075
343 1051 0.1356
343 1052 0.1244
343 1053 0.1977
343 1054 0.1642
343 1055 0.1327
343 1056 0.1306
343 1057 0.2828
343 1058 0.0883
343 1059 0.1262
343 1060 0.1680
343 1061 0.1109
343 1062 0.4114
343 1063 0.4997
343 1065 0.1789
343 1066 0.3373
343 1067 0.6325
343 1068 0.1525
343 1069 0.1484
343 1070 0.1658
343 1071 0.1381
343 1072 0.0853
343 1073 0.1327
343 1075 0.2892
343 1076 0.1790
343 1078 0.2754
343 1079 0.0929
343 1080 0.1139
343 1081 0.1130
343 1082 0.2943
343 1083 0.8460
343 1084 0.1375
343 1085 0.2631
343 1087 0.1327
343 1089 0.1715
343 1090 0.1336
343 1092 0.1437
343 1093 0.1764
343 1094 0.1343
343 1095 0.1683
343 1096 0.2689
343 1097 0.1331
343 1099 0.8291
343 1102 0.1966
343 1103 0.1371
343 1104 0.2336
343 1105 0.3256
343 1106 0.1725
343 1107 0.3226
343 1108 0.1755
343 1109 0.2036
343 1110 0.2448
343 1111 0.1798
343 1113 0.1977
343 1115 0.1086
343 1116 0.1606
343 1117 0.4230
343 1118 0.1487
343 1119 0.1596
343 1120 0.1113
343 1121 0.0993
343 1122 0.0880
343 1123 0.2083
343 1124 0.3599
343 1125 0.1138
343 1126 0.1404
343 1127 0.1441
343 1128 0.3535
343 1129 0.0687
343 1130 0.5325
343 1132 0.3291
343 1133 0.3496
343 1134 0.1222
343 1135 0.8441
343 1136 0.3356
343 1138 0.2011
343 1141 0.2743
343 1142 0.2162
343 1143 0.4566
343 1144 0.1582
343 1145 0.1251
343 1146 0.1580
343 1148 0.1298
343 1149 0.1327
343 1150 0.5174
343 1151 0.2139
343 1152 0.7981
343 1153 0.1786
343 1154 0.4811
343 1156 0.1460
343 1157 0.2194
343 1158 0.1445
343 1159 0.1099
343 1160 0.0905
343 1161 0.1667
343 1162 0.0889
343 1163 0.1344
343 1165 0.2801
343 1166 0.1884
343 1167 0.2707
343 1169 0.1715
343 1170 0.1298
343 1172 0.1191
343 1173 0.1298
343 1176 0.1512
343 1177 0.1842
343 1178 0.3879
343 1180 0.2279
343 1181 0.1458
343 1182 0.1244
343 1183 0.1403
343 1185 0.0727
343 1186 0.1858
343 1187 0.0556
343 1188 0.1042
343 1189 0.1445
343 1191 0.1298
343 1192 0.1089
343 1193 0.2591
343 1194 0.1289
343 1195 0.1769
343 1197 0.2245
343 1198 0.1327
343 1199 0.1908
343 1200 0.1586
343 1201 0.3910
343 1202 0.2136
343 1203 0.1446
343 1204 0.1811
343 1205 0.2676
343 1206 0.3372
343 1207 0.1547
343 1208 0.2211
343 1210 0.2562
343 1211 0.3060
343 1212 0.1661
343 1213 0.2144
343 1214 0.1570
343 1215 0.2133
343 1216 0.1661
343 1217 0.0998
343 1218 0.1418
343 1219 0.1459
343 1220 0.1298
343 1221 0.0786
343 1222 0.1333
343 1223 0.0859
343 1224 0.1280
343 1225 0.6802
343 1226 0.2125
343 1227 0.1779
343 1229 0.1562
343 1230 0.1222
343 1231 0.1606
343 1233 0.1263
343 1235 0.1074
343 1236 0.0975
343 1237 0.1129
343 1238 0.2534
343 1239 0.0975
343 1240 0.3786
343 1241 0.2612
343 1242 0.2102
343 1243 0.1457
343 1244 0.1700
343 1245 0.1345
343 1246 0.1550
343 1247 0.1128
343 1248 0.3711
343 1249 0.1248
343 1250 0.2154
343 1251 0.1309
343 1252 0.2539
343 1253 0.1757
343 1254 0.0991
343 1255 0.1698
343 1256 0.0779
343 1258 0.9661
343 1259 0.1651
343 1260 0.0860
343 1262 0.2202
343 1263 0.1154
343 1265 0.2179
343 1266 0.1481
343 1267 0.1802
343 1268 0.0922
343 1269 0.4603
343 1270 0.1272
343 1271 0.1262
343 1272 0.1298
343 1273 0.1531
343 1274 0.1201
343 1275 0.1741
343 1276 0.2642
343 1278 0.1250
343 1279 0.1699
343 1280 0.1194
343 1281 0.1043
343 1282 0.0984
343 1283 0.1424
343 1284 0.1902
343 1286 0.1147
343 1287 0.1030
343 1288 0.2001
343 1289 0.1048
343 1290 0.1377
343 1291 0.0893
343 1292 0.7273
343 1293 0.1489
343 1295 0.1298
343 1296 0.1365
343 1298 0.1044
343 1299 0.1356
343 1300 0.1356
343 1301 0.0896
343 1302 0.1092
343 1303 0.1820
343 1304 0.1662
343 1305 0.1389
343 1306 0.1109
343 1308 0.2212
343 1309 0.1475
343 1310 0.0799
343 1311 0.1244
343 1312 0.1251
343 1313 0.1477
343 1315 0.0871
343 1316 0.8781
343 1318 0.1421
343 1319 0.1208
343 1322 0.1022
343 1323 0.1401
343 1324 0.1731
343 1325 0.1684
343 1326 0.1457
343 1327 0.1646
343 1328 0.1154
343 1329 0.1508
343 1330 0.1891
343 1331 0.1892
343 1332 0.1836
343 1333 0.2225
343 1334 0.1112
343 1335 0.2543
343 1336 0.0881
343 1337 0.1244
343 1338 0.1429
343 1339 0.1736
343 1340 0.1507
343 1341 0.1714
343 1342 0.1962
343 1343 0.1412
343 1344 0.5576
343 1345 0.1222
343 1346 0.1892
343 1348 0.1125
343 1349 0.1083
343 1350 0.1303
343 1351 0.1801
343 1352 0.1075
343 1353 0.1006
343 1354 0.1481
343 1356 0.2393
343 1357 0.1801
343 1358 0.1570
343 1359 0.1507
343 1360 0.0722
343 1361 0.1281
343 1362 0.1120
343 1364 0.1594
343 1365 0.1298
343 1366 0.1244
343 1367 0.3996
343 1368 0.4510
343 1369 0.6760
343 1370 0.4776
343 1371 0.1220
343 1372 0.1356
343 1373 0.1002
343 1374 0.1345
343 1377 0.1302
343 1378 0.1937
343 1379 0.1345
343 1380 0.2696
343 1381 0.0992
343 1382 0.0867
343 1383 0.1481
343 1384 0.0962
343 1385 0.1064
343 1386 0.3838
343 1387 0.1224
343 1388 0.0966
343 1389 0.1484
343 1390 0.2293
343 1392 0.1255
343 1393 0.1298
343 1394 0.0953
343 1395 0.1429
343 1396 0.1207
343 1397 0.1783
343 1398 0.1287
343 1399 0.1273
343 1401 0.1006
343 1402 0.1694
343 1405 0.3704
343 1406 0.1327
343 1407 0.2060
343 1408 0.1495
343 1409 0.1528
343 1411 0.1559
343 1412 0.2568
343 1414 0.1429
343 1416 0.1099
343 1418 0.1565
343 1419 0.0872
343 1420 0.0940
343 1421 0.1890
343 1422 0.1004
343 1423 0.1174
343 1425 0.1150
343 1426 0.5135
343 1427 0.1715
343 1428 0.1964
343 1431 0.1298
343 1433 0.1235
343 1434 0.6538
343 1435 0.1809
343 1436 0.1483
343 1437 0.2540
343 1438 0.2506
343 1439 0.2791
343 1440 0.2170
343 1441 0.1094
343 1443 0.0841
343 1445 0.1427
343 1446 0.2783
343 1448 0.2931
343 1449 0.1537
343 1451 0.2687
343 1452 0.1689
343 1453 0.1244
343 1454 0.1661
343 1455 0.0880
343 1456 0.4332
343 1457 0.1916
343 1458 0.1349
343 1459 0.1327
343 1460 0.3605
343 1461 0.1327
343 1462 0.2416
343 1463 0.0935
343 1464 0.1868
343 1465 0.1110
343 1466 0.1005
343 1468 0.1493
343 1470 0.1298
343 1472 0.4283
343 1473 0.2220
343 1475 0.1259
343 1476 0.2807
343 1477 0.1310
343 1478 0.1709
343 1479 0.2450
343 1480 0.1137
343 1481 0.1259
343 1482 0.1786
343 1484 0.1276
343 1485 0.2551
343 1486 0.1481
343 1487 0.1062
343 1490 0.0813
343 1491 0.2355
343 1492 0.1534
343 1493 0.5902
343 1494 0.0980
343 1496 0.2552
343 1497 0.3961
343 1498 0.1345
343 1499 0.4917
343 1500 0.2063
343 1501 0.1984
343 1503 0.6026
343 1504 0.5337
343 1505 0.1460
343 1506 0.1481
343 1507 0.1722
343 1508 0.1739
343 1510 0.1331
343 1511 0.1363
343 1512 0.1695
343 1513 0.2848
343 1515 0.1784
343 1516 0.4484
343 1517 0.3061
343 1518 0.3043
343 1519 0.2502
343 1520 0.8834
343 1522 0.0949
343 1525 0.0977
343 1526 0.1379
343 1527 0.2235
343 1528 0.2747
343 1529 0.1941
343 1530 0.2134
343 1531 0.1481
343 1532 0.1523
343 1534 0.1998
343 1535 0.1345
343 1536 0.2440
343 1537 0.1564
343 1538 0.1111
343 1540 0.1273
343 1541 0.1642
343 1542 0.0831
343 1544 0.1356
343 1545 0.1327
343 1546 0.1534
343 1547 0.1921
343 1548 0.2726
343 1549 0.1755
343 1550 0.1266
343 1551 0.2293
343 1552 0.1237
343 1554 0.2654
343 1555 0.1327
343 1557 0.2632
343 1565 0.1539
343 1566 0.0975
343 1567 0.1205
343 1568 0.1731
343 1569 0.1694
343 1570 0.1001
343 1571 0.1776
343 1572 0.1981
343 1573 0.3283
343 1574 0.0824
343 1575 0.1790
343 1576 0.1443
343 1577 0.1066
343 1578 0.1244
343 1579 0.1620
343 1580 0.1215
343 1581 0.1087
343 1582 0.2138
343 1583 0.2184
343 1584 0.0867
343 1585 0.5434
343 1586 0.1398
343 1587 0.1408
343 1588 0.1602
343 1589 0.2612
343 1590 0.1326
343 1591 0.1260
343 1592 0.0975
343 1593 0.1272
343 1594 0.1432
343 1595 0.2066
343 1596 0.1790
343 1597 0.1321
343 1598 0.1327
343 1599 0.1006
343 1600 0.1345
343 1601 0.1760
343 1602 0.1429
343 1603 0.1508
343 1604 0.2225
343 1605 0.1137
343 1606 0.1471
343 1607 0.1362
343 1608 0.3281
343 1609 0.1534
343 1610 0.2612
343 1612 0.1244
343 1613 0.2017
343 1614 0.1560
343 1616 0.1244
343 1617 0.1412
343 1618 0.7765
343 1619 0.1605
343 1620 0.1243
343 1621 0.5426
343 1622 0.4226
343 1623 0.1006
343 1624 0.1510
343 1625 0.1215
343 1626 0.1075
343 1627 0.1101
343 1628 0.2612
343 1629 0.0938
343 1630 0.2098
343 1631 0.0938
343 1632 0.1481
343 1633 0.2476
343 1634 0.1870
343 1636 0.1406
343 1637 0.1206
343 1638 0.1345
343 1639 0.2225
343 1640 0.1260
343 1641 0.2612
343 1642 0.1700
343 1643 0.1089
343 1645 0.1544
343 1646 0.1901
343 1647 0.1062
343 1648 0.1006
343 1649 0.1288
343 1650 0.1327
343 1652 0.0896
343 1653 0.2132
343 1654 0.1899
343 1655 0.2197
343 1657 0.1244
343 1658 0.1179
343 1659 0.1627
343 1660 0.1836
343 1661 0.1717
343 1662 0.1333
343 1663 0.1186
343 1664 0.1250
343 1665 0.1432
343 1666 0.1075
343 1667 0.1775
343 1668 0.0803
343 1669 0.0798
343 1670 0.2568
343 1671 0.1507
343 1672 0.2060
343 1674 0.1096
343 1675 0.1327
343 1676 0.1507
343 1678 0.2030
343 1680 0.0978
343 1681 0.1303
343 1682 0.1312
343 1683 0.1205
343 1684 0.1749
343 1685 0.1176
343 1686 0.1215
343 1687 0.1390
343 1688 0.1296
343 1689 0.3587
343 1690 0.0989
343 1691 0.0881
343 1692 0.1235
343 1694 0.1953
343 1695 0.1298
343 1696 0.1244
343 1697 0.1100
343 1699 0.1735
343 1700 0.1481
343 1701 0.1423
343 1702 0.1591
343 1703 0.1597
343 1704 0.1346
343 1705 0.2743
343 1706 0.0958
343 1707 0.3879
343 1708 0.1138
343 1709 0.1354
343 1711 0.1138
343 1712 0.6996
343 1713 0.1694
343 1714 0.2443
343 1715 0.1138
343 1716 0.1026
343 1717 0.7418
343 1718 0.1298
343 1720 0.1858
343 1721 0.1345
343 1723 0.1734
343 1724 0.1263
343 1725 0.0881
343 1726 0.1244
343 1728 0.1453
343 1729 0.1345
343 1730 0.1365
344 346 0.2542
344 347 0.2070
344 348 0.1046
344 349 0.1495
344 350 0.2860
344 351 0.0747
344 352 0.0948
344 353 0.1384
344 354 0.1206
344 355 0.0862
344 356 0.3045
344 357 0.2119
344 358 0.2905
344 359 0.5659
344 360 0.0862
344 361 0.0981
344 362 0.0789
344 363 0.4496
344 364 0.6185
344 366 0.1121
344 367 0.0818
344 368 0.1218
344 369 0.1071
344 370 0.1957
344 371 0.1509
344 372 0.1021
344 373 0.3776
344 374 0.4311
344 375 0.2065
344 376 0.1640
344 377 0.3263
344 378 0.1987
344 379 0.2842
344 380 0.2206
344 381 0.0828
344 382 0.0599
344 383 0.2161
344 384 0.5415
344 385 0.1280
344 386 0.1373
344 387 0.5758
344 388 0.2487
344 389 0.0975
344 390 0.1539
344 391 0.3229
344 392 0.5898
344 393 0.1806
344 394 0.1989
344 395 0.0797
344 396 0.3261
344 397 0.1365
344 398 0.5264
344 399 0.2320
344 400 0.0903
344 402 0.0842
344 403 0.2332
344 404 0.2362
344 405 0.1136
344 406 0.3778
344 407 0.0949
344 408 0.1138
344 409 0.2392
344 410 0.1243
344 411 0.4331
344 412 0.2383
344 413 0.1348
344 414 0.3605
344 415 0.1423
344 416 0.0921
344 418 0.3563
344 419 0.2638
344 420 0.0872
344 421 0.2869
344 422 0.1370
344 423 0.1582
344 424 0.1845
344 425 0.2616
344 426 0.1679
344 427 0.1379
344 428 0.2235
344 430 0.0895
344 432 0.3828
344 433 0.2806
344 434 0.5778
344 435 0.6155
344 436 0.1289
344 437 0.0911
344 438 0.2148
344 439 0.1633
344 440 0.0738
344 441 0.0949
344 442 0.4179
344 443 0.0566
344 444 0.0580
344 445 0.4490
344 447 0.1489
344 448 0.0566
344 449 0.6546
344 450 0.0975
344 451 0.1338
344 452 0.5845
344 453 0.1514
344 454 0.5898
344 455 0.1354
344 456 0.1097
344 457 0.1083
344 458 0.0837
344 459 0.0776
344 460 0.0924
344 461 0.1742
344 462 0.0975
344 463 0.2772
344 464 0.1772
344 465 0.5915
344 466 0.5497
344 467 0.4503
344 468 0.3748
344 469 0.1463
344 470 0.2849
344 471 0.2410
344 472 0.7642
344 474 0.0878
344 475 0.3531
344 476 0.1909
344 478 0.1066
344 479 0.1453
344 480 0.1047
344 481 0.2045
344 482 0.1598
344 484 0.2502
344 485 0.4080
344 486 0.1164
344 487 0.0879
344 488 0.5895
344 489 0.2069
344 490 0.1883
344 491 0.2601
344 492 0.3326
344 494 0.1209
344 495 0.5105
344 496 0.3802
344 497 0.4417
344 498 0.5776
344 499 0.1073
344 500 0.0642
344 501 0.3878
344 503 0.1049
344 504 0.0977
344 505 0.1202
344 506 0.1798
344 507 0.4319
344 508 0.5059
344 509 0.1734
344 510 0.1470
344 511 0.4704
344 512 0.0898
344 513 0.1906
344 514 0.4005
344 515 0.4480
344 516 0.4738
344 517 0.0898
344 518 0.1065
344 519 0.2597
344 520 0.4666
344 521 0.1753
344 522 0.1212
344 523 0.4131
344 525 0.0966
344 526 0.0782
344 527 0.2100
344 528 0.1496
344 529 0.1715
344 530 0.0920
344 531 0.3569
344 532 0.0748
344 533 0.2810
344 534 0.2320
344 535 0.0839
344 536 0.6971
344 537 0.1340
344 538 0.1161
344 539 0.0705
344 540 0.2479
344 541 0.0789
344 542 0.0943
344 543 0.2192
344 544 0.5181
344 545 0.1020
344 546 0.2886
344 547 0.2343
344 548 0.1400
344 549 0.1150
344 550 0.0806
344 551 0.0762
344 552 0.1522
344 553 0.2845
344 554 0.0725
344 555 0.3125
344 556 0.1891
344 557 0.2828
344 558 0.2354
344 559 0.2026
344 560 0.2384
344 561 0.0971
344 562 0.1998
344 563 0.3162
344 564 0.3395
344 565 0.1674
344 567 0.0931
344 568 0.9929
344 569 0.2557
344 570 0.0737
344 571 0.4192
344 572 0.1427
344 573 0.1201
344 574 0.2540
344 575 0.3789
344 576 0.3191
344 577 0.2549
344 578 0.3364
344 579 0.5260
344 581 0.1272
344 582 0.4583
344 583 0.2369
344 584 0.2413
344 585 0.1009
344 586 0.1667
344 587 0.1830
344 589 0.2145
344 590 0.0915
344 591 0.2379
344 592 0.1518
344 593 0.1293
344 594 0.1782
344 595 0.1014
344 599 0.2214
344 600 0.3364
344 601 0.1044
344 602 0.1587
344 604 0.1693
344 605 0.5289
344 606 0.2455
344 607 0.2771
344 608 0.1912
344 609 0.1708
344 610 0.3347
344 611 0.1849
344 612 0.3378
344 613 0.5911
344 614 0.3485
344 615 0.2684
344 616 0.0793
344 617 0.3633
344 618 0.2656
344 619 0.2878
344 620 0.2148
344 621 0.1037
344 622 0.1553
344 623 0.1073
344 624 0.1012
344 625 0.1838
344 626 0.6864
344 627 0.1192
344 628 0.6347
344 629 0.1731
344 630 0.3085
344 631 0.2834
344 632 0.1906
344 633 0.3172
344 634 0.1490
344 635 0.0878
344 636 0.5289
344 637 0.5475
344 638 0.1368
344 639 0.9896
344 640 0.1168
344 641 0.1735
344 642 0.3085
344 643 0.1606
344 644 0.1040
344 645 0.0854
344 646 0.1512
344 648 0.4767
344 649 0.4053
344 650 0.1377
344 651 0.6004
344 652 0.1056
344 653 0.2644
344 654 0.0805
344 655 0.4032
344 656 0.0873
344 657 0.4273
344 658 0.1033
344 659 0.5302
344 660 0.0660
344 661 0.1114
344 662 0.1076
344 663 0.1287
344 664 0.0971
344 665 0.0655
344 666 0.4122
344 667 0.2312
344 668 0.0975
344 670 0.3908
344 671 0.2088
344 672 0.6019
344 673 0.2543
344 674 0.2542
344 675 0.1431
344 676 0.1209
344 677 0.0733
344 678 0.2069
344 679 0.2080
344 680 0.1310
344 681 0.0980
344 683 0.1695
344 684 0.1828
344 685 0.6255
344 686 0.1293
344 687 0.1246
344 688 0.0921
344 689 0.2886
344 690 0.1726
344 691 0.1163
344 692 0.3228
344 694 0.1421
344 695 0.1651
344 696 0.0771
344 697 0.2809
344 698 0.6395
344 699 0.4617
344 700 0.1482
344 701 0.0660
344 702 0.3893
344 703 0.1890
344 704 0.1418
344 705 0.4796
344 706 0.8939
344 707 0.3139
344 708 0.1197
344 709 0.6358
344 710 0.1853
344 711 0.5746
344 712 0.2900
344 713 0.1230
344 714 0.1646
344 716 0.0878
344 717 0.1959
344 718 0.2014
344 720 0.0683
344 721 0.1114
344 722 0.5599
344 723 0.1452
344 724 0.1293
344 725 0.1061
344 726 0.3946
344 727 0.1597
344 728 0.1425
344 729 0.1114
344 730 0.1166
344 731 0.4387
344 732 0.5544
344 733 0.3244
344 734 0.4944
344 735 0.1446
344 736 0.0962
344 737 0.2958
344 738 0.0975
344 740 0.1260
344 741 0.2409
344 742 0.1109
344 743 0.1119
344 744 0.2246
344 745 0.1735
344 746 0.0663
344 747 0.3188
344 748 0.6554
344 749 0.0969
344 750 0.1834
344 751 0.1306
344 752 0.4692
344 753 0.1068
344 755 0.3495
344 756 0.0740
344 757 0.0840
344 758 0.2548
344 759 0.0647
344 760 0.3734
344 761 0.1436
344 762 0.0975
344 763 0.1205
344 764 0.5234
344 766 0.3099
344 767 0.1849
344 768 0.4977
344 769 0.1159
344 770 0.1878
344 771 0.4469
344 772 0.1000
344 773 0.3893
344 774 0.1027
344 775 0.2951
344 776 0.0652
344 777 0.3993
344 778 0.1134
344 780 0.1966
344 781 0.1693
344 782 0.1321
344 783 0.3217
344 784 0.2035
344 785 0.1007
344 786 0.3786
344 787 0.3124
344 788 0.0990
344 789 0.1388
344 791 0.1054
344 792 0.2570
344 793 0.2481
344 794 0.3226
344 795 0.1726
344 796 0.3608
344 797 0.1479
344 798 0.1981
344 799 0.3627
344 800 0.1938
344 801 0.1094
344 802 0.2508
344 803 0.6694
344 804 0.5612
344 805 0.1734
344 806 0.2723
344 807 0.0921
344 808 0.5798
344 809 0.0601
344 810 0.0660
344 811 0.9164
344 813 0.5887
344 814 0.2648
344 815 0.0877
344 816 0.0812
344 817 0.1858
344 818 0.5219
344 819 0.1573
344 820 0.1068
344 821 0.3192
344 822 0.1884
344 823 0.6615
344 824 0.1277
344 825 0.3904
344 827 0.2369
344 828 0.1684
344 829 0.1979
344 830 0.1131
344 831 0.2116
344 832 0.2452
344 833 0.1068
344 834 0.1380
344 835 0.0660
344 836 0.3015
344 837 0.1038
344 838 0.1581
344 839 0.0789
344 840 0.1727
344 841 0.1090
344 842 0.1929
344 843 0.3232
344 844 0.0804
344 845 0.1427
344 846 0.1342
344 848 0.1744
344 849 0.2437
344 850 0.0878
344 851 0.5827
344 852 0.1060
344 853 0.0828
344 854 0.2838
344 855 0.0977
344 856 0.2486
344 857 0.0644
344 858 0.3965
344 859 0.0643
344 860 0.4345
344 861 0.1639
344 862 0.2070
344 864 0.0981
344 865 0.3124
344 866 0.1546
344 867 0.3372
344 868 0.1137
344 869 0.3836
344 870 0.6177
344 871 0.2703
344 872 0.7559
344 873 0.0921
344 874 0.1091
344 875 0.2709
344 876 0.1048
344 877 0.1279
344 878 0.1138
344 880 0.3527
344 881 0.2525
344 882 0.1791
344 883 0.1176
344 885 0.0870
344 886 0.0868
344 887 0.1883
344 888 0.0975
344 889 0.1702
344 890 0.1154
344 891 0.2669
344 892 0.1272
344 893 0.1321
344 894 0.4896
344 895 0.1883
344 896 0.1370
344 897 0.1775
344 898 0.5684
344 900 0.1346
344 901 0.6392
344 903 0.7547
344 905 0.0922
344 906 0.0900
344 907 0.0833
344 908 0.1345
344 909 0.2141
344 910 0.1726
344 911 0.0912
344 912 0.1211
344 913 0.1091
344 914 0.0913
344 915 0.2222
344 916 0.0874
344 918 0.1713
344 919 0.0894
344 920 0.1213
344 921 0.0589
344 922 0.1295
344 924 0.0836
344 928 0.2073
344 929 0.4458
344 930 0.1441
344 932 0.1197
344 933 0.0828
344 934 0.3136
344 935 0.3074
344 936 0.0978
344 937 0.0975
344 938 0.0933
344 939 0.0975
344 940 0.1177
344 941 0.0698
344 942 0.2811
344 943 0.1439
344 944 0.1240
344 946 0.1116
344 947 0.1092
344 948 0.1161
344 949 0.2901
344 950 0.5930
344 951 0.1138
344 952 0.1607
344 953 0.2049
344 954 0.1695
344 955 0.5291
344 957 0.0812
344 958 0.1163
344 959 0.1714
344 960 0.3914
344 961 0.1245
344 962 0.0740
344 963 0.1493
344 964 0.0963
344 965 0.1193
344 966 0.1251
344 967 0.5814
344 968 0.1820
344 969 0.1638
344 971 0.2042
344 972 0.1073
344 973 0.0976
344 974 0.7935
344 976 0.2492
344 977 0.2136
344 978 0.2057
344 979 0.2225
344 980 0.0970
344 981 0.1004
344 982 0.0828
344 983 0.2538
344 984 0.1128
344 985 0.0797
344 987 0.1169
344 989 0.1146
344 990 0.1054
344 991 0.0806
344 993 0.2705
344 994 0.2715
344 995 0.6123
344 996 0.0828
344 999 0.1411
344 1000 0.0908
344 1001 0.1493
344 1002 0.5528
344 1003 0.3684
344 1004 0.5382
344 1005 0.0875
344 1006 0.0756
344 1007 0.6927
344 1008 0.3374
344 1010 0.0828
344 1013 0.0828
344 1014 0.1799
344 1015 0.1424
344 1016 0.1349
344 1017 0.0822
344 1018 0.3079
344 1019 0.0776
344 1020 0.1410
344 1022 0.1726
344 1023 0.1206
344 1024 0.0705
344 1025 0.0958
344 1026 0.0705
344 1027 0.0971
344 1029 0.0812
344 1030 0.6527
344 1031 0.1726
344 1032 0.3341
344 1033 0.2044
344 1034 0.1221
344 1035 0.1316
344 1036 0.5015
344 1037 0.0889
344 1039 0.0975
344 1040 0.2682
344 1041 0.1056
344 1042 0.1878
344 1043 0.1177
344 1044 0.1038
344 1045 0.1029
344 1046 0.1147
344 1047 0.2358
344 1048 0.1477
344 1049 0.2250
344 1050 0.0654
344 1051 0.0969
344 1052 0.1772
344 1053 0.5289
344 1054 0.1080
344 1055 0.0828
344 1056 0.1254
344 1057 0.1419
344 1058 0.1371
344 1059 0.2922
344 1060 0.3976
344 1061 0.1271
344 1062 0.1825
344 1063 0.2105
344 1065 0.1809
344 1066 0.1502
344 1067 0.4350
344 1068 0.1714
344 1069 0.0943
344 1070 0.1037
344 1071 0.0592
344 1072 0.1978
344 1073 0.1617
344 1075 0.1361
344 1076 0.0861
344 1078 0.0856
344 1079 0.1381
344 1080 0.0931
344 1081 0.3899
344 1082 0.1985
344 1083 0.5978
344 1084 0.1208
344 1085 0.1863
344 1087 0.0828
344 1089 0.0934
344 1090 0.1371
344 1092 0.2508
344 1093 0.0910
344 1094 0.0566
344 1095 0.4919
344 1096 0.2510
344 1097 0.0828
344 1099 0.7850
344 1102 0.1617
344 1103 0.0699
344 1104 0.6097
344 1105 0.2304
344 1106 0.1121
344 1107 0.1174
344 1108 0.1349
344 1109 0.1355
344 1110 0.0798
344 1111 0.5740
344 1113 0.5289
344 1115 0.2444
344 1116 0.1529
344 1117 0.0966
344 1118 0.1135
344 1119 0.0677
344 1120 0.3090
344 1121 0.0635
344 1122 0.1338
344 1123 0.1105
344 1124 0.2659
344 1125 0.1735
344 1126 0.0585
344 1127 0.1338
344 1128 0.4055
344 1129 0.1905
344 1130 0.1000
344 1132 0.1564
344 1133 0.4535
344 1134 0.0691
344 1135 0.6931
344 1136 0.1399
344 1138 0.1470
344 1141 0.1072
344 1142 0.1176
344 1143 0.4189
344 1144 0.1058
344 1145 0.0740
344 1146 0.1606
344 1148 0.0975
344 1149 0.0828
344 1150 0.2072
344 1151 0.1025
344 1152 0.2106
344 1153 0.2863
344 1154 0.4887
344 1156 0.0660
344 1157 0.1105
344 1158 0.0875
344 1159 0.0825
344 1160 0.1249
344 1161 0.0987
344 1162 0.0823
344 1163 0.6129
344 1165 0.1751
344 1166 0.1018
344 1167 0.1757
344 1169 0.3355
344 1170 0.0975
344 1172 0.2089
344 1173 0.0975
344 1176 0.1733
344 1177 0.0854
344 1178 0.0996
344 1180 0.1972
344 1181 0.0959
344 1182 0.0921
344 1183 0.0584
344 1185 0.1334
344 1186 0.1355
344 1187 0.0975
344 1188 0.1362
344 1189 0.0856
344 1191 0.0975
344 1192 0.0904
344 1193 0.6551
344 1194 0.2069
344 1195 0.1651
344 1197 0.1244
344 1198 0.0828
344 1199 0.1481
344 1200 0.0996
344 1201 0.3322
344 1202 0.4807
344 1203 0.0611
344 1204 0.1734
344 1205 0.1056
344 1206 0.1595
344 1207 0.1464
344 1208 0.1105
344 1210 0.1522
344 1211 0.1593
344 1212 0.0951
344 1213 0.1737
344 1214 0.1318
344 1215 0.0852
344 1216 0.0731
344 1217 0.1219
344 1218 0.1014
344 1219 0.0964
344 1220 0.0975
344 1221 0.3576
344 1222 0.0919
344 1223 0.1881
344 1224 0.0558
344 1225 0.5236
344 1226 0.1364
344 1227 0.1861
344 1229 0.0946
344 1230 0.0691
344 1231 0.2823
344 1233 0.0784
344 1235 0.0935
344 1236 0.0619
344 1237 0.1059
344 1238 0.1947
344 1239 0.0619
344 1240 0.1659
344 1241 0.1726
344 1242 0.2506
344 1243 0.1061
344 1244 0.0763
344 1245 0.0853
344 1246 0.0916
344 1247 0.0866
344 1248 0.4912
344 1249 0.2044
344 1250 0.1685
344 1251 0.1072
344 1252 0.2399
344 1253 0.0874
344 1254 0.0991
344 1255 0.1132
344 1256 0.1250
344 1258 0.1421
344 1259 0.1248
344 1260 0.1454
344 1262 0.1161
344 1263 0.1101
344 1265 0.3132
344 1266 0.1068
344 1267 0.1128
344 1268 0.0859
344 1269 0.3064
344 1270 0.1332
344 1271 0.1032
344 1272 0.0975
344 1273 0.0896
344 1274 0.0944
344 1275 0.1223
344 1276 0.3644
344 1278 0.0873
344 1279 0.0974
344 1280 0.0938
344 1281 0.3757
344 1282 0.1218
344 1283 0.2117
344 1284 0.1633
344 1286 0.3877
344 1287 0.3190
344 1288 0.3689
344 1289 0.2573
344 1290 0.1030
344 1291 0.1714
344 1292 0.9008
344 1293 0.2436
344 1295 0.0975
344 1296 0.1104
344 1298 0.6733
344 1299 0.0969
344 1300 0.0969
344 1301 0.1064
344 1302 0.1800
344 1303 0.4713
344 1304 0.1178
344 1305 0.3038
344 1306 0.2725
344 1308 0.4892
344 1309 0.3637
344 1310 0.1357
344 1311 0.1278
344 1312 0.1314
344 1313 0.2017
344 1315 0.1078
344 1316 0.9976
344 1318 0.2781
344 1319 0.3059
344 1322 0.6355
344 1323 0.0857
344 1324 0.1064
344 1325 0.1007
344 1326 0.1061
344 1327 0.1082
344 1328 0.0629
344 1329 0.1004
344 1330 0.0991
344 1331 0.1807
344 1332 0.1611
344 1333 0.1099
344 1334 0.0730
344 1335 0.1869
344 1336 0.1041
344 1337 0.0921
344 1338 0.0660
344 1339 0.0994
344 1340 0.0681
344 1341 0.1252
344 1342 0.1117
344 1343 0.1185
344 1344 0.5121
344 1345 0.0691
344 1346 0.1676
344 1348 0.0664
344 1349 0.0925
344 1350 0.1635
344 1351 0.0790
344 1352 0.0654
344 1353 0.1354
344 1354 0.1068
344 1356 0.1263
344 1357 0.0790
344 1358 0.1318
344 1359 0.0681
344 1360 0.1655
344 1361 0.0630
344 1362 0.1544
344 1364 0.0993
344 1365 0.0975
344 1366 0.1772
344 1367 0.2810
344 1368 0.2914
344 1369 0.3142
344 1370 0.3013
344 1371 0.1117
344 1372 0.1861
344 1373 0.1234
344 1374 0.0853
344 1377 0.0917
344 1378 0.1093
344 1379 0.0853
344 1380 0.1334
344 1381 0.0698
344 1382 0.0912
344 1383 0.1068
344 1384 0.1048
344 1385 0.0853
344 1386 0.2220
344 1387 0.1077
344 1388 0.1241
344 1389 0.2392
344 1390 0.1327
344 1392 0.1378
344 1393 0.0975
344 1394 0.0993
344 1395 0.0855
344 1396 0.0681
344 1397 0.1536
344 1398 0.1302
344 1399 0.0868
344 1401 0.0679
344 1402 0.1411
344 1405 0.2641
344 1406 0.0828
344 1407 0.1083
344 1408 0.0826
344 1409 0.1053
344 1411 0.2703
344 1412 0.0705
344 1414 0.0660
344 1416 0.1169
344 1418 0.1364
344 1419 0.1380
344 1420 0.0740
344 1421 0.1765
344 1422 0.0740
344 1423 0.1780
344 1425 0.0719
344 1426 0.3928
344 1427 0.1349
344 1428 0.1166
344 1431 0.0975
344 1433 0.0730
344 1434 0.6033
344 1435 0.2802
344 1436 0.1684
344 1437 0.1881
344 1438 0.1428
344 1439 0.2798
344 1440 0.6026
344 1441 0.1706
344 1443 0.1267
344 1445 0.1024
344 1446 0.1648
344 1448 0.3649
344 1449 0.1610
344 1451 0.0775
344 1452 0.1018
344 1453 0.1471
344 1454 0.0951
344 1455 0.0679
344 1456 0.2040
344 1457 0.3429
344 1458 0.0611
344 1459 0.1617
344 1460 0.1146
344 1461 0.0828
344 1462 0.1777
344 1463 0.1425
344 1464 0.0683
344 1465 0.2419
344 1466 0.1056
344 1468 0.2772
344 1470 0.0975
344 1472 0.1140
344 1473 0.0694
344 1475 0.0804
344 1476 0.1127
344 1477 0.1314
344 1478 0.1027
344 1479 0.1698
344 1480 0.1891
344 1481 0.0804
344 1482 0.1554
344 1484 0.0951
344 1485 0.1303
344 1486 0.1954
344 1487 0.1160
344 1490 0.0928
344 1491 0.0787
344 1492 0.0797
344 1493 0.2198
344 1494 0.0698
344 1496 0.1233
344 1497 0.1354
344 1498 0.0853
344 1499 0.1401
344 1500 0.1276
344 1501 0.0710
344 1503 0.1928
344 1504 0.2137
344 1505 0.0660
344 1506 0.1068
344 1507 0.1662
344 1508 0.0917
344 1510 0.0828
344 1511 0.1308
344 1512 0.1495
344 1513 0.1582
344 1515 0.0979
344 1516 0.2977
344 1517 0.1669
344 1518 0.0821
344 1519 0.7874
344 1520 0.9803
344 1522 0.2067
344 1525 0.0619
344 1526 0.3370
344 1527 0.2606
344 1528 0.2581
344 1529 0.1719
344 1530 0.7404
344 1531 0.1068
344 1532 0.3167
344 1534 0.2969
344 1535 0.0853
344 1536 0.5371
344 1537 0.1060
344 1538 0.5436
344 1540 0.3066
344 1541 0.2124
344 1542 0.1486
344 1544 0.0969
344 1545 0.0828
344 1546 0.1482
344 1547 0.5140
344 1548 0.3957
344 1549 0.2542
344 1550 0.3751
344 1551 0.3938
344 1552 0.1325
344 1554 0.4064
344 1555 0.0828
344 1557 0.2960
344 1565 0.1514
344 1566 0.0619
344 1567 0.2705
344 1568 0.1064
344 1569 0.1132
344 1570 0.0798
344 1571 0.1006
344 1572 0.0853
344 1573 0.1153
344 1574 0.0749
344 1575 0.0865
344 1576 0.0611
344 1577 0.1198
344 1578 0.0921
344 1579 0.1035
344 1580 0.0699
344 1581 0.1369
344 1582 0.2018
344 1583 0.1853
344 1584 0.0912
344 1585 0.3952
344 1586 0.1049
344 1587 0.0980
344 1588 0.1002
344 1589 0.1726
344 1590 0.0958
344 1591 0.0916
344 1592 0.0620
344 1593 0.0961
344 1594 0.1266
344 1595 0.1343
344 1596 0.0865
344 1597 0.1012
344 1598 0.0828
344 1599 0.0679
344 1600 0.0853
344 1601 0.6050
344 1602 0.0660
344 1603 0.1004
344 1604 0.1099
344 1605 0.0921
344 1606 0.0900
344 1607 0.0942
344 1608 0.2507
344 1609 0.1482
344 1610 0.1726
344 1612 0.0921
344 1613 0.2012
344 1614 0.1176
344 1616 0.0921
344 1617 0.0988
344 1618 0.2731
344 1619 0.1397
344 1620 0.0846
344 1621 0.5640
344 1622 0.5610
344 1623 0.0642
344 1624 0.1093
344 1625 0.1278
344 1626 0.0654
344 1627 0.1018
344 1628 0.1726
344 1629 0.2216
344 1630 0.2253
344 1631 0.0955
344 1632 0.1068
344 1633 0.0890
344 1634 0.2619
344 1636 0.0586
344 1637 0.0805
344 1638 0.0853
344 1639 0.1099
344 1640 0.0771
344 1641 0.1726
344 1642 0.0763
344 1643 0.0893
344 1645 0.1077
344 1646 0.0725
344 1647 0.1160
344 1648 0.0679
344 1649 0.1892
344 1650 0.0828
344 1652 0.1055
344 1653 0.1194
344 1654 0.0896
344 1655 0.5542
344 1657 0.0921
344 1658 0.0760
344 1659 0.1100
344 1660 0.1096
344 1661 0.1283
344 1662 0.1252
344 1663 0.0889
344 1664 0.0873
344 1665 0.1266
344 1666 0.1309
344 1667 0.0818
344 1668 0.2018
344 1669 0.0982
344 1670 0.0705
344 1671 0.0681
344 1672 0.1177
344 1674 0.1545
344 1675 0.0828
344 1676 0.0681
344 1678 0.1652
344 1680 0.0672
344 1681 0.1017
344 1682 0.0898
344 1683 0.1472
344 1684 0.1152
344 1685 0.0698
344 1686 0.0699
344 1687 0.0946
344 1688 0.0860
344 1689 0.7557
344 1690 0.1091
344 1691 0.1480
344 1692 0.0874
344 1694 0.1678
344 1695 0.0975
344 1696 0.0921
344 1697 0.0949
344 1699 0.1347
344 1700 0.1068
344 1701 0.0609
344 1702 0.1413
344 1703 0.1111
344 1704 0.1386
344 1705 0.1072
344 1706 0.1161
344 1707 0.2487
344 1708 0.1735
344 1709 0.2343
344 1711 0.1735
344 1712 0.7309
344 1713 0.2322
344 1714 0.3578
344 1715 0.1735
344 1716 0.0589
344 1717 0.7247
344 1718 0.0975
344 1720 0.1150
344 1721 0.0853
344 1723 0.1100
344 1724 0.0776
344 1725 0.0969
344 1726 0.0921
344 1728 0.1066
344 1729 0.0853
344 1730 0.0598
346 347 0.0538
346 348 0.1149
346 349 0.1278
346 350 0.3468
346 351 0.1123
346 352 0.1125
346 353 0.2060
346 354 0.1795
346 355 0.1134
346 356 0.2416
346 357 0.1640
346 358 0.1606
346 359 0.5464
346 360 0.1134
346 361 0.1194
346 362 0.0695
346 363 0.4401
346 364 0.6320
346 366 0.1740
346 367 0.1119
346 368 0.4998
346 369 0.1506
346 370 0.2323
346 371 0.1546
346 372 0.1133
346 373 0.1587
346 374 0.4987
346 375 0.1874
346 376 0.2210
346 377 0.5022
346 378 0.2546
346 379 0.1281
346 380 0.0947
346 381 0.0888
346 382 0.0742
346 383 0.2285
346 384 0.4962
346 385 0.0894
346 386 0.0867
346 387 0.3054
346 388 0.1981
346 389 0.0238
346 390 0.2021
346 391 0.2856
346 392 0.5540
346 393 0.1788
346 394 0.1966
346 395 0.0685
346 396 0.3404
346 397 0.2758
346 398 0.5194
346 399 0.0704
346 400 0.0942
346 402 0.1527
346 403 0.2318
346 404 0.2089
346 405 0.1143
346 406 0.2331
346 407 0.1294
346 408 0.1450
346 409 0.2531
346 410 0.1841
346 411 0.3315
346 412 0.2141
346 413 0.1566
346 414 0.4428
346 415 0.1937
346 416 0.1225
346 418 0.1944
346 419 0.1650
346 420 0.1751
346 421 0.2249
346 422 0.4156
346 423 0.0942
346 424 0.3138
346 425 0.1712
346 426 0.0852
346 427 0.1530
346 428 0.1210
346 430 0.0847
346 432 0.1749
346 433 0.3025
346 434 0.3515
346 435 0.6376
346 436 0.1331
346 437 0.1235
346 438 0.1000
346 439 0.2927
346 440 0.0995
346 441 0.1501
346 442 0.4127
346 443 0.0824
346 444 0.0841
346 445 0.3078
346 447 0.1432
346 448 0.0577
346 449 0.2797
346 450 0.0238
346 451 0.1742
346 452 0.5774
346 453 0.0922
346 454 0.6239
346 455 0.1082
346 456 0.1677
346 457 0.1330
346 458 0.0970
346 459 0.0883
346 460 0.1810
346 461 0.1354
346 462 0.0238
346 463 0.4832
346 464 0.1082
346 465 0.2929
346 466 0.3900
346 467 0.3790
346 468 0.3531
346 469 0.1389
346 470 0.1749
346 471 0.1199
346 472 0.7451
346 474 0.1169
346 475 0.3982
346 476 0.1536
346 478 0.0853
346 479 0.0518
346 480 0.0960
346 481 0.1390
346 482 0.2030
346 484 0.1180
346 485 0.2395
346 486 0.1093
346 487 0.0878
346 488 0.5346
346 489 0.6082
346 490 0.3964
346 491 0.4133
346 492 0.1685
346 494 0.1677
346 495 0.6266
346 496 0.3851
346 497 0.3497
346 498 0.7331
346 499 0.0734
346 500 0.0825
346 501 0.6194
346 503 0.0903
346 504 0.1423
346 505 0.0756
346 506 0.1674
346 507 0.4838
346 508 0.1283
346 509 0.1577
346 510 0.0954
346 511 0.4334
346 512 0.1667
346 513 0.0768
346 514 0.3677
346 515 0.6561
346 516 0.2033
346 517 0.1148
346 518 0.1627
346 519 0.5559
346 520 0.3526
346 521 0.1131
346 522 0.1885
346 523 0.5155
346 525 0.1124
346 526 0.1096
346 527 0.2123
346 528 0.1789
346 529 0.2278
346 530 0.0686
346 531 0.4545
346 532 0.0892
346 533 0.2202
346 534 0.0616
346 535 0.0945
346 536 0.6064
346 537 0.1832
346 538 0.1987
346 539 0.1138
346 540 0.2321
346 541 0.1393
346 542 0.1166
346 543 0.4438
346 544 0.1614
346 545 0.1022
346 546 0.2737
346 547 0.0590
346 548 0.0620
346 549 0.1022
346 550 0.1437
346 551 0.1042
346 552 0.1715
346 553 0.5103
346 554 0.1446
346 555 0.4155
346 556 0.1645
346 557 0.4560
346 558 0.2144
346 559 0.3704
346 560 0.4121
346 561 0.0685
346 562 0.1250
346 563 0.6964
346 564 0.3490
346 565 0.1067
346 567 0.1470
346 568 0.9588
346 569 0.1634
346 570 0.0609
346 571 0.3428
346 572 0.1409
346 573 0.1118
346 574 0.2486
346 575 0.3923
346 576 0.1970
346 577 0.4177
346 578 0.3854
346 579 0.4085
346 581 0.1286
346 582 0.2730
346 583 0.1388
346 584 0.2588
346 585 0.1623
346 586 0.1600
346 587 0.2213
346 589 0.0831
346 590 0.1132
346 591 0.1942
346 592 0.1894
346 593 0.0969
346 594 0.0974
346 595 0.0846
346 599 0.1377
346 600 0.3038
346 601 0.1395
346 602 0.1959
346 604 0.5156
346 605 0.2860
346 606 0.2049
346 607 0.3329
346 608 0.2727
346 609 0.1997
346 610 0.1863
346 611 0.1569
346 612 0.0944
346 613 0.4713
346 614 0.2711
346 615 0.1227
346 616 0.0977
346 617 0.1454
346 618 0.3025
346 619 0.1189
346 620 0.2431
346 621 0.1642
346 622 0.1178
346 623 0.0681
346 624 0.1216
346 625 0.2729
346 626 0.6336
346 627 0.1374
346 628 0.5013
346 629 0.1350
346 630 0.3406
346 631 0.1070
346 632 0.2755
346 633 0.1863
346 634 0.1520
346 635 0.1169
346 636 0.2860
346 637 0.0945
346 638 0.2909
346 639 0.9143
346 640 0.2181
346 641 0.2218
346 642 0.3230
346 643 0.2044
346 644 0.1141
346 645 0.1058
346 646 0.1415
346 648 0.3585
346 649 0.2645
346 650 0.0817
346 651 0.6211
346 652 0.0808
346 653 0.2435
346 654 0.0985
346 655 0.2294
346 656 0.0801
346 657 0.1271
346 658 0.0973
346 659 0.3191
346 660 0.0846
346 661 0.1059
346 662 0.1442
346 663 0.1439
346 664 0.1079
346 665 0.1270
346 666 0.2899
346 667 0.1286
346 668 0.0238
346 670 0.2329
346 671 0.1837
346 672 0.5414
346 673 0.4382
346 674 0.1698
346 675 0.1289
346 676 0.1339
346 677 0.1161
346 678 0.1960
346 679 0.2326
346 680 0.3618
346 681 0.0874
346 683 0.1534
346 684 0.2015
346 685 0.5630
346 686 0.0909
346 687 0.0947
346 688 0.1225
346 689 0.3399
346 690 0.1544
346 691 0.1144
346 692 0.4576
346 694 0.6094
346 695 0.1096
346 696 0.0813
346 697 0.1826
346 698 0.6331
346 699 0.2576
346 700 0.2253
346 701 0.1195
346 702 0.6285
346 703 0.2389
346 704 0.1267
346 705 0.1318
346 706 0.8185
346 707 0.4818
346 708 0.1729
346 709 0.6192
346 710 0.5349
346 711 0.5035
346 712 0.3646
346 713 0.1502
346 714 0.9660
346 716 0.1169
346 717 0.3556
346 718 0.4718
346 720 0.1626
346 721 0.1973
346 722 0.6499
346 723 0.0756
346 724 0.2079
346 725 0.0984
346 726 0.4905
346 727 0.4805
346 728 0.0863
346 729 0.0914
346 730 0.2070
346 731 0.4534
346 732 0.5696
346 733 0.2138
346 734 0.0812
346 735 0.1716
346 736 0.1641
346 737 0.3995
346 738 0.0238
346 740 0.1761
346 741 0.2187
346 742 0.1027
346 743 0.1465
346 744 0.2197
346 745 0.2218
346 746 0.1045
346 747 0.5469
346 748 0.6461
346 749 0.3605
346 750 0.1816
346 751 0.1177
346 752 0.4052
346 753 0.1082
346 755 0.1417
346 756 0.0954
346 757 0.1210
346 758 0.1208
346 759 0.1174
346 760 0.3527
346 761 0.1000
346 762 0.0238
346 763 0.1595
346 764 0.2843
346 766 0.4052
346 767 0.1871
346 768 0.4682
346 769 0.1732
346 770 0.2377
346 771 0.4978
346 772 0.0964
346 773 0.1808
346 774 0.1576
346 775 0.2680
346 776 0.0799
346 777 0.6231
346 778 0.2488
346 780 0.2168
346 781 0.1753
346 782 0.4455
346 783 0.2520
346 784 0.1643
346 785 0.1634
346 786 0.4248
346 787 0.0723
346 788 0.0833
346 789 0.1853
346 791 0.0930
346 792 0.2241
346 793 0.0577
346 794 0.3681
346 795 0.1544
346 796 0.4051
346 797 0.1895
346 798 0.2084
346 799 0.2757
346 800 0.1190
346 801 0.1700
346 802 0.1868
346 803 0.4367
346 804 0.4565
346 805 0.1977
346 806 0.3090
346 807 0.1225
346 808 0.5038
346 809 0.0597
346 810 0.0846
346 811 0.8659
346 813 0.4771
346 814 0.1930
346 815 0.1287
346 816 0.1257
346 817 0.5400
346 818 0.4190
346 819 0.1527
346 820 0.0948
346 821 0.1439
346 822 0.3538
346 823 0.6757
346 824 0.2168
346 825 0.2326
346 827 0.2337
346 828 0.2224
346 829 0.2303
346 830 0.1118
346 831 0.4055
346 832 0.1864
346 833 0.0948
346 834 0.1167
346 835 0.0846
346 836 0.6560
346 837 0.1652
346 838 0.2217
346 839 0.0876
346 840 0.2106
346 841 0.1455
346 842 0.3075
346 843 0.2732
346 844 0.1237
346 845 0.1638
346 846 0.1267
346 848 0.1734
346 849 0.0953
346 850 0.1169
346 851 0.5758
346 852 0.2083
346 853 0.0888
346 854 0.2655
346 855 0.1233
346 856 0.2393
346 857 0.0918
346 858 0.2797
346 859 0.1017
346 860 0.2319
346 861 0.1641
346 862 0.4307
346 864 0.0923
346 865 0.2532
346 866 0.2359
346 867 0.3526
346 868 0.1676
346 869 0.5444
346 870 0.2075
346 871 0.4494
346 872 0.7663
346 873 0.1225
346 874 0.1422
346 875 0.2670
346 876 0.1744
346 877 0.1895
346 878 0.0902
346 880 0.3101
346 881 0.4210
346 882 0.1487
346 883 0.0991
346 885 0.1155
346 886 0.1372
346 887 0.1373
346 888 0.0238
346 889 0.0530
346 890 0.1589
346 891 0.3203
346 892 0.1306
346 893 0.1628
346 894 0.5465
346 895 0.1230
346 896 0.1944
346 897 0.1735
346 898 0.5767
346 900 0.3728
346 901 0.2419
346 903 0.6628
346 905 0.0929
346 906 0.1053
346 907 0.1162
346 908 0.1764
346 909 0.1181
346 910 0.1544
346 911 0.1121
346 912 0.3488
346 913 0.1432
346 914 0.1115
346 915 0.2602
346 916 0.1325
346 918 0.1850
346 919 0.1488
346 920 0.1387
346 921 0.1063
346 922 0.1711
346 924 0.1294
346 928 0.2166
346 929 0.3357
346 930 0.1284
346 932 0.2553
346 933 0.0888
346 934 0.2431
346 935 0.3687
346 936 0.1825
346 937 0.0238
346 938 0.0766
346 939 0.0238
346 940 0.1236
346 941 0.1040
346 942 0.1324
346 943 0.1218
346 944 0.0862
346 946 0.1064
346 947 0.1773
346 948 0.1342
346 949 0.2660
346 950 0.6051
346 951 0.0902
346 952 0.2892
346 953 0.0967
346 954 0.1397
346 955 0.3803
346 957 0.1257
346 958 0.1818
346 959 0.2958
346 960 0.1864
346 961 0.1784
346 962 0.0954
346 963 0.2284
346 964 0.1307
346 965 0.1316
346 966 0.2309
346 967 0.6034
346 968 0.6299
346 969 0.1121
346 971 0.3215
346 972 0.1422
346 973 0.0963
346 974 0.6930
346 976 0.3837
346 977 0.3608
346 978 0.1801
346 979 0.4471
346 980 0.0827
346 981 0.1402
346 982 0.0888
346 983 0.3227
346 984 0.1360
346 985 0.0733
346 987 0.1182
346 989 0.0941
346 990 0.0985
346 991 0.1437
346 993 0.4905
346 994 0.5544
346 995 0.6322
346 996 0.0888
346 999 0.1641
346 1000 0.1124
346 1001 0.4094
346 1002 0.6664
346 1003 0.5092
346 1004 0.6066
346 1005 0.1099
346 1006 0.0933
346 1007 0.6042
346 1008 0.1743
346 1010 0.0888
346 1013 0.0888
346 1014 0.1084
346 1015 0.1579
346 1016 0.1327
346 1017 0.0952
346 1018 0.3337
346 1019 0.0883
346 1020 0.1739
346 1022 0.1544
346 1023 0.0984
346 1024 0.1138
346 1025 0.0953
346 1026 0.1138
346 1027 0.1509
346 1029 0.1000
346 1030 0.2266
346 1031 0.1544
346 1032 0.5494
346 1033 0.1338
346 1034 0.3067
346 1035 0.1097
346 1036 0.2879
346 1037 0.1119
346 1039 0.0238
346 1040 0.2602
346 1041 0.0883
346 1042 0.1069
346 1043 0.1145
346 1044 0.1446
346 1045 0.1062
346 1046 0.1943
346 1047 0.2452
346 1048 0.1282
346 1049 0.2723
346 1050 0.1039
346 1051 0.3605
346 1052 0.1225
346 1053 0.2860
346 1054 0.1889
346 1055 0.0888
346 1056 0.1091
346 1057 0.2580
346 1058 0.3246
346 1059 0.5252
346 1060 0.5284
346 1061 0.0920
346 1062 0.2196
346 1063 0.3164
346 1065 0.1573
346 1066 0.1429
346 1067 0.3495
346 1068 0.1577
346 1069 0.1011
346 1070 0.1441
346 1071 0.0854
346 1072 0.3879
346 1073 0.1404
346 1075 0.1862
346 1076 0.1079
346 1078 0.1388
346 1079 0.0948
346 1080 0.1190
346 1081 0.3497
346 1082 0.2146
346 1083 0.5576
346 1084 0.2866
346 1085 0.1956
346 1087 0.0888
346 1089 0.1098
346 1090 0.1234
346 1092 0.1868
346 1093 0.1227
346 1094 0.0824
346 1095 0.3173
346 1096 0.1843
346 1097 0.1564
346 1099 0.7954
346 1102 0.1613
346 1103 0.1596
346 1104 0.6075
346 1105 0.4314
346 1106 0.1344
346 1107 0.1709
346 1108 0.1327
346 1109 0.1281
346 1110 0.1231
346 1111 0.2130
346 1113 0.2860
346 1115 0.1600
346 1116 0.1239
346 1117 0.1400
346 1118 0.1240
346 1119 0.1771
346 1120 0.1884
346 1121 0.0998
346 1122 0.1451
346 1123 0.1521
346 1124 0.2137
346 1125 0.2218
346 1126 0.0748
346 1127 0.1443
346 1128 0.4883
346 1129 0.0659
346 1130 0.1268
346 1132 0.1619
346 1133 0.5132
346 1134 0.1187
346 1135 0.6403
346 1136 0.1219
346 1138 0.1591
346 1141 0.1185
346 1142 0.1624
346 1143 0.2741
346 1144 0.1460
346 1145 0.0954
346 1146 0.1803
346 1148 0.0238
346 1149 0.0888
346 1150 0.2271
346 1151 0.1928
346 1152 0.4223
346 1153 0.3509
346 1154 0.3935
346 1156 0.0846
346 1157 0.1574
346 1158 0.1061
346 1159 0.1061
346 1160 0.3882
346 1161 0.1364
346 1162 0.1175
346 1163 0.2968
346 1165 0.1867
346 1166 0.1384
346 1167 0.1976
346 1169 0.1782
346 1170 0.0238
346 1172 0.1402
346 1173 0.0238
346 1176 0.1667
346 1177 0.1265
346 1178 0.2245
346 1180 0.1350
346 1181 0.1797
346 1182 0.1225
346 1183 0.0745
346 1185 0.0778
346 1186 0.1401
346 1187 0.1091
346 1188 0.0772
346 1189 0.1063
346 1191 0.0238
346 1192 0.1493
346 1193 0.2829
346 1194 0.1937
346 1195 0.1791
346 1197 0.1641
346 1198 0.0888
346 1199 0.1526
346 1200 0.1730
346 1201 0.2399
346 1202 0.4150
346 1203 0.0776
346 1204 0.1000
346 1205 0.1467
346 1206 0.2385
346 1207 0.1431
346 1208 0.1348
346 1210 0.1396
346 1211 0.1367
346 1212 0.1274
346 1213 0.3420
346 1214 0.0820
346 1215 0.1080
346 1216 0.1018
346 1217 0.1424
346 1218 0.1012
346 1219 0.0942
346 1220 0.0238
346 1221 0.1155
346 1222 0.0769
346 1223 0.0864
346 1224 0.0806
346 1225 0.6631
346 1226 0.1306
346 1227 0.3144
346 1229 0.1251
346 1230 0.1187
346 1231 0.3045
346 1233 0.1573
346 1235 0.1241
346 1236 0.0976
346 1237 0.0771
346 1238 0.1841
346 1239 0.0976
346 1240 0.1701
346 1241 0.1544
346 1242 0.1001
346 1243 0.0959
346 1244 0.1416
346 1245 0.0926
346 1246 0.1271
346 1247 0.1078
346 1248 0.3368
346 1249 0.3027
346 1250 0.1635
346 1251 0.1505
346 1252 0.3152
346 1253 0.1049
346 1254 0.1448
346 1255 0.1327
346 1256 0.0906
346 1258 0.1527
346 1259 0.1265
346 1260 0.0643
346 1262 0.1416
346 1263 0.0868
346 1265 0.4252
346 1266 0.0948
346 1267 0.1758
346 1268 0.1343
346 1269 0.3379
346 1270 0.1247
346 1271 0.1077
346 1272 0.0238
346 1273 0.0885
346 1274 0.1399
346 1275 0.0801
346 1276 0.2562
346 1278 0.0801
346 1279 0.1289
346 1280 0.1143
346 1281 0.1617
346 1282 0.4380
346 1283 0.4437
346 1284 0.4354
346 1286 0.3956
346 1287 0.5455
346 1288 0.2419
346 1289 0.3023
346 1290 0.0779
346 1291 0.4354
346 1292 0.8536
346 1293 0.4381
346 1295 0.0238
346 1296 0.3900
346 1298 0.5417
346 1299 0.3605
346 1300 0.3605
346 1301 0.3504
346 1302 0.1641
346 1303 0.5762
346 1304 0.2424
346 1305 0.3290
346 1306 0.4916
346 1308 0.2801
346 1309 0.2885
346 1310 0.3479
346 1311 0.1225
346 1312 0.1635
346 1313 0.2253
346 1315 0.1356
346 1316 0.9810
346 1318 0.2063
346 1319 0.3555
346 1322 0.3159
346 1323 0.1307
346 1324 0.1990
346 1325 0.0998
346 1326 0.0959
346 1327 0.1732
346 1328 0.0910
346 1329 0.1402
346 1330 0.1258
346 1331 0.2180
346 1332 0.1360
346 1333 0.1459
346 1334 0.0837
346 1335 0.1778
346 1336 0.1098
346 1337 0.1225
346 1338 0.0846
346 1339 0.1493
346 1340 0.0859
346 1341 0.1703
346 1342 0.3743
346 1343 0.1780
346 1344 0.3057
346 1345 0.1187
346 1346 0.1969
346 1348 0.0979
346 1349 0.1326
346 1350 0.1128
346 1351 0.1007
346 1352 0.1039
346 1353 0.0803
346 1354 0.0948
346 1356 0.2013
346 1357 0.1007
346 1358 0.0820
346 1359 0.0859
346 1360 0.0523
346 1361 0.1079
346 1362 0.1042
346 1364 0.1638
346 1365 0.0238
346 1366 0.1225
346 1367 0.6423
346 1368 0.2675
346 1369 0.5953
346 1370 0.4748
346 1371 0.1188
346 1372 0.1764
346 1373 0.1025
346 1374 0.0926
346 1377 0.1271
346 1378 0.1270
346 1379 0.0926
346 1380 0.1895
346 1381 0.1093
346 1382 0.0811
346 1383 0.0948
346 1384 0.0958
346 1385 0.1142
346 1386 0.3029
346 1387 0.1182
346 1388 0.0687
346 1389 0.0620
346 1390 0.1285
346 1392 0.1068
346 1393 0.0238
346 1394 0.0863
346 1395 0.0846
346 1396 0.1307
346 1397 0.1701
346 1398 0.1271
346 1399 0.0900
346 1401 0.0803
346 1402 0.1680
346 1405 0.2702
346 1406 0.0888
346 1407 0.2322
346 1408 0.0756
346 1409 0.1422
346 1411 0.2232
346 1412 0.1138
346 1414 0.0846
346 1416 0.1426
346 1418 0.1348
346 1419 0.0743
346 1420 0.0954
346 1421 0.1813
346 1422 0.1221
346 1423 0.1023
346 1425 0.1506
346 1426 0.4017
346 1427 0.1514
346 1428 0.1168
346 1431 0.0238
346 1433 0.0802
346 1434 0.7588
346 1435 0.3294
346 1436 0.1827
346 1437 0.1822
346 1438 0.1774
346 1439 0.1869
346 1440 0.3625
346 1441 0.2541
346 1443 0.1298
346 1445 0.1426
346 1446 0.1778
346 1448 0.5889
346 1449 0.0923
346 1451 0.1201
346 1452 0.2251
346 1453 0.1786
346 1454 0.1274
346 1455 0.0803
346 1456 0.2236
346 1457 0.1680
346 1458 0.0776
346 1459 0.1404
346 1460 0.1354
346 1461 0.0888
346 1462 0.1496
346 1463 0.1191
346 1464 0.1626
346 1465 0.2256
346 1466 0.0808
346 1468 0.2361
346 1470 0.0238
346 1472 0.1588
346 1473 0.1246
346 1475 0.1237
346 1476 0.1174
346 1477 0.0964
346 1478 0.1576
346 1479 0.1787
346 1480 0.1225
346 1481 0.1237
346 1482 0.2042
346 1484 0.1274
346 1485 0.1233
346 1486 0.0948
346 1487 0.0885
346 1490 0.1558
346 1491 0.1012
346 1492 0.0733
346 1493 0.2082
346 1494 0.1093
346 1496 0.1630
346 1497 0.1745
346 1498 0.0926
346 1499 0.2735
346 1500 0.1333
346 1501 0.0993
346 1503 0.1896
346 1504 0.2110
346 1505 0.0846
346 1506 0.0948
346 1507 0.1594
346 1508 0.1271
346 1510 0.1564
346 1511 0.0997
346 1512 0.1782
346 1513 0.1919
346 1515 0.1169
346 1516 0.2143
346 1517 0.2917
346 1518 0.0948
346 1519 0.7432
346 1520 0.9593
346 1522 0.4842
346 1525 0.0973
346 1526 0.4562
346 1527 0.1669
346 1528 0.1757
346 1529 0.1610
346 1530 0.4864
346 1531 0.0948
346 1532 0.4109
346 1534 0.3051
346 1535 0.0926
346 1536 0.5133
346 1537 0.2083
346 1538 0.5290
346 1540 0.2488
346 1541 0.2275
346 1542 0.1053
346 1544 0.3605
346 1545 0.0888
346 1546 0.1759
346 1547 0.3813
346 1548 0.3839
346 1549 0.1698
346 1550 0.3982
346 1551 0.1745
346 1552 0.1454
346 1554 0.2773
346 1555 0.0888
346 1557 0.2471
346 1565 0.0922
346 1566 0.0976
346 1567 0.4760
346 1568 0.1990
346 1569 0.0911
346 1570 0.0939
346 1571 0.1510
346 1572 0.2162
346 1573 0.1339
346 1574 0.0738
346 1575 0.0696
346 1576 0.0779
346 1577 0.1407
346 1578 0.1225
346 1579 0.2031
346 1580 0.1183
346 1581 0.1639
346 1582 0.2138
346 1583 0.1424
346 1584 0.0811
346 1585 0.3752
346 1586 0.1420
346 1587 0.1394
346 1588 0.1475
346 1589 0.1544
346 1590 0.0961
346 1591 0.1300
346 1592 0.0970
346 1593 0.0866
346 1594 0.1430
346 1595 0.1930
346 1596 0.0696
346 1597 0.0783
346 1598 0.0888
346 1599 0.0803
346 1600 0.0926
346 1601 0.2256
346 1602 0.0846
346 1603 0.1402
346 1604 0.1459
346 1605 0.1225
346 1606 0.0853
346 1607 0.1222
346 1608 0.2732
346 1609 0.1759
346 1610 0.1544
346 1612 0.1225
346 1613 0.2413
346 1614 0.1736
346 1616 0.1225
346 1617 0.0825
346 1618 0.4299
346 1619 0.2102
346 1620 0.1047
346 1621 0.5979
346 1622 0.5313
346 1623 0.0919
346 1624 0.1214
346 1625 0.1183
346 1626 0.1039
346 1627 0.0888
346 1628 0.1544
346 1629 0.1793
346 1630 0.1708
346 1631 0.0867
346 1632 0.0948
346 1633 0.1004
346 1634 0.2252
346 1636 0.0751
346 1637 0.1041
346 1638 0.0926
346 1639 0.1459
346 1640 0.0925
346 1641 0.1544
346 1642 0.1416
346 1643 0.1254
346 1645 0.1176
346 1646 0.1446
346 1647 0.0885
346 1648 0.0803
346 1649 0.2067
346 1650 0.0888
346 1652 0.1027
346 1653 0.1504
346 1654 0.1411
346 1655 0.4601
346 1657 0.1225
346 1658 0.1149
346 1659 0.2029
346 1660 0.1197
346 1661 0.1763
346 1662 0.1190
346 1663 0.1033
346 1664 0.0801
346 1665 0.0867
346 1666 0.1039
346 1667 0.1297
346 1668 0.0818
346 1669 0.1303
346 1670 0.1138
346 1671 0.0859
346 1672 0.1964
346 1674 0.1453
346 1675 0.0888
346 1676 0.0859
346 1678 0.1289
346 1680 0.1105
346 1681 0.1128
346 1682 0.1088
346 1683 0.1821
346 1684 0.1244
346 1685 0.1093
346 1686 0.1183
346 1687 0.2657
346 1688 0.1014
346 1689 0.6044
346 1690 0.1140
346 1691 0.0827
346 1692 0.0848
346 1694 0.1649
346 1695 0.0238
346 1696 0.1225
346 1697 0.1704
346 1699 0.1534
346 1700 0.0948
346 1701 0.0760
346 1702 0.1801
346 1703 0.0943
346 1704 0.0807
346 1705 0.1185
346 1706 0.1342
346 1707 0.3249
346 1708 0.2218
346 1709 0.1663
346 1711 0.2218
346 1712 0.7341
346 1713 0.3038
346 1714 0.1315
346 1715 0.2218
346 1716 0.1063
346 1717 0.7953
346 1718 0.0238
346 1720 0.1647
346 1721 0.0926
346 1723 0.1331
346 1724 0.0883
346 1725 0.1033
346 1726 0.1225
346 1728 0.0960
346 1729 0.0926
346 1730 0.0751
347 348 0.4499
347 349 0.1882
347 350 0.5092
347 351 0.2369
347 352 0.1507
347 353 0.2144
347 354 0.2047
347 355 0.0545
347 356 0.2104
347 357 0.3903
347 358 0.4710
347 359 0.1302
347 360 0.0545
347 361 0.2490
347 362 0.6178
347 363 0.1314
347 364 0.5808
347 366 0.2272
347 367 0.1899
347 368 0.0938
347 369 0.1655
347 370 0.3605
347 371 0.1003
347 372 0.4128
347 373 0.5441
347 374 0.1311
347 375 0.6418
347 376 0.1058
347 377 0.1481
347 378 0.1700
347 379 0.5912
347 380 0.4903
347 381 0.4651
347 382 0.1746
347 383 0.5742
347 384 0.1771
347 385 0.1576
347 386 0.4138
347 387 0.3457
347 388 0.4752
347 389 0.3498
347 390 0.6662
347 391 0.1185
347 392 0.1616
347 393 0.4943
347 394 0.3247
347 395 0.3432
347 396 0.1305
347 397 0.4853
347 398 0.1169
347 399 0.6513
347 400 0.0764
347 402 0.0991
347 403 0.1233
347 404 0.4891
347 405 0.2583
347 406 0.5562
347 407 0.2634
347 408 0.4012
347 409 0.1045
347 410 0.1316
347 411 0.4703
347 412 0.3546
347 413 0.2720
347 414 0.2486
347 415 0.2183
347 416 0.2585
347 418 0.1241
347 419 0.3300
347 420 0.3214
347 421 0.1821
347 422 0.1327
347 423 0.3868
347 424 0.5794
347 425 0.1965
347 426 0.0595
347 427 0.0977
347 428 0.5946
347 430 0.4826
347 432 0.1254
347 433 0.4828
347 434 0.6310
347 435 0.4509
347 436 0.5294
347 437 0.3147
347 438 0.8469
347 439 0.1594
347 440 0.3523
347 441 0.5200
347 442 0.5746
347 443 0.0419
347 444 0.4506
347 445 0.1874
347 447 0.2126
347 448 0.4467
347 449 0.8034
347 450 0.3498
347 451 0.0844
347 452 0.2290
347 453 0.1056
347 454 0.9399
347 455 0.6841
347 456 0.4433
347 457 0.3976
347 458 0.1558
347 459 0.2478
347 460 0.4848
347 461 0.2692
347 462 0.3498
347 463 0.7254
347 464 0.3139
347 465 0.1798
347 466 0.8887
347 467 0.1563
347 468 0.2624
347 469 0.3462
347 470 0.2183
347 471 0.5436
347 472 0.2353
347 474 0.2704
347 475 0.5641
347 476 0.5683
347 478 0.1998
347 479 0.6086
347 480 0.2685
347 481 0.2494
347 482 0.1440
347 484 0.6981
347 485 0.1675
347 486 0.2099
347 487 0.2930
347 488 0.1669
347 489 0.1956
347 490 0.2698
347 491 0.1388
347 492 0.2357
347 494 0.2375
347 495 0.5495
347 496 0.4988
347 497 0.5997
347 498 0.1336
347 499 0.4085
347 500 0.3746
347 501 0.1228
347 503 0.4229
347 504 0.1402
347 505 0.7032
347 506 0.6107
347 507 0.2064
347 508 0.5381
347 509 0.7297
347 510 0.1732
347 511 0.7425
347 512 0.7202
347 513 0.0818
347 514 0.5748
347 515 0.6259
347 516 0.5800
347 517 0.2204
347 518 0.2984
347 519 0.2316
347 520 0.1117
347 521 0.5715
347 522 0.1130
347 523 0.1563
347 525 0.1987
347 526 0.3457
347 527 0.5372
347 528 0.1214
347 529 0.5532
347 530 0.5760
347 531 0.5249
347 532 0.1290
347 533 0.1376
347 534 0.5121
347 535 0.1230
347 536 0.2237
347 537 0.1279
347 538 0.2667
347 539 0.3695
347 540 0.4585
347 541 0.1300
347 542 0.3452
347 543 0.1650
347 544 0.4681
347 545 0.1654
347 546 0.7126
347 547 0.4505
347 548 0.5166
347 549 0.2898
347 550 0.1197
347 551 0.1251
347 552 0.4638
347 553 0.3700
347 554 0.3036
347 555 0.7443
347 556 0.1285
347 557 0.4744
347 558 0.3920
347 559 0.1177
347 560 0.1349
347 561 0.5928
347 562 0.1387
347 563 0.7326
347 564 0.1837
347 565 0.7690
347 567 0.4533
347 568 0.7878
347 569 0.1326
347 570 0.5980
347 571 0.3961
347 572 0.5736
347 573 0.3737
347 574 0.1228
347 575 0.5523
347 576 0.1054
347 577 0.5409
347 578 0.4451
347 579 0.7565
347 581 0.4363
347 582 0.1799
347 583 0.1289
347 584 0.1065
347 585 0.5077
347 586 0.7066
347 587 0.4578
347 589 0.4820
347 590 0.6362
347 591 0.4943
347 592 0.1248
347 593 0.3497
347 594 0.4541
347 595 0.1844
347 599 0.4319
347 600 0.5835
347 601 0.4264
347 602 0.4294
347 604 0.1195
347 605 0.0904
347 606 0.7610
347 607 0.5326
347 608 0.1197
347 609 0.3527
347 610 0.5009
347 611 0.0759
347 612 0.4387
347 613 0.1745
347 614 0.5895
347 615 0.1336
347 616 0.4840
347 617 0.1236
347 618 0.1943
347 619 0.5174
347 620 0.3619
347 621 0.4639
347 622 0.2347
347 623 0.3484
347 624 0.1529
347 625 0.5871
347 626 0.1630
347 627 0.4058
347 628 0.1912
347 629 0.2900
347 630 0.3497
347 631 0.5505
347 632 0.1379
347 633 0.1659
347 634 0.4195
347 635 0.2704
347 636 0.0904
347 637 0.7264
347 638 0.1967
347 639 0.8002
347 640 0.1043
347 641 0.1156
347 642 0.4671
347 643 0.2446
347 644 0.3443
347 645 0.6195
347 646 0.4495
347 648 0.1725
347 649 0.1496
347 650 0.7129
347 651 0.1404
347 652 0.1317
347 653 0.5914
347 654 0.2261
347 655 0.1151
347 656 0.4794
347 657 0.2544
347 658 0.5155
347 659 0.2220
347 660 0.2085
347 661 0.2233
347 662 0.4144
347 663 0.1500
347 664 0.4692
347 665 0.1022
347 666 0.1521
347 667 0.1644
347 668 0.3498
347 670 0.3431
347 671 0.5209
347 672 0.1160
347 673 0.1189
347 674 0.0538
347 675 0.2283
347 676 0.5583
347 677 0.2589
347 678 0.2949
347 679 0.1997
347 680 0.1605
347 681 0.5948
347 683 0.3922
347 684 0.2691
347 685 0.3969
347 686 0.3572
347 687 0.7489
347 688 0.0943
347 689 0.5997
347 690 0.4478
347 691 0.2302
347 692 0.2161
347 694 0.1738
347 695 0.5084
347 696 0.3661
347 697 0.4143
347 698 0.6526
347 699 0.4824
347 700 0.5521
347 701 0.2326
347 702 0.1254
347 703 0.1506
347 704 0.1003
347 705 0.5346
347 706 0.2677
347 707 0.2031
347 708 0.1018
347 709 0.4347
347 710 0.3117
347 711 0.6273
347 712 0.2686
347 713 0.1563
347 714 0.3819
347 716 0.2704
347 717 0.1183
347 718 0.2305
347 720 0.1541
347 721 0.1631
347 722 0.1616
347 723 0.4402
347 724 0.1602
347 725 0.2804
347 726 0.0859
347 727 0.2379
347 728 0.1642
347 729 0.2081
347 730 0.1300
347 731 0.2642
347 732 0.7456
347 733 0.5011
347 734 0.5685
347 735 0.1936
347 736 0.6717
347 737 0.8115
347 738 0.3498
347 740 0.5926
347 741 0.4857
347 742 0.5610
347 743 0.3469
347 744 0.2382
347 745 0.1156
347 746 0.2240
347 747 0.1166
347 748 0.5804
347 749 0.1129
347 750 0.7012
347 751 0.5379
347 752 0.4116
347 753 0.1998
347 755 0.1249
347 756 0.3374
347 757 0.2670
347 758 0.2226
347 759 0.1940
347 760 0.1844
347 761 0.6730
347 762 0.3498
347 763 0.2391
347 764 0.3154
347 766 0.2173
347 767 0.1257
347 768 0.9085
347 769 0.1613
347 770 0.3337
347 771 0.1199
347 772 0.1545
347 773 0.4443
347 774 0.1868
347 775 0.1392
347 776 0.2448
347 777 0.2517
347 778 0.3119
347 780 0.4459
347 781 0.1219
347 782 0.2290
347 783 0.2421
347 784 0.1140
347 785 0.2004
347 786 0.5891
347 787 0.5367
347 788 0.2097
347 789 0.6543
347 791 0.5304
347 792 0.2424
347 793 0.7064
347 794 0.4212
347 795 0.4478
347 796 0.5721
347 797 0.0884
347 798 0.0945
347 799 0.1290
347 800 0.2720
347 801 0.2132
347 802 0.2325
347 803 0.2200
347 804 0.5484
347 805 0.1485
347 806 0.1621
347 807 0.1417
347 808 0.3339
347 809 0.4789
347 810 0.5079
347 811 0.4770
347 813 0.6362
347 814 0.4261
347 815 0.4317
347 816 0.3527
347 817 0.1731
347 818 0.1249
347 819 0.3338
347 820 0.1073
347 821 0.5294
347 822 0.1353
347 823 0.5633
347 824 0.1744
347 825 0.3424
347 827 0.2227
347 828 0.2001
347 829 0.4931
347 830 0.1434
347 831 0.3400
347 832 0.1963
347 833 0.3338
347 834 0.4009
347 835 0.2085
347 836 0.5935
347 837 0.1899
347 838 0.1120
347 839 0.1357
347 840 0.5027
347 841 0.4703
347 842 0.4358
347 843 0.3778
347 844 0.1665
347 845 0.4765
347 846 0.0877
347 848 0.1276
347 849 0.1324
347 850 0.2704
347 851 0.8444
347 852 0.1103
347 853 0.4651
347 854 0.1913
347 855 0.3829
347 856 0.1646
347 857 0.0906
347 858 0.1318
347 859 0.2894
347 860 0.1912
347 861 0.3049
347 862 0.1510
347 864 0.0874
347 865 0.1505
347 866 0.1786
347 867 0.5388
347 868 0.4739
347 869 0.1032
347 870 0.1782
347 871 0.1626
347 872 0.9950
347 873 0.3796
347 874 0.1371
347 875 0.1415
347 876 0.3794
347 877 0.3099
347 878 0.1720
347 880 0.4871
347 881 0.1093
347 882 0.4782
347 883 0.1027
347 885 0.4215
347 886 0.3896
347 887 0.4175
347 888 0.3498
347 889 0.5131
347 890 0.4063
347 891 0.4433
347 892 0.0734
347 893 0.5256
347 894 0.3482
347 895 0.1769
347 896 0.3730
347 897 0.2355
347 898 0.1515
347 900 0.1768
347 901 0.6158
347 903 0.3239
347 905 0.3568
347 906 0.3324
347 907 0.1546
347 908 0.5716
347 909 0.2857
347 910 0.4478
347 911 0.3631
347 912 0.0984
347 913 0.2394
347 914 0.2058
347 915 0.8335
347 916 0.1175
347 918 0.1144
347 919 0.3729
347 920 0.1306
347 921 0.1201
347 922 0.5215
347 924 0.2566
347 928 0.2226
347 929 0.4064
347 930 0.1236
347 932 0.2396
347 933 0.4651
347 934 0.1427
347 935 0.1469
347 936 0.1629
347 937 0.3498
347 938 0.1182
347 939 0.3498
347 940 0.3111
347 941 0.2970
347 942 0.1266
347 943 0.2337
347 944 0.2904
347 946 0.5055
347 947 0.1086
347 948 0.1217
347 949 0.2110
347 950 0.1427
347 951 0.1873
347 952 0.2592
347 953 0.6539
347 954 0.1916
347 955 0.2724
347 957 0.3527
347 958 0.1060
347 959 0.4243
347 960 0.7051
347 961 0.1059
347 962 0.1612
347 963 0.1374
347 964 0.4220
347 965 0.2591
347 966 0.1471
347 967 0.3483
347 968 0.8147
347 969 0.6579
347 971 0.1769
347 972 0.4731
347 973 0.4877
347 974 0.9551
347 976 0.1367
347 977 0.1835
347 978 0.5375
347 979 0.3889
347 980 0.3631
347 981 0.1473
347 982 0.4651
347 983 0.1781
347 984 0.1916
347 985 0.1050
347 987 0.5609
347 989 0.4339
347 990 0.1994
347 991 0.1197
347 993 0.3820
347 994 0.7616
347 995 0.1554
347 996 0.4651
347 999 0.0915
347 1000 0.4244
347 1001 0.1822
347 1002 0.1829
347 1003 0.4541
347 1004 0.2482
347 1005 0.2253
347 1006 0.1497
347 1007 0.1788
347 1008 0.2109
347 1010 0.4651
347 1013 0.4651
347 1014 0.6270
347 1015 0.6114
347 1016 0.0786
347 1017 0.5754
347 1018 0.1404
347 1019 0.2224
347 1020 0.2395
347 1022 0.4478
347 1023 0.3590
347 1024 0.3695
347 1025 0.2663
347 1026 0.3695
347 1027 0.0790
347 1029 0.0913
347 1030 0.5490
347 1031 0.4478
347 1032 0.1776
347 1033 0.1513
347 1034 0.1352
347 1035 0.1227
347 1036 0.1421
347 1037 0.2710
347 1039 0.3498
347 1040 0.2320
347 1041 0.4377
347 1042 0.6158
347 1043 0.0851
347 1044 0.1779
347 1045 0.4490
347 1046 0.1806
347 1047 0.0949
347 1048 0.1591
347 1049 0.1065
347 1050 0.1766
347 1051 0.1129
347 1052 0.3402
347 1053 0.0904
347 1054 0.1334
347 1055 0.4651
347 1056 0.5268
347 1057 0.3016
347 1058 0.1417
347 1059 0.2151
347 1060 0.2628
347 1061 0.4738
347 1062 0.3346
347 1063 0.4393
347 1065 0.0882
347 1066 0.5580
347 1067 0.3657
347 1068 0.1091
347 1069 0.1181
347 1070 0.4324
347 1071 0.3231
347 1072 0.1624
347 1073 0.0795
347 1075 0.5394
347 1076 0.2543
347 1078 0.1817
347 1079 0.6518
347 1080 0.3475
347 1081 0.1208
347 1082 0.4924
347 1083 0.5988
347 1084 0.1256
347 1085 0.4125
347 1087 0.4651
347 1089 0.3517
347 1090 0.1107
347 1092 0.2325
347 1093 0.1300
347 1094 0.0419
347 1095 0.1460
347 1096 0.1583
347 1097 0.6732
347 1099 0.8727
347 1102 0.1217
347 1103 0.3075
347 1104 0.5209
347 1105 0.1723
347 1106 0.4473
347 1107 0.1895
347 1108 0.0786
347 1109 0.1666
347 1110 0.2826
347 1111 0.0811
347 1113 0.0904
347 1115 0.3363
347 1116 0.3550
347 1117 0.2823
347 1118 0.2580
347 1119 0.6624
347 1120 0.1624
347 1121 0.2409
347 1122 0.2407
347 1123 0.3005
347 1124 0.3582
347 1125 0.1156
347 1126 0.0868
347 1127 0.2346
347 1128 0.3582
347 1129 0.7204
347 1130 0.3478
347 1132 0.3724
347 1133 0.1685
347 1134 0.3128
347 1135 0.8058
347 1136 0.2030
347 1138 0.1110
347 1141 0.0877
347 1142 0.1924
347 1143 0.8734
347 1144 0.1089
347 1145 0.2688
347 1146 0.4702
347 1148 0.3498
347 1149 0.4651
347 1150 0.2016
347 1151 0.4192
347 1152 0.6157
347 1153 0.1010
347 1154 0.5637
347 1156 0.2409
347 1157 0.4870
347 1158 0.5364
347 1159 0.2381
347 1160 0.1491
347 1161 0.0920
347 1162 0.3905
347 1163 0.1357
347 1165 0.2615
347 1166 0.2953
347 1167 0.3520
347 1169 0.1359
347 1170 0.3498
347 1172 0.3045
347 1173 0.3498
347 1176 0.3808
347 1177 0.2788
347 1178 0.2082
347 1180 0.1287
347 1181 0.2791
347 1182 0.1222
347 1183 0.0668
347 1185 0.2664
347 1186 0.0999
347 1187 0.1240
347 1188 0.1132
347 1189 0.1955
347 1191 0.3498
347 1192 0.5734
347 1193 0.1699
347 1194 0.0754
347 1195 0.2925
347 1197 0.2878
347 1198 0.4651
347 1199 0.3293
347 1200 0.3877
347 1201 0.5769
347 1202 0.4477
347 1203 0.1400
347 1204 0.6409
347 1205 0.6135
347 1206 0.3222
347 1207 0.4688
347 1208 0.1215
347 1210 0.5418
347 1211 0.5089
347 1212 0.3257
347 1213 0.5492
347 1214 0.3741
347 1215 0.2572
347 1216 0.2474
347 1217 0.4728
347 1218 0.3170
347 1219 0.3282
347 1220 0.3498
347 1221 0.6344
347 1222 0.4864
347 1223 0.5487
347 1224 0.3725
347 1225 0.9304
347 1226 0.4988
347 1227 0.4036
347 1229 0.2011
347 1230 0.2667
347 1231 0.4398
347 1233 0.3261
347 1235 0.5408
347 1236 0.3090
347 1237 0.2853
347 1238 0.5002
347 1239 0.3090
347 1240 0.3571
347 1241 0.4478
347 1242 0.6822
347 1243 0.2613
347 1244 0.2429
347 1245 0.1306
347 1246 0.2527
347 1247 0.3715
347 1248 0.1487
347 1249 0.0843
347 1250 0.3022
347 1251 0.3758
347 1252 0.4395
347 1253 0.2093
347 1254 0.5294
347 1255 0.3588
347 1256 0.5976
347 1258 0.6338
347 1259 0.3772
347 1260 0.6392
347 1262 0.1361
347 1263 0.3759
347 1265 0.7057
347 1266 0.2308
347 1267 0.5056
347 1268 0.5584
347 1269 0.5598
347 1270 0.3922
347 1271 0.4715
347 1272 0.3498
347 1273 0.4073
347 1274 0.3584
347 1275 0.6520
347 1276 0.3821
347 1278 0.4794
347 1279 0.3129
347 1280 0.4649
347 1281 0.2402
347 1282 0.2044
347 1283 0.2238
347 1284 0.1625
347 1286 0.1525
347 1287 0.1856
347 1288 0.1126
347 1289 0.1257
347 1290 0.3056
347 1291 0.1986
347 1292 0.6536
347 1293 0.1493
347 1295 0.3498
347 1296 0.1191
347 1298 0.1310
347 1299 0.1129
347 1300 0.1129
347 1301 0.3002
347 1302 0.1886
347 1303 0.2634
347 1304 0.2815
347 1305 0.1590
347 1306 0.1443
347 1308 0.2466
347 1309 0.1547
347 1310 0.1188
347 1311 0.1886
347 1312 0.1364
347 1313 0.1684
347 1315 0.1542
347 1316 0.8185
347 1318 0.5164
347 1319 0.1151
347 1322 0.0968
347 1323 0.2237
347 1324 0.2398
347 1325 0.3190
347 1326 0.2613
347 1327 0.2882
347 1328 0.2612
347 1329 0.1227
347 1330 0.2628
347 1331 0.3583
347 1332 0.3656
347 1333 0.5766
347 1334 0.2407
347 1335 0.5000
347 1336 0.4298
347 1337 0.2033
347 1338 0.3166
347 1339 0.4738
347 1340 0.0964
347 1341 0.3511
347 1342 0.6673
347 1343 0.3545
347 1344 0.7039
347 1345 0.1336
347 1346 0.5022
347 1348 0.5554
347 1349 0.3607
347 1350 0.3003
347 1351 0.3768
347 1352 0.1585
347 1353 0.2099
347 1354 0.3338
347 1356 0.1478
347 1357 0.3768
347 1358 0.3741
347 1359 0.3345
347 1360 0.5488
347 1361 0.3527
347 1362 0.5552
347 1364 0.3415
347 1365 0.3498
347 1366 0.3755
347 1367 0.5774
347 1368 0.4779
347 1369 0.5678
347 1370 0.7013
347 1371 0.2844
347 1372 0.5366
347 1373 0.3600
347 1374 0.2637
347 1377 0.3061
347 1378 0.0946
347 1379 0.1458
347 1380 0.3531
347 1381 0.2001
347 1382 0.1184
347 1383 0.1537
347 1384 0.3155
347 1385 0.1741
347 1386 0.7623
347 1387 0.3356
347 1388 0.6328
347 1389 0.5169
347 1390 0.6325
347 1392 0.4456
347 1393 0.3498
347 1394 0.5288
347 1395 0.5080
347 1396 0.3120
347 1397 0.5526
347 1398 0.3892
347 1399 0.2645
347 1401 0.3941
347 1402 0.4187
347 1405 0.3959
347 1406 0.4651
347 1407 0.5112
347 1408 0.1307
347 1409 0.5800
347 1411 0.2576
347 1412 0.3695
347 1414 0.3166
347 1416 0.2934
347 1418 0.6833
347 1419 0.6663
347 1420 0.0888
347 1421 0.2172
347 1422 0.0901
347 1423 0.2335
347 1425 0.4228
347 1426 0.5910
347 1427 0.0826
347 1428 0.2066
347 1431 0.3498
347 1433 0.1252
347 1434 0.9009
347 1435 0.1369
347 1436 0.0804
347 1437 0.1006
347 1438 0.0893
347 1439 0.1383
347 1440 0.1826
347 1441 0.1216
347 1443 0.0927
347 1445 0.0902
347 1446 0.0787
347 1448 0.1546
347 1449 0.3191
347 1451 0.2817
347 1452 0.1357
347 1453 0.1561
347 1454 0.2249
347 1455 0.2250
347 1456 0.1322
347 1457 0.1855
347 1458 0.1691
347 1459 0.0795
347 1460 0.1277
347 1461 0.4651
347 1462 0.1028
347 1463 0.2735
347 1464 0.1541
347 1465 0.7267
347 1466 0.1317
347 1468 0.2248
347 1470 0.3498
347 1472 0.3451
347 1473 0.2059
347 1475 0.1665
347 1476 0.3521
347 1477 0.1809
347 1478 0.1868
347 1479 0.1507
347 1480 0.2090
347 1481 0.1665
347 1482 0.0691
347 1484 0.2131
347 1485 0.2080
347 1486 0.0996
347 1487 0.3163
347 1490 0.1369
347 1491 0.1340
347 1492 0.1050
347 1493 0.2357
347 1494 0.2675
347 1496 0.1626
347 1497 0.2914
347 1498 0.3151
347 1499 0.1931
347 1500 0.2617
347 1501 0.4026
347 1503 0.5050
347 1504 0.3782
347 1505 0.2409
347 1506 0.3338
347 1507 0.1668
347 1508 0.1433
347 1510 0.1802
347 1511 0.3057
347 1512 0.2187
347 1513 0.1222
347 1515 0.1271
347 1516 0.3420
347 1517 0.2396
347 1518 0.3899
347 1519 0.2615
347 1520 0.7553
347 1522 0.2200
347 1525 0.2908
347 1526 0.1759
347 1527 0.1662
347 1528 0.1525
347 1529 0.1617
347 1530 0.2201
347 1531 0.3338
347 1532 0.1446
347 1534 0.1272
347 1535 0.2283
347 1536 0.1066
347 1537 0.1103
347 1538 0.2113
347 1540 0.1055
347 1541 0.2101
347 1542 0.2419
347 1544 0.1129
347 1545 0.4651
347 1546 0.2600
347 1547 0.2642
347 1548 0.2942
347 1549 0.0538
347 1550 0.2028
347 1551 0.1344
347 1552 0.2099
347 1554 0.0743
347 1555 0.4651
347 1557 0.2036
347 1565 0.1056
347 1566 0.2502
347 1567 0.1094
347 1568 0.2398
347 1569 0.2447
347 1570 0.3829
347 1571 0.3267
347 1572 0.1290
347 1573 0.2520
347 1574 0.1868
347 1575 0.5756
347 1576 0.5696
347 1577 0.4539
347 1578 0.1225
347 1579 0.4786
347 1580 0.1815
347 1581 0.2098
347 1582 0.3607
347 1583 0.3067
347 1584 0.1184
347 1585 0.5114
347 1586 0.3040
347 1587 0.3462
347 1588 0.4731
347 1589 0.4478
347 1590 0.3022
347 1591 0.4229
347 1592 0.3912
347 1593 0.5555
347 1594 0.2756
347 1595 0.1689
347 1596 0.5756
347 1597 0.2754
347 1598 0.4651
347 1599 0.3360
347 1600 0.2505
347 1601 0.5114
347 1602 0.3316
347 1603 0.3108
347 1604 0.5766
347 1605 0.1220
347 1606 0.5121
347 1607 0.2735
347 1608 0.3185
347 1609 0.2600
347 1610 0.4478
347 1612 0.2239
347 1613 0.5361
347 1614 0.0877
347 1616 0.1283
347 1617 0.3534
347 1618 0.3082
347 1619 0.2997
347 1620 0.2359
347 1621 0.6413
347 1622 0.8700
347 1623 0.5208
347 1624 0.5036
347 1625 0.1878
347 1626 0.2644
347 1627 0.5144
347 1628 0.4478
347 1629 0.3857
347 1630 0.2957
347 1631 0.1781
347 1632 0.0771
347 1633 0.3046
347 1634 0.4489
347 1636 0.3642
347 1637 0.2762
347 1638 0.2283
347 1639 0.5766
347 1640 0.2538
347 1641 0.4478
347 1642 0.2429
347 1643 0.3515
347 1645 0.1932
347 1646 0.3036
347 1647 0.3163
347 1648 0.3377
347 1649 0.3159
347 1650 0.4651
347 1652 0.0835
347 1653 0.7049
347 1654 0.1235
347 1655 0.2406
347 1657 0.3796
347 1658 0.1682
347 1659 0.1758
347 1660 0.1297
347 1661 0.4280
347 1662 0.4014
347 1663 0.5739
347 1664 0.4794
347 1665 0.3224
347 1666 0.3007
347 1667 0.3889
347 1668 0.6844
347 1669 0.4648
347 1670 0.3695
347 1671 0.1531
347 1672 0.6402
347 1674 0.4466
347 1675 0.4651
347 1676 0.1531
347 1678 0.4785
347 1680 0.2459
347 1681 0.4623
347 1682 0.2869
347 1683 0.7745
347 1684 0.1774
347 1685 0.3173
347 1686 0.2031
347 1687 0.5709
347 1688 0.4074
347 1689 0.9560
347 1690 0.2310
347 1691 0.6693
347 1692 0.4986
347 1694 0.4349
347 1695 0.3498
347 1696 0.1328
347 1697 0.4497
347 1699 0.1015
347 1700 0.3338
347 1701 0.3865
347 1702 0.2189
347 1703 0.0784
347 1704 0.0841
347 1705 0.0877
347 1706 0.1217
347 1707 0.1701
347 1708 0.1156
347 1709 0.1349
347 1711 0.1156
347 1712 0.9507
347 1713 0.1079
347 1714 0.1323
347 1715 0.1156
347 1716 0.1938
347 1717 0.9424
347 1718 0.3498
347 1720 0.1935
347 1721 0.3527
347 1723 0.2199
347 1724 0.0841
347 1725 0.3044
347 1726 0.1838
347 1728 0.1821
347 1729 0.0906
347 1730 0.1422
348 349 0.0848
348 350 0.1024
348 351 0.1008
348 352 0.3558
348 353 0.1241
348 354 0.1977
348 355 0.0968
348 356 0.0839
348 357 0.1880
348 358 0.1208
348 359 0.1171
348 360 0.0968
348 361 0.0965
348 362 0.1494
348 363 0.0822
348 364 0.2160
348 366 0.1487
348 367 0.2109
348 368 0.1775
348 369 0.2108
348 370 0.2125
348 371 0.4408
348 372 0.4095
348 373 0.1294
348 374 0.2113
348 375 0.6690
348 376 0.4262
348 377 0.0684
348 378 0.1690
348 379 0.7209
348 380 0.5457
348 381 0.2128
348 382 0.0814
348 383 0.1405
348 384 0.1228
348 385 0.2432
348 386 0.3144
348 387 0.6012
348 388 0.3015
348 389 0.2536
348 390 0.1837
348 391 0.4325
348 392 0.3565
348 393 0.2853
348 394 0.5012
348 395 0.3798
348 396 0.4853
348 397 0.6554
348 398 0.0911
348 399 0.5170
348 400 0.2171
348 402 0.0996
348 403 0.4487
348 404 0.1201
348 405 0.2575
348 406 0.1831
348 407 0.1237
348 408 0.3232
348 409 0.3191
348 410 0.1057
348 411 0.1818
348 412 0.7035
348 413 0.3670
348 414 0.1750
348 415 0.5495
348 416 0.1027
348 418 0.4710
348 419 0.0836
348 420 0.1252
348 421 0.1792
348 422 0.0941
348 423 0.6552
348 424 0.2687
348 425 0.4729
348 426 0.1400
348 427 0.1900
348 428 0.5086
348 430 0.1084
348 432 0.1023
348 433 0.1203
348 434 0.2091
348 435 0.2626
348 436 0.4642
348 437 0.6514
348 438 0.7417
348 439 0.1548
348 440 0.1237
348 441 0.4717
348 442 0.1158
348 443 0.1025
348 444 0.1037
348 445 0.0816
348 447 0.1468
348 448 0.0912
348 449 0.8058
348 450 0.2536
348 451 0.0781
348 452 0.2470
348 453 0.1107
348 454 0.7802
348 455 0.2436
348 456 0.5106
348 457 0.5850
348 458 0.2507
348 459 0.2170
348 460 0.1532
348 461 0.3485
348 462 0.2536
348 463 0.4583
348 464 0.4573
348 465 0.1005
348 466 0.5344
348 467 0.0768
348 468 0.1218
348 469 0.5124
348 470 0.4713
348 471 0.1458
348 472 0.1089
348 474 0.7257
348 475 0.1271
348 476 0.1744
348 478 0.1883
348 479 0.1313
348 480 0.1069
348 481 0.1270
348 482 0.3904
348 484 0.6621
348 485 0.1059
348 486 0.1260
348 487 0.2602
348 488 0.4994
348 489 0.1130
348 490 0.1126
348 491 0.0970
348 492 0.4360
348 494 0.0983
348 495 0.4210
348 496 0.1494
348 497 0.1542
348 498 0.0888
348 499 0.5559
348 500 0.2531
348 501 0.0704
348 503 0.1698
348 504 0.1012
348 505 0.6030
348 506 0.1231
348 507 0.0836
348 508 0.1646
348 509 0.2138
348 510 0.1207
348 511 0.5903
348 512 0.2055
348 513 0.3598
348 514 0.4858
348 515 0.1086
348 516 0.1253
348 517 0.1204
348 518 0.1458
348 519 0.0841
348 520 0.0879
348 521 0.1221
348 522 0.0805
348 523 0.1099
348 525 0.2331
348 526 0.0933
348 527 0.6113
348 528 0.3963
348 529 0.1261
348 530 0.4344
348 531 0.2082
348 532 0.0919
348 533 0.1467
348 534 0.2447
348 535 0.1099
348 536 0.2055
348 537 0.2683
348 538 0.0846
348 539 0.3031
348 540 0.2906
348 541 0.2537
348 542 0.2054
348 543 0.0945
348 544 0.1169
348 545 0.2873
348 546 0.2128
348 547 0.2643
348 548 0.4950
348 549 0.3023
348 550 0.1332
348 551 0.1094
348 552 0.1698
348 553 0.1399
348 554 0.1235
348 555 0.6991
348 556 0.0987
348 557 0.6204
348 558 0.1896
348 559 0.0934
348 560 0.0976
348 561 0.5757
348 562 0.1224
348 563 0.7343
348 564 0.1280
348 565 0.1070
348 567 0.3448
348 568 0.8611
348 569 0.1290
348 570 0.4861
348 571 0.4803
348 572 0.6241
348 573 0.0966
348 574 0.3894
348 575 0.1097
348 576 0.2524
348 577 0.1291
348 578 0.2941
348 579 0.6536
348 581 0.5900
348 582 0.0978
348 583 0.0900
348 584 0.3765
348 585 0.5457
348 586 0.1629
348 587 0.2383
348 589 0.1957
348 590 0.2841
348 591 0.1305
348 592 0.1881
348 593 0.4361
348 594 0.2569
348 595 0.1017
348 599 0.1632
348 600 0.1274
348 601 0.3119
348 602 0.1417
348 604 0.0906
348 605 0.0960
348 606 0.2815
348 607 0.4118
348 608 0.1965
348 609 0.7511
348 610 0.1118
348 611 0.0950
348 612 0.1131
348 613 0.0994
348 614 0.1655
348 615 0.2322
348 616 0.2783
348 617 0.1184
348 618 0.0870
348 619 0.4364
348 620 0.0681
348 621 0.4161
348 622 0.1601
348 623 0.1308
348 624 0.0789
348 625 0.4995
348 626 0.1318
348 627 0.4322
348 628 0.2606
348 629 0.1526
348 630 0.1301
348 631 0.1430
348 632 0.4106
348 633 0.4761
348 634 0.1396
348 635 0.7257
348 636 0.0960
348 637 0.1791
348 638 0.1409
348 639 0.7922
348 640 0.1148
348 641 0.1660
348 642 0.1258
348 643 0.2490
348 644 0.0973
348 645 0.1167
348 646 0.1389
348 648 0.0928
348 649 0.0782
348 650 0.4047
348 651 0.4914
348 652 0.1736
348 653 0.1258
348 654 0.2950
348 655 0.0982
348 656 0.3021
348 657 0.1423
348 658 0.6505
348 659 0.1046
348 660 0.1289
348 661 0.0987
348 662 0.1041
348 663 0.0894
348 664 0.1909
348 665 0.0719
348 666 0.1175
348 667 0.1199
348 668 0.2536
348 670 0.1296
348 671 0.3696
348 672 0.0924
348 673 0.1732
348 674 0.1149
348 675 0.6696
348 676 0.2982
348 677 0.0682
348 678 0.1003
348 679 0.4475
348 680 0.1692
348 681 0.1186
348 683 0.2500
348 684 0.1545
348 685 0.4611
348 686 0.1605
348 687 0.2002
348 688 0.0950
348 689 0.1484
348 690 0.1183
348 691 0.1221
348 692 0.1337
348 694 0.1349
348 695 0.3268
348 696 0.0928
348 697 0.1173
348 698 0.2128
348 699 0.6824
348 700 0.1095
348 701 0.0871
348 702 0.4572
348 703 0.4044
348 704 0.3839
348 705 0.1404
348 706 0.2805
348 707 0.3314
348 708 0.1226
348 709 0.1292
348 710 0.0870
348 711 0.1971
348 712 0.1891
348 713 0.0762
348 714 0.4438
348 716 0.7257
348 717 0.0773
348 718 0.1276
348 720 0.0966
348 721 0.2204
348 722 0.0988
348 723 0.6912
348 724 0.1094
348 725 0.1109
348 726 0.4078
348 727 0.3453
348 728 0.3445
348 729 0.5333
348 730 0.1349
348 731 0.1261
348 732 0.7815
348 733 0.1212
348 734 0.3080
348 735 0.1214
348 736 0.2702
348 737 0.3323
348 738 0.2536
348 740 0.6401
348 741 0.4005
348 742 0.3020
348 743 0.0912
348 744 0.5443
348 745 0.1660
348 746 0.0944
348 747 0.1158
348 748 0.6288
348 749 0.3428
348 750 0.6230
348 751 0.4293
348 752 0.6057
348 753 0.2581
348 755 0.4772
348 756 0.1779
348 757 0.1328
348 758 0.1038
348 759 0.0887
348 760 0.0856
348 761 0.4039
348 762 0.2536
348 763 0.2520
348 764 0.2935
348 766 0.0999
348 767 0.1461
348 768 0.5229
348 769 0.1549
348 770 0.5743
348 771 0.1027
348 772 0.0625
348 773 0.2128
348 774 0.2378
348 775 0.5481
348 776 0.4680
348 777 0.4226
348 778 0.3204
348 780 0.0935
348 781 0.0808
348 782 0.1091
348 783 0.5217
348 784 0.0885
348 785 0.1709
348 786 0.1458
348 787 0.1178
348 788 0.1126
348 789 0.5318
348 791 0.3391
348 792 0.1361
348 793 0.6061
348 794 0.1214
348 795 0.1183
348 796 0.1092
348 797 0.0979
348 798 0.1131
348 799 0.5213
348 800 0.4748
348 801 0.2401
348 802 0.0993
348 803 0.2140
348 804 0.2554
348 805 0.5106
348 806 0.1165
348 807 0.0956
348 808 0.3165
348 809 0.1113
348 810 0.1284
348 811 0.2687
348 813 0.2853
348 814 0.1271
348 815 0.0901
348 816 0.3469
348 817 0.0896
348 818 0.1003
348 819 0.2785
348 820 0.2785
348 821 0.3088
348 822 0.2442
348 823 0.1721
348 824 0.1577
348 825 0.5157
348 827 0.5561
348 828 0.5351
348 829 0.4642
348 830 0.3336
348 831 0.5480
348 832 0.5044
348 833 0.2785
348 834 0.1989
348 835 0.1289
348 836 0.1233
348 837 0.1129
348 838 0.4522
348 839 0.1054
348 840 0.1241
348 841 0.4438
348 842 0.1980
348 843 0.1516
348 844 0.3387
348 845 0.4434
348 846 0.3234
348 848 0.1510
348 849 0.3705
348 850 0.7257
348 851 0.9432
348 852 0.1038
348 853 0.2128
348 854 0.1782
348 855 0.1169
348 856 0.1104
348 857 0.1400
348 858 0.4183
348 859 0.0753
348 860 0.0912
348 861 0.1804
348 862 0.0962
348 864 0.2820
348 865 0.2486
348 866 0.3579
348 867 0.1280
348 868 0.2781
348 869 0.3239
348 870 0.5010
348 871 0.1174
348 872 0.9112
348 873 0.2394
348 874 0.1041
348 875 0.1555
348 876 0.1393
348 877 0.0524
348 878 0.1345
348 880 0.3321
348 881 0.2478
348 882 0.2237
348 883 0.2535
348 885 0.0807
348 886 0.3108
348 887 0.6426
348 888 0.2536
348 889 0.1002
348 890 0.1533
348 891 0.5982
348 892 0.0800
348 893 0.3204
348 894 0.5006
348 895 0.3404
348 896 0.2873
348 897 0.1224
348 898 0.1247
348 900 0.1219
348 901 0.1205
348 903 0.1544
348 905 0.0886
348 906 0.1987
348 907 0.1153
348 908 0.3081
348 909 0.5049
348 910 0.1183
348 911 0.1214
348 912 0.0944
348 913 0.2960
348 914 0.1633
348 915 0.5177
348 916 0.0590
348 918 0.2669
348 919 0.4138
348 920 0.2597
348 921 0.1682
348 922 0.1378
348 924 0.1459
348 928 0.5933
348 929 0.6251
348 930 0.4655
348 932 0.1124
348 933 0.2128
348 934 0.1327
348 935 0.5215
348 936 0.1114
348 937 0.2536
348 938 0.0718
348 939 0.2536
348 940 0.3671
348 941 0.1024
348 942 0.4367
348 943 0.1226
348 944 0.1296
348 946 0.5593
348 947 0.2693
348 948 0.1757
348 949 0.1704
348 950 0.4678
348 951 0.1491
348 952 0.4838
348 953 0.7124
348 954 0.2103
348 955 0.1354
348 957 0.3469
348 958 0.0985
348 959 0.2127
348 960 0.8721
348 961 0.1107
348 962 0.0903
348 963 0.1888
348 964 0.3088
348 965 0.4383
348 966 0.2508
348 967 0.1265
348 968 0.1738
348 969 0.3738
348 971 0.1655
348 972 0.5131
348 973 0.5299
348 974 0.9658
348 976 0.1808
348 977 0.1780
348 978 0.1755
348 979 0.6033
348 980 0.1070
348 981 0.0753
348 982 0.2128
348 983 0.1040
348 984 0.1757
348 985 0.1189
348 987 0.1555
348 989 0.2465
348 990 0.2493
348 991 0.1332
348 993 0.6373
348 994 0.1205
348 995 0.4333
348 996 0.2128
348 999 0.1001
348 1000 0.2260
348 1001 0.0688
348 1002 0.1076
348 1003 0.1173
348 1004 0.1577
348 1005 0.1291
348 1006 0.1917
348 1007 0.1276
348 1008 0.0922
348 1010 0.2128
348 1013 0.2128
348 1014 0.7230
348 1015 0.2435
348 1016 0.2398
348 1017 0.1476
348 1018 0.0815
348 1019 0.0773
348 1020 0.3391
348 1022 0.1183
348 1023 0.1101
348 1024 0.3031
348 1025 0.1029
348 1026 0.3031
348 1027 0.3196
348 1029 0.4272
348 1030 0.1067
348 1031 0.1183
348 1032 0.1167
348 1033 0.2540
348 1034 0.2411
348 1035 0.1486
348 1036 0.0774
348 1037 0.3463
348 1039 0.2536
348 1040 0.0976
348 1041 0.2288
348 1042 0.6344
348 1043 0.1383
348 1044 0.0865
348 1045 0.1473
348 1046 0.0964
348 1047 0.3492
348 1048 0.4361
348 1049 0.3935
348 1050 0.2504
348 1051 0.3428
348 1052 0.1194
348 1053 0.0960
348 1054 0.1060
348 1055 0.2128
348 1056 0.2326
348 1057 0.2193
348 1058 0.2478
348 1059 0.1450
348 1060 0.1165
348 1061 0.3480
348 1062 0.6521
348 1063 0.1796
348 1065 0.2817
348 1066 0.4489
348 1067 0.2565
348 1068 0.5376
348 1069 0.2626
348 1070 0.3967
348 1071 0.0934
348 1072 0.2417
348 1073 0.1143
348 1075 0.1290
348 1076 0.0964
348 1078 0.0922
348 1079 0.6110
348 1080 0.0971
348 1081 0.1136
348 1082 0.1218
348 1083 0.6206
348 1084 0.2630
348 1085 0.2601
348 1087 0.2128
348 1089 0.1697
348 1090 0.3626
348 1092 0.0993
348 1093 0.2661
348 1094 0.1025
348 1095 0.0911
348 1096 0.0974
348 1097 0.1875
348 1099 0.8049
348 1102 0.1209
348 1103 0.1395
348 1104 0.1456
348 1105 0.5078
348 1106 0.5243
348 1107 0.1115
348 1108 0.2398
348 1109 0.3251
348 1110 0.1269
348 1111 0.0864
348 1113 0.0960
348 1115 0.0998
348 1116 0.1282
348 1117 0.1328
348 1118 0.3156
348 1119 0.4672
348 1120 0.0780
348 1121 0.1204
348 1122 0.0936
348 1123 0.1366
348 1124 0.5535
348 1125 0.1660
348 1126 0.1575
348 1127 0.3224
348 1128 0.5373
348 1129 0.6143
348 1130 0.1538
348 1132 0.2776
348 1133 0.1152
348 1134 0.0785
348 1135 0.7442
348 1136 0.0900
348 1138 0.2956
348 1141 0.2395
348 1142 0.2234
348 1143 0.3353
348 1144 0.1230
348 1145 0.0973
348 1146 0.1570
348 1148 0.2536
348 1149 0.2128
348 1150 0.5270
348 1151 0.4467
348 1152 0.2110
348 1153 0.4054
348 1154 0.8224
348 1156 0.1912
348 1157 0.1556
348 1158 0.1123
348 1159 0.0938
348 1160 0.2787
348 1161 0.2527
348 1162 0.1265
348 1163 0.0837
348 1165 0.1896
348 1166 0.1111
348 1167 0.1087
348 1169 0.5805
348 1170 0.2536
348 1172 0.1006
348 1173 0.2536
348 1176 0.2367
348 1177 0.3522
348 1178 0.1569
348 1180 0.4575
348 1181 0.3295
348 1182 0.0707
348 1183 0.0989
348 1185 0.4970
348 1186 0.1227
348 1187 0.2244
348 1188 0.2565
348 1189 0.0843
348 1191 0.2536
348 1192 0.5673
348 1193 0.4607
348 1194 0.2902
348 1195 0.1144
348 1197 0.1651
348 1198 0.2128
348 1199 0.2183
348 1200 0.3521
348 1201 0.1209
348 1202 0.1238
348 1203 0.2201
348 1204 0.1151
348 1205 0.1456
348 1206 0.1450
348 1207 0.1934
348 1208 0.2000
348 1210 0.2380
348 1211 0.1872
348 1212 0.1024
348 1213 0.1254
348 1214 0.2293
348 1215 0.1011
348 1216 0.1309
348 1217 0.1159
348 1218 0.0929
348 1219 0.1159
348 1220 0.2536
348 1221 0.1401
348 1222 0.0712
348 1223 0.0953
348 1224 0.0691
348 1225 0.4155
348 1226 0.4307
348 1227 0.1092
348 1229 0.0613
348 1230 0.0872
348 1231 0.1123
348 1233 0.1139
348 1235 0.3889
348 1236 0.1919
348 1237 0.1133
348 1238 0.1823
348 1239 0.1919
348 1240 0.2820
348 1241 0.1183
348 1242 0.2776
348 1243 0.0855
348 1244 0.0994
348 1245 0.1150
348 1246 0.3542
348 1247 0.0665
348 1248 0.2826
348 1249 0.1081
348 1250 0.1232
348 1251 0.1523
348 1252 0.1169
348 1253 0.2732
348 1254 0.3286
348 1255 0.7476
348 1256 0.2152
348 1258 0.6660
348 1259 0.3745
348 1260 0.7651
348 1262 0.3300
348 1263 0.4208
348 1265 0.6180
348 1266 0.0744
348 1267 0.5341
348 1268 0.3608
348 1269 0.5344
348 1270 0.4353
348 1271 0.5240
348 1272 0.2536
348 1273 0.5060
348 1274 0.4586
348 1275 0.7682
348 1276 0.3109
348 1278 0.3021
348 1279 0.2887
348 1280 0.3919
348 1281 0.2029
348 1282 0.1486
348 1283 0.0979
348 1284 0.0978
348 1286 0.2617
348 1287 0.0939
348 1288 0.1310
348 1289 0.1543
348 1290 0.1049
348 1291 0.1438
348 1292 0.5143
348 1293 0.0740
348 1295 0.2536
348 1296 0.1201
348 1298 0.0807
348 1299 0.3428
348 1300 0.3428
348 1301 0.1085
348 1302 0.1004
348 1303 0.0852
348 1304 0.1314
348 1305 0.1482
348 1306 0.0959
348 1308 0.4118
348 1309 0.0860
348 1310 0.2445
348 1311 0.2394
348 1312 0.0887
348 1313 0.1898
348 1315 0.1959
348 1316 0.8213
348 1318 0.2006
348 1319 0.1672
348 1322 0.0635
348 1323 0.1564
348 1324 0.1643
348 1325 0.0745
348 1326 0.0855
348 1327 0.1016
348 1328 0.0721
348 1329 0.0792
348 1330 0.3315
348 1331 0.1142
348 1332 0.0729
348 1333 0.0871
348 1334 0.0965
348 1335 0.1038
348 1336 0.2758
348 1337 0.1131
348 1338 0.1745
348 1339 0.3130
348 1340 0.0740
348 1341 0.1349
348 1342 0.1380
348 1343 0.1617
348 1344 0.4344
348 1345 0.3484
348 1346 0.1381
348 1348 0.1838
348 1349 0.1106
348 1350 0.1032
348 1351 0.1128
348 1352 0.0787
348 1353 0.1180
348 1354 0.2785
348 1356 0.2495
348 1357 0.1128
348 1358 0.2293
348 1359 0.2892
348 1360 0.0996
348 1361 0.2975
348 1362 0.2186
348 1364 0.1170
348 1365 0.2536
348 1366 0.1194
348 1367 0.1395
348 1368 0.2258
348 1369 0.2773
348 1370 0.2356
348 1371 0.1189
348 1372 0.1253
348 1373 0.0881
348 1374 0.0515
348 1377 0.1545
348 1378 0.1235
348 1379 0.0825
348 1380 0.3278
348 1381 0.0877
348 1382 0.0871
348 1383 0.1898
348 1384 0.0739
348 1385 0.0730
348 1386 0.3310
348 1387 0.3441
348 1388 0.3960
348 1389 0.5623
348 1390 0.3295
348 1392 0.2213
348 1393 0.2536
348 1394 0.4798
348 1395 0.2081
348 1396 0.1256
348 1397 0.5902
348 1398 0.5796
348 1399 0.4326
348 1401 0.0932
348 1402 0.6979
348 1405 0.5485
348 1406 0.2128
348 1407 0.2835
348 1408 0.1728
348 1409 0.3128
348 1411 0.1123
348 1412 0.3031
348 1414 0.1745
348 1416 0.4308
348 1418 0.2864
348 1419 0.6635
348 1420 0.1343
348 1421 0.5036
348 1422 0.2395
348 1423 0.4867
348 1425 0.1488
348 1426 0.6331
348 1427 0.2207
348 1428 0.4479
348 1431 0.2536
348 1433 0.1304
348 1434 0.9956
348 1435 0.5986
348 1436 0.2521
348 1437 0.4126
348 1438 0.3250
348 1439 0.4768
348 1440 0.5267
348 1441 0.2002
348 1443 0.1610
348 1445 0.2862
348 1446 0.3117
348 1448 0.3534
348 1449 0.1525
348 1451 0.0939
348 1452 0.1321
348 1453 0.2494
348 1454 0.1471
348 1455 0.1563
348 1456 0.1420
348 1457 0.0726
348 1458 0.1181
348 1459 0.1143
348 1460 0.1839
348 1461 0.2128
348 1462 0.1322
348 1463 0.1177
348 1464 0.0966
348 1465 0.1244
348 1466 0.1736
348 1468 0.1605
348 1470 0.2536
348 1472 0.1355
348 1473 0.1107
348 1475 0.3387
348 1476 0.3156
348 1477 0.1177
348 1478 0.2378
348 1479 0.1390
348 1480 0.2394
348 1481 0.3387
348 1482 0.0811
348 1484 0.2582
348 1485 0.1258
348 1486 0.2785
348 1487 0.3191
348 1490 0.2344
348 1491 0.1089
348 1492 0.1189
348 1493 0.1353
348 1494 0.0650
348 1496 0.1372
348 1497 0.1935
348 1498 0.2041
348 1499 0.1294
348 1500 0.1432
348 1501 0.2064
348 1503 0.3994
348 1504 0.2480
348 1505 0.1912
348 1506 0.1730
348 1507 0.4435
348 1508 0.1006
348 1510 0.0630
348 1511 0.0740
348 1512 0.1848
348 1513 0.1294
348 1515 0.0820
348 1516 0.3844
348 1517 0.1089
348 1518 0.1337
348 1519 0.2363
348 1520 0.7644
348 1522 0.1289
348 1525 0.0718
348 1526 0.1236
348 1527 0.0902
348 1528 0.0826
348 1529 0.1106
348 1530 0.1106
348 1531 0.2785
348 1532 0.0706
348 1534 0.1906
348 1535 0.0760
348 1536 0.1922
348 1537 0.1038
348 1538 0.0695
348 1540 0.1872
348 1541 0.2369
348 1542 0.0898
348 1544 0.3428
348 1545 0.2128
348 1546 0.1082
348 1547 0.1328
348 1548 0.1482
348 1549 0.1149
348 1550 0.1070
348 1551 0.0867
348 1552 0.0925
348 1554 0.0855
348 1555 0.2128
348 1557 0.3974
348 1565 0.1107
348 1566 0.1547
348 1567 0.0884
348 1568 0.1643
348 1569 0.1427
348 1570 0.0887
348 1571 0.2120
348 1572 0.1889
348 1573 0.1092
348 1574 0.1331
348 1575 0.2380
348 1576 0.0920
348 1577 0.1573
348 1578 0.1184
348 1579 0.2178
348 1580 0.0729
348 1581 0.3247
348 1582 0.2987
348 1583 0.2865
348 1584 0.0871
348 1585 0.1958
348 1586 0.1032
348 1587 0.1334
348 1588 0.1341
348 1589 0.1183
348 1590 0.2455
348 1591 0.0917
348 1592 0.0819
348 1593 0.3998
348 1594 0.1639
348 1595 0.1296
348 1596 0.2380
348 1597 0.0900
348 1598 0.2128
348 1599 0.1131
348 1600 0.1004
348 1601 0.1121
348 1602 0.0722
348 1603 0.0980
348 1604 0.0871
348 1605 0.0947
348 1606 0.2258
348 1607 0.1875
348 1608 0.3134
348 1609 0.1082
348 1610 0.1183
348 1612 0.2394
348 1613 0.1251
348 1614 0.0517
348 1616 0.2435
348 1617 0.1195
348 1618 0.4845
348 1619 0.3273
348 1620 0.2737
348 1621 0.1844
348 1622 0.4422
348 1623 0.1078
348 1624 0.2927
348 1625 0.1842
348 1626 0.1189
348 1627 0.0846
348 1628 0.1183
348 1629 0.0691
348 1630 0.3354
348 1631 0.1204
348 1632 0.1147
348 1633 0.0984
348 1634 0.1601
348 1636 0.0852
348 1637 0.0934
348 1638 0.0760
348 1639 0.0871
348 1640 0.1220
348 1641 0.1183
348 1642 0.0994
348 1643 0.1632
348 1645 0.2671
348 1646 0.1235
348 1647 0.3191
348 1648 0.0960
348 1649 0.4764
348 1650 0.2128
348 1652 0.1020
348 1653 0.3873
348 1654 0.2127
348 1655 0.2163
348 1657 0.0956
348 1658 0.2171
348 1659 0.1515
348 1660 0.1398
348 1661 0.4935
348 1662 0.6808
348 1663 0.5418
348 1664 0.3021
348 1665 0.4485
348 1666 0.0943
348 1667 0.3631
348 1668 0.7471
348 1669 0.4180
348 1670 0.3031
348 1671 0.1136
348 1672 0.1579
348 1674 0.6676
348 1675 0.2128
348 1676 0.1136
348 1678 0.1533
348 1680 0.1579
348 1681 0.1433
348 1682 0.4162
348 1683 0.2724
348 1684 0.1741
348 1685 0.1778
348 1686 0.1653
348 1687 0.5092
348 1688 0.5323
348 1689 0.9915
348 1690 0.2646
348 1691 0.5261
348 1692 0.5887
348 1694 0.6801
348 1695 0.2536
348 1696 0.1980
348 1697 0.3707
348 1699 0.3650
348 1700 0.1317
348 1701 0.2316
348 1702 0.4097
348 1703 0.4207
348 1704 0.3016
348 1705 0.2395
348 1706 0.1757
348 1707 0.5555
348 1708 0.1660
348 1709 0.1272
348 1711 0.1660
348 1712 0.9983
348 1713 0.3952
348 1714 0.4993
348 1715 0.1660
348 1716 0.0997
348 1717 0.9991
348 1718 0.2536
348 1720 0.2028
348 1721 0.0599
348 1723 0.5606
348 1724 0.1789
348 1725 0.3311
348 1726 0.1105
348 1728 0.2018
348 1729 0.1267
348 1730 0.3079
349 350 0.1479
349 351 0.0983
349 352 0.3272
349 353 0.1016
349 354 0.5134
349 355 0.2873
349 356 0.1820
349 357 0.3453
349 358 0.1306
349 359 0.3245
349 360 0.2873
349 361 0.1073
349 362 0.1605
349 363 0.3601
349 364 0.0784
349 366 0.0749
349 367 0.2618
349 368 0.2169
349 369 0.1496
349 370 0.4043
349 371 0.1313
349 372 0.1285
349 373 0.1927
349 374 0.3122
349 375 0.4891
349 376 0.1440
349 377 0.3959
349 378 0.2995
349 379 0.1424
349 380 0.6271
349 381 0.1088
349 382 0.0995
349 383 0.1169
349 384 0.5018
349 385 0.2459
349 386 0.1093
349 387 0.1416
349 388 0.1363
349 389 0.1690
349 390 0.1137
349 391 0.1499
349 392 0.5012
349 393 0.5738
349 394 0.3030
349 395 0.1325
349 396 0.1980
349 397 0.0843
349 398 0.5992
349 399 0.2286
349 400 0.0939
349 402 0.1706
349 403 0.1404
349 404 0.1461
349 405 0.1934
349 406 0.6574
349 407 0.0960
349 408 0.0751
349 409 0.1351
349 410 0.2665
349 411 0.4750
349 412 0.1461
349 413 0.1617
349 414 0.6952
349 415 0.2340
349 416 0.2344
349 418 0.4550
349 419 0.1341
349 420 0.3027
349 421 0.5896
349 422 0.3912
349 423 0.1776
349 424 0.6511
349 425 0.2097
349 426 0.2569
349 427 0.0807
349 428 0.7226
349 430 0.0732
349 432 0.4302
349 433 0.1875
349 434 0.8450
349 435 0.1164
349 436 0.0595
349 437 0.2429
349 438 0.3305
349 439 0.4194
349 440 0.3243
349 441 0.2013
349 442 0.4581
349 443 0.1058
349 444 0.1330
349 445 0.2323
349 447 0.5676
349 448 0.1215
349 449 0.6709
349 450 0.1690
349 451 0.5362
349 452 0.2991
349 453 0.2639
349 454 0.6880
349 455 0.2481
349 456 0.1198
349 457 0.1348
349 458 0.1085
349 459 0.1080
349 460 0.2105
349 461 0.1085
349 462 0.1690
349 463 0.2791
349 464 0.2208
349 465 0.7192
349 466 0.3693
349 467 0.4970
349 468 0.1922
349 469 0.0809
349 470 0.2626
349 471 0.1173
349 472 0.5804
349 474 0.0855
349 475 0.1820
349 476 0.1273
349 478 0.0954
349 479 0.2521
349 480 0.2623
349 481 0.8042
349 482 0.4449
349 484 0.2566
349 485 0.5390
349 486 0.1032
349 487 0.0705
349 488 0.1335
349 489 0.4709
349 490 0.1705
349 491 0.2571
349 492 0.3668
349 494 0.3611
349 495 0.8580
349 496 0.0926
349 497 0.1699
349 498 0.4781
349 499 0.2033
349 500 0.1258
349 501 0.2554
349 503 0.2668
349 504 0.2557
349 505 0.1591
349 506 0.2200
349 507 0.3008
349 508 0.1333
349 509 0.2202
349 510 0.5704
349 511 0.5860
349 512 0.1771
349 513 0.2540
349 514 0.3633
349 515 0.1367
349 516 0.1307
349 517 0.6105
349 518 0.1470
349 519 0.5876
349 520 0.1778
349 521 0.4273
349 522 0.2933
349 523 0.3959
349 525 0.1014
349 526 0.4805
349 527 0.1574
349 528 0.0993
349 529 0.0911
349 530 0.1797
349 531 0.1469
349 532 0.5772
349 533 0.1925
349 534 0.3552
349 535 0.5198
349 536 0.6695
349 537 0.3868
349 538 0.1507
349 539 0.1084
349 540 0.7453
349 541 0.0914
349 542 0.7226
349 543 0.1286
349 544 0.0936
349 545 0.0740
349 546 0.1329
349 547 0.0875
349 548 0.1281
349 549 0.1060
349 550 0.3462
349 551 0.2506
349 552 0.4507
349 553 0.4645
349 554 0.1218
349 555 0.3601
349 556 0.4359
349 557 0.3571
349 558 0.5634
349 559 0.3255
349 560 0.4310
349 561 0.1855
349 562 0.3214
349 563 0.6979
349 564 0.2407
349 565 0.1873
349 567 0.0979
349 568 0.9699
349 569 0.3125
349 570 0.1278
349 571 0.3890
349 572 0.1497
349 573 0.2129
349 574 0.1694
349 575 0.2131
349 576 0.1301
349 577 0.0715
349 578 0.3560
349 579 0.6126
349 581 0.0651
349 582 0.2594
349 583 0.4528
349 584 0.1535
349 585 0.3401
349 586 0.2501
349 587 0.5985
349 589 0.3314
349 590 0.3120
349 591 0.1160
349 592 0.1097
349 593 0.1077
349 594 0.4676
349 595 0.2639
349 599 0.2058
349 600 0.1326
349 601 0.1774
349 602 0.2113
349 604 0.2740
349 605 0.1698
349 606 0.2076
349 607 0.1631
349 608 0.1084
349 609 0.1592
349 610 0.0951
349 611 0.3934
349 612 0.1893
349 613 0.5887
349 614 0.4109
349 615 0.1266
349 616 0.1150
349 617 0.2565
349 618 0.4764
349 619 0.1309
349 620 0.1521
349 621 0.0857
349 622 0.1368
349 623 0.6659
349 624 0.3135
349 625 0.3496
349 626 0.5883
349 627 0.1240
349 628 0.6253
349 629 0.3618
349 630 0.0780
349 631 0.1029
349 632 0.1950
349 633 0.3131
349 634 0.1374
349 635 0.0855
349 636 0.1698
349 637 0.2175
349 638 0.6885
349 639 0.9805
349 640 0.3806
349 641 0.0798
349 642 0.1630
349 643 0.1298
349 644 0.1111
349 645 0.1629
349 646 0.1420
349 648 0.4899
349 649 0.1616
349 650 0.1045
349 651 0.1506
349 652 0.0881
349 653 0.2262
349 654 0.0925
349 655 0.5150
349 656 0.1169
349 657 0.2080
349 658 0.1057
349 659 0.6133
349 660 0.1219
349 661 0.4723
349 662 0.2507
349 663 0.5441
349 664 0.5867
349 665 0.1424
349 666 0.3368
349 667 0.5402
349 668 0.1690
349 670 0.5872
349 671 0.1117
349 672 0.2371
349 673 0.3781
349 674 0.1278
349 675 0.1683
349 676 0.1152
349 677 0.4821
349 678 0.4529
349 679 0.1198
349 680 0.2418
349 681 0.3820
349 683 0.1033
349 684 0.3291
349 685 0.3499
349 686 0.6231
349 687 0.1111
349 688 0.1312
349 689 0.7422
349 690 0.1477
349 691 0.1015
349 692 0.4307
349 694 0.3384
349 695 0.3543
349 696 0.3086
349 697 0.2135
349 698 0.1268
349 699 0.4820
349 700 0.0917
349 701 0.2183
349 702 0.0897
349 703 0.1403
349 704 0.1311
349 705 0.1499
349 706 0.6845
349 707 0.6263
349 708 0.1554
349 709 0.1452
349 710 0.4420
349 711 0.1455
349 712 0.3579
349 713 0.2628
349 714 0.4647
349 716 0.0855
349 717 0.1270
349 718 0.6707
349 720 0.5596
349 721 0.1076
349 722 0.5574
349 723 0.1033
349 724 0.3590
349 725 0.3978
349 726 0.1143
349 727 0.1877
349 728 0.1866
349 729 0.1270
349 730 0.2037
349 731 0.2721
349 732 0.3129
349 733 0.1194
349 734 0.1633
349 735 0.5548
349 736 0.3159
349 737 0.7147
349 738 0.1690
349 740 0.1757
349 741 0.6150
349 742 0.1196
349 743 0.1594
349 744 0.2183
