120 1547 0.1119
120 1548 0.1159
120 1549 0.1687
120 1550 0.2332
120 1551 0.1361
120 1552 0.1602
120 1554 0.1044
120 1555 0.1153
120 1556 0.1153
120 1557 0.2231
120 1560 0.1229
120 1562 0.2924
120 1565 0.1152
120 1566 0.2615
120 1567 0.1171
120 1568 0.6170
120 1569 0.6735
120 1570 0.6617
120 1571 0.6174
120 1572 0.4606
120 1573 0.7489
120 1574 0.6698
120 1575 0.3744
120 1576 0.6194
120 1577 0.4232
120 1578 0.5536
120 1579 0.6935
120 1580 0.8341
120 1581 0.4591
120 1582 0.7208
120 1583 0.3175
120 1584 0.7882
120 1585 0.5573
120 1586 0.6065
120 1587 0.7069
120 1588 0.8123
120 1589 0.8479
120 1590 0.5442
120 1591 0.7767
120 1592 0.6446
120 1593 0.8124
120 1595 0.7087
120 1596 0.4529
120 1598 0.1624
120 1599 0.7383
120 1600 0.1483
120 1601 0.8068
120 1602 0.5658
120 1603 0.4964
120 1604 0.4975
120 1605 0.2864
120 1606 0.7934
120 1607 0.6819
120 1608 0.7621
120 1609 0.6005
120 1610 0.7319
120 1611 0.4484
120 1612 0.8371
120 1613 0.9332
120 1614 0.6006
120 1615 0.6743
120 1616 0.5702
120 1618 0.5679
120 1619 0.6179
120 1620 0.4275
120 1621 0.9456
120 1622 0.9813
120 1623 0.7023
120 1624 0.8841
120 1625 0.4555
120 1626 0.8004
120 1627 0.7225
120 1628 0.8661
120 1629 0.4052
120 1630 0.6653
120 1631 0.1553
120 1632 0.1478
120 1633 0.2499
120 1634 0.8542
120 1636 0.1845
120 1637 0.7935
120 1638 0.6209
120 1639 0.6775
120 1640 0.6637
120 1641 0.2686
120 1643 0.2332
120 1644 0.2655
120 1645 0.0958
120 1646 0.1866
120 1647 0.2337
120 1648 0.2014
120 1649 0.0849
120 1650 0.1926
120 1651 0.2066
120 1652 0.2342
120 1653 0.4689
120 1654 0.1314
120 1655 0.4567
120 1657 0.2332
120 1658 0.1293
120 1659 0.2590
120 1660 0.0760
120 1661 0.2211
120 1662 0.1694
120 1663 0.2385
120 1664 0.1323
120 1665 0.2172
120 1666 0.2774
120 1667 0.2740
120 1668 0.3635
120 1669 0.1396
120 1670 0.2774
120 1671 0.2974
120 1672 0.6091
120 1673 0.1796
120 1674 0.2728
120 1675 0.1483
120 1676 0.3549
120 1677 0.3962
120 1678 0.2978
120 1679 0.1888
120 1680 0.2090
120 1681 0.1470
120 1682 0.1281
120 1683 0.2826
120 1684 0.2864
120 1685 0.1827
120 1686 0.2646
120 1687 0.1135
120 1688 0.2036
120 1689 0.8269
120 1690 0.3109
120 1691 0.2032
120 1692 0.3835
120 1693 0.1722
120 1694 0.3099
120 1695 0.2299
120 1696 0.2749
120 1697 0.0965
120 1698 0.2484
120 1699 0.3466
120 1700 0.1840
120 1701 0.2210
120 1702 0.2288
120 1703 0.2623
120 1704 0.1573
120 1705 0.2700
120 1706 0.2094
120 1707 0.3042
120 1708 0.1558
120 1709 0.2680
120 1710 0.2774
120 1711 0.2998
120 1712 0.7480
120 1713 0.2709
120 1714 0.3090
120 1715 0.2544
120 1716 0.1179
120 1717 0.7381
120 1718 0.3862
120 1719 0.1015
120 1720 0.3368
120 1721 0.5323
120 1722 0.2188
120 1723 0.1535
120 1724 0.1565
120 1725 0.2164
120 1726 0.2774
120 1728 0.2523
120 1729 0.1455
121 122 0.0498
121 123 0.1953
121 124 0.0372
121 125 0.2794
121 126 0.2010
121 127 0.0638
121 128 0.0651
121 129 0.4289
121 130 0.0364
121 131 0.8475
121 132 0.0768
121 133 0.0649
121 134 0.0359
121 135 0.1496
121 136 0.1783
121 137 0.0332
121 138 0.1925
121 139 0.0700
121 140 0.1695
121 142 0.0489
121 143 0.0664
121 144 0.2626
121 145 0.0373
121 146 0.2351
121 147 0.0318
121 148 0.1143
121 149 0.1035
121 150 0.0387
121 151 0.0353
121 152 0.0549
121 153 0.1373
121 154 0.0507
121 156 0.0597
121 157 0.1124
121 158 0.5133
121 159 0.9672
121 160 0.3081
121 161 0.6480
121 162 0.3705
121 163 0.0537
121 164 0.1581
121 165 0.0726
121 166 0.1635
121 167 0.1566
121 168 0.0825
121 169 0.0676
121 170 0.1010
121 171 0.0794
121 172 0.1132
121 173 0.0905
121 174 0.5094
121 175 0.0591
121 176 0.0435
121 177 0.3729
121 178 0.1974
121 179 0.0994
121 180 0.7297
121 181 0.4722
121 182 0.0569
121 183 0.7705
121 184 0.2663
121 185 0.1186
121 186 0.6132
121 187 0.0899
121 188 0.8323
121 189 0.2677
121 190 0.0645
121 191 0.6393
121 192 0.1052
121 193 0.0309
121 194 0.5361
121 195 0.0399
121 196 0.0500
121 197 0.0298
121 198 0.7512
121 199 0.0755
121 200 0.6639
121 201 0.2086
121 202 0.1020
121 203 0.0446
121 204 0.1119
121 206 0.3037
121 207 0.1658
121 208 0.0353
121 209 0.0259
121 210 0.0523
121 211 0.8175
121 212 0.1278
121 213 0.1697
121 214 0.0391
121 215 0.0933
121 216 0.1203
121 217 0.0238
121 218 0.8846
121 219 0.6198
121 220 0.2964
121 221 0.0847
121 222 0.3594
121 223 0.2886
121 224 0.6850
121 225 0.1792
121 226 0.0319
121 227 0.1956
121 228 0.1775
121 229 0.0580
121 230 0.1214
121 231 0.2341
121 232 0.0462
121 233 0.0303
121 234 0.0608
121 235 0.0452
121 236 0.0999
121 237 0.0373
121 238 0.0368
121 239 0.0495
121 240 0.2897
121 241 0.1150
121 242 0.6485
121 243 0.7437
121 244 0.0353
121 245 0.0786
121 246 0.0626
121 247 0.0347
121 248 0.6907
121 249 0.0936
121 250 0.7007
121 251 0.0384
121 252 0.0672
121 253 0.1914
121 254 0.8119
121 255 0.2093
121 256 0.0982
121 257 0.0992
121 258 0.1527
121 259 0.0311
121 260 0.1510
121 261 0.2288
121 262 0.9377
121 263 0.0775
121 264 0.1912
121 265 0.0312
121 266 0.8152
121 267 0.1524
121 268 0.0551
121 269 0.5779
121 270 0.5420
121 271 0.7276
121 272 0.0388
121 273 0.1496
121 274 0.1101
121 275 0.8494
121 276 0.2364
121 277 0.0636
121 278 0.7704
121 279 0.7974
121 280 0.0474
121 281 0.0712
121 282 0.0427
121 283 0.3216
121 284 0.8739
121 285 0.0843
121 286 0.0630
121 287 0.0916
121 288 0.2135
121 289 0.7374
121 290 0.2897
121 291 0.0298
121 292 0.1901
121 293 0.6946
121 294 0.0567
121 295 0.0374
121 296 0.1591
121 297 0.0379
121 298 0.1546
121 299 0.1496
121 300 0.8518
121 301 0.6987
121 302 0.0631
121 303 0.0768
121 304 0.8872
121 305 0.0598
121 306 0.1986
121 307 0.0655
121 308 0.0775
121 309 0.1986
121 310 0.0328
121 311 0.2689
121 312 0.6160
121 313 0.0499
121 314 0.7665
121 315 0.0720
121 316 0.7528
121 317 0.0333
121 318 0.1159
121 319 0.2147
121 320 0.6321
121 321 0.3552
121 322 0.0771
121 323 0.1102
121 324 0.0380
121 325 0.5148
121 326 0.4067
121 327 0.0618
121 328 0.9268
121 329 0.0505
121 330 0.1371
121 331 0.0507
121 332 0.0698
121 333 0.3445
121 334 0.6212
121 335 0.0490
121 336 0.3306
121 337 0.1293
121 338 0.0371
121 339 0.6307
121 340 0.9031
121 341 0.0802
121 342 0.8826
121 343 0.0753
121 344 0.7794
121 345 0.1068
121 346 0.3793
121 347 0.0384
121 348 0.1230
121 349 0.4018
121 350 0.3673
121 351 0.0479
121 352 0.1152
121 353 0.0660
121 354 0.1234
121 355 0.0844
121 356 0.3172
121 357 0.1112
121 358 0.2472
121 359 0.5298
121 360 0.0949
121 361 0.0312
121 362 0.0305
121 363 0.7975
121 364 0.0547
121 366 0.0304
121 367 0.2389
121 368 0.6658
121 369 0.0514
121 370 0.3193
121 371 0.0350
121 372 0.0520
121 373 0.0963
121 374 0.4871
121 375 0.0601
121 376 0.0469
121 377 0.8106
121 378 0.3476
121 379 0.0375
121 380 0.2847
121 381 0.0414
121 382 0.0926
121 383 0.2668
121 384 0.8623
121 385 0.0709
121 386 0.0975
121 387 0.0832
121 388 0.0811
121 389 0.1983
121 390 0.0915
121 391 0.0243
121 392 0.8403
121 393 0.2845
121 394 0.1127
121 395 0.0458
121 396 0.0541
121 397 0.0426
121 398 0.8545
121 399 0.0538
121 400 0.0597
121 402 0.1051
121 403 0.0128
121 404 0.0509
121 405 0.0664
121 406 0.2433
121 407 0.0452
121 408 0.0513
121 409 0.0253
121 410 0.1144
121 411 0.5956
121 412 0.2053
121 413 0.0355
121 414 0.1980
121 415 0.0523
121 416 0.0954
121 418 0.3974
121 419 0.5483
121 420 0.1321
121 421 0.1829
121 422 0.5688
121 423 0.0476
121 424 0.3091
121 425 0.0358
121 427 0.0387
121 428 0.1795
121 429 0.0594
121 430 0.0537
121 431 0.3221
121 432 0.2468
121 433 0.0341
121 434 0.3899
121 435 0.0306
121 436 0.0680
121 437 0.1077
121 438 0.0552
121 439 0.1816
121 440 0.0755
121 441 0.0503
121 442 0.0570
121 443 0.0759
121 444 0.2964
121 445 0.6572
121 447 0.2560
121 448 0.0596
121 449 0.0672
121 450 0.1438
121 451 0.1094
121 452 0.8571
121 453 0.5914
121 454 0.3696
121 455 0.1566
121 456 0.1153
121 457 0.0460
121 458 0.0676
121 459 0.0804
121 460 0.0735
121 461 0.0720
121 462 0.0768
121 463 0.2503
121 464 0.0518
121 465 0.2358
121 466 0.0839
121 467 0.7262
121 468 0.6767
121 469 0.0916
121 470 0.0250
121 471 0.3450
121 472 0.8922
121 474 0.0432
121 475 0.0870
121 476 0.0539
121 478 0.0530
121 479 0.1609
121 480 0.1162
121 481 0.2267
121 482 0.1910
121 484 0.0517
121 485 0.5038
121 486 0.0992
121 487 0.0383
121 488 0.0202
121 489 0.1492
121 490 0.7376
121 491 0.7221
121 492 0.3679
121 493 0.2678
121 494 0.1897
121 495 0.4113
121 496 0.0464
121 497 0.3883
121 498 0.8234
121 499 0.0777
121 500 0.0509
121 501 0.8274
121 503 0.4571
121 504 0.0740
121 505 0.0570
121 506 0.0357
121 507 0.7137
121 508 0.0352
121 509 0.0918
121 510 0.1370
121 511 0.3929
121 512 0.0839
121 513 0.1020
121 514 0.5610
121 515 0.1389
121 516 0.1937
121 517 0.1414
121 518 0.0695
121 519 0.8270
121 520 0.3383
121 521 0.1667
121 522 0.1693
121 523 0.7590
121 524 0.0439
121 525 0.0632
121 526 0.0501
121 527 0.2193
121 528 0.0559
121 529 0.0437
121 530 0.0392
121 531 0.0512
121 532 0.1193
121 533 0.1033
121 534 0.0433
121 535 0.0755
121 536 0.9215
121 537 0.0920
121 538 0.1114
121 539 0.1660
121 540 0.1351
121 541 0.0687
121 542 0.3309
121 543 0.0882
121 544 0.0662
121 545 0.0857
121 546 0.2044
121 547 0.0535
121 548 0.0789
121 549 0.0452
121 550 0.3524
121 551 0.0776
121 552 0.1125
121 553 0.6831
121 554 0.6502
121 555 0.0595
121 556 0.4573
121 557 0.6053
121 558 0.1895
121 559 0.6723
121 560 0.8144
121 561 0.0465
121 562 0.6868
121 563 0.0290
121 564 0.2838
121 565 0.3778
121 566 0.0595
121 567 0.0746
121 568 0.9948
121 569 0.7275
121 570 0.0495
121 571 0.1481
121 572 0.0447
121 573 0.2177
121 574 0.0407
121 575 0.0492
121 576 0.0483
121 577 0.0453
121 578 0.5256
121 579 0.0476
121 580 0.0635
121 581 0.0364
121 582 0.5831
121 583 0.6286
121 584 0.0322
121 585 0.0372
121 586 0.1342
121 587 0.4905
121 589 0.0704
121 590 0.0988
121 591 0.0325
121 592 0.0768
121 593 0.0537
121 594 0.0560
121 595 0.1449
121 598 0.0335
121 599 0.5363
121 600 0.0516
121 601 0.0412
121 602 0.0347
121 604 0.4667
121 605 0.2945
121 606 0.1504
121 607 0.0183
121 608 0.0434
121 609 0.0625
121 610 0.0298
121 611 0.0515
121 612 0.1851
121 613 0.7611
121 614 0.3312
121 616 0.0790
121 617 0.6723
121 618 0.6831
121 619 0.0360
121 620 0.2643
121 621 0.0519
121 622 0.2229
121 623 0.2849
121 624 0.1127
121 625 0.0849
121 626 0.9134
121 627 0.0440
121 628 0.6696
121 629 0.0922
121 630 0.0392
121 631 0.0267
121 632 0.0376
121 633 0.0325
121 634 0.0813
121 635 0.2298
121 636 0.2962
121 637 0.0552
121 638 0.0668
121 639 0.9934
121 640 0.2483
121 641 0.1079
121 642 0.0783
121 643 0.1077
121 644 0.0648
121 645 0.0715
121 646 0.0501
121 647 0.0992
121 648 0.6688
121 649 0.3684
121 650 0.0962
121 651 0.0404
121 652 0.0491
121 653 0.0528
121 654 0.0967
121 655 0.5978
121 656 0.0426
121 657 0.4293
121 658 0.0647
121 659 0.5133
121 660 0.0892
121 661 0.0833
121 662 0.2961
121 663 0.3988
121 664 0.1308
121 665 0.0693
121 666 0.6584
121 667 0.2033
121 668 0.2004
121 669 0.0727
121 670 0.4215
121 671 0.1090
121 672 0.5574
121 673 0.3967
121 674 0.2866
121 675 0.1403
121 676 0.1398
121 677 0.2054
121 678 0.1807
121 679 0.0252
121 680 0.6930
121 681 0.0833
121 682 0.4370
121 683 0.0887
121 684 0.0891
121 685 0.8763
121 686 0.0629
121 687 0.0609
121 688 0.1260
121 689 0.3147
121 690 0.0480
121 691 0.1100
121 692 0.6410
121 693 0.0432
121 694 0.6841
121 695 0.3167
121 696 0.1358
121 697 0.0841
121 698 0.0412
121 699 0.3112
121 700 0.0853
121 701 0.1438
121 702 0.0544
121 703 0.0468
121 704 0.0283
121 705 0.0621
121 706 0.9203
121 707 0.5723
121 708 0.0638
121 709 0.0398
121 710 0.6545
121 711 0.0585
121 712 0.5054
121 713 0.0810
121 714 0.2102
121 715 0.0633
121 716 0.0446
121 717 0.5199
121 718 0.2902
121 720 0.3145
121 721 0.1579
121 722 0.8513
121 723 0.0386
121 724 0.0593
121 725 0.0591
121 726 0.0598
121 727 0.5484
121 728 0.0496
121 729 0.0535
121 730 0.0992
121 731 0.4710
121 732 0.0521
121 733 0.0384
121 734 0.0996
121 735 0.3593
121 736 0.0397
121 737 0.0650
121 738 0.0412
121 740 0.0635
121 741 0.3052
121 742 0.0373
121 743 0.0449
121 744 0.0362
121 745 0.0415
121 746 0.0748
121 747 0.2455
121 748 0.3014
121 749 0.6207
121 750 0.1244
121 751 0.0354
121 752 0.0310
121 753 0.0412
121 754 0.0695
121 755 0.0244
121 756 0.0394
121 757 0.2188
121 758 0.4338
121 759 0.0452
121 760 0.6144
121 761 0.1280
121 762 0.0837
121 763 0.3028
121 764 0.3844
121 765 0.0853
121 766 0.5782
121 767 0.1957
121 768 0.0335
121 769 0.1158
121 770 0.1763
121 771 0.8062
121 772 0.0580
121 773 0.4485
121 774 0.0916
121 775 0.0382
121 776 0.0763
121 777 0.1230
121 778 0.3364
121 780 0.0327
121 781 0.2292
121 782 0.1686
121 783 0.2770
121 784 0.6192
121 785 0.0785
121 786 0.0314
121 787 0.0728
121 788 0.0620
121 789 0.0811
121 791 0.0589
121 792 0.3126
121 793 0.0668
121 794 0.0500
121 795 0.0525
121 796 0.1397
121 797 0.4586
121 798 0.6795
121 799 0.1019
121 800 0.0853
121 801 0.7835
121 802 0.3730
121 803 0.8457
121 804 0.2607
121 805 0.0613
121 806 0.1480
121 807 0.0972
121 808 0.4540
121 809 0.0909
121 810 0.7513
121 811 0.9718
121 812 0.2986
121 813 0.4610
121 814 0.0766
121 815 0.0456
121 816 0.0662
121 817 0.5971
121 818 0.5927
121 819 0.7397
121 821 0.1336
121 822 0.5220
121 823 0.0509
121 824 0.1160
121 825 0.1002
121 827 0.0650
121 828 0.1927
121 829 0.0904
121 830 0.1427
121 831 0.0385
121 832 0.1296
121 833 0.1146
121 834 0.0624
121 835 0.0897
121 836 0.1004
121 837 0.1107
121 838 0.1099
121 839 0.0667
121 840 0.0624
121 841 0.1487
121 842 0.5837
121 843 0.2786
121 844 0.0540
121 845 0.1153
121 846 0.0645
121 848 0.1133
121 849 0.0822
121 850 0.0507
121 851 0.0544
121 852 0.0923
121 854 0.3733
121 855 0.1470
121 856 0.1198
121 857 0.0440
121 858 0.1678
121 859 0.1462
121 860 0.7152
121 861 0.0564
121 862 0.6388
121 864 0.0505
121 865 0.6143
121 866 0.0569
121 867 0.0323
121 868 0.2315
121 869 0.7219
121 870 0.0317
121 871 0.8277
121 872 0.4181
121 873 0.0721
121 874 0.0496
121 875 0.1844
121 876 0.3762
121 877 0.0729
121 878 0.1734
121 880 0.4251
121 881 0.6251
121 882 0.1009
121 883 0.0590
121 884 0.0888
121 885 0.0634
121 886 0.0508
121 887 0.0219
121 889 0.0624
121 890 0.1017
121 891 0.3918
121 892 0.1612
121 893 0.1139
121 894 0.2048
121 895 0.0677
121 896 0.0782
121 897 0.0665
121 898 0.8396
121 899 0.4196
121 900 0.5799
121 901 0.0685
121 903 0.8721
121 905 0.0432
121 906 0.1103
121 907 0.0945
121 908 0.0962
121 909 0.0812
121 910 0.0992
121 911 0.0768
121 912 0.6101
121 913 0.1327
121 914 0.0922
121 915 0.0465
121 916 0.1219
121 917 0.0768
121 918 0.0907
121 919 0.0334
121 920 0.4188
121 921 0.0534
121 922 0.0791
121 924 0.0625
121 925 0.0586
121 928 0.4104
121 929 0.1614
121 930 0.0457
121 932 0.3524
121 933 0.0960
121 934 0.7648
121 935 0.0331
121 936 0.1191
121 937 0.0841
121 938 0.1481
121 939 0.1196
121 940 0.0778
121 941 0.1027
121 942 0.0370
121 943 0.5732
121 944 0.0480
121 946 0.0502
121 947 0.0652
121 948 0.0597
121 950 0.0721
121 951 0.0763
121 952 0.0785
121 953 0.0546
121 954 0.0611
121 955 0.6686
121 956 0.4855
121 957 0.0662
121 958 0.1428
121 959 0.5793
121 960 0.2553
121 961 0.1143
121 962 0.0599
121 963 0.3542
121 964 0.0827
121 965 0.0346
121 966 0.1932
121 967 0.7925
121 968 0.0465
121 969 0.0810
121 971 0.5368
121 972 0.0408
121 973 0.1014
121 974 0.1521
121 975 0.0571
121 976 0.7604
121 977 0.3232
121 978 0.4320
121 979 0.0579
121 980 0.0651
121 981 0.1238
121 982 0.2039
121 983 0.3356
121 984 0.1015
121 985 0.1496
121 986 0.0438
121 987 0.0826
121 989 0.0492
121 990 0.0456
121 991 0.1619
121 992 0.1785
121 993 0.0332
121 994 0.0861
121 995 0.0531
121 996 0.1067
121 998 0.0992
121 999 0.1542
121 1000 0.0619
121 1001 0.6263
121 1002 0.9180
121 1003 0.3995
121 1004 0.9026
121 1006 0.0361
121 1007 0.9314
121 1008 0.1672
121 1010 0.0572
121 1012 0.0660
121 1013 0.1295
121 1014 0.0554
121 1015 0.0910
121 1016 0.0553
121 1017 0.0407
121 1018 0.5086
121 1019 0.0712
121 1020 0.4035
121 1022 0.0801
121 1023 0.3721
121 1024 0.0459
121 1025 0.0641
121 1026 0.0731
121 1027 0.0529
121 1028 0.1844
121 1029 0.0363
121 1030 0.1665
121 1032 0.4553
121 1033 0.0886
121 1034 0.2903
121 1035 0.1066
121 1036 0.7253
121 1037 0.2007
121 1038 0.4690
121 1039 0.1188
121 1040 0.4715
121 1041 0.0513
121 1042 0.2970
121 1043 0.0819
121 1044 0.2903
121 1045 0.0609
121 1046 0.1637
121 1047 0.0334
121 1048 0.1008
121 1049 0.0391
121 1050 0.0453
121 1051 0.6090
121 1052 0.0645
121 1053 0.7191
121 1054 0.0809
121 1055 0.0701
121 1056 0.0676
121 1057 0.1598
121 1058 0.2969
121 1059 0.2432
121 1060 0.7556
121 1061 0.0803
121 1062 0.2176
121 1063 0.1433
121 1064 0.0618
121 1065 0.0405
121 1066 0.1029
121 1067 0.4551
121 1068 0.0784
121 1069 0.1165
121 1070 0.0448
121 1071 0.0613
121 1072 0.6204
121 1075 0.1744
121 1076 0.1156
121 1077 0.0727
121 1078 0.1013
121 1079 0.0532
121 1080 0.0647
121 1081 0.6675
121 1082 0.0537
121 1083 0.5000
121 1084 0.0394
121 1085 0.1308
121 1087 0.1102
121 1089 0.0545
121 1090 0.0504
121 1092 0.3876
121 1093 0.0450
121 1094 0.1080
121 1095 0.3220
121 1096 0.2375
121 1097 0.1165
121 1099 0.7381
121 1102 0.0488
121 1103 0.0656
121 1104 0.0767
121 1105 0.4462
121 1106 0.0635
121 1107 0.0966
121 1108 0.0605
121 1109 0.2757
121 1110 0.0741
121 1111 0.2324
121 1113 0.1502
121 1115 0.5516
121 1116 0.0580
121 1117 0.1105
121 1118 0.0132
121 1119 0.0402
121 1120 0.2407
121 1121 0.0602
121 1122 0.0513
121 1123 0.0766
121 1124 0.0501
121 1125 0.0351
121 1126 0.0814
121 1127 0.0685
121 1128 0.5154
121 1129 0.0611
121 1130 0.2591
121 1131 0.3684
121 1132 0.1473
121 1133 0.6940
121 1134 0.0755
121 1135 0.5237
121 1136 0.1026
121 1138 0.0442
121 1139 0.1242
121 1141 0.0427
121 1142 0.5020
121 1143 0.5428
121 1144 0.2937
121 1145 0.0677
121 1146 0.0617
121 1147 0.0370
121 1148 0.0768
121 1149 0.0992
121 1150 0.3351
121 1151 0.0710
121 1152 0.4913
121 1153 0.0325
121 1154 0.0450
121 1155 0.0493
121 1156 0.0749
121 1157 0.0737
121 1158 0.2595
121 1159 0.0292
121 1160 0.6050
121 1161 0.0722
121 1162 0.0608
121 1163 0.9010
121 1165 0.3286
121 1166 0.0992
121 1167 0.0888
121 1169 0.0734
121 1170 0.0746
121 1172 0.1451
121 1174 0.0506
121 1176 0.0643
121 1177 0.0627
121 1178 0.0644
121 1180 0.0541
121 1181 0.2388
121 1182 0.2398
121 1183 0.0992
121 1184 0.0992
121 1185 0.0571
121 1186 0.1171
121 1187 0.0440
121 1188 0.1015
121 1189 0.1997
121 1191 0.0910
121 1192 0.0796
121 1193 0.0294
121 1194 0.0546
121 1195 0.1149
121 1196 0.0988
121 1197 0.3466
121 1198 0.0766
121 1199 0.0790
121 1200 0.0947
121 1201 0.0824
121 1202 0.0383
121 1203 0.0421
121 1204 0.0584
121 1205 0.1153
121 1206 0.1183
121 1207 0.1203
121 1208 0.0698
121 1209 0.0492
121 1210 0.1081
121 1211 0.1015
121 1212 0.0735
121 1213 0.0389
121 1214 0.0598
121 1215 0.0944
121 1216 0.0623
121 1217 0.0962
121 1218 0.0375
121 1219 0.0456
121 1220 0.0879
121 1221 0.0498
121 1222 0.0608
121 1223 0.0469
121 1225 0.2935
121 1226 0.1325
121 1227 0.0647
121 1228 0.0937
121 1229 0.0454
121 1230 0.0512
121 1231 0.0286
121 1233 0.0608
121 1234 0.0992
121 1235 0.0383
121 1236 0.0875
121 1237 0.0875
121 1238 0.0540
121 1239 0.0588
121 1240 0.0607
121 1241 0.0533
121 1242 0.0895
121 1243 0.0548
121 1244 0.0647
121 1245 0.0619
121 1246 0.0786
121 1247 0.0688
121 1248 0.5038
121 1249 0.3520
121 1250 0.1064
121 1251 0.0581
121 1252 0.0501
121 1253 0.0491
121 1254 0.0418
121 1255 0.0473
121 1256 0.0995
121 1257 0.0704
121 1258 0.1941
121 1259 0.0237
121 1260 0.0481
121 1262 0.0623
121 1263 0.2697
121 1265 0.0361
121 1266 0.1216
121 1267 0.0812
121 1268 0.0456
121 1269 0.2755
121 1270 0.0563
121 1271 0.0466
121 1272 0.0437
121 1273 0.0422
121 1274 0.0423
121 1275 0.0510
121 1276 0.0589
121 1278 0.0464
121 1279 0.0520
121 1280 0.0503
121 1281 0.0677
121 1282 0.4947
121 1283 0.6547
121 1284 0.4682
121 1286 0.2212
121 1287 0.7240
121 1288 0.6382
121 1289 0.2903
121 1290 0.4928
121 1291 0.6173
121 1292 0.9785
121 1293 0.6829
121 1295 0.5154
121 1296 0.6472
121 1297 0.0992
121 1298 0.6949
121 1299 0.4955
121 1300 0.6492
121 1301 0.6411
121 1302 0.0992
121 1303 0.8395
121 1304 0.2965
121 1305 0.5847
121 1306 0.5462
121 1307 0.6337
121 1308 0.5216
121 1309 0.3807
121 1310 0.6107
121 1311 0.5217
121 1312 0.0662
121 1313 0.0992
121 1315 0.1526
121 1316 0.9967
121 1318 0.2743
121 1320 0.2051
121 1322 0.2196
121 1323 0.0619
121 1324 0.0803
121 1325 0.0626
121 1326 0.0768
121 1327 0.0704
121 1328 0.0933
121 1329 0.2126
121 1330 0.0679
121 1331 0.0721
121 1332 0.0612
121 1333 0.1325
121 1334 0.0380
121 1335 0.1603
121 1336 0.0735
121 1338 0.0992
121 1339 0.0904
121 1340 0.0460
121 1341 0.0928
121 1342 0.0453
121 1343 0.0541
121 1344 0.1464
121 1345 0.0791
121 1347 0.0964
121 1348 0.0525
121 1349 0.0514
121 1350 0.0853
121 1351 0.0644
121 1352 0.0693
121 1353 0.0641
121 1355 0.0511
121 1356 0.1366
121 1357 0.0644
121 1358 0.0762
121 1360 0.0439
121 1361 0.0685
121 1362 0.0441
121 1363 0.0829
121 1364 0.0986
121 1366 0.0735
121 1367 0.0553
121 1368 0.0921
121 1369 0.4154
121 1370 0.4168
121 1371 0.0643
121 1372 0.2936
121 1373 0.0690
121 1374 0.0497
121 1375 0.0594
121 1376 0.0672
121 1377 0.1350
121 1378 0.1216
121 1379 0.1077
121 1380 0.1219
121 1381 0.0569
121 1382 0.0538
121 1383 0.0525
121 1385 0.0682
121 1386 0.1071
121 1387 0.1272
121 1388 0.0345
121 1389 0.1904
121 1390 0.0537
121 1393 0.0598
121 1394 0.0449
121 1395 0.0808
121 1396 0.0951
121 1397 0.0344
121 1398 0.1315
121 1399 0.0438
121 1401 0.0482
121 1402 0.0734
121 1405 0.1119
121 1406 0.0822
121 1407 0.1071
121 1408 0.0438
121 1409 0.0533
121 1410 0.0366
121 1411 0.1766
121 1412 0.0677
121 1413 0.0597
121 1414 0.0935
121 1415 0.0503
121 1416 0.1209
121 1418 0.0615
121 1419 0.0346
121 1420 0.1244
121 1421 0.0204
121 1422 0.0613
121 1423 0.0514
121 1424 0.0723
121 1425 0.0432
121 1426 0.1899
121 1427 0.0371
121 1428 0.0297
121 1431 0.0395
121 1433 0.0445
121 1434 0.0729
121 1435 0.0452
121 1436 0.0461
121 1437 0.0622
121 1438 0.0443
121 1439 0.1476
121 1440 0.0353
121 1441 0.0655
121 1445 0.0638
121 1446 0.0510
121 1448 0.6583
121 1449 0.1421
121 1451 0.1631
121 1452 0.2872
121 1453 0.1600
121 1454 0.1068
121 1456 0.6527
121 1457 0.3476
121 1458 0.0602
121 1459 0.2097
121 1460 0.0540
121 1461 0.0635
121 1462 0.2068
121 1463 0.0629
121 1464 0.2244
121 1465 0.1016
121 1466 0.1205
121 1468 0.3574
121 1470 0.1837
121 1472 0.0941
121 1473 0.0954
121 1474 0.1863
121 1475 0.1019
121 1476 0.1012
121 1477 0.0599
121 1478 0.0916
121 1479 0.1111
121 1480 0.2040
121 1481 0.0564
121 1482 0.0692
121 1484 0.1063
121 1485 0.2810
121 1487 0.1604
121 1488 0.0992
121 1490 0.0926
121 1491 0.0886
121 1493 0.1491
121 1494 0.1040
121 1496 0.1713
121 1497 0.1286
121 1498 0.0661
121 1499 0.4135
121 1500 0.0952
121 1501 0.0946
121 1503 0.2320
121 1504 0.2503
121 1505 0.1059
121 1506 0.1950
121 1507 0.5549
121 1508 0.0661
121 1510 0.0996
121 1511 0.1303
121 1512 0.0953
121 1513 0.3745
121 1515 0.1059
121 1516 0.1510
121 1517 0.2581
121 1518 0.1205
121 1519 0.8520
121 1520 0.9873
121 1522 0.7217
121 1523 0.6160
121 1525 0.3076
121 1526 0.7803
121 1527 0.6583
121 1528 0.5058
121 1529 0.5091
121 1530 0.7143
121 1531 0.0768
121 1532 0.6155
121 1534 0.3572
121 1535 0.4610
121 1536 0.7345
121 1538 0.7790
121 1540 0.3063
121 1541 0.1985
121 1542 0.6972
121 1544 0.2763
121 1545 0.0992
121 1546 0.6164
121 1547 0.6845
121 1548 0.6909
121 1549 0.3839
121 1550 0.2167
121 1551 0.6428
121 1552 0.1816
121 1554 0.6932
121 1555 0.6068
121 1556 0.6068
121 1557 0.1882
121 1560 0.3688
121 1562 0.3181
121 1565 0.6086
121 1566 0.0617
121 1567 0.6607
121 1568 0.0700
121 1569 0.1162
121 1570 0.0432
121 1571 0.1443
121 1572 0.0863
121 1573 0.0387
121 1574 0.0448
121 1575 0.0777
121 1576 0.0625
121 1577 0.0983
121 1578 0.0495
121 1579 0.0505
121 1580 0.0783
121 1581 0.1114
121 1582 0.0885
121 1583 0.0896
121 1584 0.1073
121 1585 0.0703
121 1586 0.0635
121 1587 0.0803
121 1588 0.0483
121 1589 0.0525
121 1590 0.0516
121 1591 0.0359
121 1592 0.0567
121 1593 0.0662
121 1595 0.0679
121 1596 0.0828
121 1598 0.0735
121 1599 0.0542
121 1600 0.0768
121 1601 0.0461
121 1602 0.0775
121 1603 0.0828
121 1604 0.0655
121 1605 0.0695
121 1606 0.0780
121 1607 0.0386
121 1608 0.0482
121 1609 0.2559
121 1610 0.0339
121 1611 0.0719
121 1612 0.0800
121 1613 0.2000
121 1614 0.0408
121 1615 0.0841
121 1616 0.0934
121 1618 0.3675
121 1619 0.0751
121 1620 0.0957
121 1621 0.3012
121 1622 0.2555
121 1623 0.0575
121 1624 0.0697
121 1625 0.0804
121 1626 0.0493
121 1627 0.0580
121 1628 0.1006
121 1629 0.1060
121 1630 0.0395
121 1631 0.0595
121 1632 0.0731
121 1633 0.0963
121 1634 0.0519
121 1636 0.3293
121 1637 0.0563
121 1638 0.0852
121 1639 0.0586
121 1640 0.0628
121 1641 0.0704
121 1643 0.0768
121 1644 0.0672
121 1645 0.0715
121 1646 0.0657
121 1647 0.0584
121 1648 0.1200
121 1649 0.1107
121 1650 0.1106
121 1651 0.0609
121 1652 0.0649
121 1653 0.3387
121 1654 0.0401
121 1655 0.5825
121 1657 0.0768
121 1658 0.0632
121 1659 0.1156
121 1660 0.0412
121 1661 0.0651
121 1662 0.0423
121 1663 0.0452
121 1664 0.0471
121 1665 0.0436
121 1666 0.0731
121 1667 0.1476
121 1668 0.0487
121 1669 0.0445
121 1670 0.0731
121 1671 0.0700
121 1672 0.0735
121 1673 0.0766
121 1674 0.0874
121 1675 0.0768
121 1676 0.0660
121 1677 0.0481
121 1678 0.1388
121 1679 0.0347
121 1680 0.0612
121 1681 0.0735
121 1682 0.0475
121 1683 0.0498
121 1684 0.0704
121 1685 0.0786
121 1686 0.0454
121 1687 0.0523
121 1688 0.0730
121 1689 0.3734
121 1690 0.0634
121 1691 0.0499
121 1692 0.0410
121 1693 0.0625
121 1694 0.0619
121 1695 0.0735
121 1696 0.0710
121 1697 0.0665
121 1698 0.0532
121 1699 0.0474
121 1700 0.0294
121 1701 0.0475
121 1702 0.0633
121 1703 0.0735
121 1704 0.1072
121 1705 0.0440
121 1706 0.0286
121 1707 0.0303
121 1708 0.0584
121 1709 0.0622
121 1710 0.0731
121 1711 0.0431
121 1712 0.3654
121 1713 0.1456
121 1714 0.0281
121 1715 0.0599
121 1716 0.0561
121 1717 0.1220
121 1718 0.0706
121 1719 0.0520
121 1720 0.0528
121 1721 0.1141
121 1722 0.0697
121 1723 0.0627
121 1724 0.0697
121 1725 0.0852
121 1726 0.0731
121 1728 0.1043
121 1729 0.1326
122 123 0.0949
122 124 0.2258
122 125 0.2895
122 126 0.4773
122 127 0.2125
122 128 0.2294
122 129 0.2216
122 130 0.8351
122 131 0.0602
122 132 0.0763
122 133 0.0546
122 134 0.2189
122 135 0.0586
122 136 0.2560
122 137 0.0954
122 138 0.2252
122 139 0.0264
122 140 0.2304
122 142 0.3478
122 143 0.2669
122 144 0.3246
122 145 0.1291
122 146 0.1954
122 147 0.1836
122 148 0.1355
122 149 0.1042
122 150 0.4569
122 151 0.1301
122 152 0.4208
122 153 0.5585
122 154 0.3428
122 156 0.1123
122 157 0.2138
122 158 0.1718
122 159 0.1165
122 160 0.2361
122 161 0.0833
122 162 0.2895
122 163 0.2131
122 164 0.0926
122 165 0.0982
122 166 0.0406
122 167 0.1183
122 168 0.1088
122 169 0.1730
122 170 0.2279
122 171 0.6312
122 172 0.0928
122 173 0.3828
122 174 0.0865
122 175 0.2977
122 176 0.0879
122 177 0.3024
122 178 0.4831
122 179 0.2742
122 180 0.0671
122 181 0.0452
122 182 0.1626
122 183 0.0548
122 184 0.3366
122 185 0.1128
122 186 0.0323
122 187 0.2844
122 188 0.0799
122 189 0.0559
122 190 0.0813
122 191 0.0656
122 192 0.2426
122 193 0.7903
122 194 0.4706
122 195 0.2244
122 196 0.2294
122 197 0.8638
122 198 0.0926
122 199 0.6859
122 200 0.1137
122 201 0.1277
122 202 0.1015
122 203 0.0739
122 204 0.1280
122 206 0.1792
122 207 0.0788
122 208 0.7114
122 209 0.7296
122 210 0.1103
122 211 0.0790
122 212 0.3202
122 213 0.1912
122 214 0.4936
122 215 0.5479
122 216 0.5033
122 217 0.4451
122 218 0.0488
122 219 0.0787
122 220 0.0986
122 221 0.1605
122 222 0.0614
122 223 0.3419
122 224 0.0400
122 225 0.0874
122 226 0.2349
122 227 0.0719
122 228 0.3502
122 229 0.2539
122 230 0.4906
122 231 0.0717
122 232 0.2094
122 233 0.1507
122 234 0.2185
122 235 0.2366
122 236 0.3519
122 237 0.4377
122 238 0.9157
122 239 0.0593
122 240 0.1731
122 241 0.0998
122 242 0.0641
122 243 0.0527
122 244 0.0933
122 245 0.3193
122 246 0.0898
122 247 0.1622
122 248 0.0739
122 249 0.1494
122 250 0.0699
122 251 0.0976
122 252 0.0755
122 253 0.2515
122 254 0.1815
122 255 0.0952
122 256 0.4346
122 257 0.0813
122 258 0.1235
122 259 0.2684
122 260 0.0781
122 261 0.0621
122 262 0.0478
122 263 0.1500
122 264 0.1816
122 265 0.0692
122 266 0.0978
122 267 0.1518
122 268 0.2723
122 269 0.5297
122 270 0.2065
122 271 0.0326
122 272 0.1455
122 273 0.0586
122 274 0.1928
122 275 0.0930
122 276 0.4769
122 277 0.2197
122 278 0.0581
122 279 0.0956
122 280 0.0745
122 281 0.0872
122 282 0.1983
122 283 0.1386
122 284 0.3576
122 285 0.1097
122 286 0.2217
122 287 0.0413
122 288 0.0637
122 289 0.0653
122 290 0.2154
122 291 0.7042
122 292 0.4929
122 293 0.0767
122 294 0.7164
122 295 0.1783
122 296 0.3832
122 297 0.2247
122 298 0.0887
122 299 0.0586
122 300 0.0545
122 301 0.0754
122 302 0.1974
122 303 0.2938
122 304 0.1850
122 305 0.0625
122 306 0.2804
122 307 0.0727
122 308 0.1288
122 309 0.1777
122 310 0.1961
122 311 0.1161
122 312 0.0760
122 313 0.1127
122 314 0.1105
122 315 0.4923
122 316 0.0723
122 317 0.1989
122 318 0.1212
122 319 0.7898
122 320 0.0453
122 321 0.4568
122 322 0.0928
122 323 0.0900
122 324 0.6015
122 325 0.0643
122 326 0.2117
122 327 0.1630
122 328 0.0538
122 329 0.1070
122 330 0.0952
122 331 0.1925
122 332 0.0961
122 333 0.1322
122 334 0.0305
122 335 0.0853
122 336 0.2205
122 337 0.1459
122 338 0.3050
122 339 0.0789
122 340 0.2713
122 341 0.2471
122 342 0.1530
122 343 0.1411
122 344 0.0680
122 345 0.0833
122 346 0.1511
122 347 0.0849
122 348 0.2810
122 349 0.0509
122 350 0.1371
122 351 0.1495
122 352 0.0845
122 353 0.0700
122 354 0.1262
122 355 0.0959
122 356 0.0434
122 357 0.1505
122 358 0.0989
122 359 0.0294
122 360 0.1374
122 361 0.1621
122 362 0.0732
122 363 0.0658
122 364 0.3292
122 366 0.1948
122 367 0.1397
122 368 0.0636
122 369 0.0817
122 370 0.4280
122 371 0.6950
122 372 0.1639
122 373 0.1686
122 374 0.0927
122 375 0.1593
122 376 0.6373
122 377 0.1000
122 378 0.1279
122 379 0.2826
122 380 0.3184
122 381 0.1526
122 382 0.1036
122 383 0.5146
122 384 0.0304
122 385 0.5003
122 386 0.0873
122 387 0.6110
122 388 0.1569
122 389 0.1419
122 390 0.2208
122 391 0.2728
122 392 0.0587
122 393 0.2915
122 394 0.2319
122 395 0.0751
122 396 0.7347
122 397 0.2761
122 398 0.1237
122 399 0.4616
122 400 0.0842
122 402 0.1127
122 403 0.3731
122 404 0.2455
122 405 0.0558
122 406 0.2141
122 407 0.0632
122 408 0.1388
122 409 0.5838
122 410 0.0882
122 411 0.2459
122 412 0.4364
122 413 0.1384
122 414 0.2423
122 415 0.1113
122 416 0.2604
122 418 0.5769
122 419 0.1211
122 420 0.3180
122 421 0.0872
122 422 0.0243
122 423 0.0505
122 424 0.1793
122 425 0.4585
122 427 0.3503
122 428 0.1773
122 429 0.0602
122 430 0.0519
122 431 0.0439
122 432 0.0483
122 433 0.1699
122 434 0.2932
122 435 0.2884
122 436 0.3890
122 437 0.0689
122 438 0.4227
122 439 0.1643
122 440 0.0932
122 441 0.2034
122 442 0.2987
122 443 0.0615
122 444 0.0986
122 445 0.0667
122 447 0.0825
122 448 0.1181
122 449 0.3358
122 450 0.0725
122 451 0.1082
122 452 0.0457
122 453 0.0338
122 454 0.5052
122 455 0.1190
122 456 0.3135
122 457 0.1111
122 458 0.1067
122 459 0.0892
122 460 0.3293
122 461 0.0724
122 462 0.0763
122 463 0.3567
122 464 0.1590
122 465 0.0698
122 466 0.4723
122 467 0.0731
122 468 0.0503
122 469 0.2467
122 470 0.6733
122 471 0.2339
122 472 0.0367
122 474 0.2433
122 475 0.4000
122 476 0.3024
122 478 0.0705
122 479 0.1473
122 480 0.0536
122 481 0.1137
122 482 0.3391
122 484 0.2598
122 485 0.0772
122 486 0.0813
122 487 0.1080
122 488 0.5674
122 489 0.0885
122 490 0.0853
122 491 0.0688
122 492 0.5915
122 493 0.0709
122 494 0.0761
122 495 0.4462
122 496 0.3973
122 497 0.5141
122 498 0.1041
122 499 0.1818
122 500 0.1115
122 501 0.0734
122 503 0.2753
122 504 0.0293
122 505 0.1818
122 506 0.1785
122 507 0.0619
122 508 0.2545
122 509 0.0763
122 510 0.0941
122 511 0.2701
122 512 0.1232
122 513 0.3508
122 514 0.3652
122 515 0.5162
122 516 0.3393
122 517 0.2761
122 518 0.0998
122 519 0.0961
122 520 0.0444
122 521 0.1808
122 522 0.1328
122 523 0.0649
122 524 0.0797
122 525 0.0442
122 526 0.1030
122 527 0.1140
122 528 0.4590
122 529 0.1866
122 530 0.2269
122 531 0.1347
122 532 0.1376
122 533 0.2130
122 534 0.0564
122 535 0.0835
122 536 0.0653
122 537 0.1355
122 538 0.2024
122 539 0.3554
122 540 0.3142
122 541 0.2665
122 542 0.1494
122 543 0.0900
122 544 0.0992
122 545 0.1596
122 546 0.4138
122 547 0.1470
122 548 0.0945
122 549 0.1943
122 550 0.0675
122 551 0.0905
122 552 0.2154
122 553 0.3141
122 554 0.0785
122 555 0.2338
122 556 0.0489
122 557 0.2279
122 558 0.2658
122 559 0.0672
122 560 0.0317
122 561 0.1932
122 562 0.0734
122 563 0.9189
122 564 0.0982
122 565 0.1387
122 566 0.0649
122 567 0.1080
122 568 0.0898
122 569 0.0427
122 570 0.2738
122 571 0.5831
122 572 0.1220
122 573 0.1801
122 574 0.5646
122 575 0.1801
122 576 0.6924
122 577 0.2267
122 578 0.0825
122 579 0.2953
122 580 0.3244
122 581 0.1836
122 582 0.0564
122 583 0.0639
122 584 0.5486
122 585 0.2940
122 586 0.1640
122 587 0.1883
122 589 0.1876
122 590 0.4038
122 591 0.1457
122 592 0.6510
122 593 0.1995
122 594 0.0618
122 595 0.1189
122 598 0.1306
122 599 0.1467
122 600 0.2179
122 601 0.2862
122 602 0.2038
122 604 0.0673
122 605 0.0951
122 606 0.1081
122 607 0.1471
122 608 0.3330
122 609 0.0825
122 610 0.1169
122 611 0.1265
122 612 0.2352
122 613 0.0728
122 614 0.6479
122 616 0.1480
122 617 0.0558
122 618 0.0749
122 619 0.2595
122 620 0.0415
122 621 0.0829
122 622 0.0972
122 623 0.1302
122 624 0.0971
122 625 0.1364
122 626 0.0960
122 627 0.1613
122 628 0.1198
122 629 0.0847
122 630 0.0934
122 631 0.1379
122 632 0.6245
122 633 0.7386
122 634 0.1145
122 635 0.2524
122 636 0.1352
122 637 0.2094
122 638 0.0711
122 639 0.1165
122 640 0.0800
122 641 0.5802
122 642 0.2014
122 643 0.1800
122 644 0.0945
122 645 0.2176
122 646 0.1146
122 647 0.0813
122 648 0.0679
122 649 0.0456
122 650 0.2893
122 651 0.4748
122 652 0.2114
122 653 0.1899
122 654 0.3079
122 655 0.0956
122 656 0.1090
122 657 0.0892
122 658 0.0677
122 659 0.0312
122 660 0.0779
122 661 0.0743
122 662 0.0923
122 663 0.1253
122 664 0.2649
122 665 0.1384
122 666 0.0646
122 667 0.0690
122 668 0.1000
122 669 0.0908
122 670 0.1112
122 671 0.2000
122 672 0.0515
122 673 0.0599
122 674 0.0557
122 675 0.2874
122 676 0.1221
122 677 0.0763
122 678 0.0860
122 679 0.4905
122 680 0.0570
122 681 0.1083
122 682 0.0654
122 683 0.1287
122 684 0.4498
122 685 0.0815
122 686 0.3009
122 687 0.6442
122 688 0.0735
122 689 0.3530
122 690 0.0686
122 691 0.2521
122 692 0.0601
122 693 0.2433
122 694 0.0737
122 695 0.2182
122 696 0.0989
122 697 0.1510
122 698 0.2496
122 699 0.1203
122 700 0.1628
122 701 0.0725
122 702 0.5394
122 703 0.4951
122 704 0.4755
122 705 0.0724
122 706 0.0688
122 707 0.1883
122 708 0.0742
122 709 0.1334
122 710 0.1040
122 711 0.3538
122 712 0.0782
122 713 0.0930
122 714 0.2598
122 715 0.1615
122 716 0.2643
122 717 0.0595
122 718 0.1363
122 720 0.0817
122 721 0.2738
122 722 0.0284
122 723 0.1556
122 724 0.0637
122 725 0.1032
122 726 0.4350
122 727 0.3285
122 728 0.6113
122 729 0.2729
122 730 0.0813
122 731 0.2779
122 732 0.4407
122 733 0.1463
122 734 0.1654
122 735 0.1153
122 736 0.3083
122 737 0.3941
122 738 0.1222
122 740 0.2344
122 741 0.1306
122 742 0.0783
122 743 0.2033
122 744 0.7102
122 745 0.4250
122 746 0.2138
122 747 0.0442
122 748 0.0790
122 749 0.0713
122 750 0.3106
122 751 0.1824
122 752 0.8968
122 753 0.3721
122 754 0.0870
122 755 0.5164
122 756 0.3238
122 757 0.2493
122 758 0.2055
122 759 0.1471
122 760 0.0694
122 761 0.1590
122 762 0.1326
122 763 0.2320
122 764 0.0686
122 765 0.0571
122 766 0.0576
122 767 0.3843
122 768 0.3989
122 769 0.2519
122 770 0.2998
122 771 0.0665
122 772 0.2544
122 773 0.0351
122 774 0.0732
122 775 0.6077
122 776 0.5241
122 777 0.2556
122 778 0.3756
122 780 0.1601
122 781 0.1780
122 782 0.0827
122 783 0.2708
122 784 0.0330
122 785 0.0495
122 786 0.1423
122 787 0.2345
122 788 0.1440
122 789 0.2214
122 791 0.0704
122 792 0.0405
122 793 0.2730
122 794 0.1514
122 795 0.0610
122 796 0.3865
122 797 0.1206
122 798 0.0684
122 799 0.4970
122 800 0.1817
122 801 0.1039
122 802 0.0512
122 803 0.0577
122 804 0.0937
122 805 0.6241
122 806 0.1465
122 807 0.1555
122 808 0.2856
122 809 0.3513
122 810 0.1003
122 811 0.0517
122 812 0.0739
122 813 0.5501
122 814 0.1601
122 815 0.1013
122 816 0.0718
122 817 0.0340
122 818 0.0715
122 819 0.1469
122 821 0.1346
122 822 0.0903
122 823 0.2441
122 824 0.2084
122 825 0.6007
122 827 0.5389
122 828 0.6587
122 829 0.2449
122 830 0.2417
122 831 0.5544
122 832 0.4742
122 833 0.0750
122 834 0.1641
122 835 0.1058
122 836 0.4183
122 837 0.1029
122 838 0.4976
122 839 0.1035
122 840 0.0904
122 841 0.4650
122 842 0.0666
122 843 0.1270
122 844 0.0912
122 845 0.3651
122 846 0.4697
122 848 0.1479
122 849 0.5324
122 850 0.1877
122 851 0.9642
122 852 0.0627
122 854 0.0863
122 855 0.1803
122 856 0.1832
122 857 0.2910
122 858 0.7452
122 859 0.1349
122 860 0.0773
122 861 0.2246
122 862 0.0680
122 864 0.5383
122 865 0.2602
122 866 0.1002
122 867 0.1354
122 868 0.1682
122 869 0.0899
122 870 0.4182
122 871 0.0692
122 872 0.8116
122 873 0.0877
122 874 0.0508
122 875 0.0739
122 876 0.1421
122 877 0.0627
122 878 0.1687
122 880 0.2182
122 881 0.0491
122 882 0.3130
122 883 0.4689
122 884 0.0679
122 885 0.3420
122 886 0.1531
122 887 0.6741
122 889 0.0840
122 890 0.0796
122 891 0.3273
122 892 0.1082
122 893 0.5044
122 894 0.2214
122 895 0.5954
122 896 0.1086
122 897 0.0763
122 898 0.0815
122 899 0.0426
122 900 0.0663
122 901 0.2056
122 903 0.0595
122 905 0.2963
122 906 0.1759
122 907 0.0755
122 908 0.4381
122 909 0.5351
122 910 0.0813
122 911 0.0763
122 912 0.0583
122 913 0.1199
122 914 0.0634
122 915 0.2782
122 916 0.1119
122 917 0.0763
122 918 0.3314
122 919 0.2747
122 920 0.4889
122 921 0.4524
122 922 0.1403
122 924 0.3286
122 925 0.1151
122 928 0.3169
122 929 0.3384
122 930 0.5081
122 932 0.0635
122 933 0.2225
122 934 0.0799
122 935 0.5477
122 936 0.1261
122 937 0.1640
122 938 0.0965
122 939 0.0663
122 940 0.1264
122 941 0.1902
122 942 0.5445
122 943 0.0882
122 944 0.2250
122 946 0.1364
122 947 0.6415
122 948 0.1116
122 950 0.3359
122 951 0.1180
122 952 0.4196
122 953 0.2938
122 954 0.0956
122 955 0.1752
122 956 0.3953
122 957 0.0913
122 958 0.2222
122 959 0.2947
122 960 0.4912
122 961 0.1346
122 962 0.0475
122 963 0.0714
122 964 0.2704
122 965 0.1281
122 966 0.1274
122 967 0.0939
122 968 0.1899
122 969 0.1820
122 971 0.3616
122 972 0.1085
122 973 0.1848
122 974 0.6264
122 975 0.1845
122 976 0.0723
122 977 0.1354
122 978 0.3246
122 979 0.8545
122 980 0.1970
122 981 0.1026
122 982 0.1255
122 983 0.0521
122 984 0.3561
122 985 0.0586
122 986 0.2194
122 987 0.2537
122 989 0.3960
122 990 0.3437
122 991 0.1061
122 992 0.2165
122 993 0.8951
122 994 0.3678
122 995 0.7306
122 996 0.2393
122 998 0.0813
122 999 0.1178
122 1000 0.0972
122 1001 0.0363
122 1002 0.0546
122 1003 0.3480
122 1004 0.0589
122 1006 0.2905
122 1007 0.0872
122 1008 0.0915
122 1010 0.0571
122 1012 0.0867
122 1013 0.1082
122 1014 0.2107
122 1015 0.0469
122 1016 0.4925
122 1017 0.0887
122 1018 0.0533
122 1019 0.0534
122 1020 0.4732
122 1022 0.2978
122 1023 0.3996
122 1024 0.2639
122 1025 0.0644
122 1026 0.0613
122 1027 0.0591
122 1028 0.0763
122 1029 0.5427
122 1030 0.3994
122 1032 0.1136
122 1033 0.0907
122 1034 0.0730
122 1035 0.0727
122 1036 0.0638
122 1037 0.4881
122 1038 0.0959
122 1039 0.1044
122 1040 0.0453
122 1041 0.1562
122 1042 0.4300
122 1043 0.0831
122 1044 0.2408
122 1045 0.1452
122 1046 0.1036
122 1047 0.4964
122 1048 0.1847
122 1049 0.4859
122 1050 0.5764
122 1051 0.0651
122 1052 0.1857
122 1053 0.0752
122 1054 0.0765
122 1055 0.0407
122 1056 0.3167
122 1057 0.0576
122 1058 0.0632
122 1059 0.3189
122 1060 0.0562
122 1061 0.2914
122 1062 0.0704
122 1063 0.1243
122 1064 0.1311
122 1065 0.5306
122 1066 0.2989
122 1067 0.1183
122 1068 0.7577
122 1069 0.1698
122 1070 0.0731
122 1071 0.1397
122 1072 0.0569
122 1075 0.1367
122 1076 0.1067
122 1077 0.0865
122 1078 0.0657
122 1079 0.2315
122 1080 0.1073
122 1081 0.0541
122 1082 0.1628
122 1083 0.4133
122 1084 0.5105
122 1085 0.1186
122 1087 0.1982
122 1089 0.2932
122 1090 0.5131
122 1092 0.0380
122 1093 0.1332
122 1094 0.1412
122 1095 0.0590
122 1096 0.0423
122 1097 0.1140
122 1099 0.6446
122 1102 0.0829
122 1103 0.1761
122 1104 0.5630
122 1105 0.6905
122 1106 0.2291
122 1107 0.0855
122 1108 0.4915
122 1109 0.0959
122 1110 0.0948
122 1111 0.0412
122 1113 0.0563
122 1115 0.0482
122 1116 0.0403
122 1117 0.0956
122 1118 0.2938
122 1119 0.1322
122 1120 0.0578
122 1121 0.0914
122 1122 0.1197
122 1123 0.3681
122 1124 0.1162
122 1125 0.5108
122 1126 0.3369
122 1127 0.0687
122 1128 0.6054
122 1129 0.1111
122 1130 0.3616
122 1131 0.0456
122 1132 0.0691
122 1133 0.0535
122 1134 0.2528
122 1135 0.5010
122 1136 0.1414
122 1138 0.5241
122 1139 0.0975
122 1141 0.4314
122 1142 0.2082
122 1143 0.1584
122 1144 0.0592
122 1145 0.0606
122 1146 0.3416
122 1147 0.6436
122 1148 0.0763
122 1149 0.0813
122 1150 0.4831
122 1151 0.1010
122 1152 0.3065
122 1153 0.5358
122 1154 0.8292
122 1155 0.1961
122 1156 0.1529
122 1157 0.0796
122 1158 0.2590
122 1159 0.0695
122 1160 0.0639
122 1161 0.4648
122 1162 0.2148
122 1163 0.1199
122 1165 0.4027
122 1166 0.0813
122 1167 0.0870
122 1169 0.4107
122 1170 0.1417
122 1172 0.1859
122 1174 0.1797
122 1176 0.1988
122 1177 0.0812
122 1178 0.0581
122 1180 0.5886
122 1181 0.2547
122 1182 0.1807
122 1183 0.0813
122 1184 0.0813
122 1185 0.4031
122 1186 0.0818
122 1187 0.5117
122 1188 0.0789
122 1189 0.2608
122 1191 0.4945
122 1192 0.1075
122 1193 0.6404
122 1194 0.5509
122 1195 0.2074
122 1196 0.2271
122 1197 0.1736
122 1198 0.0763
122 1199 0.0980
122 1200 0.3384
122 1201 0.3477
122 1202 0.0677
122 1203 0.1158
122 1204 0.1331
122 1205 0.0978
122 1206 0.2901
122 1207 0.1622
122 1208 0.5435
122 1209 0.1584
122 1210 0.2678
122 1211 0.3545
122 1212 0.1338
122 1213 0.1262
122 1214 0.2227
122 1215 0.2168
122 1216 0.1026
122 1217 0.2510
122 1218 0.0975
122 1219 0.1381
122 1220 0.3329
122 1221 0.1798
122 1222 0.0935
122 1223 0.2016
122 1225 0.5700
122 1226 0.1051
122 1227 0.1905
122 1228 0.2347
122 1229 0.3277
122 1230 0.2300
122 1231 0.2137
122 1233 0.0935
122 1234 0.0813
122 1235 0.2057
122 1236 0.1486
122 1237 0.1401
122 1238 0.0845
122 1239 0.1147
122 1240 0.3960
122 1241 0.1131
122 1242 0.3241
122 1243 0.1470
122 1244 0.0823
122 1245 0.1678
122 1246 0.2292
122 1247 0.1780
122 1248 0.0687
122 1249 0.1016
122 1250 0.1543
122 1251 0.3812
122 1252 0.2555
122 1253 0.1215
122 1254 0.0416
122 1255 0.2256
122 1256 0.3604
122 1257 0.0903
122 1258 0.4228
122 1259 0.2090
122 1260 0.1315
122 1262 0.2809
122 1263 0.1547
122 1265 0.4368
122 1266 0.0978
122 1267 0.1284
122 1268 0.1958
122 1269 0.4672
122 1270 0.3508
122 1271 0.0650
122 1272 0.2370
122 1273 0.0748
122 1274 0.1998
122 1275 0.2250
122 1276 0.2725
122 1278 0.1533
122 1279 0.1491
122 1280 0.3637
122 1281 0.3891
122 1282 0.1526
122 1283 0.0745
122 1284 0.0698
122 1286 0.1485
122 1287 0.0641
122 1288 0.2417
122 1289 0.0600
122 1290 0.0647
122 1291 0.0758
122 1292 0.0784
122 1293 0.0508
122 1295 0.0710
122 1296 0.0582
122 1297 0.0813
122 1298 0.0423
122 1299 0.0667
122 1300 0.0600
122 1301 0.0652
122 1302 0.0813
122 1303 0.0668
122 1304 0.0776
122 1305 0.0751
122 1306 0.0575
122 1307 0.0719
122 1308 0.1256
122 1309 0.0857
122 1310 0.0615
122 1311 0.0611
122 1312 0.0691
122 1313 0.0813
122 1315 0.0654
122 1316 0.3085
122 1318 0.0586
122 1320 0.0664
122 1322 0.0456
122 1323 0.1678
122 1324 0.1126
122 1325 0.2318
122 1326 0.0763
122 1327 0.0877
122 1328 0.3720
122 1329 0.1026
122 1330 0.0901
122 1331 0.0933
122 1332 0.1038
122 1333 0.1043
122 1334 0.3656
122 1335 0.1954
122 1336 0.1368
122 1338 0.0813
122 1339 0.2970
122 1340 0.1689
122 1341 0.0627
122 1342 0.1888
122 1343 0.1653
122 1344 0.4404
122 1345 0.1363
122 1347 0.3075
122 1348 0.1893
122 1349 0.2419
122 1350 0.2042
122 1351 0.1068
122 1352 0.0676
122 1353 0.3693
122 1355 0.2830
122 1356 0.0755
122 1357 0.1068
122 1358 0.1717
122 1360 0.1725
122 1361 0.3694
122 1362 0.2690
122 1363 0.4159
122 1364 0.1027
122 1366 0.0714
122 1367 0.1338
122 1368 0.1618
122 1369 0.6116
122 1370 0.4390
122 1371 0.1988
122 1372 0.2844
122 1373 0.1226
122 1374 0.1239
122 1375 0.0602
122 1376 0.0755
122 1377 0.2957
122 1378 0.1452
122 1379 0.1442
122 1380 0.1119
122 1381 0.1009
122 1382 0.2231
122 1383 0.0610
122 1385 0.3043
122 1386 0.2493
122 1387 0.3089
122 1388 0.2288
122 1389 0.2395
122 1390 0.2471
122 1393 0.0625
122 1394 0.3126
122 1395 0.2380
122 1396 0.1302
122 1397 0.4186
122 1398 0.1665
122 1399 0.2129
122 1401 0.1624
122 1402 0.2138
122 1405 0.2277
122 1406 0.1814
122 1407 0.2864
122 1408 0.0725
122 1409 0.0579
122 1410 0.2216
122 1411 0.1487
122 1412 0.0606
122 1413 0.0823
122 1414 0.2197
122 1415 0.2006
122 1416 0.2727
122 1418 0.1608
122 1419 0.2916
122 1420 0.1209
122 1421 0.4940
122 1422 0.3131
122 1423 0.4394
122 1424 0.3452
122 1425 0.5359
122 1426 0.4846
122 1427 0.5201
122 1428 0.3239
122 1431 0.3679
122 1433 0.4432
122 1434 0.9782
122 1435 0.8990
122 1436 0.3879
122 1437 0.6319
122 1438 0.5269
122 1439 0.6851
122 1440 0.6531
122 1441 0.5439
122 1445 0.1904
122 1446 0.5161
122 1448 0.2229
122 1449 0.1216
122 1451 0.1195
122 1452 0.1512
122 1453 0.1035
122 1454 0.1271
122 1456 0.1232
122 1457 0.0566
122 1458 0.0914
122 1459 0.0754
122 1460 0.1243
122 1461 0.0613
122 1462 0.1459
122 1463 0.0995
122 1464 0.0880
122 1465 0.1027
122 1466 0.1359
122 1468 0.0600
122 1470 0.0811
122 1472 0.0920
122 1473 0.0652
122 1474 0.1218
122 1475 0.1170
122 1476 0.1962
122 1477 0.0475
122 1478 0.0732
122 1479 0.0765
122 1480 0.1314
122 1481 0.0924
122 1482 0.0713
122 1484 0.1885
122 1485 0.1703
122 1487 0.1870
122 1488 0.0813
122 1490 0.0827
122 1491 0.0598
122 1493 0.1246
122 1494 0.0958
122 1496 0.0733
122 1497 0.1743
122 1498 0.0627
122 1499 0.1221
122 1500 0.1526
122 1501 0.1638
122 1503 0.2007
122 1504 0.1926
122 1505 0.2806
122 1506 0.0613
122 1507 0.2825
122 1508 0.0627
122 1510 0.2198
122 1511 0.1024
122 1512 0.2736
122 1513 0.0420
122 1515 0.0789
122 1516 0.1761
122 1517 0.2230
122 1518 0.0587
122 1519 0.0251
122 1520 0.0861
122 1522 0.0590
122 1523 0.0760
122 1525 0.0621
122 1526 0.0723
122 1527 0.1149
122 1528 0.1172
122 1529 0.3190
122 1530 0.0796
122 1531 0.0763
122 1532 0.0782
122 1534 0.0546
122 1535 0.0844
122 1536 0.0773
122 1538 0.0589
122 1540 0.1354
122 1541 0.3118
122 1542 0.0564
122 1544 0.0453
122 1545 0.0813
122 1546 0.0481
122 1547 0.0800
122 1548 0.0636
122 1549 0.0499
122 1550 0.0763
122 1551 0.0957
122 1552 0.0606
122 1554 0.0650
122 1555 0.0726
122 1556 0.0726
122 1557 0.0586
122 1560 0.0459
122 1562 0.1272
122 1565 0.0320
122 1566 0.1394
122 1567 0.0602
122 1568 0.1067
122 1569 0.4258
122 1570 0.2579
122 1571 0.1735
122 1572 0.1766
122 1573 0.1403
122 1574 0.3214
122 1575 0.3821
122 1576 0.0825
122 1577 0.5034
122 1578 0.2771
122 1579 0.1131
122 1580 0.3107
122 1581 0.2770
122 1582 0.3178
122 1583 0.3142
122 1584 0.1648
122 1585 0.3099
122 1586 0.1919
122 1587 0.1071
122 1588 0.5657
122 1589 0.0610
122 1590 0.3508
122 1591 0.2776
122 1592 0.1017
122 1593 0.2187
122 1595 0.1269
122 1596 0.4004
122 1598 0.0714
122 1599 0.2339
122 1600 0.0763
122 1601 0.1630
122 1602 0.1562
122 1603 0.0698
122 1604 0.3249
122 1605 0.0627
122 1606 0.3007
122 1607 0.1903
122 1608 0.2614
122 1609 0.3438
122 1610 0.1912
122 1611 0.1118
122 1612 0.1496
122 1613 0.3943
122 1614 0.1789
122 1615 0.4012
122 1616 0.1802
122 1618 0.4711
122 1619 0.3746
122 1620 0.3742
122 1621 0.5716
122 1622 0.4423
122 1623 0.2383
122 1624 0.1027
122 1625 0.1920
122 1626 0.2829
122 1627 0.0866
122 1628 0.1589
122 1629 0.2245
122 1630 0.1260
122 1631 0.0649
122 1632 0.2665
122 1633 0.1059
122 1634 0.2143
122 1636 0.0777
122 1637 0.3010
122 1638 0.1931
122 1639 0.1927
122 1640 0.2037
122 1641 0.0934
122 1643 0.0931
122 1644 0.0755
122 1645 0.0718
122 1646 0.1225
122 1647 0.0452
122 1648 0.1409
122 1649 0.2182
122 1650 0.1118
122 1651 0.0913
122 1652 0.0501
122 1653 0.3231
122 1654 0.0600
122 1655 0.2865
122 1657 0.0763
122 1658 0.0442
122 1659 0.0783
122 1660 0.0599
122 1661 0.4213
122 1662 0.2001
122 1663 0.1755
122 1664 0.2772
122 1665 0.0929
122 1666 0.0613
122 1667 0.2416
122 1668 0.2952
122 1669 0.0940
122 1670 0.0613
122 1671 0.1496
122 1672 0.1533
122 1673 0.1567
122 1674 0.2446
122 1675 0.0763
122 1676 0.2320
122 1677 0.2247
122 1678 0.4289
122 1679 0.2299
122 1680 0.1506
122 1681 0.0714
122 1682 0.0704
122 1683 0.1062
122 1684 0.1573
122 1685 0.1029
122 1686 0.1695
122 1687 0.1415
122 1688 0.0674
122 1689 0.6482
122 1690 0.0840
122 1691 0.2780
122 1692 0.2700
122 1693 0.0892
122 1694 0.2911
122 1695 0.1183
122 1696 0.1298
122 1697 0.0571
122 1698 0.1828
122 1699 0.1845
122 1700 0.3793
122 1701 0.4442
122 1702 0.3802
122 1703 0.0714
122 1704 0.3892
122 1705 0.2910
122 1706 0.4600
122 1707 0.7132
122 1708 0.5010
122 1709 0.4564
122 1710 0.0613
122 1711 0.5341
122 1712 0.9916
122 1713 0.5745
122 1714 0.5516
122 1715 0.1674
122 1716 0.2098
122 1717 0.9843
122 1718 0.1921
122 1719 0.3571
122 1720 0.3322
122 1721 0.5396
122 1722 0.1860
122 1723 0.2954
122 1724 0.3134
122 1725 0.3951
122 1726 0.0613
122 1728 0.2865
122 1729 0.2398
123 124 0.2083
123 125 0.6824
123 126 0.5576
123 127 0.5151
123 128 0.0923
123 129 0.1838
123 130 0.0887
123 131 0.1183
123 132 0.0903
123 133 0.4897
123 134 0.3265
123 135 0.5989
123 136 0.3413
123 137 0.1020
123 138 0.2047
123 139 0.7526
123 140 0.2679
123 142 0.3106
123 143 0.2352
123 144 0.8670
123 145 0.1737
123 146 0.5897
123 147 0.1082
123 148 0.3503
123 149 0.0856
123 150 0.0568
123 151 0.0620
123 152 0.4118
123 153 0.3867
123 154 0.2415
123 156 0.0656
123 157 0.7856
123 158 0.8303
123 159 0.3950
123 160 0.9488
123 161 0.3639
123 162 0.9682
123 163 0.2286
123 164 0.5770
123 165 0.2267
123 166 0.8930
123 167 0.5360
123 168 0.7792
123 169 0.1903
123 170 0.2502
123 171 0.1980
123 172 0.2014
123 173 0.0567
123 174 0.5403
123 175 0.1560
123 176 0.2749
123 177 0.5978
123 178 0.1989
123 179 0.3019
123 180 0.1718
123 181 0.0408
123 182 0.1278
123 183 0.0691
123 184 0.3467
123 185 0.2113
123 186 0.0979
123 187 0.4336
123 188 0.0992
123 189 0.6739
123 190 0.5702
123 191 0.1626
123 192 0.5169
123 193 0.2608
123 194 0.8776
123 195 0.0941
123 196 0.2462
123 197 0.1518
123 198 0.1622
123 199 0.1644
123 200 0.1901
123 201 0.2322
123 202 0.1727
123 203 0.1580
123 204 0.2084
123 206 0.9623
123 207 0.5461
123 208 0.0596
123 209 0.0569
123 210 0.1404
123 211 0.1116
123 212 0.0918
123 213 0.7033
123 214 0.0615
123 215 0.2926
123 216 0.2744
123 217 0.3146
123 218 0.1910
123 219 0.0343
123 220 0.7657
123 221 0.3477
123 222 0.0899
123 223 0.7402
123 224 0.1543
123 225 0.7076
123 226 0.0924
123 227 0.5839
123 228 0.5603
123 229 0.0605
123 230 0.3247
123 231 0.5588
123 232 0.1685
123 233 0.1349
123 234 0.1819
123 235 0.3113
123 236 0.2200
123 237 0.2265
123 238 0.1447
123 239 0.1038
123 240 0.9350
123 241 0.5158
123 242 0.2256
123 243 0.5021
123 244 0.3981
123 245 0.1992
123 246 0.6087
123 247 0.4399
123 248 0.1531
123 249 0.6353
123 250 0.0840
123 251 0.4555
123 252 0.0872
123 253 0.8183
123 254 0.2006
123 255 0.5779
123 256 0.2040
123 257 0.1099
123 258 0.2176
123 259 0.0613
123 260 0.7503
123 261 0.3353
123 262 0.2107
123 263 0.8623
123 264 0.9402
123 265 0.1139
123 266 0.3153
123 267 0.5708
123 268 0.0590
123 269 0.7260
123 270 0.7208
123 271 0.0828
123 272 0.1316
123 273 0.5989
123 274 0.8454
123 275 0.1481
123 276 0.3738
123 277 0.0993
123 278 0.1157
123 279 0.0650
123 280 0.5522
123 281 0.1173
123 282 0.1261
123 283 0.7295
123 284 0.5758
123 285 0.8713
123 286 0.3384
123 287 0.9211
123 288 0.5822
123 289 0.0660
123 290 0.9745
123 291 0.2533
123 292 0.3567
123 293 0.1946
123 294 0.2399
123 295 0.0944
123 296 0.2816
123 297 0.0704
123 298 0.5969
123 299 0.5989
123 300 0.0862
123 301 0.2213
123 302 0.0420
123 303 0.4617
123 304 0.1647
123 305 0.0498
123 306 0.8106
123 307 0.5363
123 308 0.6892
123 309 0.8453
123 310 0.0682
123 311 0.6145
123 312 0.1042
123 313 0.0590
123 314 0.0816
123 315 0.2422
123 316 0.1274
123 317 0.0840
123 318 0.5792
123 319 0.3782
123 320 0.0880
123 321 0.4355
123 322 0.5094
123 323 0.1086
123 324 0.1237
123 325 0.2036
123 326 0.1216
123 327 0.0945
123 328 0.1100
123 329 0.5590
123 330 0.1331
123 331 0.0787
123 332 0.0522
123 333 0.7190
123 334 0.1302
123 335 0.5569
123 336 0.7605
123 337 0.4570
123 338 0.0741
123 339 0.0644
123 340 0.3874
123 341 0.3135
123 342 0.2095
123 343 0.6167
123 344 0.0734
123 345 0.5609
123 346 0.6136
123 347 0.0881
123 348 0.2821
123 349 0.7729
123 350 0.2747
123 351 0.0501
123 352 0.4999
123 353 0.0997
123 354 0.9040
123 355 0.5605
123 356 0.0407
123 357 0.1762
123 358 0.8536
123 359 0.1302
123 360 0.5480
123 361 0.0900
123 362 0.0696
123 363 0.0920
123 364 0.1094
123 366 0.1239
123 367 0.7605
123 368 0.1254
123 369 0.0581
123 370 0.5218
123 371 0.0708
123 372 0.0485
123 373 0.1762
123 374 0.1926
123 375 0.1735
123 376 0.2002
123 377 0.1830
123 378 0.4919
123 379 0.2438
123 380 0.5880
123 381 0.0900
123 382 0.1602
123 383 0.4898
123 384 0.0699
123 385 0.3711
123 386 0.1296
123 387 0.3014
123 388 0.0809
123 389 0.4588
123 390 0.1392
123 391 0.2509
123 392 0.1855
123 393 0.8038
123 394 0.6755
123 395 0.0431
123 396 0.2824
123 397 0.0769
123 398 0.1107
123 399 0.4527
123 400 0.1206
123 402 0.0773
123 403 0.0696
123 404 0.0348
123 405 0.0843
123 406 0.6002
123 407 0.3023
123 408 0.1222
123 409 0.1149
123 410 0.6520
123 411 0.7222
123 412 0.3177
123 413 0.0401
123 414 0.6187
123 415 0.1452
123 416 0.0753
123 418 0.6426
123 419 0.4993
123 420 0.5011
123 421 0.7199
123 422 0.1853
123 423 0.0813
123 424 0.7295
123 425 0.1381
123 427 0.2072
123 428 0.9052
123 429 0.1067
123 430 0.0926
123 431 0.0737
123 432 0.3102
123 433 0.1168
123 434 0.9749
123 435 0.0870
123 436 0.0646
123 437 0.5418
123 438 0.4098
123 439 0.8459
123 440 0.4523
123 441 0.1087
123 442 0.1884
123 443 0.0463
123 444 0.7657
123 445 0.0841
123 447 0.8881
123 448 0.0920
123 449 0.2250
123 450 0.5375
123 451 0.8199
123 452 0.2618
123 453 0.2044
123 454 0.4550
123 455 0.1619
123 456 0.5978
123 457 0.1652
123 458 0.7335
123 459 0.0472
123 460 0.1058
123 461 0.1048
123 462 0.0903
123 463 0.3902
123 464 0.2289
123 465 0.6578
123 466 0.4531
123 467 0.2501
123 468 0.0832
123 469 0.1683
123 470 0.2336
123 471 0.1855
123 472 0.1662
123 474 0.1024
123 475 0.4347
123 476 0.0966
123 478 0.0693
123 479 0.7402
123 480 0.6437
123 481 0.9184
123 482 0.6046
123 484 0.2336
123 485 0.3427
123 486 0.1099
123 487 0.0440
123 488 0.0801
123 489 0.6106
123 490 0.1113
123 491 0.0605
123 492 0.2101
123 493 0.5136
123 494 0.7109
123 495 0.9615
123 496 0.1791
123 497 0.2312
123 498 0.1557
123 499 0.2227
123 500 0.0537
123 501 0.0676
123 503 0.3485
123 504 0.7748
123 505 0.1094
123 506 0.1126
123 507 0.0648
123 508 0.1044
123 509 0.5356
123 510 0.4792
123 511 0.2199
123 512 0.5252
123 513 0.2510
123 514 0.5241
123 515 0.4333
123 516 0.3124
123 517 0.7651
123 518 0.0456
123 519 0.2948
123 520 0.0620
123 521 0.7543
123 522 0.7283
123 523 0.0984
123 524 0.3233
123 525 0.0922
123 526 0.6375
123 527 0.0523
123 528 0.0936
123 529 0.1145
123 530 0.1408
123 531 0.1146
123 532 0.7357
123 533 0.5469
123 534 0.1725
123 535 0.4108
123 536 0.1315
123 537 0.7445
123 538 0.4223
123 539 0.3829
123 540 0.9155
123 541 0.2752
123 542 0.6620
123 543 0.1771
123 544 0.2267
123 545 0.1115
123 546 0.2933
123 547 0.0909
123 548 0.1118
123 549 0.2761
123 550 0.4082
123 551 0.7635
123 552 0.3371
123 553 0.6085
123 554 0.2263
123 555 0.0631
123 556 0.0892
123 557 0.6695
123 558 0.7921
123 559 0.0430
123 560 0.3287
123 561 0.1734
123 562 0.0432
123 563 0.3318
123 564 0.0658
123 565 0.6127
123 566 0.2921
123 567 0.1198
123 568 0.5797
123 569 0.2387
123 570 0.0681
123 571 0.5811
123 572 0.0510
123 573 0.8303
123 574 0.0629
123 575 0.2607
123 576 0.0781
123 577 0.0639
123 578 0.1272
123 579 0.1678
123 580 0.2257
123 581 0.1046
123 582 0.1188
123 583 0.0748
123 584 0.0482
123 585 0.2282
123 586 0.1529
123 587 0.9181
123 589 0.2741
123 590 0.4264
123 591 0.1066
123 592 0.5832
123 593 0.1317
123 594 0.6958
123 595 0.7455
123 598 0.3273
123 599 0.0843
123 600 0.0502
123 601 0.0812
123 602 0.0881
123 604 0.0600
123 605 0.3689
123 606 0.6791
123 607 0.1139
123 608 0.0752
123 609 0.0680
123 610 0.2649
123 611 0.3153
123 612 0.4440
123 613 0.1146
123 614 0.7938
123 616 0.1391
123 617 0.0939
123 618 0.4375
123 619 0.1893
123 620 0.0428
123 621 0.2149
123 622 0.6613
123 623 0.4865
123 624 0.5536
123 625 0.0848
123 626 0.2817
123 627 0.1938
123 628 0.0867
123 629 0.4578
123 630 0.2159
123 631 0.2121
123 632 0.1096
123 633 0.1194
123 634 0.5809
123 635 0.3709
123 636 0.4183
123 637 0.1631
123 638 0.3869
123 639 0.6159
123 640 0.5280
123 641 0.1446
123 642 0.1144
123 643 0.1679
123 644 0.1152
123 645 0.0490
123 646 0.1820
123 647 0.1099
123 648 0.0864
123 649 0.0516
123 650 0.0730
123 651 0.0701
123 652 0.0781
123 653 0.2441
123 654 0.3062
123 655 0.6964
123 656 0.3020
123 657 0.5567
123 658 0.4329
123 659 0.5057
123 660 0.0947
123 661 0.7873
123 662 0.6842
123 663 0.4600
123 664 0.8330
123 665 0.4960
123 666 0.2571
123 667 0.4466
123 668 0.0962
123 669 0.5674
123 670 0.4738
123 671 0.1211
123 672 0.1512
123 673 0.1125
123 674 0.4744
123 675 0.5282
123 676 0.1459
123 677 0.5845
123 678 0.7818
123 679 0.0828
123 680 0.1712
123 681 0.5173
123 682 0.0563
123 683 0.1229
123 684 0.2763
123 685 0.1896
123 686 0.5978
123 687 0.3064
123 688 0.7349
123 689 0.9698
123 690 0.0882
123 691 0.2094
123 692 0.1826
123 693 0.1024
123 694 0.4947
123 695 0.3373
123 696 0.6249
123 697 0.0512
123 698 0.1153
123 699 0.6987
123 700 0.2271
123 701 0.5375
123 702 0.1181
123 703 0.1153
123 704 0.0727
123 705 0.0396
123 706 0.2105
123 707 0.2709
123 708 0.0728
123 709 0.0429
123 710 0.3964
123 711 0.4422
123 712 0.2142
123 713 0.7314
123 714 0.8231
123 715 0.0381
123 716 0.1675
123 717 0.2273
123 718 0.8939
123 720 0.1075
123 721 0.6192
123 722 0.0537
123 723 0.0957
123 724 0.3894
123 725 0.5377
123 726 0.0904
123 727 0.3060
123 728 0.1193
123 729 0.2697
123 730 0.1099
123 731 0.6090
123 732 0.1465
123 733 0.1872
123 734 0.1806
123 735 0.8331
123 736 0.2660
123 737 0.2488
123 738 0.0861
123 740 0.1679
123 741 0.9316
123 742 0.1028
123 743 0.2859
123 744 0.2312
123 745 0.0884
123 746 0.1590
123 747 0.6774
123 748 0.9787
123 749 0.0467
123 750 0.3304
123 751 0.1211
123 752 0.3534
123 753 0.1966
123 754 0.1029
123 755 0.2574
123 756 0.0592
123 757 0.4054
123 758 0.7696
123 759 0.0635
123 760 0.2176
123 761 0.1388
123 762 0.0746
123 763 0.9348
123 764 0.2568
123 765 0.5697
123 766 0.3788
123 767 0.5309
123 768 0.3911
123 769 0.6459
123 770 0.2565
123 771 0.0674
123 772 0.0603
123 773 0.0688
123 774 0.4839
123 775 0.1304
123 776 0.0792
123 777 0.2112
123 778 0.2411
123 780 0.1776
123 781 0.5379
123 782 0.8118
123 783 0.3218
123 784 0.0836
123 785 0.7707
123 786 0.1591
123 787 0.1127
123 788 0.1232
123 789 0.0847
123 791 0.0879
123 792 0.0419
123 793 0.3219
123 794 0.0878
123 795 0.0434
123 796 0.4771
123 797 0.3926
123 798 0.0998
123 799 0.0647
123 800 0.5699
123 801 0.1713
123 802 0.0438
123 803 0.1044
123 804 0.9700
123 805 0.0990
123 806 0.7211
123 807 0.1842
123 808 0.8703
123 809 0.1364
123 810 0.3718
123 811 0.3938
123 812 0.3279
123 813 0.7839
123 814 0.2305
123 815 0.0618
123 816 0.1476
123 817 0.1480
123 818 0.1688
123 819 0.2924
123 821 0.3701
123 822 0.1697
123 823 0.3335
123 824 0.2097
123 825 0.4460
123 827 0.0924
123 828 0.3096
123 829 0.1741
123 830 0.4495
123 831 0.1924
123 832 0.3745
123 833 0.7625
123 834 0.2846
123 835 0.0780
123 836 0.2878
123 837 0.5668
123 838 0.0642
123 839 0.2870
123 840 0.1126
123 841 0.2858
123 842 0.1081
123 843 0.7706
123 844 0.0413
123 845 0.1899
123 846 0.1737
123 848 0.1631
123 849 0.1969
123 850 0.0475
123 851 0.4341
123 852 0.5373
123 854 0.1388
123 855 0.4824
123 856 0.7231
123 857 0.0552
123 858 0.5345
123 859 0.3214
123 860 0.0842
123 861 0.1586
123 862 0.0802
123 864 0.0520
123 865 0.6480
123 866 0.0911
123 867 0.1396
123 868 0.6405
123 869 0.0834
123 870 0.2170
123 871 0.1668
123 872 0.7895
123 873 0.4313
123 874 0.0694
123 875 0.1933
123 876 0.6334
123 877 0.1315
123 878 0.5441
123 880 0.9429
123 881 0.0764
123 882 0.0748
123 883 0.0943
123 884 0.0599
123 885 0.1600
123 886 0.2627
123 887 0.1650
123 889 0.1912
123 890 0.0565
123 891 0.9657
123 892 0.5773
123 893 0.3641
123 894 0.3543
123 895 0.2872
123 896 0.1082
123 897 0.0903
123 898 0.1952
123 899 0.0276
123 900 0.0737
123 901 0.1027
123 903 0.1627
123 905 0.0566
123 906 0.4094
123 907 0.3465
123 908 0.4213
123 909 0.1921
123 910 0.1099
123 911 0.0696
123 912 0.0803
123 913 0.1219
123 914 0.8854
123 915 0.3680
123 916 0.3760
123 917 0.0845
123 918 0.0977
123 919 0.3751
123 920 0.4268
123 921 0.0676
123 922 0.3274
123 924 0.1545
123 925 0.1046
123 928 0.8248
123 929 0.4085
123 930 0.1473
123 932 0.0456
123 933 0.1196
123 934 0.3711
123 935 0.2273
123 936 0.6483
123 937 0.2284
123 938 0.8288
123 939 0.7844
123 940 0.0831
123 941 0.0539
123 942 0.2010
123 943 0.6837
123 944 0.2769
123 946 0.1389
123 947 0.1072
123 948 0.3004
123 950 0.0691
123 951 0.0886
123 952 0.1930
123 953 0.2068
123 954 0.5935
123 955 0.5189
123 956 0.1220
123 957 0.1313
123 958 0.3615
123 959 0.6457
123 960 0.4634
123 961 0.6312
123 962 0.1628
123 963 0.1612
123 964 0.1482
123 965 0.0449
123 966 0.7406
123 967 0.3440
123 968 0.2236
123 969 0.1050
123 971 0.7556
123 972 0.1365
123 973 0.1045
123 974 0.5133
123 975 0.1479
123 976 0.0824
123 977 0.0766
123 978 0.6066
123 979 0.3821
123 980 0.5249
123 981 0.2019
123 982 0.5831
123 983 0.0659
123 984 0.0600
123 985 0.5989
123 986 0.0640
123 987 0.1562
123 989 0.5033
123 990 0.1174
123 991 0.5743
123 992 0.4989
123 993 0.2478
123 994 0.5039
123 995 0.1841
123 996 0.1647
123 998 0.1099
123 999 0.6073
123 1000 0.1261
123 1001 0.2242
123 1002 0.1800
123 1003 0.9546
123 1004 0.2167
123 1006 0.2128
123 1007 0.3171
123 1008 0.6914
123 1010 0.2232
123 1012 0.5317
123 1013 0.6642
123 1014 0.2037
123 1015 0.8251
123 1016 0.0434
123 1017 0.1189
123 1018 0.0504
123 1019 0.1145
123 1020 0.3326
123 1022 0.0953
123 1023 0.5386
123 1024 0.1555
123 1025 0.0709
123 1026 0.0690
123 1027 0.1018
123 1028 0.4559
123 1029 0.0885
123 1030 0.3468
123 1032 0.4643
123 1033 0.1050
123 1034 0.1108
123 1035 0.7886
123 1036 0.0445
123 1037 0.2844
123 1038 0.1709
123 1039 0.2309
123 1040 0.0597
123 1041 0.1310
123 1042 0.1860
123 1043 0.7314
123 1044 0.6955
123 1045 0.0875
123 1046 0.6073
123 1047 0.0502
123 1048 0.1865
123 1049 0.0569
123 1050 0.1008
123 1051 0.0838
123 1052 0.0726
123 1053 0.1175
123 1054 0.5586
123 1055 0.7636
123 1056 0.0670
123 1057 0.8531
123 1058 0.0772
123 1059 0.2406
123 1060 0.1369
123 1061 0.1648
123 1062 0.5567
123 1063 0.9223
123 1064 0.0686
123 1065 0.0723
123 1066 0.5134
123 1067 0.6214
123 1068 0.2479
123 1069 0.1055
123 1070 0.0887
123 1071 0.0835
123 1072 0.0762
123 1075 0.7070
123 1076 0.5551
123 1077 0.6325
123 1078 0.7151
123 1079 0.3904
123 1080 0.0617
123 1081 0.2225
123 1082 0.1342
123 1083 0.9540
123 1084 0.1036
123 1085 0.1136
123 1087 0.1790
123 1089 0.1678
123 1090 0.3140
123 1092 0.0421
123 1093 0.0715
123 1094 0.1078
123 1095 0.0643
123 1096 0.1388
123 1097 0.1204
123 1099 0.9975
123 1102 0.5945
123 1103 0.2595
123 1104 0.2629
123 1105 0.3065
123 1106 0.1609
123 1107 0.6667
123 1108 0.0690
123 1109 0.4512
123 1110 0.6049
123 1111 0.2034
123 1113 0.1140
123 1115 0.0976
123 1116 0.6132
123 1117 0.5940
123 1118 0.0875
123 1119 0.1121
123 1120 0.5276
123 1121 0.1244
123 1122 0.1372
123 1123 0.2434
123 1124 0.1626
123 1125 0.0504
123 1126 0.0518
123 1127 0.1479
123 1128 0.3662
123 1129 0.1511
123 1130 0.8449
123 1131 0.0516
123 1132 0.5199
123 1133 0.2171
123 1134 0.0542
123 1135 0.9855
123 1136 0.6265
123 1138 0.1082
123 1139 0.5753
123 1141 0.0634
123 1142 0.3533
123 1143 0.2072
123 1144 0.1584
123 1145 0.0777
123 1146 0.3305
123 1147 0.0762
123 1148 0.1534
123 1149 0.1099
123 1150 0.4569
123 1151 0.1087
123 1152 0.9620
123 1153 0.0711
123 1154 0.2956
123 1155 0.3094
123 1156 0.1917
123 1157 0.6915
123 1158 0.4080
123 1159 0.1739
123 1160 0.0696
123 1161 0.0465
123 1162 0.2376
123 1163 0.2543
123 1165 0.5567
123 1166 0.1099
123 1167 0.2077
123 1169 0.0952
123 1170 0.0764
123 1172 0.4925
123 1174 0.1480
123 1176 0.0314
123 1177 0.1796
123 1178 0.0610
123 1180 0.2582
123 1181 0.2165
123 1182 0.2148
123 1183 0.1099
123 1184 0.1099
123 1185 0.0750
123 1186 0.5460
123 1187 0.0841
123 1188 0.6106
123 1189 0.2299
123 1191 0.1546
123 1192 0.0832
123 1193 0.2637
123 1194 0.1455
123 1195 0.1580
123 1196 0.6448
123 1197 0.2215
123 1198 0.1480
123 1199 0.1636
123 1200 0.1162
123 1201 0.1422
123 1202 0.0527
123 1203 0.1060
123 1204 0.2779
123 1205 0.2115
123 1206 0.2712
123 1207 0.0577
123 1208 0.2216
123 1209 0.1636
123 1210 0.1850
123 1211 0.3023
123 1212 0.0724
123 1213 0.0835
123 1214 0.0771
123 1215 0.0867
123 1216 0.0697
123 1217 0.1082
123 1218 0.0483
123 1219 0.0753
123 1220 0.0694
123 1221 0.1013
123 1222 0.0526
123 1223 0.1223
123 1225 0.5530
123 1226 0.4264
123 1227 0.0844
123 1228 0.0628
123 1229 0.2255
123 1230 0.1280
123 1231 0.0753
123 1233 0.0526
123 1234 0.1099
123 1235 0.1324
123 1236 0.0694
123 1237 0.0694
123 1238 0.0527
123 1239 0.0514
123 1240 0.4609
123 1241 0.0351
123 1242 0.3804
123 1243 0.0480
123 1244 0.4835
123 1245 0.0502
123 1246 0.1348
123 1247 0.2738
123 1248 0.4651
123 1249 0.1137
123 1250 0.2804
123 1251 0.1496
123 1252 0.1201
123 1253 0.0981
123 1254 0.0836
123 1255 0.0969
123 1256 0.3930
123 1257 0.1316
123 1258 0.3702
123 1259 0.1060
123 1260 0.1389
123 1262 0.1014
123 1263 0.1806
123 1265 0.1476
123 1266 0.2084
123 1267 0.1185
123 1268 0.2661
123 1269 0.2324
123 1270 0.2001
123 1271 0.1552
123 1272 0.0654
123 1273 0.1011
123 1274 0.2293
123 1275 0.1992
123 1276 0.1466
123 1278 0.1048
123 1279 0.0998
123 1280 0.2195
123 1281 0.1435
123 1282 0.4052
123 1283 0.0814
123 1284 0.0856
123 1286 0.0913
123 1287 0.1667
123 1288 0.1706
123 1289 0.0951
123 1290 0.3156
123 1291 0.1798
123 1292 0.3450
123 1293 0.1262
123 1295 0.0376
123 1296 0.1166
123 1297 0.1099
123 1298 0.1734
123 1299 0.0649
123 1300 0.1384
123 1301 0.0969
123 1302 0.1099
123 1303 0.0989
123 1304 0.0614
123 1305 0.1616
123 1306 0.0682
123 1307 0.0494
123 1308 0.3115
123 1309 0.0502
123 1310 0.0754
123 1311 0.1574
123 1312 0.1237
123 1313 0.1099
123 1315 0.0586
123 1316 0.6444
123 1318 0.0665
123 1320 0.0947
123 1322 0.1390
123 1323 0.0502
123 1324 0.3878
123 1325 0.0884
123 1326 0.1620
123 1327 0.0685
123 1328 0.1136
123 1329 0.1352
123 1330 0.1037
123 1331 0.2055
123 1332 0.1153
123 1333 0.5879
123 1334 0.0918
123 1335 0.1748
123 1336 0.1276
123 1338 0.1099
123 1339 0.2303
123 1340 0.1222
123 1341 0.0810
123 1342 0.1567
123 1343 0.1308
123 1344 0.5635
123 1345 0.1058
123 1347 0.0609
123 1348 0.0680
123 1349 0.0928
123 1350 0.1291
123 1351 0.0680
123 1352 0.2133
123 1353 0.0868
123 1355 0.1360
123 1356 0.1164
123 1357 0.0680
123 1358 0.0947
123 1360 0.0901
123 1361 0.1044
123 1362 0.1062
123 1363 0.2162
123 1364 0.0995
123 1366 0.0895
123 1367 0.2397
123 1368 0.3188
123 1369 0.6703
123 1370 0.2370
123 1371 0.0314
123 1372 0.1823
123 1373 0.3935
123 1374 0.0623
123 1375 0.1067
123 1376 0.0872
123 1377 0.1261
123 1378 0.0972
123 1379 0.2127
123 1380 0.1518
123 1381 0.2133
123 1382 0.3361
123 1383 0.0434
123 1385 0.0784
123 1386 0.3033
123 1387 0.2359
123 1388 0.3258
123 1389 0.0450
123 1390 0.1979
123 1393 0.0498
123 1394 0.1623
123 1395 0.0503
123 1396 0.1978
123 1397 0.2168
123 1398 0.1923
123 1399 0.0596
123 1401 0.0755
123 1402 0.1006
123 1405 0.2273
123 1406 0.1968
123 1407 0.1384
123 1408 0.0790
123 1409 0.1859
123 1410 0.0789
123 1411 0.0905
123 1412 0.0778
123 1413 0.0567
123 1414 0.0788
123 1415 0.1292
123 1416 0.1058
123 1418 0.0881
123 1419 0.2453
123 1420 0.5865
123 1421 0.2093
123 1422 0.0462
123 1423 0.0527
123 1424 0.0673
123 1425 0.1478
123 1426 0.5903
123 1427 0.0531
123 1428 0.0687
123 1431 0.1801
123 1433 0.0799
123 1434 0.4997
123 1435 0.2879
123 1436 0.0737
123 1437 0.0912
123 1438 0.0572
123 1439 0.1329
123 1440 0.3011
123 1441 0.1674
123 1445 0.1337
123 1446 0.0430
123 1448 0.5046
123 1449 0.5785
123 1451 0.6850
123 1452 0.8137
123 1453 0.1837
123 1454 0.3637
123 1456 0.7582
123 1457 0.5583
123 1458 0.1244
123 1459 0.4481
123 1460 0.8000
123 1461 0.1568
123 1462 0.5980
123 1463 0.4906
123 1464 0.7509
123 1465 0.2579
123 1466 0.7285
123 1468 0.1385
123 1470 0.6278
123 1472 0.4277
123 1473 0.3427
123 1474 0.5904
123 1475 0.6586
123 1476 0.0992
123 1477 0.1628
123 1478 0.4839
123 1479 0.7723
123 1480 0.3547
123 1481 0.1119
123 1482 0.6603
123 1484 0.2128
123 1485 0.7521
123 1487 0.6783
123 1488 0.1099
123 1490 0.7257
123 1491 0.7604
123 1493 0.7108
123 1494 0.7031
123 1496 0.5583
123 1497 0.5709
123 1498 0.1558
123 1499 0.4848
123 1500 0.5636
123 1501 0.3282
123 1503 0.7624
123 1504 0.7865
123 1505 0.3702
123 1506 0.3769
123 1507 0.7372
123 1508 0.1558
123 1510 0.6308
123 1511 0.5492
123 1512 0.4816
123 1513 0.0715
123 1515 0.6000
123 1516 0.6205
123 1517 0.6786
123 1518 0.6139
123 1519 0.1200
123 1520 0.5387
123 1522 0.1213
123 1523 0.1042
123 1525 0.0482
123 1526 0.1308
123 1527 0.3243
123 1528 0.2091
123 1529 0.4814
123 1530 0.2875
123 1531 0.0903
123 1532 0.1330
123 1534 0.0405
123 1535 0.2010
123 1536 0.1261
123 1538 0.1381
123 1540 0.0816
123 1541 0.2960
123 1542 0.1126
123 1544 0.0646
123 1545 0.1099
123 1546 0.0996
123 1547 0.0508
123 1548 0.0905
123 1549 0.0289
123 1550 0.0755
123 1551 0.2120
123 1552 0.1855
123 1554 0.0579
123 1555 0.1418
123 1556 0.1418
123 1557 0.0976
123 1560 0.0563
123 1562 0.0995
123 1565 0.0526
123 1566 0.0764
123 1567 0.1100
123 1568 0.0735
123 1569 0.2251
123 1570 0.0801
123 1571 0.1615
123 1572 0.1957
123 1573 0.1049
123 1574 0.1146
123 1575 0.1113
123 1576 0.0680
123 1577 0.2402
123 1578 0.0469
123 1579 0.2785
123 1580 0.2503
123 1581 0.1216
123 1582 0.1464
123 1583 0.1051
123 1584 0.1625
123 1585 0.1687
123 1586 0.0469
123 1587 0.0782
123 1588 0.1987
123 1589 0.0434
123 1590 0.0782
123 1591 0.1267
123 1592 0.0817
123 1593 0.1468
123 1595 0.3351
123 1596 0.1346
123 1598 0.0770
123 1599 0.2204
123 1600 0.0903
123 1601 0.0578
123 1602 0.0648
123 1603 0.1599
123 1604 0.1481
123 1605 0.1835
123 1606 0.2423
123 1607 0.0764
123 1608 0.2306
123 1609 0.1194
123 1610 0.0369
123 1611 0.1020
123 1612 0.0748
123 1613 0.3936
123 1614 0.1890
123 1615 0.1015
123 1616 0.1279
123 1618 0.8112
123 1619 0.2447
123 1620 0.1664
123 1621 0.3659
123 1622 0.4059
123 1623 0.1670
123 1624 0.3000
123 1625 0.1076
123 1626 0.0538
123 1627 0.0846
123 1628 0.0749
123 1629 0.1528
123 1630 0.0549
123 1631 0.2921
123 1632 0.1026
123 1633 0.3405
123 1634 0.0719
123 1636 0.4195
123 1637 0.0758
123 1638 0.1819
123 1639 0.1174
123 1640 0.1644
123 1641 0.1074
123 1643 0.0903
123 1644 0.0872
123 1645 0.0770
123 1646 0.0914
123 1647 0.0680
123 1648 0.1854
123 1649 0.1029
123 1650 0.1737
123 1651 0.1536
123 1652 0.0624
123 1653 0.3510
123 1654 0.0706
123 1655 0.2912
123 1657 0.0903
123 1658 0.0922
123 1659 0.1154
123 1660 0.0627
123 1661 0.3093
123 1662 0.1429
123 1663 0.1583
123 1664 0.1003
123 1665 0.1067
123 1666 0.0718
123 1667 0.2132
123 1668 0.0725
123 1669 0.1357
123 1670 0.0718
123 1671 0.0559
123 1672 0.0691
123 1673 0.0884
123 1674 0.1867
123 1675 0.0903
123 1676 0.1571
123 1677 0.2453
123 1678 0.3075
123 1679 0.1166
123 1680 0.1332
123 1681 0.1548
123 1682 0.0918
123 1683 0.3518
123 1684 0.0810
123 1685 0.1650
123 1686 0.1180
123 1687 0.0699
123 1688 0.1364
123 1689 0.6507
123 1690 0.0813
123 1691 0.3025
123 1692 0.1947
123 1693 0.0429
123 1694 0.1056
123 1695 0.0797
123 1696 0.0701
123 1697 0.2632
123 1698 0.0724
123 1699 0.0904
123 1700 0.4710
123 1701 0.0524
123 1702 0.0532
123 1703 0.1175
123 1704 0.2295
123 1705 0.0552
123 1706 0.0665
123 1707 0.3124
123 1708 0.0813
123 1709 0.0940
123 1710 0.0718
123 1711 0.1433
123 1712 0.5158
123 1713 0.1014
123 1714 0.2191
123 1715 0.0466
123 1716 0.0465
123 1717 0.5179
123 1718 0.0414
123 1719 0.0906
123 1720 0.0897
123 1721 0.2499
123 1722 0.1313
123 1723 0.2846
123 1724 0.0729
123 1725 0.0555
123 1726 0.0718
123 1728 0.1372
123 1729 0.0882
124 125 0.1635
124 126 0.6129
124 127 0.1496
124 128 0.1291
124 129 0.1589
124 130 0.5926
124 131 0.0439
124 132 0.0801
124 133 0.0823
124 134 0.1685
124 135 0.0443
124 136 0.4963
124 137 0.6818
124 138 0.1468
124 139 0.0519
124 140 0.2740
124 142 0.2404
124 143 0.8969
124 144 0.0789
124 145 0.2308
124 146 0.2956
124 147 0.0738
124 148 0.1372
124 149 0.1978
124 150 0.3141
124 151 0.1156
124 152 0.8277
124 153 0.7446
124 154 0.8970
124 156 0.1340
124 157 0.2260
124 158 0.0951
124 159 0.0958
124 160 0.2894
124 161 0.0385
124 162 0.2494
124 163 0.0453
124 164 0.1569
124 165 0.0826
124 166 0.0899
124 167 0.2834
124 168 0.1523
124 169 0.0756
124 170 0.7175
124 171 0.5239
124 172 0.2097
124 173 0.2837
124 174 0.0578
124 175 0.7417
124 176 0.2693
124 177 0.1306
124 178 0.7673
124 179 0.2896
124 180 0.0795
124 181 0.0415
124 182 0.1036
124 183 0.0433
124 184 0.7582
124 185 0.1198
124 186 0.0824
124 187 0.2915
124 188 0.0579
124 189 0.0287
124 190 0.0812
124 191 0.0407
124 192 0.1760
124 193 0.7692
124 194 0.4422
124 195 0.0614
124 196 0.0656
124 197 0.8145
124 198 0.0984
124 199 0.3679
124 200 0.0872
124 201 0.1578
124 202 0.0633
124 203 0.7085
124 204 0.2294
124 206 0.3045
124 207 0.1009
124 208 0.2667
124 209 0.6548
124 210 0.1475
124 211 0.0662
124 212 0.7217
124 213 0.0965
124 214 0.3581
124 215 0.9206
124 216 0.3489
124 217 0.4701
124 218 0.0328
124 219 0.0386
124 220 0.0653
124 221 0.0943
124 222 0.0606
124 223 0.6128
124 224 0.0643
124 225 0.0820
124 226 0.0882
124 227 0.0467
124 228 0.4035
124 229 0.1024
124 230 0.9397
124 231 0.1210
124 232 0.1119
124 233 0.6001
124 234 0.0915
124 235 0.5116
124 236 0.8508
124 237 0.2991
124 238 0.8352
124 239 0.0858
124 240 0.1291
124 241 0.0972
124 242 0.0972
124 243 0.0334
124 244 0.0865
124 245 0.2794
124 246 0.1108
124 247 0.1999
124 248 0.0328
124 249 0.1056
124 250 0.0690
124 251 0.1705
124 252 0.0679
124 253 0.3009
124 254 0.1066
124 255 0.1735
124 256 0.1492
124 257 0.1044
124 258 0.1400
124 259 0.1419
124 260 0.1038
124 261 0.1682
124 262 0.0358
124 263 0.1659
124 264 0.0752
124 265 0.3417
124 266 0.0985
124 267 0.1084
124 268 0.2036
124 269 0.3169
124 270 0.1905
124 271 0.0253
124 272 0.4514
124 273 0.0443
124 274 0.2507
124 275 0.0691
124 276 0.4243
124 277 0.3852
124 278 0.0313
124 279 0.0393
124 280 0.0804
124 281 0.1303
124 282 0.0882
124 283 0.2307
124 284 0.1404
124 285 0.1254
124 286 0.2247
124 287 0.0794
124 288 0.0528
124 289 0.0326
124 290 0.1700
124 291 0.5158
124 292 0.3999
124 293 0.1136
124 294 0.5747
124 295 0.0452
124 296 0.5783
124 297 0.0566
124 298 0.0933
124 299 0.0443
124 300 0.0413
124 301 0.0721
124 302 0.1766
124 303 0.0512
124 304 0.2190
124 305 0.1978
124 306 0.2271
124 307 0.1340
124 308 0.2251
124 309 0.1632
124 310 0.5271
124 311 0.0900
124 312 0.0638
124 313 0.1222
124 314 0.0722
124 315 0.2922
124 316 0.0377
124 317 0.1423
124 318 0.0881
124 319 0.7086
124 320 0.4152
124 321 0.4558
124 322 0.0901
124 323 0.1934
124 324 0.3735
124 325 0.0392
124 326 0.3625
124 327 0.1504
124 328 0.0340
124 329 0.1805
124 330 0.1201
124 331 0.1067
124 332 0.0432
124 333 0.1178
124 334 0.1001
124 335 0.0601
124 336 0.1695
124 337 0.1243
124 338 0.2192
124 339 0.0379
124 340 0.1113
124 341 0.0744
124 342 0.0685
124 343 0.2157
124 344 0.0570
124 345 0.0708
124 346 0.1122
124 347 0.7593
124 348 0.7197
124 349 0.0465
124 350 0.1431
124 351 0.0484
124 352 0.1401
124 353 0.0513
124 354 0.1183
124 355 0.1846
124 356 0.0428
124 357 0.1577
124 358 0.1583
124 359 0.0373
124 360 0.1410
124 361 0.0933
124 362 0.0473
124 363 0.0466
124 364 0.1947
124 366 0.1489
124 367 0.1889
124 368 0.0578
124 369 0.0588
124 370 0.2115
124 371 0.4887
124 372 0.0273
124 373 0.3503
124 374 0.0591
124 375 0.7623
124 376 0.4596
124 377 0.0519
124 378 0.0774
124 379 0.7466
124 380 0.3017
124 381 0.0719
124 382 0.0653
124 383 0.4716
124 384 0.0272
124 385 0.3255
124 386 0.1643
124 387 0.4361
124 388 0.1251
124 389 0.2137
124 390 0.2339
124 391 0.3068
124 392 0.0648
124 393 0.1205
124 394 0.0940
124 395 0.3306
124 396 0.4799
124 397 0.4615
124 398 0.0636
124 399 0.7928
124 400 0.1037
124 402 0.0639
124 403 0.2617
124 404 0.0392
124 405 0.1347
124 406 0.2727
124 407 0.0756
124 408 0.2938
124 409 0.3370
124 410 0.0742
124 411 0.3331
124 412 0.7740
124 413 0.1058
124 414 0.1056
124 415 0.2609
124 416 0.1282
124 418 0.5946
124 419 0.0899
124 420 0.1722
124 421 0.1215
124 422 0.0282
124 423 0.5037
124 424 0.2596
124 425 0.4370
124 427 0.2966
124 428 0.2351
124 429 0.2461
124 430 0.1353
124 431 0.0738
124 432 0.0447
124 433 0.1998
124 434 0.3035
124 435 0.2236
124 436 0.5304
124 437 0.0852
124 438 0.8841
124 439 0.0407
124 440 0.1034
124 441 0.1526
124 442 0.1759
124 443 0.0599
124 444 0.0653
124 445 0.0641
124 447 0.1746
124 448 0.0694
124 449 0.8230
124 450 0.0739
124 451 0.1807
124 452 0.0394
124 453 0.0308
124 454 0.5005
124 455 0.4656
124 456 0.4140
124 457 0.4017
124 458 0.0960
124 459 0.1325
124 460 0.2003
124 461 0.0895
124 462 0.0801
124 463 0.4372
124 464 0.5748
124 465 0.0874
124 466 0.4339
124 467 0.1030
124 468 0.0741
124 469 0.5292
124 470 0.7375
124 471 0.0911
124 472 0.0252
124 474 0.2001
124 475 0.2403
124 476 0.0556
124 478 0.0633
124 479 0.0727
124 480 0.0699
124 481 0.0636
124 482 0.1611
124 484 0.6690
124 485 0.0371
124 486 0.1044
124 487 0.1038
124 488 0.3644
124 489 0.0751
124 490 0.0287
124 491 0.0419
124 492 0.5556
124 493 0.0432
124 494 0.0385
124 495 0.5060
124 496 0.3393
124 497 0.1080
124 498 0.0499
124 499 0.6178
124 500 0.0804
124 501 0.0381
124 503 0.3399
124 504 0.0529
124 505 0.4040
124 506 0.1134
124 507 0.0333
124 508 0.1788
124 509 0.0703
124 510 0.1007
124 511 0.4078
124 512 0.2360
124 513 0.2812
124 514 0.7581
124 515 0.3807
124 516 0.2080
124 517 0.0963
124 518 0.0618
124 519 0.0564
124 520 0.0403
124 521 0.0701
124 522 0.1107
124 523 0.0409
124 524 0.1725
124 525 0.1030
124 526 0.0901
124 527 0.4613
124 528 0.3570
124 529 0.1066
124 530 0.5104
124 531 0.1929
124 532 0.0536
124 533 0.1386
124 534 0.0377
124 535 0.0955
124 536 0.0412
124 537 0.1794
124 538 0.2377
124 539 0.3419
124 540 0.3030
124 541 0.2988
124 542 0.2779
124 543 0.0705
124 544 0.1464
124 545 0.1301
124 546 0.2962
124 547 0.1097
124 548 0.0712
124 549 0.1353
124 550 0.0582
124 551 0.0466
124 552 0.2812
124 553 0.3254
124 554 0.0696
124 555 0.5938
124 556 0.0449
124 557 0.3046
124 558 0.2926
124 559 0.0339
124 560 0.0338
124 561 0.3885
124 562 0.0501
124 563 0.9038
124 564 0.1167
124 565 0.1612
124 566 0.0512
124 567 0.2999
124 568 0.0973
124 569 0.0303
124 570 0.5421
124 571 0.5271
124 572 0.5546
124 573 0.0885
124 574 0.3941
124 575 0.0804
124 576 0.4710
124 577 0.2035
124 578 0.0570
124 579 0.6399
124 580 0.1342
124 581 0.1343
124 582 0.0563
124 583 0.0371
124 584 0.5397
124 585 0.1934
124 586 0.1221
124 587 0.2428
124 589 0.1693
124 590 0.2406
124 591 0.1071
124 592 0.5592
124 593 0.3933
124 594 0.1682
124 595 0.0921
124 598 0.0492
124 599 0.0785
124 600 0.0560
124 601 0.5593
124 602 0.1004
124 604 0.0470
124 605 0.0919
124 606 0.3089
124 607 0.1033
124 608 0.3827
124 609 0.0483
124 610 0.0546
124 611 0.1059
124 612 0.1225
124 613 0.0655
124 614 0.5905
124 616 0.1467
124 617 0.0465
124 618 0.0664
124 619 0.1801
124 620 0.0443
124 621 0.6982
124 622 0.0783
124 623 0.2735
124 624 0.0705
124 625 0.3877
124 626 0.0952
124 627 0.7040
124 628 0.2041
124 629 0.2340
124 630 0.0522
124 631 0.0771
124 632 0.4082
124 633 0.5911
124 634 0.1668
124 635 0.1968
124 636 0.1830
124 637 0.1577
124 638 0.0718
124 639 0.1305
124 640 0.0799
124 641 0.4001
124 642 0.0859
124 643 0.1531
124 644 0.2071
124 645 0.1046
124 646 0.0853
124 647 0.1044
124 648 0.0641
124 649 0.0375
124 650 0.6185
124 651 0.2939
124 652 0.3963
124 653 0.1927
124 654 0.2329
124 655 0.2519
124 656 0.5154
124 657 0.1200
124 658 0.4333
124 659 0.0522
124 660 0.0635
124 661 0.0700
124 662 0.1768
124 663 0.1326
124 664 0.2071
124 665 0.3068
124 666 0.0574
124 667 0.0970
124 668 0.2100
124 669 0.1287
124 670 0.1091
124 671 0.2291
124 672 0.0740
124 673 0.0479
124 674 0.0686
124 675 0.3574
124 676 0.1609
124 677 0.0864
124 678 0.1138
124 679 0.3092
124 680 0.0945
124 681 0.0452
124 682 0.0444
124 683 0.3304
124 684 0.3978
124 685 0.2759
124 686 0.2265
124 687 0.3616
124 688 0.0736
124 689 0.3052
124 690 0.0490
124 691 0.2323
124 692 0.0687
124 693 0.2001
124 694 0.0698
124 695 0.2002
124 696 0.0834
124 697 0.1024
124 698 0.1320
124 699 0.1663
124 700 0.0780
124 701 0.0739
124 702 0.3666
124 703 0.5089
124 704 0.3690
124 705 0.0876
124 706 0.0468
124 707 0.1915
124 708 0.0966
124 709 0.1217
124 710 0.0782
124 711 0.2464
124 712 0.0406
124 713 0.0682
124 714 0.4088
124 715 0.1564
124 716 0.2331
124 717 0.0505
124 718 0.1388
124 720 0.0444
124 721 0.1549
124 722 0.0299
124 723 0.3606
124 724 0.0842
124 725 0.0751
124 726 0.5911
124 727 0.3403
124 728 0.3511
124 729 0.3900
124 730 0.1044
124 731 0.1923
124 732 0.7518
124 733 0.1047
124 734 0.1587
124 735 0.1114
124 736 0.1193
124 737 0.1944
124 738 0.1145
124 740 0.7405
124 741 0.3368
124 742 0.6033
124 743 0.1153
124 744 0.5627
124 745 0.3176
124 746 0.2877
124 747 0.1269
124 748 0.1350
124 749 0.0311
124 750 0.7768
124 751 0.5805
124 752 0.8726
124 753 0.1429
124 754 0.3336
124 755 0.3802
124 756 0.0353
124 757 0.1379
124 758 0.1081
124 759 0.0813
124 760 0.0287
124 761 0.4907
124 762 0.1416
124 763 0.1350
124 764 0.0436
124 765 0.0623
124 766 0.0525
124 767 0.4409
124 768 0.2763
124 769 0.1102
124 770 0.2548
124 771 0.0445
124 772 0.2062
124 773 0.0550
124 774 0.0699
124 775 0.3408
124 776 0.4349
124 777 0.0901
124 778 0.1784
124 780 0.1040
124 781 0.2166
124 782 0.1369
124 783 0.3310
124 784 0.0486
124 785 0.0729
124 786 0.0712
124 787 0.2435
124 788 0.3579
124 789 0.3699
124 791 0.2359
124 792 0.0437
124 793 0.7748
124 794 0.0951
124 795 0.0895
124 796 0.2454
124 797 0.1119
124 798 0.0850
124 799 0.4568
124 800 0.3560
124 801 0.1054
124 802 0.0448
124 803 0.0440
124 804 0.1079
124 805 0.5281
124 806 0.0711
124 807 0.1669
124 808 0.2455
124 809 0.1148
124 810 0.0787
124 811 0.0483
124 812 0.1283
124 813 0.4662
124 814 0.1855
124 815 0.0944
124 816 0.1998
124 817 0.0705
124 818 0.0683
124 819 0.0723
124 821 0.3833
124 822 0.0490
124 823 0.2444
124 824 0.1075
124 825 0.5456
124 827 0.4284
124 828 0.6494
124 829 0.4813
124 830 0.1461
124 831 0.3537
124 832 0.3933
124 833 0.0873
124 834 0.1209
124 835 0.0776
124 836 0.1298
124 837 0.1691
124 838 0.3798
124 839 0.0686
124 840 0.1215
124 841 0.6454
124 842 0.0446
124 843 0.2013
124 844 0.0546
124 845 0.7422
124 846 0.3270
124 848 0.2540
124 849 0.4390
124 850 0.2687
124 851 0.9510
124 852 0.0775
124 854 0.0651
124 855 0.1835
124 856 0.2339
124 857 0.3561
124 858 0.6242
124 859 0.0718
124 860 0.0557
124 861 0.1377
124 862 0.0512
124 864 0.3245
124 865 0.0477
124 866 0.1144
124 867 0.2829
124 868 0.1082
124 869 0.0446
124 870 0.1996
124 871 0.0400
124 872 0.7645
124 873 0.0775
124 874 0.0962
124 875 0.0470
124 876 0.0973
124 877 0.0604
124 878 0.1283
124 880 0.1402
124 881 0.0485
124 882 0.2770
124 883 0.4734
124 884 0.3525
124 885 0.0570
124 886 0.0742
124 887 0.5204
124 889 0.0942
124 890 0.0563
124 891 0.1982
124 892 0.0566
124 893 0.2019
124 894 0.2514
124 895 0.6133
124 896 0.1910
124 897 0.0974
124 898 0.0438
124 899 0.0407
124 900 0.0455
124 901 0.1171
124 903 0.0786
124 905 0.1373
124 906 0.1675
124 907 0.0679
124 908 0.2134
124 909 0.5446
124 910 0.1044
124 911 0.0801
124 912 0.0411
124 913 0.1029
124 914 0.0774
124 915 0.1672
124 916 0.1412
124 917 0.0801
124 918 0.2439
124 919 0.5214
124 920 0.3217
124 921 0.3792
124 922 0.1060
124 924 0.1961
124 925 0.0882
124 928 0.1753
124 929 0.3437
124 930 0.5191
124 932 0.1145
124 933 0.2024
124 934 0.0754
124 935 0.4065
124 936 0.1365
124 937 0.1752
124 938 0.0303
124 939 0.0760
124 940 0.5621
124 941 0.0868
124 942 0.3307
124 943 0.1318
124 944 0.1699
124 946 0.6663
124 947 0.4822
124 948 0.0654
124 950 0.3833
124 951 0.0584
124 952 0.6975
124 953 0.8448
124 954 0.0829
124 955 0.0558
124 956 0.2423
124 957 0.3491
124 958 0.1791
124 959 0.2629
124 960 0.9522
124 961 0.0896
124 962 0.0444
124 963 0.1772
124 964 0.5242
124 965 0.4771
124 966 0.1678
124 967 0.1038
124 968 0.0976
124 969 0.3748
124 971 0.3122
124 972 0.5367
124 973 0.5917
124 974 0.9804
124 975 0.1715
124 976 0.0324
124 977 0.1214
124 978 0.2758
124 979 0.7737
124 980 0.1137
124 981 0.1039
124 982 0.1238
124 983 0.0377
124 984 0.3301
124 985 0.0443
124 986 0.5050
124 987 0.5445
124 989 0.0855
124 990 0.2002
124 991 0.0892
124 992 0.2141
124 993 0.8499
124 994 0.4540
124 995 0.7464
124 996 0.4433
124 998 0.1044
124 999 0.1155
124 1000 0.2743
124 1001 0.0405
124 1002 0.0423
124 1003 0.1614
124 1004 0.0346
124 1006 0.5605
124 1007 0.0426
124 1008 0.0775
124 1010 0.2436
124 1012 0.0909
124 1013 0.0699
124 1014 0.8718
124 1015 0.1188
124 1016 0.2597
124 1017 0.0987
124 1018 0.0402
124 1019 0.1532
124 1020 0.2787
124 1022 0.1960
124 1023 0.3914
124 1024 0.6475
124 1025 0.0532
124 1026 0.0757
124 1027 0.0992
124 1028 0.1116
124 1029 0.4071
124 1030 0.2989
124 1032 0.0742
124 1033 0.1234
124 1034 0.0481
124 1035 0.0740
124 1036 0.0318
124 1037 0.3052
124 1038 0.0698
124 1039 0.1564
124 1040 0.0518
124 1041 0.3358
124 1042 0.7244
124 1043 0.0842
124 1044 0.1160
124 1045 0.0985
124 1046 0.0710
124 1047 0.3476
124 1048 0.5868
124 1049 0.2863
124 1050 0.2148
124 1051 0.0528
124 1052 0.4425
124 1053 0.0417
124 1054 0.0515
124 1055 0.1066
124 1056 0.5467
124 1057 0.1096
124 1058 0.0525
124 1059 0.0549
124 1060 0.0329
124 1061 0.6202
124 1062 0.0587
124 1063 0.1162
124 1064 0.2751
124 1065 0.3121
124 1066 0.1441
124 1067 0.1237
124 1068 0.6242
124 1069 0.1600
124 1070 0.5589
124 1071 0.0877
124 1072 0.0417
124 1075 0.0884
124 1076 0.0921
124 1077 0.0862
124 1078 0.0574
124 1079 0.7709
124 1080 0.1061
124 1081 0.0749
124 1082 0.3781
124 1083 0.5177
124 1084 0.3010
124 1085 0.4724
124 1087 0.3275
124 1089 0.0608
124 1090 0.3766
124 1092 0.0463
124 1093 0.1839
124 1094 0.0991
124 1095 0.0353
124 1096 0.0491
124 1097 0.1108
124 1099 0.6913
124 1102 0.0646
124 1103 0.1256
124 1104 0.4272
124 1105 0.6149
124 1106 0.5347
124 1107 0.0946
124 1108 0.2956
124 1109 0.1406
124 1110 0.1192
124 1111 0.0680
124 1113 0.0414
124 1115 0.0359
124 1116 0.0451
124 1117 0.0766
124 1118 0.3113
124 1119 0.4384
124 1120 0.0674
124 1121 0.0862
124 1122 0.0924
124 1123 0.2664
124 1124 0.0928
124 1125 0.2007
124 1126 0.2297
124 1127 0.1493
124 1128 0.3486
124 1129 0.4688
124 1130 0.2602
124 1131 0.0375
124 1132 0.0549
124 1133 0.0571
124 1134 0.1565
124 1135 0.4734
124 1136 0.0937
124 1138 0.3587
124 1139 0.0823
124 1141 0.3648
124 1142 0.2697
124 1143 0.2574
124 1144 0.0803
124 1145 0.0583
124 1146 0.3574
124 1147 0.3681
124 1148 0.0801
124 1149 0.1044
124 1150 0.5537
124 1151 0.0980
124 1152 0.3686
124 1153 0.2196
124 1154 0.7796
124 1155 0.1586
124 1156 0.2699
124 1157 0.0896
124 1158 0.2221
124 1159 0.1616
124 1160 0.0428
124 1161 0.3209
124 1162 0.0670
124 1163 0.0676
124 1165 0.2631
124 1166 0.1044
124 1167 0.0590
124 1169 0.3976
124 1170 0.0672
124 1172 0.2148
124 1174 0.4280
124 1176 0.0844
124 1177 0.1017
124 1178 0.1354
124 1180 0.5312
124 1181 0.2714
124 1182 0.1140
124 1183 0.1044
124 1184 0.1044
124 1185 0.4745
124 1186 0.1100
124 1187 0.3225
124 1188 0.0813
124 1189 0.2757
124 1191 0.2752
124 1192 0.4260
124 1193 0.4822
124 1194 0.3878
124 1195 0.2081
124 1196 0.1665
124 1197 0.1113
124 1198 0.0801
124 1199 0.1290
124 1200 0.1030
124 1201 0.3073
124 1202 0.0627
124 1203 0.1290
124 1204 0.1072
124 1205 0.0982
124 1206 0.2844
124 1207 0.3889
124 1208 0.3507
124 1209 0.1467
124 1210 0.2960
124 1211 0.2370
124 1212 0.0862
124 1213 0.0983
124 1214 0.2421
124 1215 0.1547
124 1216 0.2020
124 1217 0.0980
124 1218 0.1301
124 1219 0.0954
124 1220 0.4363
124 1221 0.2685
124 1222 0.1015
124 1223 0.0962
124 1225 0.4779
124 1226 0.3572
124 1227 0.0829
124 1228 0.2462
124 1229 0.2568
124 1230 0.1430
124 1231 0.0484
124 1233 0.1015
124 1234 0.1044
124 1235 0.2628
124 1236 0.2017
124 1237 0.1712
124 1238 0.2449
124 1239 0.1451
124 1240 0.2200
124 1241 0.0493
124 1242 0.1538
124 1243 0.0644
124 1244 0.1118
124 1245 0.1126
124 1246 0.3481
124 1247 0.1268
124 1248 0.0316
124 1249 0.0770
124 1250 0.1574
124 1251 0.2349
124 1252 0.1678
124 1253 0.5247
124 1254 0.4232
124 1255 0.3936
124 1256 0.5265
124 1257 0.1654
124 1258 0.6555
124 1259 0.5150
124 1260 0.8033
124 1262 0.4443
124 1263 0.6136
124 1265 0.6258
124 1266 0.2430
124 1267 0.1634
124 1268 0.6612
124 1269 0.6804
124 1270 0.6525
124 1271 0.6731
124 1272 0.5391
124 1273 0.6022
124 1274 0.2684
124 1275 0.8399
124 1276 0.4956
124 1278 0.4528
124 1279 0.6274
124 1280 0.4022
124 1281 0.1531
124 1282 0.0773
124 1283 0.0417
124 1284 0.0585
124 1286 0.2513
124 1287 0.0246
124 1288 0.1357
124 1289 0.0534
124 1290 0.0705
124 1291 0.0502
124 1292 0.0561
124 1293 0.0263
124 1295 0.0564
124 1296 0.0620
124 1297 0.1044
124 1298 0.0619
124 1299 0.0443
124 1300 0.0460
124 1301 0.0506
124 1302 0.1044
124 1303 0.0659
124 1304 0.0418
124 1305 0.0599
124 1306 0.0583
124 1307 0.0373
124 1308 0.1706
124 1309 0.0447
124 1310 0.0613
124 1311 0.0662
124 1312 0.1022
124 1313 0.1044
124 1315 0.0607
124 1316 0.3236
124 1318 0.0549
124 1320 0.0505
124 1322 0.0411
124 1323 0.1126
124 1324 0.1073
124 1325 0.0882
124 1326 0.0801
124 1327 0.0604
124 1328 0.4196
124 1329 0.1039
124 1330 0.1027
124 1331 0.1484
124 1332 0.0904
124 1333 0.1708
124 1334 0.1792
124 1335 0.1929
124 1336 0.1643
124 1338 0.1044
124 1339 0.2319
124 1340 0.0624
124 1341 0.0604
124 1342 0.1645
124 1343 0.1208
124 1344 0.3047
124 1345 0.1933
124 1347 0.0918
124 1348 0.0573
124 1349 0.2809
124 1350 0.2364
124 1351 0.1007
124 1352 0.0958
124 1353 0.2137
124 1355 0.1419
124 1356 0.0679
124 1357 0.1007
124 1358 0.4102
124 1360 0.0685
124 1361 0.2809
124 1362 0.1019
124 1363 0.0873
124 1364 0.2419
124 1366 0.0686
124 1367 0.1924
124 1368 0.2612
124 1369 0.6015
124 1370 0.2679
124 1371 0.0844
124 1372 0.2086
124 1373 0.1033
124 1374 0.0943
124 1375 0.2461
124 1376 0.0679
124 1377 0.1416
124 1378 0.1365
124 1379 0.1062
124 1380 0.1170
124 1381 0.1115
124 1382 0.2686
124 1383 0.0895
124 1385 0.0919
124 1386 0.6912
124 1387 0.7604
124 1388 0.6242
124 1389 0.5656
124 1390 0.3256
124 1393 0.1978
124 1394 0.6281
124 1395 0.2760
124 1396 0.2347
124 1397 0.7144
124 1398 0.3442
124 1399 0.4973
124 1401 0.4292
124 1402 0.6872
124 1405 0.6529
124 1406 0.6233
124 1407 0.3540
124 1408 0.4990
124 1409 0.0437
124 1410 0.4058
124 1411 0.1932
124 1412 0.2254
124 1413 0.4024
124 1414 0.1968
124 1415 0.3878
124 1416 0.5066
124 1418 0.1417
124 1419 0.5898
124 1420 0.1125
124 1421 0.4238
124 1422 0.1222
124 1423 0.2477
124 1424 0.2490
124 1425 0.2848
124 1426 0.4399
124 1427 0.3800
124 1428 0.2533
124 1431 0.2484
124 1433 0.2905
124 1434 0.9746
124 1435 0.8639
124 1436 0.3297
124 1437 0.3511
124 1438 0.3361
124 1439 0.4870
124 1440 0.6122
124 1441 0.4456
124 1445 0.1961
124 1446 0.3020
124 1448 0.2126
124 1449 0.0834
124 1451 0.1240
124 1452 0.1657
124 1453 0.0730
124 1454 0.1206
124 1456 0.1275
124 1457 0.0726
124 1458 0.0862
124 1459 0.1092
124 1460 0.1029
124 1461 0.0584
124 1462 0.1225
124 1463 0.1860
124 1464 0.0804
124 1465 0.0899
124 1466 0.2854
124 1468 0.0387
124 1470 0.0869
124 1472 0.0740
124 1473 0.0603
124 1474 0.1196
124 1475 0.0782
124 1476 0.2386
124 1477 0.0444
124 1478 0.0699
124 1479 0.0912
124 1480 0.1171
124 1481 0.0759
124 1482 0.1005
124 1484 0.3307
124 1485 0.1838
124 1487 0.2970
124 1488 0.1044
124 1490 0.0819
124 1491 0.0808
124 1493 0.0926
124 1494 0.1116
124 1496 0.0697
124 1497 0.1774
124 1498 0.0604
124 1499 0.0378
124 1500 0.1449
124 1501 0.1181
124 1503 0.2109
124 1504 0.1141
124 1505 0.3249
124 1506 0.0584
124 1507 0.2196
124 1508 0.0604
124 1510 0.1393
124 1511 0.0792
124 1512 0.2140
124 1513 0.0489
124 1515 0.0902
124 1516 0.1501
124 1517 0.1010
124 1518 0.0887
124 1519 0.0314
124 1520 0.2233
124 1522 0.0983
124 1523 0.0638
124 1525 0.0452
124 1526 0.0340
124 1527 0.1121
124 1528 0.0566
124 1529 0.2782
124 1530 0.1157
124 1531 0.0801
124 1532 0.3117
124 1534 0.0456
124 1535 0.0768
124 1536 0.0863
124 1538 0.0433
124 1540 0.1342
124 1541 0.1211
124 1542 0.0502
124 1544 0.0456
124 1545 0.1044
124 1546 0.0521
124 1547 0.0668
124 1548 0.0399
124 1549 0.0366
124 1550 0.0801
124 1551 0.0455
124 1552 0.0569
124 1554 0.0503
124 1555 0.0582
124 1556 0.0582
124 1557 0.0549
124 1560 0.0392
124 1562 0.1842
124 1565 0.0585
124 1566 0.1907
124 1567 0.0578
124 1568 0.0813
124 1569 0.4132
124 1570 0.1485
124 1571 0.1659
124 1572 0.1595
124 1573 0.0890
124 1574 0.1157
124 1575 0.3636
124 1576 0.0483
124 1577 0.3745
124 1578 0.2329
124 1579 0.1198
124 1580 0.1704
124 1581 0.1373
124 1582 0.1485
124 1583 0.2264
124 1584 0.2363
124 1585 0.3355
124 1586 0.1144
124 1587 0.2345
124 1588 0.2411
124 1589 0.0895
124 1590 0.2023
124 1591 0.1987
124 1592 0.1369
124 1593 0.1438
124 1595 0.0530
124 1596 0.3288
124 1598 0.0686
124 1599 0.0988
124 1600 0.1432
124 1601 0.1084
124 1602 0.2651
124 1603 0.0856
124 1604 0.0944
124 1605 0.0604
124 1606 0.1076
124 1607 0.1093
124 1608 0.2527
124 1609 0.0687
124 1610 0.1184
124 1611 0.0992
124 1612 0.0994
124 1613 0.2838
124 1614 0.1179
124 1615 0.2198
124 1616 0.1876
124 1618 0.7462
124 1619 0.2286
124 1620 0.1706
124 1621 0.2773
124 1622 0.4639
124 1623 0.1483
124 1624 0.1127
124 1625 0.2936
124 1626 0.3092
124 1627 0.0669
124 1628 0.1085
124 1629 0.1828
124 1630 0.0873
124 1631 0.0512
124 1632 0.1024
124 1633 0.0732
124 1634 0.1197
124 1636 0.0710
124 1637 0.2035
124 1638 0.1159
124 1639 0.1263
124 1640 0.1066
124 1641 0.1072
124 1643 0.0534
124 1644 0.0679
124 1645 0.0797
124 1646 0.3456
124 1647 0.0753
124 1648 0.2029
124 1649 0.1760
124 1650 0.1548
124 1651 0.0849
124 1652 0.0512
124 1653 0.5543
124 1654 0.1069
124 1655 0.2907
124 1657 0.0801
124 1658 0.1030
124 1659 0.1539
124 1660 0.0547
124 1661 0.5111
124 1662 0.3023
124 1663 0.3909
124 1664 0.5628
124 1665 0.2606
124 1666 0.0829
124 1667 0.2156
124 1668 0.7540
124 1669 0.5196
124 1670 0.0829
124 1671 0.2707
124 1672 0.1368
124 1673 0.2066
124 1674 0.5064
124 1675 0.1207
124 1676 0.7313
124 1677 0.3731
124 1678 0.6694
124 1679 0.5790
124 1680 0.1748
124 1681 0.1550
124 1682 0.1571
124 1683 0.5770
124 1684 0.1198
124 1685 0.2873
124 1686 0.3951
124 1687 0.4252
124 1688 0.2585
124 1689 0.9909
124 1690 0.2949
124 1691 0.5952
124 1692 0.7401
124 1693 0.2484
124 1694 0.7144
124 1695 0.1189
124 1696 0.2055
124 1697 0.3973
124 1698 0.6654
124 1699 0.2643
124 1700 0.3494
124 1701 0.3022
124 1702 0.3652
124 1703 0.0686
124 1704 0.3352
124 1705 0.3561
124 1706 0.3961
124 1707 0.5987
124 1708 0.3548
124 1709 0.3125
124 1710 0.0829
124 1711 0.3052
124 1712 0.9926
124 1713 0.5152
124 1714 0.3381
124 1715 0.1745
124 1716 0.2294
124 1717 0.9805
124 1718 0.1635
124 1719 0.3529
124 1720 0.5403
124 1721 0.4248
124 1722 0.1531
124 1723 0.1881
124 1724 0.1969
124 1725 0.3139
124 1726 0.0829
124 1728 0.2627
124 1729 0.1612
125 126 0.6437
125 127 0.2856
125 128 0.7020
125 129 0.3303
125 130 0.3190
125 131 0.1544
125 132 0.2273
125 133 0.6311
125 134 0.8417
125 135 0.3440
125 136 0.2851
125 137 0.1723
125 138 0.1543
125 139 0.7220
125 140 0.7257
125 142 0.3554
125 143 0.2131
125 144 0.7755
125 145 0.7629
125 146 0.5146
125 147 0.6302
125 148 0.5725
125 149 0.1709
125 150 0.1528
125 151 0.5950
125 152 0.3678
125 153 0.4355
125 154 0.1955
125 156 0.2211
125 157 0.6103
125 158 0.7663
125 159 0.3730
125 160 0.9282
125 161 0.3114
125 162 0.9694
125 163 0.6474
125 164 0.7615
125 165 0.6708
125 166 0.7000
125 167 0.5804
125 168 0.4332
125 169 0.7173
125 170 0.3830
125 171 0.2821
125 172 0.3959
125 173 0.1103
125 174 0.5270
125 175 0.2425
125 176 0.7305
125 177 0.6924
125 178 0.3418
125 179 0.7385
125 180 0.1274
125 181 0.1541
125 182 0.7084
125 183 0.1419
125 184 0.4461
125 185 0.4191
125 186 0.2160
125 187 0.6309
125 188 0.1202
125 189 0.7110
125 190 0.5296
125 191 0.2523
125 192 0.5537
125 193 0.2770
125 194 0.8644
125 195 0.6895
125 196 0.6732
125 197 0.2852
125 198 0.2332
125 199 0.2990
125 200 0.2228
125 201 0.3501
125 202 0.2295
125 203 0.1195
125 204 0.2420
125 206 0.9158
125 207 0.6079
125 208 0.1425
125 209 0.1887
125 210 0.2796
125 211 0.1983
125 212 0.2482
125 213 0.6401
125 214 0.0979
125 215 0.2028
125 216 0.3622
125 217 0.3408
125 218 0.1748
125 219 0.0940
125 220 0.4129
125 221 0.6870
125 222 0.2068
125 223 0.5519
125 224 0.1022
125 225 0.6797
125 226 0.3201
125 227 0.5471
125 228 0.7931
125 229 0.5965
125 230 0.4164
125 231 0.4759
125 232 0.3547
125 233 0.1580
125 234 0.5833
125 235 0.8437
125 236 0.2406
125 237 0.1711
125 238 0.2897
125 239 0.1946
125 240 0.9174
125 241 0.6231
125 242 0.1781
125 243 0.3945
125 244 0.5396
125 245 0.3637
125 246 0.7803
125 247 0.4586
125 248 0.2606
125 249 0.6349
125 250 0.1086
125 251 0.4008
125 252 0.2291
125 253 0.5948
125 254 0.2307
125 255 0.3007
125 256 0.7266
125 257 0.2166
125 258 0.3737
125 259 0.5384
125 260 0.7091
125 261 0.3476
125 262 0.2485
125 263 0.5170
125 264 0.8577
125 265 0.0752
125 266 0.3148
125 267 0.4613
125 268 0.4117
125 269 0.7218
125 270 0.4871
125 271 0.1025
125 272 0.1130
125 273 0.3440
125 274 0.6651
125 275 0.1639
125 276 0.7936
125 277 0.1126
125 278 0.1241
125 279 0.1116
125 280 0.4262
125 281 0.2339
125 282 0.3816
125 283 0.5622
125 284 0.5049
125 285 0.7859
125 286 0.8860
125 287 0.7999
125 288 0.4411
125 289 0.1035
125 290 0.9685
125 291 0.2095
125 292 0.4520
125 293 0.1095
125 294 0.2074
125 295 0.3517
125 296 0.3637
125 297 0.6694
125 298 0.6040
125 299 0.3440
125 300 0.1802
125 301 0.1727
125 302 0.1221
125 303 0.5149
125 304 0.1980
125 305 0.2772
125 306 0.7226
125 307 0.5150
125 308 0.6634
125 309 0.7441
125 310 0.1717
125 311 0.6431
125 312 0.1197
125 313 0.5261
125 314 0.1175
125 315 0.3595
125 316 0.1448
125 317 0.3686
125 318 0.6262
125 319 0.5031
125 320 0.1038
125 321 0.6266
125 322 0.3314
125 323 0.3031
125 324 0.3593
125 325 0.3375
125 326 0.1868
125 327 0.2783
125 328 0.2360
125 329 0.5260
125 330 0.2244
125 331 0.5573
125 332 0.5709
125 333 0.7141
125 334 0.1383
125 335 0.6256
125 336 0.5426
125 337 0.5816
125 338 0.5536
125 339 0.0688
125 340 0.3559
125 341 0.6234
125 342 0.1763
125 343 0.5192
125 344 0.1166
125 345 0.3449
125 346 0.5311
125 347 0.1193
125 348 0.2619
125 349 0.4883
125 350 0.7464
125 351 0.4147
125 352 0.6087
125 353 0.1236
125 354 0.7627
125 355 0.6630
125 356 0.1357
125 357 0.4473
125 358 0.7333
125 359 0.1362
125 360 0.4749
125 361 0.7561
125 362 0.7113
125 363 0.1605
125 364 0.3905
125 366 0.2510
125 367 0.5485
125 368 0.2293
125 369 0.1039
125 370 0.6062
125 371 0.0788
125 372 0.7133
125 373 0.2970
125 374 0.1072
125 375 0.1807
125 376 0.2408
125 377 0.2708
125 378 0.4695
125 379 0.2771
125 380 0.6023
125 381 0.6053
125 382 0.3102
125 383 0.7859
125 384 0.0927
125 385 0.2914
125 386 0.2145
125 387 0.3895
125 388 0.1222
125 389 0.2639
125 390 0.2893
125 391 0.3445
125 392 0.3682
125 393 0.6439
125 394 0.3925
125 395 0.1114
125 396 0.3054
125 397 0.1573
125 398 0.1750
125 399 0.5368
125 400 0.2897
125 402 0.0423
125 403 0.1858
125 404 0.4724
125 405 0.2071
125 406 0.6173
125 407 0.6352
125 408 0.0839
125 409 0.1561
125 410 0.6096
125 411 0.6886
125 412 0.3892
125 413 0.3572
125 414 0.5128
125 415 0.3356
125 416 0.3058
125 418 0.5800
125 419 0.3349
125 420 0.3664
125 421 0.6683
125 422 0.1765
125 423 0.1148
125 424 0.5684
125 425 0.1492
125 427 0.3690
125 428 0.8298
125 429 0.0818
125 430 0.2710
125 431 0.1179
125 432 0.2817
125 433 0.6289
125 434 0.9571
125 435 0.3461
125 436 0.0939
125 437 0.3147
125 438 0.3134
125 439 0.7193
125 440 0.4886
125 441 0.4754
125 442 0.7405
125 443 0.2071
125 444 0.4129
125 445 0.1131
125 447 0.8673
125 448 0.3613
125 449 0.2362
125 450 0.5102
125 451 0.7579
125 452 0.2356
125 453 0.3137
125 454 0.9215
125 455 0.2262
125 456 0.3315
125 457 0.1504
125 458 0.6194
125 459 0.0793
125 460 0.3880
125 461 0.1864
125 462 0.2288
125 463 0.5902
125 464 0.1749
125 465 0.3480
125 466 0.9147
125 467 0.1398
125 468 0.0863
125 469 0.2358
125 470 0.2853
125 471 0.5182
125 472 0.2287
125 474 0.2525
