41 978 0.8648
41 979 0.9188
41 980 0.9121
41 981 0.5791
41 982 0.7518
41 983 0.6425
41 984 0.5892
41 986 0.7397
41 987 0.7326
41 989 0.8922
41 990 0.7463
41 991 0.8531
41 992 0.5320
41 993 0.9067
41 994 0.9913
41 995 0.7747
41 996 0.6111
41 998 0.5392
41 999 0.8083
41 1000 0.8095
41 1001 0.4959
41 1002 0.6704
41 1003 0.9628
41 1004 0.7144
41 1005 0.6381
41 1006 0.8055
41 1007 0.8071
41 1008 0.8672
41 1010 0.7047
41 1012 0.5254
41 1013 0.8473
41 1014 0.6401
41 1015 0.9161
41 1016 0.4155
41 1017 0.9529
41 1018 0.6470
41 1019 0.6799
41 1020 0.8804
41 1022 0.9615
41 1023 0.9105
41 1024 0.7107
41 1025 0.5580
41 1026 0.6292
41 1027 0.7444
41 1028 0.8905
41 1029 0.5803
41 1030 0.9808
41 1031 0.9387
41 1032 0.6576
41 1033 0.8093
41 1034 0.6016
41 1035 0.7937
41 1036 0.4955
41 1037 0.7712
41 1038 0.6746
41 1039 0.7166
41 1040 0.4646
41 1041 0.6914
41 1042 0.6839
41 1043 0.9100
41 1044 0.8404
41 1045 0.7064
41 1046 0.8143
41 1047 0.4454
41 1048 0.7044
41 1049 0.4219
41 1050 0.7186
41 1051 0.6138
41 1052 0.7639
41 1053 0.8627
41 1054 0.5584
41 1055 0.8196
41 1056 0.6981
41 1057 0.9238
41 1058 0.6028
41 1059 0.7588
41 1060 0.5964
41 1061 0.7860
41 1062 0.6149
41 1063 0.9013
41 1064 0.6507
41 1065 0.5135
41 1066 0.9387
41 1067 0.8419
41 1068 0.7676
41 1069 0.6227
41 1070 0.7220
41 1072 0.5888
41 1073 0.5281
41 1075 0.7135
41 1076 0.8586
41 1077 0.8196
41 1078 0.8358
41 1079 0.7456
41 1080 0.8634
41 1081 0.6006
41 1082 0.8833
41 1083 0.9468
41 1084 0.4675
41 1085 0.7523
41 1087 0.5331
41 1089 0.9472
41 1090 0.4712
41 1091 0.5725
41 1093 0.8288
41 1094 0.7236
41 1095 0.5874
41 1096 0.5469
41 1097 0.7924
41 1099 0.9918
41 1102 0.8276
41 1103 0.9236
41 1104 0.9408
41 1105 0.7807
41 1106 0.6723
41 1107 0.9135
41 1108 0.5349
41 1109 0.8704
41 1110 0.7356
41 1111 0.7210
41 1113 0.7404
41 1114 0.6284
41 1115 0.5298
41 1116 0.8733
41 1117 0.8846
41 1118 0.7199
41 1119 0.5954
41 1120 0.8111
41 1121 0.6404
41 1122 0.8643
41 1123 0.8172
41 1124 0.9090
41 1125 0.5071
41 1126 0.8392
41 1127 0.6643
41 1128 0.8809
41 1129 0.6211
41 1130 0.9614
41 1131 0.5252
41 1132 0.6330
41 1133 0.6504
41 1134 0.8601
41 1135 0.9902
41 1136 0.8560
41 1138 0.5435
41 1139 0.8265
41 1141 0.4186
41 1142 0.7369
41 1143 0.8861
41 1144 0.6898
41 1145 0.5666
41 1146 0.6954
41 1147 0.3934
41 1148 0.5277
41 1149 0.7350
41 1150 0.9052
41 1151 0.5836
41 1152 0.9652
41 1153 0.5601
41 1154 0.8688
41 1155 0.7127
41 1156 0.5609
41 1157 0.7201
41 1158 0.8330
41 1159 0.9081
41 1160 0.7091
41 1161 0.4408
41 1162 0.8797
41 1163 0.8004
41 1165 0.8550
41 1166 0.8253
41 1167 0.6369
41 1169 0.6256
41 1170 0.5392
41 1172 0.5197
41 1173 0.5594
41 1174 0.5977
41 1176 0.8920
41 1177 0.9010
41 1178 0.8529
41 1180 0.5834
41 1181 0.8581
41 1182 0.7915
41 1183 0.6668
41 1184 0.7825
41 1185 0.5561
41 1186 0.9054
41 1187 0.5286
41 1188 0.8472
41 1189 0.6791
41 1191 0.5635
41 1192 0.6704
41 1193 0.6439
41 1194 0.5710
41 1195 0.8965
41 1196 0.8611
41 1197 0.6242
41 1198 0.6826
41 1199 0.6319
41 1200 0.9215
41 1201 0.7876
41 1202 0.9613
41 1203 0.8742
41 1204 0.5748
41 1205 0.8639
41 1206 0.9418
41 1207 0.6646
41 1208 0.8256
41 1209 0.9503
41 1210 0.9653
41 1211 0.9497
41 1212 0.8692
41 1213 0.9418
41 1214 0.5547
41 1215 0.5385
41 1216 0.7972
41 1217 0.9276
41 1218 0.9295
41 1219 0.9034
41 1220 0.7461
41 1221 0.9546
41 1222 0.8688
41 1223 0.9756
41 1224 0.8163
41 1225 0.9934
41 1226 0.8664
41 1227 0.9608
41 1228 0.7759
41 1229 0.8107
41 1230 0.8806
41 1231 0.9623
41 1232 0.8224
41 1233 0.8345
41 1234 0.6634
41 1235 0.8366
41 1237 0.9420
41 1238 0.9256
41 1239 0.7988
41 1240 0.7696
41 1241 0.9589
41 1242 0.9756
41 1243 0.8867
41 1244 0.6587
41 1245 0.7461
41 1246 0.6338
41 1247 0.9619
41 1248 0.8094
41 1249 0.9277
41 1250 0.8640
41 1251 0.9351
41 1252 0.9733
41 1253 0.6844
41 1254 0.6261
41 1255 0.3391
41 1256 0.7230
41 1257 0.5642
41 1258 0.9034
41 1259 0.8163
41 1260 0.6542
41 1262 0.6823
41 1263 0.6973
41 1265 0.6998
41 1266 0.6831
41 1267 0.7133
41 1268 0.7553
41 1269 0.8718
41 1270 0.6376
41 1271 0.5289
41 1272 0.5857
41 1273 0.5381
41 1274 0.4315
41 1275 0.6043
41 1276 0.4763
41 1278 0.6788
41 1279 0.6297
41 1280 0.4069
41 1281 0.7835
41 1282 0.6179
41 1283 0.5022
41 1284 0.6618
41 1286 0.5801
41 1287 0.6502
41 1288 0.6515
41 1289 0.6505
41 1290 0.5732
41 1291 0.6069
41 1292 0.8411
41 1293 0.8406
41 1295 0.6076
41 1296 0.6821
41 1297 0.6513
41 1298 0.4608
41 1299 0.4865
41 1300 0.3632
41 1301 0.5220
41 1302 0.5888
41 1303 0.6632
41 1304 0.7824
41 1305 0.7196
41 1306 0.6424
41 1307 0.5079
41 1308 0.7534
41 1309 0.7122
41 1310 0.5495
41 1311 0.5922
41 1312 0.6586
41 1313 0.8593
41 1315 0.5688
41 1316 0.9038
41 1318 0.5688
41 1319 0.7573
41 1320 0.6482
41 1322 0.7981
41 1323 0.8685
41 1324 0.7980
41 1325 0.5392
41 1326 0.9053
41 1327 0.7418
41 1328 0.6015
41 1329 0.5822
41 1330 0.7481
41 1331 0.7550
41 1332 0.7718
41 1333 0.8873
41 1334 0.8372
41 1335 0.7302
41 1336 0.5777
41 1337 0.6507
41 1338 0.8413
41 1339 0.7839
41 1340 0.8938
41 1341 0.6376
41 1342 0.9884
41 1343 0.6958
41 1344 0.9023
41 1345 0.7047
41 1346 0.9162
41 1347 0.8305
41 1348 0.8667
41 1349 0.8061
41 1350 0.7459
41 1351 0.8010
41 1352 0.6885
41 1353 0.8660
41 1354 0.4843
41 1355 0.8660
41 1356 0.7962
41 1357 0.9334
41 1358 0.8518
41 1359 0.5905
41 1360 0.9514
41 1361 0.4989
41 1362 0.7687
41 1363 0.9117
41 1364 0.6088
41 1365 0.5950
41 1366 0.7275
41 1367 0.9732
41 1368 0.7066
41 1369 0.8366
41 1370 0.9875
41 1371 0.7155
41 1372 0.9404
41 1373 0.3663
41 1374 0.9265
41 1375 0.9401
41 1376 0.6732
41 1377 0.6680
41 1378 0.7124
41 1379 0.8481
41 1380 0.6493
41 1381 0.7086
41 1382 0.7968
41 1383 0.9233
41 1384 0.8694
41 1386 0.7756
41 1387 0.6749
41 1388 0.7136
41 1389 0.7151
41 1390 0.7733
41 1392 0.5469
41 1393 0.4730
41 1394 0.6381
41 1395 0.8068
41 1396 0.7864
41 1397 0.7171
41 1398 0.7525
41 1399 0.5392
41 1401 0.4335
41 1402 0.6004
41 1405 0.7457
41 1406 0.5256
41 1407 0.7431
41 1408 0.6558
41 1409 0.6249
41 1410 0.6461
41 1411 0.7041
41 1412 0.6481
41 1413 0.5392
41 1414 0.7207
41 1415 0.4938
41 1416 0.5081
41 1418 0.6110
41 1419 0.7609
41 1420 0.6350
41 1421 0.5248
41 1422 0.7392
41 1423 0.3930
41 1424 0.4335
41 1425 0.6851
41 1426 0.9613
41 1427 0.4204
41 1428 0.7572
41 1430 0.5504
41 1431 0.2851
41 1433 0.5050
41 1434 0.9771
41 1435 0.8255
41 1436 0.4847
41 1437 0.4146
41 1438 0.5214
41 1439 0.5376
41 1440 0.7559
41 1441 0.4863
41 1443 0.5392
41 1445 0.6962
41 1446 0.3285
41 1448 0.7241
41 1449 0.7005
41 1451 0.8242
41 1452 0.8201
41 1453 0.7909
41 1454 0.5759
41 1455 0.5928
41 1456 0.8483
41 1457 0.8009
41 1458 0.7448
41 1459 0.8109
41 1460 0.6887
41 1461 0.6633
41 1462 0.8438
41 1463 0.7912
41 1464 0.8929
41 1465 0.6439
41 1466 0.7810
41 1468 0.5507
41 1470 0.8379
41 1472 0.7972
41 1473 0.8588
41 1474 0.8185
41 1475 0.8472
41 1476 0.8502
41 1477 0.5417
41 1478 0.8386
41 1479 0.8920
41 1480 0.6241
41 1481 0.6416
41 1482 0.8744
41 1484 0.6192
41 1485 0.9072
41 1486 0.5626
41 1487 0.8220
41 1488 0.6380
41 1490 0.8456
41 1491 0.8875
41 1492 0.8639
41 1493 0.7611
41 1494 0.8856
41 1495 0.5135
41 1496 0.7018
41 1497 0.7876
41 1499 0.6443
41 1500 0.5595
41 1501 0.7240
41 1502 0.5905
41 1503 0.9106
41 1504 0.8752
41 1505 0.5563
41 1506 0.4681
41 1507 0.8799
41 1508 0.5837
41 1510 0.8925
41 1511 0.6477
41 1512 0.7463
41 1513 0.7991
41 1514 0.7842
41 1515 0.7947
41 1516 0.8786
41 1517 0.8009
41 1518 0.8847
41 1519 0.4757
41 1520 0.9467
41 1522 0.5510
41 1523 0.4599
41 1525 0.7246
41 1526 0.6186
41 1527 0.7614
41 1528 0.7807
41 1529 0.8199
41 1530 0.6921
41 1531 0.5749
41 1532 0.6247
41 1534 0.4725
41 1535 0.5635
41 1536 0.7091
41 1537 0.7484
41 1538 0.6210
41 1540 0.5680
41 1541 0.7179
41 1542 0.5626
41 1544 0.7495
41 1545 0.4477
41 1546 0.7275
41 1547 0.6207
41 1548 0.7573
41 1549 0.5922
41 1550 0.6470
41 1551 0.6776
41 1552 0.4549
41 1553 0.7205
41 1554 0.8169
41 1555 0.5726
41 1557 0.5831
41 1560 0.5965
41 1562 0.8905
41 1565 0.5834
41 1566 0.5846
41 1567 0.6023
41 1568 0.8964
41 1569 0.6813
41 1570 0.8570
41 1571 0.5043
41 1572 0.6859
41 1573 0.8033
41 1574 0.9042
41 1575 0.5243
41 1576 0.5982
41 1577 0.7757
41 1578 0.9056
41 1579 0.8858
41 1580 0.8203
41 1581 0.7677
41 1582 0.8596
41 1583 0.8324
41 1584 0.8920
41 1585 0.7576
41 1586 0.7677
41 1587 0.8551
41 1588 0.9647
41 1589 0.9387
41 1590 0.8582
41 1591 0.9232
41 1592 0.7666
41 1593 0.9680
41 1594 0.5755
41 1595 0.9501
41 1596 0.5782
41 1597 0.8745
41 1598 0.5741
41 1599 0.4979
41 1600 0.6032
41 1601 0.9508
41 1602 0.7087
41 1603 0.7275
41 1604 0.8874
41 1605 0.9260
41 1606 0.9461
41 1607 0.9010
41 1608 0.9592
41 1609 0.8571
41 1610 0.9413
41 1611 0.6119
41 1612 0.9386
41 1613 0.9822
41 1614 0.7438
41 1615 0.6523
41 1616 0.6124
41 1617 0.5871
41 1618 0.8907
41 1619 0.8055
41 1620 0.7570
41 1621 0.9867
41 1622 0.9949
41 1623 0.9022
41 1624 0.8965
41 1625 0.7339
41 1626 0.5858
41 1627 0.9326
41 1628 0.9497
41 1629 0.5415
41 1630 0.8680
41 1631 0.8967
41 1632 0.7857
41 1633 0.7156
41 1634 0.9515
41 1635 0.6776
41 1636 0.7588
41 1637 0.9535
41 1638 0.5392
41 1639 0.8919
41 1640 0.9023
41 1641 0.9385
41 1642 0.7225
41 1643 0.7757
41 1644 0.3772
41 1645 0.5868
41 1646 0.6266
41 1647 0.5993
41 1648 0.4795
41 1649 0.7692
41 1650 0.6776
41 1651 0.4919
41 1652 0.4796
41 1653 0.7556
41 1654 0.5937
41 1655 0.7945
41 1656 0.9116
41 1657 0.8338
41 1658 0.5380
41 1659 0.6189
41 1660 0.3282
41 1661 0.5498
41 1662 0.4676
41 1663 0.6545
41 1664 0.6627
41 1665 0.5779
41 1666 0.7031
41 1667 0.5338
41 1668 0.7027
41 1669 0.5942
41 1670 0.5849
41 1671 0.6437
41 1672 0.6975
41 1673 0.7142
41 1674 0.6407
41 1675 0.7318
41 1676 0.6503
41 1677 0.5853
41 1678 0.6329
41 1679 0.6676
41 1680 0.8289
41 1681 0.6801
41 1682 0.3979
41 1683 0.7734
41 1684 0.7361
41 1685 0.6517
41 1686 0.5885
41 1687 0.6580
41 1688 0.4999
41 1689 0.9193
41 1690 0.7488
41 1691 0.6365
41 1692 0.8137
41 1693 0.6870
41 1694 0.7065
41 1695 0.7549
41 1696 0.7388
41 1697 0.3813
41 1698 0.5392
41 1699 0.4696
41 1700 0.6015
41 1701 0.4773
41 1702 0.4460
41 1703 0.8650
41 1704 0.4579
41 1705 0.3525
41 1706 0.3718
41 1707 0.6893
41 1708 0.7341
41 1709 0.5962
41 1710 0.6430
41 1711 0.5284
41 1712 0.9789
41 1713 0.6711
41 1714 0.6905
41 1715 0.4496
41 1716 0.6162
41 1717 0.9840
41 1718 0.4200
41 1719 0.6018
41 1720 0.6736
41 1721 0.7979
41 1722 0.5364
41 1723 0.5875
41 1724 0.7274
41 1725 0.7380
41 1726 0.7427
41 1727 0.5392
41 1728 0.6190
41 1729 0.7291
41 1730 0.7267
42 43 0.0204
42 44 0.0604
42 45 0.1521
42 46 0.3089
42 47 0.0931
42 48 0.0527
42 49 0.7867
42 50 0.0756
42 51 0.7433
42 52 0.2173
42 53 0.0422
42 54 0.2440
42 55 0.0236
42 56 0.3916
42 57 0.8365
42 58 0.9465
42 59 0.6484
42 60 0.2774
42 61 0.2407
42 62 0.4679
42 63 0.0196
42 64 0.0767
42 65 0.6269
42 66 0.1003
42 67 0.8030
42 68 0.1708
42 69 0.2172
42 70 0.0305
42 71 0.7956
42 72 0.1316
42 73 0.7524
42 74 0.0450
42 75 0.0612
42 76 0.6337
42 77 0.6389
42 78 0.4699
42 79 0.0707
42 80 0.0292
42 81 0.0732
42 82 0.5039
42 83 0.2006
42 84 0.6050
42 85 0.1048
42 86 0.2427
42 87 0.2565
42 88 0.2978
42 89 0.0259
42 90 0.4946
42 91 0.5859
42 92 0.0763
42 93 0.5699
42 94 0.1285
42 95 0.7677
42 96 0.0798
42 97 0.0418
42 98 0.3032
42 99 0.3766
42 100 0.0452
42 101 0.0654
42 102 0.0750
42 103 0.6381
42 104 0.8842
42 105 0.1080
42 106 0.0312
42 107 0.3321
42 108 0.6228
42 109 0.0756
42 110 0.0255
42 111 0.1714
42 112 0.5503
42 113 0.0292
42 114 0.0263
42 115 0.1374
42 116 0.0665
42 117 0.2557
42 118 0.2440
42 119 0.8533
42 120 0.3186
42 121 0.0535
42 122 0.3419
42 123 0.0719
42 124 0.0831
42 125 0.1116
42 126 0.2570
42 127 0.0843
42 128 0.2365
42 129 0.0850
42 130 0.1018
42 131 0.0293
42 132 0.1040
42 133 0.1398
42 134 0.4851
42 135 0.0265
42 136 0.2069
42 137 0.2556
42 138 0.7013
42 139 0.0427
42 140 0.5119
42 142 0.0472
42 143 0.2268
42 144 0.1340
42 145 0.5516
42 146 0.8280
42 147 0.4402
42 148 0.3552
42 149 0.5858
42 150 0.0302
42 151 0.4258
42 152 0.3140
42 153 0.3448
42 154 0.3449
42 156 0.1444
42 157 0.3212
42 158 0.0543
42 159 0.0266
42 160 0.1615
42 161 0.0288
42 162 0.1971
42 163 0.2965
42 164 0.1441
42 165 0.4680
42 166 0.0450
42 167 0.1197
42 168 0.0609
42 169 0.5728
42 170 0.1399
42 171 0.1487
42 172 0.7150
42 173 0.0193
42 174 0.0423
42 175 0.0535
42 176 0.3993
42 177 0.1445
42 178 0.2819
42 179 0.4674
42 180 0.0815
42 181 0.0409
42 182 0.4410
42 183 0.0578
42 184 0.5152
42 185 0.7989
42 186 0.0423
42 187 0.7128
42 188 0.0407
42 189 0.0688
42 190 0.0885
42 191 0.0160
42 192 0.3279
42 193 0.0391
42 194 0.5190
42 195 0.3525
42 196 0.6376
42 197 0.0422
42 198 0.0307
42 199 0.1934
42 200 0.0679
42 201 0.9008
42 202 0.1686
42 203 0.0952
42 204 0.8161
42 206 0.0981
42 207 0.0730
42 208 0.0167
42 209 0.0272
42 210 0.1603
42 211 0.0287
42 212 0.0569
42 213 0.2167
42 214 0.0552
42 215 0.4172
42 216 0.0195
42 217 0.0700
42 218 0.0286
42 219 0.0375
42 220 0.0518
42 221 0.0922
42 222 0.0791
42 223 0.3284
42 224 0.0449
42 225 0.0416
42 226 0.2604
42 227 0.0583
42 228 0.2140
42 229 0.3005
42 230 0.2265
42 231 0.0328
42 232 0.4473
42 233 0.0878
42 234 0.3063
42 235 0.7000
42 236 0.2577
42 237 0.0563
42 238 0.1545
42 239 0.4482
42 240 0.4116
42 241 0.0481
42 242 0.0512
42 243 0.0782
42 244 0.1089
42 245 0.3058
42 246 0.1024
42 247 0.0326
42 248 0.1726
42 249 0.0202
42 250 0.0194
42 251 0.0346
42 252 0.2388
42 253 0.2354
42 254 0.0842
42 255 0.1004
42 256 0.5975
42 257 0.0449
42 258 0.8125
42 259 0.5580
42 260 0.0673
42 261 0.0270
42 262 0.0244
42 263 0.1179
42 264 0.0861
42 265 0.1747
42 266 0.0940
42 267 0.0339
42 268 0.2108
42 269 0.1524
42 270 0.1949
42 271 0.0415
42 272 0.0803
42 273 0.0566
42 274 0.1500
42 275 0.1043
42 276 0.7266
42 277 0.0413
42 278 0.0583
42 279 0.0401
42 280 0.0611
42 281 0.1191
42 282 0.2398
42 283 0.0372
42 284 0.1670
42 285 0.0465
42 286 0.7859
42 287 0.1503
42 288 0.1085
42 289 0.0268
42 290 0.2905
42 291 0.0306
42 292 0.3779
42 293 0.0182
42 294 0.1255
42 295 0.4180
42 296 0.2127
42 297 0.6033
42 298 0.0802
42 299 0.0446
42 300 0.0760
42 301 0.1278
42 302 0.0353
42 303 0.1805
42 304 0.0967
42 305 0.0545
42 306 0.2080
42 307 0.0573
42 308 0.0936
42 309 0.3015
42 310 0.0262
42 311 0.0897
42 312 0.0766
42 313 0.2930
42 314 0.0273
42 315 0.3466
42 316 0.0448
42 317 0.2218
42 318 0.1219
42 319 0.2166
42 320 0.0278
42 321 0.5075
42 322 0.0501
42 323 0.4613
42 324 0.0620
42 325 0.0269
42 326 0.1022
42 327 0.3175
42 328 0.0319
42 329 0.0439
42 330 0.1012
42 331 0.2190
42 332 0.3130
42 333 0.0823
42 334 0.1084
42 335 0.0669
42 336 0.2658
42 337 0.1292
42 338 0.3936
42 339 0.0273
42 340 0.1084
42 341 0.5276
42 342 0.0436
42 343 0.0219
42 344 0.0580
42 345 0.0887
42 346 0.0741
42 347 0.1098
42 348 0.0610
42 349 0.0864
42 350 0.6282
42 351 0.1397
42 352 0.0998
42 353 0.1147
42 354 0.1078
42 355 0.1632
42 356 0.0292
42 357 0.3785
42 358 0.3634
42 359 0.0255
42 360 0.1413
42 361 0.6898
42 362 0.4499
42 363 0.0212
42 364 0.5084
42 366 0.5409
42 367 0.0657
42 368 0.0291
42 369 0.5466
42 370 0.1255
42 371 0.0253
42 372 0.2985
42 373 0.3092
42 374 0.1229
42 375 0.0635
42 376 0.0263
42 377 0.0781
42 378 0.1074
42 379 0.1604
42 380 0.0833
42 381 0.4915
42 382 0.4441
42 383 0.7556
42 384 0.0335
42 385 0.3024
42 386 0.6787
42 387 0.1196
42 388 0.3436
42 389 0.0796
42 390 0.0619
42 391 0.0876
42 392 0.1250
42 393 0.1881
42 394 0.0466
42 395 0.0480
42 396 0.0737
42 397 0.0296
42 398 0.0723
42 399 0.4322
42 400 0.6021
42 402 0.1266
42 403 0.0943
42 404 0.2357
42 405 0.2886
42 406 0.3608
42 407 0.2594
42 408 0.0265
42 409 0.0474
42 410 0.0431
42 411 0.0792
42 412 0.4131
42 413 0.2711
42 414 0.2263
42 415 0.8035
42 416 0.2573
42 417 0.1892
42 418 0.0890
42 419 0.0349
42 420 0.0646
42 421 0.0425
42 422 0.0380
42 423 0.0697
42 424 0.2559
42 425 0.0822
42 426 0.0896
42 427 0.0802
42 428 0.1978
42 429 0.0360
42 430 0.1484
42 431 0.0245
42 432 0.0496
42 433 0.4443
42 434 0.1365
42 435 0.1434
42 436 0.0332
42 437 0.0401
42 438 0.0634
42 439 0.0668
42 440 0.0713
42 441 0.3546
42 442 0.5516
42 443 0.2056
42 444 0.1761
42 445 0.0324
42 447 0.0724
42 448 0.1162
42 449 0.1584
42 450 0.0485
42 451 0.1101
42 452 0.0290
42 453 0.0232
42 454 0.8403
42 455 0.1026
42 456 0.0492
42 457 0.0653
42 458 0.0355
42 459 0.1219
42 460 0.3655
42 461 0.7846
42 462 0.1097
42 463 0.6392
42 464 0.0564
42 465 0.1105
42 466 0.8599
42 467 0.0425
42 468 0.0338
42 469 0.0418
42 470 0.0366
42 471 0.6353
42 472 0.0701
42 474 0.0374
42 475 0.6935
42 476 0.3384
42 478 0.2786
42 479 0.2336
42 480 0.1530
42 481 0.1340
42 482 0.0419
42 484 0.2123
42 485 0.0283
42 486 0.0485
42 487 0.1548
42 488 0.0203
42 489 0.0341
42 490 0.0245
42 491 0.0340
42 492 0.0428
42 493 0.0221
42 494 0.0843
42 495 0.1492
42 496 0.4525
42 497 0.5698
42 498 0.0242
42 499 0.1050
42 500 0.3047
42 501 0.0194
42 502 0.2498
42 503 0.2348
42 504 0.0725
42 505 0.0622
42 506 0.4862
42 507 0.0267
42 508 0.2457
42 509 0.1826
42 510 0.0822
42 511 0.9268
42 512 0.1768
42 513 0.0925
42 514 0.2470
42 515 0.5061
42 516 0.2994
42 517 0.1372
42 518 0.5424
42 519 0.0710
42 520 0.0319
42 521 0.1736
42 522 0.0956
42 523 0.0640
42 524 0.0733
42 525 0.1595
42 526 0.1840
42 527 0.0754
42 528 0.0177
42 529 0.0727
42 530 0.0282
42 531 0.2736
42 532 0.0232
42 533 0.0848
42 534 0.5376
42 535 0.0704
42 536 0.0481
42 537 0.1835
42 538 0.0767
42 539 0.0472
42 540 0.1572
42 541 0.5211
42 542 0.0644
42 543 0.1104
42 544 0.5741
42 545 0.1648
42 546 0.3162
42 547 0.2525
42 548 0.2826
42 549 0.1976
42 550 0.0734
42 551 0.0451
42 552 0.1858
42 553 0.3558
42 554 0.0742
42 555 0.0982
42 556 0.0149
42 557 0.1269
42 558 0.1262
42 559 0.0222
42 560 0.0249
42 561 0.0130
42 562 0.0283
42 563 0.2834
42 564 0.0384
42 565 0.2060
42 566 0.1583
42 567 0.0901
42 568 0.5014
42 569 0.0303
42 570 0.0270
42 571 0.5885
42 572 0.0887
42 573 0.0677
42 574 0.0264
42 575 0.3847
42 576 0.0816
42 577 0.3943
42 578 0.0530
42 579 0.3134
42 580 0.1542
42 581 0.1772
42 582 0.0657
42 583 0.0259
42 584 0.0294
42 585 0.2114
42 586 0.2481
42 587 0.2791
42 589 0.2796
42 590 0.8089
42 591 0.2295
42 592 0.1691
42 593 0.0518
42 594 0.0570
42 595 0.0778
42 598 0.1689
42 599 0.0531
42 600 0.4344
42 601 0.0622
42 602 0.5595
42 604 0.0220
42 605 0.0595
42 606 0.1350
42 607 0.4922
42 608 0.0202
42 609 0.0741
42 610 0.2963
42 611 0.2392
42 612 0.3777
42 613 0.0730
42 614 0.3333
42 615 0.0563
42 616 0.0730
42 617 0.0257
42 618 0.0561
42 619 0.5237
42 620 0.0513
42 621 0.0200
42 622 0.1442
42 623 0.0719
42 624 0.0636
42 625 0.2938
42 626 0.0488
42 627 0.1521
42 628 0.0379
42 629 0.4717
42 630 0.2865
42 631 0.5023
42 632 0.0285
42 633 0.1106
42 634 0.3547
42 635 0.1492
42 636 0.0370
42 637 0.3734
42 638 0.0454
42 639 0.0974
42 640 0.1095
42 641 0.0353
42 642 0.2935
42 643 0.6108
42 644 0.2041
42 645 0.2767
42 646 0.4035
42 647 0.0369
42 648 0.0334
42 649 0.0237
42 650 0.0751
42 651 0.0626
42 652 0.0316
42 653 0.4267
42 654 0.2704
42 655 0.1154
42 656 0.0430
42 657 0.0557
42 658 0.0714
42 659 0.1122
42 660 0.1341
42 661 0.0869
42 662 0.1419
42 663 0.0830
42 664 0.2820
42 665 0.0896
42 666 0.0452
42 667 0.0510
42 668 0.3191
42 669 0.1059
42 670 0.0984
42 671 0.3040
42 672 0.0397
42 673 0.0215
42 674 0.0401
42 675 0.0526
42 676 0.7176
42 677 0.0895
42 678 0.0978
42 679 0.0344
42 680 0.0386
42 681 0.0858
42 682 0.0712
42 683 0.0811
42 684 0.0712
42 685 0.1355
42 686 0.2055
42 687 0.3301
42 688 0.0698
42 689 0.2389
42 690 0.2498
42 691 0.5256
42 692 0.0267
42 693 0.0278
42 694 0.0344
42 695 0.5567
42 696 0.0899
42 697 0.1337
42 698 0.3988
42 699 0.1997
42 700 0.2739
42 701 0.0708
42 702 0.0210
42 703 0.0388
42 704 0.0262
42 705 0.3257
42 706 0.0964
42 707 0.0537
42 708 0.1673
42 709 0.1826
42 710 0.1324
42 711 0.7232
42 712 0.0254
42 713 0.0475
42 714 0.2321
42 715 0.0774
42 716 0.0523
42 717 0.0223
42 718 0.1633
42 720 0.0332
42 721 0.0848
42 722 0.0658
42 723 0.0604
42 724 0.0333
42 725 0.0896
42 726 0.2629
42 727 0.1070
42 728 0.2327
42 729 0.0349
42 730 0.0340
42 731 0.0973
42 732 0.1871
42 733 0.5150
42 734 0.2861
42 735 0.0423
42 736 0.7422
42 737 0.7813
42 738 0.2407
42 740 0.2797
42 741 0.1090
42 742 0.0207
42 743 0.3093
42 744 0.0791
42 745 0.0478
42 746 0.2434
42 747 0.1106
42 748 0.5603
42 749 0.0179
42 750 0.0742
42 751 0.0574
42 752 0.0334
42 753 0.3976
42 754 0.0296
42 755 0.0926
42 756 0.0995
42 757 0.1868
42 758 0.1225
42 759 0.1789
42 760 0.0405
42 761 0.0360
42 762 0.3078
42 763 0.3299
42 764 0.0565
42 765 0.0411
42 766 0.0313
42 767 0.1289
42 768 0.9042
42 769 0.0669
42 770 0.5314
42 771 0.0221
42 772 0.4126
42 773 0.0373
42 774 0.0500
42 775 0.1020
42 776 0.0411
42 777 0.3902
42 778 0.3478
42 779 0.0511
42 780 0.4060
42 781 0.0566
42 782 0.1155
42 783 0.2003
42 784 0.0437
42 785 0.1227
42 786 0.4771
42 787 0.3349
42 788 0.0332
42 789 0.3243
42 791 0.0437
42 792 0.0759
42 793 0.0783
42 794 0.4376
42 795 0.1520
42 796 0.3971
42 797 0.0650
42 798 0.0371
42 799 0.0605
42 800 0.0911
42 801 0.0964
42 802 0.0895
42 803 0.0329
42 804 0.4423
42 805 0.0324
42 806 0.1584
42 807 0.1033
42 808 0.2916
42 809 0.3189
42 810 0.0538
42 811 0.1014
42 812 0.0665
42 813 0.2762
42 814 0.3498
42 815 0.2407
42 816 0.1939
42 817 0.0695
42 818 0.0662
42 819 0.0590
42 820 0.0560
42 821 0.1305
42 822 0.0607
42 823 0.7057
42 824 0.1264
42 825 0.4702
42 827 0.0751
42 828 0.3313
42 829 0.0978
42 830 0.0450
42 831 0.2335
42 832 0.3602
42 833 0.0517
42 834 0.1480
42 835 0.0803
42 836 0.3857
42 837 0.0536
42 838 0.0339
42 839 0.0349
42 840 0.2366
42 841 0.1846
42 842 0.0551
42 843 0.0897
42 844 0.2498
42 845 0.0355
42 846 0.0291
42 847 0.0611
42 848 0.2076
42 849 0.0590
42 850 0.0374
42 851 0.0943
42 852 0.1202
42 853 0.2257
42 854 0.1639
42 855 0.3382
42 856 0.1368
42 857 0.0763
42 858 0.2326
42 859 0.1672
42 860 0.0666
42 861 0.3458
42 862 0.0204
42 864 0.0206
42 865 0.0433
42 866 0.0251
42 867 0.4705
42 868 0.1468
42 869 0.0332
42 870 0.0374
42 871 0.0377
42 872 0.9876
42 873 0.1718
42 874 0.1242
42 875 0.0429
42 876 0.1555
42 877 0.1284
42 878 0.0535
42 880 0.1153
42 881 0.0531
42 882 0.2144
42 883 0.0454
42 884 0.2848
42 885 0.4706
42 886 0.1219
42 887 0.0264
42 888 0.2010
42 889 0.2522
42 890 0.1478
42 891 0.4035
42 892 0.0477
42 893 0.2234
42 894 0.1288
42 895 0.0949
42 896 0.1888
42 897 0.2528
42 898 0.0596
42 899 0.0443
42 900 0.0216
42 901 0.3573
42 903 0.0994
42 905 0.3504
42 906 0.0795
42 907 0.0657
42 908 0.5453
42 909 0.2278
42 910 0.2634
42 911 0.2401
42 912 0.0302
42 913 0.2320
42 914 0.0518
42 915 0.5320
42 916 0.1762
42 917 0.2944
42 918 0.0260
42 919 0.0636
42 920 0.1353
42 921 0.0784
42 922 0.0916
42 924 0.5107
42 925 0.1314
42 928 0.1482
42 929 0.4423
42 930 0.0174
42 932 0.0469
42 933 0.1310
42 934 0.0657
42 935 0.0643
42 936 0.2649
42 937 0.2731
42 938 0.0397
42 939 0.0475
42 940 0.0181
42 941 0.2770
42 942 0.0207
42 943 0.1692
42 944 0.1997
42 946 0.0389
42 947 0.0615
42 948 0.0177
42 949 0.0576
42 950 0.0196
42 951 0.2058
42 952 0.1196
42 953 0.1789
42 954 0.1285
42 955 0.0931
42 956 0.0534
42 957 0.0347
42 958 0.0589
42 959 0.1274
42 960 0.1778
42 961 0.0506
42 962 0.1579
42 963 0.0781
42 964 0.2751
42 965 0.0238
42 966 0.1081
42 967 0.1391
42 968 0.6675
42 969 0.3135
42 971 0.2856
42 972 0.0253
42 973 0.0411
42 974 0.7561
42 975 0.1005
42 976 0.0260
42 977 0.0751
42 978 0.3680
42 979 0.1638
42 980 0.2209
42 981 0.1764
42 982 0.0887
42 983 0.0304
42 984 0.0237
42 986 0.0221
42 987 0.1309
42 989 0.3403
42 990 0.3621
42 991 0.0971
42 992 0.0343
42 993 0.1513
42 994 0.8501
42 995 0.0902
42 996 0.1084
42 998 0.0896
42 999 0.0334
42 1000 0.1437
42 1001 0.0935
42 1002 0.0577
42 1003 0.2037
42 1004 0.0819
42 1005 0.2408
42 1006 0.1557
42 1007 0.0810
42 1008 0.0603
42 1010 0.0918
42 1012 0.0641
42 1013 0.0518
42 1014 0.0640
42 1015 0.0571
42 1016 0.0138
42 1017 0.3028
42 1018 0.0502
42 1019 0.1431
42 1020 0.3705
42 1022 0.3716
42 1023 0.2796
42 1024 0.0526
42 1025 0.0905
42 1026 0.0240
42 1027 0.4139
42 1028 0.0901
42 1029 0.0692
42 1030 0.4906
42 1031 0.2498
42 1032 0.0263
42 1033 0.3702
42 1034 0.0370
42 1035 0.1062
42 1036 0.0354
42 1037 0.2934
42 1038 0.0407
42 1039 0.2291
42 1040 0.0469
42 1041 0.0197
42 1042 0.0613
42 1043 0.0494
42 1044 0.1300
42 1045 0.0902
42 1046 0.0378
42 1047 0.0249
42 1048 0.0968
42 1049 0.0147
42 1050 0.0473
42 1051 0.0445
42 1052 0.1004
42 1053 0.0359
42 1054 0.0420
42 1055 0.0616
42 1056 0.0290
42 1057 0.0787
42 1058 0.0173
42 1059 0.0355
42 1060 0.0290
42 1061 0.0243
42 1062 0.1033
42 1063 0.1546
42 1064 0.0490
42 1065 0.0195
42 1066 0.3431
42 1067 0.5696
42 1068 0.1231
42 1069 0.1721
42 1070 0.0752
42 1072 0.0216
42 1073 0.1219
42 1075 0.1930
42 1076 0.0818
42 1077 0.0770
42 1078 0.0706
42 1079 0.1485
42 1080 0.1531
42 1081 0.0415
42 1082 0.1363
42 1083 0.3728
42 1084 0.0287
42 1085 0.1687
42 1087 0.0345
42 1089 0.5427
42 1090 0.0252
42 1091 0.1767
42 1093 0.0903
42 1094 0.1765
42 1095 0.1216
42 1096 0.0853
42 1097 0.0572
42 1099 0.7044
42 1102 0.1116
42 1103 0.4373
42 1104 0.4273
42 1105 0.2128
42 1106 0.0915
42 1107 0.0799
42 1108 0.0541
42 1109 0.0827
42 1110 0.0511
42 1111 0.0335
42 1113 0.0593
42 1114 0.1920
42 1115 0.0491
42 1116 0.0925
42 1117 0.0916
42 1118 0.0783
42 1119 0.0318
42 1120 0.0406
42 1121 0.1342
42 1122 0.1070
42 1123 0.0769
42 1124 0.1940
42 1125 0.0301
42 1126 0.1585
42 1127 0.3830
42 1128 0.3715
42 1129 0.1033
42 1130 0.0998
42 1131 0.0292
42 1132 0.0789
42 1133 0.1407
42 1134 0.1722
42 1135 0.7007
42 1136 0.0604
42 1138 0.0272
42 1139 0.0613
42 1141 0.0165
42 1142 0.2060
42 1143 0.1622
42 1144 0.0495
42 1145 0.1669
42 1146 0.2130
42 1147 0.0203
42 1148 0.1551
42 1149 0.0404
42 1150 0.5211
42 1151 0.0607
42 1152 0.2695
42 1153 0.0207
42 1154 0.0626
42 1155 0.2107
42 1156 0.0657
42 1157 0.0543
42 1158 0.3106
42 1159 0.0824
42 1160 0.0269
42 1161 0.0270
42 1162 0.3646
42 1163 0.0405
42 1165 0.4690
42 1166 0.1884
42 1167 0.1523
42 1169 0.1487
42 1170 0.0896
42 1172 0.0776
42 1173 0.2949
42 1174 0.0495
42 1176 0.0821
42 1177 0.1942
42 1178 0.1019
42 1180 0.0242
42 1181 0.3213
42 1182 0.1107
42 1183 0.3867
42 1184 0.2559
42 1185 0.0388
42 1186 0.2089
42 1187 0.0910
42 1188 0.0638
42 1189 0.2183
42 1191 0.0665
42 1192 0.0375
42 1193 0.0231
42 1194 0.0362
42 1195 0.2140
42 1196 0.1060
42 1197 0.1061
42 1198 0.0626
42 1199 0.0830
42 1200 0.5155
42 1201 0.3912
42 1202 0.2864
42 1203 0.1442
42 1204 0.1353
42 1205 0.1936
42 1206 0.3417
42 1207 0.1160
42 1208 0.4370
42 1209 0.2930
42 1210 0.5565
42 1211 0.3249
42 1212 0.3090
42 1213 0.3464
42 1214 0.0341
42 1215 0.1078
42 1216 0.1908
42 1217 0.3162
42 1218 0.4164
42 1219 0.1532
42 1220 0.0887
42 1221 0.3547
42 1222 0.1519
42 1223 0.2751
42 1224 0.2731
42 1225 0.7878
42 1226 0.4690
42 1227 0.4320
42 1228 0.1864
42 1229 0.3435
42 1230 0.2144
42 1231 0.2285
42 1232 0.1345
42 1233 0.1671
42 1234 0.2370
42 1235 0.2224
42 1237 0.3564
42 1238 0.1806
42 1239 0.1246
42 1240 0.4811
42 1241 0.3982
42 1242 0.7126
42 1243 0.2245
42 1244 0.2135
42 1245 0.0887
42 1246 0.2464
42 1247 0.4433
42 1248 0.2369
42 1249 0.2378
42 1250 0.1392
42 1251 0.2646
42 1252 0.3462
42 1253 0.0518
42 1254 0.0170
42 1255 0.0327
42 1256 0.1659
42 1257 0.0280
42 1258 0.5242
42 1259 0.2197
42 1260 0.1058
42 1262 0.1055
42 1263 0.1382
42 1265 0.1604
42 1266 0.0672
42 1267 0.1086
42 1268 0.1665
42 1269 0.2162
42 1270 0.0534
42 1271 0.0945
42 1272 0.0745
42 1273 0.0413
42 1274 0.0501
42 1275 0.0314
42 1276 0.0654
42 1278 0.0565
42 1279 0.0906
42 1280 0.0490
42 1281 0.0767
42 1282 0.0620
42 1283 0.0190
42 1284 0.0191
42 1286 0.0209
42 1287 0.0254
42 1288 0.0574
42 1289 0.0253
42 1290 0.0686
42 1291 0.0483
42 1292 0.1791
42 1293 0.0180
42 1295 0.0543
42 1296 0.0438
42 1297 0.0683
42 1298 0.0240
42 1299 0.0215
42 1300 0.0581
42 1301 0.0356
42 1302 0.1201
42 1303 0.0390
42 1304 0.0277
42 1305 0.0225
42 1306 0.0213
42 1307 0.0346
42 1308 0.1003
42 1309 0.0216
42 1310 0.0285
42 1311 0.0232
42 1312 0.0576
42 1313 0.0840
42 1315 0.0724
42 1316 0.2790
42 1318 0.0749
42 1319 0.0377
42 1320 0.0245
42 1322 0.0802
42 1323 0.2199
42 1324 0.2924
42 1325 0.0896
42 1326 0.2254
42 1327 0.0922
42 1328 0.0361
42 1329 0.1493
42 1330 0.2013
42 1331 0.1619
42 1332 0.1322
42 1333 0.2997
42 1334 0.0939
42 1335 0.2901
42 1336 0.0577
42 1337 0.1269
42 1338 0.1377
42 1339 0.0837
42 1340 0.1185
42 1341 0.1284
42 1342 0.5575
42 1343 0.1504
42 1344 0.4097
42 1345 0.1090
42 1346 0.2724
42 1347 0.0787
42 1348 0.1817
42 1349 0.0946
42 1350 0.1586
42 1351 0.1560
42 1352 0.0956
42 1353 0.2339
42 1354 0.0665
42 1355 0.2339
42 1356 0.1200
42 1357 0.3033
42 1358 0.1691
42 1359 0.1705
42 1360 0.1940
42 1361 0.0710
42 1362 0.1503
42 1363 0.2811
42 1364 0.1914
42 1365 0.1505
42 1366 0.1856
42 1367 0.4979
42 1368 0.2165
42 1369 0.2384
42 1370 0.4714
42 1371 0.2087
42 1372 0.1835
42 1373 0.0592
42 1374 0.1551
42 1375 0.2070
42 1376 0.0665
42 1377 0.1051
42 1378 0.1104
42 1379 0.2512
42 1380 0.1152
42 1381 0.0938
42 1382 0.1920
42 1383 0.1752
42 1384 0.2452
42 1386 0.2605
42 1387 0.0783
42 1388 0.0976
42 1389 0.0259
42 1390 0.1206
42 1392 0.0326
42 1393 0.0604
42 1394 0.0419
42 1395 0.0626
42 1396 0.0425
42 1397 0.1115
42 1398 0.2047
42 1399 0.0896
42 1401 0.1239
42 1402 0.0427
42 1405 0.1333
42 1406 0.0808
42 1407 0.0445
42 1408 0.0315
42 1409 0.0642
42 1410 0.0290
42 1411 0.0619
42 1412 0.0447
42 1413 0.0896
42 1414 0.1520
42 1415 0.0276
42 1416 0.0531
42 1418 0.0585
42 1419 0.0591
42 1420 0.0862
42 1421 0.0631
42 1422 0.0941
42 1423 0.0306
42 1424 0.1239
42 1425 0.0355
42 1426 0.4856
42 1427 0.0161
42 1428 0.0456
42 1430 0.0374
42 1431 0.0193
42 1433 0.0249
42 1434 0.1186
42 1435 0.0419
42 1436 0.0410
42 1437 0.0234
42 1438 0.0502
42 1439 0.1425
42 1440 0.0703
42 1441 0.0244
42 1443 0.0896
42 1445 0.0640
42 1446 0.0194
42 1448 0.1037
42 1449 0.0478
42 1451 0.0458
42 1452 0.0284
42 1453 0.0526
42 1454 0.0930
42 1455 0.0881
42 1456 0.0864
42 1457 0.0501
42 1458 0.0632
42 1459 0.2849
42 1460 0.1770
42 1461 0.0912
42 1462 0.0672
42 1463 0.0599
42 1464 0.0464
42 1465 0.1377
42 1466 0.1058
42 1468 0.0437
42 1470 0.0610
42 1472 0.0265
42 1473 0.0568
42 1474 0.0898
42 1475 0.1849
42 1476 0.0846
42 1477 0.0966
42 1478 0.0500
42 1479 0.1503
42 1480 0.0814
42 1481 0.1542
42 1482 0.0651
42 1484 0.0504
42 1485 0.1021
42 1486 0.0542
42 1487 0.0614
42 1488 0.0673
42 1490 0.0534
42 1491 0.0201
42 1492 0.0566
42 1493 0.0981
42 1494 0.0886
42 1495 0.0663
42 1496 0.0431
42 1497 0.0477
42 1499 0.1495
42 1500 0.0266
42 1501 0.0790
42 1502 0.1064
42 1503 0.1518
42 1504 0.1004
42 1505 0.0625
42 1506 0.0730
42 1507 0.1297
42 1508 0.0395
42 1510 0.1841
42 1511 0.0804
42 1512 0.1160
42 1513 0.0604
42 1514 0.2156
42 1515 0.0631
42 1516 0.3720
42 1517 0.0657
42 1518 0.1022
42 1519 0.0356
42 1520 0.6800
42 1522 0.0641
42 1523 0.0267
42 1525 0.0865
42 1526 0.0332
42 1527 0.0372
42 1528 0.0332
42 1529 0.1199
42 1530 0.0340
42 1531 0.2574
42 1532 0.0757
42 1534 0.0579
42 1535 0.0802
42 1536 0.0276
42 1537 0.0356
42 1538 0.0814
42 1540 0.0570
42 1541 0.2298
42 1542 0.0615
42 1544 0.0377
42 1545 0.0920
42 1546 0.0557
42 1547 0.0848
42 1548 0.0350
42 1549 0.0338
42 1550 0.0306
42 1551 0.0305
42 1552 0.0820
42 1553 0.0910
42 1554 0.0622
42 1555 0.0513
42 1557 0.0451
42 1560 0.0187
42 1562 0.0901
42 1565 0.0478
42 1566 0.0458
42 1567 0.0453
42 1568 0.2072
42 1569 0.1853
42 1570 0.1220
42 1571 0.0670
42 1572 0.0956
42 1573 0.1335
42 1574 0.2413
42 1575 0.1132
42 1576 0.1488
42 1577 0.1593
42 1578 0.1078
42 1579 0.1403
42 1580 0.2258
42 1581 0.2058
42 1582 0.1932
42 1583 0.2200
42 1584 0.3670
42 1585 0.0733
42 1586 0.1410
42 1587 0.1253
42 1588 0.3670
42 1589 0.2498
42 1590 0.1303
42 1591 0.3698
42 1592 0.2736
42 1593 0.3753
42 1594 0.0677
42 1595 0.2035
42 1596 0.0566
42 1597 0.1418
42 1598 0.2358
42 1599 0.0856
42 1600 0.1239
42 1601 0.3405
42 1602 0.1047
42 1603 0.0864
42 1604 0.0977
42 1605 0.3369
42 1606 0.5135
42 1607 0.1523
42 1608 0.4949
42 1609 0.1220
42 1610 0.2263
42 1611 0.1131
42 1612 0.3280
42 1613 0.6499
42 1614 0.0931
42 1615 0.1245
42 1616 0.0538
42 1617 0.1490
42 1618 0.5448
42 1619 0.2222
42 1620 0.1557
42 1621 0.7822
42 1622 0.8242
42 1623 0.2282
42 1624 0.4978
42 1625 0.0843
42 1626 0.0793
42 1627 0.2951
42 1628 0.2925
42 1629 0.0533
42 1630 0.1467
42 1631 0.1509
42 1632 0.2156
42 1633 0.0809
42 1634 0.3659
42 1635 0.0704
42 1636 0.1494
42 1637 0.3619
42 1638 0.0896
42 1639 0.1991
42 1640 0.2189
42 1641 0.3072
42 1642 0.0956
42 1643 0.2045
42 1644 0.3189
42 1645 0.1885
42 1646 0.0478
42 1647 0.1893
42 1648 0.0585
42 1649 0.1789
42 1650 0.1869
42 1651 0.2232
42 1652 0.0424
42 1653 0.3284
42 1654 0.0716
42 1655 0.3519
42 1656 0.0334
42 1657 0.0343
42 1658 0.1343
42 1659 0.0913
42 1660 0.4477
42 1661 0.0323
42 1662 0.0861
42 1663 0.0440
42 1664 0.0745
42 1665 0.0212
42 1666 0.0489
42 1667 0.0614
42 1668 0.0975
42 1669 0.0417
42 1670 0.0522
42 1671 0.0669
42 1672 0.0910
42 1673 0.0282
42 1674 0.0586
42 1675 0.0325
42 1676 0.0782
42 1677 0.0198
42 1678 0.1674
42 1679 0.0261
42 1680 0.1655
42 1681 0.0597
42 1682 0.0462
42 1683 0.3460
42 1684 0.0429
42 1685 0.0422
42 1686 0.0682
42 1687 0.0480
42 1688 0.0400
42 1689 0.6708
42 1690 0.0540
42 1691 0.0306
42 1692 0.0894
42 1693 0.0493
42 1694 0.1338
42 1695 0.0710
42 1696 0.0466
42 1697 0.1244
42 1698 0.0896
42 1699 0.0186
42 1700 0.0255
42 1701 0.0173
42 1702 0.0258
42 1703 0.1323
42 1704 0.0207
42 1705 0.0830
42 1706 0.0156
42 1707 0.0344
42 1708 0.0532
42 1709 0.0564
42 1710 0.1041
42 1711 0.0294
42 1712 0.2272
42 1713 0.1309
42 1714 0.0527
42 1715 0.0204
42 1716 0.0826
42 1717 0.1330
42 1718 0.0151
42 1719 0.0665
42 1720 0.0377
42 1721 0.0776
42 1722 0.0660
42 1723 0.0349
42 1724 0.0682
42 1725 0.0325
42 1726 0.0461
42 1727 0.0896
42 1728 0.0414
42 1729 0.0827
42 1730 0.0857
43 44 0.1625
43 45 0.1137
43 46 0.1094
43 47 0.8310
43 48 0.1020
43 49 0.7512
43 50 0.1839
43 51 0.7324
43 52 0.3074
43 53 0.0313
43 54 0.4720
43 55 0.1192
43 56 0.0936
43 57 0.9460
43 58 0.7568
43 59 0.1106
43 60 0.2690
43 61 0.9081
43 62 0.2125
43 63 0.1162
43 64 0.5233
43 65 0.3354
43 66 0.0686
43 67 0.2617
43 68 0.0967
43 69 0.0806
43 70 0.1481
43 71 0.3415
43 72 0.3077
43 73 0.3921
43 74 0.0442
43 75 0.1392
43 76 0.0701
43 77 0.5179
43 78 0.1255
43 79 0.1561
43 80 0.2522
43 81 0.3786
43 82 0.3064
43 83 0.2830
43 84 0.8655
43 85 0.7922
43 86 0.3254
43 87 0.2386
43 88 0.3787
43 89 0.2088
43 90 0.8554
43 91 0.6144
43 92 0.0442
43 93 0.1106
43 94 0.7907
43 95 0.0666
43 96 0.1257
43 97 0.0671
43 98 0.1316
43 99 0.0666
43 100 0.1025
43 101 0.0936
43 102 0.1933
43 103 0.3882
43 104 0.0938
43 105 0.2170
43 106 0.1138
43 107 0.0746
43 108 0.2597
43 109 0.3065
43 110 0.2138
43 111 0.0988
43 112 0.2237
43 113 0.1563
43 114 0.0331
43 115 0.6215
43 116 0.8190
43 117 0.3391
43 118 0.1156
43 119 0.1252
43 120 0.0792
43 121 0.4619
43 122 0.1047
43 123 0.0492
43 124 0.2081
43 125 0.1178
43 126 0.1370
43 127 0.1183
43 128 0.1885
43 129 0.0879
43 130 0.0777
43 131 0.0532
43 132 0.1793
43 133 0.0420
43 134 0.1752
43 135 0.1761
43 136 0.7148
43 137 0.7573
43 138 0.3913
43 139 0.1287
43 140 0.0698
43 142 0.1094
43 143 0.8696
43 144 0.3306
43 145 0.3098
43 146 0.1092
43 147 0.0569
43 148 0.1360
43 149 0.0876
43 150 0.0458
43 151 0.2397
43 152 0.8411
43 153 0.8424
43 154 0.7795
43 156 0.0549
43 157 0.0532
43 158 0.0568
43 159 0.2942
43 160 0.3456
43 161 0.0593
43 162 0.2447
43 163 0.0561
43 164 0.0631
43 165 0.2973
43 166 0.0770
43 167 0.0956
43 168 0.0600
43 169 0.1033
43 170 0.7751
43 171 0.1111
43 172 0.0712
43 173 0.0238
43 174 0.1359
43 175 0.6348
43 176 0.4288
43 177 0.0863
43 178 0.7363
43 179 0.3595
43 180 0.5097
43 181 0.0462
43 182 0.1711
43 183 0.2310
43 184 0.8092
43 185 0.1935
43 186 0.0819
43 187 0.4763
43 188 0.0400
43 189 0.0466
43 190 0.1033
43 191 0.0990
43 192 0.2368
43 193 0.1596
43 194 0.6272
43 195 0.1413
43 196 0.2063
43 197 0.2456
43 198 0.0638
43 199 0.1721
43 200 0.1332
43 201 0.1333
43 202 0.2022
43 203 0.5351
43 204 0.1930
43 206 0.4433
43 207 0.0971
43 208 0.0380
43 209 0.1453
43 210 0.5216
43 211 0.1668
43 212 0.5951
43 213 0.1429
43 214 0.0364
43 215 0.8637
43 216 0.1191
43 217 0.1368
43 218 0.1303
43 219 0.0609
43 220 0.0492
43 221 0.0929
43 222 0.0974
43 223 0.4225
43 224 0.0683
43 225 0.0295
43 226 0.0368
43 227 0.0708
43 228 0.1600
43 229 0.2364
43 230 0.8925
43 231 0.0704
43 232 0.0534
43 233 0.7970
43 234 0.0519
43 235 0.2061
43 236 0.8929
43 237 0.0457
43 238 0.1270
43 239 0.0428
43 240 0.1189
43 241 0.2149
43 242 0.1339
43 243 0.1563
43 244 0.0180
43 245 0.2203
43 246 0.0458
43 247 0.0399
43 248 0.2360
43 249 0.0695
43 250 0.0475
43 251 0.0958
43 252 0.1043
43 253 0.2794
43 254 0.1442
43 255 0.2560
43 256 0.2248
43 257 0.1069
43 258 0.1078
43 259 0.1154
43 260 0.0593
43 261 0.2477
43 262 0.2197
43 263 0.0840
43 264 0.0420
43 265 0.5777
43 266 0.1407
43 267 0.0546
43 268 0.0451
43 269 0.1976
43 270 0.0967
43 271 0.1193
43 272 0.5015
43 273 0.0902
43 274 0.1908
43 275 0.1956
43 276 0.2996
43 277 0.3234
43 278 0.0767
43 279 0.0756
43 280 0.0890
43 281 0.2032
43 282 0.1939
43 283 0.1574
43 284 0.2583
43 285 0.0487
43 286 0.2496
43 287 0.2948
43 288 0.0827
43 289 0.0754
43 290 0.2571
43 291 0.0260
43 292 0.2775
43 293 0.1266
43 294 0.3091
43 295 0.0735
43 296 0.5823
43 297 0.0625
43 298 0.0301
43 299 0.0655
43 300 0.0753
43 301 0.3004
43 302 0.0347
43 303 0.0837
43 304 0.1880
43 305 0.1578
43 306 0.1438
43 307 0.0653
43 308 0.3575
43 309 0.1597
43 310 0.1051
43 311 0.0955
43 312 0.0601
43 313 0.0897
43 314 0.1442
43 315 0.1928
43 316 0.0816
43 317 0.0980
43 318 0.0416
43 319 0.1567
43 320 0.1168
43 321 0.1310
43 322 0.0322
43 323 0.2502
43 324 0.0286
43 325 0.0777
43 326 0.4779
43 327 0.0479
43 328 0.1385
43 329 0.0576
43 330 0.0966
43 331 0.1330
43 332 0.1706
43 333 0.0634
43 334 0.1219
43 335 0.0637
43 336 0.1488
43 337 0.0837
43 338 0.2138
43 339 0.0765
43 340 0.3498
43 341 0.1843
43 342 0.1341
43 343 0.1209
43 344 0.1414
43 345 0.0200
43 346 0.0652
43 347 0.6983
43 348 0.4914
43 349 0.0620
43 350 0.1268
43 351 0.0393
43 352 0.1621
43 353 0.1261
43 354 0.1075
43 355 0.0882
43 356 0.0809
43 357 0.0579
43 358 0.0895
43 359 0.0698
43 360 0.1958
43 361 0.0763
43 362 0.0514
43 363 0.1218
43 364 0.1560
43 366 0.0479
43 367 0.0781
43 368 0.0873
43 369 0.1059
43 370 0.1907
43 371 0.0178
43 372 0.2501
43 373 0.3226
43 374 0.1576
43 375 0.6479
43 376 0.3183
43 377 0.0941
43 378 0.0941
43 379 0.7578
43 380 0.1157
43 381 0.2583
43 382 0.1036
43 383 0.4766
43 384 0.1189
43 385 0.0962
43 386 0.0959
43 387 0.1243
43 388 0.1381
43 389 0.0869
43 390 0.1571
43 391 0.1020
43 392 0.1673
43 393 0.0465
43 394 0.0633
43 395 0.2698
43 396 0.3979
43 397 0.4543
43 398 0.0705
43 399 0.8386
43 400 0.0770
43 402 0.0788
43 403 0.0370
43 404 0.0648
43 405 0.0926
43 406 0.4777
43 407 0.0572
43 408 0.5355
43 409 0.0220
43 410 0.0470
43 411 0.1970
43 412 0.2835
43 413 0.0992
43 414 0.0999
43 415 0.2527
43 416 0.0861
43 417 0.0926
43 418 0.1569
43 419 0.1305
43 420 0.0720
43 421 0.0405
43 422 0.0415
43 423 0.4640
43 424 0.5901
43 425 0.2058
43 426 0.0436
43 427 0.0630
43 428 0.3138
43 429 0.1110
43 430 0.0934
43 431 0.0792
43 432 0.0505
43 433 0.2957
43 434 0.1673
43 435 0.0605
43 436 0.4568
43 437 0.3582
43 438 0.8301
43 439 0.0689
43 440 0.0333
43 441 0.2738
43 442 0.1378
43 443 0.1269
43 444 0.0685
43 445 0.0600
43 447 0.0506
43 448 0.0401
43 449 0.8508
43 450 0.0733
43 451 0.0770
43 452 0.1711
43 453 0.0666
43 454 0.4788
43 455 0.3554
43 456 0.5340
43 457 0.4623
43 458 0.0415
43 459 0.0686
43 460 0.1310
43 461 0.1818
43 462 0.0604
43 463 0.7533
43 464 0.3737
43 465 0.0702
43 466 0.4368
43 467 0.0792
43 468 0.0830
43 469 0.1855
43 470 0.1866
43 471 0.2205
43 472 0.2293
43 474 0.0774
43 475 0.1862
43 476 0.0790
43 478 0.0523
43 479 0.0827
43 480 0.0306
43 481 0.0287
43 482 0.0876
43 484 0.7256
43 485 0.1801
43 486 0.0733
43 487 0.0796
43 488 0.0359
43 489 0.1496
43 490 0.0816
43 491 0.1111
43 492 0.2644
43 493 0.0301
43 494 0.0315
43 495 0.2334
43 496 0.1161
43 497 0.3584
43 498 0.1270
43 499 0.1804
43 500 0.0303
43 501 0.1432
43 502 0.0280
43 503 0.0946
43 504 0.0768
43 505 0.6438
43 506 0.0991
43 507 0.1187
43 508 0.2141
43 509 0.1520
43 510 0.0600
43 511 0.2198
43 512 0.2783
43 513 0.0224
43 514 0.3002
43 515 0.1232
43 516 0.2326
43 517 0.1288
43 518 0.0656
43 519 0.0851
43 520 0.0551
43 521 0.4863
43 522 0.0915
43 523 0.0698
43 524 0.1730
43 525 0.0904
43 526 0.0873
43 527 0.2770
43 528 0.0278
43 529 0.0276
43 530 0.1616
43 531 0.1435
43 532 0.0200
43 533 0.0722
43 534 0.3149
43 535 0.0446
43 536 0.1144
43 537 0.2212
43 538 0.1280
43 539 0.4235
43 540 0.2392
43 541 0.0557
43 542 0.0434
43 543 0.0879
43 544 0.1877
43 545 0.0531
43 546 0.4988
43 547 0.2791
43 548 0.1041
43 549 0.0501
43 550 0.0576
43 551 0.0559
43 552 0.0452
43 553 0.3731
43 554 0.0783
43 555 0.6807
43 556 0.0192
43 557 0.6061
43 558 0.0572
43 559 0.0688
43 560 0.1662
43 561 0.5346
43 562 0.0788
43 563 0.1542
43 564 0.1075
43 565 0.1194
43 566 0.0560
43 567 0.1052
43 568 0.6269
43 569 0.0823
43 570 0.2309
43 571 0.7258
43 572 0.7031
43 573 0.1394
43 574 0.0297
43 575 0.1421
43 576 0.1053
43 577 0.0750
43 578 0.1238
43 579 0.7322
43 580 0.0661
43 581 0.0971
43 582 0.0793
43 583 0.0479
43 584 0.0327
43 585 0.1190
43 586 0.0663
43 587 0.3674
43 589 0.1179
43 590 0.1235
43 591 0.0331
43 592 0.1908
43 593 0.3656
43 594 0.3487
43 595 0.0689
43 598 0.0588
43 599 0.0709
43 600 0.0882
43 601 0.6526
43 602 0.0983
43 604 0.0822
43 605 0.0574
43 606 0.2228
43 607 0.1871
43 608 0.1006
43 609 0.0518
43 610 0.2840
43 611 0.0559
43 612 0.0564
43 613 0.0873
43 614 0.4712
43 615 0.0292
43 616 0.0913
43 617 0.0742
43 618 0.1151
43 619 0.3678
43 620 0.0688
43 621 0.3837
43 622 0.0985
43 623 0.1799
43 624 0.0280
43 625 0.1516
43 626 0.3003
43 627 0.4342
43 628 0.1957
43 629 0.6612
43 630 0.0703
43 631 0.2128
43 632 0.0345
43 633 0.2076
43 634 0.1367
43 635 0.3183
43 636 0.0857
43 637 0.3661
43 638 0.0659
43 639 0.4317
43 640 0.0679
43 641 0.1330
43 642 0.0527
43 643 0.2286
43 644 0.1237
43 645 0.1000
43 646 0.3042
43 647 0.2884
43 648 0.1465
43 649 0.0768
43 650 0.6911
43 651 0.0433
43 652 0.0960
43 653 0.1464
43 654 0.0760
43 655 0.2017
43 656 0.3313
43 657 0.0829
43 658 0.4923
43 659 0.0587
43 660 0.1149
43 661 0.1168
43 662 0.0886
43 663 0.0748
43 664 0.1106
43 665 0.0436
43 666 0.0828
43 667 0.0765
43 668 0.1048
43 669 0.0599
43 670 0.1615
43 671 0.3701
43 672 0.0904
43 673 0.0567
43 674 0.0670
43 675 0.0638
43 676 0.1775
43 677 0.2776
43 678 0.0620
43 679 0.1375
43 680 0.0630
43 681 0.0890
43 682 0.0786
43 683 0.2180
43 684 0.1261
43 685 0.4681
43 686 0.1702
43 687 0.2053
43 688 0.1160
43 689 0.3003
43 690 0.0280
43 691 0.1125
43 692 0.0667
43 693 0.0366
43 694 0.0862
43 695 0.2567
43 696 0.1183
43 697 0.0571
43 698 0.1929
43 699 0.2601
43 700 0.1057
43 701 0.0347
43 702 0.0202
43 703 0.0358
43 704 0.0773
43 705 0.2546
43 706 0.2824
43 707 0.0622
43 708 0.1275
43 709 0.1593
43 710 0.1275
43 711 0.1606
43 712 0.1139
43 713 0.0789
43 714 0.1355
43 715 0.0458
43 716 0.1764
43 717 0.0784
43 718 0.0981
43 720 0.0594
43 721 0.0463
43 722 0.2631
43 723 0.1625
43 724 0.0976
43 725 0.0436
43 726 0.4021
43 727 0.1111
43 728 0.1898
43 729 0.1888
43 730 0.0703
43 731 0.2315
43 732 0.7756
43 733 0.2564
43 734 0.4707
43 735 0.0374
43 736 0.4897
43 737 0.5155
43 738 0.3345
43 740 0.5754
43 741 0.3573
43 742 0.4309
43 743 0.2534
43 744 0.0823
43 745 0.0301
43 746 0.1045
43 747 0.1073
43 748 0.5135
43 749 0.0453
43 750 0.7573
43 751 0.3533
43 752 0.1688
43 753 0.0940
43 754 0.0646
43 755 0.1034
43 756 0.0707
43 757 0.1770
43 758 0.1106
43 759 0.0302
43 760 0.0378
43 761 0.3380
43 762 0.0298
43 763 0.1564
43 764 0.0963
43 765 0.0381
43 766 0.0237
43 767 0.0395
43 768 0.1640
43 769 0.0466
43 770 0.4507
43 771 0.0948
43 772 0.1347
43 773 0.0907
43 774 0.0364
43 775 0.0865
43 776 0.0455
43 777 0.1228
43 778 0.1552
43 779 0.0847
43 780 0.0682
43 781 0.1064
43 782 0.1283
43 783 0.2257
43 784 0.0428
43 785 0.1163
43 786 0.1193
43 787 0.0538
43 788 0.2001
43 789 0.3420
43 791 0.4324
43 792 0.0625
43 793 0.6935
43 794 0.0442
43 795 0.0387
43 796 0.1452
43 797 0.0621
43 798 0.1016
43 799 0.2485
43 800 0.1912
43 801 0.2722
43 802 0.0221
43 803 0.0727
43 804 0.3523
43 805 0.0527
43 806 0.1210
43 807 0.1602
43 808 0.0562
43 809 0.1034
43 810 0.0624
43 811 0.2943
43 812 0.0849
43 813 0.1731
43 814 0.1585
43 815 0.0484
43 816 0.0850
43 817 0.0787
43 818 0.1028
43 819 0.0703
43 820 0.0984
43 821 0.6067
43 822 0.0614
43 823 0.2798
43 824 0.1164
43 825 0.5755
43 827 0.0503
43 828 0.2939
43 829 0.4089
43 830 0.0678
43 831 0.1372
43 832 0.2428
43 833 0.1036
43 834 0.0859
43 835 0.1144
43 836 0.1229
43 837 0.0865
43 838 0.0415
43 839 0.1104
43 840 0.0490
43 841 0.5899
43 842 0.0245
43 843 0.1759
43 844 0.0280
43 845 0.5088
43 846 0.0307
43 847 0.0613
43 848 0.1476
43 849 0.1060
43 850 0.0774
43 851 0.1452
43 852 0.0475
43 853 0.0729
43 854 0.0402
43 855 0.0736
43 856 0.0640
43 857 0.0779
43 858 0.4237
43 859 0.0511
43 860 0.0753
43 861 0.0552
43 862 0.0419
43 864 0.0394
43 865 0.0780
43 866 0.0606
43 867 0.0859
43 868 0.2543
43 869 0.1340
43 870 0.0371
43 871 0.1228
43 872 0.7949
43 873 0.0433
43 874 0.0420
43 875 0.0612
43 876 0.0538
43 877 0.1636
43 878 0.2507
43 880 0.0822
43 881 0.0222
43 882 0.2656
43 883 0.0442
43 884 0.0986
43 885 0.1873
43 886 0.1578
43 887 0.1231
43 888 0.1360
43 889 0.0742
43 890 0.0629
43 891 0.2668
43 892 0.0991
43 893 0.1379
43 894 0.0438
43 895 0.1331
43 896 0.1075
43 897 0.0511
43 898 0.1205
43 899 0.0277
43 900 0.0680
43 901 0.2056
43 903 0.2166
43 905 0.0414
43 906 0.2271
43 907 0.1082
43 908 0.1405
43 909 0.3060
43 910 0.0311
43 911 0.3953
43 912 0.1027
43 913 0.1621
43 914 0.0796
43 915 0.0777
43 916 0.0759
43 917 0.1297
43 918 0.0315
43 919 0.4604
43 920 0.1151
43 921 0.0239
43 922 0.0373
43 924 0.0948
43 925 0.0637
43 928 0.0970
43 929 0.4522
43 930 0.0491
43 932 0.0874
43 933 0.1546
43 934 0.0687
43 935 0.0777
43 936 0.2951
43 937 0.0710
43 938 0.0654
43 939 0.0789
43 940 0.2387
43 941 0.3415
43 942 0.0228
43 943 0.1031
43 944 0.0689
43 946 0.6275
43 947 0.0842
43 948 0.0615
43 949 0.0569
43 950 0.1447
43 951 0.0655
43 952 0.5685
43 953 0.7088
43 954 0.0746
43 955 0.0557
43 956 0.0201
43 957 0.3213
43 958 0.0638
43 959 0.1291
43 960 0.9270
43 961 0.0992
43 962 0.0634
43 963 0.0659
43 964 0.1129
43 965 0.2427
43 966 0.0378
43 967 0.2282
43 968 0.2530
43 969 0.2225
43 971 0.5480
43 972 0.5336
43 973 0.3680
43 974 0.9513
43 975 0.0792
43 976 0.0663
43 977 0.1531
43 978 0.5062
43 979 0.2121
43 980 0.0527
43 981 0.1637
43 982 0.1410
43 983 0.0772
43 984 0.0958
43 986 0.1582
43 987 0.6557
43 989 0.0970
43 990 0.1535
43 991 0.0492
43 992 0.0892
43 993 0.3826
43 994 0.5483
43 995 0.4924
43 996 0.1934
43 998 0.0436
43 999 0.1475
43 1000 0.1550
43 1001 0.0777
43 1002 0.1886
43 1003 0.1462
43 1004 0.2765
43 1005 0.0924
43 1006 0.4227
43 1007 0.2674
43 1008 0.0498
43 1010 0.2983
43 1012 0.1133
43 1013 0.1507
43 1014 0.5264
43 1015 0.0604
43 1016 0.0288
43 1017 0.1121
43 1018 0.0328
43 1019 0.1668
43 1020 0.1282
43 1022 0.0685
43 1023 0.2715
43 1024 0.5837
43 1025 0.0402
43 1026 0.3329
43 1027 0.1535
43 1028 0.0226
43 1029 0.0268
43 1030 0.2011
43 1031 0.0280
43 1032 0.0438
43 1033 0.3567
43 1034 0.1132
43 1035 0.0840
43 1036 0.0947
43 1037 0.1212
43 1038 0.1364
43 1039 0.1536
43 1040 0.0874
43 1041 0.0754
43 1042 0.3422
43 1043 0.0732
43 1044 0.0804
43 1045 0.0702
43 1046 0.1541
43 1047 0.0241
43 1048 0.4163
43 1049 0.0255
43 1050 0.0839
43 1051 0.0500
43 1052 0.1650
43 1053 0.0849
43 1054 0.1111
43 1055 0.0351
43 1056 0.6318
43 1057 0.1113
43 1058 0.0855
43 1059 0.1105
43 1060 0.0809
43 1061 0.5245
43 1062 0.1274
43 1063 0.1042
43 1064 0.2906
43 1065 0.0404
43 1066 0.1452
43 1067 0.1509
43 1068 0.3131
43 1069 0.0831
43 1070 0.6266
43 1072 0.0693
43 1073 0.0328
43 1075 0.1349
43 1076 0.0685
43 1077 0.0567
43 1078 0.0542
43 1079 0.7594
43 1080 0.0631
43 1081 0.0762
43 1082 0.1910
43 1083 0.3427
43 1084 0.0221
43 1085 0.0860
43 1087 0.1990
43 1089 0.1588
43 1090 0.0894
43 1091 0.0715
43 1093 0.1091
43 1094 0.3440
43 1095 0.0860
43 1096 0.0209
43 1097 0.0695
43 1099 0.5604
43 1102 0.1118
43 1103 0.2282
43 1104 0.2582
43 1105 0.5428
43 1106 0.3589
43 1107 0.0327
43 1108 0.0386
43 1109 0.0600
43 1110 0.0414
43 1111 0.0337
43 1113 0.0690
43 1114 0.0717
43 1115 0.0301
43 1116 0.0852
43 1117 0.1501
43 1118 0.0675
43 1119 0.3035
43 1120 0.0604
43 1121 0.0588
43 1122 0.0368
43 1123 0.1070
43 1124 0.0997
43 1125 0.0315
43 1126 0.1043
43 1127 0.1054
43 1128 0.3476
43 1129 0.6525
43 1130 0.0461
43 1131 0.0919
43 1132 0.0909
43 1133 0.1329
43 1134 0.1383
43 1135 0.6094
43 1136 0.1139
43 1138 0.0252
43 1139 0.0832
43 1141 0.0420
43 1142 0.2565
43 1143 0.3340
43 1144 0.0624
43 1145 0.1276
43 1146 0.4059
43 1147 0.0150
43 1148 0.0903
43 1149 0.0672
43 1150 0.2667
43 1151 0.2725
43 1152 0.4518
43 1153 0.0252
43 1154 0.1621
43 1155 0.1029
43 1156 0.0981
43 1157 0.0938
43 1158 0.2766
43 1159 0.0497
43 1160 0.0778
43 1161 0.0384
43 1162 0.1095
43 1163 0.3675
43 1165 0.2527
43 1166 0.0760
43 1167 0.0975
43 1169 0.1942
43 1170 0.0436
43 1172 0.1951
43 1173 0.1365
43 1174 0.1278
43 1176 0.0954
43 1177 0.0892
43 1178 0.0442
43 1180 0.1189
43 1181 0.0716
43 1182 0.0990
43 1183 0.0591
43 1184 0.0705
43 1185 0.0700
43 1186 0.0973
43 1187 0.0299
43 1188 0.0972
43 1189 0.2564
43 1191 0.0894
43 1192 0.3665
43 1193 0.1325
43 1194 0.0542
43 1195 0.3657
43 1196 0.0782
43 1197 0.1943
43 1198 0.1318
43 1199 0.2836
43 1200 0.1200
43 1201 0.4222
43 1202 0.1262
43 1203 0.0436
43 1204 0.1019
43 1205 0.2732
43 1206 0.0777
43 1207 0.2143
43 1208 0.2342
43 1209 0.0573
43 1210 0.2036
43 1211 0.1435
43 1212 0.1801
43 1213 0.0962
43 1214 0.0864
43 1215 0.1068
43 1216 0.0758
43 1217 0.1480
43 1218 0.0896
43 1219 0.0298
43 1220 0.1279
43 1221 0.0592
43 1222 0.1899
43 1223 0.0557
43 1224 0.0710
43 1225 0.5792
43 1226 0.6356
43 1227 0.0535
43 1228 0.0474
43 1229 0.1089
43 1230 0.1073
43 1231 0.0330
43 1232 0.0509
43 1233 0.0578
43 1234 0.1043
43 1235 0.1199
43 1237 0.0506
43 1238 0.0728
43 1239 0.0797
43 1240 0.6128
43 1241 0.0377
43 1242 0.1165
43 1243 0.0298
43 1244 0.0666
43 1245 0.1279
43 1246 0.1179
43 1247 0.0806
43 1248 0.0901
43 1249 0.0715
43 1250 0.1538
43 1251 0.1053
43 1252 0.1239
43 1253 0.2122
43 1254 0.3194
43 1255 0.3074
43 1256 0.4825
43 1257 0.3071
43 1258 0.8153
43 1259 0.3221
43 1260 0.8056
43 1262 0.0921
43 1263 0.2139
43 1265 0.7349
43 1266 0.1799
43 1267 0.6169
43 1268 0.5400
43 1269 0.7616
43 1270 0.2048
43 1271 0.7458
43 1272 0.2393
43 1273 0.5880
43 1274 0.0987
43 1275 0.5942
43 1276 0.3245
43 1278 0.4001
43 1279 0.1902
43 1280 0.1467
43 1281 0.0483
43 1282 0.0757
43 1283 0.0478
43 1284 0.0475
43 1286 0.2389
43 1287 0.0877
43 1288 0.0592
43 1289 0.0806
43 1290 0.0544
43 1291 0.0925
43 1292 0.1366
43 1293 0.0711
43 1295 0.0891
43 1296 0.0625
43 1297 0.0545
43 1298 0.0419
43 1299 0.0470
43 1300 0.0507
43 1301 0.0938
43 1302 0.0381
43 1303 0.1101
43 1304 0.0696
43 1305 0.0632
43 1306 0.0414
43 1307 0.0267
43 1308 0.0883
43 1309 0.0170
43 1310 0.1342
43 1311 0.0523
43 1312 0.0539
43 1313 0.0345
43 1315 0.0398
43 1316 0.7066
43 1318 0.1204
43 1319 0.0826
43 1320 0.1552
43 1322 0.0651
43 1323 0.1214
43 1324 0.0884
43 1325 0.0436
43 1326 0.0443
43 1327 0.0797
43 1328 0.1011
43 1329 0.0581
43 1330 0.1389
43 1331 0.1793
43 1332 0.0544
43 1333 0.0626
43 1334 0.0556
43 1335 0.2282
43 1336 0.1646
43 1337 0.0605
43 1338 0.0471
43 1339 0.1341
43 1340 0.0424
43 1341 0.0829
43 1342 0.1061
43 1343 0.0838
43 1344 0.5261
43 1345 0.1869
43 1346 0.0705
43 1347 0.1321
43 1348 0.0980
43 1349 0.0844
43 1350 0.2197
43 1351 0.0706
43 1352 0.1500
43 1353 0.0764
43 1354 0.0703
43 1355 0.0764
43 1356 0.3690
43 1357 0.0824
43 1358 0.0837
43 1359 0.0821
43 1360 0.0683
43 1361 0.0657
43 1362 0.2903
43 1363 0.1137
43 1364 0.1208
43 1365 0.0577
43 1366 0.1406
43 1367 0.0941
43 1368 0.2679
43 1369 0.2984
43 1370 0.2692
43 1371 0.0776
43 1372 0.0392
43 1373 0.0649
43 1374 0.0511
43 1375 0.0845
43 1376 0.1344
43 1377 0.2244
43 1378 0.1761
43 1379 0.2033
43 1380 0.1283
43 1381 0.0940
43 1382 0.0536
43 1383 0.0565
43 1384 0.0481
43 1386 0.7048
43 1387 0.6868
43 1388 0.6474
43 1389 0.5629
43 1390 0.1480
43 1392 0.1195
43 1393 0.1625
43 1394 0.2145
43 1395 0.2159
43 1396 0.1219
43 1397 0.7190
43 1398 0.4550
43 1399 0.0436
43 1401 0.1026
43 1402 0.3237
43 1405 0.6397
43 1406 0.4380
43 1407 0.2297
43 1408 0.6058
43 1409 0.2441
43 1410 0.3404
43 1411 0.3292
43 1412 0.3231
43 1413 0.0436
43 1414 0.1125
43 1415 0.4107
43 1416 0.0877
43 1418 0.0660
43 1419 0.7013
43 1420 0.0791
43 1421 0.0852
43 1422 0.0522
43 1423 0.0997
43 1424 0.1026
43 1425 0.0425
43 1426 0.2752
43 1427 0.0202
43 1428 0.0897
43 1430 0.0774
43 1431 0.0168
43 1433 0.0316
43 1434 0.3371
43 1435 0.1980
43 1436 0.1815
43 1437 0.0724
43 1438 0.0228
43 1439 0.0992
43 1440 0.1442
43 1441 0.0342
43 1443 0.0436
43 1445 0.0567
43 1446 0.0195
43 1448 0.0261
43 1449 0.0947
43 1451 0.0906
43 1452 0.0665
43 1453 0.0698
43 1454 0.1842
43 1455 0.1207
43 1456 0.0815
43 1457 0.0490
43 1458 0.1489
43 1459 0.1008
43 1460 0.0461
43 1461 0.1146
43 1462 0.0980
43 1463 0.0557
43 1464 0.0384
43 1465 0.2049
43 1466 0.1393
43 1468 0.1220
43 1470 0.0698
43 1472 0.0358
43 1473 0.0621
43 1474 0.0703
43 1475 0.0615
43 1476 0.1009
43 1477 0.0552
43 1478 0.0364
43 1479 0.1709
43 1480 0.1641
43 1481 0.0661
43 1482 0.1096
43 1484 0.2067
43 1485 0.0666
43 1486 0.0511
43 1487 0.1126
43 1488 0.0470
43 1490 0.0349
43 1491 0.0267
43 1492 0.0902
43 1493 0.0767
43 1494 0.0606
43 1495 0.0226
43 1496 0.1154
43 1497 0.1115
43 1499 0.0502
43 1500 0.1374
43 1501 0.0842
43 1502 0.1284
43 1503 0.0662
43 1504 0.1133
43 1505 0.1218
43 1506 0.0635
43 1507 0.1144
43 1508 0.0402
43 1510 0.0735
43 1511 0.3175
43 1512 0.1381
43 1513 0.0417
43 1514 0.1568
43 1515 0.1721
43 1516 0.2015
43 1517 0.1147
43 1518 0.1360
43 1519 0.1329
43 1520 0.5429
43 1522 0.0906
43 1523 0.0618
43 1525 0.0923
43 1526 0.1520
43 1527 0.0758
43 1528 0.0567
43 1529 0.2014
43 1530 0.1181
43 1531 0.0360
43 1532 0.0765
43 1534 0.0991
43 1535 0.0835
43 1536 0.0905
43 1537 0.0658
43 1538 0.0543
43 1540 0.0337
43 1541 0.0834
43 1542 0.0419
43 1544 0.0603
43 1545 0.0199
43 1546 0.2285
43 1547 0.0893
43 1548 0.0378
43 1549 0.0965
43 1550 0.0316
43 1551 0.0988
43 1552 0.0437
43 1553 0.0466
43 1554 0.0975
43 1555 0.0688
43 1557 0.0327
43 1560 0.0238
43 1562 0.0226
43 1565 0.0137
43 1566 0.0547
43 1567 0.0845
43 1568 0.0486
43 1569 0.1584
43 1570 0.0352
43 1571 0.0647
43 1572 0.1281
43 1573 0.1206
43 1574 0.0471
43 1575 0.1399
43 1576 0.0215
43 1577 0.1284
43 1578 0.1346
43 1579 0.0737
43 1580 0.0611
43 1581 0.0746
43 1582 0.0788
43 1583 0.1051
43 1584 0.0546
43 1585 0.1109
43 1586 0.1804
43 1587 0.0964
43 1588 0.0694
43 1589 0.0280
43 1590 0.0585
43 1591 0.0904
43 1592 0.1801
43 1593 0.0674
43 1594 0.0832
43 1595 0.0453
43 1596 0.1287
43 1597 0.1010
43 1598 0.1857
43 1599 0.1005
43 1600 0.1127
43 1601 0.3443
43 1602 0.0811
43 1603 0.0686
43 1604 0.0650
43 1605 0.1074
43 1606 0.0573
43 1607 0.0259
43 1608 0.2850
43 1609 0.0346
43 1610 0.0617
43 1611 0.0588
43 1612 0.0645
43 1613 0.3171
43 1614 0.0950
43 1615 0.0923
43 1616 0.0808
43 1617 0.0606
43 1618 0.6903
43 1619 0.2457
43 1620 0.0614
43 1621 0.1516
43 1622 0.3330
43 1623 0.2043
43 1624 0.0506
43 1625 0.0910
43 1626 0.0870
43 1627 0.0664
43 1628 0.0449
43 1629 0.0748
43 1630 0.3546
43 1631 0.0781
43 1632 0.0511
43 1633 0.0697
43 1634 0.0755
43 1635 0.1248
43 1636 0.0876
43 1637 0.0659
43 1638 0.0436
43 1639 0.0931
43 1640 0.2573
43 1641 0.0322
43 1642 0.0470
43 1643 0.0855
43 1644 0.0794
43 1645 0.2787
43 1646 0.1381
43 1647 0.1384
43 1648 0.0892
43 1649 0.1343
43 1650 0.0905
43 1651 0.1334
43 1652 0.0902
43 1653 0.5259
43 1654 0.1777
43 1655 0.2233
43 1656 0.0380
43 1657 0.0511
43 1658 0.1276
43 1659 0.0890
43 1660 0.0700
43 1661 0.0887
43 1662 0.3319
43 1663 0.3050
43 1664 0.1537
43 1665 0.2586
43 1666 0.0869
43 1667 0.5292
43 1668 0.7496
43 1669 0.3797
43 1670 0.2767
43 1671 0.1250
43 1672 0.2329
43 1673 0.1402
43 1674 0.3349
43 1675 0.1726
43 1676 0.2774
43 1677 0.1515
43 1678 0.1732
43 1679 0.2048
43 1680 0.0940
43 1681 0.0470
43 1682 0.2594
43 1683 0.6808
43 1684 0.1563
43 1685 0.1404
43 1686 0.3226
43 1687 0.3388
43 1688 0.2276
43 1689 0.9567
43 1690 0.1535
43 1691 0.3277
43 1692 0.7213
43 1693 0.1175
43 1694 0.6970
43 1695 0.1044
43 1696 0.1368
43 1697 0.0782
43 1698 0.0436
43 1699 0.0258
43 1700 0.0428
43 1701 0.0204
43 1702 0.0925
43 1703 0.0511
43 1704 0.0664
43 1705 0.0305
43 1706 0.0694
43 1707 0.1175
43 1708 0.0354
43 1709 0.0688
43 1710 0.0693
43 1711 0.0383
43 1712 0.4752
43 1713 0.0768
43 1714 0.1269
43 1715 0.0536
43 1716 0.0964
43 1717 0.1576
43 1718 0.0802
43 1719 0.0622
43 1720 0.2138
43 1721 0.0642
43 1722 0.0380
43 1723 0.0887
43 1724 0.1521
43 1725 0.2479
43 1726 0.1146
43 1727 0.0436
43 1728 0.1305
43 1729 0.0448
43 1730 0.0750
44 45 0.1115
44 46 0.2051
44 47 0.7860
44 48 0.0592
44 49 0.6266
44 50 0.0979
44 51 0.4297
44 52 0.3518
44 53 0.0746
44 54 0.4303
44 55 0.0198
44 56 0.1439
44 57 0.8673
44 58 0.6970
44 59 0.2269
44 60 0.2411
44 61 0.8803
44 62 0.1047
44 63 0.5410
44 64 0.6357
44 65 0.2247
44 66 0.3478
44 67 0.2823
44 68 0.0835
44 69 0.1442
44 70 0.2457
44 71 0.1175
44 72 0.3547
44 73 0.4475
44 74 0.0540
44 75 0.0494
44 76 0.0674
44 77 0.4643
44 78 0.1027
44 79 0.1642
44 80 0.1187
44 81 0.3957
44 82 0.2644
44 83 0.4233
44 84 0.8589
44 85 0.7672
44 86 0.0895
44 87 0.2199
44 88 0.3592
44 89 0.1604
44 90 0.8689
44 91 0.4061
44 92 0.0316
44 93 0.0651
44 94 0.5422
44 95 0.4950
44 96 0.0469
44 97 0.1491
44 98 0.1303
44 99 0.0302
44 100 0.0741
44 101 0.0162
44 102 0.1768
44 103 0.1978
44 104 0.1782
44 105 0.0870
44 106 0.0402
44 107 0.0193
44 108 0.1175
44 109 0.2679
44 110 0.0217
44 111 0.2957
44 112 0.1497
44 113 0.0823
44 114 0.0267
44 115 0.4154
44 116 0.7596
44 117 0.2232
44 118 0.0962
44 119 0.3469
44 120 0.0464
44 121 0.1090
44 122 0.0284
44 123 0.0372
44 124 0.4627
44 125 0.2162
44 126 0.1434
44 127 0.0343
44 128 0.1803
44 129 0.0430
44 130 0.0638
44 131 0.0312
44 132 0.1244
44 133 0.0424
44 134 0.1768
44 135 0.0901
44 136 0.6557
44 137 0.7623
44 138 0.1593
44 139 0.0575
44 140 0.0521
44 142 0.1243
44 143 0.8088
44 144 0.1917
44 145 0.1408
44 146 0.3256
44 147 0.1236
44 148 0.1499
44 149 0.2293
44 150 0.0493
44 151 0.1219
44 152 0.7813
44 153 0.7966
44 154 0.8181
44 156 0.0745
44 157 0.0437
44 158 0.0534
44 159 0.1836
44 160 0.3463
44 161 0.0214
44 162 0.2617
44 163 0.0365
44 164 0.0666
44 165 0.0938
44 166 0.0435
44 167 0.3294
44 168 0.0417
44 169 0.0236
44 170 0.7965
44 171 0.0850
44 172 0.0837
44 173 0.0281
44 174 0.0277
44 175 0.6062
44 176 0.4975
44 177 0.0573
44 178 0.6532
44 179 0.1502
44 180 0.1020
44 181 0.0163
44 182 0.1169
44 183 0.0567
44 184 0.7633
44 185 0.1901
44 186 0.0175
44 187 0.1829
44 188 0.0453
44 189 0.0614
44 190 0.0332
44 191 0.0474
44 192 0.0203
44 193 0.1003
44 194 0.2653
44 195 0.1016
44 196 0.1611
44 197 0.2661
44 198 0.0164
44 199 0.1387
44 200 0.1276
44 201 0.4503
44 202 0.2121
44 203 0.4860
44 204 0.3386
44 206 0.3682
44 207 0.1055
44 208 0.0196
44 209 0.0445
44 210 0.5228
44 211 0.0393
44 212 0.6404
44 213 0.0396
44 214 0.0468
44 215 0.7642
44 216 0.1086
44 217 0.0559
44 218 0.0365
44 219 0.0381
44 220 0.0187
44 221 0.1325
44 222 0.0351
44 223 0.5308
44 224 0.0119
44 225 0.0514
44 226 0.0264
44 227 0.0442
44 228 0.0929
44 229 0.0345
44 230 0.8816
44 231 0.0332
44 232 0.0273
44 233 0.6816
44 234 0.0855
44 235 0.2787
44 236 0.8311
44 237 0.0339
44 238 0.0997
44 239 0.0504
44 240 0.1148
44 241 0.1944
44 242 0.1594
44 243 0.0349
44 244 0.0283
44 245 0.1201
44 246 0.0281
44 247 0.0454
44 248 0.0934
44 249 0.0542
44 250 0.0334
44 251 0.0359
44 252 0.0651
44 253 0.3040
44 254 0.0482
44 255 0.1086
44 256 0.1578
44 257 0.0825
44 258 0.2310
44 259 0.0721
44 260 0.0346
44 261 0.1941
44 262 0.0238
44 263 0.0215
44 264 0.0890
44 265 0.6021
44 266 0.0377
44 267 0.1315
44 268 0.0355
44 269 0.1271
44 270 0.0810
44 271 0.0321
44 272 0.4619
44 273 0.0237
44 274 0.2482
44 275 0.0501
44 276 0.3004
44 277 0.2644
44 278 0.0433
44 279 0.0204
44 280 0.0498
44 281 0.2228
44 282 0.0324
44 283 0.2025
44 284 0.0389
44 285 0.0202
44 286 0.1531
44 287 0.1814
44 288 0.0632
44 289 0.0290
44 290 0.3476
44 291 0.0272
44 292 0.3275
44 293 0.1124
44 294 0.1792
44 295 0.0548
44 296 0.4009
44 297 0.0357
44 298 0.0302
44 299 0.0158
44 300 0.0608
44 301 0.0395
44 302 0.0202
44 303 0.0842
44 304 0.0732
44 305 0.0975
44 306 0.0631
44 307 0.0662
44 308 0.2728
44 309 0.1229
44 310 0.2872
44 311 0.0307
44 312 0.0454
44 313 0.0687
44 314 0.0415
44 315 0.0334
44 316 0.0163
44 317 0.0412
44 318 0.0467
44 319 0.1640
44 320 0.0416
44 321 0.0361
44 322 0.0190
44 323 0.1137
44 324 0.0349
44 325 0.0457
44 326 0.1709
44 327 0.1396
44 328 0.0828
44 329 0.0290
44 330 0.0939
44 331 0.0649
44 332 0.1313
44 333 0.1619
44 334 0.0956
44 335 0.0434
44 336 0.1898
44 337 0.0352
44 338 0.1450
44 339 0.0211
44 340 0.1953
44 341 0.1319
44 342 0.0224
44 343 0.2586
44 344 0.0260
44 345 0.0352
44 346 0.0208
44 347 0.5933
44 348 0.3996
44 349 0.0297
44 350 0.0542
44 351 0.0323
44 352 0.1336
44 353 0.2472
44 354 0.0384
44 355 0.0542
44 356 0.0263
44 357 0.0419
44 358 0.0478
44 359 0.0223
44 360 0.1019
44 361 0.0346
44 362 0.0209
44 363 0.0279
44 364 0.0549
44 366 0.0734
44 367 0.0261
44 368 0.0165
44 369 0.0601
44 370 0.0847
44 371 0.0223
44 372 0.0714
44 373 0.1289
44 374 0.0684
44 375 0.5315
44 376 0.1312
44 377 0.0207
44 378 0.1898
44 379 0.7641
44 380 0.0973
44 381 0.0206
44 382 0.0556
44 383 0.3146
44 384 0.0166
44 385 0.0434
44 386 0.1011
44 387 0.0507
44 388 0.1907
44 389 0.0581
44 390 0.2162
44 391 0.1685
44 392 0.0902
44 393 0.1559
44 394 0.0744
44 395 0.1774
44 396 0.3293
44 397 0.5239
44 398 0.0387
44 399 0.7039
44 400 0.2627
44 402 0.0683
44 403 0.0196
44 404 0.0248
44 405 0.0598
44 406 0.3012
44 407 0.0200
44 408 0.2114
44 409 0.0307
44 410 0.0403
44 411 0.3524
44 412 0.3881
44 413 0.0462
44 414 0.1895
44 415 0.2389
44 416 0.2057
44 417 0.0694
44 418 0.0989
44 419 0.1455
44 420 0.0616
44 421 0.0629
44 422 0.0144
44 423 0.5077
44 424 0.5110
44 425 0.1853
44 426 0.0567
44 427 0.0295
44 428 0.3709
44 429 0.1788
44 430 0.0826
44 431 0.0098
44 432 0.0636
44 433 0.1604
44 434 0.1634
44 435 0.0469
44 436 0.3366
44 437 0.1779
44 438 0.8466
44 439 0.0191
44 440 0.0333
44 441 0.0663
44 442 0.0908
44 443 0.0695
44 444 0.0446
44 445 0.0284
44 447 0.0513
44 448 0.0476
44 449 0.7070
44 450 0.0546
44 451 0.0392
44 452 0.0511
44 453 0.0265
44 454 0.4910
44 455 0.2236
44 456 0.3893
44 457 0.2907
44 458 0.0526
44 459 0.0806
44 460 0.0462
44 461 0.2624
44 462 0.0885
44 463 0.5198
44 464 0.3386
44 465 0.0177
44 466 0.3396
44 467 0.0209
44 468 0.0295
44 469 0.1523
44 470 0.1500
44 471 0.0807
44 472 0.1232
44 474 0.0210
44 475 0.0686
44 476 0.0414
44 478 0.1162
44 479 0.0937
44 480 0.0501
44 481 0.0410
44 482 0.0604
44 484 0.4014
44 485 0.0157
44 486 0.0546
44 487 0.0192
44 488 0.0281
44 489 0.0516
44 490 0.0142
44 491 0.0422
44 492 0.0690
44 493 0.0446
44 494 0.0349
44 495 0.1347
44 496 0.0567
44 497 0.1170
44 498 0.0474
44 499 0.2728
44 500 0.1130
44 501 0.0247
44 502 0.0468
44 503 0.0838
44 504 0.0344
44 505 0.4468
44 506 0.0811
44 507 0.0236
44 508 0.0867
44 509 0.2426
44 510 0.0566
44 511 0.4904
44 512 0.0414
44 513 0.0299
44 514 0.3839
44 515 0.0480
44 516 0.3344
44 517 0.3083
44 518 0.0877
44 519 0.0287
44 520 0.0695
44 521 0.0616
44 522 0.0595
44 523 0.0528
44 524 0.1625
44 525 0.0458
44 526 0.0999
44 527 0.6025
44 528 0.0312
44 529 0.0198
44 530 0.2353
44 531 0.1153
44 532 0.0270
44 533 0.0492
44 534 0.0242
44 535 0.0594
44 536 0.0425
44 537 0.0345
44 538 0.1118
44 539 0.1785
44 540 0.0589
44 541 0.0396
44 542 0.0460
44 543 0.0535
44 544 0.0907
44 545 0.0825
44 546 0.4606
44 547 0.1508
44 548 0.0704
44 549 0.0614
44 550 0.0230
44 551 0.0489
44 552 0.1178
44 553 0.2088
44 554 0.0859
44 555 0.7403
44 556 0.0265
44 557 0.3752
44 558 0.2132
44 559 0.0203
44 560 0.0479
44 561 0.4955
44 562 0.0173
44 563 0.1670
44 564 0.0491
44 565 0.1023
44 566 0.0896
44 567 0.1921
44 568 0.4241
44 569 0.0215
44 570 0.3459
44 571 0.3987
44 572 0.6207
44 573 0.1340
44 574 0.0256
44 575 0.1738
44 576 0.0648
44 577 0.0379
44 578 0.0205
44 579 0.7345
44 580 0.0555
44 581 0.0301
44 582 0.0587
44 583 0.0112
44 584 0.0386
44 585 0.1203
44 586 0.0776
44 587 0.1945
44 589 0.0719
44 590 0.2332
44 591 0.0488
44 592 0.0760
44 593 0.4114
44 594 0.2196
44 595 0.0415
44 598 0.0259
44 599 0.0747
44 600 0.0281
44 601 0.5800
44 602 0.0768
44 604 0.0128
44 605 0.0417
44 606 0.2664
44 607 0.0632
44 608 0.1632
44 609 0.0904
44 610 0.1016
44 611 0.0947
44 612 0.0366
44 613 0.0663
44 614 0.2012
44 615 0.0497
44 616 0.1252
44 617 0.0186
44 618 0.1317
44 619 0.0641
44 620 0.0197
44 621 0.4837
44 622 0.0866
44 623 0.4406
44 624 0.0678
44 625 0.2448
44 626 0.0441
44 627 0.2573
44 628 0.0620
44 629 0.2739
44 630 0.0192
44 631 0.0328
44 632 0.0347
44 633 0.1243
44 634 0.0323
44 635 0.2923
44 636 0.0697
44 637 0.1577
44 638 0.0116
44 639 0.1686
44 640 0.0743
44 641 0.0487
44 642 0.0613
44 643 0.1478
44 644 0.0787
44 645 0.0813
44 646 0.0693
44 647 0.0678
44 648 0.0151
44 649 0.0116
44 650 0.5939
44 651 0.0685
44 652 0.2195
44 653 0.0649
44 654 0.0873
44 655 0.1159
44 656 0.5106
44 657 0.0651
44 658 0.6943
44 659 0.0575
44 660 0.1417
44 661 0.0442
44 662 0.1088
44 663 0.0586
44 664 0.1917
44 665 0.0567
44 666 0.0289
44 667 0.0462
44 668 0.2044
44 669 0.0692
44 670 0.1130
44 671 0.1223
44 672 0.0624
44 673 0.0121
44 674 0.0395
44 675 0.0967
44 676 0.0876
44 677 0.0990
44 678 0.0508
44 679 0.1226
44 680 0.0216
44 681 0.0522
44 682 0.0108
44 683 0.2387
44 684 0.1572
44 685 0.1473
44 686 0.0453
44 687 0.1721
44 688 0.0519
44 689 0.1719
44 690 0.0468
44 691 0.1101
44 692 0.0282
44 693 0.0373
44 694 0.0265
44 695 0.0790
44 696 0.0693
44 697 0.0449
44 698 0.0660
44 699 0.1685
44 700 0.0282
44 701 0.0797
44 702 0.0243
44 703 0.0348
44 704 0.0244
44 705 0.0970
44 706 0.2245
44 707 0.0433
44 708 0.0946
44 709 0.0800
44 710 0.0365
44 711 0.1223
44 712 0.0762
44 713 0.0331
44 714 0.0864
44 715 0.0436
44 716 0.0378
44 717 0.0123
44 718 0.1547
44 720 0.0229
44 721 0.1015
44 722 0.1435
44 723 0.1548
44 724 0.1236
44 725 0.0567
44 726 0.4777
44 727 0.1002
44 728 0.0799
44 729 0.1781
44 730 0.1114
44 731 0.0884
44 732 0.7349
44 733 0.0626
44 734 0.2348
44 735 0.0605
44 736 0.2590
44 737 0.4832
44 738 0.1006
44 740 0.5670
44 741 0.2119
44 742 0.3370
44 743 0.0666
44 744 0.0887
44 745 0.0233
44 746 0.1181
44 747 0.0636
44 748 0.4790
44 749 0.0238
44 750 0.6112
44 751 0.2454
44 752 0.1857
44 753 0.0875
44 754 0.3202
44 755 0.0405
44 756 0.0526
44 757 0.2406
44 758 0.0763
44 759 0.0525
44 760 0.0301
44 761 0.4682
44 762 0.0304
44 763 0.0454
44 764 0.2198
44 765 0.0216
44 766 0.0397
44 767 0.1262
44 768 0.1631
44 769 0.0377
44 770 0.3377
44 771 0.0193
44 772 0.1310
44 773 0.1243
44 774 0.0333
44 775 0.0274
44 776 0.0594
44 777 0.0344
44 778 0.0853
44 779 0.0475
44 780 0.1211
44 781 0.0528
44 782 0.0698
44 783 0.3309
44 784 0.0180
44 785 0.0637
44 786 0.0723
44 787 0.0377
44 788 0.1862
44 789 0.2104
44 791 0.2684
44 792 0.0531
44 793 0.6619
44 794 0.0341
44 795 0.0411
44 796 0.0865
44 797 0.0854
44 798 0.0276
44 799 0.0781
44 800 0.1356
44 801 0.0793
44 802 0.1048
44 803 0.0148
44 804 0.2748
44 805 0.0450
44 806 0.0568
44 807 0.0822
44 808 0.0422
44 809 0.0677
44 810 0.0893
44 811 0.1774
44 812 0.0558
44 813 0.0701
44 814 0.0710
44 815 0.0262
44 816 0.0878
44 817 0.0274
44 818 0.0217
44 819 0.0349
44 820 0.0530
44 821 0.4382
44 822 0.0361
44 823 0.1442
44 824 0.1525
44 825 0.3239
44 827 0.0756
44 828 0.1870
44 829 0.4945
44 830 0.0531
44 831 0.1604
44 832 0.3280
44 833 0.1101
44 834 0.1203
44 835 0.0478
44 836 0.0260
44 837 0.1305
44 838 0.0512
44 839 0.0281
44 840 0.0357
44 841 0.7428
44 842 0.0340
44 843 0.0771
44 844 0.0468
44 845 0.4673
44 846 0.0412
44 847 0.0468
44 848 0.2165
44 849 0.0473
44 850 0.0210
44 851 0.2326
44 852 0.0717
44 853 0.0436
44 854 0.1363
44 855 0.0416
44 856 0.0739
44 857 0.0317
44 858 0.3837
44 859 0.0315
44 860 0.0249
44 861 0.0324
44 862 0.0266
44 864 0.0344
44 865 0.0332
44 866 0.0779
44 867 0.1568
44 868 0.1640
44 869 0.0194
44 870 0.0516
44 871 0.0318
44 872 0.8965
44 873 0.1605
44 874 0.1136
44 875 0.0433
44 876 0.0310
44 877 0.0933
44 878 0.1876
44 880 0.0778
44 881 0.0193
44 882 0.0852
44 883 0.1083
44 884 0.0604
44 885 0.0637
44 886 0.1064
44 887 0.1020
44 888 0.0753
44 889 0.0549
44 890 0.0415
44 891 0.2469
44 892 0.0794
44 893 0.0785
44 894 0.1481
44 895 0.3490
44 896 0.1899
44 897 0.1014
44 898 0.0521
44 899 0.0498
44 900 0.0348
44 901 0.0396
44 903 0.0356
44 905 0.0402
44 906 0.1227
44 907 0.1025
44 908 0.3249
44 909 0.2339
44 910 0.0284
44 911 0.1860
44 912 0.0092
44 913 0.1794
44 914 0.0490
44 915 0.0711
44 916 0.2092
44 917 0.1112
44 918 0.0414
44 919 0.2491
44 920 0.3711
44 921 0.0241
44 922 0.0677
44 924 0.0724
44 925 0.1069
44 928 0.0687
44 929 0.5145
44 930 0.0500
44 932 0.0364
44 933 0.0612
44 934 0.0364
44 935 0.0436
44 936 0.3650
44 937 0.0812
44 938 0.0297
44 939 0.0331
44 940 0.3301
44 941 0.1122
44 942 0.0255
44 943 0.0835
44 944 0.0280
44 946 0.4491
44 947 0.0583
44 948 0.0360
44 949 0.0583
44 950 0.0422
44 951 0.0660
44 952 0.4358
44 953 0.7207
44 954 0.0369
44 955 0.0818
44 956 0.0863
44 957 0.1508
44 958 0.1181
44 959 0.2478
44 960 0.9156
44 961 0.0878
44 962 0.0665
44 963 0.0529
44 964 0.1510
44 965 0.3261
44 966 0.0649
44 967 0.0179
44 968 0.0596
44 969 0.1317
44 971 0.2847
44 972 0.3754
44 973 0.5333
44 974 0.9568
44 975 0.0364
44 976 0.0192
44 977 0.1531
44 978 0.3702
44 979 0.2406
44 980 0.2671
44 981 0.1283
44 982 0.0802
44 983 0.0134
44 984 0.1367
44 986 0.1951
44 987 0.6143
44 989 0.0954
44 990 0.0941
44 991 0.0476
44 992 0.2353
44 993 0.2260
44 994 0.3091
44 995 0.4097
44 996 0.3373
44 998 0.0567
44 999 0.0744
44 1000 0.2170
44 1001 0.0222
44 1002 0.0981
44 1003 0.3623
44 1004 0.1028
44 1005 0.0564
44 1006 0.5590
44 1007 0.1021
44 1008 0.0817
44 1010 0.2052
44 1012 0.0523
44 1013 0.0951
44 1014 0.4872
44 1015 0.1157
44 1016 0.0246
44 1017 0.1209
44 1018 0.1159
44 1019 0.1345
44 1020 0.0829
44 1022 0.0343
44 1023 0.3157
44 1024 0.5429
44 1025 0.1131
44 1026 0.2107
44 1027 0.2351
44 1028 0.0901
44 1029 0.0389
44 1030 0.0676
44 1031 0.0468
44 1032 0.0667
44 1033 0.3364
44 1034 0.0072
44 1035 0.0525
44 1036 0.0196
44 1037 0.0629
44 1038 0.0994
44 1039 0.1138
44 1040 0.0364
44 1041 0.3012
44 1042 0.1456
44 1043 0.0295
44 1044 0.0399
44 1045 0.0562
44 1046 0.1162
44 1047 0.0394
44 1048 0.6559
44 1049 0.0292
44 1050 0.0436
44 1051 0.0252
44 1052 0.1122
44 1053 0.0267
44 1054 0.1580
44 1055 0.0444
44 1056 0.6397
44 1057 0.0868
44 1058 0.0116
44 1059 0.0431
44 1060 0.0291
44 1061 0.5114
44 1062 0.0868
44 1063 0.2746
44 1064 0.3083
44 1065 0.0268
44 1066 0.1551
44 1067 0.3186
44 1068 0.1629
44 1069 0.0946
44 1070 0.5621
44 1072 0.0159
44 1073 0.0450
44 1075 0.1849
44 1076 0.0679
44 1077 0.0139
44 1078 0.0307
44 1079 0.6447
44 1080 0.0822
44 1081 0.0345
44 1082 0.1333
44 1083 0.3218
44 1084 0.0116
44 1085 0.0357
44 1087 0.2045
44 1089 0.0537
44 1090 0.0412
44 1091 0.0978
44 1093 0.0828
44 1094 0.4099
44 1095 0.0499
44 1096 0.0936
44 1097 0.2895
44 1099 0.6425
44 1102 0.1481
44 1103 0.1313
44 1104 0.2565
44 1105 0.3964
44 1106 0.5670
44 1107 0.0431
44 1108 0.0134
44 1109 0.0791
44 1110 0.0671
44 1111 0.0464
44 1113 0.0436
44 1114 0.0894
44 1115 0.0135
44 1116 0.0344
44 1117 0.0838
44 1118 0.1026
44 1119 0.3085
44 1120 0.0365
44 1121 0.1014
44 1122 0.0979
44 1123 0.1381
44 1124 0.0726
44 1125 0.0244
44 1126 0.0770
44 1127 0.0980
44 1128 0.2835
44 1129 0.5405
44 1130 0.1663
44 1131 0.0269
44 1132 0.0795
44 1133 0.0861
44 1134 0.0966
44 1135 0.5670
44 1136 0.0473
44 1138 0.0142
44 1139 0.0355
44 1141 0.0187
44 1142 0.2678
44 1143 0.2686
44 1144 0.0481
44 1145 0.1273
44 1146 0.3093
44 1147 0.0256
44 1148 0.0685
44 1149 0.1186
44 1150 0.2169
44 1151 0.1949
44 1152 0.1752
44 1153 0.0303
44 1154 0.1210
44 1155 0.0834
44 1156 0.1169
44 1157 0.1765
44 1158 0.1997
44 1159 0.0665
44 1160 0.0107
44 1161 0.0489
44 1162 0.1075
44 1163 0.1258
44 1165 0.1579
44 1166 0.0599
44 1167 0.1433
44 1169 0.0988
44 1170 0.0567
44 1172 0.1465
44 1173 0.0971
44 1174 0.1375
44 1176 0.0452
44 1177 0.0744
44 1178 0.0743
44 1180 0.0666
44 1181 0.0581
44 1182 0.0799
44 1183 0.0559
44 1184 0.0651
44 1185 0.1407
44 1186 0.0441
44 1187 0.0245
44 1188 0.0799
44 1189 0.2439
44 1191 0.0726
44 1192 0.3715
44 1193 0.0686
44 1194 0.0328
44 1195 0.2013
44 1196 0.0159
44 1197 0.1792
44 1198 0.1147
44 1199 0.1207
44 1200 0.0415
44 1201 0.4036
44 1202 0.0214
44 1203 0.0731
44 1204 0.1066
44 1205 0.1612
44 1206 0.1203
44 1207 0.1489
44 1208 0.2018
44 1209 0.0281
44 1210 0.0394
44 1211 0.4583
44 1212 0.1161
44 1213 0.1118
44 1214 0.2727
44 1215 0.0467
44 1216 0.0567
44 1217 0.1003
44 1218 0.0309
44 1219 0.0455
44 1220 0.0677
44 1221 0.0621
44 1222 0.0812
44 1223 0.0241
44 1224 0.0812
44 1225 0.5151
44 1226 0.1824
44 1227 0.0496
44 1228 0.1302
44 1229 0.0444
44 1230 0.0990
44 1231 0.0251
44 1232 0.0617
44 1233 0.0574
44 1234 0.0357
44 1235 0.2171
44 1237 0.0322
44 1238 0.0782
44 1239 0.0464
44 1240 0.3433
44 1241 0.0290
44 1242 0.0703
44 1243 0.0304
44 1244 0.1384
44 1245 0.0677
44 1246 0.1151
44 1247 0.0688
44 1248 0.1226
44 1249 0.0338
44 1250 0.1468
44 1251 0.1190
44 1252 0.0401
44 1253 0.1877
44 1254 0.3563
44 1255 0.1997
44 1256 0.4546
44 1257 0.1703
44 1258 0.5245
44 1259 0.3327
44 1260 0.7503
44 1262 0.0742
44 1263 0.4883
44 1265 0.5265
44 1266 0.1255
44 1267 0.3899
44 1268 0.6059
44 1269 0.4660
44 1270 0.3485
44 1271 0.5647
44 1272 0.1556
44 1273 0.6172
44 1274 0.0930
44 1275 0.5571
44 1276 0.3171
44 1278 0.1750
44 1279 0.3874
44 1280 0.1461
44 1281 0.0572
44 1282 0.0269
44 1283 0.0300
44 1284 0.0241
44 1286 0.1425
44 1287 0.0550
44 1288 0.0710
44 1289 0.0181
44 1290 0.0613
44 1291 0.0209
44 1292 0.1242
44 1293 0.0235
44 1295 0.0101
44 1296 0.0136
44 1297 0.0678
44 1298 0.0323
44 1299 0.0269
44 1300 0.1047
44 1301 0.0287
44 1302 0.1055
44 1303 0.0789
44 1304 0.0576
44 1305 0.0245
44 1306 0.0353
44 1307 0.0284
44 1308 0.0511
44 1309 0.0697
44 1310 0.0482
44 1311 0.0958
44 1312 0.0741
44 1313 0.0818
44 1315 0.0533
44 1316 0.3993
44 1318 0.0414
44 1319 0.1066
44 1320 0.0370
44 1322 0.0590
44 1323 0.0607
44 1324 0.0358
44 1325 0.0567
44 1326 0.0592
44 1327 0.1160
44 1328 0.2265
44 1329 0.1304
44 1330 0.0411
44 1331 0.1156
44 1332 0.0349
44 1333 0.0589
44 1334 0.0331
44 1335 0.1710
44 1336 0.1955
44 1337 0.0785
44 1338 0.1136
44 1339 0.1577
44 1340 0.0617
44 1341 0.0805
44 1342 0.1715
44 1343 0.0355
44 1344 0.3335
44 1345 0.1667
44 1346 0.0414
44 1347 0.1054
44 1348 0.0692
44 1349 0.0650
44 1350 0.1100
44 1351 0.0361
44 1352 0.0590
44 1353 0.0963
44 1354 0.0783
44 1355 0.0963
44 1356 0.3483
44 1357 0.0289
44 1358 0.1907
44 1359 0.0757
44 1360 0.0159
44 1361 0.0912
44 1362 0.2586
44 1363 0.0747
44 1364 0.1084
44 1365 0.0573
44 1366 0.1411
44 1367 0.0369
44 1368 0.2921
44 1369 0.2851
44 1370 0.1212
44 1371 0.0568
44 1372 0.0475
44 1373 0.1072
44 1374 0.0329
44 1375 0.0843
44 1376 0.0785
44 1377 0.1756
44 1378 0.0641
44 1379 0.1296
44 1380 0.2533
44 1381 0.1288
44 1382 0.0897
44 1383 0.0750
44 1384 0.0848
44 1386 0.6968
44 1387 0.3286
44 1388 0.4496
44 1389 0.3801
44 1390 0.2644
44 1392 0.1078
44 1393 0.1548
44 1394 0.2973
44 1395 0.3322
44 1396 0.2335
44 1397 0.6532
44 1398 0.6103
44 1399 0.0567
44 1401 0.0963
44 1402 0.2604
44 1405 0.4220
44 1406 0.2836
44 1407 0.0871
44 1408 0.2374
44 1409 0.2584
44 1410 0.3098
44 1411 0.1897
44 1412 0.1621
44 1413 0.0567
44 1414 0.1291
44 1415 0.4790
44 1416 0.0687
44 1418 0.0462
44 1419 0.3785
44 1420 0.0552
44 1421 0.0606
44 1422 0.0371
44 1423 0.0500
44 1424 0.0963
44 1425 0.0300
44 1426 0.1955
44 1427 0.0325
44 1428 0.1508
44 1430 0.0210
44 1431 0.0291
44 1433 0.0120
44 1434 0.5102
44 1435 0.1701
44 1436 0.0529
44 1437 0.0295
44 1438 0.0187
44 1439 0.2180
44 1440 0.1970
44 1441 0.0445
44 1443 0.0567
44 1445 0.0268
44 1446 0.0139
44 1448 0.0540
44 1449 0.0543
44 1451 0.0606
44 1452 0.0649
44 1453 0.0487
44 1454 0.1201
44 1455 0.0623
44 1456 0.1111
44 1457 0.0647
44 1458 0.0780
44 1459 0.0380
44 1460 0.0613
44 1461 0.1169
44 1462 0.1066
44 1463 0.0643
44 1464 0.0475
44 1465 0.3632
44 1466 0.0447
44 1468 0.0885
44 1470 0.0700
44 1472 0.0530
44 1473 0.0904
44 1474 0.0993
44 1475 0.0530
44 1476 0.1188
44 1477 0.0565
44 1478 0.0333
44 1479 0.1535
44 1480 0.1743
44 1481 0.0555
44 1482 0.1717
44 1484 0.1793
44 1485 0.0907
44 1486 0.0685
44 1487 0.0446
44 1488 0.0623
44 1490 0.0340
44 1491 0.0846
44 1492 0.0237
44 1493 0.0497
44 1494 0.0640
44 1495 0.0392
44 1496 0.0490
44 1497 0.0987
44 1499 0.0671
44 1500 0.1746
44 1501 0.1392
44 1502 0.1235
44 1503 0.0313
44 1504 0.0850
44 1505 0.0358
44 1506 0.0635
44 1507 0.0868
44 1508 0.0539
44 1510 0.0810
44 1511 0.2103
44 1512 0.1607
44 1513 0.0694
44 1514 0.1114
44 1515 0.0957
44 1516 0.1121
44 1517 0.1232
44 1518 0.0601
44 1519 0.0839
44 1520 0.3956
44 1522 0.0297
44 1523 0.0270
44 1525 0.0689
44 1526 0.0347
44 1527 0.0926
44 1528 0.0579
44 1529 0.1213
44 1530 0.0673
44 1531 0.1762
44 1532 0.0442
44 1534 0.0298
44 1535 0.1278
44 1536 0.0602
44 1537 0.0185
44 1538 0.0431
44 1540 0.0519
44 1541 0.0764
44 1542 0.0196
44 1544 0.0863
44 1545 0.0917
44 1546 0.0469
44 1547 0.0189
44 1548 0.0764
44 1549 0.1224
44 1550 0.0723
44 1551 0.0247
44 1552 0.1045
44 1553 0.1167
44 1554 0.0485
44 1555 0.0197
44 1557 0.0264
44 1560 0.1437
44 1562 0.0901
44 1565 0.0232
44 1566 0.0313
44 1567 0.0176
44 1568 0.0443
44 1569 0.0889
44 1570 0.1502
44 1571 0.0557
44 1572 0.0733
44 1573 0.1235
44 1574 0.0544
44 1575 0.1551
44 1576 0.1156
44 1577 0.0402
44 1578 0.0709
44 1579 0.1032
44 1580 0.1196
44 1581 0.0497
44 1582 0.0708
44 1583 0.1366
44 1584 0.0422
44 1585 0.1990
44 1586 0.0844
44 1587 0.1046
44 1588 0.1378
44 1589 0.0468
44 1590 0.0474
44 1591 0.0506
44 1592 0.1273
44 1593 0.0362
44 1594 0.0252
44 1595 0.0522
44 1596 0.1854
44 1597 0.0182
44 1598 0.1585
44 1599 0.0830
44 1600 0.0967
44 1601 0.0386
44 1602 0.1185
44 1603 0.0987
44 1604 0.0801
44 1605 0.0477
44 1606 0.0847
44 1607 0.0397
44 1608 0.2622
44 1609 0.0256
44 1610 0.0249
44 1611 0.1249
44 1612 0.0458
44 1613 0.0704
44 1614 0.1209
44 1615 0.0844
44 1616 0.1086
44 1617 0.1064
44 1618 0.6559
44 1619 0.1431
44 1620 0.0835
44 1621 0.1580
44 1622 0.1519
44 1623 0.0596
44 1624 0.0922
44 1625 0.1236
44 1626 0.1099
44 1627 0.0553
44 1628 0.0437
44 1629 0.2125
44 1630 0.1414
44 1631 0.0548
44 1632 0.0685
44 1633 0.0827
44 1634 0.0730
44 1635 0.1015
44 1636 0.0669
44 1637 0.0557
44 1638 0.0567
44 1639 0.0657
44 1640 0.1222
44 1641 0.0293
44 1642 0.0623
44 1643 0.1077
44 1644 0.0803
44 1645 0.1498
44 1646 0.3185
44 1647 0.1052
44 1648 0.0940
44 1649 0.0834
44 1650 0.0424
44 1651 0.1164
44 1652 0.0718
44 1653 0.6311
44 1654 0.1217
44 1655 0.3798
44 1656 0.2092
44 1657 0.0521
44 1658 0.1119
44 1659 0.1629
44 1660 0.1163
44 1661 0.1499
44 1662 0.2008
44 1663 0.1003
44 1664 0.1207
44 1665 0.3658
44 1666 0.2581
44 1667 0.3908
44 1668 0.7093
44 1669 0.1669
44 1670 0.1182
44 1671 0.1377
44 1672 0.2983
44 1673 0.1668
44 1674 0.2549
44 1675 0.1786
44 1676 0.2587
44 1677 0.2697
44 1678 0.3571
44 1679 0.1206
44 1680 0.0617
44 1681 0.0623
44 1682 0.2697
44 1683 0.6148
44 1684 0.2757
44 1685 0.1735
44 1686 0.1577
44 1687 0.4076
44 1688 0.3119
44 1689 0.9817
44 1690 0.1841
44 1691 0.3939
44 1692 0.5721
44 1693 0.2762
44 1694 0.5263
44 1695 0.0938
44 1696 0.0611
44 1697 0.0813
44 1698 0.0567
44 1699 0.0186
44 1700 0.0311
44 1701 0.0142
44 1702 0.0431
44 1703 0.0685
44 1704 0.0391
44 1705 0.0571
44 1706 0.0324
44 1707 0.0444
44 1708 0.0456
44 1709 0.0956
44 1710 0.0508
44 1711 0.0402
44 1712 0.3296
44 1713 0.1757
44 1714 0.0253
44 1715 0.0238
44 1716 0.0517
44 1717 0.3120
44 1718 0.0244
44 1719 0.0403
44 1720 0.1467
44 1721 0.0845
44 1722 0.0508
44 1723 0.0540
44 1724 0.0828
44 1725 0.1017
44 1726 0.0629
44 1727 0.0567
44 1728 0.1183
44 1729 0.0751
44 1730 0.0476
45 46 0.8294
45 47 0.1933
45 48 0.1850
45 49 0.7780
45 50 0.7567
45 51 0.8091
45 52 0.9375
45 53 0.3417
45 54 0.9130
45 55 0.1899
45 56 0.3238
45 57 0.8624
45 58 0.8606
45 59 0.5417
45 60 0.8920
45 61 0.5295
45 62 0.2597
45 63 0.2460
45 64 0.3309
45 65 0.4907
45 66 0.8532
45 67 0.4121
45 68 0.7810
45 69 0.6864
45 70 0.1109
45 71 0.3060
45 72 0.6281
45 73 0.7367
45 74 0.1303
45 75 0.3677
45 76 0.3017
45 77 0.2801
45 78 0.2120
45 79 0.3601
45 80 0.3926
45 81 0.2699
45 82 0.8889
45 83 0.8522
45 84 0.6392
45 85 0.2310
45 86 0.6269
45 87 0.4958
45 88 0.8876
45 89 0.4279
45 90 0.5748
45 91 0.8892
45 92 0.8672
45 93 0.3807
45 94 0.3376
45 95 0.1674
45 96 0.8462
45 97 0.2377
45 98 0.8792
45 99 0.2356
45 100 0.0644
45 101 0.5834
45 102 0.4816
45 103 0.4658
45 104 0.1364
45 105 0.3946
45 106 0.3676
45 107 0.1773
45 108 0.2968
45 109 0.0479
45 110 0.1992
45 111 0.8550
45 112 0.3773
45 113 0.2062
45 114 0.1675
45 115 0.1330
45 116 0.1766
45 117 0.8670
45 118 0.5223
45 119 0.3029
45 120 0.1445
45 121 0.1305
45 122 0.1321
45 123 0.7223
45 124 0.2121
45 125 0.2308
45 126 0.4979
45 127 0.1793
45 128 0.2521
45 129 0.1908
45 130 0.1514
45 131 0.1157
45 132 0.4842
45 133 0.5468
45 134 0.4132
45 135 0.2208
45 136 0.4211
45 137 0.3578
45 138 0.3801
45 139 0.7226
45 140 0.2202
45 142 0.2786
45 143 0.3482
45 144 0.7546
45 145 0.3932
45 146 0.1117
45 147 0.1539
45 148 0.5315
45 149 0.2171
45 150 0.2364
45 151 0.1388
45 152 0.5560
45 153 0.4101
45 154 0.2193
45 156 0.1353
45 157 0.4446
45 158 0.6421
45 159 0.5563
45 160 0.8970
45 161 0.2718
45 162 0.8587
45 163 0.1420
45 164 0.6265
45 165 0.3147
45 166 0.6694
45 167 0.5865
45 168 0.6528
45 169 0.1887
45 170 0.1285
45 171 0.4096
45 172 0.2024
45 173 0.0739
45 174 0.6239
45 175 0.2157
45 176 0.4298
45 177 0.3596
45 178 0.2227
45 179 0.2475
45 180 0.2345
45 181 0.1661
45 182 0.4097
45 183 0.3845
45 184 0.6456
45 185 0.1503
45 186 0.0806
45 187 0.5731
45 188 0.1695
45 189 0.3823
45 190 0.4625
45 191 0.2534
45 192 0.1526
45 193 0.2389
45 194 0.6641
45 195 0.2978
45 196 0.4164
45 197 0.3507
45 198 0.1266
45 199 0.4414
45 200 0.2648
45 201 0.5314
45 202 0.1124
45 203 0.3327
45 204 0.2245
45 206 0.8465
45 207 0.4117
45 208 0.2062
45 209 0.2314
45 210 0.4031
45 211 0.2374
45 212 0.2922
45 213 0.3299
45 214 0.0817
45 215 0.5281
45 216 0.1782
45 217 0.1819
45 218 0.2537
45 219 0.0779
45 220 0.3802
45 221 0.2000
45 222 0.2936
45 223 0.5653
45 224 0.3096
45 225 0.7142
45 226 0.0740
45 227 0.4735
45 228 0.7195
45 229 0.2084
45 230 0.3264
45 231 0.3048
45 232 0.1217
45 233 0.4565
45 234 0.2658
45 235 0.3745
45 236 0.3520
45 237 0.2207
45 238 0.3474
45 239 0.2832
45 240 0.8271
45 241 0.4648
45 242 0.3699
45 243 0.2969
45 244 0.1454
45 245 0.2223
45 246 0.6192
45 247 0.2601
45 248 0.3966
45 249 0.6026
45 250 0.1755
45 251 0.5069
45 252 0.3643
45 253 0.6073
45 254 0.3044
45 255 0.1975
45 256 0.4110
45 257 0.4492
45 258 0.3189
45 259 0.1852
45 260 0.5451
45 261 0.1776
45 262 0.4604
45 263 0.5416
45 264 0.7819
45 265 0.5066
45 266 0.3037
45 267 0.5100
45 268 0.1338
45 269 0.7756
45 270 0.6735
45 271 0.2189
45 272 0.1586
45 273 0.5939
45 274 0.7146
45 275 0.3427
45 276 0.5215
45 277 0.0387
45 278 0.2385
45 279 0.1941
45 280 0.6531
45 281 0.4051
45 282 0.1769
45 283 0.5604
45 284 0.4314
45 285 0.6718
45 286 0.4829
45 287 0.7065
45 288 0.3998
45 289 0.1451
45 290 0.8462
45 291 0.1128
45 292 0.5655
45 293 0.3227
45 294 0.4839
45 295 0.2705
45 296 0.3992
45 297 0.3008
45 298 0.3310
45 299 0.5097
45 300 0.2041
45 301 0.2401
45 302 0.1816
45 303 0.2914
45 304 0.3867
45 305 0.2551
45 306 0.7617
45 307 0.4515
45 308 0.5343
45 309 0.8090
45 310 0.1381
45 311 0.5885
45 312 0.2046
45 313 0.2203
45 314 0.1713
45 315 0.3640
45 316 0.2249
45 317 0.1752
45 318 0.3744
45 319 0.4775
45 320 0.1392
45 321 0.5241
45 322 0.1807
45 323 0.4872
45 324 0.1834
45 325 0.2231
45 326 0.1032
45 327 0.4108
45 328 0.3033
45 329 0.1454
45 330 0.1419
45 331 0.1302
45 332 0.0688
45 333 0.5120
45 334 0.2021
45 335 0.4565
45 336 0.4728
45 337 0.2584
45 338 0.2019
45 339 0.1686
45 340 0.4972
45 341 0.3828
45 342 0.2482
45 343 0.3155
45 344 0.2323
45 345 0.4490
45 346 0.5219
45 347 0.1702
45 348 0.1300
45 349 0.3179
45 350 0.3601
45 351 0.0840
45 352 0.7107
45 353 0.2564
45 354 0.6847
45 355 0.2998
45 356 0.1093
45 357 0.2411
45 358 0.3025
45 359 0.1788
45 360 0.5677
45 361 0.1878
45 362 0.2474
45 363 0.1344
45 364 0.1908
45 366 0.1523
45 367 0.5303
45 368 0.1154
45 369 0.2053
45 370 0.6953
45 371 0.1117
45 372 0.2432
45 373 0.5051
45 374 0.2920
45 375 0.4399
45 376 0.2617
45 377 0.2980
45 378 0.4507
45 379 0.3286
45 380 0.1448
45 381 0.2122
45 382 0.2679
45 383 0.7225
45 384 0.2307
45 385 0.2180
45 386 0.2725
45 387 0.2917
45 388 0.3777
45 389 0.4378
45 390 0.1677
45 391 0.3378
45 392 0.4556
45 393 0.6380
45 394 0.3829
45 395 0.1267
45 396 0.3703
45 397 0.1306
45 398 0.1998
45 399 0.6468
45 400 0.4902
45 402 0.3581
45 403 0.2360
45 404 0.1803
45 405 0.2435
45 406 0.4197
45 407 0.2118
45 408 0.0958
45 409 0.1087
45 410 0.5520
45 411 0.4557
45 412 0.4130
45 413 0.2039
45 414 0.7122
45 415 0.3072
45 416 0.4707
45 417 0.1235
45 418 0.2940
45 419 0.2095
45 420 0.2874
45 421 0.6177
45 422 0.1634
45 423 0.1292
45 424 0.8271
45 425 0.3624
45 426 0.1439
45 427 0.4171
45 428 0.7757
45 429 0.0808
45 430 0.3766
45 431 0.1220
45 432 0.3553
45 433 0.2222
45 434 0.8924
45 435 0.1649
45 436 0.1529
45 437 0.2606
45 438 0.1881
45 439 0.5653
45 440 0.4059
45 441 0.2705
45 442 0.2913
45 443 0.3179
45 444 0.3475
45 445 0.1288
45 447 0.8292
45 448 0.1201
45 449 0.2254
45 450 0.5384
45 451 0.2786
45 452 0.2076
45 453 0.1050
45 454 0.6112
45 455 0.1796
45 456 0.5528
45 457 0.3039
45 458 0.3301
45 459 0.2435
45 460 0.2297
45 461 0.3131
45 462 0.2146
45 463 0.6101
45 464 0.2322
45 465 0.5678
45 466 0.5924
45 467 0.3359
45 468 0.1330
45 469 0.2330
45 470 0.2146
45 471 0.3672
45 472 0.4718
45 474 0.1559
45 475 0.4240
45 476 0.3162
45 478 0.2002
45 479 0.2951
45 480 0.5833
45 481 0.6044
45 482 0.5589
45 484 0.3794
45 485 0.2504
45 486 0.5384
45 487 0.1187
45 488 0.0896
45 489 0.3181
45 490 0.1282
45 491 0.2252
45 492 0.4581
45 493 0.3094
45 494 0.4343
45 495 0.8630
45 496 0.3169
45 497 0.5837
45 498 0.1600
45 499 0.3099
45 500 0.0905
45 501 0.1940
45 502 0.0924
45 503 0.3346
45 504 0.3716
45 505 0.3035
45 506 0.2814
45 507 0.1423
45 508 0.0716
45 509 0.6279
45 510 0.7361
45 511 0.5677
45 512 0.5526
45 513 0.0922
45 514 0.5988
45 515 0.5286
45 516 0.3899
45 517 0.6568
45 518 0.1770
45 519 0.2593
45 520 0.2142
45 521 0.6479
45 522 0.0642
45 523 0.2050
45 524 0.4332
45 525 0.2260
45 526 0.2053
45 527 0.3082
45 528 0.0675
45 529 0.2621
45 530 0.3555
45 531 0.1923
45 532 0.5122
45 533 0.3450
45 534 0.2584
45 535 0.4811
45 536 0.2222
45 537 0.5799
45 538 0.3547
45 539 0.3693
45 540 0.8354
45 541 0.1469
45 542 0.5689
45 543 0.4020
45 544 0.2345
45 545 0.1003
45 546 0.3801
45 547 0.2684
45 548 0.1863
45 549 0.3027
45 550 0.3378
45 551 0.5484
45 552 0.0795
45 553 0.5575
45 554 0.2408
45 555 0.3901
45 556 0.0904
45 557 0.7971
45 558 0.5617
45 559 0.0759
45 560 0.2553
45 561 0.1232
45 562 0.1462
45 563 0.2716
45 564 0.2687
45 565 0.5916
45 566 0.3615
45 567 0.1528
45 568 0.5706
45 569 0.2564
45 570 0.1655
45 571 0.5537
45 572 0.1670
45 573 0.7526
45 574 0.1138
45 575 0.3921
45 576 0.4947
45 577 0.2017
45 578 0.1240
45 579 0.7172
45 580 0.3919
45 581 0.2498
45 582 0.1378
45 583 0.1700
45 584 0.2499
45 585 0.4990
45 586 0.1449
45 587 0.7413
45 589 0.1601
45 590 0.3672
45 591 0.0953
45 592 0.5845
45 593 0.2001
45 594 0.5017
45 595 0.5600
45 598 0.2482
45 599 0.1616
45 600 0.3289
45 601 0.2669
45 602 0.2640
45 604 0.0926
45 605 0.2823
45 606 0.4294
45 607 0.1820
45 608 0.1209
45 609 0.1420
45 610 0.1748
45 611 0.3974
45 612 0.1842
45 613 0.1522
45 614 0.5462
45 615 0.2270
45 616 0.2326
45 617 0.1209
45 618 0.3028
45 619 0.3210
45 620 0.1912
45 621 0.1578
45 622 0.5838
45 623 0.3577
45 624 0.5043
45 625 0.1412
45 626 0.3422
45 627 0.1720
45 628 0.1818
45 629 0.7104
45 630 0.2566
45 631 0.5251
45 632 0.0905
45 633 0.3027
45 634 0.2811
45 635 0.2039
45 636 0.4950
45 637 0.3933
45 638 0.5172
45 639 0.5633
45 640 0.0418
45 641 0.3628
45 642 0.1134
45 643 0.3393
45 644 0.3268
45 645 0.4096
45 646 0.3957
45 647 0.2409
45 648 0.2769
45 649 0.1182
45 650 0.2461
45 651 0.1147
45 652 0.0692
45 653 0.2956
45 654 0.2265
45 655 0.5897
45 656 0.2375
45 657 0.1739
45 658 0.3553
45 659 0.5356
45 660 0.1270
45 661 0.5290
45 662 0.5067
45 663 0.5778
45 664 0.6858
45 665 0.1439
45 666 0.2249
45 667 0.2319
45 668 0.2626
45 669 0.1678
45 670 0.5231
45 671 0.2454
45 672 0.1970
45 673 0.1045
45 674 0.5363
45 675 0.2716
45 676 0.2371
45 677 0.3240
45 678 0.5247
45 679 0.2759
45 680 0.0790
45 681 0.5758
45 682 0.2576
45 683 0.4203
45 684 0.5998
45 685 0.5281
45 686 0.5517
45 687 0.4996
45 688 0.5254
45 689 0.9316
45 690 0.0924
45 691 0.1495
45 692 0.0855
45 693 0.2976
45 694 0.1220
45 695 0.1963
45 696 0.4502
45 697 0.4596
45 698 0.4076
45 699 0.7380
45 700 0.1819
45 701 0.1867
45 702 0.0832
45 703 0.1889
45 704 0.0541
45 705 0.0692
45 706 0.5655
45 707 0.1064
45 708 0.2136
45 709 0.2677
45 710 0.4709
45 711 0.5494
45 712 0.4128
45 713 0.4033
45 714 0.7528
45 715 0.0981
45 716 0.3690
45 717 0.1223
45 718 0.7018
45 720 0.2605
45 721 0.1830
45 722 0.4364
45 723 0.1115
45 724 0.5078
45 725 0.1439
45 726 0.3806
45 727 0.3427
45 728 0.4648
45 729 0.3899
45 730 0.5889
45 731 0.4810
45 732 0.4796
45 733 0.2011
45 734 0.3395
45 735 0.7722
45 736 0.3503
45 737 0.7900
45 738 0.3315
45 740 0.2615
45 741 0.6784
45 742 0.1373
45 743 0.3160
45 744 0.1382
45 745 0.1604
45 746 0.2530
45 747 0.5113
45 748 0.9381
45 749 0.0792
45 750 0.1469
45 751 0.2047
45 752 0.2505
45 753 0.1942
45 754 0.0815
45 755 0.2729
45 756 0.2309
45 757 0.4252
45 758 0.6429
45 759 0.2422
45 760 0.1075
45 761 0.5850
45 762 0.0721
45 763 0.7759
45 764 0.3583
45 765 0.3864
45 766 0.2510
45 767 0.2976
45 768 0.4497
45 769 0.5191
45 770 0.4943
45 771 0.1932
45 772 0.3457
45 773 0.0892
45 774 0.3974
45 775 0.2447
45 776 0.1251
45 777 0.1973
45 778 0.2332
45 779 0.3167
45 780 0.1832
45 781 0.4801
45 782 0.7812
45 783 0.6279
45 784 0.1041
45 785 0.5128
45 786 0.4226
45 787 0.1311
45 788 0.1694
45 789 0.2670
45 791 0.0716
45 792 0.3565
45 793 0.3165
45 794 0.2229
45 795 0.2417
45 796 0.2225
45 797 0.3000
45 798 0.1923
45 799 0.1713
45 800 0.4359
45 801 0.2506
45 802 0.0627
45 803 0.1380
45 804 0.8751
45 805 0.1198
45 806 0.5813
45 807 0.2738
45 808 0.8207
45 809 0.2302
45 810 0.2708
45 811 0.3540
45 812 0.3974
45 813 0.4243
45 814 0.2179
45 815 0.1094
45 816 0.0935
45 817 0.1058
45 818 0.2551
45 819 0.3307
45 820 0.5409
45 821 0.1969
45 822 0.3089
45 823 0.4710
45 824 0.6587
45 825 0.5222
45 827 0.2453
45 828 0.5095
45 829 0.6530
45 830 0.4239
45 831 0.5373
45 832 0.4922
45 833 0.4648
45 834 0.3297
45 835 0.3048
45 836 0.2317
45 837 0.5085
45 838 0.1388
45 839 0.6040
45 840 0.0967
45 841 0.1934
45 842 0.4579
45 843 0.4526
45 844 0.0924
45 845 0.2512
45 846 0.1371
45 847 0.4206
45 848 0.3398
45 849 0.4751
45 850 0.1559
45 851 0.2812
45 852 0.3274
45 853 0.0977
45 854 0.4595
45 855 0.1756
45 856 0.5861
45 857 0.2291
45 858 0.5847
45 859 0.2577
45 860 0.2202
45 861 0.1858
45 862 0.0885
45 864 0.1186
45 865 0.5075
45 866 0.0652
45 867 0.2551
45 868 0.6728
45 869 0.2451
45 870 0.3862
45 871 0.1057
45 872 0.8809
45 873 0.4291
45 874 0.1180
45 875 0.2391
45 876 0.5175
45 877 0.3778
45 878 0.5586
45 880 0.7729
45 881 0.2020
45 882 0.2469
45 883 0.1781
45 884 0.2646
45 885 0.3282
45 886 0.2507
45 887 0.4640
45 888 0.2674
45 889 0.1938
45 890 0.2258
45 891 0.8919
45 892 0.3504
45 893 0.2907
45 894 0.2436
45 895 0.2669
45 896 0.2552
45 897 0.0795
45 898 0.2915
45 899 0.1111
45 900 0.1409
45 901 0.3682
45 903 0.3057
45 905 0.1425
45 906 0.3156
45 907 0.4399
45 908 0.4202
45 909 0.6200
45 910 0.0526
45 911 0.3390
45 912 0.1191
45 913 0.3490
45 914 0.5460
45 915 0.3214
45 916 0.3825
45 917 0.4111
45 918 0.1618
45 919 0.2521
45 920 0.1636
45 921 0.1230
45 922 0.1572
45 924 0.2998
45 925 0.2052
45 928 0.5026
45 929 0.6998
45 930 0.1470
45 932 0.4034
45 933 0.2098
45 934 0.4574
45 935 0.3236
45 936 0.7749
45 937 0.3335
45 938 0.5957
45 939 0.4033
45 940 0.3755
45 941 0.0604
45 942 0.3161
45 943 0.7456
45 944 0.2000
45 946 0.1400
45 947 0.2342
45 948 0.2410
45 949 0.3600
45 950 0.1389
45 951 0.1070
45 952 0.2738
45 953 0.3063
45 954 0.6743
45 955 0.4633
45 956 0.3292
45 957 0.2809
45 958 0.5326
45 959 0.6397
45 960 0.4013
45 961 0.3786
45 962 0.3492
45 963 0.4720
45 964 0.2471
45 965 0.1144
45 966 0.4764
45 967 0.3329
45 968 0.4345
45 969 0.3306
45 971 0.7426
45 972 0.1651
45 973 0.1809
45 974 0.5787
45 975 0.2365
45 976 0.1505
45 977 0.5031
45 978 0.7534
45 979 0.4588
45 980 0.3563
45 981 0.4245
45 982 0.5872
45 983 0.1327
45 984 0.1017
45 986 0.1362
45 987 0.3253
45 989 0.3155
45 990 0.1701
45 991 0.4460
45 992 0.4520
45 993 0.3701
45 994 0.5519
45 995 0.6037
45 996 0.0959
45 998 0.1439
45 999 0.6351
45 1000 0.1449
45 1001 0.1727
45 1002 0.2378
45 1003 0.8405
45 1004 0.5926
45 1005 0.3303
45 1006 0.2640
45 1007 0.4425
45 1008 0.4860
45 1010 0.1835
45 1012 0.6292
45 1013 0.7051
45 1014 0.2999
45 1015 0.5447
45 1016 0.0881
45 1017 0.2249
45 1018 0.3040
45 1019 0.1222
45 1020 0.4270
45 1022 0.2775
45 1023 0.5446
45 1024 0.2046
45 1025 0.0864
45 1026 0.1506
45 1027 0.1583
45 1028 0.0683
45 1029 0.1109
45 1030 0.3499
45 1031 0.0924
45 1032 0.2837
45 1033 0.4852
45 1034 0.1125
45 1035 0.4039
45 1036 0.1333
45 1037 0.3509
45 1038 0.4918
45 1039 0.4896
45 1040 0.4034
45 1041 0.1859
45 1042 0.1241
45 1043 0.5995
45 1044 0.6251
45 1045 0.4184
45 1046 0.7022
45 1047 0.0954
45 1048 0.4476
45 1049 0.0735
45 1050 0.2464
45 1051 0.1567
45 1052 0.2665
45 1053 0.1230
45 1054 0.2189
45 1055 0.6554
45 1056 0.2831
45 1057 0.7597
45 1058 0.1249
45 1059 0.3676
45 1060 0.2684
45 1061 0.1408
45 1062 0.1631
45 1063 0.7824
45 1064 0.2707
45 1065 0.0887
45 1066 0.3579
45 1067 0.7453
45 1068 0.5519
45 1069 0.4226
45 1070 0.1096
45 1072 0.0847
45 1073 0.3202
45 1075 0.5365
45 1076 0.4233
45 1077 0.4152
45 1078 0.5497
45 1079 0.1896
45 1080 0.1754
45 1081 0.3035
45 1082 0.2219
45 1083 0.8972
45 1084 0.1131
45 1085 0.1935
45 1087 0.3522
45 1089 0.2726
45 1090 0.1108
45 1091 0.3729
45 1093 0.2005
45 1094 0.1975
45 1095 0.1191
45 1096 0.2645
45 1097 0.1036
45 1099 0.9707
45 1102 0.6146
45 1103 0.3814
45 1104 0.4703
45 1105 0.6966
45 1106 0.2108
45 1107 0.3149
45 1108 0.1359
45 1109 0.5717
45 1110 0.4648
45 1111 0.1503
45 1113 0.2424
45 1114 0.3295
45 1115 0.3268
45 1116 0.5265
45 1117 0.7148
45 1118 0.0838
45 1119 0.2992
45 1120 0.4304
45 1121 0.5095
45 1122 0.1746
45 1123 0.5947
45 1124 0.3317
45 1125 0.1130
45 1126 0.2879
45 1127 0.1873
45 1128 0.6512
45 1129 0.2404
45 1130 0.7406
45 1131 0.1098
45 1132 0.3808
45 1133 0.4315
45 1134 0.2519
45 1135 0.9386
45 1136 0.5750
45 1138 0.1696
45 1139 0.3864
45 1141 0.1446
45 1142 0.2380
45 1143 0.3807
45 1144 0.4257
45 1145 0.3339
45 1146 0.1510
45 1147 0.1087
45 1148 0.3915
45 1149 0.2561
45 1150 0.5650
45 1151 0.3484
45 1152 0.8893
45 1153 0.2808
45 1154 0.4343
45 1155 0.3570
45 1156 0.4563
45 1157 0.6376
45 1158 0.4388
45 1159 0.1268
45 1160 0.1081
45 1161 0.1457
45 1162 0.4547
45 1163 0.2856
45 1165 0.5350
45 1166 0.4519
45 1167 0.3123
45 1169 0.2785
45 1170 0.1439
45 1172 0.3550
45 1173 0.5362
45 1174 0.0514
45 1176 0.5005
45 1177 0.2013
45 1178 0.2373
45 1180 0.3855
45 1181 0.3779
45 1182 0.2834
45 1183 0.2318
45 1184 0.3172
45 1185 0.2101
45 1186 0.5466
45 1187 0.0936
45 1188 0.4628
45 1189 0.5771
45 1191 0.2594
45 1192 0.0834
45 1193 0.2277
45 1194 0.1834
45 1195 0.2167
45 1196 0.4504
45 1197 0.6246
45 1198 0.2820
45 1199 0.0699
45 1200 0.3188
45 1201 0.7226
45 1202 0.1184
45 1203 0.1880
45 1204 0.2596
45 1205 0.4771
45 1206 0.4505
45 1207 0.0963
45 1208 0.1767
45 1209 0.1549
45 1210 0.3548
45 1211 0.4570
45 1212 0.4300
45 1213 0.2344
45 1214 0.1312
45 1215 0.3036
45 1216 0.1914
45 1217 0.3740
45 1218 0.2222
45 1219 0.1484
45 1220 0.2460
45 1221 0.4110
45 1222 0.1524
45 1223 0.2609
45 1224 0.3335
45 1225 0.6209
45 1226 0.7314
45 1227 0.1751
45 1228 0.0739
45 1229 0.2419
45 1230 0.2093
45 1231 0.0646
45 1232 0.2178
45 1233 0.1221
45 1234 0.2995
45 1235 0.2925
45 1237 0.1896
45 1238 0.1048
45 1239 0.1953
45 1240 0.7231
45 1241 0.0887
45 1242 0.2727
45 1243 0.2054
45 1244 0.3644
45 1245 0.2460
45 1246 0.1686
45 1247 0.1136
45 1248 0.5087
45 1249 0.0940
45 1250 0.2994
45 1251 0.1161
45 1252 0.1870
45 1253 0.3127
45 1254 0.1364
45 1255 0.0870
45 1256 0.3688
45 1257 0.1820
45 1258 0.6136
45 1259 0.3368
45 1260 0.1864
45 1262 0.2258
45 1263 0.3993
45 1265 0.2100
45 1266 0.3227
45 1267 0.1993
45 1268 0.3515
45 1269 0.6461
45 1270 0.1966
45 1271 0.1520
45 1272 0.1206
45 1273 0.1298
45 1274 0.4196
45 1275 0.2285
45 1276 0.3815
45 1278 0.1308
45 1279 0.3699
45 1280 0.2715
45 1281 0.0863
45 1282 0.1856
45 1283 0.0868
45 1284 0.1845
45 1286 0.2139
45 1287 0.3024
45 1288 0.1269
45 1289 0.0980
45 1290 0.2902
45 1291 0.2192
45 1292 0.6127
45 1293 0.1664
45 1295 0.1700
45 1296 0.1707
45 1297 0.1292
45 1298 0.1835
45 1299 0.0915
45 1300 0.3991
45 1301 0.1916
45 1302 0.2840
45 1303 0.2812
45 1304 0.2079
45 1305 0.1772
45 1306 0.0821
45 1307 0.0892
45 1308 0.4716
45 1309 0.1448
45 1310 0.1777
45 1311 0.2720
45 1312 0.2979
45 1313 0.0864
45 1315 0.3868
45 1316 0.5223
45 1318 0.2607
45 1319 0.1405
45 1320 0.2653
45 1322 0.1757
45 1323 0.1827
45 1324 0.2298
45 1325 0.1439
45 1326 0.1833
45 1327 0.5319
45 1328 0.0447
45 1329 0.4606
45 1330 0.1384
45 1331 0.2997
45 1332 0.3083
45 1333 0.0946
45 1334 0.1582
45 1335 0.4531
45 1336 0.1132
45 1337 0.2321
45 1338 0.1516
45 1339 0.2775
45 1340 0.1448
45 1341 0.3470
45 1342 0.3400
45 1343 0.4182
45 1344 0.6902
45 1345 0.4913
45 1346 0.1317
45 1347 0.2432
45 1348 0.2721
45 1349 0.4332
45 1350 0.0927
45 1351 0.2705
45 1352 0.2975
45 1353 0.0787
45 1354 0.3282
45 1355 0.0787
45 1356 0.3202
