276 475 0.6167
276 476 0.8026
276 484 0.7955
276 485 0.2150
276 488 0.5210
276 489 0.6375
276 491 0.4920
276 494 0.2902
276 495 0.6436
276 496 0.4157
276 497 0.2807
276 498 0.3459
276 499 0.3459
276 501 0.4496
276 502 0.7870
276 503 0.2210
276 504 0.5206
276 505 0.5752
276 506 0.2902
276 507 0.1998
276 508 0.3584
276 509 0.4530
276 511 0.5237
276 512 0.5909
276 514 0.6073
276 515 0.7748
276 516 0.4545
276 517 0.6070
276 518 0.5467
276 519 0.2167
276 520 0.3188
276 521 0.4992
276 522 0.3459
276 523 0.5613
276 524 0.2345
276 525 0.3355
276 531 0.7501
276 532 0.2210
276 533 0.7141
276 534 0.6722
276 536 0.2448
276 537 0.6125
276 538 0.3355
276 540 0.7549
276 541 0.5124
276 542 0.2902
276 543 0.4545
276 544 0.5238
276 545 0.5238
276 546 0.3905
276 547 0.4041
276 548 0.8050
276 549 0.6041
276 553 0.4883
276 554 0.4545
276 555 0.3557
276 556 0.3459
276 557 0.5061
276 558 0.5467
276 559 0.5842
276 560 0.7358
276 561 0.3557
276 562 0.2150
276 563 0.7050
276 564 0.3459
276 565 0.5194
276 566 0.2210
276 568 0.6371
276 570 0.3459
276 571 0.3459
276 572 0.6076
276 573 0.6524
276 574 0.4402
276 575 0.7151
276 576 0.5750
276 577 0.3708
276 578 0.5068
276 579 0.2902
276 582 0.5366
276 583 0.5842
276 584 0.2210
276 585 0.6435
276 586 0.3459
276 587 0.5011
276 589 0.7993
276 590 0.9359
276 592 0.5155
276 593 0.7289
276 595 0.5957
276 599 0.5718
276 600 0.5701
276 602 0.6435
276 607 0.7824
276 609 0.3355
276 610 0.2907
276 611 0.3459
276 612 0.8009
276 613 0.5636
276 614 0.7820
276 617 0.3459
276 618 0.7036
276 619 0.3185
276 626 0.2158
276 628 0.3355
276 629 0.6369
276 631 0.6959
276 632 0.4923
276 633 0.3559
276 634 0.5565
276 635 0.2210
276 636 0.2523
276 637 0.5359
276 638 0.3459
276 639 0.9389
276 641 0.3459
276 643 0.3557
276 644 0.6424
276 645 0.3355
276 647 0.3459
276 648 0.5325
276 650 0.3459
276 651 0.5015
276 653 0.3557
276 655 0.2902
276 657 0.2902
276 658 0.3459
276 659 0.5453
276 662 0.5630
276 664 0.5540
276 666 0.2314
276 668 0.3253
276 671 0.7574
276 672 0.2346
276 673 0.3459
276 676 0.2902
276 677 0.3355
276 678 0.4541
276 679 0.8466
276 682 0.3584
276 683 0.2902
276 685 0.3557
276 686 0.6021
276 687 0.5210
276 688 0.3218
276 689 0.8384
276 691 0.2210
276 692 0.3483
276 694 0.5238
276 695 0.2210
276 697 0.7870
276 698 0.8401
276 699 0.8274
276 700 0.2902
276 701 0.3680
276 702 0.6968
276 703 0.5082
276 705 0.8067
276 706 0.3509
276 707 0.4069
276 709 0.7837
276 710 0.6125
276 711 0.4440
276 712 0.3355
276 714 0.3355
276 716 0.2902
276 717 0.4157
276 718 0.6125
276 720 0.4533
276 722 0.6217
276 724 0.4845
276 725 0.5686
276 726 0.3652
276 727 0.2759
276 728 0.5124
276 731 0.2902
276 733 0.5788
276 735 0.7014
276 736 0.6903
276 737 0.9180
276 738 0.5752
276 740 0.7773
276 741 0.5268
276 742 0.7643
276 743 0.3370
276 744 0.7577
276 748 0.9080
276 750 0.5653
276 752 0.7241
276 753 0.3355
276 754 0.5012
276 755 0.5210
276 758 0.6193
276 759 0.3355
276 760 0.3355
276 761 0.3459
276 763 0.7356
276 766 0.5197
276 768 0.9139
276 769 0.5495
276 770 0.6549
276 771 0.2297
276 773 0.6299
276 774 0.5630
276 776 0.5210
276 777 0.3355
276 778 0.2902
276 779 0.4533
276 780 0.8058
276 783 0.5012
276 784 0.5842
276 786 0.7431
276 787 0.7870
276 789 0.3819
276 792 0.3459
276 793 0.7787
276 794 0.8669
276 795 0.7870
276 796 0.7695
276 798 0.3355
276 799 0.2210
276 803 0.5197
276 804 0.7545
276 806 0.6375
276 807 0.6369
276 809 0.3459
276 811 0.7921
276 812 0.4722
276 813 0.5241
276 814 0.7952
276 815 0.7870
276 817 0.3462
276 818 0.4157
276 819 0.2210
276 820 0.5206
276 821 0.7857
276 823 0.7952
276 825 0.4871
276 827 0.5163
276 829 0.6231
276 830 0.4541
276 831 0.5012
276 832 0.2210
276 833 0.5012
276 834 0.3459
276 836 0.7362
276 837 0.5630
276 838 0.3459
276 839 0.5206
276 840 0.7870
276 841 0.5194
276 843 0.2902
276 845 0.3355
276 846 0.6416
276 849 0.5203
276 851 0.4906
276 853 0.2902
276 854 0.5197
276 858 0.3459
276 859 0.3355
276 860 0.3557
276 864 0.5073
276 865 0.4545
276 866 0.2902
276 867 0.8809
276 868 0.5725
276 869 0.3544
276 870 0.6009
276 871 0.7567
276 872 0.9896
276 873 0.3355
276 875 0.2210
276 876 0.4545
276 877 0.2902
276 878 0.2902
276 880 0.7267
276 883 0.5087
276 885 0.3459
276 886 0.2902
276 887 0.7921
276 889 0.8878
276 890 0.2902
276 891 0.7724
276 892 0.4157
276 893 0.6610
276 894 0.6424
276 895 0.8048
276 896 0.3708
276 897 0.3355
276 898 0.6706
276 899 0.3355
276 901 0.9099
276 903 0.4157
276 906 0.4545
276 907 0.5065
276 908 0.7905
276 909 0.4545
276 911 0.4984
276 912 0.3051
276 913 0.5620
276 914 0.5620
276 915 0.8864
276 917 0.3459
276 918 0.5210
276 919 0.2210
276 922 0.4327
276 924 0.3982
276 928 0.2210
276 929 0.6193
276 930 0.5243
276 934 0.4533
276 935 0.4712
276 936 0.2902
276 937 0.3459
276 938 0.4098
276 939 0.6125
276 940 0.3557
276 941 0.5012
276 942 0.2210
276 943 0.5876
276 944 0.2902
276 947 0.3355
276 948 0.5699
276 949 0.4061
276 952 0.5221
276 953 0.5194
276 955 0.3459
276 956 0.5012
276 957 0.7857
276 960 0.5840
276 962 0.3459
276 964 0.3355
276 965 0.4533
276 966 0.4545
276 967 0.3355
276 968 0.8014
276 969 0.7727
276 971 0.5876
276 972 0.3459
276 973 0.2902
276 974 0.9881
276 976 0.3454
276 979 0.5012
276 981 0.2902
276 982 0.3459
276 983 0.3459
276 984 0.2902
276 987 0.2902
276 989 0.5620
276 990 0.4530
276 991 0.2210
276 992 0.5750
276 993 0.5646
276 994 0.9067
276 995 0.6125
276 996 0.3459
276 999 0.3459
276 1002 0.3911
276 1003 0.6212
276 1004 0.5356
276 1005 0.4157
276 1006 0.4157
276 1007 0.6891
276 1012 0.4545
276 1014 0.5750
276 1015 0.3459
276 1016 0.5209
276 1017 0.5304
276 1020 0.4327
276 1022 0.3355
276 1023 0.6532
276 1024 0.2902
276 1026 0.5752
276 1027 0.6069
276 1028 0.5012
276 1029 0.6888
276 1030 0.5467
276 1032 0.5124
276 1033 0.3544
276 1034 0.3459
276 1036 0.3459
276 1039 0.5194
276 1042 0.4440
276 1044 0.3355
276 1045 0.3982
276 1046 0.4533
276 1047 0.5209
276 1049 0.5209
276 1051 0.3051
276 1053 0.3433
276 1054 0.3459
276 1056 0.2712
276 1057 0.3459
276 1058 0.3051
276 1059 0.5366
276 1060 0.4541
276 1062 0.4545
276 1063 0.6532
276 1066 0.5012
276 1067 0.5590
276 1068 0.5209
276 1072 0.5842
276 1073 0.3459
276 1075 0.3459
276 1076 0.2210
276 1077 0.7157
276 1078 0.5293
276 1079 0.4896
276 1080 0.4557
276 1083 0.6636
276 1084 0.4732
276 1087 0.2902
276 1090 0.5157
276 1092 0.4161
276 1093 0.3708
276 1095 0.3355
276 1096 0.2902
276 1097 0.2902
276 1099 0.9703
276 1104 0.5706
276 1105 0.7310
276 1106 0.7496
276 1111 0.2318
276 1115 0.4557
276 1116 0.5206
276 1122 0.3355
276 1123 0.3459
276 1124 0.6424
276 1125 0.5209
276 1126 0.8703
276 1128 0.5012
276 1129 0.7634
276 1130 0.6604
276 1133 0.4530
276 1134 0.4157
276 1135 0.5475
276 1136 0.4557
276 1138 0.5007
276 1141 0.6484
276 1142 0.3459
276 1143 0.6636
276 1145 0.3459
276 1146 0.3698
276 1150 0.4998
276 1151 0.4156
276 1152 0.4999
276 1154 0.7479
276 1155 0.2902
276 1158 0.3355
276 1161 0.5324
276 1163 0.5581
276 1165 0.3459
276 1167 0.3355
276 1173 0.4530
276 1176 0.5467
276 1178 0.2902
276 1180 0.6041
276 1181 0.3459
276 1184 0.4557
276 1185 0.5699
276 1186 0.4496
276 1187 0.2210
276 1188 0.3355
276 1189 0.5124
276 1192 0.5703
276 1193 0.6904
276 1194 0.2902
276 1195 0.5752
276 1197 0.3355
276 1198 0.6640
276 1199 0.5124
276 1201 0.2902
276 1202 0.7870
276 1204 0.3459
276 1205 0.4984
276 1206 0.6715
276 1207 0.4545
276 1208 0.5706
276 1209 0.2210
276 1210 0.6868
276 1211 0.2902
276 1212 0.8296
276 1215 0.2210
276 1217 0.5009
276 1219 0.2638
276 1220 0.3459
276 1221 0.3459
276 1223 0.8878
276 1225 0.7008
276 1226 0.2902
276 1230 0.3459
276 1232 0.3355
276 1233 0.5686
276 1235 0.2902
276 1236 0.2210
276 1237 0.5394
276 1240 0.3355
276 1241 0.7869
276 1242 0.6615
276 1244 0.3355
276 1248 0.4698
276 1250 0.3355
276 1252 0.5406
276 1254 0.7857
276 1256 0.3624
276 1257 0.2210
276 1258 0.3557
276 1259 0.5242
276 1260 0.5875
276 1262 0.6636
276 1263 0.3459
276 1265 0.5649
276 1267 0.2902
276 1269 0.7970
276 1270 0.5078
276 1271 0.3544
276 1272 0.4449
276 1273 0.5842
276 1275 0.7727
276 1276 0.5842
276 1279 0.2785
276 1280 0.5681
276 1282 0.3051
276 1284 0.3355
276 1286 0.5324
276 1287 0.5012
276 1288 0.4343
276 1289 0.3060
276 1291 0.4584
276 1292 0.7848
276 1293 0.3557
276 1295 0.2210
276 1299 0.4533
276 1300 0.4496
276 1301 0.2210
276 1303 0.5781
276 1304 0.5467
276 1305 0.5763
276 1307 0.2144
276 1309 0.3459
276 1310 0.2210
276 1311 0.2902
276 1316 0.8266
276 1322 0.2523
276 1323 0.3544
276 1328 0.3905
276 1329 0.3459
276 1340 0.3536
276 1342 0.9028
276 1343 0.2210
276 1344 0.4119
276 1346 0.3355
276 1349 0.5788
276 1354 0.3459
276 1356 0.3553
276 1357 0.8660
276 1358 0.4725
276 1363 0.2902
276 1367 0.9097
276 1369 0.6120
276 1370 0.9259
276 1372 0.2210
276 1374 0.2902
276 1375 0.4557
276 1382 0.3355
276 1383 0.2210
276 1386 0.3725
276 1387 0.3459
276 1388 0.4545
276 1390 0.2210
276 1392 0.6299
276 1393 0.3355
276 1396 0.3355
276 1397 0.2210
276 1402 0.6100
276 1408 0.4533
276 1409 0.5788
276 1411 0.2210
276 1412 0.2902
276 1413 0.4220
276 1418 0.2210
276 1421 0.5068
276 1423 0.5699
276 1424 0.2210
276 1426 0.2902
276 1433 0.5078
276 1434 0.5222
276 1435 0.5134
276 1436 0.5209
276 1438 0.6433
276 1440 0.7648
276 1443 0.2210
276 1446 0.5066
276 1448 0.3355
276 1451 0.4533
276 1458 0.6348
276 1459 0.4958
276 1460 0.5080
276 1464 0.2210
276 1473 0.4157
276 1474 0.3355
276 1478 0.5630
276 1479 0.5932
276 1481 0.3813
276 1482 0.3544
276 1484 0.4545
276 1485 0.5959
276 1491 0.4845
276 1494 0.4082
276 1496 0.4557
276 1500 0.4533
276 1503 0.6531
276 1504 0.5194
276 1508 0.2902
276 1510 0.6125
276 1512 0.5467
276 1514 0.2902
276 1516 0.3355
276 1517 0.3355
276 1518 0.4533
276 1519 0.4192
276 1520 0.9365
276 1522 0.2150
276 1526 0.2210
276 1527 0.4487
276 1530 0.2894
276 1531 0.2902
276 1534 0.3459
276 1536 0.2867
276 1542 0.3459
276 1544 0.3459
276 1546 0.2210
276 1547 0.3459
276 1548 0.2210
276 1550 0.4533
276 1554 0.5613
276 1557 0.4069
276 1571 0.2902
276 1572 0.5972
276 1577 0.2902
276 1579 0.5880
276 1583 0.5703
276 1585 0.2210
276 1586 0.4157
276 1587 0.2902
276 1588 0.2210
276 1590 0.5703
276 1591 0.9284
276 1593 0.7841
276 1594 0.6435
276 1598 0.2902
276 1602 0.3459
276 1603 0.5078
276 1606 0.7971
276 1607 0.3355
276 1610 0.3355
276 1611 0.2210
276 1612 0.2902
276 1613 0.8502
276 1614 0.3557
276 1616 0.4157
276 1618 0.6282
276 1619 0.2210
276 1620 0.4157
276 1621 0.5102
276 1622 0.9414
276 1623 0.2902
276 1624 0.3675
276 1625 0.3355
276 1629 0.3459
276 1631 0.6424
276 1633 0.5686
276 1634 0.6411
276 1635 0.4545
276 1636 0.2902
276 1637 0.7723
276 1638 0.3459
276 1640 0.8069
276 1641 0.7870
276 1642 0.5686
276 1644 0.2902
276 1646 0.4496
276 1647 0.2902
276 1649 0.5194
276 1650 0.2902
276 1653 0.3459
276 1654 0.5750
276 1655 0.2902
276 1659 0.4541
276 1660 0.4530
276 1661 0.5676
276 1667 0.5660
276 1668 0.7906
276 1669 0.7857
276 1670 0.5631
276 1673 0.3459
276 1674 0.2830
276 1678 0.3355
276 1680 0.3459
276 1682 0.7811
276 1683 0.6076
276 1686 0.4545
276 1687 0.2210
276 1689 0.9446
276 1691 0.8668
276 1692 0.3355
276 1693 0.2759
276 1694 0.5750
276 1695 0.3459
276 1697 0.4157
276 1700 0.3680
276 1702 0.5209
276 1704 0.5076
276 1705 0.4545
276 1707 0.5834
276 1708 0.2210
276 1709 0.5210
276 1710 0.2210
276 1711 0.5210
276 1712 0.9761
276 1713 0.6371
276 1714 0.6041
276 1715 0.5209
276 1717 0.8778
276 1718 0.2902
276 1719 0.2902
276 1720 0.4545
276 1721 0.5209
276 1723 0.6041
276 1724 0.4545
276 1725 0.3584
276 1728 0.3355
277 278 0.1710
277 279 0.1710
277 280 0.2635
277 282 0.3854
277 283 0.6226
277 284 0.4179
277 285 0.4066
277 286 0.4587
277 287 0.5286
277 290 0.7117
277 291 0.1783
277 292 0.4112
277 293 0.2056
277 294 0.2588
277 295 0.2509
277 296 0.1710
277 297 0.1710
277 300 0.4239
277 301 0.2569
277 302 0.3854
277 304 0.2168
277 306 0.3138
277 307 0.2444
277 308 0.4011
277 309 0.2715
277 310 0.3317
277 311 0.2635
277 314 0.4937
277 315 0.4374
277 316 0.3604
277 317 0.3899
277 320 0.2635
277 322 0.3604
277 324 0.4608
277 326 0.2260
277 328 0.5094
277 329 0.2119
277 331 0.2274
277 332 0.4316
277 333 0.2664
277 334 0.4703
277 335 0.3317
277 336 0.3899
277 338 0.2528
277 339 0.2106
277 340 0.2247
277 341 0.4489
277 342 0.5077
277 343 0.2445
277 344 0.1710
277 347 0.5422
277 348 0.3899
277 349 0.1974
277 350 0.3005
277 351 0.2635
277 352 0.2509
277 353 0.2508
277 354 0.1766
277 356 0.1710
277 357 0.5724
277 358 0.4489
277 359 0.1789
277 361 0.4481
277 362 0.2187
277 363 0.5009
277 364 0.4385
277 366 0.4489
277 367 0.3395
277 368 0.3555
277 369 0.3604
277 370 0.2508
277 371 0.6116
277 372 0.3604
277 373 0.4489
277 374 0.2569
277 375 0.2562
277 376 0.1710
277 377 0.2664
277 378 0.2509
277 379 0.2264
277 380 0.2508
277 382 0.2509
277 383 0.4077
277 384 0.7843
277 386 0.4183
277 387 0.5506
277 388 0.2509
277 389 0.3604
277 390 0.3311
277 391 0.3754
277 392 0.2624
277 393 0.3822
277 396 0.6962
277 398 0.3333
277 399 0.2779
277 400 0.2604
277 402 0.2509
277 403 0.3304
277 406 0.3820
277 408 0.3005
277 409 0.2065
277 411 0.2509
277 412 0.3039
277 413 0.2247
277 414 0.4800
277 415 0.2448
277 416 0.3899
277 418 0.2529
277 419 0.3757
277 420 0.3820
277 423 0.3899
277 424 0.2509
277 425 0.4688
277 428 0.2163
277 429 0.3317
277 433 0.2445
277 434 0.4795
277 436 0.2508
277 437 0.3899
277 438 0.5716
277 439 0.3317
277 441 0.4489
277 442 0.2421
277 445 0.2006
277 447 0.4284
277 448 0.1710
277 449 0.2100
277 450 0.2444
277 451 0.2445
277 452 0.4519
277 453 0.3114
277 454 0.8407
277 455 0.2635
277 456 0.2509
277 458 0.2445
277 459 0.2757
277 460 0.2635
277 461 0.2421
277 463 0.2529
277 464 0.5394
277 466 0.4333
277 467 0.4595
277 470 0.4737
277 471 0.2194
277 472 0.7752
277 474 0.2444
277 475 0.5581
277 476 0.6625
277 484 0.5537
277 485 0.3757
277 488 0.2850
277 489 0.1766
277 491 0.4614
277 494 0.2509
277 495 0.4847
277 496 0.3604
277 497 0.2505
277 498 0.2508
277 499 0.2508
277 501 0.2421
277 502 0.4489
277 503 0.1710
277 504 0.2119
277 505 0.2056
277 506 0.2509
277 507 0.4691
277 508 0.2508
277 509 0.3304
277 511 0.2548
277 512 0.1892
277 514 0.2905
277 515 0.3420
277 516 0.2445
277 517 0.2868
277 518 0.2664
277 519 0.5002
277 520 0.3990
277 521 0.4435
277 522 0.2508
277 523 0.6166
277 524 0.3899
277 525 0.2635
277 531 0.2336
277 532 0.1710
277 533 0.4933
277 534 0.4911
277 536 0.2408
277 537 0.3897
277 538 0.2635
277 540 0.4832
277 541 0.2624
277 542 0.2509
277 543 0.2445
277 544 0.2210
277 545 0.2210
277 546 0.2508
277 547 0.2371
277 548 0.4417
277 549 0.3854
277 553 0.3710
277 554 0.2445
277 555 0.2888
277 556 0.2508
277 557 0.3395
277 558 0.2664
277 559 0.2074
277 560 0.3068
277 561 0.2888
277 562 0.3757
277 563 0.3526
277 564 0.2508
277 565 0.4240
277 566 0.1710
277 568 0.7610
277 570 0.2508
277 571 0.2508
277 572 0.3921
277 573 0.3194
277 574 0.2293
277 575 0.5077
277 576 0.3822
277 577 0.2635
277 578 0.5068
277 579 0.2509
277 582 0.3555
277 583 0.2074
277 584 0.1710
277 585 0.2408
277 586 0.2508
277 587 0.7073
277 589 0.4499
277 590 0.8446
277 592 0.5086
277 593 0.2283
277 595 0.4596
277 599 0.2949
277 600 0.3630
277 602 0.2408
277 607 0.4316
277 609 0.2635
277 610 0.2508
277 611 0.2508
277 612 0.4401
277 613 0.4246
277 614 0.4286
277 617 0.2508
277 618 0.4412
277 619 0.3796
277 626 0.6161
277 628 0.2635
277 629 0.2242
277 631 0.3189
277 632 0.4923
277 633 0.6005
277 634 0.4591
277 635 0.1710
277 636 0.1789
277 637 0.3326
277 638 0.2508
277 639 0.8347
277 641 0.2508
277 643 0.2888
277 644 0.2528
277 645 0.2635
277 647 0.2508
277 648 0.6125
277 650 0.2508
277 651 0.5015
277 653 0.2888
277 655 0.2509
277 657 0.2509
277 658 0.2508
277 659 0.4142
277 662 0.2354
277 664 0.5156
277 666 0.5842
277 668 0.6441
277 671 0.4155
277 672 0.2198
277 673 0.2508
277 676 0.2509
277 677 0.2635
277 678 0.2448
277 679 0.4728
277 682 0.2508
277 683 0.2509
277 685 0.2888
277 686 0.1912
277 687 0.2850
277 688 0.2242
277 689 0.5857
277 691 0.1710
277 692 0.5216
277 694 0.2392
277 695 0.1710
277 697 0.4489
277 698 0.4611
277 699 0.6033
277 700 0.2509
277 701 0.2444
277 702 0.1846
277 703 0.2932
277 705 0.4409
277 706 0.4803
277 707 0.2242
277 709 0.4370
277 710 0.3897
277 711 0.3822
277 712 0.2635
277 714 0.2635
277 716 0.2509
277 717 0.3604
277 718 0.3897
277 720 0.2444
277 722 0.6141
277 724 0.2470
277 725 0.3757
277 726 0.5502
277 727 0.2508
277 728 0.2624
277 731 0.2509
277 733 0.3990
277 735 0.7193
277 736 0.5625
277 737 0.6653
277 738 0.2056
277 740 0.7196
277 741 0.5447
277 742 0.1914
277 743 0.2445
277 744 0.2144
277 748 0.4420
277 750 0.4520
277 752 0.4728
277 753 0.2635
277 754 0.4084
277 755 0.2850
277 758 0.3583
277 759 0.2635
277 760 0.2635
277 761 0.2508
277 763 0.3223
277 766 0.4084
277 768 0.7420
277 769 0.2445
277 770 0.3549
277 771 0.4837
277 773 0.2528
277 774 0.2354
277 776 0.2850
277 777 0.2635
277 778 0.2509
277 779 0.2444
277 780 0.4478
277 783 0.4084
277 784 0.2074
277 786 0.5899
277 787 0.4489
277 789 0.2982
277 792 0.2508
277 793 0.4754
277 794 0.5030
277 795 0.4489
277 796 0.3005
277 798 0.2635
277 799 0.1710
277 803 0.3069
277 804 0.3385
277 806 0.1766
277 807 0.2242
277 809 0.2508
277 811 0.8574
277 812 0.2664
277 813 0.6738
277 814 0.4458
277 815 0.4489
277 817 0.3330
277 818 0.3604
277 819 0.1710
277 820 0.2119
277 821 0.2100
277 823 0.4353
277 825 0.2905
277 827 0.4056
277 829 0.5860
277 830 0.2448
277 831 0.4084
277 832 0.1710
277 833 0.4084
277 834 0.2508
277 836 0.6166
277 837 0.2354
277 838 0.2508
277 839 0.2119
277 840 0.4489
277 841 0.4240
277 843 0.2509
277 845 0.2635
277 846 0.6784
277 849 0.2780
277 851 0.4895
277 853 0.2509
277 854 0.4084
277 858 0.2508
277 859 0.2635
277 860 0.2888
277 864 0.2885
277 865 0.2445
277 866 0.2509
277 867 0.1840
277 868 0.4534
277 869 0.2529
277 870 0.4874
277 871 0.3365
277 872 0.8787
277 873 0.2635
277 875 0.1710
277 876 0.2445
277 877 0.2509
277 878 0.2509
277 880 0.2975
277 883 0.3915
277 885 0.2508
277 886 0.2509
277 887 0.3943
277 889 0.3965
277 890 0.2509
277 891 0.8420
277 892 0.3604
277 893 0.2836
277 894 0.3409
277 895 0.1948
277 896 0.2635
277 897 0.2635
277 898 0.6106
277 899 0.2635
277 901 0.2084
277 903 0.3604
277 906 0.2445
277 907 0.2181
277 908 0.3032
277 909 0.2445
277 911 0.3092
277 912 0.2106
277 913 0.3005
277 914 0.3005
277 915 0.5213
277 917 0.2508
277 918 0.2850
277 919 0.1710
277 922 0.2888
277 924 0.2508
277 928 0.1710
277 929 0.2982
277 930 0.5545
277 934 0.2444
277 935 0.4712
277 936 0.2509
277 937 0.2508
277 938 0.2241
277 939 0.3897
277 940 0.2888
277 941 0.4084
277 942 0.1710
277 943 0.3121
277 944 0.2509
277 947 0.2635
277 948 0.1846
277 949 0.2247
277 952 0.5373
277 953 0.4240
277 955 0.2508
277 956 0.4084
277 957 0.2100
277 960 0.2854
277 962 0.2508
277 964 0.2635
277 965 0.2444
277 966 0.2445
277 967 0.2635
277 968 0.5839
277 969 0.4844
277 971 0.3121
277 972 0.2508
277 973 0.2509
277 974 0.9847
277 976 0.4347
277 979 0.4084
277 981 0.2509
277 982 0.2508
277 983 0.2508
277 984 0.2509
277 987 0.2509
277 989 0.3005
277 990 0.3304
277 991 0.1710
277 992 0.3822
277 993 0.7291
277 994 0.7736
277 995 0.2562
277 996 0.2508
277 999 0.2508
277 1002 0.7529
277 1003 0.3055
277 1004 0.5918
277 1005 0.3604
277 1006 0.3604
277 1007 0.3733
277 1012 0.2445
277 1014 0.3822
277 1015 0.2508
277 1016 0.2804
277 1017 0.2666
277 1020 0.2888
277 1022 0.2635
277 1023 0.4367
277 1024 0.2509
277 1026 0.2056
277 1027 0.6165
277 1028 0.4084
277 1029 0.4708
277 1030 0.2664
277 1032 0.2624
277 1033 0.2529
277 1034 0.2508
277 1036 0.2508
277 1039 0.4240
277 1042 0.3822
277 1044 0.2635
277 1045 0.2508
277 1046 0.2444
277 1047 0.2804
277 1049 0.2804
277 1051 0.2106
277 1053 0.5436
277 1054 0.2508
277 1056 0.4312
277 1057 0.2508
277 1058 0.2106
277 1059 0.3555
277 1060 0.2448
277 1062 0.2445
277 1063 0.3491
277 1066 0.4084
277 1067 0.5994
277 1068 0.2804
277 1072 0.2074
277 1073 0.2508
277 1075 0.2508
277 1076 0.1710
277 1077 0.1941
277 1078 0.2672
277 1079 0.2531
277 1080 0.3317
277 1083 0.4155
277 1084 0.5954
277 1087 0.2509
277 1090 0.3259
277 1092 0.4130
277 1093 0.2635
277 1095 0.2635
277 1096 0.2509
277 1097 0.2509
277 1099 0.8304
277 1104 0.2247
277 1105 0.5675
277 1106 0.5195
277 1111 0.4448
277 1115 0.3317
277 1116 0.2119
277 1122 0.2635
277 1123 0.2508
277 1124 0.2528
277 1125 0.2804
277 1126 0.4596
277 1128 0.4084
277 1129 0.5883
277 1130 0.3788
277 1133 0.3304
277 1134 0.3604
277 1135 0.5951
277 1136 0.3317
277 1138 0.3936
277 1141 0.1783
277 1142 0.2508
277 1143 0.4155
277 1145 0.2508
277 1146 0.4352
277 1150 0.5218
277 1151 0.3604
277 1152 0.6162
277 1154 0.5850
277 1155 0.2509
277 1158 0.2635
277 1161 0.2839
277 1163 0.6203
277 1165 0.2508
277 1167 0.2635
277 1173 0.3304
277 1176 0.2664
277 1178 0.2509
277 1180 0.3854
277 1181 0.2508
277 1184 0.3317
277 1185 0.1846
277 1186 0.2421
277 1187 0.1710
277 1188 0.2635
277 1189 0.2624
277 1192 0.5410
277 1193 0.2344
277 1194 0.2509
277 1195 0.2056
277 1197 0.2635
277 1198 0.2664
277 1199 0.2624
277 1201 0.2509
277 1202 0.4489
277 1204 0.2508
277 1205 0.3092
277 1206 0.3713
277 1207 0.2445
277 1208 0.2247
277 1209 0.1710
277 1210 0.3005
277 1211 0.2509
277 1212 0.2589
277 1215 0.1710
277 1217 0.2982
277 1219 0.2251
277 1220 0.2508
277 1221 0.2508
277 1223 0.3965
277 1225 0.7418
277 1226 0.2509
277 1230 0.2508
277 1232 0.2635
277 1233 0.3757
277 1235 0.2509
277 1236 0.1710
277 1237 0.2444
277 1240 0.2635
277 1241 0.4510
277 1242 0.4084
277 1244 0.2635
277 1248 0.3791
277 1250 0.2635
277 1252 0.2624
277 1254 0.2100
277 1256 0.4825
277 1257 0.1710
277 1258 0.2888
277 1259 0.5035
277 1260 0.6856
277 1262 0.4155
277 1263 0.2508
277 1265 0.4700
277 1267 0.2509
277 1269 0.3927
277 1270 0.4240
277 1271 0.2529
277 1272 0.2888
277 1273 0.2074
277 1275 0.5747
277 1276 0.2074
277 1279 0.1876
277 1280 0.1896
277 1282 0.2106
277 1284 0.2635
277 1286 0.2839
277 1287 0.4084
277 1288 0.5108
277 1289 0.3527
277 1291 0.2469
277 1292 0.8843
277 1293 0.2888
277 1295 0.1710
277 1299 0.2444
277 1300 0.2421
277 1301 0.1710
277 1303 0.4007
277 1304 0.2664
277 1305 0.5547
277 1307 0.4971
277 1309 0.2508
277 1310 0.1710
277 1311 0.2509
277 1316 0.8798
277 1322 0.1789
277 1323 0.2529
277 1328 0.2508
277 1329 0.2508
277 1340 0.2445
277 1342 0.5086
277 1343 0.1710
277 1344 0.6350
277 1346 0.2635
277 1349 0.2445
277 1354 0.2508
277 1356 0.2635
277 1357 0.2194
277 1358 0.2981
277 1363 0.2509
277 1367 0.4044
277 1369 0.2935
277 1370 0.5209
277 1372 0.1710
277 1374 0.2509
277 1375 0.3317
277 1382 0.2635
277 1383 0.1710
277 1386 0.2998
277 1387 0.2508
277 1388 0.2445
277 1390 0.1710
277 1392 0.2528
277 1393 0.2635
277 1396 0.2635
277 1397 0.1710
277 1402 0.3440
277 1408 0.2444
277 1409 0.2445
277 1411 0.1710
277 1412 0.2509
277 1413 0.3604
277 1418 0.1710
277 1421 0.3922
277 1423 0.1846
277 1424 0.1710
277 1426 0.2509
277 1433 0.3980
277 1434 0.5854
277 1435 0.6479
277 1436 0.2804
277 1438 0.3926
277 1440 0.2262
277 1443 0.1710
277 1446 0.3742
277 1448 0.2635
277 1451 0.2444
277 1458 0.2839
277 1459 0.3317
277 1460 0.3283
277 1464 0.1710
277 1473 0.3604
277 1474 0.2635
277 1478 0.2354
277 1479 0.3729
277 1481 0.2635
277 1482 0.2529
277 1484 0.2445
277 1485 0.5540
277 1491 0.2470
277 1494 0.6226
277 1496 0.3317
277 1500 0.2444
277 1503 0.5269
277 1504 0.4240
277 1508 0.2509
277 1510 0.3897
277 1512 0.2664
277 1514 0.2509
277 1516 0.2635
277 1517 0.2635
277 1518 0.2444
277 1519 0.5104
277 1520 0.9312
277 1522 0.3757
277 1526 0.1710
277 1527 0.3005
277 1530 0.2168
277 1531 0.2509
277 1534 0.2508
277 1536 0.3346
277 1542 0.2508
277 1544 0.2508
277 1546 0.1710
277 1547 0.2508
277 1548 0.1710
277 1550 0.2444
277 1554 0.3003
277 1557 0.2242
277 1571 0.2509
277 1572 0.5581
277 1577 0.2509
277 1579 0.4596
277 1583 0.3096
277 1585 0.1710
277 1586 0.3604
277 1587 0.2509
277 1588 0.1710
277 1590 0.3096
277 1591 0.2231
277 1593 0.4374
277 1594 0.2408
277 1598 0.2509
277 1602 0.2508
277 1603 0.4240
277 1606 0.2849
277 1607 0.2635
277 1610 0.2635
277 1611 0.1710
277 1612 0.2509
277 1613 0.5421
277 1614 0.2888
277 1616 0.3604
277 1618 0.3103
277 1619 0.1710
277 1620 0.3604
277 1621 0.4982
277 1622 0.7146
277 1623 0.2509
277 1624 0.4033
277 1625 0.2635
277 1629 0.2508
277 1631 0.2528
277 1633 0.3757
277 1634 0.3311
277 1635 0.2445
277 1636 0.2509
277 1637 0.4388
277 1638 0.2508
277 1640 0.2247
277 1641 0.4489
277 1642 0.3757
277 1644 0.2509
277 1646 0.2421
277 1647 0.2509
277 1649 0.4240
277 1650 0.2509
277 1653 0.2508
277 1654 0.3822
277 1655 0.2509
277 1659 0.2448
277 1660 0.3304
277 1661 0.5769
277 1667 0.6229
277 1668 0.2264
277 1669 0.2100
277 1670 0.1903
277 1673 0.2508
277 1674 0.3949
277 1678 0.2635
277 1680 0.2508
277 1682 0.5490
277 1683 0.3921
277 1686 0.2445
277 1687 0.1710
277 1689 0.9222
277 1691 0.2354
277 1692 0.2635
277 1693 0.2508
277 1694 0.3822
277 1695 0.2508
277 1697 0.3604
277 1700 0.2444
277 1702 0.2804
277 1704 0.3794
277 1705 0.2445
277 1707 0.6302
277 1708 0.1710
277 1709 0.2850
277 1710 0.1710
277 1711 0.2850
277 1712 0.9295
277 1713 0.4484
277 1714 0.3854
277 1715 0.2804
277 1717 0.7698
277 1718 0.2509
277 1719 0.2509
277 1720 0.2445
277 1721 0.2804
277 1723 0.3854
277 1724 0.2445
277 1725 0.2508
277 1728 0.2635
278 279 0.1710
278 280 0.2635
278 282 0.3854
278 283 0.6226
278 284 0.4179
278 285 0.4066
278 286 0.4587
278 287 0.5286
278 290 0.7117
278 291 0.1783
278 292 0.4112
278 293 0.2056
278 294 0.2588
278 295 0.2509
278 296 0.1710
278 297 0.1710
278 300 0.4239
278 301 0.2569
278 302 0.3854
278 304 0.2168
278 306 0.3138
278 307 0.2444
278 308 0.4011
278 309 0.2715
278 310 0.3317
278 311 0.2635
278 314 0.4937
278 315 0.4374
278 316 0.3604
278 317 0.3899
278 320 0.2635
278 322 0.3604
278 324 0.4608
278 326 0.2260
278 328 0.5094
278 329 0.2119
278 331 0.2274
278 332 0.4316
278 333 0.2664
278 334 0.4703
278 335 0.3317
278 336 0.3899
278 338 0.2528
278 339 0.2106
278 340 0.2247
278 341 0.4489
278 342 0.5077
278 343 0.2445
278 344 0.1710
278 347 0.5422
278 348 0.3899
278 349 0.1974
278 350 0.3005
278 351 0.2635
278 352 0.2509
278 353 0.2508
278 354 0.1766
278 356 0.1710
278 357 0.5724
278 358 0.4489
278 359 0.1789
278 361 0.4481
278 362 0.2187
278 363 0.5009
278 364 0.4385
278 366 0.4489
278 367 0.3395
278 368 0.3555
278 369 0.3604
278 370 0.2508
278 371 0.6116
278 372 0.3604
278 373 0.4489
278 374 0.2569
278 375 0.2562
278 376 0.1710
278 377 0.2664
278 378 0.2509
278 379 0.2264
278 380 0.2508
278 382 0.2509
278 383 0.4077
278 384 0.7843
278 386 0.4183
278 387 0.5506
278 388 0.2509
278 389 0.3604
278 390 0.3311
278 391 0.3754
278 392 0.2624
278 393 0.3822
278 396 0.6962
278 398 0.3333
278 399 0.2779
278 400 0.2604
278 402 0.2509
278 403 0.3304
278 406 0.3820
278 408 0.3005
278 409 0.2065
278 411 0.2509
278 412 0.3039
278 413 0.2247
278 414 0.4800
278 415 0.2448
278 416 0.3899
278 418 0.2529
278 419 0.3757
278 420 0.3820
278 423 0.3899
278 424 0.2509
278 425 0.4688
278 428 0.2163
278 429 0.3317
278 433 0.2445
278 434 0.4795
278 436 0.2508
278 437 0.3899
278 438 0.5716
278 439 0.3317
278 441 0.4489
278 442 0.2421
278 445 0.2006
278 447 0.4284
278 448 0.1710
278 449 0.2100
278 450 0.2444
278 451 0.2445
278 452 0.4519
278 453 0.3114
278 454 0.8407
278 455 0.2635
278 456 0.2509
278 458 0.2445
278 459 0.2757
278 460 0.2635
278 461 0.2421
278 463 0.2529
278 464 0.5394
278 466 0.4333
278 467 0.4595
278 470 0.4737
278 471 0.2194
278 472 0.7752
278 474 0.2444
278 475 0.5581
278 476 0.6625
278 484 0.5537
278 485 0.3757
278 488 0.2850
278 489 0.1766
278 491 0.4614
278 494 0.2509
278 495 0.4847
278 496 0.3604
278 497 0.2505
278 498 0.2508
278 499 0.2508
278 501 0.2421
278 502 0.4489
278 503 0.1710
278 504 0.2119
278 505 0.2056
278 506 0.2509
278 507 0.4691
278 508 0.2508
278 509 0.3304
278 511 0.2548
278 512 0.1892
278 514 0.2905
278 515 0.3420
278 516 0.2445
278 517 0.2868
278 518 0.2664
278 519 0.5002
278 520 0.3990
278 521 0.4435
278 522 0.2508
278 523 0.6166
278 524 0.3899
278 525 0.2635
278 531 0.2336
278 532 0.1710
278 533 0.4933
278 534 0.4911
278 536 0.2408
278 537 0.3897
278 538 0.2635
278 540 0.4832
278 541 0.2624
278 542 0.2509
278 543 0.2445
278 544 0.2210
278 545 0.2210
278 546 0.2508
278 547 0.2371
278 548 0.4417
278 549 0.3854
278 553 0.3710
278 554 0.2445
278 555 0.2888
278 556 0.2508
278 557 0.3395
278 558 0.2664
278 559 0.2074
278 560 0.3068
278 561 0.2888
278 562 0.3757
278 563 0.3526
278 564 0.2508
278 565 0.4240
278 566 0.1710
278 568 0.7610
278 570 0.2508
278 571 0.2508
278 572 0.3921
278 573 0.3194
278 574 0.2293
278 575 0.5077
278 576 0.3822
278 577 0.2635
278 578 0.5068
278 579 0.2509
278 582 0.3555
278 583 0.2074
278 584 0.1710
278 585 0.2408
278 586 0.2508
278 587 0.7073
278 589 0.4499
278 590 0.8446
278 592 0.5086
278 593 0.2283
278 595 0.4596
278 599 0.2949
278 600 0.3630
278 602 0.2408
278 607 0.4316
278 609 0.2635
278 610 0.2508
278 611 0.2508
278 612 0.4401
278 613 0.4246
278 614 0.4286
278 617 0.2508
278 618 0.4412
278 619 0.3796
278 626 0.6161
278 628 0.2635
278 629 0.2242
278 631 0.3189
278 632 0.4923
278 633 0.6005
278 634 0.4591
278 635 0.1710
278 636 0.1789
278 637 0.3326
278 638 0.2508
278 639 0.8347
278 641 0.2508
278 643 0.2888
278 644 0.2528
278 645 0.2635
278 647 0.2508
278 648 0.6125
278 650 0.2508
278 651 0.5015
278 653 0.2888
278 655 0.2509
278 657 0.2509
278 658 0.2508
278 659 0.4142
278 662 0.2354
278 664 0.5156
278 666 0.5842
278 668 0.6441
278 671 0.4155
278 672 0.2198
278 673 0.2508
278 676 0.2509
278 677 0.2635
278 678 0.2448
278 679 0.4728
278 682 0.2508
278 683 0.2509
278 685 0.2888
278 686 0.1912
278 687 0.2850
278 688 0.2242
278 689 0.5857
278 691 0.1710
278 692 0.5216
278 694 0.2392
278 695 0.1710
278 697 0.4489
278 698 0.4611
278 699 0.6033
278 700 0.2509
278 701 0.2444
278 702 0.1846
278 703 0.2932
278 705 0.4409
278 706 0.4803
278 707 0.2242
278 709 0.4370
278 710 0.3897
278 711 0.3822
278 712 0.2635
278 714 0.2635
278 716 0.2509
278 717 0.3604
278 718 0.3897
278 720 0.2444
278 722 0.6141
278 724 0.2470
278 725 0.3757
278 726 0.5502
278 727 0.2508
278 728 0.2624
278 731 0.2509
278 733 0.3990
278 735 0.7193
278 736 0.5625
278 737 0.6653
278 738 0.2056
278 740 0.7196
278 741 0.5447
278 742 0.1914
278 743 0.2445
278 744 0.2144
278 748 0.4420
278 750 0.4520
278 752 0.4728
278 753 0.2635
278 754 0.4084
278 755 0.2850
278 758 0.3583
278 759 0.2635
278 760 0.2635
278 761 0.2508
278 763 0.3223
278 766 0.4084
278 768 0.7420
278 769 0.2445
278 770 0.3549
278 771 0.4837
278 773 0.2528
278 774 0.2354
278 776 0.2850
278 777 0.2635
278 778 0.2509
278 779 0.2444
278 780 0.4478
278 783 0.4084
278 784 0.2074
278 786 0.5899
278 787 0.4489
278 789 0.2982
278 792 0.2508
278 793 0.4754
278 794 0.5030
278 795 0.4489
278 796 0.3005
278 798 0.2635
278 799 0.1710
278 803 0.3069
278 804 0.3385
278 806 0.1766
278 807 0.2242
278 809 0.2508
278 811 0.8574
278 812 0.2664
278 813 0.6738
278 814 0.4458
278 815 0.4489
278 817 0.3330
278 818 0.3604
278 819 0.1710
278 820 0.2119
278 821 0.2100
278 823 0.4353
278 825 0.2905
278 827 0.4056
278 829 0.5860
278 830 0.2448
278 831 0.4084
278 832 0.1710
278 833 0.4084
278 834 0.2508
278 836 0.6166
278 837 0.2354
278 838 0.2508
278 839 0.2119
278 840 0.4489
278 841 0.4240
278 843 0.2509
278 845 0.2635
278 846 0.6784
278 849 0.2780
278 851 0.4895
278 853 0.2509
278 854 0.4084
278 858 0.2508
278 859 0.2635
278 860 0.2888
278 864 0.2885
278 865 0.2445
278 866 0.2509
278 867 0.1840
278 868 0.4534
278 869 0.2529
278 870 0.4874
278 871 0.3365
278 872 0.8787
278 873 0.2635
278 875 0.1710
278 876 0.2445
278 877 0.2509
278 878 0.2509
278 880 0.2975
278 883 0.3915
278 885 0.2508
278 886 0.2509
278 887 0.3943
278 889 0.3965
278 890 0.2509
278 891 0.8420
278 892 0.3604
278 893 0.2836
278 894 0.3409
278 895 0.1948
278 896 0.2635
278 897 0.2635
278 898 0.6106
278 899 0.2635
278 901 0.2084
278 903 0.3604
278 906 0.2445
278 907 0.2181
278 908 0.3032
278 909 0.2445
278 911 0.3092
278 912 0.2106
278 913 0.3005
278 914 0.3005
278 915 0.5213
278 917 0.2508
278 918 0.2850
278 919 0.1710
278 922 0.2888
278 924 0.2508
278 928 0.1710
278 929 0.2982
278 930 0.5545
278 934 0.2444
278 935 0.4712
278 936 0.2509
278 937 0.2508
278 938 0.2241
278 939 0.3897
278 940 0.2888
278 941 0.4084
278 942 0.1710
278 943 0.3121
278 944 0.2509
278 947 0.2635
278 948 0.1846
278 949 0.2247
278 952 0.5373
278 953 0.4240
278 955 0.2508
278 956 0.4084
278 957 0.2100
278 960 0.2854
278 962 0.2508
278 964 0.2635
278 965 0.2444
278 966 0.2445
278 967 0.2635
278 968 0.5839
278 969 0.4844
278 971 0.3121
278 972 0.2508
278 973 0.2509
278 974 0.9847
278 976 0.4347
278 979 0.4084
278 981 0.2509
278 982 0.2508
278 983 0.2508
278 984 0.2509
278 987 0.2509
278 989 0.3005
278 990 0.3304
278 991 0.1710
278 992 0.3822
278 993 0.7291
278 994 0.7736
278 995 0.2562
278 996 0.2508
278 999 0.2508
278 1002 0.7529
278 1003 0.3055
278 1004 0.5918
278 1005 0.3604
278 1006 0.3604
278 1007 0.3733
278 1012 0.2445
278 1014 0.3822
278 1015 0.2508
278 1016 0.2804
278 1017 0.2666
278 1020 0.2888
278 1022 0.2635
278 1023 0.4367
278 1024 0.2509
278 1026 0.2056
278 1027 0.6165
278 1028 0.4084
278 1029 0.4708
278 1030 0.2664
278 1032 0.2624
278 1033 0.2529
278 1034 0.2508
278 1036 0.2508
278 1039 0.4240
278 1042 0.3822
278 1044 0.2635
278 1045 0.2508
278 1046 0.2444
278 1047 0.2804
278 1049 0.2804
278 1051 0.2106
278 1053 0.5436
278 1054 0.2508
278 1056 0.4312
278 1057 0.2508
278 1058 0.2106
278 1059 0.3555
278 1060 0.2448
278 1062 0.2445
278 1063 0.3491
278 1066 0.4084
278 1067 0.5994
278 1068 0.2804
278 1072 0.2074
278 1073 0.2508
278 1075 0.2508
278 1076 0.1710
278 1077 0.1941
278 1078 0.2672
278 1079 0.2531
278 1080 0.3317
278 1083 0.4155
278 1084 0.5954
278 1087 0.2509
278 1090 0.3259
278 1092 0.4130
278 1093 0.2635
278 1095 0.2635
278 1096 0.2509
278 1097 0.2509
278 1099 0.8304
278 1104 0.2247
278 1105 0.5675
278 1106 0.5195
278 1111 0.4448
278 1115 0.3317
278 1116 0.2119
278 1122 0.2635
278 1123 0.2508
278 1124 0.2528
278 1125 0.2804
278 1126 0.4596
278 1128 0.4084
278 1129 0.5883
278 1130 0.3788
278 1133 0.3304
278 1134 0.3604
278 1135 0.5951
278 1136 0.3317
278 1138 0.3936
278 1141 0.1783
278 1142 0.2508
278 1143 0.4155
278 1145 0.2508
278 1146 0.4352
278 1150 0.5218
278 1151 0.3604
278 1152 0.6162
278 1154 0.5850
278 1155 0.2509
278 1158 0.2635
278 1161 0.2839
278 1163 0.6203
278 1165 0.2508
278 1167 0.2635
278 1173 0.3304
278 1176 0.2664
278 1178 0.2509
278 1180 0.3854
278 1181 0.2508
278 1184 0.3317
278 1185 0.1846
278 1186 0.2421
278 1187 0.1710
278 1188 0.2635
278 1189 0.2624
278 1192 0.5410
278 1193 0.2344
278 1194 0.2509
278 1195 0.2056
278 1197 0.2635
278 1198 0.2664
278 1199 0.2624
278 1201 0.2509
278 1202 0.4489
278 1204 0.2508
278 1205 0.3092
278 1206 0.3713
278 1207 0.2445
278 1208 0.2247
278 1209 0.1710
278 1210 0.3005
278 1211 0.2509
278 1212 0.2589
278 1215 0.1710
278 1217 0.2982
278 1219 0.2251
278 1220 0.2508
278 1221 0.2508
278 1223 0.3965
278 1225 0.7418
278 1226 0.2509
278 1230 0.2508
278 1232 0.2635
278 1233 0.3757
278 1235 0.2509
278 1236 0.1710
278 1237 0.2444
278 1240 0.2635
278 1241 0.4510
278 1242 0.4084
278 1244 0.2635
278 1248 0.3791
278 1250 0.2635
278 1252 0.2624
278 1254 0.2100
278 1256 0.4825
278 1257 0.1710
278 1258 0.2888
278 1259 0.5035
278 1260 0.6856
278 1262 0.4155
278 1263 0.2508
278 1265 0.4700
278 1267 0.2509
278 1269 0.3927
278 1270 0.4240
278 1271 0.2529
278 1272 0.2888
278 1273 0.2074
278 1275 0.5747
278 1276 0.2074
278 1279 0.1876
278 1280 0.1896
278 1282 0.2106
278 1284 0.2635
278 1286 0.2839
278 1287 0.4084
278 1288 0.5108
278 1289 0.3527
278 1291 0.2469
278 1292 0.8843
278 1293 0.2888
278 1295 0.1710
278 1299 0.2444
278 1300 0.2421
278 1301 0.1710
278 1303 0.4007
278 1304 0.2664
278 1305 0.5547
278 1307 0.4971
278 1309 0.2508
278 1310 0.1710
278 1311 0.2509
278 1316 0.8798
278 1322 0.1789
278 1323 0.2529
278 1328 0.2508
278 1329 0.2508
278 1340 0.2445
278 1342 0.5086
278 1343 0.1710
278 1344 0.6350
278 1346 0.2635
278 1349 0.2445
278 1354 0.2508
278 1356 0.2635
278 1357 0.2194
278 1358 0.2981
278 1363 0.2509
278 1367 0.4044
278 1369 0.2935
278 1370 0.5209
278 1372 0.1710
278 1374 0.2509
278 1375 0.3317
278 1382 0.2635
278 1383 0.1710
278 1386 0.2998
278 1387 0.2508
278 1388 0.2445
278 1390 0.1710
278 1392 0.2528
278 1393 0.2635
278 1396 0.2635
278 1397 0.1710
278 1402 0.3440
278 1408 0.2444
278 1409 0.2445
278 1411 0.1710
278 1412 0.2509
278 1413 0.3604
278 1418 0.1710
278 1421 0.3922
278 1423 0.1846
278 1424 0.1710
278 1426 0.2509
278 1433 0.3980
278 1434 0.5854
278 1435 0.6479
278 1436 0.2804
278 1438 0.3926
278 1440 0.2262
278 1443 0.1710
278 1446 0.3742
278 1448 0.2635
278 1451 0.2444
278 1458 0.2839
278 1459 0.3317
278 1460 0.3283
278 1464 0.1710
278 1473 0.3604
278 1474 0.2635
278 1478 0.2354
278 1479 0.3729
278 1481 0.2635
278 1482 0.2529
278 1484 0.2445
278 1485 0.5540
278 1491 0.2470
278 1494 0.6226
278 1496 0.3317
278 1500 0.2444
278 1503 0.5269
278 1504 0.4240
278 1508 0.2509
278 1510 0.3897
278 1512 0.2664
278 1514 0.2509
278 1516 0.2635
278 1517 0.2635
278 1518 0.2444
278 1519 0.5104
278 1520 0.9312
278 1522 0.3757
278 1526 0.1710
278 1527 0.3005
278 1530 0.2168
278 1531 0.2509
278 1534 0.2508
278 1536 0.3346
278 1542 0.2508
278 1544 0.2508
278 1546 0.1710
278 1547 0.2508
278 1548 0.1710
278 1550 0.2444
278 1554 0.3003
278 1557 0.2242
278 1571 0.2509
278 1572 0.5581
278 1577 0.2509
278 1579 0.4596
278 1583 0.3096
278 1585 0.1710
278 1586 0.3604
278 1587 0.2509
278 1588 0.1710
278 1590 0.3096
278 1591 0.2231
278 1593 0.4374
278 1594 0.2408
278 1598 0.2509
278 1602 0.2508
278 1603 0.4240
278 1606 0.2849
278 1607 0.2635
278 1610 0.2635
278 1611 0.1710
278 1612 0.2509
278 1613 0.5421
278 1614 0.2888
278 1616 0.3604
278 1618 0.3103
278 1619 0.1710
278 1620 0.3604
278 1621 0.4982
278 1622 0.7146
278 1623 0.2509
278 1624 0.4033
278 1625 0.2635
278 1629 0.2508
278 1631 0.2528
278 1633 0.3757
278 1634 0.3311
278 1635 0.2445
278 1636 0.2509
278 1637 0.4388
278 1638 0.2508
278 1640 0.2247
278 1641 0.4489
278 1642 0.3757
278 1644 0.2509
278 1646 0.2421
278 1647 0.2509
278 1649 0.4240
278 1650 0.2509
278 1653 0.2508
278 1654 0.3822
278 1655 0.2509
278 1659 0.2448
278 1660 0.3304
278 1661 0.5769
278 1667 0.6229
278 1668 0.2264
278 1669 0.2100
278 1670 0.1903
278 1673 0.2508
278 1674 0.3949
278 1678 0.2635
278 1680 0.2508
278 1682 0.5490
278 1683 0.3921
278 1686 0.2445
278 1687 0.1710
278 1689 0.9222
278 1691 0.2354
278 1692 0.2635
278 1693 0.2508
278 1694 0.3822
278 1695 0.2508
278 1697 0.3604
278 1700 0.2444
278 1702 0.2804
278 1704 0.3794
278 1705 0.2445
278 1707 0.6302
278 1708 0.1710
278 1709 0.2850
278 1710 0.1710
278 1711 0.2850
278 1712 0.9295
278 1713 0.4484
278 1714 0.3854
278 1715 0.2804
278 1717 0.7698
278 1718 0.2509
278 1719 0.2509
278 1720 0.2445
278 1721 0.2804
278 1723 0.3854
278 1724 0.2445
278 1725 0.2508
278 1728 0.2635
279 280 0.2635
279 282 0.3854
279 283 0.6226
279 284 0.4179
279 285 0.4066
279 286 0.4587
279 287 0.5286
279 290 0.7117
279 291 0.1783
279 292 0.4112
279 293 0.2056
279 294 0.2588
279 295 0.2509
279 296 0.1710
279 297 0.1710
279 300 0.4239
279 301 0.2569
279 302 0.3854
279 304 0.2168
279 306 0.3138
279 307 0.2444
279 308 0.4011
279 309 0.2715
279 310 0.3317
279 311 0.2635
279 314 0.4937
279 315 0.4374
279 316 0.3604
279 317 0.3899
279 320 0.2635
279 322 0.3604
279 324 0.4608
279 326 0.2260
279 328 0.5094
279 329 0.2119
279 331 0.2274
279 332 0.4316
279 333 0.2664
279 334 0.4703
279 335 0.3317
279 336 0.3899
279 338 0.2528
279 339 0.2106
279 340 0.2247
279 341 0.4489
279 342 0.5077
279 343 0.2445
279 344 0.1710
279 347 0.5422
279 348 0.3899
279 349 0.1974
279 350 0.3005
279 351 0.2635
279 352 0.2509
279 353 0.2508
279 354 0.1766
279 356 0.1710
279 357 0.5724
279 358 0.4489
279 359 0.1789
279 361 0.4481
279 362 0.2187
279 363 0.5009
279 364 0.4385
279 366 0.4489
279 367 0.3395
279 368 0.3555
279 369 0.3604
279 370 0.2508
279 371 0.6116
279 372 0.3604
279 373 0.4489
279 374 0.2569
279 375 0.2562
279 376 0.1710
279 377 0.2664
279 378 0.2509
279 379 0.2264
279 380 0.2508
279 382 0.2509
279 383 0.4077
279 384 0.7843
279 386 0.4183
279 387 0.5506
279 388 0.2509
279 389 0.3604
279 390 0.3311
279 391 0.3754
279 392 0.2624
279 393 0.3822
279 396 0.6962
279 398 0.3333
279 399 0.2779
279 400 0.2604
279 402 0.2509
279 403 0.3304
279 406 0.3820
279 408 0.3005
279 409 0.2065
279 411 0.2509
279 412 0.3039
279 413 0.2247
279 414 0.4800
279 415 0.2448
279 416 0.3899
279 418 0.2529
279 419 0.3757
279 420 0.3820
279 423 0.3899
279 424 0.2509
279 425 0.4688
279 428 0.2163
279 429 0.3317
279 433 0.2445
279 434 0.4795
279 436 0.2508
279 437 0.3899
279 438 0.5716
279 439 0.3317
279 441 0.4489
279 442 0.2421
279 445 0.2006
279 447 0.4284
279 448 0.1710
279 449 0.2100
279 450 0.2444
279 451 0.2445
279 452 0.4519
279 453 0.3114
279 454 0.8407
279 455 0.2635
279 456 0.2509
279 458 0.2445
279 459 0.2757
279 460 0.2635
279 461 0.2421
279 463 0.2529
279 464 0.5394
279 466 0.4333
279 467 0.4595
279 470 0.4737
279 471 0.2194
279 472 0.7752
279 474 0.2444
279 475 0.5581
279 476 0.6625
279 484 0.5537
279 485 0.3757
279 488 0.2850
279 489 0.1766
279 491 0.4614
279 494 0.2509
279 495 0.4847
279 496 0.3604
279 497 0.2505
279 498 0.2508
279 499 0.2508
279 501 0.2421
279 502 0.4489
279 503 0.1710
279 504 0.2119
279 505 0.2056
279 506 0.2509
279 507 0.4691
279 508 0.2508
279 509 0.3304
279 511 0.2548
279 512 0.1892
279 514 0.2905
279 515 0.3420
279 516 0.2445
279 517 0.2868
279 518 0.2664
279 519 0.5002
279 520 0.3990
279 521 0.4435
279 522 0.2508
279 523 0.6166
279 524 0.3899
279 525 0.2635
279 531 0.2336
279 532 0.1710
279 533 0.4933
279 534 0.4911
279 536 0.2408
279 537 0.3897
279 538 0.2635
279 540 0.4832
279 541 0.2624
279 542 0.2509
279 543 0.2445
279 544 0.2210
279 545 0.2210
279 546 0.2508
279 547 0.2371
279 548 0.4417
279 549 0.3854
279 553 0.3710
279 554 0.2445
279 555 0.2888
279 556 0.2508
279 557 0.3395
279 558 0.2664
279 559 0.2074
279 560 0.3068
279 561 0.2888
279 562 0.3757
279 563 0.3526
279 564 0.2508
279 565 0.4240
279 566 0.1710
279 568 0.7610
279 570 0.2508
279 571 0.2508
279 572 0.3921
279 573 0.3194
279 574 0.2293
279 575 0.5077
279 576 0.3822
279 577 0.2635
279 578 0.5068
279 579 0.2509
279 582 0.3555
279 583 0.2074
279 584 0.1710
279 585 0.2408
279 586 0.2508
279 587 0.7073
279 589 0.4499
279 590 0.8446
279 592 0.5086
279 593 0.2283
279 595 0.4596
279 599 0.2949
279 600 0.3630
279 602 0.2408
279 607 0.4316
279 609 0.2635
279 610 0.2508
279 611 0.2508
279 612 0.4401
279 613 0.4246
279 614 0.4286
279 617 0.2508
279 618 0.4412
279 619 0.3796
279 626 0.6161
279 628 0.2635
279 629 0.2242
279 631 0.3189
279 632 0.4923
279 633 0.6005
279 634 0.4591
279 635 0.1710
279 636 0.1789
279 637 0.3326
279 638 0.2508
279 639 0.8347
279 641 0.2508
279 643 0.2888
279 644 0.2528
279 645 0.2635
279 647 0.2508
279 648 0.6125
279 650 0.2508
279 651 0.5015
279 653 0.2888
279 655 0.2509
279 657 0.2509
279 658 0.2508
279 659 0.4142
279 662 0.2354
279 664 0.5156
279 666 0.5842
279 668 0.6441
279 671 0.4155
279 672 0.2198
279 673 0.2508
279 676 0.2509
279 677 0.2635
279 678 0.2448
279 679 0.4728
279 682 0.2508
279 683 0.2509
279 685 0.2888
279 686 0.1912
279 687 0.2850
279 688 0.2242
279 689 0.5857
279 691 0.1710
279 692 0.5216
279 694 0.2392
279 695 0.1710
279 697 0.4489
279 698 0.4611
279 699 0.6033
279 700 0.2509
279 701 0.2444
279 702 0.1846
279 703 0.2932
279 705 0.4409
279 706 0.4803
279 707 0.2242
279 709 0.4370
279 710 0.3897
279 711 0.3822
279 712 0.2635
279 714 0.2635
279 716 0.2509
279 717 0.3604
279 718 0.3897
279 720 0.2444
279 722 0.6141
279 724 0.2470
279 725 0.3757
279 726 0.5502
279 727 0.2508
279 728 0.2624
279 731 0.2509
279 733 0.3990
279 735 0.7193
279 736 0.5625
279 737 0.6653
279 738 0.2056
279 740 0.7196
279 741 0.5447
279 742 0.1914
279 743 0.2445
279 744 0.2144
279 748 0.4420
279 750 0.4520
279 752 0.4728
279 753 0.2635
279 754 0.4084
279 755 0.2850
279 758 0.3583
279 759 0.2635
279 760 0.2635
279 761 0.2508
279 763 0.3223
279 766 0.4084
279 768 0.7420
279 769 0.2445
279 770 0.3549
279 771 0.4837
279 773 0.2528
279 774 0.2354
279 776 0.2850
279 777 0.2635
279 778 0.2509
279 779 0.2444
279 780 0.4478
279 783 0.4084
279 784 0.2074
279 786 0.5899
279 787 0.4489
279 789 0.2982
279 792 0.2508
279 793 0.4754
279 794 0.5030
279 795 0.4489
279 796 0.3005
279 798 0.2635
279 799 0.1710
279 803 0.3069
279 804 0.3385
279 806 0.1766
279 807 0.2242
279 809 0.2508
279 811 0.8574
279 812 0.2664
279 813 0.6738
279 814 0.4458
279 815 0.4489
279 817 0.3330
279 818 0.3604
279 819 0.1710
279 820 0.2119
279 821 0.2100
279 823 0.4353
279 825 0.2905
279 827 0.4056
279 829 0.5860
279 830 0.2448
279 831 0.4084
279 832 0.1710
279 833 0.4084
279 834 0.2508
279 836 0.6166
279 837 0.2354
279 838 0.2508
279 839 0.2119
279 840 0.4489
279 841 0.4240
279 843 0.2509
279 845 0.2635
279 846 0.6784
279 849 0.2780
279 851 0.4895
279 853 0.2509
279 854 0.4084
279 858 0.2508
279 859 0.2635
279 860 0.2888
279 864 0.2885
279 865 0.2445
279 866 0.2509
279 867 0.1840
279 868 0.4534
279 869 0.2529
279 870 0.4874
279 871 0.3365
279 872 0.8787
279 873 0.2635
279 875 0.1710
279 876 0.2445
279 877 0.2509
279 878 0.2509
279 880 0.2975
279 883 0.3915
279 885 0.2508
279 886 0.2509
279 887 0.3943
279 889 0.3965
279 890 0.2509
279 891 0.8420
279 892 0.3604
279 893 0.2836
279 894 0.3409
279 895 0.1948
279 896 0.2635
279 897 0.2635
279 898 0.6106
279 899 0.2635
279 901 0.2084
279 903 0.3604
279 906 0.2445
279 907 0.2181
279 908 0.3032
279 909 0.2445
279 911 0.3092
279 912 0.2106
279 913 0.3005
279 914 0.3005
279 915 0.5213
279 917 0.2508
279 918 0.2850
279 919 0.1710
279 922 0.2888
279 924 0.2508
279 928 0.1710
279 929 0.2982
279 930 0.5545
279 934 0.2444
279 935 0.4712
279 936 0.2509
279 937 0.2508
279 938 0.2241
279 939 0.3897
279 940 0.2888
279 941 0.4084
279 942 0.1710
279 943 0.3121
279 944 0.2509
279 947 0.2635
279 948 0.1846
279 949 0.2247
279 952 0.5373
279 953 0.4240
279 955 0.2508
279 956 0.4084
279 957 0.2100
279 960 0.2854
279 962 0.2508
279 964 0.2635
279 965 0.2444
279 966 0.2445
279 967 0.2635
279 968 0.5839
279 969 0.4844
279 971 0.3121
279 972 0.2508
279 973 0.2509
279 974 0.9847
279 976 0.4347
279 979 0.4084
279 981 0.2509
279 982 0.2508
279 983 0.2508
279 984 0.2509
279 987 0.2509
279 989 0.3005
279 990 0.3304
279 991 0.1710
279 992 0.3822
279 993 0.7291
279 994 0.7736
279 995 0.2562
279 996 0.2508
279 999 0.2508
279 1002 0.7529
279 1003 0.3055
279 1004 0.5918
279 1005 0.3604
279 1006 0.3604
279 1007 0.3733
279 1012 0.2445
279 1014 0.3822
279 1015 0.2508
279 1016 0.2804
279 1017 0.2666
279 1020 0.2888
279 1022 0.2635
279 1023 0.4367
279 1024 0.2509
279 1026 0.2056
279 1027 0.6165
279 1028 0.4084
279 1029 0.4708
279 1030 0.2664
279 1032 0.2624
279 1033 0.2529
279 1034 0.2508
279 1036 0.2508
279 1039 0.4240
279 1042 0.3822
279 1044 0.2635
279 1045 0.2508
279 1046 0.2444
279 1047 0.2804
279 1049 0.2804
279 1051 0.2106
279 1053 0.5436
279 1054 0.2508
279 1056 0.4312
279 1057 0.2508
279 1058 0.2106
279 1059 0.3555
279 1060 0.2448
279 1062 0.2445
279 1063 0.3491
279 1066 0.4084
279 1067 0.5994
279 1068 0.2804
279 1072 0.2074
279 1073 0.2508
279 1075 0.2508
279 1076 0.1710
279 1077 0.1941
279 1078 0.2672
279 1079 0.2531
279 1080 0.3317
279 1083 0.4155
279 1084 0.5954
279 1087 0.2509
279 1090 0.3259
279 1092 0.4130
279 1093 0.2635
279 1095 0.2635
279 1096 0.2509
279 1097 0.2509
279 1099 0.8304
279 1104 0.2247
279 1105 0.5675
279 1106 0.5195
279 1111 0.4448
279 1115 0.3317
279 1116 0.2119
279 1122 0.2635
279 1123 0.2508
279 1124 0.2528
279 1125 0.2804
279 1126 0.4596
279 1128 0.4084
279 1129 0.5883
279 1130 0.3788
279 1133 0.3304
279 1134 0.3604
279 1135 0.5951
279 1136 0.3317
279 1138 0.3936
279 1141 0.1783
279 1142 0.2508
279 1143 0.4155
279 1145 0.2508
279 1146 0.4352
279 1150 0.5218
279 1151 0.3604
279 1152 0.6162
279 1154 0.5850
279 1155 0.2509
279 1158 0.2635
279 1161 0.2839
279 1163 0.6203
279 1165 0.2508
279 1167 0.2635
279 1173 0.3304
279 1176 0.2664
279 1178 0.2509
279 1180 0.3854
279 1181 0.2508
279 1184 0.3317
279 1185 0.1846
279 1186 0.2421
279 1187 0.1710
279 1188 0.2635
279 1189 0.2624
279 1192 0.5410
279 1193 0.2344
279 1194 0.2509
279 1195 0.2056
279 1197 0.2635
279 1198 0.2664
279 1199 0.2624
279 1201 0.2509
279 1202 0.4489
279 1204 0.2508
279 1205 0.3092
279 1206 0.3713
279 1207 0.2445
279 1208 0.2247
279 1209 0.1710
279 1210 0.3005
279 1211 0.2509
279 1212 0.2589
279 1215 0.1710
279 1217 0.2982
