1155 1225 0.7418
1155 1226 0.2509
1155 1230 0.2508
1155 1232 0.2635
1155 1233 0.3757
1155 1235 0.2509
1155 1236 0.1710
1155 1237 0.2444
1155 1240 0.2635
1155 1241 0.4510
1155 1242 0.4084
1155 1244 0.2635
1155 1248 0.3791
1155 1250 0.2635
1155 1252 0.2624
1155 1254 0.2100
1155 1256 0.4825
1155 1257 0.1710
1155 1258 0.2888
1155 1259 0.5035
1155 1260 0.6856
1155 1262 0.4155
1155 1263 0.2508
1155 1265 0.4700
1155 1267 0.2509
1155 1269 0.3927
1155 1270 0.4240
1155 1271 0.2529
1155 1272 0.2888
1155 1273 0.2074
1155 1275 0.5747
1155 1276 0.2074
1155 1279 0.1876
1155 1280 0.1896
1155 1282 0.2026
1155 1284 0.2635
1155 1286 0.2839
1155 1287 0.4084
1155 1288 0.2568
1155 1289 0.3073
1155 1291 0.2469
1155 1292 0.8976
1155 1293 0.2888
1155 1295 0.1710
1155 1299 0.2444
1155 1300 0.2421
1155 1301 0.1710
1155 1303 0.3979
1155 1304 0.2664
1155 1305 0.4116
1155 1307 0.4857
1155 1309 0.2508
1155 1310 0.1710
1155 1311 0.2509
1155 1316 0.9056
1155 1322 0.1789
1155 1323 0.2529
1155 1328 0.2508
1155 1329 0.2508
1155 1340 0.2445
1155 1342 0.5086
1155 1343 0.1710
1155 1344 0.6350
1155 1346 0.2635
1155 1349 0.2445
1155 1354 0.2508
1155 1356 0.2635
1155 1357 0.2194
1155 1358 0.2981
1155 1363 0.1710
1155 1367 0.4044
1155 1369 0.2935
1155 1370 0.5209
1155 1372 0.1710
1155 1374 0.2509
1155 1375 0.3317
1155 1382 0.2635
1155 1383 0.1710
1155 1386 0.2998
1155 1387 0.2508
1155 1388 0.2445
1155 1390 0.1710
1155 1392 0.2528
1155 1393 0.2635
1155 1396 0.2635
1155 1397 0.1710
1155 1402 0.3440
1155 1408 0.2444
1155 1409 0.2445
1155 1411 0.1710
1155 1412 0.2509
1155 1413 0.3604
1155 1418 0.1710
1155 1421 0.3922
1155 1423 0.1846
1155 1424 0.1710
1155 1426 0.2509
1155 1433 0.3980
1155 1434 0.5854
1155 1435 0.6637
1155 1436 0.2804
1155 1438 0.3926
1155 1440 0.2262
1155 1443 0.1710
1155 1446 0.3742
1155 1448 0.2635
1155 1451 0.2444
1155 1458 0.2839
1155 1459 0.3317
1155 1460 0.3283
1155 1464 0.1710
1155 1473 0.3604
1155 1474 0.2635
1155 1478 0.2354
1155 1479 0.3729
1155 1481 0.2635
1155 1482 0.2529
1155 1484 0.2445
1155 1485 0.5540
1155 1491 0.2470
1155 1494 0.6226
1155 1496 0.3317
1155 1500 0.2444
1155 1503 0.5269
1155 1504 0.4240
1155 1508 0.1710
1155 1510 0.3897
1155 1512 0.2664
1155 1514 0.2509
1155 1516 0.2635
1155 1517 0.2635
1155 1518 0.2444
1155 1519 0.4886
1155 1520 0.9534
1155 1522 0.3496
1155 1526 0.1710
1155 1527 0.3005
1155 1530 0.2026
1155 1531 0.2509
1155 1534 0.2508
1155 1536 0.3070
1155 1542 0.2508
1155 1544 0.2508
1155 1546 0.1710
1155 1547 0.2508
1155 1548 0.1710
1155 1550 0.2444
1155 1554 0.3003
1155 1557 0.2242
1155 1571 0.2509
1155 1572 0.5581
1155 1577 0.2509
1155 1579 0.4596
1155 1583 0.3096
1155 1585 0.1710
1155 1586 0.3604
1155 1587 0.2509
1155 1588 0.1710
1155 1590 0.3096
1155 1591 0.2231
1155 1593 0.4374
1155 1594 0.2408
1155 1598 0.2509
1155 1602 0.2508
1155 1603 0.4240
1155 1606 0.2849
1155 1607 0.2635
1155 1610 0.2635
1155 1611 0.1710
1155 1612 0.2509
1155 1613 0.5421
1155 1614 0.2888
1155 1616 0.3604
1155 1618 0.3822
1155 1619 0.1710
1155 1620 0.3604
1155 1621 0.4982
1155 1622 0.7146
1155 1623 0.2509
1155 1624 0.4033
1155 1625 0.2635
1155 1629 0.2508
1155 1631 0.2528
1155 1633 0.3757
1155 1634 0.3311
1155 1635 0.2445
1155 1636 0.2509
1155 1637 0.4388
1155 1638 0.2508
1155 1640 0.2247
1155 1641 0.4489
1155 1642 0.3757
1155 1644 0.2509
1155 1646 0.2421
1155 1647 0.2509
1155 1649 0.4240
1155 1650 0.2509
1155 1653 0.2508
1155 1654 0.3822
1155 1655 0.2509
1155 1659 0.2448
1155 1660 0.3304
1155 1661 0.5769
1155 1667 0.6229
1155 1668 0.2264
1155 1669 0.2100
1155 1670 0.1903
1155 1673 0.2508
1155 1674 0.3949
1155 1678 0.2635
1155 1680 0.2508
1155 1682 0.5490
1155 1683 0.3921
1155 1686 0.2445
1155 1687 0.1710
1155 1689 0.9222
1155 1691 0.2354
1155 1692 0.2635
1155 1693 0.2508
1155 1694 0.3822
1155 1695 0.2508
1155 1697 0.3604
1155 1700 0.2444
1155 1702 0.2804
1155 1704 0.3794
1155 1705 0.2445
1155 1707 0.6302
1155 1708 0.1710
1155 1709 0.2850
1155 1710 0.1710
1155 1711 0.2850
1155 1712 0.9292
1155 1713 0.4484
1155 1714 0.3854
1155 1715 0.2804
1155 1717 0.7698
1155 1718 0.2509
1155 1719 0.2509
1155 1720 0.2445
1155 1721 0.2804
1155 1723 0.3854
1155 1724 0.2445
1155 1725 0.2508
1155 1728 0.2635
1158 1161 0.2635
1158 1163 0.6862
1158 1165 0.2635
1158 1167 0.3314
1158 1173 0.4551
1158 1176 0.4551
1158 1178 0.2635
1158 1180 0.3560
1158 1181 0.3950
1158 1184 0.4565
1158 1185 0.3375
1158 1186 0.3868
1158 1187 0.2635
1158 1188 0.3314
1158 1189 0.4613
1158 1192 0.5550
1158 1193 0.7330
1158 1194 0.2762
1158 1195 0.4634
1158 1197 0.3314
1158 1198 0.4551
1158 1199 0.4613
1158 1201 0.2762
1158 1202 0.4489
1158 1204 0.3950
1158 1205 0.4635
1158 1206 0.6138
1158 1207 0.3905
1158 1208 0.4317
1158 1209 0.2635
1158 1210 0.4766
1158 1211 0.2762
1158 1212 0.5059
1158 1215 0.2635
1158 1217 0.5884
1158 1219 0.4342
1158 1220 0.3950
1158 1221 0.3950
1158 1223 0.3132
1158 1225 0.7046
1158 1226 0.2762
1158 1230 0.3950
1158 1232 0.3314
1158 1233 0.4263
1158 1235 0.2762
1158 1236 0.2635
1158 1237 0.3789
1158 1240 0.3314
1158 1241 0.4510
1158 1242 0.4155
1158 1244 0.2305
1158 1248 0.3869
1158 1250 0.3314
1158 1252 0.4613
1158 1254 0.4745
1158 1256 0.4236
1158 1257 0.2635
1158 1258 0.4078
1158 1259 0.4691
1158 1260 0.7314
1158 1262 0.5913
1158 1263 0.3950
1158 1265 0.5957
1158 1267 0.2762
1158 1269 0.4997
1158 1270 0.4214
1158 1271 0.4431
1158 1272 0.4078
1158 1273 0.4674
1158 1275 0.5747
1158 1276 0.4674
1158 1279 0.5887
1158 1280 0.5021
1158 1282 0.5766
1158 1284 0.3314
1158 1286 0.4524
1158 1287 0.4155
1158 1288 0.5027
1158 1289 0.6837
1158 1291 0.3844
1158 1292 0.9614
1158 1293 0.4078
1158 1295 0.2635
1158 1299 0.3789
1158 1300 0.3868
1158 1301 0.2635
1158 1303 0.7825
1158 1304 0.4551
1158 1305 0.5093
1158 1307 0.4857
1158 1309 0.3950
1158 1310 0.2635
1158 1311 0.2762
1158 1316 0.9056
1158 1322 0.3278
1158 1323 0.4431
1158 1328 0.3950
1158 1329 0.3950
1158 1340 0.3905
1158 1342 0.5858
1158 1343 0.2635
1158 1344 0.5533
1158 1346 0.3314
1158 1349 0.3905
1158 1354 0.3950
1158 1356 0.3314
1158 1357 0.5375
1158 1358 0.3889
1158 1363 0.2635
1158 1367 0.5140
1158 1369 0.4872
1158 1370 0.6737
1158 1372 0.2635
1158 1374 0.2762
1158 1375 0.4565
1158 1382 0.3314
1158 1383 0.2635
1158 1386 0.4527
1158 1387 0.3950
1158 1388 0.3905
1158 1390 0.2635
1158 1392 0.3294
1158 1393 0.3314
1158 1396 0.3314
1158 1397 0.2635
1158 1402 0.5090
1158 1408 0.3789
1158 1409 0.3905
1158 1411 0.2635
1158 1412 0.2762
1158 1413 0.3497
1158 1418 0.2635
1158 1421 0.6562
1158 1423 0.3375
1158 1424 0.2635
1158 1426 0.2762
1158 1433 0.6649
1158 1434 0.5854
1158 1435 0.6637
1158 1436 0.5389
1158 1438 0.6762
1158 1440 0.5811
1158 1443 0.2635
1158 1446 0.6491
1158 1448 0.3314
1158 1451 0.3789
1158 1458 0.4524
1158 1459 0.4565
1158 1460 0.7123
1158 1464 0.2635
1158 1473 0.3501
1158 1474 0.3314
1158 1478 0.4012
1158 1479 0.5336
1158 1481 0.3314
1158 1482 0.4431
1158 1484 0.3905
1158 1485 0.5506
1158 1491 0.4875
1158 1494 0.6636
1158 1496 0.4565
1158 1500 0.3789
1158 1503 0.5678
1158 1504 0.4214
1158 1508 0.2635
1158 1510 0.3613
1158 1512 0.4551
1158 1514 0.2762
1158 1516 0.3314
1158 1517 0.3314
1158 1518 0.3789
1158 1519 0.4886
1158 1520 0.9534
1158 1522 0.5528
1158 1526 0.2635
1158 1527 0.4766
1158 1530 0.5766
1158 1531 0.2762
1158 1534 0.3950
1158 1536 0.7003
1158 1542 0.3950
1158 1544 0.3950
1158 1546 0.2635
1158 1547 0.3950
1158 1548 0.2635
1158 1550 0.3789
1158 1554 0.4748
1158 1557 0.4309
1158 1571 0.2762
1158 1572 0.4620
1158 1577 0.2762
1158 1579 0.4748
1158 1583 0.4038
1158 1585 0.2635
1158 1586 0.3501
1158 1587 0.2762
1158 1588 0.2635
1158 1590 0.4038
1158 1591 0.5365
1158 1593 0.4374
1158 1594 0.6145
1158 1598 0.2762
1158 1602 0.3950
1158 1603 0.4214
1158 1606 0.4414
1158 1607 0.3314
1158 1610 0.3314
1158 1611 0.2635
1158 1612 0.2762
1158 1613 0.7023
1158 1614 0.4078
1158 1616 0.3501
1158 1618 0.5205
1158 1619 0.2635
1158 1620 0.3501
1158 1621 0.5343
1158 1622 0.8077
1158 1623 0.2762
1158 1624 0.4294
1158 1625 0.3314
1158 1629 0.3950
1158 1631 0.3294
1158 1633 0.4263
1158 1634 0.4567
1158 1635 0.3905
1158 1636 0.2762
1158 1637 0.4388
1158 1638 0.3950
1158 1640 0.4317
1158 1641 0.4489
1158 1642 0.4263
1158 1644 0.2762
1158 1646 0.3868
1158 1647 0.2762
1158 1649 0.4214
1158 1650 0.2762
1158 1653 0.3950
1158 1654 0.5205
1158 1655 0.2762
1158 1659 0.3799
1158 1660 0.4551
1158 1661 0.4029
1158 1667 0.6443
1158 1668 0.5323
1158 1669 0.4745
1158 1670 0.5561
1158 1673 0.3950
1158 1674 0.7112
1158 1678 0.3314
1158 1680 0.3950
1158 1682 0.5702
1158 1683 0.3097
1158 1686 0.3905
1158 1687 0.2635
1158 1689 0.9222
1158 1691 0.5948
1158 1692 0.3314
1158 1693 0.3950
1158 1694 0.5205
1158 1695 0.3950
1158 1697 0.3501
1158 1700 0.3789
1158 1702 0.5389
1158 1704 0.6579
1158 1705 0.3905
1158 1707 0.6716
1158 1708 0.2635
1158 1709 0.5480
1158 1710 0.2635
1158 1711 0.5480
1158 1712 0.9292
1158 1713 0.4818
1158 1714 0.3560
1158 1715 0.5389
1158 1717 0.7698
1158 1718 0.2762
1158 1719 0.2762
1158 1720 0.3905
1158 1721 0.5389
1158 1723 0.3560
1158 1724 0.3905
1158 1725 0.3950
1158 1728 0.3314
1161 1163 0.5392
1161 1165 0.1710
1161 1167 0.2635
1161 1173 0.3304
1161 1176 0.2664
1161 1178 0.1710
1161 1180 0.3854
1161 1181 0.2508
1161 1184 0.3317
1161 1185 0.1846
1161 1186 0.2421
1161 1187 0.1710
1161 1188 0.2635
1161 1189 0.2624
1161 1192 0.5410
1161 1193 0.2344
1161 1194 0.2509
1161 1195 0.2056
1161 1197 0.2635
1161 1198 0.2664
1161 1199 0.2624
1161 1201 0.2509
1161 1202 0.4489
1161 1204 0.2508
1161 1205 0.3092
1161 1206 0.3713
1161 1207 0.2445
1161 1208 0.2247
1161 1209 0.1710
1161 1210 0.3005
1161 1211 0.2509
1161 1212 0.2589
1161 1215 0.1710
1161 1217 0.2982
1161 1219 0.2251
1161 1220 0.2508
1161 1221 0.2508
1161 1223 0.3965
1161 1225 0.7418
1161 1226 0.2509
1161 1230 0.2508
1161 1232 0.2635
1161 1233 0.3757
1161 1235 0.2509
1161 1236 0.1710
1161 1237 0.2444
1161 1240 0.2635
1161 1241 0.4510
1161 1242 0.4084
1161 1244 0.2635
1161 1248 0.3791
1161 1250 0.2635
1161 1252 0.2624
1161 1254 0.2100
1161 1256 0.4825
1161 1257 0.1710
1161 1258 0.2888
1161 1259 0.5035
1161 1260 0.6856
1161 1262 0.4155
1161 1263 0.2508
1161 1265 0.4700
1161 1267 0.2509
1161 1269 0.3927
1161 1270 0.4240
1161 1271 0.2529
1161 1272 0.2888
1161 1273 0.2074
1161 1275 0.5747
1161 1276 0.2074
1161 1279 0.1876
1161 1280 0.1896
1161 1282 0.2026
1161 1284 0.2635
1161 1286 0.2839
1161 1287 0.4084
1161 1288 0.2568
1161 1289 0.3073
1161 1291 0.2469
1161 1292 0.8976
1161 1293 0.2888
1161 1295 0.1710
1161 1299 0.2444
1161 1300 0.2421
1161 1301 0.1710
1161 1303 0.3979
1161 1304 0.2664
1161 1305 0.4116
1161 1307 0.4857
1161 1309 0.2508
1161 1310 0.1710
1161 1311 0.2509
1161 1316 0.9056
1161 1322 0.1789
1161 1323 0.2529
1161 1328 0.2508
1161 1329 0.2508
1161 1340 0.2445
1161 1342 0.5086
1161 1343 0.1710
1161 1344 0.6350
1161 1346 0.2635
1161 1349 0.2445
1161 1354 0.2508
1161 1356 0.2635
1161 1357 0.2194
1161 1358 0.2981
1161 1363 0.1710
1161 1367 0.4044
1161 1369 0.2935
1161 1370 0.5209
1161 1372 0.1710
1161 1374 0.2509
1161 1375 0.3317
1161 1382 0.2635
1161 1383 0.1710
1161 1386 0.2998
1161 1387 0.2508
1161 1388 0.2445
1161 1390 0.1710
1161 1392 0.2528
1161 1393 0.2635
1161 1396 0.2635
1161 1397 0.1710
1161 1402 0.3440
1161 1408 0.2444
1161 1409 0.2445
1161 1411 0.1710
1161 1412 0.2509
1161 1413 0.3604
1161 1418 0.1710
1161 1421 0.3922
1161 1423 0.1846
1161 1424 0.1710
1161 1426 0.2509
1161 1433 0.3980
1161 1434 0.5854
1161 1435 0.6637
1161 1436 0.2804
1161 1438 0.3926
1161 1440 0.2262
1161 1443 0.1710
1161 1446 0.3742
1161 1448 0.2635
1161 1451 0.2444
1161 1458 0.2839
1161 1459 0.3317
1161 1460 0.3283
1161 1464 0.1710
1161 1473 0.3604
1161 1474 0.2635
1161 1478 0.2354
1161 1479 0.3729
1161 1481 0.2635
1161 1482 0.2529
1161 1484 0.2445
1161 1485 0.5540
1161 1491 0.2470
1161 1494 0.6226
1161 1496 0.3317
1161 1500 0.2444
1161 1503 0.5269
1161 1504 0.4240
1161 1508 0.1710
1161 1510 0.3897
1161 1512 0.2664
1161 1514 0.2509
1161 1516 0.2635
1161 1517 0.2635
1161 1518 0.2444
1161 1519 0.4886
1161 1520 0.9534
1161 1522 0.3496
1161 1526 0.1710
1161 1527 0.3005
1161 1530 0.2026
1161 1531 0.2509
1161 1534 0.2508
1161 1536 0.3070
1161 1542 0.2508
1161 1544 0.2508
1161 1546 0.1710
1161 1547 0.2508
1161 1548 0.1710
1161 1550 0.2444
1161 1554 0.3003
1161 1557 0.2242
1161 1571 0.2509
1161 1572 0.5581
1161 1577 0.2509
1161 1579 0.4596
1161 1583 0.3096
1161 1585 0.1710
1161 1586 0.3604
1161 1587 0.2509
1161 1588 0.1710
1161 1590 0.3096
1161 1591 0.2231
1161 1593 0.4374
1161 1594 0.2408
1161 1598 0.2509
1161 1602 0.2508
1161 1603 0.4240
1161 1606 0.2849
1161 1607 0.2635
1161 1610 0.2635
1161 1611 0.1710
1161 1612 0.2509
1161 1613 0.5421
1161 1614 0.2888
1161 1616 0.3604
1161 1618 0.3822
1161 1619 0.1710
1161 1620 0.3604
1161 1621 0.4982
1161 1622 0.7146
1161 1623 0.2509
1161 1624 0.4033
1161 1625 0.2635
1161 1629 0.2508
1161 1631 0.2528
1161 1633 0.3757
1161 1634 0.3311
1161 1635 0.2445
1161 1636 0.2509
1161 1637 0.4388
1161 1638 0.2508
1161 1640 0.2247
1161 1641 0.4489
1161 1642 0.3757
1161 1644 0.2509
1161 1646 0.2421
1161 1647 0.2509
1161 1649 0.4240
1161 1650 0.2509
1161 1653 0.2508
1161 1654 0.3822
1161 1655 0.2509
1161 1659 0.2448
1161 1660 0.3304
1161 1661 0.5769
1161 1667 0.6229
1161 1668 0.2264
1161 1669 0.2100
1161 1670 0.1903
1161 1673 0.2508
1161 1674 0.3949
1161 1678 0.2635
1161 1680 0.2508
1161 1682 0.5490
1161 1683 0.3921
1161 1686 0.2445
1161 1687 0.1710
1161 1689 0.9222
1161 1691 0.2354
1161 1692 0.2635
1161 1693 0.2508
1161 1694 0.3822
1161 1695 0.2508
1161 1697 0.3604
1161 1700 0.2444
1161 1702 0.2804
1161 1704 0.3794
1161 1705 0.2445
1161 1707 0.6302
1161 1708 0.1710
1161 1709 0.2850
1161 1710 0.1710
1161 1711 0.2850
1161 1712 0.9292
1161 1713 0.4484
1161 1714 0.3854
1161 1715 0.2804
1161 1717 0.7698
1161 1718 0.2509
1161 1719 0.2509
1161 1720 0.2445
1161 1721 0.2804
1161 1723 0.3854
1161 1724 0.2445
1161 1725 0.2508
1161 1728 0.2635
1163 1165 0.5392
1163 1167 0.6862
1163 1173 0.7594
1163 1176 0.8052
1163 1178 0.5392
1163 1180 0.6640
1163 1181 0.7206
1163 1184 0.7589
1163 1185 0.3493
1163 1186 0.7408
1163 1187 0.5392
1163 1188 0.6862
1163 1189 0.8206
1163 1192 0.6355
1163 1193 0.4611
1163 1194 0.6735
1163 1195 0.5899
1163 1197 0.7254
1163 1198 0.8052
1163 1199 0.8206
1163 1201 0.6735
1163 1202 0.4489
1163 1204 0.7206
1163 1205 0.7932
1163 1206 0.7598
1163 1207 0.7305
1163 1208 0.8147
1163 1209 0.5392
1163 1210 0.8228
1163 1211 0.6735
1163 1212 0.8267
1163 1215 0.5392
1163 1217 0.8710
1163 1219 0.8173
1163 1220 0.7206
1163 1221 0.7206
1163 1223 0.6699
1163 1225 0.9105
1163 1226 0.6735
1163 1230 0.7206
1163 1232 0.6862
1163 1233 0.5374
1163 1235 0.6735
1163 1236 0.5392
1163 1237 0.6485
1163 1240 0.6862
1163 1241 0.4510
1163 1242 0.8092
1163 1244 0.6862
1163 1248 0.8612
1163 1250 0.5800
1163 1252 0.8206
1163 1254 0.6500
1163 1256 0.6890
1163 1257 0.5392
1163 1258 0.7331
1163 1259 0.7044
1163 1260 0.9120
1163 1262 0.8720
1163 1263 0.7206
1163 1265 0.7845
1163 1267 0.6735
1163 1269 0.8560
1163 1270 0.7472
1163 1271 0.7403
1163 1272 0.7331
1163 1273 0.6428
1163 1275 0.5735
1163 1276 0.6428
1163 1279 0.6238
1163 1280 0.7738
1163 1282 0.9155
1163 1284 0.6862
1163 1286 0.8366
1163 1287 0.8092
1163 1288 0.9565
1163 1289 0.9446
1163 1291 0.9431
1163 1292 0.9904
1163 1293 0.7331
1163 1295 0.5392
1163 1299 0.8238
1163 1300 0.7000
1163 1301 0.5392
1163 1303 0.9554
1163 1304 0.8052
1163 1305 0.9534
1163 1307 0.9579
1163 1309 0.7206
1163 1310 0.5392
1163 1311 0.6735
1163 1316 0.9925
1163 1322 0.7269
1163 1323 0.7403
1163 1328 0.7206
1163 1329 0.7206
1163 1340 0.7305
1163 1342 0.8310
1163 1343 0.5392
1163 1344 0.8438
1163 1346 0.6862
1163 1349 0.7305
1163 1354 0.7206
1163 1356 0.6862
1163 1357 0.6613
1163 1358 0.8082
1163 1363 0.5392
1163 1367 0.8383
1163 1369 0.8868
1163 1370 0.6929
1163 1372 0.5392
1163 1374 0.6735
1163 1375 0.7589
1163 1382 0.6862
1163 1383 0.5392
1163 1386 0.7645
1163 1387 0.7206
1163 1388 0.7305
1163 1390 0.5392
1163 1392 0.7384
1163 1393 0.6862
1163 1396 0.6862
1163 1397 0.5392
1163 1402 0.8644
1163 1408 0.6485
1163 1409 0.7305
1163 1411 0.5392
1163 1412 0.6735
1163 1413 0.7313
1163 1418 0.5392
1163 1421 0.5434
1163 1423 0.3493
1163 1424 0.5392
1163 1426 0.6735
1163 1433 0.5530
1163 1434 0.6005
1163 1435 0.5916
1163 1436 0.5578
1163 1438 0.5752
1163 1440 0.7123
1163 1443 0.5392
1163 1446 0.5429
1163 1448 0.6862
1163 1451 0.7700
1163 1458 0.8288
1163 1459 0.7589
1163 1460 0.5779
1163 1464 0.5392
1163 1473 0.7346
1163 1474 0.6862
1163 1478 0.7392
1163 1479 0.8135
1163 1481 0.6862
1163 1482 0.7403
1163 1484 0.7305
1163 1485 0.6670
1163 1491 0.8429
1163 1494 0.6596
1163 1496 0.7589
1163 1500 0.7076
1163 1503 0.8468
1163 1504 0.7472
1163 1508 0.5392
1163 1510 0.6769
1163 1512 0.8052
1163 1514 0.6735
1163 1516 0.6862
1163 1517 0.5800
1163 1518 0.7700
1163 1519 0.9845
1163 1520 0.9830
1163 1522 0.8931
1163 1526 0.5392
1163 1527 0.8228
1163 1530 0.9155
1163 1531 0.6735
1163 1534 0.7206
1163 1536 0.9159
1163 1542 0.7206
1163 1544 0.7206
1163 1546 0.5392
1163 1547 0.7206
1163 1548 0.5392
1163 1550 0.8238
1163 1554 0.9533
1163 1557 0.9721
1163 1571 0.6735
1163 1572 0.8845
1163 1577 0.6735
1163 1579 0.8317
1163 1583 0.8110
1163 1585 0.5392
1163 1586 0.7346
1163 1587 0.6735
1163 1588 0.5392
1163 1590 0.8110
1163 1591 0.7089
1163 1593 0.4374
1163 1594 0.7661
1163 1598 0.6735
1163 1602 0.7206
1163 1603 0.7472
1163 1606 0.8186
1163 1607 0.6862
1163 1610 0.6862
1163 1611 0.5392
1163 1612 0.6735
1163 1613 0.7233
1163 1614 0.7331
1163 1616 0.7346
1163 1618 0.8274
1163 1619 0.5392
1163 1620 0.7346
1163 1621 0.8549
1163 1622 0.6470
1163 1623 0.6735
1163 1624 0.7866
1163 1625 0.6862
1163 1629 0.7206
1163 1631 0.7384
1163 1633 0.5374
1163 1634 0.7620
1163 1635 0.7305
1163 1636 0.6735
1163 1637 0.5724
1163 1638 0.7206
1163 1640 0.8147
1163 1641 0.4489
1163 1642 0.5374
1163 1644 0.6735
1163 1646 0.7408
1163 1647 0.6735
1163 1649 0.7472
1163 1650 0.6735
1163 1653 0.7206
1163 1654 0.8274
1163 1655 0.6735
1163 1659 0.7709
1163 1660 0.7594
1163 1661 0.7351
1163 1667 0.6257
1163 1668 0.6501
1163 1669 0.6500
1163 1670 0.5811
1163 1673 0.7206
1163 1674 0.6587
1163 1678 0.6862
1163 1680 0.7206
1163 1682 0.6430
1163 1683 0.7580
1163 1686 0.7305
1163 1687 0.5392
1163 1689 0.8988
1163 1691 0.7527
1163 1692 0.6862
1163 1693 0.7206
1163 1694 0.8274
1163 1695 0.5516
1163 1697 0.7346
1163 1700 0.7700
1163 1702 0.5578
1163 1704 0.5525
1163 1705 0.7305
1163 1707 0.6402
1163 1708 0.5392
1163 1709 0.5672
1163 1710 0.5392
1163 1711 0.5672
1163 1712 0.8196
1163 1713 0.8375
1163 1714 0.6640
1163 1715 0.5578
1163 1717 0.7247
1163 1718 0.6735
1163 1719 0.6735
1163 1720 0.7305
1163 1721 0.5578
1163 1723 0.6640
1163 1724 0.7305
1163 1725 0.7206
1163 1728 0.6862
1165 1167 0.2635
1165 1173 0.3304
1165 1176 0.2664
1165 1178 0.1710
1165 1180 0.3854
1165 1181 0.2508
1165 1184 0.3317
1165 1185 0.1846
1165 1186 0.2421
1165 1187 0.1710
1165 1188 0.2635
1165 1189 0.2624
1165 1192 0.5410
1165 1193 0.2344
1165 1194 0.2509
1165 1195 0.2056
1165 1197 0.2635
1165 1198 0.2664
1165 1199 0.2624
1165 1201 0.2509
1165 1202 0.4489
1165 1204 0.2508
1165 1205 0.3092
1165 1206 0.3713
1165 1207 0.2445
1165 1208 0.2247
1165 1209 0.1710
1165 1210 0.3005
1165 1211 0.2509
1165 1212 0.2589
1165 1215 0.1710
1165 1217 0.2982
1165 1219 0.2251
1165 1220 0.2508
1165 1221 0.2508
1165 1223 0.3965
1165 1225 0.7418
1165 1226 0.2509
1165 1230 0.2508
1165 1232 0.2635
1165 1233 0.3757
1165 1235 0.2509
1165 1236 0.1710
1165 1237 0.2444
1165 1240 0.2635
1165 1241 0.4510
1165 1242 0.4084
1165 1244 0.2635
1165 1248 0.3791
1165 1250 0.2635
1165 1252 0.2624
1165 1254 0.2100
1165 1256 0.4825
1165 1257 0.1710
1165 1258 0.2888
1165 1259 0.5035
1165 1260 0.6856
1165 1262 0.4155
1165 1263 0.2508
1165 1265 0.4700
1165 1267 0.2509
1165 1269 0.3927
1165 1270 0.4240
1165 1271 0.2529
1165 1272 0.2888
1165 1273 0.2074
1165 1275 0.5747
1165 1276 0.2074
1165 1279 0.1876
1165 1280 0.1896
1165 1282 0.2026
1165 1284 0.2635
1165 1286 0.2839
1165 1287 0.4084
1165 1288 0.2568
1165 1289 0.3073
1165 1291 0.2469
1165 1292 0.8976
1165 1293 0.2888
1165 1295 0.1710
1165 1299 0.2444
1165 1300 0.2421
1165 1301 0.1710
1165 1303 0.3979
1165 1304 0.2664
1165 1305 0.4116
1165 1307 0.4857
1165 1309 0.2508
1165 1310 0.1710
1165 1311 0.2509
1165 1316 0.9056
1165 1322 0.1789
1165 1323 0.2529
1165 1328 0.2508
1165 1329 0.2508
1165 1340 0.2445
1165 1342 0.5086
1165 1343 0.1710
1165 1344 0.6350
1165 1346 0.2635
1165 1349 0.2445
1165 1354 0.2508
1165 1356 0.2635
1165 1357 0.2194
1165 1358 0.2981
1165 1363 0.1710
1165 1367 0.4044
1165 1369 0.2935
1165 1370 0.5209
1165 1372 0.1710
1165 1374 0.2509
1165 1375 0.3317
1165 1382 0.2635
1165 1383 0.1710
1165 1386 0.2998
1165 1387 0.2508
1165 1388 0.2445
1165 1390 0.1710
1165 1392 0.2528
1165 1393 0.2635
1165 1396 0.2635
1165 1397 0.1710
1165 1402 0.3440
1165 1408 0.2444
1165 1409 0.2445
1165 1411 0.1710
1165 1412 0.2509
1165 1413 0.3604
1165 1418 0.1710
1165 1421 0.3922
1165 1423 0.1846
1165 1424 0.1710
1165 1426 0.2509
1165 1433 0.3980
1165 1434 0.5854
1165 1435 0.6637
1165 1436 0.2804
1165 1438 0.3926
1165 1440 0.2262
1165 1443 0.1710
1165 1446 0.3742
1165 1448 0.2635
1165 1451 0.2444
1165 1458 0.2839
1165 1459 0.3317
1165 1460 0.3283
1165 1464 0.1710
1165 1473 0.3604
1165 1474 0.2635
1165 1478 0.2354
1165 1479 0.3729
1165 1481 0.2635
1165 1482 0.2529
1165 1484 0.2445
1165 1485 0.5540
1165 1491 0.2470
1165 1494 0.6226
1165 1496 0.3317
1165 1500 0.2444
1165 1503 0.5269
1165 1504 0.4240
1165 1508 0.1710
1165 1510 0.3897
1165 1512 0.2664
1165 1514 0.2509
1165 1516 0.2635
1165 1517 0.2635
1165 1518 0.2444
1165 1519 0.4886
1165 1520 0.9534
1165 1522 0.3496
1165 1526 0.1710
1165 1527 0.3005
1165 1530 0.2026
1165 1531 0.2509
1165 1534 0.2508
1165 1536 0.3070
1165 1542 0.2508
1165 1544 0.2508
1165 1546 0.1710
1165 1547 0.2508
1165 1548 0.1710
1165 1550 0.2444
1165 1554 0.3003
1165 1557 0.2242
1165 1571 0.2509
1165 1572 0.5581
1165 1577 0.2509
1165 1579 0.4596
1165 1583 0.3096
1165 1585 0.1710
1165 1586 0.3604
1165 1587 0.2509
1165 1588 0.1710
1165 1590 0.3096
1165 1591 0.2231
1165 1593 0.4374
1165 1594 0.2408
1165 1598 0.2509
1165 1602 0.2508
1165 1603 0.4240
1165 1606 0.2849
1165 1607 0.2635
1165 1610 0.2635
1165 1611 0.1710
1165 1612 0.2509
1165 1613 0.5421
1165 1614 0.2888
1165 1616 0.3604
1165 1618 0.3822
1165 1619 0.1710
1165 1620 0.3604
1165 1621 0.4982
1165 1622 0.7146
1165 1623 0.2509
1165 1624 0.4033
1165 1625 0.2635
1165 1629 0.2508
1165 1631 0.2528
1165 1633 0.3757
1165 1634 0.3311
1165 1635 0.2445
1165 1636 0.2509
1165 1637 0.4388
1165 1638 0.2508
1165 1640 0.2247
1165 1641 0.4489
1165 1642 0.3757
1165 1644 0.2509
1165 1646 0.2421
1165 1647 0.2509
1165 1649 0.4240
1165 1650 0.2509
1165 1653 0.2508
1165 1654 0.3822
1165 1655 0.2509
1165 1659 0.2448
1165 1660 0.3304
1165 1661 0.5769
1165 1667 0.6229
1165 1668 0.2264
1165 1669 0.2100
1165 1670 0.1903
1165 1673 0.2508
1165 1674 0.3949
1165 1678 0.2635
1165 1680 0.2508
1165 1682 0.5490
1165 1683 0.3921
1165 1686 0.2445
1165 1687 0.1710
1165 1689 0.9222
1165 1691 0.2354
1165 1692 0.2635
1165 1693 0.2508
1165 1694 0.3822
1165 1695 0.2508
1165 1697 0.3604
1165 1700 0.2444
1165 1702 0.2804
1165 1704 0.3794
1165 1705 0.2445
1165 1707 0.6302
1165 1708 0.1710
1165 1709 0.2850
1165 1710 0.1710
1165 1711 0.2850
1165 1712 0.9292
1165 1713 0.4484
1165 1714 0.3854
1165 1715 0.2804
1165 1717 0.7698
1165 1718 0.2509
1165 1719 0.2509
1165 1720 0.2445
1165 1721 0.2804
1165 1723 0.3854
1165 1724 0.2445
1165 1725 0.2508
1165 1728 0.2635
1167 1173 0.5012
1167 1176 0.4551
1167 1178 0.2635
1167 1180 0.3560
1167 1181 0.3950
1167 1184 0.4565
1167 1185 0.3375
1167 1186 0.3868
1167 1187 0.2635
1167 1188 0.3314
1167 1189 0.4613
1167 1192 0.5550
1167 1193 0.7330
1167 1194 0.2762
1167 1195 0.4607
1167 1197 0.3314
1167 1198 0.4551
1167 1199 0.4613
1167 1201 0.2762
1167 1202 0.4489
1167 1204 0.3950
1167 1205 0.4635
1167 1206 0.6138
1167 1207 0.3905
1167 1208 0.4317
1167 1209 0.2635
1167 1210 0.4766
1167 1211 0.2762
1167 1212 0.5059
1167 1215 0.2635
1167 1217 0.5884
1167 1219 0.4342
1167 1220 0.3950
1167 1221 0.3950
1167 1223 0.3132
1167 1225 0.6906
1167 1226 0.2762
1167 1230 0.3950
1167 1232 0.3314
1167 1233 0.4263
1167 1235 0.2762
1167 1236 0.2635
1167 1237 0.3789
1167 1240 0.3314
1167 1241 0.4510
1167 1242 0.4155
1167 1244 0.3314
1167 1248 0.3869
1167 1250 0.3314
1167 1252 0.4613
1167 1254 0.4745
1167 1256 0.4236
1167 1257 0.2635
1167 1258 0.4078
1167 1259 0.4691
1167 1260 0.7314
1167 1262 0.5913
1167 1263 0.3950
1167 1265 0.5957
1167 1267 0.2762
1167 1269 0.5407
1167 1270 0.4214
1167 1271 0.4431
1167 1272 0.4078
1167 1273 0.4674
1167 1275 0.5747
1167 1276 0.4674
1167 1279 0.5887
1167 1280 0.5935
1167 1282 0.5766
1167 1284 0.3314
1167 1286 0.4524
1167 1287 0.4155
1167 1288 0.5027
1167 1289 0.6837
1167 1291 0.3844
1167 1292 0.9614
1167 1293 0.4078
1167 1295 0.2635
1167 1299 0.3789
1167 1300 0.3868
1167 1301 0.2635
1167 1303 0.7825
1167 1304 0.4551
1167 1305 0.5093
1167 1307 0.4857
1167 1309 0.3950
1167 1310 0.2635
1167 1311 0.2762
1167 1316 0.9056
1167 1322 0.3278
1167 1323 0.4431
1167 1328 0.3950
1167 1329 0.3950
1167 1340 0.3905
1167 1342 0.5858
1167 1343 0.2635
1167 1344 0.5533
1167 1346 0.3314
1167 1349 0.3905
1167 1354 0.3950
1167 1356 0.3314
1167 1357 0.5375
1167 1358 0.3889
1167 1363 0.2635
1167 1367 0.5140
1167 1369 0.5479
1167 1370 0.5067
1167 1372 0.2635
1167 1374 0.2762
1167 1375 0.4565
1167 1382 0.3314
1167 1383 0.2635
1167 1386 0.4527
1167 1387 0.3950
1167 1388 0.3905
1167 1390 0.2635
1167 1392 0.3294
1167 1393 0.3314
1167 1396 0.3314
1167 1397 0.2635
1167 1402 0.5090
1167 1408 0.3789
1167 1409 0.3905
1167 1411 0.2635
1167 1412 0.2762
1167 1413 0.3497
1167 1418 0.2635
1167 1421 0.6562
1167 1423 0.3375
1167 1424 0.2635
1167 1426 0.2762
1167 1433 0.6649
1167 1434 0.5854
1167 1435 0.6637
1167 1436 0.5389
1167 1438 0.6762
1167 1440 0.5811
1167 1443 0.2635
1167 1446 0.6491
1167 1448 0.3314
1167 1451 0.3789
1167 1458 0.4524
1167 1459 0.4565
1167 1460 0.7123
1167 1464 0.2635
1167 1473 0.3501
1167 1474 0.3314
1167 1478 0.4012
1167 1479 0.5336
1167 1481 0.3314
1167 1482 0.4431
1167 1484 0.3905
1167 1485 0.5506
1167 1491 0.4875
1167 1494 0.6636
1167 1496 0.4565
1167 1500 0.3789
1167 1503 0.5678
1167 1504 0.4214
1167 1508 0.2635
1167 1510 0.3613
1167 1512 0.4551
1167 1514 0.2762
1167 1516 0.3314
1167 1517 0.3314
1167 1518 0.3789
1167 1519 0.4886
1167 1520 0.9534
1167 1522 0.5528
1167 1526 0.2635
1167 1527 0.4766
1167 1530 0.5766
1167 1531 0.2762
1167 1534 0.3950
1167 1536 0.7003
1167 1542 0.3950
1167 1544 0.3950
1167 1546 0.2635
1167 1547 0.3950
1167 1548 0.2635
1167 1550 0.3789
1167 1554 0.4748
1167 1557 0.4309
1167 1571 0.2762
1167 1572 0.4972
1167 1577 0.2762
1167 1579 0.4748
1167 1583 0.4038
1167 1585 0.2635
1167 1586 0.3501
1167 1587 0.2762
1167 1588 0.2635
1167 1590 0.4038
1167 1591 0.5711
1167 1593 0.4374
1167 1594 0.6145
1167 1598 0.2762
1167 1602 0.3950
1167 1603 0.4214
1167 1606 0.4414
1167 1607 0.3314
1167 1610 0.3314
1167 1611 0.2635
1167 1612 0.2762
1167 1613 0.7023
1167 1614 0.4078
1167 1616 0.3501
1167 1618 0.5205
1167 1619 0.2635
1167 1620 0.3501
1167 1621 0.5343
1167 1622 0.8077
1167 1623 0.2762
1167 1624 0.4294
1167 1625 0.3314
1167 1629 0.3950
1167 1631 0.3294
1167 1633 0.4263
1167 1634 0.4567
1167 1635 0.3905
1167 1636 0.2762
1167 1637 0.4388
1167 1638 0.3950
1167 1640 0.4317
1167 1641 0.4489
1167 1642 0.4263
1167 1644 0.2762
1167 1646 0.3868
1167 1647 0.2762
1167 1649 0.4214
1167 1650 0.2762
1167 1653 0.3950
1167 1654 0.5205
1167 1655 0.2762
1167 1659 0.3799
1167 1660 0.5012
1167 1661 0.5379
1167 1667 0.6443
1167 1668 0.5323
1167 1669 0.4745
1167 1670 0.4875
1167 1673 0.3950
1167 1674 0.7112
1167 1678 0.3314
1167 1680 0.3950
1167 1682 0.5702
1167 1683 0.3097
1167 1686 0.3905
1167 1687 0.2635
1167 1689 0.9222
1167 1691 0.5948
1167 1692 0.3314
1167 1693 0.3950
1167 1694 0.5205
1167 1695 0.3950
1167 1697 0.3501
1167 1700 0.3789
1167 1702 0.5389
1167 1704 0.6579
1167 1705 0.3905
1167 1707 0.6716
1167 1708 0.2635
1167 1709 0.5480
1167 1710 0.2635
1167 1711 0.5480
1167 1712 0.9292
1167 1713 0.4818
1167 1714 0.3560
1167 1715 0.5389
1167 1717 0.7698
1167 1718 0.2762
1167 1719 0.2762
1167 1720 0.3905
1167 1721 0.5389
1167 1723 0.3560
1167 1724 0.3905
1167 1725 0.3950
1167 1728 0.3314
1173 1176 0.4856
1173 1178 0.3304
1173 1180 0.4038
1173 1181 0.3668
1173 1184 0.3302
1173 1185 0.3374
1173 1186 0.3660
1173 1187 0.3304
1173 1188 0.4551
1173 1189 0.4878
1173 1192 0.6049
1173 1193 0.6691
1173 1194 0.4329
1173 1195 0.4470
1173 1197 0.4551
1173 1198 0.4856
1173 1199 0.4878
1173 1201 0.4329
1173 1202 0.4489
1173 1204 0.3668
1173 1205 0.4015
1173 1206 0.4826
1173 1207 0.3759
1173 1208 0.3245
1173 1209 0.3304
1173 1210 0.4475
1173 1211 0.4329
1173 1212 0.3695
1173 1215 0.3304
1173 1217 0.5004
1173 1219 0.3277
1173 1220 0.3668
1173 1221 0.3668
1173 1223 0.4114
1173 1225 0.7310
1173 1226 0.4329
1173 1230 0.3668
1173 1232 0.4551
1173 1233 0.6140
1173 1235 0.4329
1173 1236 0.3304
1173 1237 0.3432
1173 1240 0.4551
1173 1241 0.4510
1173 1242 0.4880
1173 1244 0.4551
1173 1248 0.3501
1173 1250 0.4551
1173 1252 0.4878
1173 1254 0.4608
1173 1256 0.4021
1173 1257 0.3304
1173 1258 0.5487
1173 1259 0.4255
1173 1260 0.7693
1173 1262 0.5354
1173 1263 0.3668
1173 1265 0.7325
1173 1267 0.4329
1173 1269 0.4891
1173 1270 0.4990
1173 1271 0.4377
1173 1272 0.5487
1173 1273 0.4536
1173 1275 0.5747
1173 1276 0.4536
1173 1279 0.5204
1173 1280 0.5471
1173 1282 0.6165
1173 1284 0.4551
1173 1286 0.4166
1173 1287 0.4880
1173 1288 0.3674
1173 1289 0.6286
1173 1291 0.3433
1173 1292 0.9272
1173 1293 0.5487
1173 1295 0.3304
1173 1299 0.3432
1173 1300 0.3660
1173 1301 0.3304
1173 1303 0.7391
1173 1304 0.4856
1173 1305 0.6660
1173 1307 0.4857
1173 1309 0.3668
1173 1310 0.3304
1173 1311 0.4329
1173 1316 0.8806
1173 1322 0.3289
1173 1323 0.4377
1173 1328 0.3668
1173 1329 0.3668
1173 1340 0.3759
1173 1342 0.4701
1173 1343 0.3304
1173 1344 0.5485
1173 1346 0.4551
1173 1349 0.3759
1173 1354 0.3668
1173 1356 0.4551
1173 1357 0.4991
1173 1358 0.3797
1173 1363 0.3304
1173 1367 0.4599
1173 1369 0.5271
1173 1370 0.8057
1173 1372 0.3304
1173 1374 0.4329
1173 1375 0.3302
1173 1382 0.4551
1173 1383 0.3304
1173 1386 0.6279
1173 1387 0.3668
1173 1388 0.3759
1173 1390 0.3304
1173 1392 0.3443
1173 1393 0.4551
1173 1396 0.4551
1173 1397 0.3304
1173 1402 0.5344
1173 1408 0.3432
1173 1409 0.3759
1173 1411 0.3304
1173 1412 0.4329
1173 1413 0.3824
1173 1418 0.3304
1173 1421 0.5924
1173 1423 0.3374
1173 1424 0.3304
1173 1426 0.4329
1173 1433 0.6017
1173 1434 0.5854
1173 1435 0.6637
1173 1436 0.5979
1173 1438 0.6156
1173 1440 0.5852
1173 1443 0.3304
1173 1446 0.5892
1173 1448 0.4551
1173 1451 0.3432
1173 1458 0.4166
1173 1459 0.3302
1173 1460 0.6591
1173 1464 0.3304
1173 1473 0.3812
1173 1474 0.4551
1173 1478 0.3460
1173 1479 0.4038
1173 1481 0.4551
1173 1482 0.4377
1173 1484 0.3759
1173 1485 0.6214
1173 1491 0.3988
1173 1494 0.6987
1173 1496 0.3302
1173 1500 0.3432
1173 1503 0.4881
1173 1504 0.4990
1173 1508 0.3304
1173 1510 0.4089
1173 1512 0.4856
1173 1514 0.4329
1173 1516 0.4551
1173 1517 0.4551
1173 1518 0.3432
1173 1519 0.4886
1173 1520 0.9322
1173 1522 0.5814
1173 1526 0.3304
1173 1527 0.4475
1173 1530 0.6165
1173 1531 0.4329
1173 1534 0.3668
1173 1536 0.6359
1173 1542 0.3668
1173 1544 0.3668
1173 1546 0.3304
1173 1547 0.3668
1173 1548 0.3304
1173 1550 0.3432
1173 1554 0.4472
1173 1557 0.3252
1173 1571 0.4329
1173 1572 0.5078
1173 1577 0.4329
1173 1579 0.4147
1173 1583 0.3911
1173 1585 0.3304
1173 1586 0.3812
1173 1587 0.4329
1173 1588 0.3304
1173 1590 0.3911
1173 1591 0.5990
1173 1593 0.4374
1173 1594 0.6905
1173 1598 0.4329
1173 1602 0.3668
1173 1603 0.4990
1173 1606 0.4125
1173 1607 0.4551
1173 1610 0.4551
1173 1611 0.3304
1173 1612 0.4329
1173 1613 0.8138
1173 1614 0.5487
1173 1616 0.3812
1173 1618 0.4546
1173 1619 0.3304
1173 1620 0.3812
1173 1621 0.4795
1173 1622 0.7550
1173 1623 0.4329
1173 1624 0.4738
1173 1625 0.4551
1173 1629 0.3668
1173 1631 0.3443
1173 1633 0.6140
1173 1634 0.3307
1173 1635 0.3759
1173 1636 0.4329
1173 1637 0.4388
1173 1638 0.3668
1173 1640 0.3245
1173 1641 0.4489
1173 1642 0.6140
1173 1644 0.4329
1173 1646 0.3660
1173 1647 0.4329
1173 1649 0.6440
1173 1650 0.4329
1173 1653 0.3668
1173 1654 0.5223
1173 1655 0.4329
1173 1659 0.3424
1173 1660 0.3412
1173 1661 0.6339
1173 1667 0.7159
1173 1668 0.5080
1173 1669 0.4608
1173 1670 0.5074
1173 1673 0.3668
1173 1674 0.7585
1173 1678 0.4551
1173 1680 0.3668
1173 1682 0.6292
1173 1683 0.4063
1173 1686 0.3759
1173 1687 0.3304
1173 1689 0.8900
1173 1691 0.6242
1173 1692 0.4551
1173 1693 0.3668
1173 1694 0.4546
1173 1695 0.3668
1173 1697 0.3812
1173 1700 0.3432
1173 1702 0.5979
1173 1704 0.5985
1173 1705 0.3759
1173 1707 0.7236
1173 1708 0.3304
1173 1709 0.6072
1173 1710 0.3304
1173 1711 0.6072
1173 1712 0.8994
1173 1713 0.4007
1173 1714 0.4038
1173 1715 0.5979
1173 1717 0.7695
1173 1718 0.4329
1173 1719 0.4329
1173 1720 0.3759
1173 1721 0.5979
1173 1723 0.4038
1173 1724 0.3759
1173 1725 0.3668
1173 1728 0.4551
1176 1178 0.2664
1176 1180 0.3655
1176 1181 0.4087
1176 1184 0.4868
1176 1185 0.4223
1176 1186 0.4009
1176 1187 0.2664
1176 1188 0.4551
1176 1189 0.4843
1176 1192 0.5665
1176 1193 0.7640
1176 1194 0.4596
1176 1195 0.5143
1176 1197 0.4551
1176 1198 0.4557
1176 1199 0.4843
1176 1201 0.4596
1176 1202 0.4489
1176 1204 0.4087
1176 1205 0.5931
1176 1206 0.6453
1176 1207 0.4102
1176 1208 0.4485
1176 1209 0.2664
1176 1210 0.6098
1176 1211 0.4596
1176 1212 0.5244
1176 1215 0.2664
1176 1217 0.6561
1176 1219 0.4511
1176 1220 0.4087
1176 1221 0.4087
1176 1223 0.3656
1176 1225 0.8085
1176 1226 0.4596
1176 1230 0.4087
1176 1232 0.4551
1176 1233 0.5823
1176 1235 0.4596
1176 1236 0.2664
1176 1237 0.4937
1176 1240 0.4551
1176 1241 0.4510
1176 1242 0.5891
1176 1244 0.4551
1176 1248 0.4066
1176 1250 0.4551
1176 1252 0.4843
1176 1254 0.5287
1176 1256 0.5111
1176 1257 0.2664
1176 1258 0.5289
1176 1259 0.5459
1176 1260 0.7399
1176 1262 0.6052
1176 1263 0.4087
1176 1265 0.7455
1176 1267 0.4596
1176 1269 0.6640
1176 1270 0.6045
1176 1271 0.4550
1176 1272 0.5289
1176 1273 0.5213
1176 1275 0.5747
1176 1276 0.5213
1176 1279 0.6009
1176 1280 0.6354
1176 1282 0.6064
1176 1284 0.4551
1176 1286 0.5708
1176 1287 0.5891
1176 1288 0.5213
1176 1289 0.6957
1176 1291 0.5007
1176 1292 0.9578
1176 1293 0.5289
1176 1295 0.2664
1176 1299 0.4937
1176 1300 0.4009
1176 1301 0.2664
1176 1303 0.7927
1176 1304 0.4557
1176 1305 0.6741
1176 1307 0.4857
1176 1309 0.4087
1176 1310 0.2664
1176 1311 0.4596
1176 1316 0.9056
1176 1322 0.4065
1176 1323 0.4550
1176 1328 0.4087
1176 1329 0.4087
1176 1340 0.4102
1176 1342 0.5714
1176 1343 0.2664
1176 1344 0.6558
1176 1346 0.4551
1176 1349 0.4102
1176 1354 0.4087
1176 1356 0.4551
1176 1357 0.5932
1176 1358 0.5414
1176 1363 0.2664
1176 1367 0.6751
1176 1369 0.5636
1176 1370 0.7990
1176 1372 0.2664
1176 1374 0.4596
1176 1375 0.4868
1176 1382 0.4551
1176 1383 0.2664
1176 1386 0.5857
1176 1387 0.4087
1176 1388 0.4102
1176 1390 0.2664
1176 1392 0.4613
1176 1393 0.4551
1176 1396 0.4551
1176 1397 0.2664
1176 1402 0.6394
1176 1408 0.4937
1176 1409 0.4102
1176 1411 0.2664
1176 1412 0.4596
1176 1413 0.5384
1176 1418 0.2664
1176 1421 0.6607
1176 1423 0.4223
1176 1424 0.2664
1176 1426 0.4596
1176 1433 0.6694
1176 1434 0.5854
1176 1435 0.6637
1176 1436 0.6386
1176 1438 0.6731
1176 1440 0.7282
1176 1443 0.2664
1176 1446 0.6468
1176 1448 0.4551
1176 1451 0.4937
1176 1458 0.5708
1176 1459 0.4868
1176 1460 0.3574
1176 1464 0.2664
1176 1473 0.5402
1176 1474 0.4089
1176 1478 0.4365
1176 1479 0.7111
1176 1481 0.4551
1176 1482 0.4550
1176 1484 0.4102
1176 1485 0.5732
1176 1491 0.5049
1176 1494 0.8122
1176 1496 0.4868
1176 1500 0.4937
1176 1503 0.5889
1176 1504 0.6045
1176 1508 0.2664
1176 1510 0.5212
1176 1512 0.4557
1176 1514 0.4596
1176 1516 0.4551
1176 1517 0.4551
1176 1518 0.4937
1176 1519 0.4886
1176 1520 0.9534
1176 1522 0.5864
1176 1526 0.2664
1176 1527 0.6098
1176 1530 0.6064
1176 1531 0.4596
1176 1534 0.4087
1176 1536 0.7164
1176 1542 0.4087
1176 1544 0.4087
1176 1546 0.2664
1176 1547 0.4087
1176 1548 0.2664
1176 1550 0.4937
1176 1554 0.6082
1176 1557 0.4478
1176 1571 0.4596
1176 1572 0.6230
1176 1577 0.4596
1176 1579 0.5073
1176 1583 0.5594
1176 1585 0.2664
1176 1586 0.5402
1176 1587 0.4596
1176 1588 0.2664
1176 1590 0.5594
1176 1591 0.7208
1176 1593 0.4374
1176 1594 0.7333
1176 1598 0.4596
1176 1602 0.4087
1176 1603 0.6045
1176 1606 0.5734
1176 1607 0.4551
1176 1610 0.4551
1176 1611 0.2664
1176 1612 0.4596
1176 1613 0.8191
1176 1614 0.5289
1176 1616 0.5402
1176 1618 0.5507
1176 1619 0.2664
1176 1620 0.5402
1176 1621 0.5545
1176 1622 0.8134
1176 1623 0.4596
1176 1624 0.5876
1176 1625 0.4551
1176 1629 0.4087
1176 1631 0.4613
1176 1633 0.5823
1176 1634 0.4875
1176 1635 0.4102
1176 1636 0.4596
1176 1637 0.4388
1176 1638 0.4087
1176 1640 0.4485
1176 1641 0.4489
1176 1642 0.5823
1176 1644 0.4596
1176 1646 0.4009
1176 1647 0.4596
1176 1649 0.6045
1176 1650 0.4596
1176 1653 0.4087
1176 1654 0.5507
1176 1655 0.4596
1176 1659 0.4949
1176 1660 0.4856
1176 1661 0.5745
1176 1667 0.6848
1176 1668 0.5826
1176 1669 0.5287
1176 1670 0.6439
1176 1673 0.4087
1176 1674 0.7856
1176 1678 0.4551
1176 1680 0.4087
1176 1682 0.5814
1176 1683 0.3599
1176 1686 0.4102
1176 1687 0.2664
1176 1689 0.9222
1176 1691 0.7372
1176 1692 0.4551
1176 1693 0.4087
1176 1694 0.5507
1176 1695 0.4087
1176 1697 0.5402
1176 1700 0.5192
1176 1702 0.6386
1176 1704 0.6557
1176 1705 0.4102
1176 1707 0.6829
1176 1708 0.2664
1176 1709 0.6476
1176 1710 0.2664
1176 1711 0.6476
1176 1712 0.9292
1176 1713 0.5060
1176 1714 0.3655
1176 1715 0.6386
1176 1717 0.7698
1176 1718 0.4596
1176 1719 0.4596
1176 1720 0.4102
1176 1721 0.6386
1176 1723 0.3655
1176 1724 0.4102
1176 1725 0.4087
1176 1728 0.4551
1178 1180 0.3854
1178 1181 0.2508
1178 1184 0.3317
1178 1185 0.1846
1178 1186 0.2421
1178 1187 0.1710
1178 1188 0.2635
1178 1189 0.2624
1178 1192 0.5410
1178 1193 0.2344
1178 1194 0.2509
1178 1195 0.2056
1178 1197 0.2635
1178 1198 0.2664
1178 1199 0.2624
1178 1201 0.2509
1178 1202 0.4489
1178 1204 0.2508
1178 1205 0.3092
1178 1206 0.3713
1178 1207 0.2445
1178 1208 0.2247
1178 1209 0.1710
1178 1210 0.3005
1178 1211 0.2509
1178 1212 0.2589
1178 1215 0.1710
1178 1217 0.2982
1178 1219 0.2251
1178 1220 0.2508
1178 1221 0.2508
1178 1223 0.3965
1178 1225 0.7418
1178 1226 0.2509
1178 1230 0.2508
1178 1232 0.2635
1178 1233 0.3757
1178 1235 0.2509
1178 1236 0.1710
1178 1237 0.2444
1178 1240 0.2635
1178 1241 0.4510
1178 1242 0.4084
1178 1244 0.2635
1178 1248 0.3791
1178 1250 0.2635
1178 1252 0.2624
1178 1254 0.2100
1178 1256 0.4825
1178 1257 0.1710
1178 1258 0.2888
1178 1259 0.5035
1178 1260 0.6856
1178 1262 0.4155
1178 1263 0.2508
1178 1265 0.4700
1178 1267 0.2509
1178 1269 0.3927
1178 1270 0.4240
1178 1271 0.2529
1178 1272 0.2888
1178 1273 0.2074
1178 1275 0.5747
1178 1276 0.2074
1178 1279 0.1876
1178 1280 0.1896
1178 1282 0.2026
1178 1284 0.2635
1178 1286 0.2839
1178 1287 0.4084
1178 1288 0.2568
1178 1289 0.3073
1178 1291 0.2469
1178 1292 0.8976
1178 1293 0.2888
1178 1295 0.1710
1178 1299 0.2444
1178 1300 0.2421
1178 1301 0.1710
1178 1303 0.3979
1178 1304 0.2664
1178 1305 0.4116
1178 1307 0.4857
1178 1309 0.2508
1178 1310 0.1710
1178 1311 0.2509
1178 1316 0.9056
1178 1322 0.1789
1178 1323 0.2529
1178 1328 0.2508
1178 1329 0.2508
1178 1340 0.2445
1178 1342 0.5086
1178 1343 0.1710
1178 1344 0.6350
1178 1346 0.2635
1178 1349 0.2445
1178 1354 0.2508
1178 1356 0.2635
1178 1357 0.2194
1178 1358 0.2981
1178 1363 0.1710
1178 1367 0.4044
1178 1369 0.2935
1178 1370 0.5209
1178 1372 0.1710
1178 1374 0.2509
1178 1375 0.3317
1178 1382 0.2635
1178 1383 0.1710
1178 1386 0.2998
1178 1387 0.2508
1178 1388 0.2445
1178 1390 0.1710
1178 1392 0.2528
1178 1393 0.2635
1178 1396 0.2635
1178 1397 0.1710
1178 1402 0.3440
1178 1408 0.2444
1178 1409 0.2445
1178 1411 0.1710
1178 1412 0.2509
1178 1413 0.3604
1178 1418 0.1710
1178 1421 0.3922
1178 1423 0.1846
1178 1424 0.1710
1178 1426 0.2509
1178 1433 0.3980
1178 1434 0.5854
1178 1435 0.6637
1178 1436 0.2804
1178 1438 0.3926
1178 1440 0.2262
1178 1443 0.1710
1178 1446 0.3742
1178 1448 0.2635
1178 1451 0.2444
1178 1458 0.2839
1178 1459 0.3317
1178 1460 0.3283
1178 1464 0.1710
1178 1473 0.3604
1178 1474 0.2635
1178 1478 0.2354
1178 1479 0.3729
1178 1481 0.2635
1178 1482 0.2529
1178 1484 0.2445
1178 1485 0.5540
1178 1491 0.2470
1178 1494 0.6226
1178 1496 0.3317
1178 1500 0.2444
1178 1503 0.5269
1178 1504 0.4240
1178 1508 0.1710
1178 1510 0.3897
1178 1512 0.2664
1178 1514 0.2509
1178 1516 0.2635
1178 1517 0.2635
1178 1518 0.2444
1178 1519 0.4886
1178 1520 0.9534
1178 1522 0.3496
1178 1526 0.1710
1178 1527 0.3005
1178 1530 0.2026
1178 1531 0.2509
1178 1534 0.2508
1178 1536 0.3070
1178 1542 0.2508
1178 1544 0.2508
1178 1546 0.1710
1178 1547 0.2508
1178 1548 0.1710
1178 1550 0.2444
1178 1554 0.3003
1178 1557 0.2242
1178 1571 0.2509
1178 1572 0.5581
1178 1577 0.2509
1178 1579 0.4596
1178 1583 0.3096
1178 1585 0.1710
1178 1586 0.3604
1178 1587 0.2509
1178 1588 0.1710
1178 1590 0.3096
1178 1591 0.2231
1178 1593 0.4374
1178 1594 0.2408
1178 1598 0.2509
1178 1602 0.2508
1178 1603 0.4240
1178 1606 0.2849
1178 1607 0.2635
1178 1610 0.2635
1178 1611 0.1710
1178 1612 0.2509
1178 1613 0.5421
1178 1614 0.2888
1178 1616 0.3604
1178 1618 0.3822
1178 1619 0.1710
1178 1620 0.3604
1178 1621 0.4982
1178 1622 0.7146
1178 1623 0.2509
1178 1624 0.4033
1178 1625 0.2635
1178 1629 0.2508
1178 1631 0.2528
1178 1633 0.3757
1178 1634 0.3311
1178 1635 0.2445
1178 1636 0.2509
1178 1637 0.4388
1178 1638 0.2508
1178 1640 0.2247
1178 1641 0.4489
1178 1642 0.3757
1178 1644 0.2509
1178 1646 0.2421
1178 1647 0.2509
1178 1649 0.4240
1178 1650 0.2509
1178 1653 0.2508
1178 1654 0.3822
1178 1655 0.2509
1178 1659 0.2448
1178 1660 0.3304
1178 1661 0.5769
1178 1667 0.6229
1178 1668 0.2264
1178 1669 0.2100
1178 1670 0.1903
1178 1673 0.2508
1178 1674 0.3949
1178 1678 0.2635
1178 1680 0.2508
1178 1682 0.5490
1178 1683 0.3921
1178 1686 0.2445
1178 1687 0.1710
1178 1689 0.9222
1178 1691 0.2354
1178 1692 0.2635
1178 1693 0.2508
1178 1694 0.3822
1178 1695 0.2508
1178 1697 0.3604
1178 1700 0.2444
1178 1702 0.2804
1178 1704 0.3794
1178 1705 0.2445
1178 1707 0.6302
1178 1708 0.1710
1178 1709 0.2850
1178 1710 0.1710
1178 1711 0.2850
1178 1712 0.9292
1178 1713 0.4484
1178 1714 0.3854
1178 1715 0.2804
1178 1717 0.7698
1178 1718 0.2509
1178 1719 0.2509
1178 1720 0.2445
1178 1721 0.2804
1178 1723 0.3854
1178 1724 0.2445
1178 1725 0.2508
1178 1728 0.2635
1180 1181 0.2953
1180 1184 0.3557
1180 1185 0.7202
1180 1186 0.2911
1180 1187 0.3854
1180 1188 0.2760
1180 1189 0.4027
1180 1192 0.5700
1180 1193 0.7224
1180 1194 0.3648
1180 1195 0.5639
1180 1197 0.3560
1180 1198 0.3655
1180 1199 0.4027
1180 1201 0.3648
1180 1202 0.4489
1180 1204 0.3211
1180 1205 0.5860
1180 1206 0.8156
1180 1207 0.3392
1180 1208 0.4428
1180 1209 0.3854
1180 1210 0.5424
1180 1211 0.3648
1180 1212 0.5105
1180 1215 0.3854
1180 1217 0.6317
1180 1219 0.4445
1180 1220 0.3211
1180 1221 0.3211
1180 1223 0.2397
1180 1225 0.7700
1180 1226 0.3648
1180 1230 0.3211
1180 1232 0.3560
1180 1233 0.5303
1180 1235 0.3648
1180 1236 0.3854
1180 1237 0.4384
1180 1240 0.3560
1180 1241 0.4510
1180 1242 0.5395
1180 1244 0.3560
1180 1248 0.4050
1180 1250 0.3560
1180 1252 0.4027
1180 1254 0.5782
1180 1256 0.4888
1180 1257 0.3854
1180 1258 0.3853
1180 1259 0.5132
1180 1260 0.6030
1180 1262 0.5510
1180 1263 0.3211
1180 1265 0.5779
1180 1267 0.3648
1180 1269 0.5134
1180 1270 0.5529
1180 1271 0.3731
1180 1272 0.3853
1180 1273 0.5715
1180 1275 0.5457
1180 1276 0.5715
1180 1279 0.5796
1180 1280 0.5580
1180 1282 0.5102
1180 1284 0.3560
1180 1286 0.5489
1180 1287 0.5395
1180 1288 0.5075
1180 1289 0.4941
1180 1291 0.4446
1180 1292 0.7845
1180 1293 0.3853
1180 1295 0.3854
1180 1299 0.4384
1180 1300 0.3351
1180 1301 0.3854
1180 1303 0.5635
1180 1304 0.3655
1180 1305 0.5646
1180 1307 0.4857
1180 1309 0.3211
1180 1310 0.3854
1180 1311 0.3648
1180 1316 0.7094
1180 1322 0.5299
1180 1323 0.3731
1180 1328 0.3211
1180 1329 0.3211
1180 1340 0.3392
1180 1342 0.5894
1180 1343 0.3854
1180 1344 0.6971
1180 1346 0.3560
1180 1349 0.3392
1180 1354 0.3211
1180 1356 0.3560
1180 1357 0.2730
1180 1358 0.5401
1180 1363 0.3854
1180 1367 0.6547
1180 1369 0.6530
1180 1370 0.2760
1180 1372 0.3854
1180 1374 0.3648
1180 1375 0.4031
1180 1382 0.3560
1180 1383 0.3854
1180 1386 0.4725
1180 1387 0.3211
1180 1388 0.3392
1180 1390 0.3854
1180 1392 0.4513
1180 1393 0.3560
1180 1396 0.3560
1180 1397 0.3854
1180 1402 0.6653
1180 1408 0.4384
1180 1409 0.3392
1180 1411 0.3854
1180 1412 0.3648
1180 1413 0.4458
1180 1418 0.3854
1180 1421 0.8415
1180 1423 0.7202
1180 1424 0.3854
1180 1426 0.3648
1180 1433 0.7976
1180 1434 0.8606
1180 1435 0.8114
1180 1436 0.8446
1180 1438 0.8126
1180 1440 0.5798
1180 1443 0.3854
1180 1446 0.8414
1180 1448 0.3560
1180 1451 0.4384
1180 1458 0.5876
1180 1459 0.4031
1180 1460 0.5083
1180 1464 0.3854
1180 1473 0.4506
1180 1474 0.3560
1180 1478 0.4786
1180 1479 0.5748
1180 1481 0.3560
1180 1482 0.3731
1180 1484 0.3392
1180 1485 0.5994
1180 1491 0.4706
1180 1494 0.5883
1180 1496 0.5462
1180 1500 0.4384
1180 1503 0.6909
1180 1504 0.5529
1180 1508 0.3854
1180 1510 0.6059
1180 1512 0.3655
1180 1514 0.3648
1180 1516 0.2760
1180 1517 0.3560
1180 1518 0.4013
1180 1519 0.4886
1180 1520 0.8298
1180 1522 0.5198
1180 1526 0.3854
1180 1527 0.5424
1180 1530 0.5102
1180 1531 0.3648
1180 1534 0.3211
1180 1536 0.5021
1180 1542 0.3211
1180 1544 0.3211
1180 1546 0.3854
1180 1547 0.3211
1180 1548 0.3854
1180 1550 0.4384
1180 1554 0.5409
1180 1557 0.4433
1180 1571 0.3648
1180 1572 0.6220
1180 1577 0.3648
1180 1579 0.5094
1180 1583 0.3646
1180 1585 0.3854
1180 1586 0.4506
1180 1587 0.3648
1180 1588 0.3854
1180 1590 0.3646
1180 1591 0.6849
1180 1593 0.4374
1180 1594 0.5202
1180 1598 0.3648
1180 1602 0.3211
1180 1603 0.5529
1180 1606 0.4609
1180 1607 0.3560
1180 1610 0.3560
1180 1611 0.3854
1180 1612 0.3648
1180 1613 0.7585
1180 1614 0.3853
1180 1616 0.4506
1180 1618 0.5070
1180 1619 0.3854
1180 1620 0.4506
1180 1621 0.5576
1180 1622 0.4671
1180 1623 0.3648
1180 1624 0.5249
1180 1625 0.2760
1180 1629 0.3211
1180 1631 0.3716
1180 1633 0.5303
1180 1634 0.4046
1180 1635 0.3358
1180 1636 0.3648
1180 1637 0.4388
1180 1638 0.2953
1180 1640 0.4428
1180 1641 0.4489
1180 1642 0.5303
1180 1644 0.3648
1180 1646 0.3351
1180 1647 0.3648
1180 1649 0.5529
1180 1650 0.3648
1180 1653 0.3211
1180 1654 0.5070
1180 1655 0.3648
1180 1659 0.4398
1180 1660 0.4038
1180 1661 0.5578
1180 1667 0.5542
1180 1668 0.6156
1180 1669 0.5782
1180 1670 0.5518
1180 1673 0.3211
1180 1674 0.6080
1180 1678 0.3560
1180 1680 0.3211
1180 1682 0.5750
1180 1683 0.5957
1180 1686 0.2509
1180 1687 0.3854
1180 1689 0.7571
1180 1691 0.6823
1180 1692 0.3560
1180 1693 0.3211
1180 1694 0.5070
1180 1695 0.2953
1180 1697 0.4506
1180 1700 0.4384
1180 1702 0.8446
1180 1704 0.7975
1180 1705 0.3392
1180 1707 0.7924
1180 1708 0.3854
1180 1709 0.8008
1180 1710 0.3854
1180 1711 0.8008
1180 1712 0.9920
1180 1713 0.7406
1180 1714 0.4633
1180 1715 0.8446
1180 1717 0.9780
1180 1718 0.3648
1180 1719 0.3648
1180 1720 0.3392
1180 1721 0.8446
1180 1723 0.4633
1180 1724 0.3392
1180 1725 0.3211
1180 1728 0.3560
1181 1184 0.3681
1181 1185 0.6100
1181 1186 0.3626
1181 1187 0.2508
1181 1188 0.3950
1181 1189 0.3918
1181 1192 0.5466
1181 1193 0.7520
1181 1194 0.3093
1181 1195 0.3165
1181 1197 0.3950
1181 1198 0.4087
1181 1199 0.3918
1181 1201 0.3093
1181 1202 0.4489
1181 1204 0.2737
1181 1205 0.5456
1181 1206 0.5538
1181 1207 0.3658
1181 1208 0.3798
1181 1209 0.2508
1181 1210 0.5518
1181 1211 0.3093
1181 1212 0.4909
1181 1215 0.2508
1181 1217 0.5561
1181 1219 0.3817
1181 1220 0.2737
1181 1221 0.2737
1181 1223 0.3496
1181 1225 0.7569
1181 1226 0.3093
1181 1230 0.2737
1181 1232 0.3950
1181 1233 0.4590
1181 1235 0.3093
1181 1236 0.2508
1181 1237 0.4498
1181 1240 0.3950
1181 1241 0.4510
1181 1242 0.4751
1181 1244 0.3950
1181 1248 0.3514
1181 1250 0.3950
1181 1252 0.3918
1181 1254 0.3241
1181 1256 0.4944
1181 1257 0.2508
1181 1258 0.4293
1181 1259 0.5234
1181 1260 0.7084
1181 1262 0.4961
1181 1263 0.2737
1181 1265 0.6444
1181 1267 0.3093
1181 1269 0.7274
1181 1270 0.4887
1181 1271 0.3068
1181 1272 0.4293
1181 1273 0.3200
1181 1275 0.5747
1181 1276 0.3200
1181 1279 0.5002
1181 1280 0.4977
1181 1282 0.4637
1181 1284 0.3950
1181 1286 0.5299
1181 1287 0.4945
1181 1288 0.4858
1181 1289 0.6106
1181 1291 0.4570
1181 1292 0.9646
1181 1293 0.4293
1181 1295 0.2508
1181 1299 0.4498
1181 1300 0.3626
1181 1301 0.2508
1181 1303 0.7261
1181 1304 0.4087
1181 1305 0.5448
1181 1307 0.4857
1181 1309 0.2737
1181 1310 0.2508
1181 1311 0.3093
1181 1316 0.9056
1181 1322 0.3718
1181 1323 0.3068
1181 1328 0.2737
1181 1329 0.2737
1181 1340 0.3658
1181 1342 0.5440
1181 1343 0.2508
1181 1344 0.6354
1181 1346 0.3950
1181 1349 0.3658
1181 1354 0.2737
1181 1356 0.3950
1181 1357 0.3560
1181 1358 0.4349
1181 1363 0.2508
1181 1367 0.5873
1181 1369 0.5305
1181 1370 0.7014
1181 1372 0.2508
1181 1374 0.3093
1181 1375 0.3681
1181 1382 0.3950
1181 1383 0.2508
1181 1386 0.4670
1181 1387 0.2737
1181 1388 0.3658
1181 1390 0.2508
1181 1392 0.3639
1181 1393 0.3950
1181 1396 0.3950
1181 1397 0.2508
1181 1402 0.5775
1181 1408 0.4498
1181 1409 0.3658
1181 1411 0.2508
1181 1412 0.3093
1181 1413 0.4188
1181 1418 0.2508
1181 1421 0.5758
1181 1423 0.6100
1181 1424 0.2508
1181 1426 0.3093
1181 1433 0.6176
1181 1434 0.9520
1181 1435 0.8968
1181 1436 0.6308
1181 1438 0.6200
1181 1440 0.7051
1181 1443 0.2508
1181 1446 0.5606
1181 1448 0.3950
1181 1451 0.4498
1181 1458 0.5299
1181 1459 0.3681
1181 1460 0.6417
1181 1464 0.2508
1181 1473 0.4191
1181 1474 0.3950
1181 1478 0.3226
1181 1479 0.4225
1181 1481 0.3950
1181 1482 0.3068
1181 1484 0.3658
1181 1485 0.5467
1181 1491 0.4360
1181 1494 0.6476
1181 1496 0.3681
1181 1500 0.4498
1181 1503 0.5069
1181 1504 0.4887
1181 1508 0.2508
1181 1510 0.3252
1181 1512 0.4087
1181 1514 0.3093
1181 1516 0.2647
1181 1517 0.3950
1181 1518 0.4498
1181 1519 0.4886
1181 1520 0.9534
1181 1522 0.4133
1181 1526 0.2508
1181 1527 0.5518
1181 1530 0.4637
1181 1531 0.3093
1181 1534 0.2737
1181 1536 0.6127
1181 1542 0.2737
1181 1544 0.2737
1181 1546 0.2508
1181 1547 0.2737
1181 1548 0.2508
1181 1550 0.4498
1181 1554 0.5520
1181 1557 0.3791
1181 1571 0.3093
1181 1572 0.5736
1181 1577 0.3093
1181 1579 0.4623
1181 1583 0.4520
1181 1585 0.2508
1181 1586 0.4191
1181 1587 0.3093
1181 1588 0.2508
1181 1590 0.5852
1181 1591 0.6330
1181 1593 0.4374
1181 1594 0.6449
1181 1598 0.3093
1181 1602 0.2737
1181 1603 0.4887
1181 1606 0.5320
1181 1607 0.3950
1181 1610 0.3950
1181 1611 0.2508
1181 1612 0.3093
1181 1613 0.7284
1181 1614 0.4293
1181 1616 0.4191
1181 1618 0.4425
1181 1619 0.2508
1181 1620 0.4715
1181 1621 0.5250
1181 1622 0.8151
1181 1623 0.3093
1181 1624 0.4704
1181 1625 0.3950
1181 1629 0.2737
1181 1631 0.3639
1181 1633 0.4590
1181 1634 0.3680
1181 1635 0.3658
1181 1636 0.3093
1181 1637 0.4388
1181 1638 0.2737
1181 1640 0.3798
1181 1641 0.4489
1181 1642 0.4590
1181 1644 0.3093
1181 1646 0.3626
1181 1647 0.3093
1181 1649 0.4887
1181 1650 0.3093
1181 1653 0.2737
1181 1654 0.4425
1181 1655 0.3093
1181 1659 0.4508
1181 1660 0.3668
1181 1661 0.6154
1181 1667 0.6660
1181 1668 0.3607
1181 1669 0.3241
1181 1670 0.5018
1181 1673 0.2737
1181 1674 0.7280
1181 1678 0.3950
1181 1680 0.2737
1181 1682 0.5583
1181 1683 0.3617
1181 1686 0.4035
1181 1687 0.2508
1181 1689 0.9222
1181 1691 0.6562
1181 1692 0.3950
1181 1693 0.2737
1181 1694 0.4425
1181 1695 0.2737
1181 1697 0.4191
1181 1700 0.4498
1181 1702 0.6308
1181 1704 0.6651
1181 1705 0.3658
1181 1707 0.6263
1181 1708 0.2508
1181 1709 0.4439
1181 1710 0.2508
1181 1711 0.4439
1181 1712 0.9317
1181 1713 0.5487
1181 1714 0.2953
1181 1715 0.6308
1181 1717 0.9678
1181 1718 0.3093
1181 1719 0.3093
1181 1720 0.3658
1181 1721 0.6308
1181 1723 0.2953
1181 1724 0.3658
1181 1725 0.2737
1181 1728 0.3950
1184 1185 0.3377
1184 1186 0.3728
1184 1187 0.3317
1184 1188 0.4565
1184 1189 0.4890
1184 1192 0.5980
1184 1193 0.6707
1184 1194 0.4346
1184 1195 0.4462
1184 1197 0.4565
1184 1198 0.4868
1184 1199 0.4890
1184 1201 0.4346
1184 1202 0.4489
1184 1204 0.3681
1184 1205 0.5088
1184 1206 0.4315
1184 1207 0.3772
1184 1208 0.3980
1184 1209 0.3317
1184 1210 0.4492
1184 1211 0.4346
1184 1212 0.4777
1184 1215 0.3317
1184 1217 0.5022
1184 1219 0.3386
1184 1220 0.3681
1184 1221 0.3681
1184 1223 0.3405
1184 1225 0.7324
1184 1226 0.4346
1184 1230 0.3681
1184 1232 0.4565
1184 1233 0.6067
1184 1235 0.4346
1184 1236 0.3317
1184 1237 0.3432
1184 1240 0.4565
1184 1241 0.4510
1184 1242 0.4899
1184 1244 0.4565
1184 1248 0.3505
1184 1250 0.4565
1184 1252 0.4890
1184 1254 0.4599
1184 1256 0.4029
1184 1257 0.3317
1184 1258 0.5498
1184 1259 0.4238
1184 1260 0.7698
1184 1262 0.5373
1184 1263 0.3681
1184 1265 0.7344
1184 1267 0.4346
1184 1269 0.5884
1184 1270 0.5007
1184 1271 0.4393
1184 1272 0.5498
1184 1273 0.4526
1184 1275 0.5747
1184 1276 0.4526
1184 1279 0.5243
1184 1280 0.5505
1184 1282 0.6144
1184 1284 0.4565
1184 1286 0.4165
1184 1287 0.4899
1184 1288 0.3671
1184 1289 0.6291
1184 1291 0.3435
1184 1292 0.9270
1184 1293 0.5498
1184 1295 0.3317
1184 1299 0.3432
1184 1300 0.3728
1184 1301 0.3317
1184 1303 0.7486
1184 1304 0.4868
1184 1305 0.6574
1184 1307 0.4857
1184 1309 0.3681
